Crime ID,Month,Reported by,Falls within,Longitude,Latitude,Location,LSOA code,LSOA name,Outcome type
22735e49988d2b3094bd5aa548b963e8339050f18635a4bbbd3553f33861ad31,2014-10,Northumbria Police,Northumbria Police,-1.578619,55.007291,On or near Petrol Station,E01008320,Newcastle upon Tyne 007C,Investigation complete; no suspect identified
b61be58ef2f442d88939accfb4477facbf309b4a0e1524520cbf4a817024e623,2014-10,Northumbria Police,Northumbria Police,-1.511916,54.981808,On or near WALSH AVENUE,E01008639,South Tyneside 009A,Investigation complete; no suspect identified
d7729263a0984e551513db9f808360a46ab40382c9301582df80aaf7aafc18b4,2014-10,Northumbria Police,Northumbria Police,-1.592100,54.926784,On or near OAKWOOD AVENUE,E01008192,Gateshead 023D,Suspect charged
d7729263a0984e551513db9f808360a46ab40382c9301582df80aaf7aafc18b4,2014-10,Northumbria Police,Northumbria Police,-1.592100,54.926784,On or near OAKWOOD AVENUE,E01008192,Gateshead 023D,Suspect charged
d7729263a0984e551513db9f808360a46ab40382c9301582df80aaf7aafc18b4,2014-10,Northumbria Police,Northumbria Police,-1.592100,54.926784,On or near OAKWOOD AVENUE,E01008192,Gateshead 023D,Suspect charged
d7729263a0984e551513db9f808360a46ab40382c9301582df80aaf7aafc18b4,2014-10,Northumbria Police,Northumbria Police,-1.592100,54.926784,On or near OAKWOOD AVENUE,E01008192,Gateshead 023D,Suspect charged
d7729263a0984e551513db9f808360a46ab40382c9301582df80aaf7aafc18b4,2014-10,Northumbria Police,Northumbria Police,-1.592100,54.926784,On or near OAKWOOD AVENUE,E01008192,Gateshead 023D,Suspect charged
d7729263a0984e551513db9f808360a46ab40382c9301582df80aaf7aafc18b4,2014-10,Northumbria Police,Northumbria Police,-1.592100,54.926784,On or near OAKWOOD AVENUE,E01008192,Gateshead 023D,Suspect charged
d7729263a0984e551513db9f808360a46ab40382c9301582df80aaf7aafc18b4,2014-10,Northumbria Police,Northumbria Police,-1.592100,54.926784,On or near OAKWOOD AVENUE,E01008192,Gateshead 023D,Suspect charged
d7729263a0984e551513db9f808360a46ab40382c9301582df80aaf7aafc18b4,2014-10,Northumbria Police,Northumbria Police,-1.592100,54.926784,On or near OAKWOOD AVENUE,E01008192,Gateshead 023D,Suspect charged
d7729263a0984e551513db9f808360a46ab40382c9301582df80aaf7aafc18b4,2014-10,Northumbria Police,Northumbria Police,-1.592100,54.926784,On or near OAKWOOD AVENUE,E01008192,Gateshead 023D,Suspect charged
2d6d6582c45cf2c9d3b469f938fc85f79416d342abfaaa31f9567646cabf3299,2014-10,Northumbria Police,Northumbria Police,-2.018896,55.546929,On or near Parking Area,E01027390,Northumberland 003F,Offender given a caution
2d6d6582c45cf2c9d3b469f938fc85f79416d342abfaaa31f9567646cabf3299,2014-10,Northumbria Police,Northumbria Police,-2.018896,55.546929,On or near Parking Area,E01027390,Northumberland 003F,Offender given a caution
713c8a6ce91a179cd2cb7beb1bf432c23377dfb96c3afe1c4c7e051a0b793d5a,2014-10,Northumbria Police,Northumbria Police,-1.444920,55.008597,On or near Parking Area,E01008524,North Tyneside 022B,Suspect charged
ec4421715d312640f363e060cd52dd580444e807e60d5629cef2e38de5115e34,2014-10,Northumbria Police,Northumbria Police,-1.519803,55.124810,On or near RAILWAY TERRACE,E01027423,Northumberland 024C,Investigation complete; no suspect identified
378161c0e8b9e5f07c22c364294ae2d678fa02e8a197b200b71b23e9493b0474,2014-10,Northumbria Police,Northumbria Police,-1.440383,54.984035,On or near GOMPERTZ GARDENS,E01008665,South Tyneside 002B,Investigation complete; no suspect identified
378161c0e8b9e5f07c22c364294ae2d678fa02e8a197b200b71b23e9493b0474,2014-10,Northumbria Police,Northumbria Police,-1.440383,54.984035,On or near GOMPERTZ GARDENS,E01008665,South Tyneside 002B,Investigation complete; no suspect identified
d61fbfee5651e9b5741d00809ea6d61f766d0b1e1558769b7067f2933e3678c3,2014-10,Northumbria Police,Northumbria Police,-1.619903,55.013187,On or near Supermarket,E01008358,Newcastle upon Tyne 002E,Suspect charged
d61fbfee5651e9b5741d00809ea6d61f766d0b1e1558769b7067f2933e3678c3,2014-10,Northumbria Police,Northumbria Police,-1.619903,55.013187,On or near Supermarket,E01008358,Newcastle upon Tyne 002E,Suspect charged
149d1777c541453d0c05de3f2a5420146a466bd634469a5a22750a6cd868afd1,2014-10,Northumbria Police,Northumbria Police,-1.380886,54.913419,On or near DUNDAS STREET,E01008791,Sunderland 006F,Suspect charged
b91b30e2daa42c8be639276bf5ab7f828d3065d8b44ed88f18d4427a252e4577,2014-10,Northumbria Police,Northumbria Police,-1.380886,54.913419,On or near DUNDAS STREET,E01008791,Sunderland 006F,Suspect charged
dda302384910aaa59c1b3e52fbb65f4df2946a7f2d2aaf5e32368dbef8590a52,2014-10,Northumbria Police,Northumbria Police,-1.476911,55.010994,On or near REDESDALE GROVE,E01008492,North Tyneside 023E,Suspect charged
0991627c18a492763bd450a86a3b94c5746e7a929b5a813220f89ea159458870,2014-10,Northumbria Police,Northumbria Police,-1.534379,54.990406,On or near FRANK STREET,E01008575,North Tyneside 030E,Offender given a drugs possession warning
078b67a11cd1152c85ef310f07a74d3278d97ffa46dbdacee2b7d75c9f528fdb,2014-10,Northumbria Police,Northumbria Police,-1.506260,55.031453,On or near KIRKLEY ROAD,E01008569,North Tyneside 011C,Suspect charged
239c0b286bb969e1d3e2f4e00cad7538395fd4aa9c0a44319c4995a25f249db9,2014-10,Northumbria Police,Northumbria Police,-1.506260,55.031453,On or near KIRKLEY ROAD,E01008569,North Tyneside 011C,Suspect charged
644f7f5af99e4f2eb2374c3ef21866abcdaaa414f51e0d26b03797d016b1c16d,2014-10,Northumbria Police,Northumbria Police,-1.403639,54.885324,On or near NURSERY CLOSE,E01008782,Sunderland 022C,Offender given a caution
6cd2eb738bdabd82dd6c28b4ebacf461cd4dd13ff28aabbe7411adf143e91616,2014-10,Northumbria Police,Northumbria Police,-1.507448,54.915264,On or near MARLBOROUGH ROAD,E01008854,Sunderland 009B,Suspect charged
c8740a7bc4079259d7f1c76372259479b05a9d155c12f6903d538981203641ec,2014-10,Northumbria Police,Northumbria Police,-1.507448,54.915264,On or near MARLBOROUGH ROAD,E01008854,Sunderland 009B,Suspect charged
c8740a7bc4079259d7f1c76372259479b05a9d155c12f6903d538981203641ec,2014-10,Northumbria Police,Northumbria Police,-1.507448,54.915264,On or near MARLBOROUGH ROAD,E01008854,Sunderland 009B,Investigation complete; no suspect identified
06f5442e5e06af2328643435e25ce0fc890e0e882a14e9e06d41100aff25cd5a,2014-10,Northumbria Police,Northumbria Police,-1.702907,54.979306,On or near NORFOLK WAY,E01008387,Newcastle upon Tyne 021G,Investigation complete; no suspect identified
b082f2187b01fbc14cd1b5ebd2f972f30dbcbaf6e7ef8c89144018972c49bc1b,2014-10,Northumbria Police,Northumbria Police,-1.711622,54.964446,On or near Supermarket,E01008177,Gateshead 005A,Offender given a caution
0ccb55f8c7c0df4ea8eca900c58bfd04e649df722eaee75374cc063c8446e980,2014-10,Northumbria Police,Northumbria Police,-1.589411,55.013043,On or near GREYFRIARS LANE,E01008513,North Tyneside 019C,Suspect charged
88944bdcad87ecc271d87ad8cc98d10be947288eacf8a5119083b4e0eb4d5356,2014-10,Northumbria Police,Northumbria Police,-1.588216,55.013740,On or near BEAUMARIS COURT,E01032649,North Tyneside 019F,Suspect charged
5526e194cfc3327c4f2ced28fd4bee3443c38513d724a88cbd60c0c58da5d007,2014-10,Northumbria Police,Northumbria Police,-1.603262,54.978573,On or near BYRON STREET,E01008407,Newcastle upon Tyne 023B,Suspect charged
c70841c42ba901caa8d95ada3edbc79cc0b9365b087d7258a5f16ef0b14130fb,2014-10,Northumbria Police,Northumbria Police,-1.617134,54.972264,On or near NEWGATE STREET,E01033543,Newcastle upon Tyne 024G,Suspect charged
c70841c42ba901caa8d95ada3edbc79cc0b9365b087d7258a5f16ef0b14130fb,2014-10,Northumbria Police,Northumbria Police,-1.617134,54.972264,On or near NEWGATE STREET,E01033543,Newcastle upon Tyne 024G,Offender given penalty notice
3bef885342cfd26ee694a26682b35af3636ae535cf15185895186329b7c42ac5,2014-10,Northumbria Police,Northumbria Police,-1.512453,55.126991,On or near Parking Area,E01027415,Northumberland 023B,Suspect charged
2cf610140d857c5fb9eedf99dda970e760705c253178c976af2e9f301cd9fa4f,2014-10,Northumbria Police,Northumbria Police,-1.494669,54.865652,On or near WESTBOURNE DRIVE,E01008793,Sunderland 030A,Offender given a drugs possession warning
fcda691b903d98d1283dac6fb94da947f701f032bf2a5c43e792980126a88a31,2014-10,Northumbria Police,Northumbria Police,-1.621934,54.968460,On or near WESTMORLAND ROAD,E01033545,Newcastle upon Tyne 024H,Suspect charged
fcda691b903d98d1283dac6fb94da947f701f032bf2a5c43e792980126a88a31,2014-10,Northumbria Police,Northumbria Police,-1.621934,54.968460,On or near WESTMORLAND ROAD,E01033545,Newcastle upon Tyne 024H,Offender given a caution
2de92131369314a7f0543d1908f30ac4b5714079d70f2f4d31ce2881a7acc532,2014-10,Northumbria Police,Northumbria Police,-1.504164,54.967992,On or near HAUTMONT ROAD,E01008656,South Tyneside 015E,Suspect charged
51af83594d7aed5f54280cc13b123dcdd3705e4904ad049923b2e60b8f69c865,2014-10,Northumbria Police,Northumbria Police,-1.573651,54.970070,On or near KIRK STREET,E01008305,Newcastle upon Tyne 026D,Investigation complete; no suspect identified
51af83594d7aed5f54280cc13b123dcdd3705e4904ad049923b2e60b8f69c865,2014-10,Northumbria Police,Northumbria Police,-1.573651,54.970070,On or near KIRK STREET,E01008305,Newcastle upon Tyne 026D,Suspect charged
e90ca946dbd51eaa81f8836e7d94dda887a6f13cd337f948fa552153c7be0aab,2014-10,Northumbria Police,Northumbria Police,-1.616721,54.974644,On or near Shopping Area,E01008397,Newcastle upon Tyne 024C,Suspect charged
e90ca946dbd51eaa81f8836e7d94dda887a6f13cd337f948fa552153c7be0aab,2014-10,Northumbria Police,Northumbria Police,-1.616721,54.974644,On or near Shopping Area,E01008397,Newcastle upon Tyne 024C,Suspect charged
c0135bec69be29f5bae01c734c424bf9c7ab2cb54acd1a4b3e5263225c6a2f10,2014-10,Northumbria Police,Northumbria Police,-1.551853,55.174013,On or near SIMONBURN LANE,E01027533,Northumberland 013A,Suspect charged
73b59629b4e0138b0197d540d1e72049e88734ed4828633ed40c1de59dc99668,2014-10,Northumbria Police,Northumbria Police,-1.680021,54.953197,On or near MASEFIELD AVENUE,E01008262,Gateshead 009A,Offender given a caution
6e9db04ab08a3bfaf10fbedd7eeecdc2e5060f92f60d839983f6d5910078d077,2014-10,Northumbria Police,Northumbria Police,-1.455835,55.005016,On or near FINCHDALE CLOSE,E01008485,North Tyneside 023D,Investigation complete; no suspect identified
9a2394076dc46d8ad17ea74ed57a267933e27b19af019f38ab5a05465afff9ad,2014-10,Northumbria Police,Northumbria Police,-1.741897,54.919555,On or near TAYLOR AVENUE,E01008184,Gateshead 022A,Offender given a caution
a7573b3e1867a4f0a78aea42041fd6aa61720ddb9426774c4544e1dc6573066f,2014-10,Northumbria Police,Northumbria Police,-1.574861,54.883545,On or near DORSET AVENUE,E01008173,Gateshead 026B,Offender given a caution
03e31013d4ff0f84f90d31bbc788b1d03c0e222e86a7d4b4a7355188a405a0e1,2014-10,Northumbria Police,Northumbria Police,-1.741897,54.919555,On or near TAYLOR AVENUE,E01008184,Gateshead 022A,Suspect charged
44f89ad1be815c63b43443e27bb83ef8b5a5d0a0ac20bb0dd2124bb3e7bdc987,2014-10,Northumbria Police,Northumbria Police,-1.503557,54.905669,On or near BARMSTON WAY,E01008855,Sunderland 007A,Offender given a caution
ea3a0098c6065765297998556357f721a358479e63bca31e71e7cd8ed755b061,2014-10,Northumbria Police,Northumbria Police,-1.659222,55.018003,On or near BROMLEY COURT,E01008313,Newcastle upon Tyne 001G,Offender given a caution
b4108152072513367a692ff8aa182d39f883f641667d603b315ddb4548cc24f2,2014-10,Northumbria Police,Northumbria Police,-1.527523,54.899429,On or near NEWSTEAD COURT,E01008849,Sunderland 019D,Suspect charged
64bc0a901ccba6f28fb07c4cbc772ab9f2d31b572bb4efa2de355b0c0f4eaac3,2014-10,Northumbria Police,Northumbria Police,-1.575149,54.948005,On or near FALLA PARK CRESCENT,E01008212,Gateshead 012A,Suspect charged
410f3572adea3eeb46ee306a19de07922c3217d68fd4b9d6cf297e06fdbb5f04,2014-10,Northumbria Police,Northumbria Police,-1.572711,54.883412,On or near Sports/Recreation Area,E01008173,Gateshead 026B,Offender given a caution
ce36a89e3145194c2bf45bb751f43d0655477918e6b18a4040c96edc3286ca35,2014-10,Northumbria Police,Northumbria Police,-1.367788,54.874233,On or near RIDLEY AVENUE,E01008764,Sunderland 028B,Suspect charged
de8e1266395c59ec981b12b0b762e050cac29327d1a0e0c105fbc291fa036a04,2014-10,Northumbria Police,Northumbria Police,-1.506190,55.124935,On or near COBURG STREET,E01027414,Northumberland 023A,Suspect charged
f80420512c643635b3e99258ffc1f7106b8571bf3a86463f755a1b2fa89921b8,2014-10,Northumbria Police,Northumbria Police,-1.398826,54.899742,On or near BEACHCROSS ROAD,E01008832,Sunderland 018C,Offender given penalty notice
9a6e104a467b083781bbfa10869ce2ed9b7cb3c7ac6d2c7fb5cc3c799d2a81a2,2014-10,Northumbria Police,Northumbria Police,-1.435485,54.918825,On or near DENE ROAD,E01008693,Sunderland 008A,Suspect charged
9a6e104a467b083781bbfa10869ce2ed9b7cb3c7ac6d2c7fb5cc3c799d2a81a2,2014-10,Northumbria Police,Northumbria Police,-1.435485,54.918825,On or near DENE ROAD,E01008693,Sunderland 008A,Suspect charged
c83f9f3a6448e0ae58f63ae170ba54e1cab26bcf8065bc627331214cbb5678c1,2014-10,Northumbria Police,Northumbria Police,-1.613110,54.952077,On or near BRIGHTON ROAD,E01008171,Gateshead 008D,Offender given a drugs possession warning
8c41b961262771a089a1da1fba7b38a5a9c16c71f2aa7a33890ade42dceadf65,2014-10,Northumbria Police,Northumbria Police,-1.604153,54.962643,On or near Shopping Area,E01008168,Gateshead 027D,Suspect charged
cb5381c12cb7252119a51cd7b4f02cd2467d751b43c7f360acf9190daec2eff6,2014-10,Northumbria Police,Northumbria Police,-1.617134,54.972264,On or near NEWGATE STREET,E01033543,Newcastle upon Tyne 024G,Suspect charged
27c3ff8169ec948ce94ad6744f69969a16021d15231c7cd1e1950a6efedad9bd,2014-10,Northumbria Police,Northumbria Police,-1.639157,54.967398,On or near BEECH GROVE ROAD,E01008437,Newcastle upon Tyne 029F,Suspect charged
6d0ed46f81d7682e63749085f1d8cd79fa2911fd65bcf9dbccdb3982cd3921c1,2014-10,Northumbria Police,Northumbria Police,-1.612740,54.974308,On or near Shopping Area,E01008397,Newcastle upon Tyne 024C,Offender given a caution
539e680d751f6becc4cebc577194ac7531597de6bc248b6c31d82c4fbe499fe7,2014-10,Northumbria Police,Northumbria Police,-1.629670,54.976562,On or near JEFFERSON PLACE,E01008395,Newcastle upon Tyne 024B,Suspect charged
e48df6b2ee4144564a1c13aa5e7d56384d57d4602bde20cb1c1e1ef99eaf455e,2014-10,Northumbria Police,Northumbria Police,-1.629670,54.976562,On or near JEFFERSON PLACE,E01008395,Newcastle upon Tyne 024B,Suspect charged
a89def66f72805aa2fe4223e7ea317ab77dd4fb1f39383fd78cee6c4fd66429b,2014-10,Northumbria Police,Northumbria Police,-1.615856,54.948994,On or near TREVETHICK STREET,E01008254,Gateshead 010D,Investigation complete; no suspect identified
7ed8b0936c0c0bdd14b17c5683bcf1b8124fbe46a42621d99147d8ad7f1ae409,2014-10,Northumbria Police,Northumbria Police,-1.581265,54.957354,On or near ELLIOT ROAD,E01008214,Gateshead 003A,Offender given a caution
a46f6a146d3adb8a0931a15a5624d8bc7423ec1956a3c16eb89d90a24f2db270,2014-10,Northumbria Police,Northumbria Police,-1.583289,54.974543,On or near DALTON STREET,E01008304,Newcastle upon Tyne 026C,Investigation complete; no suspect identified
2222224ae214ca7c2c6a99eb204430fad575df92b9e1783e29c5f0a370618cb3,2014-10,Northumbria Police,Northumbria Police,-1.938534,55.686052,On or near Parking Area,E01027380,Northumberland 002C,Offender given penalty notice
7e7a601e82f995eb82d30ac4a7035ccac4866780dd83ea740f41f9649be8f49b,2014-10,Northumbria Police,Northumbria Police,-1.382352,54.914424,On or near NORTH BRIDGE STREET,E01008791,Sunderland 006F,Suspect charged
6dc5e0fd028887988fa8cb11942469f8d1fcdf8137325d184461a090dce3d46e,2014-10,Northumbria Police,Northumbria Police,-1.385155,54.906557,On or near Supermarket,E01008703,Sunderland 013B,Suspect charged
16a128a321b2b31d039502be234df4987df3f2f1e0ec576cef3b871ccd0cf709,2014-10,Northumbria Police,Northumbria Police,-1.385155,54.906557,On or near Supermarket,E01008703,Sunderland 013B,Offender given a caution
eae94b05278be319b7b34de01e9665cce58d4922bc2a25d25fc3bbc76563de0a,2014-10,Northumbria Police,Northumbria Police,-1.452119,54.993209,On or near Ferry Terminal,E01008539,North Tyneside 027A,Offender given a drugs possession warning
09992e3c9a8e5bc96c619393f715859e214f92f558dc4ff840f4e07f69521cc6,2014-10,Northumbria Police,Northumbria Police,-1.622943,54.924097,On or near Shopping Area,E01008226,Gateshead 025D,Offender given a caution
3b0c2beda28a3e41299e4500077c0d98f3494db64dd25e2de11658157be79611,2014-10,Northumbria Police,Northumbria Police,-1.585924,54.952347,On or near MEDWAY CRESCENT,E01008165,Gateshead 011A,Suspect charged
75312d1cf8ca5ac147e9ab834b08214a9faf75507fa6f763abdaee822e133428,2014-10,Northumbria Police,Northumbria Police,-1.585924,54.952347,On or near MEDWAY CRESCENT,E01008165,Gateshead 011A,Suspect charged
bf3d233b3740279ea74005df39427aaa8890f64a6688eb35144d8895c3dda85e,2014-10,Northumbria Police,Northumbria Police,-1.576786,54.955622,On or near PENSHER STREET EAST,E01008214,Gateshead 003A,Offender given a drugs possession warning
5c16ad00325775b671fa1ef64fb6a630b517ecd8575891c47602dba330608c2e,2014-10,Northumbria Police,Northumbria Police,-1.585924,54.952347,On or near MEDWAY CRESCENT,E01008165,Gateshead 011A,Suspect charged
c499b83fdbef8ac89916505abf77307bbfdd38092bb8bcbddf28b2223f56dd62,2014-10,Northumbria Police,Northumbria Police,-1.617134,54.972264,On or near NEWGATE STREET,E01033543,Newcastle upon Tyne 024G,Suspect charged
dd0bace5887cd15756a2e8f95c48486b3e65b9987048003869e152c364ddfb04,2014-10,Northumbria Police,Northumbria Police,-1.696031,54.995923,On or near BRUCE CLOSE,E01008324,Newcastle upon Tyne 015A,Investigation complete; no suspect identified
3dfea9b2f52988aab78f76cdbd770b62d23e2954fc060322ae0abfc35fbbc4fc,2014-10,Northumbria Police,Northumbria Police,-1.472899,55.021230,On or near WHITEHOUSE LANE,E01008489,North Tyneside 015B,Investigation complete; no suspect identified
9977a4d6d2c3e82648750cc5440645d3cdbcb255675720228a6208e07af97be8,2014-10,Northumbria Police,Northumbria Police,-1.503952,55.010586,On or near MIDDLE ENGINE LANE,E01008468,North Tyneside 021D,Suspect charged
538926b52f437d855f620f5b6ed3531882d78ba0a09ed5e661b68b5fcb6cde86,2014-10,Northumbria Police,Northumbria Police,-1.503952,55.010586,On or near MIDDLE ENGINE LANE,E01008468,North Tyneside 021D,Suspect charged
2cea4fbe48fc12479de9e8df1d7a29350351ed692f92a75dd9e8cea6c877ad72,2014-10,Northumbria Police,Northumbria Police,-1.444449,55.009862,On or near Parking Area,E01008524,North Tyneside 022B,Suspect charged
8663cf49d0d32f7646e89069f070fe1b7464db8000cc41dd608d22b7a7307ee9,2014-10,Northumbria Police,Northumbria Police,-1.444449,55.009862,On or near Parking Area,E01008524,North Tyneside 022B,Suspect charged
8663cf49d0d32f7646e89069f070fe1b7464db8000cc41dd608d22b7a7307ee9,2014-10,Northumbria Police,Northumbria Police,-1.444449,55.009862,On or near Parking Area,E01008524,North Tyneside 022B,Suspect charged
38d905d8edd7a392b386e6b7fd10a90fdb01a7dda930c571bf1375bccba389d5,2014-10,Northumbria Police,Northumbria Police,-1.418067,54.886850,On or near POLMUIR SQUARE,E01008828,Sunderland 023F,Suspect charged
08cd6b48295280b5350069790d8d84ae7e2278b4e0e4fe640f7e161d5e5c8a7a,2014-10,Northumbria Police,Northumbria Police,-1.466071,55.004162,On or near AVON AVENUE,E01008482,North Tyneside 023B,Investigation complete; no suspect identified
13b3b6aa3c2b51426a526d664b69efe3da75402d5696ccfa34be55d143b3eeec,2014-10,Northumbria Police,Northumbria Police,-1.432302,54.986423,On or near BEAUFRONT TERRACE,E01008664,South Tyneside 002A,Suspect charged
227f5884b6e28da9af5d216bb0f5a8df7d9f0d2cd043f6b6a680f45d910670a0,2014-10,Northumbria Police,Northumbria Police,-1.726693,54.948503,On or near STEPHENSON WAY,E01008276,Gateshead 005D,Investigation complete; no suspect identified
b811c2c0cd7e00963fe99f316d97605cde4506aadf867316ee8124cab7e28d93,2014-10,Northumbria Police,Northumbria Police,-1.620650,54.970433,On or near Theatre/Concert Hall,E01033554,Newcastle upon Tyne 024I,Suspect charged
0ecb513661f31e21ec5b0c3c2fbabdad0647891392d91c91f69c8d173b5bc221,2014-10,Northumbria Police,Northumbria Police,-1.502742,54.998423,On or near GILSLAND AVENUE,E01008511,North Tyneside 028A,Suspect charged
0ecb513661f31e21ec5b0c3c2fbabdad0647891392d91c91f69c8d173b5bc221,2014-10,Northumbria Police,Northumbria Police,-1.502742,54.998423,On or near GILSLAND AVENUE,E01008511,North Tyneside 028A,Suspect charged
0943bf96b1b4fbf986a0045c27207a905f0007373e942ac171dab8ed511cdadb,2014-10,Northumbria Police,Northumbria Police,-1.434569,54.927367,On or near RISHTON SQUARE,E01008839,Sunderland 003D,Suspect charged
0943bf96b1b4fbf986a0045c27207a905f0007373e942ac171dab8ed511cdadb,2014-10,Northumbria Police,Northumbria Police,-1.434569,54.927367,On or near RISHTON SQUARE,E01008839,Sunderland 003D,Suspect charged
0e8b21b7b6a94141a65ab74f9eb50a0507f1b48e362b402c03f71966c22a7427,2014-10,Northumbria Police,Northumbria Police,-1.427405,54.957195,On or near RENOIR GARDENS,E01008690,South Tyneside 019C,Suspect charged
12b40b6128ca59eb4ba5b7d88b2c2d70138d56bd10119e2555f58c2bc5ec00c5,2014-10,Northumbria Police,Northumbria Police,-1.612134,54.977199,On or near RIDLEY PLACE,E01008397,Newcastle upon Tyne 024C,Investigation complete; no suspect identified
10f49b5532aad6d2c72726483b9dedf90d55f493caecc9c080796a3c6f0bcf48,2014-10,Northumbria Police,Northumbria Police,-1.543031,55.066687,On or near TRINITY GROVE,E01027436,Northumberland 032E,Investigation complete; no suspect identified
bf4ac08de84d7c3aa4c4d28d85120d8f47423d39472d5a5ec0087c9e9ec97a46,2014-10,Northumbria Police,Northumbria Police,-1.622943,54.924097,On or near Shopping Area,E01008226,Gateshead 025D,Suspect charged as part of another case
5b0343bdd5c951571ba72aef0aa2dbab89cb60ceaf8fa20c3e6c0f9aa54dba67,2014-10,Northumbria Police,Northumbria Police,-1.553026,54.946605,On or near ST CUTHBERT'S DRIVE,E01008242,Gateshead 015D,Suspect charged
4d489f062cabe3791fe09ce667d018014b3a05b8158c753a78bda7f0a195c8ea,2014-10,Northumbria Police,Northumbria Police,-1.617120,54.978617,On or near EDWARD'S WALK,E01008397,Newcastle upon Tyne 024C,Investigation complete; no suspect identified
15b798aeefcdf08512f3058f84d4997f7a28bf8a9ad22247d5655eb3e78bc1a0,2014-10,Northumbria Police,Northumbria Police,-1.377902,54.917789,On or near GLADSTONE STREET,E01008787,Sunderland 006B,Offender given a caution
4fe355367c924ee6363a3d670514d7c49de1d31db298768ca6fc08abc6c14c78,2014-10,Northumbria Police,Northumbria Police,-1.645786,54.972018,On or near DUNHOLME ROAD,E01008333,Newcastle upon Tyne 029C,Investigation complete; no suspect identified
4464c7bfb3a41aefe2dd7301739fdedeba61017762552f7413bece4dbed314b4,2014-10,Northumbria Police,Northumbria Police,-1.586985,54.976757,On or near Petrol Station,E01008304,Newcastle upon Tyne 026C,Suspect charged
514097c463d5475976ac8b1c4914abf15effde52720e7d48491d73d717c0cb90,2014-10,Northumbria Police,Northumbria Police,-1.749677,54.993250,On or near EVERSLEIGH PLACE,E01008401,Newcastle upon Tyne 014B,Suspect charged
514097c463d5475976ac8b1c4914abf15effde52720e7d48491d73d717c0cb90,2014-10,Northumbria Police,Northumbria Police,-1.749677,54.993250,On or near EVERSLEIGH PLACE,E01008401,Newcastle upon Tyne 014B,Suspect charged
e5177d4da3e33331ac218ec5e5238a10290c2f2a217903d854bf004743e68e16,2014-10,Northumbria Police,Northumbria Police,-1.564592,54.972842,On or near NEWBOLD STREET,E01008388,Newcastle upon Tyne 028A,Offender given a caution
279555e1cd7b01eaeb1c87f415e0803ed621b24b62f83bc1f89de6cd72476ce1,2014-10,Northumbria Police,Northumbria Police,-1.586985,54.976757,On or near Petrol Station,E01008304,Newcastle upon Tyne 026C,Suspect charged
279555e1cd7b01eaeb1c87f415e0803ed621b24b62f83bc1f89de6cd72476ce1,2014-10,Northumbria Police,Northumbria Police,-1.586985,54.976757,On or near Petrol Station,E01008304,Newcastle upon Tyne 026C,Suspect charged
a814316ef537f42d24dd3a3191b42013e5773508d1b1383602d8fbafd4088c5d,2014-10,Northumbria Police,Northumbria Police,-1.694852,54.986511,On or near LANGLEY ROAD,E01008330,Newcastle upon Tyne 015G,Investigation complete; no suspect identified
5ddcfbd13c70bb45f7dab7b56466cb29331f19c903016246b36eb21577671f2f,2014-10,Northumbria Police,Northumbria Police,-1.680007,55.000249,On or near Police Station,E01008298,Newcastle upon Tyne 011C,Suspect charged
e6997ccf2133d390e456692e88bc797ba29cbb8d9e8bbfc03e488fb0da24804f,2014-10,Northumbria Police,Northumbria Police,-1.584449,55.333736,On or near NORTH STREET,E01027361,Northumberland 006A,Suspect charged
d4e0c75c9b6dfc3487afa9f7cf3bdaa93587b7a5a55e7a3ed8494ecb7097cdf7,2014-10,Northumbria Police,Northumbria Police,-1.577186,55.334879,On or near NEWBURGH STREET,E01027361,Northumberland 006A,Suspect charged
f2bd75796c4f31f8635a28bc49b18c1f845cc84ad523cfe365ef15dd6bbb4076,2014-10,Northumbria Police,Northumbria Police,-1.650292,54.971186,On or near CLOVELLY AVENUE,E01008335,Newcastle upon Tyne 029E,Suspect charged
e8697fee62799944bcf2c35e2b4fc22c02e8a26cbc103a56f84abc7d3009cad4,2014-10,Northumbria Police,Northumbria Police,-1.630380,54.972359,On or near TINDAL STREET,E01008398,Newcastle upon Tyne 022C,Suspect charged
e8697fee62799944bcf2c35e2b4fc22c02e8a26cbc103a56f84abc7d3009cad4,2014-10,Northumbria Police,Northumbria Police,-1.630380,54.972359,On or near TINDAL STREET,E01008398,Newcastle upon Tyne 022C,Suspect charged
7493004ea65537292d23298bd6f91c2ffeb9bb45842b5a362b5cff4494027211,2014-10,Northumbria Police,Northumbria Police,-1.646486,54.977708,On or near WINGROVE AVENUE,E01008449,Newcastle upon Tyne 022D,Suspect charged
ca4bfa3978bdc034ab7bb2058fab17b5bee4e65189d1ce10bd23b2d9acfc12c5,2014-10,Northumbria Police,Northumbria Police,-1.647486,54.979455,On or near WINGROVE ROAD,E01008453,Newcastle upon Tyne 022E,Suspect charged
8c88fd44815d3af1e6c04ec41e83742f007df12a4cbd7314d1d79491d994dc5b,2014-10,Northumbria Police,Northumbria Police,-1.665793,55.012072,On or near Shopping Area,E01008295,Newcastle upon Tyne 008A,Suspect charged
0249dc6fe523c8fbe51a40f30294e78b3784a62a951438170e71867d4d26b536,2014-10,Northumbria Police,Northumbria Police,-1.576639,54.971123,On or near Parking Area,E01008305,Newcastle upon Tyne 026D,Suspect charged
f3fbb8a61c7da220312ee69dcc3bec86da1bf363c457c7e12d33908b1af99271,2014-10,Northumbria Police,Northumbria Police,-1.617415,54.965633,On or near COOKSON'S LANE,E01033545,Newcastle upon Tyne 024H,Suspect charged
21b5d93f07940ad4b5c7a82d9983b543865967c9a9004873c2b0839fd1ff1581,2014-10,Northumbria Police,Northumbria Police,-1.412945,54.971082,On or near FERNDALE,E01033074,South Tyneside 013E,Suspect charged
d09f0b5b35e1ce267e800a1bc5977b1505d1d54995088aecba27baacd89a66b0,2014-10,Northumbria Police,Northumbria Police,-1.433693,54.978612,On or near WEST WAY,E01008591,South Tyneside 011B,Offender given a caution
7c1fc45cecdc6b270ceb7aa8267908cd95877fc4f3e9b1622a6ac55f6a3a19c0,2014-10,Northumbria Police,Northumbria Police,-1.510696,55.128314,On or near REGENT STREET,E01027415,Northumberland 023B,Suspect charged
e36acaa269b3e263bf72c9798ea4865c8ea670a5a8e4edf05cccc17c91b46eb8,2014-10,Northumbria Police,Northumbria Police,-1.646526,54.967815,On or near CHESTERFIELD ROAD,E01008437,Newcastle upon Tyne 029F,Suspect charged
8b203b2af361c7b2ed8ddb2acb0373153da535b7185ea26c7e583f88cd059257,2014-10,Northumbria Police,Northumbria Police,-1.847266,54.956811,On or near ORCHARD CLOSE,E01027499,Northumberland 038C,Offender given a caution
d14a536ac39a7f2545837aaae834077a0acce6329ef8a700713fa065e94e7eae,2014-10,Northumbria Police,Northumbria Police,-1.619903,55.013187,On or near Supermarket,E01008358,Newcastle upon Tyne 002E,Investigation complete; no suspect identified
d14a536ac39a7f2545837aaae834077a0acce6329ef8a700713fa065e94e7eae,2014-10,Northumbria Police,Northumbria Police,-1.619903,55.013187,On or near Supermarket,E01008358,Newcastle upon Tyne 002E,Offender given penalty notice
69f0825ce7fd861aeab28134fcaaf301724d758418962c68978f3b5fb4f0fd35,2014-10,Northumbria Police,Northumbria Police,-1.617415,54.965633,On or near COOKSON'S LANE,E01033545,Newcastle upon Tyne 024H,Offender given a caution
f17b3210d2760f3747314fa328c23f469b211764589ad6692b32b8734b6c320f,2014-10,Northumbria Police,Northumbria Police,-1.615061,54.975034,On or near Shopping Area,E01008397,Newcastle upon Tyne 024C,Suspect charged
67ee7a0cbfb93e193441c36764827bef8f07a5429d0f5357de7f32c3ddff7140,2014-10,Northumbria Police,Northumbria Police,-1.445564,55.007243,On or near LITTLE BEDFORD STREET,E01008524,North Tyneside 022B,Suspect charged
67ee7a0cbfb93e193441c36764827bef8f07a5429d0f5357de7f32c3ddff7140,2014-10,Northumbria Police,Northumbria Police,-1.445564,55.007243,On or near LITTLE BEDFORD STREET,E01008524,North Tyneside 022B,Suspect charged
a1550b43401fdf0009957be206b4fc0e8a2e35b104fc3ca7a5dfab01688e7820,2014-10,Northumbria Police,Northumbria Police,-1.615365,54.971045,On or near GRAINGER STREET,E01033543,Newcastle upon Tyne 024G,Investigation complete; no suspect identified
903f3cc29afcfae260b64e4cbf493ccc02aea88a748cc41c4cde7e3e8bcd367d,2014-10,Northumbria Police,Northumbria Police,-1.547817,54.985146,On or near WESTBURY AVENUE,E01008435,Newcastle upon Tyne 020E,Suspect charged
f2e222f79b0cd802877f9250188375e6afbb728815d508085b3b8025fe356709,2014-10,Northumbria Police,Northumbria Police,-1.591407,55.012079,On or near WEST FARM AVENUE,E01032649,North Tyneside 019F,Suspect charged
1f54a9c60a4e91e0952a92f37b98c9e39189b83eb72a53e55ed6e2c4b357a192,2014-10,Northumbria Police,Northumbria Police,-1.433509,55.002820,On or near CAER URFA CLOSE,E01008599,South Tyneside 001E,Suspect charged
e1d57910af8c91306d477b3e151d90a0574ea01ea0984174b6934459c5270f62,2014-10,Northumbria Police,Northumbria Police,-1.535245,54.904545,On or near FELLSIDE COURT,E01008874,Sunderland 010B,Suspect charged
b440d566e6280f4097b95ad4a379dd511e5b938908e333694ad68edab44c7969,2014-10,Northumbria Police,Northumbria Police,-1.566925,55.036266,On or near Shopping Area,E01008479,North Tyneside 008D,Local resolution
4686558e4443939aebb56e700a5c98648160ed1f084910c48fa90ca767a56a49,2014-10,Northumbria Police,Northumbria Police,-1.615061,54.975034,On or near Shopping Area,E01008397,Newcastle upon Tyne 024C,Suspect charged
dba5b57451ea7dbf5d6b5cabc6c7e0c6dd995e8e6fc86a5b71a25537c354ea97,2014-10,Northumbria Police,Northumbria Police,-1.459828,55.036018,On or near ROKER AVENUE,E01008555,North Tyneside 009D,Offender given a caution
076c057f5916218c86535dd52f4a50bc09fda2cfed4ac3a43d61e9ef32141c4a,2014-10,Northumbria Police,Northumbria Police,-1.617297,54.971528,On or near CLAYTON STREET,E01033543,Newcastle upon Tyne 024G,Offender given a caution
4b8c66d561f2789ad30dc4bbc33711acf5c015e16838c2dbf328fa89bfd8fad0,2014-10,Northumbria Police,Northumbria Police,-1.668555,54.957641,On or near Shopping Area,E01008262,Gateshead 009A,Offender given a caution
a51a7a35bcdfee44e30ae76bdbba1a4c64ab34b8c2c5fd6b55b4863e5b5e270d,2014-10,Northumbria Police,Northumbria Police,-1.408980,54.909119,On or near TREBY STREET,E01008704,Sunderland 011B,Suspect charged
3b238447d870b86c75599fc80a47ad01ede5606ab2a832991de170f13bf7e4c4,2014-10,Northumbria Police,Northumbria Police,-1.536143,55.124720,On or near BRIERLEY ROAD,E01027392,Northumberland 022A,Suspect charged
23ee9f1baf3d3d430fc11ce123729b42a24380739e039befb9e3a074cf2d4d69,2014-10,Northumbria Police,Northumbria Police,-1.656873,54.976148,On or near WEST ROAD,E01008334,Newcastle upon Tyne 029D,Suspect charged
d9a548538b7da8e2fc45ed2b3e1d513ffe145490f223f27a89a28ce2843e45b4,2014-10,Northumbria Police,Northumbria Police,-1.656873,54.976148,On or near WEST ROAD,E01008334,Newcastle upon Tyne 029D,Suspect charged
f027799ff9e3c658f79acd8a642f850a7f6767a4fdf2218a756c10de1e475f75,2014-10,Northumbria Police,Northumbria Police,-1.551853,55.174013,On or near SIMONBURN LANE,E01027533,Northumberland 013A,Suspect charged
d52b052a3012abc5afb29cc426b7977055211f94d2ee911eba539d99044876c9,2014-10,Northumbria Police,Northumbria Police,-1.551853,55.174013,On or near SIMONBURN LANE,E01027533,Northumberland 013A,Suspect charged
aa2d6c3cbf43469f92ae2de460fcb2f7b33ff52a08c7f0f341579ac08e1a8096,2014-10,Northumbria Police,Northumbria Police,-1.560946,55.173741,On or near Supermarket,E01027532,Northumberland 014A,Suspect charged
0b2ccb2c55ce058191567199ddca9e735f39c3284f2a5b86478a1a9001cc125c,2014-10,Northumbria Police,Northumbria Police,-1.540265,54.978684,On or near WHARFEDALE PLACE,E01008430,Newcastle upon Tyne 020A,Suspect charged
f6620d78b5eb928c6e0d30a585fefca4f32f126feeafa5c73584d0fcf019cdd3,2014-10,Northumbria Police,Northumbria Police,-1.617415,54.965633,On or near COOKSON'S LANE,E01033545,Newcastle upon Tyne 024H,Suspect charged
c3565d33558579d789d33cb6145e4582ee0e61322316d29099ec7e18be635f8a,2014-10,Northumbria Police,Northumbria Police,-1.512453,55.126991,On or near Parking Area,E01027415,Northumberland 023B,Suspect charged
77e406e9caf7aac48cd729a99b2a60d7dfa4da211f5d94dced4204655b9f2642,2014-10,Northumbria Police,Northumbria Police,-1.540847,54.985147,On or near TUMULUS AVENUE,E01008436,Newcastle upon Tyne 020F,Suspect charged
77e406e9caf7aac48cd729a99b2a60d7dfa4da211f5d94dced4204655b9f2642,2014-10,Northumbria Police,Northumbria Police,-1.540847,54.985147,On or near TUMULUS AVENUE,E01008436,Newcastle upon Tyne 020F,Suspect charged
b3eebbe67481c7995dbd3a5022d7a236e981b1072477193736cca98da533bf0e,2014-10,Northumbria Police,Northumbria Police,-1.503952,55.010586,On or near MIDDLE ENGINE LANE,E01008468,North Tyneside 021D,Suspect charged
0982a0ec61095d728ad905545a02f9027b0b98d34db82a096870a55734ba34d7,2014-10,Northumbria Police,Northumbria Police,-1.515380,54.910776,On or near Bus/Coach Station,E01008853,Sunderland 009A,Suspect charged
6f13ca1e958a94f53916dbee5fdcafe48b61aae836a4578c16b6dddf80520a99,2014-10,Northumbria Police,Northumbria Police,-1.436003,54.868359,On or near WOODSIDE GROVE,E01008774,Sunderland 029B,Suspect charged
6542d9ded20fd3a07607696b575f4e7803369fbf310e34b8bd7571948573cc2c,2014-10,Northumbria Police,Northumbria Police,-1.582263,54.977128,On or near FLORA STREET,E01008303,Newcastle upon Tyne 018A,Suspect charged
39039ca11d02479d88a7d49bb212f2506ffb5c1eb9abbb80ddcb4796bd7655ee,2014-10,Northumbria Police,Northumbria Police,-1.568743,54.970377,On or near ALLENDALE ROAD,E01008302,Newcastle upon Tyne 026B,Suspect charged
136a217eebd874dd17d8f617bcc9a5dc11bb9172cbe4e127a52630114460bde4,2014-10,Northumbria Police,Northumbria Police,-2.010094,55.766088,On or near MAIN STREET,E01027387,Northumberland 001D,Suspect charged
136a217eebd874dd17d8f617bcc9a5dc11bb9172cbe4e127a52630114460bde4,2014-10,Northumbria Police,Northumbria Police,-2.010094,55.766088,On or near MAIN STREET,E01027387,Northumberland 001D,Suspect charged
136a217eebd874dd17d8f617bcc9a5dc11bb9172cbe4e127a52630114460bde4,2014-10,Northumbria Police,Northumbria Police,-2.010094,55.766088,On or near MAIN STREET,E01027387,Northumberland 001D,Suspect charged
e6439c6c84fbd11105086a49035dbae0c2e5cbebb89384831a50f6481b10c5fe,2014-10,Northumbria Police,Northumbria Police,-1.601834,54.963372,On or near ELLISON STREET,E01008166,Gateshead 027C,Suspect charged
31267f730fb3847450ca77a25b755e89f2661d124644888e6aff289491723f2b,2014-10,Northumbria Police,Northumbria Police,-1.586727,54.975984,On or near B1312,E01008304,Newcastle upon Tyne 026C,Investigation complete; no suspect identified
6795fa62d94a917938df1eee1e4605976d5f8e0e7474931e466f142202e1380b,2014-10,Northumbria Police,Northumbria Police,-1.617134,54.972264,On or near NEWGATE STREET,E01033543,Newcastle upon Tyne 024G,Offender given a caution
6795fa62d94a917938df1eee1e4605976d5f8e0e7474931e466f142202e1380b,2014-10,Northumbria Police,Northumbria Police,-1.617134,54.972264,On or near NEWGATE STREET,E01033543,Newcastle upon Tyne 024G,Offender given a caution
d4f7c6cd97a2d704e63bfa5168cc232f306ed7034a825f1174f903f24531834a,2014-10,Northumbria Police,Northumbria Police,-1.428664,55.023655,On or near PARKSIDE,E01008562,North Tyneside 016D,Suspect charged
5b616534e4e6833cca4f9a3f75809b68d2ef84f4887f5a843efe9f1b03529ef8,2014-10,Northumbria Police,Northumbria Police,-1.610407,54.973195,On or near Police Station,E01033543,Newcastle upon Tyne 024G,Suspect charged
5b616534e4e6833cca4f9a3f75809b68d2ef84f4887f5a843efe9f1b03529ef8,2014-10,Northumbria Police,Northumbria Police,-1.610407,54.973195,On or near Police Station,E01033543,Newcastle upon Tyne 024G,Suspect charged
d3aeee411cd86bf89e4c29d42c1e10c61a1d419c5f2c3352898a0dba2ba16a58,2014-10,Northumbria Police,Northumbria Police,-1.637015,54.965918,On or near Shopping Area,E01008437,Newcastle upon Tyne 029F,Suspect charged
454ede5d38cd6be7106ac20508eb0ceb9b688048229695d8fa1f80eac1192969,2014-10,Northumbria Police,Northumbria Police,-1.619988,54.972758,On or near Nightclub,E01033543,Newcastle upon Tyne 024G,Local resolution
94af483eeeda3c55404e34530fa6ab5e8856783e93b05c15beaee51b6d228b59,2014-10,Northumbria Police,Northumbria Police,-1.488555,54.980634,On or near Shopping Area,E01008600,South Tyneside 007A,Suspect charged
8de298a950dd4ffdc3e4cb5011e87a10d491711721045f1ed0f9da3d5b70b458,2014-10,Northumbria Police,Northumbria Police,-1.488555,54.980634,On or near Shopping Area,E01008600,South Tyneside 007A,Suspect charged
9ba65d70fe49bb357de9f2138c65a146abdb965e77dc8ca507361cfc9a948146,2014-10,Northumbria Police,Northumbria Police,-1.637254,55.015648,On or near CHATTON WYND,E01008336,Newcastle upon Tyne 003A,Suspect charged
e93b030e555cf8529dc50715b7b900e92aac1c412340b5baf77d24745a3ebb7a,2014-10,Northumbria Police,Northumbria Police,-1.612650,55.009632,On or near CAMBO CLOSE,E01008354,Newcastle upon Tyne 005B,Investigation complete; no suspect identified
0bdcd2edbc50ae863fab5b68db27d76f5919680f9c04fbe8eac05ad1801c4210,2014-10,Northumbria Police,Northumbria Police,-1.521677,55.118850,On or near EIGHTH AVENUE,E01027430,Northumberland 024E,Suspect charged
81944b7070f7f4168a98bf18878bed05243e17827d4397e5a420de5b480f4749,2014-10,Northumbria Police,Northumbria Police,-1.404576,54.900003,On or near GENERAL GRAHAM STREET,E01008832,Sunderland 018C,Suspect charged
868cb3bf253a1ea26db03b71c4b5526b54c71f54c78e1d916bcfaa0262810836,2014-10,Northumbria Police,Northumbria Police,-1.368993,54.940766,On or near SOUTH BENTS AVENUE,E01008723,Sunderland 002A,Investigation complete; no suspect identified
da1c6041801cc5c1b86daeab25b2148f7a9b7eae27d34410640b37eb7ba98652,2014-10,Northumbria Police,Northumbria Police,-1.463512,55.010882,On or near BILLY MILL AVENUE,E01008486,North Tyneside 020A,Suspect charged
ff12b62fc059d8fa403175963e3d309693b4c66ab30ec3fc85a95de06a57dbfa,2014-10,Northumbria Police,Northumbria Police,-1.668222,54.994367,On or near SUNNYWAY,E01008297,Newcastle upon Tyne 011B,Suspect charged
ff12b62fc059d8fa403175963e3d309693b4c66ab30ec3fc85a95de06a57dbfa,2014-10,Northumbria Police,Northumbria Police,-1.668222,54.994367,On or near SUNNYWAY,E01008297,Newcastle upon Tyne 011B,Suspect charged
aab7dc78e0aa0867b136764ce96643bc808091bf721a4816f908e35f17715f94,2014-10,Northumbria Police,Northumbria Police,-1.588457,54.919816,On or near WAVERLEY ROAD,E01008190,Gateshead 023B,Suspect charged
04e51eb59ab05ace2bb7510ec812f03b84a5eafbdf1b151bd2e7f4fbad958eb9,2014-10,Northumbria Police,Northumbria Police,-1.639157,54.967398,On or near BEECH GROVE ROAD,E01008437,Newcastle upon Tyne 029F,Offender given a drugs possession warning
7225ca2e0302757d551fd09d7ebf720a8ca83f8f2786eaf7ffeee6d18e8523fa,2014-10,Northumbria Police,Northumbria Police,-1.490776,54.980473,On or near Further/Higher Educational Building,E01008604,South Tyneside 007B,Suspect charged
a2cf99e642e40ccc83368d84306f36936a146386327aca4f6e6a0e2a9a9b65c1,2014-10,Northumbria Police,Northumbria Police,-1.381905,54.917126,On or near Shopping Area,E01008787,Sunderland 006B,Suspect charged
bef0023737ad1444f6ac59b79e6658979fe59807e1c13a8bd95efd8e83374242,2014-10,Northumbria Police,Northumbria Police,-1.623199,55.056906,On or near PATIENCE AVENUE,E01008582,North Tyneside 004E,Investigation complete; no suspect identified
2ca5ecfc3f6d2e32d0eafb7fcd6eae0b681b03e32c1b68631903c0b079a2fae9,2014-10,Northumbria Police,Northumbria Police,-1.488220,54.981199,On or near Supermarket,E01008604,South Tyneside 007B,Suspect charged
24abfb79ae503c93fd9184f587d8d50c088cf029f9bce1f404ae2140986ac1ac,2014-10,Northumbria Police,Northumbria Police,-1.490776,54.980473,On or near Further/Higher Educational Building,E01008604,South Tyneside 007B,Suspect charged
5dcc6c9b32f6abc76087d5a7dab587d86db42b9ffcc2005a0fcb4f3fa1c6b33e,2014-10,Northumbria Police,Northumbria Police,-1.532724,54.900087,On or near Supermarket,E01008848,Sunderland 019C,Suspect charged
5dcc6c9b32f6abc76087d5a7dab587d86db42b9ffcc2005a0fcb4f3fa1c6b33e,2014-10,Northumbria Police,Northumbria Police,-1.532724,54.900087,On or near Supermarket,E01008848,Sunderland 019C,Suspect charged
67554709d31afcdd13b3b007369f9f964099d7df96be8c3bec2920f40b759103,2014-10,Northumbria Police,Northumbria Police,-1.580074,54.977237,On or near SHIELDS ROAD,E01008303,Newcastle upon Tyne 018A,Offender given a caution
a2270604de769bb11208c30f648f174a39192802e06367b0979fbd0075024585,2014-10,Northumbria Police,Northumbria Police,-1.383910,54.904331,On or near HOLMESIDE,E01008703,Sunderland 013B,Offender given a caution
429a7988c44a9a800d5dcfd8fc524b769dc310b7eaff081549d6d371b491e9a5,2014-10,Northumbria Police,Northumbria Police,-1.457455,54.948661,On or near REGINALD STREET,E01008610,South Tyneside 021A,Suspect charged
f7b99f483c59438d07b38b1114290137d13848ac53b6bb7b431ea3de8d6a950e,2014-10,Northumbria Police,Northumbria Police,-1.456381,54.947263,On or near WILFRED STREET,E01008610,South Tyneside 021A,Suspect charged
f7b99f483c59438d07b38b1114290137d13848ac53b6bb7b431ea3de8d6a950e,2014-10,Northumbria Police,Northumbria Police,-1.456381,54.947263,On or near WILFRED STREET,E01008610,South Tyneside 021A,Suspect charged
1b3e48f6492779ceed84844cd8b641a1e53d42142471d8f915edb52f32ee8ec5,2014-10,Northumbria Police,Northumbria Police,-1.447484,55.008618,On or near Supermarket,E01008524,North Tyneside 022B,Suspect charged
7037d135ab06bdf57be8eb391a94525b161d0d7de4930b58f5ca03ce8602817d,2014-10,Northumbria Police,Northumbria Police,-1.437459,54.992010,On or near TUDOR ROAD,E01008667,South Tyneside 002D,Suspect charged
3db614f4aaeaeb7da4614f383cb260170b5eb11d51fdd7160d5500416b393f1a,2014-10,Northumbria Police,Northumbria Police,-1.611154,54.975165,On or near LISLE STREET,E01008397,Newcastle upon Tyne 024C,Suspect charged
6f1cedb67c8567411e36b7c07fdf2add6acd1322e4df7dd8178ad91143d171b3,2014-10,Northumbria Police,Northumbria Police,-1.440961,54.926686,On or near RAVENNA ROAD,E01008841,Sunderland 003F,Suspect charged
cce4dab5cd834ace9cfa063b8e06366696da8795f9562892ea543b6f2c60a3bc,2014-10,Northumbria Police,Northumbria Police,-1.600938,55.160867,On or near CROSSWAY,E01027534,Northumberland 017C,Suspect charged
08ad6e97d299abac255d0c1ba38ad40e0d3f3c2340314e3dee80e13303567799,2014-10,Northumbria Police,Northumbria Police,-1.600938,55.160867,On or near CROSSWAY,E01027534,Northumberland 017C,Offender given a caution
08ad6e97d299abac255d0c1ba38ad40e0d3f3c2340314e3dee80e13303567799,2014-10,Northumbria Police,Northumbria Police,-1.600938,55.160867,On or near CROSSWAY,E01027534,Northumberland 017C,Suspect charged
a1275270398694968705937f834f1b23176b370240b2f171b81e5fa2da8ae408,2014-10,Northumbria Police,Northumbria Police,-1.564641,55.161740,On or near CHURCH AVENUE,E01027552,Northumberland 020G,Suspect charged
a1275270398694968705937f834f1b23176b370240b2f171b81e5fa2da8ae408,2014-10,Northumbria Police,Northumbria Police,-1.564641,55.161740,On or near CHURCH AVENUE,E01027552,Northumberland 020G,Suspect charged
7009071131145b4f502a769fb346941ea675804505af5042da63f97be2ffbfa4,2014-10,Northumbria Police,Northumbria Police,-1.365648,54.890425,On or near COMMERCIAL ROAD,E01008741,Sunderland 024B,Suspect charged
df925005d8b191342b856d7acf330253ae801d3a1a06fddd8cf4ddfbce6a7bd2,2014-10,Northumbria Police,Northumbria Police,-1.616367,54.949472,On or near HEDLEY STREET,E01008170,Gateshead 008C,Suspect charged
5a0f5d299503ee4a8a0467b82f8238644cf306a6e3a8d6db58f4d8d101cbb719,2014-10,Northumbria Police,Northumbria Police,-1.440475,54.896436,On or near Shopping Area,E01008810,Sunderland 014A,Suspect charged
6f80214131fb5073e4b1bc9365acd0b239da11070c9789b35c4708a7be5e70bf,2014-10,Northumbria Police,Northumbria Police,-1.719610,54.954517,On or near PARKSIDE AVENUE,E01008280,Gateshead 004E,Suspect charged
b934e6fa0d4ce76068c28cfb8b319942486192c93878ededbe9f502ecfcc7a18,2014-10,Northumbria Police,Northumbria Police,-1.502052,54.900046,On or near HORSLEY ROAD,E01008847,Sunderland 017C,Investigation complete; no suspect identified
8389a3fcafb8ed0b154dc687a0140e05d9dd6f2dae246353b9cf119dd33cdcf0,2014-10,Northumbria Police,Northumbria Police,-1.532245,54.949492,On or near FELLGATE GARDENS,E01008286,Gateshead 014C,Suspect charged
3ccb419aea921c47225ef48b4ec253c8f564fcb5deb71d39d23e2778fc94f21e,2014-10,Northumbria Police,Northumbria Police,-1.595902,54.952219,On or near WOODS TERRACE,E01008163,Gateshead 028A,Investigation complete; no suspect identified
49fc50f2d669e5c3f5983118d8375b1c16098b93b6a0beebc35b133bfd1981e7,2014-10,Northumbria Police,Northumbria Police,-1.522023,55.127955,On or near Supermarket,E01027391,Northumberland 024A,Suspect charged
fb479d4d57388efd3809b6de4f817e62fcb72c2530a24bbcf9069779475a5945,2014-10,Northumbria Police,Northumbria Police,-1.615322,54.972222,On or near NUN STREET,E01033543,Newcastle upon Tyne 024G,Suspect charged
b4d14f4475b5bb81f9dc3481610c03d40ed16387f68bf2cd1475cb7b8fe7da83,2014-10,Northumbria Police,Northumbria Police,-1.563820,55.180850,On or near SECOND AVENUE,E01027546,Northumberland 010E,Suspect charged
1992b8b3272fd5afe4e8592a68768f1d82810b2a6ac33b28b58349c15286dcf0,2014-10,Northumbria Police,Northumbria Police,-1.387422,54.902075,On or near TUNSTALL TERRACE,E01008831,Sunderland 013D,Suspect charged
04d8e391ebbb413301baafd3322b831272c7de1ef8fe9dae546b4004461e3670,2014-10,Northumbria Police,Northumbria Police,-1.437359,54.994705,On or near STATION ROAD,E01008667,South Tyneside 002D,Offender given a caution
02a02bb122a8ff8e7e8944f8f0269b6161cb426ab7e44f182e67b961ea5e2474,2014-10,Northumbria Police,Northumbria Police,-1.614002,54.976262,On or near Shopping Area,E01008397,Newcastle upon Tyne 024C,Suspect charged
ac1f4447a907ad1b845d569d930ce5b57fa6936d5abdcddf6dd80b4b029a67b9,2014-10,Northumbria Police,Northumbria Police,-1.382451,54.906974,On or near STATION STREET,E01008703,Sunderland 013B,Suspect charged
ac1f4447a907ad1b845d569d930ce5b57fa6936d5abdcddf6dd80b4b029a67b9,2014-10,Northumbria Police,Northumbria Police,-1.382451,54.906974,On or near STATION STREET,E01008703,Sunderland 013B,Suspect charged
2c22715c08b628fbdaf4fbbeb4afd1f3e192843e7a24ebeb3668dfaf806cd8a2,2014-10,Northumbria Police,Northumbria Police,-1.618321,54.970578,On or near FENKLE STREET,E01033543,Newcastle upon Tyne 024G,Suspect charged
2c22715c08b628fbdaf4fbbeb4afd1f3e192843e7a24ebeb3668dfaf806cd8a2,2014-10,Northumbria Police,Northumbria Police,-1.618321,54.970578,On or near FENKLE STREET,E01033543,Newcastle upon Tyne 024G,Suspect charged
4fd3de04404b68e6ead2ce5188b3eba035ad795f965df5690e8df69e7ec83c1e,2014-10,Northumbria Police,Northumbria Police,-1.369564,54.934173,On or near KINGS AVENUE,E01008723,Sunderland 002A,Suspect charged
55c45c184f9eec272c17e52931b86887edd155be91488ab0e0759f65590648fa,2014-10,Northumbria Police,Northumbria Police,-1.401799,54.928522,On or near EYEMOUTH LANE,E01008712,Sunderland 004A,Suspect charged
8433352eef4e7cab1e5276057af3f631d4b670071942d625bd64201f09c1dad4,2014-10,Northumbria Police,Northumbria Police,-1.566989,54.969274,On or near RELTON AVENUE,E01008301,Newcastle upon Tyne 026A,Suspect charged
8433352eef4e7cab1e5276057af3f631d4b670071942d625bd64201f09c1dad4,2014-10,Northumbria Police,Northumbria Police,-1.566989,54.969274,On or near RELTON AVENUE,E01008301,Newcastle upon Tyne 026A,Suspect charged
3da7b89192cd7a0753600d8d5e47c54029c45a7ec31c22ade6ed42e9c1ff1a1f,2014-10,Northumbria Police,Northumbria Police,-1.651727,54.976888,On or near MILVAIN AVENUE,E01008455,Newcastle upon Tyne 022G,Investigation complete; no suspect identified
e0a21c4f018afa9a584fbd75551927568c7f76deb5ecd5800c9d58c6ed6e631e,2014-10,Northumbria Police,Northumbria Police,-1.422318,54.884965,On or near DURHAM ROAD,E01008827,Sunderland 023E,Offender given a caution
e0a21c4f018afa9a584fbd75551927568c7f76deb5ecd5800c9d58c6ed6e631e,2014-10,Northumbria Police,Northumbria Police,-1.422318,54.884965,On or near DURHAM ROAD,E01008827,Sunderland 023E,Investigation complete; no suspect identified
4f39f6b072931fa59a052e274f72abb04cc3761b05421009307652c238129dc5,2014-10,Northumbria Police,Northumbria Police,-1.587642,54.924828,On or near GREYSTOKE GARDENS,E01008192,Gateshead 023D,Suspect charged
8205e6458cf4d37c9f2cde56e33a26db5c16da10a51a581e804ea448379cdeef,2014-10,Northumbria Police,Northumbria Police,-1.587642,54.924828,On or near GREYSTOKE GARDENS,E01008192,Gateshead 023D,Suspect charged
6318a19bc1caee24131bdc79248fa4ef2c39d3ff1294af75ea7581960a844b7e,2014-10,Northumbria Police,Northumbria Police,-1.566916,54.970271,On or near NORBURY GROVE,E01008301,Newcastle upon Tyne 026A,Suspect charged
79f964a3e126a437289fe0004d2acf64c13222c31870c0e494e91da49aab0c20,2014-10,Northumbria Police,Northumbria Police,-1.380942,54.916861,On or near Supermarket,E01008787,Sunderland 006B,Suspect charged
266f3e48999ba3c46cb842fc6ffdb0f8c0297453391049668112012ee275d90a,2014-10,Northumbria Police,Northumbria Police,-1.515520,55.128810,On or near WRIGHT STREET,E01027415,Northumberland 023B,Suspect charged
a05685780d7d2cda2d43c23d3223373775344e685a2da15ca7a73bc57696839c,2014-10,Northumbria Police,Northumbria Police,-1.482729,54.819860,On or near FIELDSIDE,E01008747,Sunderland 035D,Investigation complete; no suspect identified
08ef75c911fd663825a18cdb1cd18c123fbda5bb3d48b08aa09d657608010551,2014-10,Northumbria Police,Northumbria Police,-1.449203,55.041767,On or near Supermarket,E01008585,North Tyneside 006B,Suspect charged
27a998982e74253eeb416815a1faba8ce52ba0a52677e15a36313eca581506b1,2014-10,Northumbria Police,Northumbria Police,-1.382451,54.906974,On or near STATION STREET,E01008703,Sunderland 013B,Suspect charged as part of another case
7e1111eface3a71d973d871e526bb227ed2f0b0690cc89b296a20c68c1eb3967,2014-10,Northumbria Police,Northumbria Police,-1.383341,54.907887,On or near Shopping Area,E01008703,Sunderland 013B,Suspect charged as part of another case
43122fc91ba794f88256a50faabd99e62b35aad1a224abc4605d100e71a10033,2014-10,Northumbria Police,Northumbria Police,-1.385155,54.906557,On or near Supermarket,E01008703,Sunderland 013B,Suspect charged as part of another case
17b247b456c397dcb008fd2949e3690aae03c7be21523439930b7e34579c845f,2014-10,Northumbria Police,Northumbria Police,-1.400192,54.908546,On or near GRAFTON STREET,E01008700,Sunderland 013A,Offender given a caution
26bfaba27c8ebf462770fd5f163472f373bd8c91070c5f5b4bcfe6ab415bf891,2014-10,Northumbria Police,Northumbria Police,-1.382451,54.906974,On or near STATION STREET,E01008703,Sunderland 013B,Suspect charged as part of another case
e7d819fd2bad6adecde2591bb13e8fa9b22d34e720622b51dbf506e931188733,2014-10,Northumbria Police,Northumbria Police,-1.960029,55.315853,On or near WREIGH BURN FIELDS,E01027369,Northumberland 007C,Offender given a drugs possession warning
0c294b64f551d2fd32e1b6174994cfc120424e2dfeb57726bbd99184512c8e64,2014-10,Northumbria Police,Northumbria Police,-1.386732,54.903384,On or near DERWENT STREET,E01008836,Sunderland 016F,Offender given a caution
336a94b8102a59de68402fb7d1c07dd941884a5a3e012f1209ae1aed745f8e36,2014-10,Northumbria Police,Northumbria Police,-1.605343,54.973502,On or near TRAFALGAR STREET,E01033553,Newcastle upon Tyne 023H,Suspect charged
989e24c12130f7ae26a87e87641027eac797901a7357eea8d47f1e5b20150cdf,2014-10,Northumbria Police,Northumbria Police,-1.400863,54.982049,On or near CHEVIOT ROAD,E01008651,South Tyneside 004D,Investigation complete; no suspect identified
519267a12e571b08141419b81270b97c287156b2cb7492ac1956645da782833a,2014-10,Northumbria Police,Northumbria Police,-1.396370,54.875223,On or near LILAC AVENUE,E01008804,Sunderland 027B,Investigation complete; no suspect identified
20b6972ac0ca6093f2f87062ceb5e2ef462eaab1ed77d5813a76c943bd3a8a41,2014-10,Northumbria Police,Northumbria Police,-2.094372,54.966637,On or near GREEN BANK,E01027493,Northumberland 035F,Suspect charged
20b6972ac0ca6093f2f87062ceb5e2ef462eaab1ed77d5813a76c943bd3a8a41,2014-10,Northumbria Police,Northumbria Police,-2.094372,54.966637,On or near GREEN BANK,E01027493,Northumberland 035F,Suspect charged
fcd21496f600ade30c45b621490a1c7272ef2581f48c4b6e7f0102cbcbefea32,2014-10,Northumbria Police,Northumbria Police,-1.620304,54.967349,On or near Nightclub,E01033545,Newcastle upon Tyne 024H,Offender given a drugs possession warning
fcd21496f600ade30c45b621490a1c7272ef2581f48c4b6e7f0102cbcbefea32,2014-10,Northumbria Police,Northumbria Police,-1.620304,54.967349,On or near Nightclub,E01033545,Newcastle upon Tyne 024H,Suspect charged
09057185b44f87bbff668397ce0646af224903e7f47da8f3649d19ca8b7341be,2014-10,Northumbria Police,Northumbria Police,-1.605549,54.981222,On or near ARCHBOLD TERRACE,E01008407,Newcastle upon Tyne 023B,Offender given a caution
38fda6cade8edadf666b2cbcbdfe24ef454e8b553959ac9233257631cf00d70c,2014-10,Northumbria Police,Northumbria Police,-1.542120,54.977666,On or near EDENDALE AVENUE,E01008430,Newcastle upon Tyne 020A,Offender given a caution
fd49a95a2313de860fa1cf20630a94f017460a48ed0bd7a299f4952f37d0ebc1,2014-10,Northumbria Police,Northumbria Police,-1.642953,54.949679,On or near BRIARWOOD CRESCENT,E01008211,Gateshead 013D,Suspect charged
9ee0c6ca365da073aa281c9626e6aae8e88cc25ea6e23236c7493da4c57a50bb,2014-10,Northumbria Police,Northumbria Police,-1.382499,54.904854,On or near WATERLOO PLACE,E01008703,Sunderland 013B,Offender given a caution
67e552ebfa3a9b3c66d3a589ba4fc1ac7cb5f67f407fdc531b95478a3d4810cb,2014-10,Northumbria Police,Northumbria Police,-1.503952,55.010586,On or near MIDDLE ENGINE LANE,E01008468,North Tyneside 021D,Suspect charged
1fae7a07f8cc854538008a337c3417780dbbdf906bc2f3170a2d63cb4291c819,2014-10,Northumbria Police,Northumbria Police,-1.644599,54.948902,On or near Supermarket,E01008211,Gateshead 013D,Suspect charged
698add1851175def83a68fd4908059c30fabb5089a5b5089b4183c9bf9d11af9,2014-10,Northumbria Police,Northumbria Police,-1.449929,55.009312,On or near SIDNEY STREET,E01008524,North Tyneside 022B,Suspect charged
3e551f113db176de235f8f39be58e9b54dbbe3538e527875d737ef4e49f999d9,2014-10,Northumbria Police,Northumbria Police,-1.570680,54.936667,On or near CAMPION GARDENS,E01008230,Gateshead 018B,Offender given a caution
9e9968bdaf73520084b933d4d29294e385ba7af0dc2c21ffc240191e1a35730d,2014-10,Northumbria Police,Northumbria Police,-1.438862,54.926119,On or near RAEBURN ROAD,E01008839,Sunderland 003D,Offender given a caution
8b8522455db7250f6176bed08df461d3971b03aaf01f704fe991d4b8ca60af1b,2014-10,Northumbria Police,Northumbria Police,-1.612959,54.972619,On or near Nightclub,E01033543,Newcastle upon Tyne 024G,Suspect charged
21b141d20f6cc6ce331c7e7a56fedb56e13c8cc9c24f2d8bd5daf2365100e1f6,2014-10,Northumbria Police,Northumbria Police,-1.572455,54.906164,On or near MALONE GARDENS,E01008222,Gateshead 025A,Offender given a caution
75048693cd032553437dab5e06cf4bf20f4fbc3ea33b6af8062a7aa88032eec8,2014-10,Northumbria Police,Northumbria Police,-1.628491,54.970556,On or near WINCHESTER TERRACE,E01008439,Newcastle upon Tyne 024E,Investigation complete; no suspect identified
bf82c3af72283030cf5523abd06a7d5ca3ff759aa6f5acd5c243bfeaf8b678ee,2014-10,Northumbria Police,Northumbria Police,-1.561197,55.176689,On or near FIFTH AVENUE,E01027545,Northumberland 010D,Suspect charged
b056076d6e6dbd164e723dd571ea478ab027fe27d8268971e7d5cb1878ad57f8,2014-10,Northumbria Police,Northumbria Police,-1.680902,54.989890,On or near REDEWOOD CLOSE,E01008350,Newcastle upon Tyne 019H,Offender given a caution
4dd4cd5ec662f710e6c7e20847c75a1096217cd7c96d6840f1e863769c745eeb,2014-10,Northumbria Police,Northumbria Police,-1.424588,55.022099,On or near WARKWORTH TERRACE,E01008560,North Tyneside 016B,Suspect charged
4dd4cd5ec662f710e6c7e20847c75a1096217cd7c96d6840f1e863769c745eeb,2014-10,Northumbria Police,Northumbria Police,-1.424588,55.022099,On or near WARKWORTH TERRACE,E01008560,North Tyneside 016B,Suspect charged
5a65c6946120a4b7774087a6a47c95ffdcb8db3ac4d9de7440101b356897c3e9,2014-10,Northumbria Police,Northumbria Police,-1.426453,54.972467,On or near MCANANY AVENUE,E01008592,South Tyneside 011C,Offender given a caution
d2532d093f49d95acddc95bd970bc675331e18096f1fae77d5f3129450d878fa,2014-10,Northumbria Police,Northumbria Police,-1.418051,54.910646,On or near VICTORY STREET,E01008762,Sunderland 012B,Suspect charged
d2532d093f49d95acddc95bd970bc675331e18096f1fae77d5f3129450d878fa,2014-10,Northumbria Police,Northumbria Police,-1.418051,54.910646,On or near VICTORY STREET,E01008762,Sunderland 012B,Suspect charged
bf633e16909bbf82c9af2f1ebe0a7010b17d97362a457f0fd57ff4eb2a68a688,2014-10,Northumbria Police,Northumbria Police,-1.566449,55.022354,On or near PARK VIEW,E01008470,North Tyneside 014A,Investigation complete; no suspect identified
79c546016662b30af50ded874343afbc888dde3239ad5403aac29056ad3b3576,2014-10,Northumbria Police,Northumbria Police,-1.586985,54.976757,On or near Petrol Station,E01008304,Newcastle upon Tyne 026C,Suspect charged
582530807285c36417e5b5a179491935535b6eb44b2d76c34fd44401239e0404,2014-10,Northumbria Police,Northumbria Police,-1.373549,54.921784,On or near ASHDALE COURT,E01008790,Sunderland 006E,Suspect charged
10c74d27bbafb9d57ccce6490f32af8c63dd3e205b97bc0cefe2426fd718f04c,2014-10,Northumbria Police,Northumbria Police,-1.548498,54.968946,On or near HIGHFIELD TERRACE,E01008428,Newcastle upon Tyne 030D,Offender given a caution
4182d7b35357a9d48a48f2c1185f9c41a0a80a58894626b1b627c18ae2679a1f,2014-10,Northumbria Police,Northumbria Police,-1.581552,54.970332,On or near Conference/Exhibition Centre,E01008305,Newcastle upon Tyne 026D,Investigation complete; no suspect identified
29884841e546f79cc2ea4b0b012b33b1d298df5552b120df566f1b52f741baf3,2014-10,Northumbria Police,Northumbria Police,-1.376202,54.920764,On or near ASSOCIATION ROAD,E01008788,Sunderland 006C,Suspect charged
25ed7dedcb7f93da266377e1131f593745091182cc7c54a52972c766fe0d6978,2014-10,Northumbria Police,Northumbria Police,-1.376202,54.920764,On or near ASSOCIATION ROAD,E01008788,Sunderland 006C,Suspect charged
785eb1099a4084af08a6022ee66b0e998eceffbb48eccfe11149073c471cd047,2014-10,Northumbria Police,Northumbria Police,-1.659965,54.976273,On or near Petrol Station,E01008334,Newcastle upon Tyne 029D,Suspect charged
875742e00e851840b8f19004d68d76f74fc2c4742f390c5f4d36e272ff526a1e,2014-10,Northumbria Police,Northumbria Police,-1.615322,54.972222,On or near NUN STREET,E01033543,Newcastle upon Tyne 024G,Suspect charged
45ee2f28c3dfb12296ed6794183a5cd84ec9c680a2f5a9417fe5fb7bda10d76b,2014-10,Northumbria Police,Northumbria Police,-1.433790,54.997286,On or near Shopping Area,E01008667,South Tyneside 002D,Suspect charged
d3fd27f13aa171723d05a29e3ea89e5e9a16e222fb3d618a836c38e8c547c0e9,2014-10,Northumbria Police,Northumbria Police,-1.614002,54.976262,On or near Shopping Area,E01008397,Newcastle upon Tyne 024C,Suspect charged
f06fe7d5d063462a59c4baee0e2750928d8f785595f71e4787ea8dd848c6a2dc,2014-10,Northumbria Police,Northumbria Police,-1.640678,54.942187,On or near HILLHEAD GARDENS,E01008206,Gateshead 013A,Investigation complete; no suspect identified
3d855289c3579091ed24ff16ba9246d8600c2299941b10d2c2d5a750247e88b0,2014-10,Northumbria Police,Northumbria Police,-2.007225,55.762952,On or near TOWER ROAD,E01027387,Northumberland 001D,Suspect charged
775fb64218bb27ea71e531b433d843c86a9f64ffe33a6362732008c337227710,2014-10,Northumbria Police,Northumbria Police,-1.535688,54.879583,On or near SOUTH CRESCENT,E01008863,Sunderland 025D,Offender given penalty notice
a191b53f9f6f92bb412b14501095aadc374c73898574697ee1e4510306cb5b28,2014-10,Northumbria Police,Northumbria Police,-1.639652,55.011593,On or near JUBILEE ROAD,E01008336,Newcastle upon Tyne 003A,Investigation complete; no suspect identified
a3f0607b7fd4220950c51ee5d0eef41d9d978a31bdd21d72f73fd7c8dedf89fd,2014-10,Northumbria Police,Northumbria Police,-1.387978,54.903462,On or near ALBION PLACE,E01008831,Sunderland 013D,Offender given a caution
aa6714d2aaacb9bc7f5421680eee8b9a9b73732bf7a2fc4f7b7dca768c582fee,2014-10,Northumbria Police,Northumbria Police,-1.387978,54.903462,On or near ALBION PLACE,E01008831,Sunderland 013D,Offender given a drugs possession warning
b5c725d911b756d1cab7ee68a1945a0278892a43c27442de131f71efe7be8c17,2014-10,Northumbria Police,Northumbria Police,-1.606456,54.965158,On or near HUDSON STREET,E01008168,Gateshead 027D,Offender given a caution
3393b394acb5b4780b4018dde7f5e195c0cb110b0006bd292e5320a87d209514,2014-10,Northumbria Police,Northumbria Police,-1.387978,54.903462,On or near ALBION PLACE,E01008831,Sunderland 013D,Offender given a caution
aea6f40df3b6704f3db1eaaf27edc70214a08bc6516097b99831847dc1f275d6,2014-10,Northumbria Police,Northumbria Police,-1.450440,54.906663,On or near JOHN STREET,E01008814,Sunderland 014D,Investigation complete; no suspect identified
963041c893559bd2abed3cced2ed8fb66947e662ff8baf6d9e674fcc7770cf07,2014-10,Northumbria Police,Northumbria Police,-1.430751,54.998880,On or near Nightclub,E01008596,South Tyneside 001B,Investigation complete; no suspect identified
71bb61df01d51a5c57f3ea9c3a036bb56a28fd6a3e9ca88e1078aeeba640ecdb,2014-10,Northumbria Police,Northumbria Police,-1.427164,54.899411,On or near HUNTLEY SQUARE,E01008812,Sunderland 012C,Suspect charged
9718a0545e39d03a3f634e364962b1f5b0058e3f31e187287e8626b44872c4d0,2014-10,Northumbria Police,Northumbria Police,-1.427164,54.899411,On or near HUNTLEY SQUARE,E01008812,Sunderland 012C,Suspect charged
f73ad7ba40bf38270e55fea8565c5a23b1a8b4743c16211de828a02a7a79eab8,2014-10,Northumbria Police,Northumbria Police,-1.554814,54.975530,On or near SPINNEY TERRACE,E01008432,Newcastle upon Tyne 026G,Investigation complete; no suspect identified
3a6fa2ff27c1c81f774096f843d8a8490ee5f9271747ca823ce8c335ad9be3bf,2014-10,Northumbria Police,Northumbria Police,-1.601804,54.961701,On or near JACKSON STREET,E01008166,Gateshead 027C,Offender given a caution
c5103b622ad65c211b859072f311042fa60beba228e43dc6c4b116e3c126ea57,2014-10,Northumbria Police,Northumbria Police,-1.481466,54.992403,On or near INGOE STREET,E01008540,North Tyneside 027B,Investigation complete; no suspect identified
0f139580c81348130c9a24963ad9198134c0c13511e6ae6adc0b031fa87d44cf,2014-10,Northumbria Police,Northumbria Police,-1.587974,54.959498,On or near ST JAMES ROAD,E01008162,Gateshead 027A,Offender given a caution
59677c5a576bcbf26a9741bd30b8cf9611b515ccaf528a43c74bd147ce0108c2,2014-10,Northumbria Police,Northumbria Police,-1.575102,54.958384,On or near COACH ROAD GREEN,E01008214,Gateshead 003A,Suspect charged
33aa83108f5a393ec23118b28ca141a6fcd2f4e30675f0f87ac0c876e528ce69,2014-10,Northumbria Police,Northumbria Police,-1.575102,54.958384,On or near COACH ROAD GREEN,E01008214,Gateshead 003A,Suspect charged
82dce19360958f665b12880a1f339ad40b592ad6a94e96a02a9b5fe0ca2bcdf6,2014-10,Northumbria Police,Northumbria Police,-1.570793,54.950991,On or near HIGH STREET,E01008212,Gateshead 012A,Suspect charged
c45b8b2c1cc46c26d9c7fb3d0c45f46201e93ed0164aaa355963f36c680d131e,2014-10,Northumbria Police,Northumbria Police,-1.591674,54.958100,On or near SHELLEY DRIVE,E01008162,Gateshead 027A,Suspect charged
69a6e099db65fe000d7a4dc0f51aaa6a8ec5f653195354c1f25ceecdfa635119,2014-10,Northumbria Police,Northumbria Police,-1.570793,54.950991,On or near HIGH STREET,E01008212,Gateshead 012A,Suspect charged
6c5b0bdb004314cefc61297faae6883e61b257dc58f681b33dda929f7b845214,2014-10,Northumbria Police,Northumbria Police,-1.504164,54.967992,On or near HAUTMONT ROAD,E01008656,South Tyneside 015E,Suspect charged
6e0b0c1d5bac0a614b967fde839e90783ad30fc32aa8765319868b2b707a38b3,2014-10,Northumbria Police,Northumbria Police,-1.528476,55.071367,On or near DELAVAL AVENUE,E01027432,Northumberland 032A,Offender given penalty notice
f820eddec03923df3e594992d5a1978d549a9db0ef5cd758653fdccf391fc44c,2014-10,Northumbria Police,Northumbria Police,-1.713684,54.942398,On or near NOEL AVENUE,E01008276,Gateshead 005D,Local resolution
1620afe77d53ad82657bf77e4cb1dd390b1423650d0306c1f8de834deaf0d4d5,2014-10,Northumbria Police,Northumbria Police,-1.485140,54.865180,On or near Sports/Recreation Area,E01008796,Sunderland 032D,Investigation complete; no suspect identified
2436aab0ecebaec7fbedab087132316fefaf69c4ec030d8ab6f882201c7c2c0c,2014-10,Northumbria Police,Northumbria Police,-1.685742,55.152488,On or near SOUTHGATE MEWS,E01027458,Northumberland 018C,Suspect charged
5c7f528c646f69177e6c497e8fdf8992b7ca1f7220bd9253c0a605e5068f55fd,2014-10,Northumbria Police,Northumbria Police,-1.576148,55.183778,On or near Parking Area,E01027529,Northumberland 010B,Offender given a caution
62163eeb00263b081163032707949d52c3ee972fac913375ad95964e2b12a20b,2014-10,Northumbria Police,Northumbria Police,-1.617415,54.965633,On or near COOKSON'S LANE,E01033545,Newcastle upon Tyne 024H,Suspect charged
ef1909c77a71f228be29d7597e5fe50680eeac9bb6b1175a0b21ba1f885bcbb6,2014-10,Northumbria Police,Northumbria Police,-1.382499,54.904854,On or near WATERLOO PLACE,E01008703,Sunderland 013B,Offender given a caution
0477d42991f1b3ba04bb4be51ac47e30644603d87a1734be15ea32a6a9d43c9d,2014-10,Northumbria Police,Northumbria Police,-1.669722,54.977288,On or near PEASE AVENUE,E01008289,Newcastle upon Tyne 027B,Suspect charged
1a35790b58600ca2cde6aa6620c1477622e2f87908b4aa879c145f8b33a8f37b,2014-10,Northumbria Police,Northumbria Police,-1.403863,54.903927,On or near ROSSLYN STREET,E01008707,Sunderland 011D,Investigation complete; no suspect identified
d8b353784751d7315d9fa45942ea8a448ccdfee504689b1faad766c2282e1778,2014-10,Northumbria Police,Northumbria Police,-1.611738,54.969722,On or near ST NICHOLAS' STREET,E01033545,Newcastle upon Tyne 024H,Offender given a caution
472bda3fc000b56d6560c7a85e1ef7cb7937a2a685768f6bcc5b0430b3ba03d8,2014-10,Northumbria Police,Northumbria Police,-1.518329,54.912001,On or near LAURENS COURT,E01008854,Sunderland 009B,Offender given a caution
cd2a933bf8f34c2221b6caa92f29229b85ea0564d2d0f044cc6b534cb316c776,2014-10,Northumbria Police,Northumbria Police,-1.617134,54.972264,On or near NEWGATE STREET,E01033543,Newcastle upon Tyne 024G,Investigation complete; no suspect identified
8617aa89fccd239a1f57bade1208d80bb0b2843840cda13f11bc0e89d8f1229d,2014-10,Northumbria Police,Northumbria Police,-1.580694,54.905672,On or near LEYBURN PLACE,E01008223,Gateshead 025B,Offender given a caution
08353f6d406b3283cfd076c34933e71bca24f13cf010ce7448b9ed070dd5495f,2014-10,Northumbria Police,Northumbria Police,-1.400192,54.908546,On or near GRAFTON STREET,E01008700,Sunderland 013A,Offender given a caution
a9ace13951c426646f0ef8564d9c4adf8afb41627fe73ddd5e88fff7f3869a3e,2014-10,Northumbria Police,Northumbria Police,-1.713914,54.975972,On or near HIGH ROW,E01008385,Newcastle upon Tyne 021E,Suspect charged
6f8a863424adc74953216452b9bfe3bfa9f782784a2702e754adb98ce695a3c7,2014-10,Northumbria Police,Northumbria Police,-1.568057,55.179724,On or near NORTH SEATON ROAD,E01027528,Northumberland 010A,Suspect charged
6858d2b2eb6c65ad289bf3573f90166aa375c130c85f368d029bb507cf5e99c8,2014-10,Northumbria Police,Northumbria Police,-1.629600,54.977371,On or near HOLYWELL CLOSE,E01008395,Newcastle upon Tyne 024B,Offender given a caution
255f964e94845fb5d81ac80c6922d55ca23b15a3b09b683081400958634bb185,2014-10,Northumbria Police,Northumbria Police,-1.671692,54.975119,On or near BENWELL VILLAGE MEWS,E01008288,Newcastle upon Tyne 027A,Suspect charged
27863ebc2effa8cd403bfec4fcd32a4f1636bbf8d9c4ea717936dd6f47b74d44,2014-10,Northumbria Police,Northumbria Police,-1.414658,54.906945,On or near GARFIELD STREET,E01008757,Sunderland 015A,Investigation complete; no suspect identified
c1261152274612c7dad4b406608e5e303c75734d272db72829655f76d41e375f,2014-10,Northumbria Police,Northumbria Police,-1.938534,55.686052,On or near Parking Area,E01027380,Northumberland 002C,Investigation complete; no suspect identified
c5ee09264400614665a42e93c64cf37f456eee413856770d187500ee0d760c83,2014-10,Northumbria Police,Northumbria Police,-1.938534,55.686052,On or near Parking Area,E01027380,Northumberland 002C,Investigation complete; no suspect identified
d82883ea60561a70b417b1b555d9c119b043fd44a781319b94229cdcd7caab1c,2014-10,Northumbria Police,Northumbria Police,-1.938534,55.686052,On or near Parking Area,E01027380,Northumberland 002C,Investigation complete; no suspect identified
c2602266d24ed84ca95e72adc5c8ed3b423148914c7c71fad909d8ab1e86e1db,2014-10,Northumbria Police,Northumbria Police,-1.543365,54.951871,On or near PELAW WAY,E01008240,Gateshead 015B,Suspect charged
948ee3ff57e76e864d1e0d68628ee45e2aeab5645eedfeea99046b6fc3eacda9,2014-10,Northumbria Police,Northumbria Police,-1.605721,54.990712,On or near MISTLETOE ROAD,E01008369,Newcastle upon Tyne 013B,Suspect charged
8db615b55dfa145732bc1cac2fdd300486c520f159005f9950957db217148b87,2014-10,Northumbria Police,Northumbria Police,-1.554866,54.977893,On or near MEAD WALK,E01008432,Newcastle upon Tyne 026G,Suspect charged
d82cdfe8765efc199757b3bb0b53036f01974cd7503691830428566fecb65204,2014-10,Northumbria Police,Northumbria Police,-1.420180,54.890607,On or near SEFTON SQUARE,E01008825,Sunderland 023C,Suspect charged
2fd6b0f9d2047f865a8f1fa50f4c5768746aa2f486c0a5e8a0ba3277ff09c74e,2014-10,Northumbria Police,Northumbria Police,-1.424594,55.017318,On or near Supermarket,E01008560,North Tyneside 016B,Offender given a caution
eac195a8cd3ecfc5cade2c9ff46a01e2fc438dbdb121bcd786e9bb7614bb9b72,2014-10,Northumbria Police,Northumbria Police,-1.431092,54.995710,On or near CHARLOTTE STREET,E01008667,South Tyneside 002D,Investigation complete; no suspect identified
8588d6930f9518fcef771093fa9c3b9493bb5e730df94a9da7e3679eae519ed5,2014-10,Northumbria Police,Northumbria Police,-1.687266,55.009559,On or near BLUEBELL DENE,E01008459,Newcastle upon Tyne 004E,Suspect charged
8588d6930f9518fcef771093fa9c3b9493bb5e730df94a9da7e3679eae519ed5,2014-10,Northumbria Police,Northumbria Police,-1.687266,55.009559,On or near BLUEBELL DENE,E01008459,Newcastle upon Tyne 004E,Suspect charged
8588d6930f9518fcef771093fa9c3b9493bb5e730df94a9da7e3679eae519ed5,2014-10,Northumbria Police,Northumbria Police,-1.687266,55.009559,On or near BLUEBELL DENE,E01008459,Newcastle upon Tyne 004E,Suspect charged
8588d6930f9518fcef771093fa9c3b9493bb5e730df94a9da7e3679eae519ed5,2014-10,Northumbria Police,Northumbria Police,-1.687266,55.009559,On or near BLUEBELL DENE,E01008459,Newcastle upon Tyne 004E,Suspect charged
a9bc917309c93fb4d7af54cf7c2e62b3f844746e06196b194905dc25b314d225,2014-10,Northumbria Police,Northumbria Police,-1.420426,55.001545,On or near Parking Area,E01008598,South Tyneside 001D,Suspect charged
8dd89c8f0eff0e3aa7bc7c77a84dc2529bbaaef2bef29806140b1be1eca6d939,2014-10,Northumbria Police,Northumbria Police,-1.591674,54.958100,On or near SHELLEY DRIVE,E01008162,Gateshead 027A,Suspect charged
006b69f6fb2886a14268d39fbadf4ad7e89ae86d25b66f5001c54f6989800560,2014-10,Northumbria Police,Northumbria Police,-1.570770,54.988240,On or near WHITEFIELD TERRACE,E01008360,Newcastle upon Tyne 018C,Investigation complete; no suspect identified
c2000b8075ec6f0a852be85030c952f8d74291a771075905deef9b8aaeb927ee,2014-10,Northumbria Police,Northumbria Police,-1.698382,55.407042,On or near Supermarket,E01027358,Northumberland 005A,Local resolution
5e526abb7277bf27ba2b583267fa3a48f67c6721cbf31e0836a505bfe4b2420e,2014-10,Northumbria Police,Northumbria Police,-1.640722,54.961759,On or near ALBANY COURT,E01008437,Newcastle upon Tyne 029F,Suspect charged
e585bad4e58505c526c7349b731a93512c4c7d1f4d3c55dbfdb568332b898922,2014-10,Northumbria Police,Northumbria Police,-1.526906,54.990683,On or near HOLLY AVENUE,E01008572,North Tyneside 029A,Offender given a caution
d271dc4e40e7c62691b87057ac1408f4c009b6bea38f9facd27e6cc02188e226,2014-10,Northumbria Police,Northumbria Police,-1.582044,54.942503,On or near HODKIN GARDENS,E01008201,Gateshead 011B,Suspect charged
d271dc4e40e7c62691b87057ac1408f4c009b6bea38f9facd27e6cc02188e226,2014-10,Northumbria Police,Northumbria Police,-1.582044,54.942503,On or near HODKIN GARDENS,E01008201,Gateshead 011B,Suspect charged
fa972293b02c52e594eeb73f292b6898d02c050e9b01217271ce6e0bb9db744b,2014-10,Northumbria Police,Northumbria Police,-1.576854,54.977378,On or near ROBINSON STREET,E01008303,Newcastle upon Tyne 018A,Suspect charged
f0abceed28915d1436393db6e634ad99157c64705d8b64cb82d2b1f09dd4e756,2014-10,Northumbria Police,Northumbria Police,-1.574768,54.927911,On or near MARLBOROUGH CRESCENT,E01008217,Gateshead 023E,Offender given a caution
23d22b6da16f740bfa185ff27dcc34b747852a9f757d37c25d10f98616947d02,2014-10,Northumbria Police,Northumbria Police,-1.584056,55.086262,On or near CHURCH STREET,E01027409,Northumberland 029B,Offender given a caution
aab917166bb1d74389654277ab57989bc589b81862900ba896a9198e8e807407,2014-10,Northumbria Police,Northumbria Police,-1.517086,55.027542,On or near WEST STREET,E01008570,North Tyneside 011D,Offender given a caution
c0dd562316107358469c5c47b3371e0846ba960dc72bbffee23d4fa5b8088144,2014-10,Northumbria Police,Northumbria Police,-1.425218,55.000984,On or near GEORGE SCOTT STREET,E01008598,South Tyneside 001D,Suspect charged
f360d0b0584be870f0ce252bd5ae3642b952c24507e76f0ecacb003d85f17e06,2014-10,Northumbria Police,Northumbria Police,-1.376764,54.901554,On or near EGERTON STREET,E01008836,Sunderland 016F,Suspect charged
e753b6f5e03aee3cd7e76cf0945a2b2341849381bf01cf1e523ca76ae7b6d7b7,2014-10,Northumbria Police,Northumbria Police,-1.383910,54.904331,On or near HOLMESIDE,E01008703,Sunderland 013B,Offender given a caution
1f4aa86aa93c85d442540f0d89772dba0416109fb05b87e2f9fc99c02f7b2a50,2014-10,Northumbria Police,Northumbria Police,-1.582044,54.942503,On or near HODKIN GARDENS,E01008201,Gateshead 011B,Suspect charged
b3237e5b912c5a2833c7be71d7b0d06bf85615cf9cf92341e3e0a5123d3d2cb1,2014-10,Northumbria Police,Northumbria Police,-1.447484,55.008618,On or near Supermarket,E01008524,North Tyneside 022B,Suspect charged
b3237e5b912c5a2833c7be71d7b0d06bf85615cf9cf92341e3e0a5123d3d2cb1,2014-10,Northumbria Police,Northumbria Police,-1.447484,55.008618,On or near Supermarket,E01008524,North Tyneside 022B,Suspect charged
20ddff293d942976d5e2cfcdc674d4a33b498f9eefd4db77bbdb7676ab5a3d72,2014-10,Northumbria Police,Northumbria Police,-1.574085,54.979211,On or near MILLERS ROAD,E01008392,Newcastle upon Tyne 026F,Suspect charged
9b30e78e4a00cb6914f7ade0c2dcfe92c0bff2fa1c65f5131bd96a01839f3764,2014-10,Northumbria Police,Northumbria Police,-1.586992,54.995889,On or near Supermarket,E01008315,Newcastle upon Tyne 012B,Suspect charged
0d806e15cda8ed181689649147166348e0606330935256577b63d585539e5c7f,2014-10,Northumbria Police,Northumbria Police,-1.543937,55.004803,On or near MULLEN GARDENS,E01008532,North Tyneside 025B,Local resolution
0d806e15cda8ed181689649147166348e0606330935256577b63d585539e5c7f,2014-10,Northumbria Police,Northumbria Police,-1.543937,55.004803,On or near MULLEN GARDENS,E01008532,North Tyneside 025B,Investigation complete; no suspect identified
96bba940b28b0378dca487478e784329588d1184472fd6bb9b5f21232910752c,2014-10,Northumbria Police,Northumbria Police,-1.615365,54.971045,On or near GRAINGER STREET,E01033543,Newcastle upon Tyne 024G,Suspect charged
867f870ae0a96ac6c51b043ff25d505ac13029575b4b4462326cda996bbcfd93,2014-10,Northumbria Police,Northumbria Police,-1.503952,55.010586,On or near MIDDLE ENGINE LANE,E01008468,North Tyneside 021D,Suspect charged
445075bd4d7b21d7c5540f91fec64951e1803e01e7956454982971caf52d188f,2014-10,Northumbria Police,Northumbria Police,-1.511471,54.996598,On or near BISHOPS CLOSE,E01008571,North Tyneside 028D,Suspect charged
781091e36a3e1b4c131f8593a7bdfdb9160e71043c6af66cd560635abd8158bd,2014-10,Northumbria Police,Northumbria Police,-1.511471,54.996598,On or near BISHOPS CLOSE,E01008571,North Tyneside 028D,Suspect charged
c4c99785a8e56d45df0457e3ebf15e00f83b829d6384fbca23a0d951847badeb,2014-10,Northumbria Police,Northumbria Police,-1.432609,54.963519,On or near CONSTABLE GARDENS,E01008692,South Tyneside 019E,Suspect charged
8b799d5b635d197a6dc9a6c62334a3098b70e6cc1d5a0099d2c54356ebd0bd56,2014-10,Northumbria Police,Northumbria Police,-1.617415,54.965633,On or near COOKSON'S LANE,E01033545,Newcastle upon Tyne 024H,Suspect charged
fcb298cc04d4f6d332e3a55131eb994253dfc74cc59b700d1b87adfa07aa97ce,2014-10,Northumbria Police,Northumbria Police,-1.675642,54.923036,On or near ELM STREET WEST,E01008274,Gateshead 019G,Suspect charged
bdf23998a305fd9aba8b3da100aeadf091bfca44d93f2bd2fb715d2fe34ad133,2014-10,Northumbria Police,Northumbria Police,-1.601293,54.954977,On or near GRANVILLE STREET,E01008163,Gateshead 028A,Investigation complete; no suspect identified
ead2706e95c2519977c4b79bcb9d0453341e030a303542f9a6ba0066fc1247bf,2014-10,Northumbria Police,Northumbria Police,-1.461127,54.887704,On or near FOXCOVER ROAD,E01032484,Sunderland 032G,Offender given a caution
a5c4f3e3b27cde7033bb4c93b4d932081ddcf5954212da3ff75a3acf7e6ec0d5,2014-10,Northumbria Police,Northumbria Police,-1.407365,54.972385,On or near Supermarket,E01008634,South Tyneside 008B,Suspect charged
d4bcead04b4cb9a6775ac59747acc602d3f4fa83e9b8684271e679fd8db90a6b,2014-10,Northumbria Police,Northumbria Police,-1.519176,54.911618,On or near VERMONT,E01008854,Sunderland 009B,Offender given penalty notice
e2b760bbadee2135c4daf7483537ae509d41fc37464895bd0860f300270cac3c,2014-10,Northumbria Police,Northumbria Police,-1.436121,54.891114,On or near GREENLEA CLOSE,E01008732,Sunderland 021D,Investigation complete; no suspect identified
0cf9b7e6f904d5842db35b2f7cd316667639c51cd8e377f3b55770557191cfeb,2014-10,Northumbria Police,Northumbria Police,-1.614445,54.974044,On or near BLACKETT STREET,E01008397,Newcastle upon Tyne 024C,Investigation complete; no suspect identified
22e13e7a385ba0fc24550acfc335be87a27a1cf9a794009e3ec5b044c3fc4433,2014-10,Northumbria Police,Northumbria Police,-1.400540,54.851457,On or near A19,E01008765,Sunderland 031A,Investigation complete; no suspect identified
09fc90a33b301bec75105239a8545dcc25d1c9730faffb273dc4d9562fa350b5,2014-10,Northumbria Police,Northumbria Police,-1.607114,54.990564,On or near NORHAM PLACE,E01008369,Newcastle upon Tyne 013B,Suspect charged
7dfb5391e7105b13adac2b50edbfcc287fbefa8b7b1e2c88dcd766d21054f050,2014-10,Northumbria Police,Northumbria Police,-1.616721,54.974644,On or near Shopping Area,E01008397,Newcastle upon Tyne 024C,Investigation complete; no suspect identified
c549bde6676cdcac7376ea7ebae75979c635a554b9a98b4983ce2f823a02fc79,2014-10,Northumbria Police,Northumbria Police,-1.653518,54.970252,On or near AXBRIDGE GARDENS,E01008335,Newcastle upon Tyne 029E,Investigation complete; no suspect identified
a2045e17bed2b5fdf82c3edefd22791548662883b823d47e6104d4b717518d94,2014-10,Northumbria Police,Northumbria Police,-1.678667,54.956608,On or near MARCONI WAY,E01008262,Gateshead 009A,Suspect charged
482d7fa094dd28e5eac0d3082b1f345a9448208865ed78a9237f988e9a53d401,2014-10,Northumbria Police,Northumbria Police,-1.669856,54.955138,On or near ST MICHAEL'S WAY,E01008262,Gateshead 009A,Suspect charged
7517245fc2ebeb190f3b496567f62623080db8f746802e6cd1ec48f05eff3159,2014-10,Northumbria Police,Northumbria Police,-1.622412,54.970816,On or near WESTGATE ROAD,E01033554,Newcastle upon Tyne 024I,Suspect charged
e9ea4982817bc070f6d26417ffe0222e434b410635b1982e6775dc5c1a11dddd,2014-10,Northumbria Police,Northumbria Police,-1.615745,54.950800,On or near SALTWELL PLACE,E01008170,Gateshead 008C,Suspect charged
d067c099bd180f79c1129a3eb4f1eba43ad1575b9883dfe619d9056def76b114,2014-10,Northumbria Police,Northumbria Police,-1.387978,54.903462,On or near ALBION PLACE,E01008831,Sunderland 013D,Local resolution
86571fd6e8de7d61af3fbfe1884b4fa120604e91d48f7fe2e81327942bfa8c9e,2014-10,Northumbria Police,Northumbria Police,-1.930547,55.687440,On or near Park/Open Space,E01027380,Northumberland 002C,Investigation complete; no suspect identified
8223baee15694b812f62cc15a6c8083519031ba434e20e69ef07e2be4cc95024,2014-10,Northumbria Police,Northumbria Police,-1.613754,55.008692,On or near BACK BEAUMONT TERRACE,E01008354,Newcastle upon Tyne 005B,Suspect charged
bb48827238e5898694c012a35cb07ba648abd124f74bbdf466651e86de7a038c,2014-10,Northumbria Police,Northumbria Police,-1.862736,54.972016,On or near DENE CLOSE,E01027496,Northumberland 036B,Suspect charged
cb89d6395291c79798862a39f5911a5cd51d0c10a5047d77bffa3c7dc312ee97,2014-10,Northumbria Police,Northumbria Police,-1.689393,54.971050,On or near PARMONTLEY STREET,E01033547,Newcastle upon Tyne 025E,Offender given a caution
6513bacea2acf586d16d1f62093088f0ee523c6431a7d4e49e2d9857b0566e49,2014-10,Northumbria Police,Northumbria Police,-1.415549,54.968192,On or near PARK AVENUE,E01008691,South Tyneside 019D,Investigation complete; no suspect identified
620b34511af68891cb39fee496aa83810d989c02605c8140ead3ef56a2591fa3,2014-10,Northumbria Police,Northumbria Police,-1.438052,54.873356,On or near CHARTER DRIVE,E01008772,Sunderland 029A,Investigation complete; no suspect identified
cd68e2cc67e970955473eeb2e892b395dc7fb6b228865621ddcfc115da2839c3,2014-10,Northumbria Police,Northumbria Police,-1.575087,54.986430,On or near SIMONSIDE TERRACE,E01008361,Newcastle upon Tyne 018D,Suspect charged
9fa75fb4edfa29f5ae18fbfe17ead7d41a2f47804bdafb5666be43f7d9a4483e,2014-10,Northumbria Police,Northumbria Police,-1.575087,54.986430,On or near SIMONSIDE TERRACE,E01008361,Newcastle upon Tyne 018D,Suspect charged
c461259e276c3c7cdce76a55d3cff58df9d1a5fc6a9ca7659c1be11e39e3556f,2014-10,Northumbria Police,Northumbria Police,-1.661168,55.013479,On or near Supermarket,E01008295,Newcastle upon Tyne 008A,Suspect charged
c4315a23f50d08aa8dd1bde76f9378c8dc1ca8359d1953469aabb74315fd8832,2014-10,Northumbria Police,Northumbria Police,-1.612740,54.974308,On or near Shopping Area,E01008397,Newcastle upon Tyne 024C,Suspect charged
f58d055a21d7d4f30df60067fd2abc11b8e8dd1fa875f8e33d6466d53dd12bf8,2014-10,Northumbria Police,Northumbria Police,-1.661168,55.013479,On or near Supermarket,E01008295,Newcastle upon Tyne 008A,Suspect charged
f58d055a21d7d4f30df60067fd2abc11b8e8dd1fa875f8e33d6466d53dd12bf8,2014-10,Northumbria Police,Northumbria Police,-1.661168,55.013479,On or near Supermarket,E01008295,Newcastle upon Tyne 008A,Suspect charged
f4cf0dccae863cb934891855dd58d524c20b9837db403bd1ba660b401c3570c3,2014-10,Northumbria Police,Northumbria Police,-1.415640,54.887557,On or near POWIS ROAD,E01008828,Sunderland 023F,Investigation complete; no suspect identified
b7a1d0435dda1cba8fd66c4608372af9cc7de669481f56cd419a75a81aa4566a,2014-10,Northumbria Police,Northumbria Police,-1.582736,55.009848,On or near KNOWLE PLACE,E01032650,North Tyneside 019G,Investigation complete; no suspect identified
3300072496bd2a5881e7933dfed86fe8e96e6153221f032b3d8095f25a3e23ff,2014-10,Northumbria Police,Northumbria Police,-1.445804,55.009113,On or near Shopping Area,E01008524,North Tyneside 022B,Suspect charged
3b8d7690e25c9fab74aa5076504a075c9d05d6a04ff617c186aa60501e296cf8,2014-10,Northumbria Police,Northumbria Police,-1.384256,54.905204,On or near BROUGHAM STREET,E01008703,Sunderland 013B,Offender given a caution
7f64461eb1cf2d233bc78471e12026be303faeb1baf854a2ba3972639915ebcd,2014-10,Northumbria Police,Northumbria Police,-1.487208,54.983387,On or near SHAKESPEARE STREET,E01008604,South Tyneside 007B,Suspect charged
d365526475e51107951893f17eb8ce020dc5a8e2f05ab4f061bca09769a761ea,2014-10,Northumbria Police,Northumbria Police,-1.372786,54.922741,On or near DINSDALE ROAD,E01008786,Sunderland 006A,Investigation complete; no suspect identified
e40d7cdd6d9b42ca40350826d7bd02d04eaa33be08c6ee6c09dfbd293b0ae87e,2014-10,Northumbria Police,Northumbria Police,-1.371669,54.894239,On or near TEL-EL-KEBIR ROAD,E01008737,Sunderland 016D,Investigation complete; no suspect identified
a3a76c353e8a26adcf77950495c5bf198896cc092a655dd0bf1458df64d34c5e,2014-10,Northumbria Police,Northumbria Police,-1.444423,54.981168,On or near DEVONSHIRE STREET,E01008671,South Tyneside 012C,Suspect charged
76d8ffc62232c96322b755af536e9206d0f9373ca3d8b133e7e8c7495ffa48c1,2014-10,Northumbria Police,Northumbria Police,-1.370764,54.914319,On or near HUDDLESTONE RISE,E01008789,Sunderland 006D,Suspect charged
ba739af71cfbdc923543d511acac0fa58bba68a8f8350031a04a5185acc0c863,2014-10,Northumbria Police,Northumbria Police,-1.565415,54.928426,On or near BRANDON GARDENS,E01008227,Gateshead 021E,Suspect charged
b27824c90ed9664627bdfbe4dfc9c7f192014c559cc661aa92bf3de959b3528c,2014-10,Northumbria Police,Northumbria Police,-1.619988,54.972758,On or near Nightclub,E01033543,Newcastle upon Tyne 024G,Offender given a caution
b044ea017bebd1ad40b1036934ed2c06f9efde3ae6b1fbc5c3d3c45f495187a6,2014-10,Northumbria Police,Northumbria Police,-1.621934,54.968460,On or near WESTMORLAND ROAD,E01033545,Newcastle upon Tyne 024H,Offender given a caution
5d4e6762d791573063e74bf330e0fae2fa23a29935e702240c17a99fe667d257,2014-10,Northumbria Police,Northumbria Police,-1.565415,54.928426,On or near BRANDON GARDENS,E01008227,Gateshead 021E,Suspect charged
7cf01e159364c34a6bc766a0da8615a60e8e09f65e7f30ca53035ae72255c175,2014-10,Northumbria Police,Northumbria Police,-1.555321,54.970715,On or near LOSH TERRACE,E01008426,Newcastle upon Tyne 028C,Investigation complete; no suspect identified
7cf01e159364c34a6bc766a0da8615a60e8e09f65e7f30ca53035ae72255c175,2014-10,Northumbria Police,Northumbria Police,-1.555321,54.970715,On or near LOSH TERRACE,E01008426,Newcastle upon Tyne 028C,Investigation complete; no suspect identified
da33da801a31a8976d8799da264c64c49e1377ea62de7c64dfd66eeb989f2e2f,2014-10,Northumbria Police,Northumbria Police,-1.560327,55.180092,On or near THIRD AVENUE,E01027546,Northumberland 010E,Suspect charged
ac7699f903e53e40c1c4588d7613a932f0fc0444debf76e0c8e1b813c838c96f,2014-10,Northumbria Police,Northumbria Police,-1.620889,54.963271,On or near SHOT FACTORY LANE,E01008438,Newcastle upon Tyne 029G,Offender given a caution
94fa0501a8e3286992664fbc5c7a9d03148a2ff867f1a4fd403e4eb108cefc84,2014-10,Northumbria Police,Northumbria Police,-1.399645,54.902325,On or near CHESTER ROAD,E01008830,Sunderland 018B,Investigation complete; no suspect identified
cb7f7e6c03e85a12b14debb24bff150528e6175396be5fb298d82bc98594ab09,2014-10,Northumbria Police,Northumbria Police,-1.526479,54.898032,On or near ROCHE COURT,E01008849,Sunderland 019D,Offender given a caution
1a90033608bc2e94a7ee7477505dab0dc1c48a03c0ded993d246d99abcf18f4b,2014-10,Northumbria Police,Northumbria Police,-1.418051,54.910646,On or near VICTORY STREET,E01008762,Sunderland 012B,Investigation complete; no suspect identified
c8b127a31c554785969e3fb43575981c33e47a252adb4203023de7b63f3efad8,2014-10,Northumbria Police,Northumbria Police,-1.420636,54.883825,On or near PRINCETOWN TERRACE,E01008827,Sunderland 023E,Investigation complete; no suspect identified
5fbedc4d07fd4c6344f0d40b0ab722324036ee2507a0821dcc7ada022714654a,2014-10,Northumbria Police,Northumbria Police,-1.535295,54.993717,On or near BEECH GROVE,E01008536,North Tyneside 030C,Investigation complete; no suspect identified
01698cef855953600f287e2920aed8eb636191f72ede7863ba1741348ab3968f,2014-10,Northumbria Police,Northumbria Police,-1.593883,55.087427,On or near STATION ROAD,E01027404,Northumberland 028E,Offender given a caution
2585db0abb0d8ef8b9bda2b7cbe3553e7e2c08bab5fd7e56fc2ee675ecedcdf5,2014-10,Northumbria Police,Northumbria Police,-1.658134,54.969367,On or near CLARA STREET,E01008291,Newcastle upon Tyne 027D,Suspect charged
924feaa1b2dec971c58dcc6cad70b1dc596163b93d0098f3501b6aa9524e7f2c,2014-10,Northumbria Police,Northumbria Police,-1.640722,54.961759,On or near ALBANY COURT,E01008437,Newcastle upon Tyne 029F,Offender given a caution
a895bccd52743be504eed144e7d163ab19ce5c8db3967e1146a25c896bca78a3,2014-10,Northumbria Police,Northumbria Police,-1.381905,54.917126,On or near Shopping Area,E01008787,Sunderland 006B,Suspect charged
42dc81b2f865a894be75c87477c2224c1b853f637595056bf7ff49190d2d8cad,2014-10,Northumbria Police,Northumbria Police,-1.480115,54.971163,On or near CHATSWORTH ROAD,E01008663,South Tyneside 017E,Offender given a drugs possession warning
40fd43e4dad1356e36e6c6ebaa0de71eb87fdc56371e589b59f42e019389ba0f,2014-10,Northumbria Police,Northumbria Police,-1.557787,55.185420,On or near WOODHORN ROAD,E01027539,Northumberland 010C,Investigation complete; no suspect identified
d89153ae6295735eb93bdbdc2d7c112fcbec7602db110faa5bbb0ff5fa9d7286,2014-10,Northumbria Police,Northumbria Police,-1.565175,55.180514,On or near SECOND AVENUE,E01027528,Northumberland 010A,Suspect charged
b889e98d89642fb6164995108c2d549b6cf3584fc510dae40244a646ade09aef,2014-10,Northumbria Police,Northumbria Police,-1.452167,54.968973,On or near EBOR STREET,E01008669,South Tyneside 012B,Investigation complete; no suspect identified
2e0023a5c277c79de6be6c087dab5a4813b202b46a321560156134cef40c9f7c,2014-10,Northumbria Police,Northumbria Police,-1.574556,54.933176,On or near HAREBELL ROAD,E01008220,Gateshead 021B,Investigation complete; no suspect identified
5a257ab589e4e0082e752cac489af98667e3e5e895bbafdfc2419f5263a10c4b,2014-10,Northumbria Police,Northumbria Police,-1.591674,54.958100,On or near SHELLEY DRIVE,E01008162,Gateshead 027A,Suspect charged
d172707c71dbc35b229bc1c597c166ee59c50e20cc16fe5574009d9313d3cdab,2014-10,Northumbria Police,Northumbria Police,-1.557600,55.183892,On or near ALEXANDRA ROAD,E01027540,Northumberland 013B,Investigation complete; no suspect identified
68741aeb41cdf87bd02d5abb0efb298729c39335c08886f50bc25ab5e6eaa0f2,2014-10,Northumbria Police,Northumbria Police,-1.446908,55.007294,On or near RUDYERD STREET,E01008524,North Tyneside 022B,Suspect charged
00706c440432917e161667d63c30bdc730329bdc962b31204204814f925653ad,2014-10,Northumbria Police,Northumbria Police,-1.575045,55.077685,On or near CROOKHAM WAY,E01027394,Northumberland 031A,Offender given a caution
3e708eec5b9c0cc9607c523e5fa9e00cd2e90c549e5811e2e9d255c99fb04647,2014-10,Northumbria Police,Northumbria Police,-1.656148,54.956762,On or near WATERSIDE DRIVE,E01008209,Gateshead 007A,Investigation complete; no suspect identified
d945154dd0d7d21a73ef88383e2539b3e1a08143fa5b984dfd6dd65c209f6f1e,2014-10,Northumbria Police,Northumbria Police,-1.597038,54.968200,On or near MILL ROAD,E01008166,Gateshead 027C,Offender given a caution
4fe419fa477d76127504745b795108190ef936cee2b62694a94e6e3ea05a863e,2014-10,Northumbria Police,Northumbria Police,-1.436065,55.014505,On or near PARK TERRACE,E01008561,North Tyneside 016C,Investigation complete; no suspect identified
27abcbba67b2ebe2923b5ba3e616f49eefbc212b9bf31d2465ed39fc095a9259,2014-10,Northumbria Police,Northumbria Police,-1.431373,54.870710,On or near ALDWYCH ROAD,E01008773,Sunderland 026A,Offender given a drugs possession warning
673b3c98548537190e681be02114bd6849dc9f1588d6ddd7cee96af418b277ef,2014-10,Northumbria Police,Northumbria Police,-1.468087,54.964065,On or near ABERDEEN DRIVE,E01008603,South Tyneside 014B,Suspect charged
f37726e06f52c220b5aa01ec82bb49a5b849f0ede2e4b9bd609a647ebc807eca,2014-10,Northumbria Police,Northumbria Police,-1.642638,54.979998,On or near STUDLEY TERRACE,E01033556,Newcastle upon Tyne 022H,Suspect charged
f37726e06f52c220b5aa01ec82bb49a5b849f0ede2e4b9bd609a647ebc807eca,2014-10,Northumbria Police,Northumbria Police,-1.642638,54.979998,On or near STUDLEY TERRACE,E01033556,Newcastle upon Tyne 022H,Suspect charged
f37726e06f52c220b5aa01ec82bb49a5b849f0ede2e4b9bd609a647ebc807eca,2014-10,Northumbria Police,Northumbria Police,-1.642638,54.979998,On or near STUDLEY TERRACE,E01033556,Newcastle upon Tyne 022H,Investigation complete; no suspect identified
17177dab809f28ace1d08fa7fffb54362995f70ec6e2c3f12db19d7e5618fffc,2014-10,Northumbria Police,Northumbria Police,-1.614126,54.977988,On or near BARRAS BRIDGE,E01008397,Newcastle upon Tyne 024C,Offender given a caution
6d550baefbd291e941920d95cce687492b19c89d7ee5fb8a3e9450f717e7763b,2014-10,Northumbria Police,Northumbria Police,-1.614002,54.976262,On or near Shopping Area,E01008397,Newcastle upon Tyne 024C,Suspect charged
f0451bc68685f210f2b4216ffb04a2aa74474cb8b503286b83bfdc00c4665395,2014-10,Northumbria Police,Northumbria Police,-1.424886,54.988123,On or near EAST GEORGE POTTS STREET,E01008668,South Tyneside 002E,Suspect charged
da7dd15934621d62ac061f64746e8b7158697836346f26c13b0e23c2ff20d036,2014-10,Northumbria Police,Northumbria Police,-1.604498,54.970444,On or near PANDON,E01033553,Newcastle upon Tyne 023H,Investigation complete; no suspect identified
f382ef0e62a6e7fea6f2e41730937a2d664a8ab867e5e806783a4d68ba561352,2014-10,Northumbria Police,Northumbria Police,-1.419622,54.913134,On or near Shopping Area,E01008762,Sunderland 012B,Suspect charged as part of another case
ad93a3042a1ecdae7b91daf317579bf72fb0ac822b938fd5d354a02ff5519b9e,2014-10,Northumbria Police,Northumbria Police,-1.582893,54.960002,On or near Supermarket,E01008214,Gateshead 003A,Investigation complete; no suspect identified
ad93a3042a1ecdae7b91daf317579bf72fb0ac822b938fd5d354a02ff5519b9e,2014-10,Northumbria Police,Northumbria Police,-1.582893,54.960002,On or near Supermarket,E01008214,Gateshead 003A,Investigation complete; no suspect identified
eec0bcf8eb6476f83ec61492578101b6d0d14d5cc8ee7978c0fd4a50a35488d6,2014-10,Northumbria Police,Northumbria Police,-1.668796,55.011991,On or near PETHERTON COURT,E01008294,Newcastle upon Tyne 001A,Suspect charged
eec0bcf8eb6476f83ec61492578101b6d0d14d5cc8ee7978c0fd4a50a35488d6,2014-10,Northumbria Police,Northumbria Police,-1.668796,55.011991,On or near PETHERTON COURT,E01008294,Newcastle upon Tyne 001A,Suspect charged
eec0bcf8eb6476f83ec61492578101b6d0d14d5cc8ee7978c0fd4a50a35488d6,2014-10,Northumbria Police,Northumbria Police,-1.668796,55.011991,On or near PETHERTON COURT,E01008294,Newcastle upon Tyne 001A,Suspect charged
d822499cc2b8fe856ec72138ee3102fb8668cc00f5df778a87af81bbe409fd8f,2014-10,Northumbria Police,Northumbria Police,-1.713914,54.975972,On or near HIGH ROW,E01008385,Newcastle upon Tyne 021E,Investigation complete; no suspect identified
ddf03bb3a6a372089b115380479cd5ac258db63aed72a8c1467138b4b7a65b65,2014-10,Northumbria Police,Northumbria Police,-1.382451,54.906974,On or near STATION STREET,E01008703,Sunderland 013B,Suspect charged
ddf03bb3a6a372089b115380479cd5ac258db63aed72a8c1467138b4b7a65b65,2014-10,Northumbria Police,Northumbria Police,-1.382451,54.906974,On or near STATION STREET,E01008703,Sunderland 013B,Suspect charged
d0c0dbc1163638e256a4d80c55f87e11be214b282680f5fb358f3bac076c3c00,2014-10,Northumbria Police,Northumbria Police,-1.659198,54.980243,On or near BRACKEN PLACE,E01008348,Newcastle upon Tyne 019F,Suspect charged
9a04359b18a53018f360173f3204ffd3f0160f436a4e2e7e8f6b3836bb38fe25,2014-10,Northumbria Police,Northumbria Police,-1.403532,54.918942,On or near MOUNT PLEASANT,E01033075,Sunderland 005G,Offender given a caution
7961431cb40330ac5bcec313c52af387c49ebce55cdaf1534402cbc87dc58cae,2014-10,Northumbria Police,Northumbria Police,-1.598808,54.977138,On or near Petrol Station,E01008406,Newcastle upon Tyne 023A,Suspect charged
0e5772bb61d7356d9be04a25812f619d04dcf9629467f1c38d8959525ddc67a1,2014-10,Northumbria Police,Northumbria Police,-1.637015,54.965918,On or near Shopping Area,E01008437,Newcastle upon Tyne 029F,Suspect charged
f17d729b13160250de742229b44853f8301d25af8e217d85f2a5ef5cbd14b2cc,2014-10,Northumbria Police,Northumbria Police,-1.560327,55.180092,On or near THIRD AVENUE,E01027546,Northumberland 010E,Suspect charged
5a671dc30deca72f4abf7355ab37fa7e96e7f3854637ddf6ad6191d6c45155d5,2014-10,Northumbria Police,Northumbria Police,-2.004976,55.154159,On or near Sports/Recreation Area,E01027479,Northumberland 019A,Offender given penalty notice
b8ccaf9fe3b30d119b40af40cb5f0c900a1ec48e414591e41bdfe748de007a81,2014-10,Northumbria Police,Northumbria Police,-1.617134,54.972264,On or near NEWGATE STREET,E01033543,Newcastle upon Tyne 024G,Offender given a drugs possession warning
b8ccaf9fe3b30d119b40af40cb5f0c900a1ec48e414591e41bdfe748de007a81,2014-10,Northumbria Police,Northumbria Police,-1.617134,54.972264,On or near NEWGATE STREET,E01033543,Newcastle upon Tyne 024G,Offender given a caution
f27aa1e3fdaa7b89b9603467e7f17c7f3214886f3756b01f44d75a6be96ff02c,2014-10,Northumbria Police,Northumbria Police,-1.697930,54.990814,On or near Pedestrian Subway,E01008325,Newcastle upon Tyne 015B,Suspect charged
238dcc263c061d166976a462ae32749326efbdb7ef7d54913ec347f39e8a0940,2014-10,Northumbria Police,Northumbria Police,-1.512453,55.126991,On or near Parking Area,E01027415,Northumberland 023B,Suspect charged
456eafe260d87161f155bdd53c7f4e54a687073c4b7f2eef170d0cb56fb6c7db,2014-10,Northumbria Police,Northumbria Police,-1.612740,54.974308,On or near Shopping Area,E01008397,Newcastle upon Tyne 024C,Suspect charged
21635a98ad9f5cb23e939b5cdd457febe99079740fdeab54a8f6d3a69f2ee91e,2014-10,Northumbria Police,Northumbria Police,-1.580427,54.982342,On or near ROXBURGH PLACE,E01008362,Newcastle upon Tyne 018E,Suspect charged
a7be8e00d3178d36e1e99f281c332bd6c0404f35e4751535f9da7bded640f90f,2014-10,Northumbria Police,Northumbria Police,-1.565207,54.894187,On or near PORTMEADS ROAD,E01008174,Gateshead 026C,Suspect charged
7657a079a031571179c16b1d52f45786cc15ffca9765564acee1ae8a480150dd,2014-10,Northumbria Police,Northumbria Police,-1.526906,54.990683,On or near HOLLY AVENUE,E01008572,North Tyneside 029A,Investigation complete; no suspect identified
73e4b548ecac0c11511150e68c5d541c6ba842ce7511c3d647f18e6c1ad50575,2014-10,Northumbria Police,Northumbria Police,-1.723459,54.980693,On or near CROFTON WAY,E01008383,Newcastle upon Tyne 021C,Suspect charged
73e4b548ecac0c11511150e68c5d541c6ba842ce7511c3d647f18e6c1ad50575,2014-10,Northumbria Police,Northumbria Police,-1.723459,54.980693,On or near CROFTON WAY,E01008383,Newcastle upon Tyne 021C,Suspect charged
3e50768cef0a9c8b0a6cb7761b8ce91dea399098c10bbf7461147572bd82addd,2014-10,Northumbria Police,Northumbria Police,-1.402584,54.907075,On or near WOOD STREET,E01008706,Sunderland 011C,Suspect charged
59d5f5123c7c58ec13cc84e7ae4bd0a78c740c18a8028a2599463475fb2f9e5d,2014-10,Northumbria Police,Northumbria Police,-1.575754,54.883045,On or near YORK ROAD,E01008174,Gateshead 026C,Suspect charged
59d5f5123c7c58ec13cc84e7ae4bd0a78c740c18a8028a2599463475fb2f9e5d,2014-10,Northumbria Police,Northumbria Police,-1.575754,54.883045,On or near YORK ROAD,E01008174,Gateshead 026C,Suspect charged
0a0026be749ea1b9f78b8fcef9eacdbffed07de1528fe2da63d6ca92a2f84542,2014-10,Northumbria Police,Northumbria Police,-1.575754,54.883045,On or near YORK ROAD,E01008174,Gateshead 026C,Suspect charged
daee8a4ff651295cce4d324223f42fd77594a134a7752c03a90f68f761fb407c,2014-10,Northumbria Police,Northumbria Police,-1.614002,54.976262,On or near Shopping Area,E01008397,Newcastle upon Tyne 024C,Suspect charged
954b0e781931661afe0e6edc786338fb58ea48cd36168017fc3c134390135c01,2014-10,Northumbria Police,Northumbria Police,-1.377618,54.904847,On or near BOROUGH ROAD,E01008836,Sunderland 016F,Suspect charged
c1f23bcbb9806ecad344b3d1015056f27126e06a7087ce302c4c0a8ee28875ab,2014-10,Northumbria Police,Northumbria Police,-1.377618,54.904847,On or near BOROUGH ROAD,E01008836,Sunderland 016F,Suspect charged
b8b1e5b2fd62ec4b485e6371d857a2ba67fa71996c1d91743ec1f47549cd6904,2014-10,Northumbria Police,Northumbria Police,-1.635961,54.952938,On or near CLOCKMILL ROAD,E01008210,Gateshead 007B,Offender given a drugs possession warning
45abb9e440157e21b95f2edd8fe10bf9c721fabc05580a0f3ee6a341c7e7cadc,2014-10,Northumbria Police,Northumbria Police,-1.595834,54.952821,On or near DURHAM PLACE,E01008163,Gateshead 028A,Investigation complete; no suspect identified
d5f498d9a984a3d0ce90a73d05346356c320f521f644f7705eb8856b482ef26b,2014-10,Northumbria Police,Northumbria Police,-1.554497,55.126945,On or near Supermarket,E01027425,Northumberland 025A,Offender given penalty notice
d5f498d9a984a3d0ce90a73d05346356c320f521f644f7705eb8856b482ef26b,2014-10,Northumbria Police,Northumbria Police,-1.554497,55.126945,On or near Supermarket,E01027425,Northumberland 025A,Offender given penalty notice
9ae8db1347b1d69b6bd743c60a566732e1015a7c82ce9d3f3e5c30a8f5a80a84,2014-10,Northumbria Police,Northumbria Police,-2.007945,55.776430,On or near PERCY TERRACE,E01027376,Northumberland 001A,Investigation complete; no suspect identified
1f3086978613b225425e4221afd50d4f8645df80c1c0bebc8746a6db3b122d0d,2014-10,Northumbria Police,Northumbria Police,-1.608320,54.954892,On or near SEDGEWICK PLACE,E01008169,Gateshead 008B,Suspect charged
4d052d345677e63640071bdd3fe6f2215379bba57ab21ced8b05af5a37c56193,2014-10,Northumbria Police,Northumbria Police,-1.542866,55.019293,On or near HUMSHAUGH CLOSE,E01008503,North Tyneside 018E,Suspect charged
4d052d345677e63640071bdd3fe6f2215379bba57ab21ced8b05af5a37c56193,2014-10,Northumbria Police,Northumbria Police,-1.542866,55.019293,On or near HUMSHAUGH CLOSE,E01008503,North Tyneside 018E,Suspect charged
7e9534d957bd32d0531625682b0f5a20acdae2f98e5cffd9a800b91f21716ecf,2014-10,Northumbria Police,Northumbria Police,-1.586985,54.976757,On or near Petrol Station,E01008304,Newcastle upon Tyne 026C,Suspect charged
bae5d51e6d8107a7ee5fe59d15d6c93f7a6e9a733dc43aa78c587239e1c5cc5e,2014-10,Northumbria Police,Northumbria Police,-1.512453,55.126991,On or near Parking Area,E01027415,Northumberland 023B,Suspect charged
bae5d51e6d8107a7ee5fe59d15d6c93f7a6e9a733dc43aa78c587239e1c5cc5e,2014-10,Northumbria Police,Northumbria Police,-1.512453,55.126991,On or near Parking Area,E01027415,Northumberland 023B,Investigation complete; no suspect identified
9ff1ab056c8644201031c25bfb66f8cd3864ec5b483d4ba3fa5226b48f0e0e06,2014-10,Northumbria Police,Northumbria Police,-1.397269,54.870285,On or near ORR AVENUE,E01008804,Sunderland 027B,Suspect charged
0cbaf64c41545bdda107e7806acb0c410a42286685ba7e886141ce6489e74cec,2014-10,Northumbria Police,Northumbria Police,-1.463466,54.961547,On or near MULL GROVE,E01008603,South Tyneside 014B,Suspect charged
0cbaf64c41545bdda107e7806acb0c410a42286685ba7e886141ce6489e74cec,2014-10,Northumbria Police,Northumbria Police,-1.463466,54.961547,On or near MULL GROVE,E01008603,South Tyneside 014B,Investigation complete; no suspect identified
19edc6057497f54608b8a8899b67091762d06d7db8d62b1b17a6b99ed836adb7,2014-10,Northumbria Police,Northumbria Police,-1.502466,54.892994,On or near WILDEN ROAD,E01008850,Sunderland 017D,Investigation complete; no suspect identified
a66690f2d1350743a36adbdf6bf70e9445f53ba109ada6f6b3798c89ad0f67ff,2014-10,Northumbria Police,Northumbria Police,-1.574095,55.180356,On or near KENILWORTH ROAD,E01027529,Northumberland 010B,Suspect charged
a66690f2d1350743a36adbdf6bf70e9445f53ba109ada6f6b3798c89ad0f67ff,2014-10,Northumbria Police,Northumbria Police,-1.574095,55.180356,On or near KENILWORTH ROAD,E01027529,Northumberland 010B,Suspect charged
e08a3f4ed767f21c9ead99f91945293b7528a442d3e0a05b54beddb16e05f4f3,2014-10,Northumbria Police,Northumbria Police,-1.616721,54.974644,On or near Shopping Area,E01008397,Newcastle upon Tyne 024C,Suspect charged
bd46d3cb57ca8f42a67bcf2e5b863093a206cfb7df7b4acb78a942ffdca0cca8,2014-10,Northumbria Police,Northumbria Police,-1.611154,54.975165,On or near LISLE STREET,E01008397,Newcastle upon Tyne 024C,Suspect charged
697f772c4dadd9138e93895d49f3a00922085cbdf2f4977d2c6e20a8c144de16,2014-10,Northumbria Police,Northumbria Police,-1.611977,54.974045,On or near Shopping Area,E01033543,Newcastle upon Tyne 024G,Suspect charged
dd1835296c07bad0368dd0f7b5d230284a4f974e95a80c4c5a3a09d0488327a3,2014-10,Northumbria Police,Northumbria Police,-1.612740,54.974308,On or near Shopping Area,E01008397,Newcastle upon Tyne 024C,Suspect charged
b90469278111e16e6b16a7e8f6853d2ebd916b07eef824d1df1b08ec75067bce,2014-10,Northumbria Police,Northumbria Police,-1.655340,54.974562,On or near Parking Area,E01008334,Newcastle upon Tyne 029D,Suspect charged
f19f06b9f2da31c9adb2434ef96701f045f88dff48f11e2d5d86243dfd11eaa4,2014-10,Northumbria Police,Northumbria Police,-1.573997,54.984611,On or near MARLEEN COURT,E01008360,Newcastle upon Tyne 018C,Investigation complete; no suspect identified
37830dfeb4415f99d45b9a9059d6e2a8a3a95162f586ea1c9e9055132b53a57b,2014-10,Northumbria Police,Northumbria Police,-1.464938,54.811767,On or near TYNEDALE STREET,E01008743,Sunderland 036A,Suspect charged
37830dfeb4415f99d45b9a9059d6e2a8a3a95162f586ea1c9e9055132b53a57b,2014-10,Northumbria Police,Northumbria Police,-1.464938,54.811767,On or near TYNEDALE STREET,E01008743,Sunderland 036A,Suspect charged
37830dfeb4415f99d45b9a9059d6e2a8a3a95162f586ea1c9e9055132b53a57b,2014-10,Northumbria Police,Northumbria Police,-1.464938,54.811767,On or near TYNEDALE STREET,E01008743,Sunderland 036A,Suspect charged
37830dfeb4415f99d45b9a9059d6e2a8a3a95162f586ea1c9e9055132b53a57b,2014-10,Northumbria Police,Northumbria Police,-1.464938,54.811767,On or near TYNEDALE STREET,E01008743,Sunderland 036A,Suspect charged
37830dfeb4415f99d45b9a9059d6e2a8a3a95162f586ea1c9e9055132b53a57b,2014-10,Northumbria Police,Northumbria Police,-1.464938,54.811767,On or near TYNEDALE STREET,E01008743,Sunderland 036A,Suspect charged
37830dfeb4415f99d45b9a9059d6e2a8a3a95162f586ea1c9e9055132b53a57b,2014-10,Northumbria Police,Northumbria Police,-1.464938,54.811767,On or near TYNEDALE STREET,E01008743,Sunderland 036A,Suspect charged
24e4a904f3f7a662a420968f6aadfa5fd94667e70df17f4b683dbb03072ac14e,2014-10,Northumbria Police,Northumbria Police,-1.588589,54.932883,On or near WHINLATTER GARDENS,E01008221,Gateshead 021C,Suspect charged
a5a10455c3bbe85a8624f811e72db2cc501dc78a4839061305f51025c3b89671,2014-10,Northumbria Police,Northumbria Police,-1.438688,54.973369,On or near STRAKER TERRACE,E01008590,South Tyneside 011A,Investigation complete; no suspect identified
bbfe972dbf0a4915c9b3fc69fe345a9d5ad62146ea909d1d58650047b56e36e6,2014-10,Northumbria Police,Northumbria Police,-1.528406,54.901320,On or near THORNTON COURT,E01008849,Sunderland 019D,Suspect charged
bbfe972dbf0a4915c9b3fc69fe345a9d5ad62146ea909d1d58650047b56e36e6,2014-10,Northumbria Police,Northumbria Police,-1.528406,54.901320,On or near THORNTON COURT,E01008849,Sunderland 019D,Suspect charged
8966e5e0ebd8b32a2b2e4590a3ceff377cbb5c4f09722d3f17039b794edaac6d,2014-10,Northumbria Police,Northumbria Police,-1.530603,54.916183,On or near Supermarket,E01008860,Sunderland 009F,Investigation complete; no suspect identified
0db606601e95414825b66d5cd38b779a66d8cc1260b5d2064af7718166c14b82,2014-10,Northumbria Police,Northumbria Police,-1.634255,55.296721,On or near WANSBECK ROAD,E01027444,Northumberland 008B,Investigation complete; no suspect identified
0d10ae0e4dc434d25c82acf705dd67d1e1742c44aceaf62b6bb1459dd331fe90,2014-10,Northumbria Police,Northumbria Police,-1.518174,54.975956,On or near LANDFALL DRIVE,E01008639,South Tyneside 009A,Investigation complete; no suspect identified
587958f0c0c7fa823fc4a27292eb1bacd5b3896b8c5f99bb35aa0b8078d4b8cc,2014-10,Northumbria Police,Northumbria Police,-1.809059,54.919724,On or near TAY STREET,E01008186,Gateshead 024B,Investigation complete; no suspect identified
fcbc8494a7461e002ca3279d9a7be5a827e33f0f620546d31300fe1714b601f7,2014-10,Northumbria Police,Northumbria Police,-1.506420,55.186347,On or near SANDRIDGE,E01027541,Northumberland 009A,Investigation complete; no suspect identified
8041eaab79e47f864c2d6272294d6170de0da457ce1edb2d8a973686865a42b1,2014-10,Northumbria Police,Northumbria Police,-1.633585,54.972027,On or near QUARRY BANK COURT,E01008439,Newcastle upon Tyne 024E,Investigation complete; no suspect identified
2b3b320b563ea3c2d3fb1e60bd77a13c687338aeebe81825b1663f87bf6d792b,2014-10,Northumbria Police,Northumbria Police,-1.586479,55.085300,On or near Pedestrian Subway,E01027409,Northumberland 029B,Offender given penalty notice
2b3b320b563ea3c2d3fb1e60bd77a13c687338aeebe81825b1663f87bf6d792b,2014-10,Northumbria Police,Northumbria Police,-1.586479,55.085300,On or near Pedestrian Subway,E01027409,Northumberland 029B,Suspect charged
ee35eb62a6436d85e26cc8b0c3f24e541856c8afe63678b68457a8afaf3bcad0,2014-10,Northumbria Police,Northumbria Police,-1.925521,55.173322,On or near B6343,E01027447,Northumberland 015A,Investigation complete; no suspect identified
d95a7145b6cf5fb2d799af8a57cf707bca1802e3b8c41cb52b7b85f3d618fa59,2014-10,Northumbria Police,Northumbria Police,-1.589991,54.956144,On or near HARDWICK COURT,E01008162,Gateshead 027A,Investigation complete; no suspect identified
3d006456776e4c55a47a4a6dffdc356aacec0d69005dd7ca76f954031aedfc86,2014-10,Northumbria Police,Northumbria Police,-1.433307,55.010493,On or near CLIFFORD STREET,E01008561,North Tyneside 016C,Investigation complete; no suspect identified
54b514f6c2911f03c3ef4a04c57e509b0a5cc8215a7d3c7ab50f28250704669c,2014-10,Northumbria Police,Northumbria Police,-1.618626,54.974704,On or near Parking Area,E01008397,Newcastle upon Tyne 024C,Suspect charged
bb9c96747dfbbdb6e633ce9586304397eda2eda9630e25c27e2b0c873e59f3c5,2014-10,Northumbria Police,Northumbria Police,-1.493675,54.997235,On or near STEAD STREET,E01008542,North Tyneside 028B,Suspect charged
bb9c96747dfbbdb6e633ce9586304397eda2eda9630e25c27e2b0c873e59f3c5,2014-10,Northumbria Police,Northumbria Police,-1.493675,54.997235,On or near STEAD STREET,E01008542,North Tyneside 028B,Suspect charged
256f1e51b8afb66fc2a0a245c74e224e15dccc5bb4d34b238ae980c25a27d725,2014-10,Northumbria Police,Northumbria Police,-1.386149,54.906831,On or near WEST STREET,E01008703,Sunderland 013B,Offender given a caution
256f1e51b8afb66fc2a0a245c74e224e15dccc5bb4d34b238ae980c25a27d725,2014-10,Northumbria Police,Northumbria Police,-1.386149,54.906831,On or near WEST STREET,E01008703,Sunderland 013B,Suspect charged
e4e5dbabd2f806f126a504d95925a7572c843c36ed997efb8180c49ec830f309,2014-10,Northumbria Police,Northumbria Police,-1.438027,54.986037,On or near Parking Area,E01008666,South Tyneside 002C,Suspect charged
b05abcea82d78ca914fc647aac4b8d22b7eb098ea83ebceacb9f42b88656a4a5,2014-10,Northumbria Police,Northumbria Police,-1.493675,54.997235,On or near STEAD STREET,E01008542,North Tyneside 028B,Suspect charged
b05abcea82d78ca914fc647aac4b8d22b7eb098ea83ebceacb9f42b88656a4a5,2014-10,Northumbria Police,Northumbria Police,-1.493675,54.997235,On or near STEAD STREET,E01008542,North Tyneside 028B,Suspect charged
4599fb72efd2b55eb7612ab5aba85113274f21dd9c50679722a1174e4001dbe7,2014-10,Northumbria Police,Northumbria Police,-1.544487,55.121840,On or near MONKDALE AVENUE,E01027425,Northumberland 025A,Investigation complete; no suspect identified
ac9b8a7b68e95d60130b82c711c080ba4c7570ea08db7a9f20bd4417220f50de,2014-10,Northumbria Police,Northumbria Police,-1.559092,55.037173,On or near EAST BAILEY,E01008504,North Tyneside 002C,Offender given a caution
5294dcf825612bbbe23848e1991d31ed6f6ab3ebb5d58a2c775951e7872dd63b,2014-10,Northumbria Police,Northumbria Police,-1.521677,55.118850,On or near EIGHTH AVENUE,E01027430,Northumberland 024E,Suspect charged
ad7deefe545b3288790067fd2677752d703776f7358abd6c52df556fe0a8d6db,2014-10,Northumbria Police,Northumbria Police,-1.521677,55.118850,On or near EIGHTH AVENUE,E01027430,Northumberland 024E,Suspect charged
61660ad47f701d59f78dcc52cd26a04764b6adc09555e2b88fab25db72f4b04f,2014-10,Northumbria Police,Northumbria Police,-1.481064,55.017554,On or near CHIRTON HILL DRIVE,E01008490,North Tyneside 015C,Suspect charged
77dc3ccc883ede966c25930ac3a22f42b2299d00a19e142f73c34ef2058ca4d6,2014-10,Northumbria Police,Northumbria Police,-1.476901,55.018956,On or near BILLY MILL LANE,E01008487,North Tyneside 020B,Suspect charged
dc9395dd547450929fab42ae5b8038027a5f046b5ef1f171f079eabbcd9fd06b,2014-10,Northumbria Police,Northumbria Police,-1.402584,54.907075,On or near WOOD STREET,E01008706,Sunderland 011C,Investigation complete; no suspect identified
dc9395dd547450929fab42ae5b8038027a5f046b5ef1f171f079eabbcd9fd06b,2014-10,Northumbria Police,Northumbria Police,-1.402584,54.907075,On or near WOOD STREET,E01008706,Sunderland 011C,Investigation complete; no suspect identified
8e780b3bfa3ddf8d4ef320e2b67f6729bbd69139d991130feedb80b703c0b8a3,2014-10,Northumbria Police,Northumbria Police,-1.535133,54.991488,On or near Supermarket,E01008536,North Tyneside 030C,Suspect charged
8e780b3bfa3ddf8d4ef320e2b67f6729bbd69139d991130feedb80b703c0b8a3,2014-10,Northumbria Police,Northumbria Police,-1.535133,54.991488,On or near Supermarket,E01008536,North Tyneside 030C,Suspect charged
6dab1ab920037fdad0a713f8681ce7b6e0f7e72b34593607cfb12adc4a5cd93e,2014-10,Northumbria Police,Northumbria Police,-1.549970,55.123721,On or near HIGHFIELD,E01027425,Northumberland 025A,Suspect charged
53a61fbf5bea82e26b05433f276f405791d7b8d4d7c0e0b8c7ddbe95a442c613,2014-10,Northumbria Police,Northumbria Police,-1.655340,54.974562,On or near Parking Area,E01008334,Newcastle upon Tyne 029D,Suspect charged
53a61fbf5bea82e26b05433f276f405791d7b8d4d7c0e0b8c7ddbe95a442c613,2014-10,Northumbria Police,Northumbria Police,-1.655340,54.974562,On or near Parking Area,E01008334,Newcastle upon Tyne 029D,Suspect charged
86126705b435fa4217ce7cde30d9240fc4cccb593e46f059037c5845475e8b86,2014-10,Northumbria Police,Northumbria Police,-1.690245,55.002405,On or near BARDON CLOSE,E01008456,Newcastle upon Tyne 004B,Investigation complete; no suspect identified
f270dbe17f55e93aa604110f2c26bf05f39b20a4591c97613152e6dfc75f5248,2014-10,Northumbria Police,Northumbria Police,-1.616721,54.974644,On or near Shopping Area,E01008397,Newcastle upon Tyne 024C,Investigation complete; no suspect identified
f270dbe17f55e93aa604110f2c26bf05f39b20a4591c97613152e6dfc75f5248,2014-10,Northumbria Police,Northumbria Police,-1.616721,54.974644,On or near Shopping Area,E01008397,Newcastle upon Tyne 024C,Offender given a caution
8fc5963b0c763b252542c22cf2e9f29cda06e248e9eb1db8e048776226039f4c,2014-10,Northumbria Police,Northumbria Police,-1.607747,54.968900,On or near SANDHILL,E01033543,Newcastle upon Tyne 024G,Offender given a caution
2d3767b5aeced220ff6cf7d9e46c51f691ee8811ad81cd3a1b6c3a969f7c3e7f,2014-10,Northumbria Police,Northumbria Police,-1.719813,54.952253,On or near PARKHEAD GARDENS,E01008277,Gateshead 004D,Suspect charged
7f3f4784ef829608ab59b1eeeed4444fa3de97ac9c96019155f6affe59d12a1c,2014-10,Northumbria Police,Northumbria Police,-1.376637,54.902694,On or near WINIFRED TERRACE,E01008836,Sunderland 016F,Investigation complete; no suspect identified
afc1c07775b35df25aee8a85d3d5ae6f51fd530d94c1bf22a32ade354e1ce090,2014-10,Northumbria Police,Northumbria Police,-1.379985,54.907070,On or near FREDERICK ROAD,E01008703,Sunderland 013B,Offender given a caution
2dcb117557893f3b9f1f84b801e33e5ca249972c02b63dfa4a0197707f5b5bbf,2014-10,Northumbria Police,Northumbria Police,-1.385078,54.907572,On or near QUEEN STREET,E01008703,Sunderland 013B,Suspect charged
e37cb71c663e4fe2a69fa9ece4e99067da43cbd8083dc201de133beacc70d83d,2014-10,Northumbria Police,Northumbria Police,-1.415370,54.907299,On or near SHERIDAN STREET,E01008757,Sunderland 015A,Suspect charged
e37cb71c663e4fe2a69fa9ece4e99067da43cbd8083dc201de133beacc70d83d,2014-10,Northumbria Police,Northumbria Police,-1.415370,54.907299,On or near SHERIDAN STREET,E01008757,Sunderland 015A,Suspect charged
24aefe8edea747cc6944d5b2021c488958d54712c1ea16e9d9c93ce76aaaec07,2014-10,Northumbria Police,Northumbria Police,-1.434218,54.905645,On or near POLTON SQUARE,E01033076,Sunderland 012F,Investigation complete; no suspect identified
2f499965bfabbc97f516d622cd2ac29500578c579879a6871968a8bc9b47520a,2014-10,Northumbria Police,Northumbria Police,-1.581373,55.059627,On or near THE WYNDING,E01008480,North Tyneside 002B,Investigation complete; no suspect identified
6d1cf23ef1cb61b2864b3070604d6cec8fbd2bc8edf1c6d30b6620d56f7d69f6,2014-10,Northumbria Police,Northumbria Police,-1.383845,54.906568,On or near SOUTH STREET,E01008703,Sunderland 013B,Investigation complete; no suspect identified
8e81bd6c30ce53e003b7d4a0455399b8df48a97011ce2784b4c74e9700a212ea,2014-10,Northumbria Police,Northumbria Police,-1.417611,54.908765,On or near EDWIN STREET,E01008757,Sunderland 015A,Offender given a drugs possession warning
099a1e45860bd5cd21d3d22a0d09b9feedb397c8c7dd4c5fa935fa4815d487eb,2014-10,Northumbria Police,Northumbria Police,-1.559009,54.963431,On or near EVISTONES GARDENS,E01008390,Newcastle upon Tyne 030A,Investigation complete; no suspect identified
5f0ab94199406545fd02c53c021810530947027349148bd15e303f787b0b207f,2014-10,Northumbria Police,Northumbria Police,-1.408462,54.898728,On or near ORMONDE STREET,E01008760,Sunderland 018A,Investigation complete; no suspect identified
068a4a871abe5794237b1c38fe80a464c2913aee03d863c45e4b8c1c764f46a9,2014-10,Northumbria Police,Northumbria Police,-1.587705,54.978180,On or near SOUTH VIEW WEST,E01008413,Newcastle upon Tyne 023F,Offender given penalty notice
69823363606404057535f44665e739f894403c497febc76502d6a67f7c746123,2014-10,Northumbria Police,Northumbria Police,-1.380886,54.913419,On or near DUNDAS STREET,E01008791,Sunderland 006F,Suspect charged
b71fe56484fe0b9f5d0d32fa3a644c878d47b6e35abd79105f342cdc597d4fc9,2014-10,Northumbria Police,Northumbria Police,-1.693001,54.993623,On or near Pedestrian Subway,E01008324,Newcastle upon Tyne 015A,Investigation complete; no suspect identified
bdd7c4297224731c0f69a65327109c3eab79b7c66debd5c4822c1e9b29c18b73,2014-10,Northumbria Police,Northumbria Police,-1.532724,54.900087,On or near Supermarket,E01008848,Sunderland 019C,Investigation complete; no suspect identified
6015cb02b483d2455b6dcadf8fcc0309ad99d6c886000cb53d6d02b2b9b8c90c,2014-10,Northumbria Police,Northumbria Police,-1.465047,54.837694,On or near WALLER TERRACE,E01008717,Sunderland 034D,Suspect charged
f9a80ef928a5453ad7e5bf966f6bd081931e37f39f091fc3efed904dcc3c8c88,2014-10,Northumbria Police,Northumbria Police,-1.621161,54.969293,On or near WATERLOO STREET,E01033554,Newcastle upon Tyne 024I,Suspect charged
fa2b3b69ff9b29692672f21706b25e2e64a806ca6b9700cda677663632d56dd6,2014-10,Northumbria Police,Northumbria Police,-1.573491,55.017643,On or near TENBURY CRESCENT,E01008471,North Tyneside 019A,Offender given a caution
613586f187fd9d0266a6080879589e506ae8fd05b8c417c9487d9892c9092cb9,2014-10,Northumbria Police,Northumbria Police,-1.420426,55.001545,On or near Parking Area,E01008598,South Tyneside 001D,Offender given a caution
940bddef2f9a9c06c9715c5c18a36e6129c68c5d26002d460393bde6f53ab95b,2014-10,Northumbria Police,Northumbria Police,-1.611184,54.970394,On or near Nightclub,E01033543,Newcastle upon Tyne 024G,Investigation complete; no suspect identified
25c0cd3e43fac9bc314f76a0bac5eaf09861cec4167c532ff247ce41bee57418,2014-10,Northumbria Police,Northumbria Police,-1.690366,54.978520,On or near HOWDENE ROAD,E01008415,Newcastle upon Tyne 025B,Suspect charged
25c0cd3e43fac9bc314f76a0bac5eaf09861cec4167c532ff247ce41bee57418,2014-10,Northumbria Police,Northumbria Police,-1.690366,54.978520,On or near HOWDENE ROAD,E01008415,Newcastle upon Tyne 025B,Investigation complete; no suspect identified
25c0cd3e43fac9bc314f76a0bac5eaf09861cec4167c532ff247ce41bee57418,2014-10,Northumbria Police,Northumbria Police,-1.690366,54.978520,On or near HOWDENE ROAD,E01008415,Newcastle upon Tyne 025B,Investigation complete; no suspect identified
69d4069a88c12aba30e71e340b6160e83a0a782a409fabe72ee03664c965932a,2014-10,Northumbria Police,Northumbria Police,-1.614002,54.976262,On or near Shopping Area,E01008397,Newcastle upon Tyne 024C,Offender given a caution
926bd1e44b9b2fd468b384e2f858f4a1873dadb1d36bbf26c3ad7850a1ed4a97,2014-10,Northumbria Police,Northumbria Police,-1.579259,54.985007,On or near MELDON TERRACE,E01008359,Newcastle upon Tyne 018B,Suspect charged
a0f80b4f8f862dcc67efb382d3ea628d341d35fcdfeb5ebbf5b9bf26e3bc770f,2014-10,Northumbria Police,Northumbria Police,-1.520864,55.129145,On or near COWPEN ROAD,E01027416,Northumberland 022C,Suspect charged
1a314f687ccfa6782acd0150346234d9f24361c737bc9cc64e1696750e7d7e57,2014-10,Northumbria Police,Northumbria Police,-1.472828,55.019504,On or near ACTON DRIVE,E01008487,North Tyneside 020B,Suspect charged
fbbbf6bc09b55000d0d736ffaba3233b19454cc59c3adb905bd1b8ccd295cc62,2014-10,Northumbria Police,Northumbria Police,-1.588338,55.096512,On or near ILFORD AVENUE,E01027403,Northumberland 027D,Suspect charged
ba3e7ed3646bf31682485f9384e9d6d64df54abb50e4b53b6800120931294f9c,2014-10,Northumbria Police,Northumbria Police,-1.420426,55.001545,On or near Parking Area,E01008598,South Tyneside 001D,Suspect charged
ba3e7ed3646bf31682485f9384e9d6d64df54abb50e4b53b6800120931294f9c,2014-10,Northumbria Police,Northumbria Police,-1.420426,55.001545,On or near Parking Area,E01008598,South Tyneside 001D,Suspect charged
2e0b191cd1a12add119a4af7596ba4797e8201a78201eabca7cc10571ce0942d,2014-10,Northumbria Police,Northumbria Police,-1.568156,54.904109,On or near ROBSONS WAY,E01008224,Gateshead 025C,Suspect charged
2e0b191cd1a12add119a4af7596ba4797e8201a78201eabca7cc10571ce0942d,2014-10,Northumbria Police,Northumbria Police,-1.568156,54.904109,On or near ROBSONS WAY,E01008224,Gateshead 025C,Suspect charged
2e0b191cd1a12add119a4af7596ba4797e8201a78201eabca7cc10571ce0942d,2014-10,Northumbria Police,Northumbria Police,-1.568156,54.904109,On or near ROBSONS WAY,E01008224,Gateshead 025C,Suspect charged
2e0b191cd1a12add119a4af7596ba4797e8201a78201eabca7cc10571ce0942d,2014-10,Northumbria Police,Northumbria Police,-1.568156,54.904109,On or near ROBSONS WAY,E01008224,Gateshead 025C,Suspect charged
2bc47099e465c42cf231f8987e66d57541141a91af8b2a5857319c1a42b4e232,2014-10,Northumbria Police,Northumbria Police,-1.629121,54.985277,On or near CLAREMONT ROAD,E01033556,Newcastle upon Tyne 022H,Investigation complete; no suspect identified
38021ebcf31fc8f4441a3c9c5db89fec3f59d4ae58e0d4c34ccc30e9df5c4dde,2014-10,Northumbria Police,Northumbria Police,-1.428287,54.961054,On or near GAINSBOROUGH AVENUE,E01008690,South Tyneside 019C,Offender given penalty notice
05098b7401150c070abd5621f25427ba8795f7e93df0480065a34c934c5982c9,2014-10,Northumbria Police,Northumbria Police,-1.666887,54.972491,On or near BENWELL LANE,E01008289,Newcastle upon Tyne 027B,Suspect charged
05098b7401150c070abd5621f25427ba8795f7e93df0480065a34c934c5982c9,2014-10,Northumbria Police,Northumbria Police,-1.666887,54.972491,On or near BENWELL LANE,E01008289,Newcastle upon Tyne 027B,Investigation complete; no suspect identified
05098b7401150c070abd5621f25427ba8795f7e93df0480065a34c934c5982c9,2014-10,Northumbria Police,Northumbria Police,-1.666887,54.972491,On or near BENWELL LANE,E01008289,Newcastle upon Tyne 027B,Investigation complete; no suspect identified
395923f08a590769302b67f7bfe23017bcdce862f53b61ab0dc4aa01939f9aa9,2014-10,Northumbria Police,Northumbria Police,-1.640235,54.974320,On or near WELLESLEY TERRACE,E01008449,Newcastle upon Tyne 022D,Investigation complete; no suspect identified
4db191f9b8c94e799a667c1c253e7941f427b8aa7784770a83a87a0109824e48,2014-10,Northumbria Police,Northumbria Police,-1.617134,54.972264,On or near NEWGATE STREET,E01033543,Newcastle upon Tyne 024G,Suspect charged
c3c82f9468c6c4f71a95d3538a7de15c77570635a0080fec14592d60f72d4414,2014-10,Northumbria Police,Northumbria Police,-1.437359,54.994705,On or near STATION ROAD,E01008667,South Tyneside 002D,Suspect charged
f0c2e9359f1a103c3fa811046d97781d7401475d0c5fd8bfb9b4a376e5e85972,2014-10,Northumbria Police,Northumbria Police,-1.458107,54.976773,On or near JARROW ROAD,E01008601,South Tyneside 012A,Suspect charged
eba687311ecaec9258ffc89dcec8dcec548766283a63e6bcc8754b89a9287a64,2014-10,Northumbria Police,Northumbria Police,-1.617120,54.978617,On or near EDWARD'S WALK,E01008397,Newcastle upon Tyne 024C,Offender given penalty notice
dd1aa8f2942920afb086dcc5db299b9688d3449be814d0d3ce4797cc8847f485,2014-10,Northumbria Police,Northumbria Police,-1.539968,54.899333,On or near LUMLEY CLOSE,E01008867,Sunderland 020A,Investigation complete; no suspect identified
9a378fedc4e5a0dc5a440d4ae3cbfc9a32dc6bb29e62884dbd547aace7eb04c7,2014-10,Northumbria Police,Northumbria Police,-1.604153,54.962643,On or near Shopping Area,E01008168,Gateshead 027D,Offender given a caution
4ccc0b264e7f955cc527e77d45add72582e6137b3856411d117f17a7eac8d5de,2014-10,Northumbria Police,Northumbria Police,-1.521566,54.911331,On or near Pedestrian Subway,E01008853,Sunderland 009A,Suspect charged
f0d5b488038ec354d90f0b34c74f22b8dfe2f893510f0126ae48388d6ae1ab4b,2014-10,Northumbria Police,Northumbria Police,-1.570022,54.979296,On or near A193,E01008392,Newcastle upon Tyne 026F,Suspect charged
0d19d560aa219ad7f5ef25d75706454c947a03631a1a567d2c68dfa72066813c,2014-10,Northumbria Police,Northumbria Police,-1.433396,54.998632,On or near Hospital,E01008667,South Tyneside 002D,Suspect charged
c1ad7356c72517599e6dcd3365fa62761e754f87bdeb28565953eb0c1e020cbc,2014-10,Northumbria Police,Northumbria Police,-1.383341,54.907887,On or near Shopping Area,E01008703,Sunderland 013B,Suspect charged
c05a9610c25d38d3089fb6aa42ac45126f3cdc62b773e734c670e23d82ff240b,2014-10,Northumbria Police,Northumbria Police,-1.386149,54.906831,On or near WEST STREET,E01008703,Sunderland 013B,Suspect charged
92f475c6fc5f82981182d9e6bd5d3fcdb4f75a3dc7c890ca386feef29b179c7d,2014-10,Northumbria Police,Northumbria Police,-1.427523,54.867502,On or near MERRION CLOSE,E01008808,Sunderland 029E,Investigation complete; no suspect identified
53f567c29419704b1ae0d7c3152555bae682a31d37637a0705b70687f05232fa,2014-10,Northumbria Police,Northumbria Police,-1.468171,55.015602,On or near Supermarket,E01008526,North Tyneside 020C,Suspect charged
53f567c29419704b1ae0d7c3152555bae682a31d37637a0705b70687f05232fa,2014-10,Northumbria Police,Northumbria Police,-1.468171,55.015602,On or near Supermarket,E01008526,North Tyneside 020C,Suspect charged
79ca6fd857b17227c8c611b59b4ecef5bc51639ffdf7300ea5127055ad9705eb,2014-10,Northumbria Police,Northumbria Police,-1.445804,55.009113,On or near Shopping Area,E01008524,North Tyneside 022B,Suspect charged
2c899e12dba9ea564b8b8239afc3f2f3ff4341b05b78b8a4c7d8e3a45273cbd0,2014-10,Northumbria Police,Northumbria Police,-1.654103,54.967657,On or near TROVES CLOSE,E01008291,Newcastle upon Tyne 027D,Suspect charged
e1bdb6da26e2b289c6c3990ab3384b8eae0712e717d8e14a94c65ca648d42582,2014-10,Northumbria Police,Northumbria Police,-1.458596,55.007850,On or near CHIRTON GREEN,E01008483,North Tyneside 022A,Suspect charged
481f7820c0869e0a68b797747cee72b5d1076816a7d39c37252c9df0a962e8ed,2014-10,Northumbria Police,Northumbria Police,-1.445804,55.009113,On or near Shopping Area,E01008524,North Tyneside 022B,Suspect charged
481f7820c0869e0a68b797747cee72b5d1076816a7d39c37252c9df0a962e8ed,2014-10,Northumbria Police,Northumbria Police,-1.445804,55.009113,On or near Shopping Area,E01008524,North Tyneside 022B,Suspect charged
e447ac03a1f498d6c4e48265d77c4117a5b02a7ea31238b7b8ad4be160d425de,2014-10,Northumbria Police,Northumbria Police,-1.587416,54.978862,On or near MALCOLM STREET,E01008413,Newcastle upon Tyne 023F,Suspect charged
e447ac03a1f498d6c4e48265d77c4117a5b02a7ea31238b7b8ad4be160d425de,2014-10,Northumbria Police,Northumbria Police,-1.587416,54.978862,On or near MALCOLM STREET,E01008413,Newcastle upon Tyne 023F,Investigation complete; no suspect identified
8b83c5206f3d089ab37f6dac033fa5765e48de6545846b7807a0b3e29dc8447e,2014-10,Northumbria Police,Northumbria Police,-1.372113,54.895796,On or near CAPULET TERRACE,E01008737,Sunderland 016D,Investigation complete; no suspect identified
d98641282901c076b0e3be6dcb0c6f1648cb66f718d269cb091c3a769bb2510b,2014-10,Northumbria Police,Northumbria Police,-1.657792,54.980149,On or near PALM AVENUE,E01008348,Newcastle upon Tyne 019F,Suspect charged
d98641282901c076b0e3be6dcb0c6f1648cb66f718d269cb091c3a769bb2510b,2014-10,Northumbria Police,Northumbria Police,-1.657792,54.980149,On or near PALM AVENUE,E01008348,Newcastle upon Tyne 019F,Suspect charged
035db25f28f66c2d4086671ee9b0222bf63592b5830089e6656696d5d9f5ee61,2014-10,Northumbria Police,Northumbria Police,-1.628600,54.950283,On or near Parking Area,E01008259,Gateshead 007D,Offender given a caution
3c26982ca9afaa4ac8a11ec6e9237b131bbd17c6d1483dfb47e40d28cb848de6,2014-10,Northumbria Police,Northumbria Police,-1.540957,54.993298,On or near WESTFIELD PARK,E01008537,North Tyneside 030D,Offender given penalty notice
158822121fa79bfa0be956c42537aeca1dfd834e7bf09d75b99ded4c53aedbea,2014-10,Northumbria Police,Northumbria Police,-1.480187,55.010334,On or near SIMONBURN AVENUE,E01008492,North Tyneside 023E,Suspect charged
6853de7935ec2fa0439af0b12f9e3f58a1d297e9b24daa1f942fa9c006ee6ba6,2014-10,Northumbria Police,Northumbria Police,-1.602496,54.962754,On or near Parking Area,E01008166,Gateshead 027C,Suspect charged
3ffca8a5899a6f39d2633f4313da82193b6314420b521eb137d4cdb13c1d3bf8,2014-10,Northumbria Police,Northumbria Police,-1.508675,55.126886,On or near HAVELOCK STREET,E01027415,Northumberland 023B,Suspect charged
0bd45a0737e096a2fe859d5c7c3b2ccfbbb832919a8403bed30034851dd0199b,2014-10,Northumbria Police,Northumbria Police,-1.385078,54.907572,On or near QUEEN STREET,E01008703,Sunderland 013B,Suspect charged
f32a838b24de07a5a1a8bcddb2f3e0b569ccc3a1627eeac68d7290bc1729b7f5,2014-10,Northumbria Police,Northumbria Police,-1.612740,54.974308,On or near Shopping Area,E01008397,Newcastle upon Tyne 024C,Investigation complete; no suspect identified
f972f35967151a28968450d0c42a41383229d7a31f44cf9f720890312bb30d8c,2014-10,Northumbria Police,Northumbria Police,-1.549595,55.144495,On or near HAVELOCK CRESCENT,E01027552,Northumberland 020G,Suspect charged
f972f35967151a28968450d0c42a41383229d7a31f44cf9f720890312bb30d8c,2014-10,Northumbria Police,Northumbria Police,-1.549595,55.144495,On or near HAVELOCK CRESCENT,E01027552,Northumberland 020G,Suspect charged
f972f35967151a28968450d0c42a41383229d7a31f44cf9f720890312bb30d8c,2014-10,Northumbria Police,Northumbria Police,-1.549595,55.144495,On or near HAVELOCK CRESCENT,E01027552,Northumberland 020G,Investigation complete; no suspect identified
f6938f51620277136f159ca6f949ff60d371366294462ed63086b207aba57d75,2014-10,Northumbria Police,Northumbria Police,-1.435705,54.985577,On or near MARSHALL WALLIS ROAD,E01008664,South Tyneside 002A,Suspect charged
38a72d79321c19255d1fe259a5e2b013c0f14af448ea62f06fdd93573b1b7500,2014-10,Northumbria Police,Northumbria Police,-1.386149,54.906831,On or near WEST STREET,E01008703,Sunderland 013B,Offender given penalty notice
8d360d9bc3f1888826f321a66b83ccbc7d7f081e8078973138401bff52fdfdfb,2014-10,Northumbria Police,Northumbria Police,-1.615061,54.975034,On or near Shopping Area,E01008397,Newcastle upon Tyne 024C,Suspect charged
de9ca1710ebf173389df5461b25d1fda7277003678e3099dbf75d188e4dcbfeb,2014-10,Northumbria Police,Northumbria Police,-1.435705,54.985577,On or near MARSHALL WALLIS ROAD,E01008664,South Tyneside 002A,Suspect charged
de9ca1710ebf173389df5461b25d1fda7277003678e3099dbf75d188e4dcbfeb,2014-10,Northumbria Police,Northumbria Police,-1.435705,54.985577,On or near MARSHALL WALLIS ROAD,E01008664,South Tyneside 002A,Suspect charged
6a2f5b6ab7791d61b086920cd14a3b9caf5176561d9fb974f8ba3dbdb6b0a75f,2014-10,Northumbria Police,Northumbria Police,-1.376764,54.901554,On or near EGERTON STREET,E01008836,Sunderland 016F,Offender given a caution
6a2f5b6ab7791d61b086920cd14a3b9caf5176561d9fb974f8ba3dbdb6b0a75f,2014-10,Northumbria Police,Northumbria Police,-1.376764,54.901554,On or near EGERTON STREET,E01008836,Sunderland 016F,Investigation complete; no suspect identified
6a2f5b6ab7791d61b086920cd14a3b9caf5176561d9fb974f8ba3dbdb6b0a75f,2014-10,Northumbria Police,Northumbria Police,-1.376764,54.901554,On or near EGERTON STREET,E01008836,Sunderland 016F,Investigation complete; no suspect identified
e7725a945afb9b3f7d8ca7f2d408ff352f9eda18feefad6bc1ea5c3a3fa8e111,2014-10,Northumbria Police,Northumbria Police,-1.384668,54.905790,On or near Shopping Area,E01008703,Sunderland 013B,Suspect charged
e7725a945afb9b3f7d8ca7f2d408ff352f9eda18feefad6bc1ea5c3a3fa8e111,2014-10,Northumbria Police,Northumbria Police,-1.384668,54.905790,On or near Shopping Area,E01008703,Sunderland 013B,Suspect charged
5d79cb213eca3817f117550c0b7a154d8a6b7f11d9f37a9e804941b245847e05,2014-10,Northumbria Police,Northumbria Police,-1.434067,54.998716,On or near QUEEN STREET,E01008667,South Tyneside 002D,Suspect charged
81cb204aab667d7fd71c0ac3286bf228d1146eb765b0a984777d2c2850351f80,2014-10,Northumbria Police,Northumbria Police,-1.536580,55.020537,On or near Supermarket,E01008501,North Tyneside 018D,Suspect charged
81cb204aab667d7fd71c0ac3286bf228d1146eb765b0a984777d2c2850351f80,2014-10,Northumbria Police,Northumbria Police,-1.536580,55.020537,On or near Supermarket,E01008501,North Tyneside 018D,Suspect charged
81cb204aab667d7fd71c0ac3286bf228d1146eb765b0a984777d2c2850351f80,2014-10,Northumbria Police,Northumbria Police,-1.536580,55.020537,On or near Supermarket,E01008501,North Tyneside 018D,Suspect charged
81cb204aab667d7fd71c0ac3286bf228d1146eb765b0a984777d2c2850351f80,2014-10,Northumbria Police,Northumbria Police,-1.536580,55.020537,On or near Supermarket,E01008501,North Tyneside 018D,Suspect charged
3c8f033912041405383bdee81fba54f0daf3cf6a0a4acf3d228b17e2749dc17a,2014-10,Northumbria Police,Northumbria Police,-1.552157,54.975700,On or near COWEN STREET,E01008431,Newcastle upon Tyne 020B,Investigation complete; no suspect identified
c788d31ac65955f92be3bcbfd1e6d5664548f2a126860c6d87fde92705f8366a,2014-10,Northumbria Police,Northumbria Police,-1.641128,55.003924,On or near Petrol Station,E01008374,Newcastle upon Tyne 008B,Suspect charged
ed2919193199d94b27f96d7a183bd958e15617a7fcc7d1767d2fc3ef7f046bc9,2014-10,Northumbria Police,Northumbria Police,-1.586387,55.002986,On or near WHITTON PLACE,E01008322,Newcastle upon Tyne 007E,Suspect charged
817829b6b0770b21dc30477400bf271caa5b03445784d9bddd9500ed83b6a720,2014-10,Northumbria Police,Northumbria Police,-1.641128,55.003924,On or near Petrol Station,E01008374,Newcastle upon Tyne 008B,Suspect charged
817829b6b0770b21dc30477400bf271caa5b03445784d9bddd9500ed83b6a720,2014-10,Northumbria Police,Northumbria Police,-1.641128,55.003924,On or near Petrol Station,E01008374,Newcastle upon Tyne 008B,Suspect charged
0a7d1f828a4e943a80fbc1523b74a5df03467fd1e34c9cff8f2629977aa7d2bb,2014-10,Northumbria Police,Northumbria Police,-1.460262,54.961712,On or near BENDIGO AVENUE,E01008608,South Tyneside 014C,Investigation complete; no suspect identified
df0edd920491ef45289fd24b3de0d559cca37a6b7c9103c91935809257e7b141,2014-10,Northumbria Police,Northumbria Police,-1.442950,55.040202,On or near STATION SQUARE,E01008588,North Tyneside 006D,Suspect charged
46cf7b301cca072e1da26b54a8b688c694a7642e292db836725c9d23fdae90a1,2014-10,Northumbria Police,Northumbria Police,-1.661168,55.013479,On or near Supermarket,E01008295,Newcastle upon Tyne 008A,Suspect charged
46cf7b301cca072e1da26b54a8b688c694a7642e292db836725c9d23fdae90a1,2014-10,Northumbria Police,Northumbria Police,-1.661168,55.013479,On or near Supermarket,E01008295,Newcastle upon Tyne 008A,Suspect charged
fccb57ab1d1eed38cead9f321bfd26946fe66830b53aec9b7e857f87e84c7e0d,2014-10,Northumbria Police,Northumbria Police,-1.628491,54.970556,On or near WINCHESTER TERRACE,E01008439,Newcastle upon Tyne 024E,Local resolution
2ea5f236066cf8c387e56d21bdd411aeeca8ef661f4ebd617d8fe075edd9783d,2014-10,Northumbria Police,Northumbria Police,-1.658134,54.969367,On or near CLARA STREET,E01008291,Newcastle upon Tyne 027D,Suspect charged
aa78664d1981411866a321af806f63d511b73876f6f3b90deea7907c5a8c9774,2014-10,Northumbria Police,Northumbria Police,-1.703377,54.983252,On or near LINNEL DRIVE,E01008384,Newcastle upon Tyne 021D,Investigation complete; no suspect identified
ce39217da1303f2b7558d496a338a7fb659cc7e3301f4e0c154fcfc4e2a0ae48,2014-10,Northumbria Police,Northumbria Police,-1.370834,54.937792,On or near Parking Area,E01008723,Sunderland 002A,Investigation complete; no suspect identified
ccd21709fc192b47ff2c2124acef61c9dff4090e047a9af5f108c2505d8ae562,2014-10,Northumbria Police,Northumbria Police,-1.477569,54.954311,On or near CHESTNUT CLOSE,E01008628,South Tyneside 020B,Offender given a caution
c1b95984c565bbd23fd5ba018bf4625c02df58dece88cb29f35bba4d0751242b,2014-10,Northumbria Police,Northumbria Police,-1.584242,55.095590,On or near Supermarket,E01027404,Northumberland 028E,Offender given a caution
507987ec3e9213cc822f02d7c9773d370e04d653e0379e2c624338ce425d8915,2014-10,Northumbria Police,Northumbria Police,-1.635941,55.046718,On or near SEATON PLACE,E01008580,North Tyneside 004C,Offender given a caution
4670ad65ccbc0ba53f543b8627a7bdabce2359aefe578b2db95d7ba60cb2862a,2014-10,Northumbria Police,Northumbria Police,-1.616721,54.974644,On or near Shopping Area,E01008397,Newcastle upon Tyne 024C,Investigation complete; no suspect identified
ddaee82822f17123c96e1b7c855c65b65bd0c43851df8c6d91e60b8ea4f1329f,2014-10,Northumbria Police,Northumbria Police,-1.510660,54.908987,On or near TOWER ROAD,E01008859,Sunderland 009E,Investigation complete; no suspect identified
c12571e18752b7e58552cbdd1546be157caa64aca38ae5f5ebf8ccc9a003c09a,2014-10,Northumbria Police,Northumbria Police,-1.510660,54.908987,On or near TOWER ROAD,E01008859,Sunderland 009E,Investigation complete; no suspect identified
746a67aaa57550f3cc04ddad2ffa3fa2cb3f51dc22eba910d321c5692c105379,2014-10,Northumbria Police,Northumbria Police,-1.520346,55.033603,On or near ALGERNON DRIVE,E01032647,North Tyneside 011E,Suspect charged
cbd866d578fc54ff1e46f706dfc429c34d4d93930a66e3568c339bac7bfd5cdf,2014-10,Northumbria Police,Northumbria Police,-1.636330,54.976052,On or near Supermarket,E01008399,Newcastle upon Tyne 024D,Investigation complete; no suspect identified
42927f6d66fb697c8350050b4140ec2644c592d713a71bc13949e08648fa5f94,2014-10,Northumbria Police,Northumbria Police,-1.604153,54.962643,On or near Shopping Area,E01008168,Gateshead 027D,Suspect charged
cf4c1a9e366857b0fa7b7dd4c61973d5413fc7fdc77a66304a80cf502ef3a439,2014-10,Northumbria Police,Northumbria Police,-1.437459,54.992010,On or near TUDOR ROAD,E01008667,South Tyneside 002D,Suspect charged
4300a5b556ba13650cd97ca2f0e15785ae73de26d456bfcc4998f152fa840cc3,2014-10,Northumbria Police,Northumbria Police,-1.386197,54.896515,On or near TUNSTALL VALE,E01008835,Sunderland 022G,Investigation complete; no suspect identified
8c6cd8edcb7adf0b22db3bbae5947a422bdbacfdffd70af620edc8b5cd531b81,2014-10,Northumbria Police,Northumbria Police,-1.682687,54.987522,On or near SILLOTH AVENUE,E01008345,Newcastle upon Tyne 019C,Investigation complete; no suspect identified
8496f072fc0e1ab6806b4bdd61c0da080fbdf9c6c5c66528375c78e0f0642563,2014-10,Northumbria Police,Northumbria Police,-1.736218,54.993572,On or near HAWTHORN TERRACE,E01008402,Newcastle upon Tyne 014C,Investigation complete; no suspect identified
f105681bc18b27ac4a45f495bad7d49b960569ef3b2c2c16b9d9e7646ffa5cd1,2014-10,Northumbria Police,Northumbria Police,-1.495009,54.867145,On or near Parking Area,E01008793,Sunderland 030A,Suspect charged
e0613d682ddcc5f1e70f822af1842017e0fd6e33cb03d743fce678d4580e5b7c,2014-10,Northumbria Police,Northumbria Police,-1.573462,55.335172,On or near BLACKWOOD STREET,E01027361,Northumberland 006A,Suspect charged
e0613d682ddcc5f1e70f822af1842017e0fd6e33cb03d743fce678d4580e5b7c,2014-10,Northumbria Police,Northumbria Police,-1.573462,55.335172,On or near BLACKWOOD STREET,E01027361,Northumberland 006A,Suspect charged
b4d92f9eb7d22c05212fefc9934b4eafb67172e8a0dc0d15ccf048c3fc64816a,2014-10,Northumbria Police,Northumbria Police,-1.506420,55.186347,On or near SANDRIDGE,E01027541,Northumberland 009A,Suspect charged
09957cbf2a3b0e990b7b2aba676e5af9053637e9657fb788cc5d0f9d82710ffd,2014-10,Northumbria Police,Northumbria Police,-1.638146,55.003430,On or near CHOLLERFORD CLOSE,E01008356,Newcastle upon Tyne 006C,Investigation complete; no suspect identified
50c6802c033d131d0d5c90da6707254f63a844cce85afbdae37b8569a054417a,2014-10,Northumbria Police,Northumbria Police,-1.514855,54.972636,On or near QUARRY ROAD,E01008641,South Tyneside 010C,Investigation complete; no suspect identified
7e2874ab15c77f6ac6d2d62562653f98de4813d5cafd75b70f6caa6b34a06002,2014-10,Northumbria Police,Northumbria Police,-1.506420,55.186347,On or near SANDRIDGE,E01027541,Northumberland 009A,Suspect charged
5d45c98ee0f97569303c460af55faee03a965889a120cfb376bd7825abdf1ae8,2014-10,Northumbria Police,Northumbria Police,-1.394202,54.927289,On or near BURNHOPE DRIVE,E01008713,Sunderland 001A,Suspect charged
63e34fcf12d098fa77d790bd2d1db5ad1cd3ad1c31a0f728f91bb740644003aa,2014-10,Northumbria Police,Northumbria Police,-1.466536,55.005674,On or near BAWTRY GROVE,E01008482,North Tyneside 023B,Suspect charged
7ec39a8e6d52b25df92f7a59ced3179f236f692d98741cfddc465712d4b3e188,2014-10,Northumbria Police,Northumbria Police,-1.690366,54.978520,On or near HOWDENE ROAD,E01008415,Newcastle upon Tyne 025B,Suspect charged
393372ab1ddfe8b767e478b0e84fc8e5456f7035f10bc0e02ce7005ace680afb,2014-10,Northumbria Police,Northumbria Police,-1.608068,54.996884,On or near MITCHELL AVENUE,E01008371,Newcastle upon Tyne 013C,Investigation complete; no suspect identified
21ca12e7b3c1c76ef0c3a222dacb6a30af26356fa5ae3586c6198fc87559097b,2014-10,Northumbria Police,Northumbria Police,-1.810339,54.919547,On or near SOUTH ROAD,E01008186,Gateshead 024B,Investigation complete; no suspect identified
1b99340d4c6010737efea3a400a324a6466d1a76a981aaa22053f53b6ba5a7ee,2014-10,Northumbria Police,Northumbria Police,-1.387324,54.905453,On or near Sports/Recreation Area,E01008703,Sunderland 013B,Suspect charged
1b99340d4c6010737efea3a400a324a6466d1a76a981aaa22053f53b6ba5a7ee,2014-10,Northumbria Police,Northumbria Police,-1.387324,54.905453,On or near Sports/Recreation Area,E01008703,Sunderland 013B,Investigation complete; no suspect identified
82d3544de6848276ba5596f4440e14fada3aef183dec295819b8c5b5d490129e,2014-10,Northumbria Police,Northumbria Police,-1.614002,54.976262,On or near Shopping Area,E01008397,Newcastle upon Tyne 024C,Suspect charged
b4a0f68afd3cd45b434c49cfc08b74f4521449d160f44fbbed31b8212736962e,2014-10,Northumbria Police,Northumbria Police,-1.473645,54.998858,On or near PERCY CRESCENT,E01008541,North Tyneside 027C,Offender given a drugs possession warning
05cbf33835fa9dc416342a478589417f2632d57d462bad5a4d918947efbda75b,2014-10,Northumbria Police,Northumbria Police,-1.448227,54.905386,On or near FORD CRESCENT,E01008814,Sunderland 014D,Suspect charged
c6d41faba9b526100a50e708bc2e5101c76c3f1f7153ac88a14002b02a95d32b,2014-10,Northumbria Police,Northumbria Police,-1.659236,54.988636,On or near Petrol Station,E01008451,Newcastle upon Tyne 016C,Suspect charged
c6d41faba9b526100a50e708bc2e5101c76c3f1f7153ac88a14002b02a95d32b,2014-10,Northumbria Police,Northumbria Police,-1.659236,54.988636,On or near Petrol Station,E01008451,Newcastle upon Tyne 016C,Investigation complete; no suspect identified
fd39ec8d9776dbf05e281ad6b318aac20dd6a1ef8093197c97e560faea219391,2014-10,Northumbria Police,Northumbria Police,-1.448227,54.905386,On or near FORD CRESCENT,E01008814,Sunderland 014D,Suspect charged
13eca2d4e0d06e44fd9fe76b68c6ac46a0d93a5204183f4334132c0e7a8570a4,2014-10,Northumbria Police,Northumbria Police,-1.448227,54.905386,On or near FORD CRESCENT,E01008814,Sunderland 014D,Suspect charged
dfb8506be18c7e745b47560f6d42d9a2f00cb6964a1304396ba39b1d6eace5be,2014-10,Northumbria Police,Northumbria Police,-1.582893,54.960002,On or near Supermarket,E01008214,Gateshead 003A,Investigation complete; no suspect identified
652fe948b5798ceb030468e9d5b0957884ac05d8f84ad4490028d866d2e4fed1,2014-10,Northumbria Police,Northumbria Police,-1.374793,54.904958,On or near HUDSON ROAD,E01008836,Sunderland 016F,Investigation complete; no suspect identified
d86e00d93d74a4d5cdc03fe2e0a62ac2306316bf621372ca702bf2e634dd32ec,2014-10,Northumbria Police,Northumbria Police,-1.519803,55.124810,On or near RAILWAY TERRACE,E01027423,Northumberland 024C,Investigation complete; no suspect identified
eb5c02b79492475ec8ad1edae821a485a403ec4c2678ad4ef21aa9fc570de3dd,2014-10,Northumbria Police,Northumbria Police,-1.614126,54.977988,On or near BARRAS BRIDGE,E01008397,Newcastle upon Tyne 024C,Investigation complete; no suspect identified
2ad4d82a7e31e3df0c6941ffd0f07b02684ca561991bbac301e8a7943108a6af,2014-10,Northumbria Police,Northumbria Police,-1.718784,54.981024,On or near HENLOW ROAD,E01008383,Newcastle upon Tyne 021C,Offender given a caution
2ad4d82a7e31e3df0c6941ffd0f07b02684ca561991bbac301e8a7943108a6af,2014-10,Northumbria Police,Northumbria Police,-1.718784,54.981024,On or near HENLOW ROAD,E01008383,Newcastle upon Tyne 021C,Offender given a caution
f6dfdf0763421ca6b1e42922baadb9703290559bde7d68f5bddec885a9bfac87,2014-10,Northumbria Police,Northumbria Police,-1.550619,54.942678,On or near REDEMARSH,E01008231,Gateshead 015A,Investigation complete; no suspect identified
8decc835b8e0d6d5396f9d3fa5157a32c62fa0c15ce2c4428b20c0618cb1a707,2014-10,Northumbria Police,Northumbria Police,-1.418067,54.886850,On or near POLMUIR SQUARE,E01008828,Sunderland 023F,Offender given a drugs possession warning
e5a96664d1b5460bd65529e37121f664b9ebf9761c313b7df4017932b7e54eb2,2014-10,Northumbria Police,Northumbria Police,-1.575947,55.085758,On or near THORNLEY AVENUE,E01027396,Northumberland 028B,Suspect charged
f9dc6b9c6bc2ecec41605923e16231f3113f4b6929fffd8e91aafdead460bbc0,2014-10,Northumbria Police,Northumbria Police,-1.612425,54.968088,On or near CLAVERING PLACE,E01033543,Newcastle upon Tyne 024G,Investigation complete; no suspect identified
030f2e690fbc630941be619636a9be70e4ccd0768ee95732e95f7af4683c9cde,2014-10,Northumbria Police,Northumbria Police,-1.385583,54.898983,On or near LORNE TERRACE,E01008834,Sunderland 013E,Investigation complete; no suspect identified
4cabd7eb88c4a699e40b9613b436613c7dc445e6a43483f4d27b5d18ffca3b11,2014-10,Northumbria Police,Northumbria Police,-1.430990,54.989661,On or near Supermarket,E01008668,South Tyneside 002E,Suspect charged
164f8684c612af166e8fba9d77e50155ac450bbfdc25a95f0ecd7a515ba48e77,2014-10,Northumbria Police,Northumbria Police,-1.628455,54.969378,On or near VICTORIA STREET,E01008439,Newcastle upon Tyne 024E,Suspect charged
3ccc27094c7019b86bb9e76901b9d9a67aa2da25fe6cd0c18b0a6af23ba9d8c7,2014-10,Northumbria Police,Northumbria Police,-1.655752,54.970249,On or near Supermarket,E01008332,Newcastle upon Tyne 029B,Offender given a caution
0d0a8c1b919836e5bf6b7fed019a3aa1c220f9c1ed751e7d0070e722e0db3301,2014-10,Northumbria Police,Northumbria Police,-2.265065,55.144885,On or near RIVERDALE CLOSE,E01027479,Northumberland 019A,Offender given a caution
d158bb58daf5acb208d56a8b37b59ae1f450af4bcf895ca898cfb49c16056f00,2014-10,Northumbria Police,Northumbria Police,-2.265065,55.144885,On or near RIVERDALE CLOSE,E01027479,Northumberland 019A,Offender given a caution
76188592ba596675a03e58b932eac12813838c61b382a7588152353a97d8cf4b,2014-10,Northumbria Police,Northumbria Police,-1.604836,55.160250,On or near SHEEPWASH AVENUE,E01027530,Northumberland 017A,Suspect charged
4eb1097ca9ff505222b80df035a6e04d3f1212337698d9fcd355707f1bba486e,2014-10,Northumbria Police,Northumbria Police,-1.510696,55.128314,On or near REGENT STREET,E01027415,Northumberland 023B,Investigation complete; no suspect identified
7650f436df53562de47b30aac12e3535cd22d23e524504d1dabce67ba1d88a8a,2014-10,Northumbria Police,Northumbria Police,-1.515713,55.120696,On or near ROWAN COURT,E01027429,Northumberland 024D,Investigation complete; no suspect identified
709fa2d1f7778ac35b908b96a704734a67da22765601529ac0c8fd8785131911,2014-10,Northumbria Police,Northumbria Police,-1.436812,54.927647,On or near RAWMARSH ROAD,E01008839,Sunderland 003D,Offender given a drugs possession warning
8e0e561ea2c68c0abb0768e85c6a89a6b095ffcc48768e144f97a3653cc886aa,2014-10,Northumbria Police,Northumbria Police,-1.391807,54.890540,On or near HILLSIDE GARDENS,E01008783,Sunderland 022D,Suspect charged
8e0e561ea2c68c0abb0768e85c6a89a6b095ffcc48768e144f97a3653cc886aa,2014-10,Northumbria Police,Northumbria Police,-1.391807,54.890540,On or near HILLSIDE GARDENS,E01008783,Sunderland 022D,Suspect charged
8eebb1a4d896a17e15451dca307410a2f3578d73697046901fd4bb3ae948f447,2014-10,Northumbria Police,Northumbria Police,-2.095361,54.968443,On or near ALLEN DRIVE,E01027493,Northumberland 035F,Suspect charged
8eebb1a4d896a17e15451dca307410a2f3578d73697046901fd4bb3ae948f447,2014-10,Northumbria Police,Northumbria Police,-2.095361,54.968443,On or near ALLEN DRIVE,E01027493,Northumberland 035F,Suspect charged
8eebb1a4d896a17e15451dca307410a2f3578d73697046901fd4bb3ae948f447,2014-10,Northumbria Police,Northumbria Police,-2.095361,54.968443,On or near ALLEN DRIVE,E01027493,Northumberland 035F,Suspect charged
8eebb1a4d896a17e15451dca307410a2f3578d73697046901fd4bb3ae948f447,2014-10,Northumbria Police,Northumbria Police,-2.095361,54.968443,On or near ALLEN DRIVE,E01027493,Northumberland 035F,Suspect charged
ddf69573fe6425162702355721f043ecf55354e6d9c411447153fc828d49d99c,2014-10,Northumbria Police,Northumbria Police,-1.549855,54.964961,On or near BURWOOD ROAD,E01008427,Newcastle upon Tyne 030C,Suspect charged
1942220cfc21d8a839d77196c8ffc827debf775c18a269fb83ac39fbc96a957c,2014-10,Northumbria Police,Northumbria Police,-1.373260,54.881118,On or near Supermarket,E01008780,Sunderland 024D,Offender given a caution
c35c0abf1455cb9092bf8772caac051acfc6b2d73c745249f393540d957f732c,2014-10,Northumbria Police,Northumbria Police,-1.586985,54.976757,On or near Petrol Station,E01008304,Newcastle upon Tyne 026C,Suspect charged as part of another case
4431bf28bd26d28232aa1c94788f1b0a4c0b12fb81cd9c3c765b054980ec2225,2014-10,Northumbria Police,Northumbria Police,-1.544487,55.121840,On or near MONKDALE AVENUE,E01027425,Northumberland 025A,Investigation complete; no suspect identified
83488ba36bad44bc9fc2414ef246f74cf1324c0edba521ee854b5a57a3635b45,2014-10,Northumbria Police,Northumbria Police,-1.641536,54.975627,On or near CROSSLEY TERRACE,E01008449,Newcastle upon Tyne 022D,Investigation complete; no suspect identified
acf1d874b291139122460d3d3d399f79d4774c56aef02ddd55be161137642645,2014-10,Northumbria Police,Northumbria Police,-1.465906,55.003640,On or near PADSTOW ROAD,E01008485,North Tyneside 023D,Suspect charged
1ddd86a333b882e903ecb579239897723c2352cd649a5eb308c1a43967f41a7e,2014-10,Northumbria Police,Northumbria Police,-1.515567,55.000442,On or near ST CUTHBERT'S ROAD,E01008576,North Tyneside 029D,Suspect charged
f6a5bf46161bddb0a7b027e37ae0d3fa38d09fc86120d79ea94bb81e94b06e2c,2014-10,Northumbria Police,Northumbria Police,-1.614464,54.968814,On or near Pedestrian Subway,E01033545,Newcastle upon Tyne 024H,Suspect charged
6d2f93649e219d1da5673644d0dc7b297558cf54921860d2b6b95c14665ec60d,2014-10,Northumbria Police,Northumbria Police,-1.677556,54.962779,On or near RIVERSIDE WAY,E01008262,Gateshead 009A,Offender given penalty notice
61581e019618c50ce7c0aed6eb8a220c1f4d6f60f36d4c0fa696a93478aad6d9,2014-10,Northumbria Police,Northumbria Police,-1.488220,54.981199,On or near Supermarket,E01008604,South Tyneside 007B,Suspect charged
49b579ca3b2240f1f6999f643886bbe2059bbd5977771d2b3881da2a64a7069b,2014-10,Northumbria Police,Northumbria Police,-1.626496,54.939709,On or near SECOND AVENUE,E01008259,Gateshead 007D,Investigation complete; no suspect identified
f432fd1924444aec9c5768a1ac4e8019b345b649c3ac23dc443b50dd6bebc325,2014-10,Northumbria Police,Northumbria Police,-1.579280,55.133836,On or near WARNHEAD ROAD,E01027519,Northumberland 020D,Suspect charged
68dc1dd09e2fffdedd91e49461ebf7473ccb872467f5272278c0c381317182c0,2014-10,Northumbria Police,Northumbria Police,-1.414593,54.888864,On or near SCRUTON AVENUE,E01008826,Sunderland 023D,Offender given a caution
745f47cdf764a032ede4b2f1502cc1dd948297b6920d9d6b36b7a02b7f1c7d90,2014-10,Northumbria Police,Northumbria Police,-1.628455,54.969378,On or near VICTORIA STREET,E01008439,Newcastle upon Tyne 024E,Investigation complete; no suspect identified
26beeced51f45b3334332035eaf72797a0242b921442c46a59a0603b766d64cf,2014-10,Northumbria Police,Northumbria Police,-1.669292,54.959225,On or near SCOTSWOOD VIEW,E01008262,Gateshead 009A,Investigation complete; no suspect identified
0ba5aa26fb2f11e9df764a3f1a1aa78b22ccc43a89ee8451a4b50f9d0a1cfd45,2014-10,Northumbria Police,Northumbria Police,-1.580218,55.134190,On or near WOOD LANE,E01027519,Northumberland 020D,Suspect charged
8861dd4497f440bf9191e36fc79da2e6518a18673e043515d9d9316af53dd661,2014-10,Northumbria Police,Northumbria Police,-1.564273,54.976310,On or near SCARBOROUGH ROAD,E01008392,Newcastle upon Tyne 026F,Investigation complete; no suspect identified
3feb0cfcbddf78a40932e92ecd5c1bc7ef9925c489c5adf4774e3df05b2d10da,2014-10,Northumbria Police,Northumbria Police,-1.552157,54.975700,On or near COWEN STREET,E01008431,Newcastle upon Tyne 020B,Offender given penalty notice
3feb0cfcbddf78a40932e92ecd5c1bc7ef9925c489c5adf4774e3df05b2d10da,2014-10,Northumbria Police,Northumbria Police,-1.552157,54.975700,On or near COWEN STREET,E01008431,Newcastle upon Tyne 020B,Investigation complete; no suspect identified
7b9424cfcad33a8af29dd0d7ecf1473a1adc5faff74961640f4aaa89906bb373,2014-10,Northumbria Police,Northumbria Police,-1.542776,54.968089,On or near CALEDONIA STREET,E01008425,Newcastle upon Tyne 030B,Suspect charged
ffdd8d6bcd45d5e160f056f03058f31f37040ebb4fe214498b6001196be995ed,2014-10,Northumbria Police,Northumbria Police,-1.599166,54.936459,On or near ELDER GROVE,E01008239,Gateshead 020D,Suspect charged
7bc859a958c185941f7ff4e7485caa82a58a9ec8ea55c1eddf044c66fbd3d0ff,2014-10,Northumbria Police,Northumbria Police,-1.574957,54.924748,On or near SPRINGWELL AVENUE,E01008217,Gateshead 023E,Suspect charged
d622970f3fb6a700e10a6baa2986abb2f75c3107038b57c93fe54dca333b684f,2014-10,Northumbria Police,Northumbria Police,-1.577712,55.331376,On or near MELROSE GARDENS,E01027362,Northumberland 006B,Investigation complete; no suspect identified
9bae45a78ca2dacb49cc23956b56bce727a3c874ee4a49ccc481b56332685f23,2014-10,Northumbria Police,Northumbria Police,-1.718794,55.006545,On or near MANDARIN CLOSE,E01008448,Newcastle upon Tyne 031G,Investigation complete; no suspect identified
f53e8c391273d739ce6a0be7ab42aee6c22ff2b588689c14773a7b66d330fb3c,2014-10,Northumbria Police,Northumbria Police,-1.691267,54.977237,On or near DORSET ROAD,E01008415,Newcastle upon Tyne 025B,Offender given a caution
b730862d1637a67691af8e75623a1bda58472af6496a3fc4646b592a07ec5546,2014-10,Northumbria Police,Northumbria Police,-1.451483,54.812597,On or near REDHILLS WAY,E01008745,Sunderland 036C,Investigation complete; no suspect identified
de5282b6bd08ce31a4624a1ca8f7abaf508046fdd32be777e1d9db9558c5468e,2014-10,Northumbria Police,Northumbria Police,-1.620211,54.972309,On or near STOWELL STREET,E01033543,Newcastle upon Tyne 024G,Suspect charged
9adfbddd4842cb9efbad77b3e72059c8807394665e7aaf01f16ff4dd8c54b948,2014-10,Northumbria Police,Northumbria Police,-1.457142,54.917432,On or near COLOMBO ROAD,E01008696,Sunderland 008D,Suspect charged
42f7a2e6e7380cfccd160db12934f1ee710745ad4f4a51530d6c2d4290df34dc,2014-10,Northumbria Police,Northumbria Police,-1.598694,54.952534,On or near SOUTH STREET,E01008203,Gateshead 028B,Suspect charged
d53d92ffed2e331f3cba4996eb7b03c4390349915117c021ab4c49aae52ac305,2014-10,Northumbria Police,Northumbria Police,-1.382068,54.926913,On or near MILL VIEW AVENUE,E01008728,Sunderland 002D,Investigation complete; no suspect identified
6165c1350b6c8a79deaf9559961f5c0ca1296782fa4265f49f49d83532699e24,2014-10,Northumbria Police,Northumbria Police,-1.594435,54.950569,On or near NEWMAN TERRACE,E01008203,Gateshead 028B,Suspect charged
6165c1350b6c8a79deaf9559961f5c0ca1296782fa4265f49f49d83532699e24,2014-10,Northumbria Police,Northumbria Police,-1.594435,54.950569,On or near NEWMAN TERRACE,E01008203,Gateshead 028B,Suspect charged
4a3d7b18f999652b276a1bf2c0a4d052ef6cc0fa7315f0af27f0c5433c9095d5,2014-10,Northumbria Police,Northumbria Police,-1.500423,55.000121,On or near ILFORD ROAD,E01008511,North Tyneside 028A,Investigation complete; no suspect identified
4a3d7b18f999652b276a1bf2c0a4d052ef6cc0fa7315f0af27f0c5433c9095d5,2014-10,Northumbria Police,Northumbria Police,-1.500423,55.000121,On or near ILFORD ROAD,E01008511,North Tyneside 028A,Investigation complete; no suspect identified
a76b9dc1bed70db1fa7cc3f02386091b955d4a12eda54cf588499418d2b55020,2014-10,Northumbria Police,Northumbria Police,-1.607170,54.949578,On or near WINDSOR AVENUE,E01008253,Gateshead 010C,Investigation complete; no suspect identified
83df6854885e77359c84d39608a80ef08739a15b3f3768ae673c0294f48a9fb9,2014-10,Northumbria Police,Northumbria Police,-1.562565,54.973949,On or near WELBECK ROAD,E01008388,Newcastle upon Tyne 028A,Suspect charged
d0ba967bb11d8d1b8124e414acc862792aabc1fb6b4f031bce18fe4b516fd4d3,2014-10,Northumbria Police,Northumbria Police,-1.611154,54.975165,On or near LISLE STREET,E01008397,Newcastle upon Tyne 024C,Offender given a caution
880a605b1d288e6ead5e6d005cbd8ac59804d4b4f37027e3dd958fffb9dd0df1,2014-10,Northumbria Police,Northumbria Police,-1.582893,54.960002,On or near Supermarket,E01008214,Gateshead 003A,Suspect charged
4cdf93b90f5051f91a625b2e5f4e60d7bf04c4f30b28b1700d456e59d33ec93d,2014-10,Northumbria Police,Northumbria Police,-1.608354,54.948180,On or near FERN DENE ROAD,E01008253,Gateshead 010C,Investigation complete; no suspect identified
cd117d54220aacc4529d67348cec3d1c85adb3645fd1c82077c841b6e9bb02a8,2014-10,Northumbria Police,Northumbria Police,-1.620304,54.967349,On or near Nightclub,E01033545,Newcastle upon Tyne 024H,Suspect charged
80f206db07d7c3643a9ba9c246d5b0372d159873993ccebb9cd065758cdc0578,2014-10,Northumbria Police,Northumbria Police,-1.760024,54.972288,On or near Supermarket,E01008249,Gateshead 001D,Suspect charged as part of another case
80f206db07d7c3643a9ba9c246d5b0372d159873993ccebb9cd065758cdc0578,2014-10,Northumbria Police,Northumbria Police,-1.760024,54.972288,On or near Supermarket,E01008249,Gateshead 001D,Suspect charged as part of another case
80f206db07d7c3643a9ba9c246d5b0372d159873993ccebb9cd065758cdc0578,2014-10,Northumbria Police,Northumbria Police,-1.760024,54.972288,On or near Supermarket,E01008249,Gateshead 001D,Suspect charged as part of another case
80f206db07d7c3643a9ba9c246d5b0372d159873993ccebb9cd065758cdc0578,2014-10,Northumbria Police,Northumbria Police,-1.760024,54.972288,On or near Supermarket,E01008249,Gateshead 001D,Suspect charged
175ef6d41f1baf0a6896168717000fe86ef312e5400f0324e35ff77d423423aa,2014-10,Northumbria Police,Northumbria Police,-1.639315,54.979368,On or near STUDLEY TERRACE,E01008396,Newcastle upon Tyne 022B,Investigation complete; no suspect identified
3d6f46ece7b33a294e3d73c06aa121f54ab0bdd40d8622c0cfeed64ba4ed5cbb,2014-10,Northumbria Police,Northumbria Police,-1.371669,54.894239,On or near TEL-EL-KEBIR ROAD,E01008737,Sunderland 016D,Investigation complete; no suspect identified
e0d32ca03e65c27cd0cabcd3723b25ca70736224c5997c60b9218a5dba35523e,2014-10,Northumbria Police,Northumbria Police,-1.586941,54.961193,On or near PARK ROAD,E01008166,Gateshead 027C,Investigation complete; no suspect identified
d870ad4fa159452ddee50c18e390d4bf5db9c4571172053d5a3a82fab2ed4b46,2014-10,Northumbria Police,Northumbria Police,-1.677556,54.962779,On or near RIVERSIDE WAY,E01008262,Gateshead 009A,Offender given a caution
95f45844c9781dd10139717ae830af90485b745428a0a94e307e19bed849a1bb,2014-10,Northumbria Police,Northumbria Police,-1.501811,54.865178,On or near GAINSBOROUGH CRESCENT,E01008795,Sunderland 030B,Investigation complete; no suspect identified
95f45844c9781dd10139717ae830af90485b745428a0a94e307e19bed849a1bb,2014-10,Northumbria Police,Northumbria Police,-1.501811,54.865178,On or near GAINSBOROUGH CRESCENT,E01008795,Sunderland 030B,Investigation complete; no suspect identified
23c910cfed2f44f69b3476c6309a6d3e67f514c75d527302dd0829f895f3d222,2014-10,Northumbria Police,Northumbria Police,-1.646486,54.977708,On or near WINGROVE AVENUE,E01008449,Newcastle upon Tyne 022D,Suspect charged
0bfa4f9beb53eef198da111eb14146730ec8eb5ea50b759d27cd9bc4c197816d,2014-10,Northumbria Police,Northumbria Police,-1.611983,54.973470,On or near HOOD STREET,E01033543,Newcastle upon Tyne 024G,Investigation complete; no suspect identified
0bfa4f9beb53eef198da111eb14146730ec8eb5ea50b759d27cd9bc4c197816d,2014-10,Northumbria Police,Northumbria Police,-1.611983,54.973470,On or near HOOD STREET,E01033543,Newcastle upon Tyne 024G,Offender given a drugs possession warning
0bfa4f9beb53eef198da111eb14146730ec8eb5ea50b759d27cd9bc4c197816d,2014-10,Northumbria Police,Northumbria Police,-1.611983,54.973470,On or near HOOD STREET,E01033543,Newcastle upon Tyne 024G,Investigation complete; no suspect identified
6fb5c231f69ac674f77314db590e32556ecc8010c63bdd193e0892bc3db8b8b0,2014-10,Northumbria Police,Northumbria Police,-1.618837,54.970526,On or near CLAYTON STREET WEST,E01033543,Newcastle upon Tyne 024G,Investigation complete; no suspect identified
285fb11a43b525b90fc452821bd9f05fe29e2477e5e01f57cee6aa978cc9618a,2014-10,Northumbria Police,Northumbria Police,-1.611154,54.975165,On or near LISLE STREET,E01008397,Newcastle upon Tyne 024C,Suspect charged
285fb11a43b525b90fc452821bd9f05fe29e2477e5e01f57cee6aa978cc9618a,2014-10,Northumbria Police,Northumbria Police,-1.611154,54.975165,On or near LISLE STREET,E01008397,Newcastle upon Tyne 024C,Suspect charged
f12d0b8b8342bbffd677a3c165c19a28786156e47ac8150fa721fd807f29e8d8,2014-10,Northumbria Police,Northumbria Police,-1.395685,54.903258,On or near EAST CLEFT ROAD,E01008707,Sunderland 011D,Investigation complete; no suspect identified
db715aea0c543ce616c9ef1e4723ec1e0e1f192770ae2ebcfee1791e38895694,2014-10,Northumbria Police,Northumbria Police,-1.547817,54.985146,On or near WESTBURY AVENUE,E01008435,Newcastle upon Tyne 020E,Suspect charged
83bf90c601c115b07d29842e4b3478b5fdde844a04c3af723d58c9467bec40cc,2014-10,Northumbria Police,Northumbria Police,-1.562568,54.937662,On or near Pedestrian Subway,E01008233,Gateshead 018D,Investigation complete; no suspect identified
cdfaeaf353662db503a6701e6105fbee1d1f29651f89f4bf467dd01fa2f3564c,2014-10,Northumbria Police,Northumbria Police,-1.474708,55.012018,On or near BARDOLPH ROAD,E01008492,North Tyneside 023E,Suspect charged
cdfaeaf353662db503a6701e6105fbee1d1f29651f89f4bf467dd01fa2f3564c,2014-10,Northumbria Police,Northumbria Police,-1.474708,55.012018,On or near BARDOLPH ROAD,E01008492,North Tyneside 023E,Suspect charged
4c2977163c15d6700c365a2cfd98ab502e69548787ddf2410550a3cda3229eaa,2014-10,Northumbria Police,Northumbria Police,-1.620821,54.968906,On or near FORTH PLACE,E01033545,Newcastle upon Tyne 024H,Investigation complete; no suspect identified
a73ff771b74da0aa52e7c4e3cd830c7321d43f6aa246d9b7fb5e600666b8f4fd,2014-10,Northumbria Police,Northumbria Police,-1.467484,55.008482,On or near THE QUADRANT,E01008481,North Tyneside 023A,Offender given a drugs possession warning
70107b5ffe81d47d66fb9629c28f269fe8c565e5fb6a282d6fdaea2f77757878,2014-10,Northumbria Police,Northumbria Police,-1.698603,55.001096,On or near WESTWARD COURT,E01008441,Newcastle upon Tyne 031A,Suspect charged
893f53e05a2ad42287b5ee9a968a7e9f0890a43af942c755cc70379acd69bcb6,2014-10,Northumbria Police,Northumbria Police,-1.662424,54.983029,On or near LONNEN AVENUE,E01008346,Newcastle upon Tyne 019D,Suspect charged
d6fb115e0d24178942c59cb55f799b650ae95a4fba99d5c9ed66e49132936f0f,2014-10,Northumbria Police,Northumbria Police,-1.414337,54.896843,On or near FARNHAM TERRACE,E01008761,Sunderland 015D,Suspect charged
3546bc53b475b779478f707fca0644be4052f7adc81ce53063e1024a93c65d0d,2014-10,Northumbria Police,Northumbria Police,-1.566916,54.970271,On or near NORBURY GROVE,E01008301,Newcastle upon Tyne 026A,Suspect charged
41c411b3a83edb9d37d4b6fa81f16f3eada0019460af64bb3eb23cc179d2f590,2014-10,Northumbria Police,Northumbria Police,-1.614002,54.976262,On or near Shopping Area,E01008397,Newcastle upon Tyne 024C,Suspect charged
b8fef940c0eeddb4cfb4260f0d93688a74a57cfeb8a4cd4d34bc59bf59d125f8,2014-10,Northumbria Police,Northumbria Police,-1.443255,54.976409,On or near HUDSON STREET,E01008671,South Tyneside 012C,Offender given a drugs possession warning
5122711cb6b5488943b4ea691bbe1bfe0f9c547e31703e41444246a4dcfb07fe,2014-10,Northumbria Police,Northumbria Police,-1.569740,54.975008,On or near HARRIET STREET,E01008302,Newcastle upon Tyne 026B,Investigation complete; no suspect identified
05c75c6296109d7c5aa8c568c121381f1012be6e845c9cea23fe8b0aef212cdd,2014-10,Northumbria Police,Northumbria Police,-1.668240,55.013032,On or near KINGSTON PARK AVENUE,E01008294,Newcastle upon Tyne 001A,Suspect charged
f1d49ceb34ce0f1c860b1d08b2ca8a792a8f9efdaae7d68194abbe9c66463673,2014-10,Northumbria Police,Northumbria Police,-1.470724,55.014140,On or near MOWBRAY ROAD,E01008486,North Tyneside 020A,Investigation complete; no suspect identified
1b53989242b2c80c8edeb1ebb5850ba3d26ac9b29a208dcfc6e2396d7ecc9f10,2014-10,Northumbria Police,Northumbria Police,-1.384046,54.907719,On or near Shopping Area,E01008703,Sunderland 013B,Suspect charged
e0b933cd521db9bc4ca29a549a1fa5de71cd5b43f9f3b29c551040a06febb5f5,2014-10,Northumbria Police,Northumbria Police,-1.539666,54.912164,On or near ROSSE CLOSE,E01008879,Sunderland 010D,Investigation complete; no suspect identified
4264d7b76c60b11171713e7d6591ee51dcc3e2a09808389f2b4fb0e474f19d3d,2014-10,Northumbria Police,Northumbria Police,-1.546602,55.184310,On or near Hospital,E01027549,Northumberland 013E,Suspect charged
1be8a5005d792b4a1b9e79484d7e72416e6654dee2d2c05feb44f1a3f641b9e9,2014-10,Northumbria Police,Northumbria Police,-1.862736,54.972016,On or near DENE CLOSE,E01027496,Northumberland 036B,Suspect charged
af8825a2067807252d5a2de66949cde00f34168a5da0a30d474a375dbfc6716d,2014-10,Northumbria Police,Northumbria Police,-1.438189,54.990108,On or near LAYGATE PLACE,E01008666,South Tyneside 002C,Suspect charged as part of another case
3d6df07fc12a5ac3106c467990f0386847d552b46f8c93b4fdc7dfc77f9ed6f1,2014-10,Northumbria Police,Northumbria Police,-1.475766,55.002884,On or near MINDRUM TERRACE,E01008484,North Tyneside 023C,Offender given a caution
92b1abdf14fdb231c9e862c08a50f96e91d4f46e25816252670aaf56b280634d,2014-10,Northumbria Police,Northumbria Police,-1.384684,54.905782,On or near Parking Area,E01008703,Sunderland 013B,Offender given penalty notice
545f331e9612d3f595cbd04f2c60f6909a775a0e683891cee866a79c2f6501a3,2014-10,Northumbria Police,Northumbria Police,-1.445772,54.872951,On or near FOXCOVER LANE,E01008772,Sunderland 029A,Investigation complete; no suspect identified
d09d9b41d52ed9845c90f44119ba2b0461728c407b1f79708f6c64dc653da7bc,2014-10,Northumbria Police,Northumbria Police,-1.561571,54.934666,On or near WHITE OAKS,E01008232,Gateshead 018C,Investigation complete; no suspect identified
d66dbde39bd0f74b1e81e2d12d830614bdc8fccdbb077b92b8bc17b4444f2717,2014-10,Northumbria Police,Northumbria Police,-1.639798,54.953291,On or near RAVENSWORTH ROAD,E01008210,Gateshead 007B,Suspect charged
ee7eb0aa7f32e7680f67f860db3abb94a83aa779f81ff649c51bd955d2a0c69a,2014-10,Northumbria Police,Northumbria Police,-1.668731,54.974275,On or near PENDOWER WAY,E01008289,Newcastle upon Tyne 027B,Suspect charged
9bfb63ca1a91a50292e01dd6d8fde67eddac8cbf254f5184c71ec172f1678647,2014-10,Northumbria Police,Northumbria Police,-1.467871,55.000459,On or near WOODLEA COURT,E01008541,North Tyneside 027C,Investigation complete; no suspect identified
2164a8f0251e103f756ad809e29d10e04879ee7a4e85271ad42b761c808743be,2014-10,Northumbria Police,Northumbria Police,-1.507215,55.124427,On or near OXFORD STREET,E01027414,Northumberland 023A,Suspect charged
46769f10fd822a0467f7596faf8e05d434120eb3b7793fe38dd4c7f039a7be9b,2014-10,Northumbria Police,Northumbria Police,-1.615061,54.975034,On or near Shopping Area,E01008397,Newcastle upon Tyne 024C,Suspect charged
5400b0d3f72422e13ce243ded1459b04f86efe95893e55313aac1b3c9ff9f772,2014-10,Northumbria Police,Northumbria Police,-1.630459,54.970553,On or near YORK STREET,E01008439,Newcastle upon Tyne 024E,Suspect charged
42377b5dc2acd6e8d4cbde8e20385c4cceec308d8305c37c0f8fccfff4c0291e,2014-10,Northumbria Police,Northumbria Police,-1.429277,54.999179,On or near Nightclub,E01008596,South Tyneside 001B,Suspect charged
bc6bd349171223e320af88fdf4a55dde20e65b16648d96307c5e673ea0dffce5,2014-10,Northumbria Police,Northumbria Police,-1.515929,55.032722,On or near HEATHFIELD,E01032648,North Tyneside 011F,Suspect charged
2441aa016dc66c522545c9c83923bd2fc15b0d3e7f7e873ca1b4015dd92fdd3e,2014-10,Northumbria Police,Northumbria Police,-1.679240,54.986651,On or near SLATYFORD LANE,E01008344,Newcastle upon Tyne 019B,Suspect charged
9036d4a1562e1a859f8ca105e0e344e28b4d4f08fa385ce94af672644fbed2d8,2014-10,Northumbria Police,Northumbria Police,-1.550929,55.005880,On or near Supermarket,E01008531,North Tyneside 025A,Investigation complete; no suspect identified
8dcca5e82fd5a17e8b1b96768688759c0777444f359ef5c678b31f891f08cacb,2014-10,Northumbria Police,Northumbria Police,-1.679240,54.986651,On or near SLATYFORD LANE,E01008344,Newcastle upon Tyne 019B,Suspect charged
9401397e558a18fea446719984c6991a1b1b42dbe214eeddd2df9488e3551c34,2014-10,Northumbria Police,Northumbria Police,-1.597286,54.957480,On or near Pedestrian Subway,E01008163,Gateshead 028A,Suspect charged
58110142c3c09cff9b7016a2ac22602ee369db6a5d55ae2c7bb48c2bf95ce82d,2014-10,Northumbria Police,Northumbria Police,-1.412856,54.971818,On or near PRINCE EDWARD ROAD,E01008681,South Tyneside 006D,Suspect charged
73a3763cd891a7199f8a17d1c92dd439b89817a9fdecee94c15313d7dcfdb007,2014-10,Northumbria Police,Northumbria Police,-1.534379,54.990406,On or near FRANK STREET,E01008575,North Tyneside 030E,Suspect charged
72691c16c9bfcc99ca80bbcdda243c63c1b475b9ed5b8e06be2b0582f00317e5,2014-10,Northumbria Police,Northumbria Police,-1.597951,54.922166,On or near HERTFORD,E01008189,Gateshead 023A,Suspect charged
6c16cd168c1a1294ed2701885ff9babc4f491ba635ceb6a404f78b3ded9b1257,2014-10,Northumbria Police,Northumbria Police,-1.535004,55.025635,On or near WESLEY WAY,E01008501,North Tyneside 018D,Suspect charged
6c16cd168c1a1294ed2701885ff9babc4f491ba635ceb6a404f78b3ded9b1257,2014-10,Northumbria Police,Northumbria Police,-1.535004,55.025635,On or near WESLEY WAY,E01008501,North Tyneside 018D,Suspect charged
25ef21dc978e27944421304b633843e90e8f1a3759ef22e6453048fa18bf475d,2014-10,Northumbria Police,Northumbria Police,-1.561197,55.176689,On or near FIFTH AVENUE,E01027545,Northumberland 010D,Investigation complete; no suspect identified
dfe2362bbed2dc78f82dff2f0dfdc87d001372ea6580e3d713a7b67071c828da,2014-10,Northumbria Police,Northumbria Police,-1.747655,54.966718,On or near STARGATE LANE,E01008248,Gateshead 001C,Investigation complete; no suspect identified
e85f43d46cddbcdc408e98405b3f58b719f4aa6782a46eb21b9ae1a3fcbf057a,2014-10,Northumbria Police,Northumbria Police,-1.574639,55.182389,On or near Parking Area,E01027529,Northumberland 010B,Offender given a caution
1993a1ff2aaa60f21600dc2cb234da062e5810de22153e8fdb41331de5027bd6,2014-10,Northumbria Police,Northumbria Police,-1.661168,55.013479,On or near Supermarket,E01008295,Newcastle upon Tyne 008A,Investigation complete; no suspect identified
cb8a486cbb9c71026f4bf4a9cefc683e62e92a2a679f33a5d419d77735dedff0,2014-10,Northumbria Police,Northumbria Police,-1.615061,54.975034,On or near Shopping Area,E01008397,Newcastle upon Tyne 024C,Offender given a caution
9b8b821a65e7ad7abe2dc11ca2357ba1406ff7d090e8652737819f731be24ee3,2014-10,Northumbria Police,Northumbria Police,-1.598820,55.085584,On or near LONGRIDGE WAY,E01027413,Northumberland 029E,Offender given a caution
ce38224e987d175f0192c97c9d467b1005c749bfbc39a5ba7ccd16d198a3716e,2014-10,Northumbria Police,Northumbria Police,-1.384211,54.918342,On or near NEWCASTLE ROAD,E01008711,Sunderland 005D,Suspect charged
299dbf0fc8a243f0d8915e195051390a8207ed9dcb72bb397c7613dc34ddae6b,2014-10,Northumbria Police,Northumbria Police,-1.466086,55.014811,On or near RITSON CLOSE,E01008526,North Tyneside 020C,Investigation complete; no suspect identified
0a478bf0bdda2065f7847dd7e76c67df30a3e84b676c2dfef61ec7748f81336c,2014-10,Northumbria Police,Northumbria Police,-1.510142,54.913119,On or near USWORTH STATION ROAD,E01008859,Sunderland 009E,Investigation complete; no suspect identified
857d266671a4f250609b8d59fb82b67dcbe006ce2085745593f1400125e21559,2014-10,Northumbria Police,Northumbria Police,-1.650819,54.969921,On or near DIPTON AVENUE,E01008335,Newcastle upon Tyne 029E,Investigation complete; no suspect identified
46cd870253f541ee026f27c25d3978fbda6bdf71aeedf989a3b261d864fe22a3,2014-10,Northumbria Police,Northumbria Police,-1.467921,55.007343,On or near ROXBY GARDENS,E01008481,North Tyneside 023A,Offender given a caution
5076392f7e6f04a689cbc654c46f782fa235b4db5e1b557cf25fc06b76c6c46a,2014-10,Northumbria Police,Northumbria Police,-1.627123,54.966427,On or near Further/Higher Educational Building,E01008438,Newcastle upon Tyne 029G,Suspect charged
5076392f7e6f04a689cbc654c46f782fa235b4db5e1b557cf25fc06b76c6c46a,2014-10,Northumbria Police,Northumbria Police,-1.627123,54.966427,On or near Further/Higher Educational Building,E01008438,Newcastle upon Tyne 029G,Suspect charged
41f394dee63a8c95df9caa6427c44cecfd8b26444d3a5365605c056882fa0f08,2014-10,Northumbria Police,Northumbria Police,-1.521677,55.118850,On or near EIGHTH AVENUE,E01027430,Northumberland 024E,Investigation complete; no suspect identified
e49117888ff7b7f3d42a57e2d13a1fffc172a7c1e57555a14281f43608595af2,2014-10,Northumbria Police,Northumbria Police,-1.512342,54.916974,On or near GAYTON ROAD,E01008855,Sunderland 007A,Investigation complete; no suspect identified
0ff829310baed6cb063297b825217221904826ac67e61fb52c1f0fdb85151e57,2014-10,Northumbria Police,Northumbria Police,-1.523778,55.130747,On or near COWPEN ROAD,E01027392,Northumberland 022A,Suspect charged
9058f1de74fb6998b7a2fbe7563c1c7c0888e0419b0a8144bab4154d51e3d2ae,2014-10,Northumbria Police,Northumbria Police,-1.436204,54.989030,On or near LAYGATE,E01008666,South Tyneside 002C,Suspect charged
2d5cc4f660d13bb32b68c503d1defb5b368aa613e255d33a471697c8be33dc33,2014-10,Northumbria Police,Northumbria Police,-1.700434,55.401009,On or near Sports/Recreation Area,E01027358,Northumberland 005A,Investigation complete; no suspect identified
dc3422997dcef8d0aaeb239a069c93b150c33c5b721c048ef11b4891dbf87890,2014-10,Northumbria Police,Northumbria Police,-1.466348,55.025722,On or near Hospital,E01008556,North Tyneside 013C,Investigation complete; no suspect identified
5247a741932bff6737c60b37158612a04d87b63dfd4310832ab7f9adc0dac227,2014-10,Northumbria Police,Northumbria Police,-1.491792,55.044764,On or near MONKSEATON ROAD,E01008564,North Tyneside 007B,Investigation complete; no suspect identified
bec76af4e64d4d8789f75ece539ebe7b7d93c41d920af3ef54306b3f2a491c7c,2014-10,Northumbria Police,Northumbria Police,-1.615322,54.972222,On or near NUN STREET,E01033543,Newcastle upon Tyne 024G,Offender given a caution
c2bf4fb65f2ae2aa7ea773e6076f02ab87268cf3f45978254f1786ea765db351,2014-10,Northumbria Police,Northumbria Police,-1.385145,54.904139,On or near Nightclub,E01008836,Sunderland 016F,Offender given a caution
e48067a756409047ef2c03f68b54d136e40ebb6b369ca09a51f1c40ae194c1ee,2014-10,Northumbria Police,Northumbria Police,-1.732266,54.971987,On or near NUNNS WAY,E01008248,Gateshead 001C,Investigation complete; no suspect identified
2012bf5ae9172724243093ee77e15ecea2bd5b21b8a6301c974616f7d5793fa9,2014-10,Northumbria Police,Northumbria Police,-1.657098,54.990158,On or near Pedestrian Subway,E01008300,Newcastle upon Tyne 016A,Suspect charged
2012bf5ae9172724243093ee77e15ecea2bd5b21b8a6301c974616f7d5793fa9,2014-10,Northumbria Police,Northumbria Police,-1.657098,54.990158,On or near Pedestrian Subway,E01008300,Newcastle upon Tyne 016A,Suspect charged
84433a98e852caecb8a074c88b4260141e647d1e2ea3efc553ff84f0afd11f0b,2014-10,Northumbria Police,Northumbria Police,-1.650870,54.956720,On or near ST OMERS ROAD,E01008209,Gateshead 007A,Investigation complete; no suspect identified
ff4b5b3e0e57b6bb8525890194d96cdfdd3b0b5c711a7c9a253841d138a4670f,2014-10,Northumbria Police,Northumbria Police,-1.399060,54.909116,On or near NORTH RAVENSWORTH STREET,E01008700,Sunderland 013A,Investigation complete; no suspect identified
432dfe46cec369f062bfdc23251ee992718061f36e53e7503d7bbaa8b8189af5,2014-10,Northumbria Police,Northumbria Police,-1.476901,55.018956,On or near BILLY MILL LANE,E01008487,North Tyneside 020B,Investigation complete; no suspect identified
30380012c8ad29d0a4f89557e331c473ee12611447f029eacb1e143cb9f67ef7,2014-10,Northumbria Police,Northumbria Police,-1.508099,55.108696,On or near EIDER CLOSE,E01027440,Northumberland 026D,Investigation complete; no suspect identified
55271f3b55b8221ba1cd9bac102159c11bf86c2050689affe2fc4352ef49e766,2014-10,Northumbria Police,Northumbria Police,-1.489340,54.980386,On or near Supermarket,E01008600,South Tyneside 007A,Suspect charged
e1fc5beddf2db65c8828dfe872ba7ebaf69e686d6d95bf451e872bd61e80c1f4,2014-10,Northumbria Police,Northumbria Police,-1.520996,54.992170,On or near CEDAR GROVE,E01008572,North Tyneside 029A,Investigation complete; no suspect identified
fa4a425838c3213cd19cc2a125b9b8850cb677aead5ab615effb5290e4aa08fb,2014-10,Northumbria Police,Northumbria Police,-1.597038,54.968200,On or near MILL ROAD,E01008166,Gateshead 027C,Suspect charged
5c5773a9d10bbe23ba7f36cb855d4b6e1b56233cc2ba5f42cbace50f7a415538,2014-10,Northumbria Police,Northumbria Police,-1.597038,54.968200,On or near MILL ROAD,E01008166,Gateshead 027C,Suspect charged
db043e5006c9908e29377ba27d9b9d6a3315f0f1c8bd956c245a61dbc13cb18f,2014-10,Northumbria Police,Northumbria Police,-1.554497,55.126945,On or near Supermarket,E01027425,Northumberland 025A,Suspect charged
5665332d9417f40797ffa811d052ec16f9c742c37cc87c7fedb1c12b28d13917,2014-10,Northumbria Police,Northumbria Police,-1.490929,54.959715,On or near Petrol Station,E01008659,South Tyneside 017C,Offender given a drugs possession warning
3367e9a1474dce035be67589eb3d6e3ee8a61e73d6a0f9456269be71a13e801c,2014-10,Northumbria Police,Northumbria Police,-1.600570,54.952270,On or near SHIPLEY COURT,E01008252,Gateshead 010B,Suspect charged
3367e9a1474dce035be67589eb3d6e3ee8a61e73d6a0f9456269be71a13e801c,2014-10,Northumbria Police,Northumbria Police,-1.600570,54.952270,On or near SHIPLEY COURT,E01008252,Gateshead 010B,Suspect charged
3367e9a1474dce035be67589eb3d6e3ee8a61e73d6a0f9456269be71a13e801c,2014-10,Northumbria Police,Northumbria Police,-1.600570,54.952270,On or near SHIPLEY COURT,E01008252,Gateshead 010B,Suspect charged
05903a679fb2b16bbe6e96c3b969f36a62ab406459ce34dc50588c5aa76b6ba3,2014-10,Northumbria Police,Northumbria Police,-1.565885,54.948584,On or near ROWLANDSON CRESCENT,E01008216,Gateshead 012C,Suspect charged
9327cc37833e3c7c933b27edc1a972f69d13fcca71ed3c449293e89169254383,2014-10,Northumbria Police,Northumbria Police,-1.472828,55.019504,On or near ACTON DRIVE,E01008487,North Tyneside 020B,Suspect charged
9327cc37833e3c7c933b27edc1a972f69d13fcca71ed3c449293e89169254383,2014-10,Northumbria Police,Northumbria Police,-1.472828,55.019504,On or near ACTON DRIVE,E01008487,North Tyneside 020B,Suspect charged
9327cc37833e3c7c933b27edc1a972f69d13fcca71ed3c449293e89169254383,2014-10,Northumbria Police,Northumbria Police,-1.472828,55.019504,On or near ACTON DRIVE,E01008487,North Tyneside 020B,Suspect charged
9327cc37833e3c7c933b27edc1a972f69d13fcca71ed3c449293e89169254383,2014-10,Northumbria Police,Northumbria Police,-1.472828,55.019504,On or near ACTON DRIVE,E01008487,North Tyneside 020B,Suspect charged
9327cc37833e3c7c933b27edc1a972f69d13fcca71ed3c449293e89169254383,2014-10,Northumbria Police,Northumbria Police,-1.472828,55.019504,On or near ACTON DRIVE,E01008487,North Tyneside 020B,Suspect charged
9327cc37833e3c7c933b27edc1a972f69d13fcca71ed3c449293e89169254383,2014-10,Northumbria Police,Northumbria Police,-1.472828,55.019504,On or near ACTON DRIVE,E01008487,North Tyneside 020B,Suspect charged
9327cc37833e3c7c933b27edc1a972f69d13fcca71ed3c449293e89169254383,2014-10,Northumbria Police,Northumbria Police,-1.472828,55.019504,On or near ACTON DRIVE,E01008487,North Tyneside 020B,Suspect charged
9327cc37833e3c7c933b27edc1a972f69d13fcca71ed3c449293e89169254383,2014-10,Northumbria Police,Northumbria Police,-1.472828,55.019504,On or near ACTON DRIVE,E01008487,North Tyneside 020B,Suspect charged
78a02c3d063fd7255df5cc7e5d54bb28ab210fe8942112457571ecd3d4ae1c6b,2014-10,Northumbria Police,Northumbria Police,-1.549840,54.882422,On or near RICKLETON WAY,E01008866,Sunderland 025G,Suspect charged
f0c3ba85869121500c11858961e0984efc5598ce1956dd0b781b6771ea61262b,2014-10,Northumbria Police,Northumbria Police,-1.425218,55.000984,On or near GEORGE SCOTT STREET,E01008598,South Tyneside 001D,Offender given a caution
f0c3ba85869121500c11858961e0984efc5598ce1956dd0b781b6771ea61262b,2014-10,Northumbria Police,Northumbria Police,-1.425218,55.000984,On or near GEORGE SCOTT STREET,E01008598,South Tyneside 001D,Offender given a caution
5acca5d773fa4315c2a9a153925199e55a5dbc2ef7ffcb8c22f758cbd38293dc,2014-10,Northumbria Police,Northumbria Police,-1.451068,55.014115,On or near CAMP TERRACE,E01008528,North Tyneside 022C,Local resolution
c929ea6e92a01933543615ec93c49e7bbf7ca02f45f8f7fd9f5d483b0fab0e25,2014-10,Northumbria Police,Northumbria Police,-1.637121,54.974886,On or near LONGLEY STREET,E01008398,Newcastle upon Tyne 022C,Suspect charged
c929ea6e92a01933543615ec93c49e7bbf7ca02f45f8f7fd9f5d483b0fab0e25,2014-10,Northumbria Police,Northumbria Police,-1.637121,54.974886,On or near LONGLEY STREET,E01008398,Newcastle upon Tyne 022C,Suspect charged
8470f05f47b975f421bb09bde5629f588d56fd6273267bd71a0398fd8b555f68,2014-10,Northumbria Police,Northumbria Police,-1.555613,55.174701,On or near REDWOOD COURT,E01027533,Northumberland 013A,Investigation complete; no suspect identified
65396d603ecdff2fec58663c532f7666ab2d01eb9fce6042af5aa6aa5b4bc9cc,2014-10,Northumbria Police,Northumbria Police,-2.010316,55.758630,On or near Shopping Area,E01027385,Northumberland 001C,Offender given a caution
5e1e817bef15d40172055d5054856180d04ec01045f1b91f553c8aeb781f1052,2014-10,Northumbria Police,Northumbria Police,-1.611977,54.974045,On or near Shopping Area,E01033543,Newcastle upon Tyne 024G,Investigation complete; no suspect identified
8e1b18e128174e5679e6a70f737af1c3942323a771a4da56b292c0656bd2f33e,2014-10,Northumbria Police,Northumbria Police,-1.643107,54.969332,On or near BENTINCK STREET,E01008333,Newcastle upon Tyne 029C,Investigation complete; no suspect identified
39e574590208dab6b8d951a984b04a7fa3d9c18d8e2f528ea8368303b9b46751,2014-10,Northumbria Police,Northumbria Police,-1.562171,55.178059,On or near FOURTH AVENUE,E01027545,Northumberland 010D,Investigation complete; no suspect identified
c76ee8a93dc70affc986b3a441f71f2ed9c7da9294c932cd97960eba7be46aca,2014-10,Northumbria Police,Northumbria Police,-1.382615,54.902383,On or near Parking Area,E01008831,Sunderland 013D,Investigation complete; no suspect identified
22b1a8702383a1ede83f4bf5a4699fe2df2d68dc6bb05035258d385e4aede986,2014-10,Northumbria Police,Northumbria Police,-1.525637,55.118075,On or near WORDSWORTH AVENUE,E01027422,Northumberland 024B,Suspect charged
6b8f1d3005bf70dde07f29fb37510d95e79f5c8064aa0b87b55f7d93fac77be3,2014-10,Northumbria Police,Northumbria Police,-1.820681,55.287863,On or near B6344,E01027365,Northumberland 007A,Investigation complete; no suspect identified
729797076a26d05120ce684a7628cafe38e1f34962a8bde0fadcb4086ea20c47,2014-10,Northumbria Police,Northumbria Police,-1.740000,55.326896,On or near NELSON DRIVE,E01027370,Northumberland 006E,Investigation complete; no suspect identified
e725dd8e5b197db0e1a771967f3cbedac729560ad5535dae5e4ffa13ff22602a,2014-10,Northumbria Police,Northumbria Police,-1.638579,54.983068,On or near PONTELAND ROAD,E01033556,Newcastle upon Tyne 022H,Investigation complete; no suspect identified
3af3a9213016bc7780ec90673237885e2fb5144416fcacba14b6c157294cb56e,2014-10,Northumbria Police,Northumbria Police,-1.612740,54.974308,On or near Shopping Area,E01008397,Newcastle upon Tyne 024C,Suspect charged
8fdcf71e1013eeb56e4d6a5b421610ce7834d8f73de868772e70d7aa3cc72529,2014-10,Northumbria Police,Northumbria Police,-1.461333,54.834829,On or near LINGFIELD,E01008716,Sunderland 034C,Investigation complete; no suspect identified
1d738cfbb299d5be26fe4c34677aff4739bbbac17da6f7231dd9e18e9564b9cf,2014-10,Northumbria Police,Northumbria Police,-1.548354,55.182106,On or near FALDO DRIVE,E01027549,Northumberland 013E,Investigation complete; no suspect identified
3f07fbcf60ebb01fed388ee8c77cc650e99a7054174acf26bfb45dbde063c94f,2014-10,Northumbria Police,Northumbria Police,-1.659965,54.976273,On or near Petrol Station,E01008334,Newcastle upon Tyne 029D,Suspect charged
ce996dbe2e56605442ee0551bb74bd8fac420df89586c8270fb15678e3d27e66,2014-10,Northumbria Police,Northumbria Police,-2.101054,54.971449,On or near ST MARY'S CHARE,E01027494,Northumberland 035G,Offender given a caution
53bd9811a28c358e5e9cb35fa7d597d7ea6dde147ba665aba6d260e5010dfb04,2014-10,Northumbria Police,Northumbria Police,-1.587764,54.949442,On or near LEYTON PLACE,E01008204,Gateshead 011D,Suspect charged
34a87fabef80dba51a175716ed6b930a24307eade90eb4500d68c894dc178f66,2014-10,Northumbria Police,Northumbria Police,-1.441779,54.886718,On or near GREENOCK ROAD,E01008733,Sunderland 021E,Offender given a caution
acc6e54189b121e6634fd3ece05f2f10e8c68136bccf8029ca3f46baf3ccbf89,2014-10,Northumbria Police,Northumbria Police,-1.568957,55.023315,On or near BRIAR EDGE,E01008499,North Tyneside 014B,Suspect charged
b2fca94ef9b819cb617c7bef352f16b82cdbfb29d33d392507ff1925c4bcf7ae,2014-10,Northumbria Police,Northumbria Police,-1.599545,54.975272,On or near CLARENCE STREET,E01008406,Newcastle upon Tyne 023A,Suspect charged
bf5dc5711404dfca236b658f84a3c40365fbb7cc9e16582e548bd070e524393f,2014-10,Northumbria Police,Northumbria Police,-1.464017,55.005816,On or near RICHMOND GROVE,E01008485,North Tyneside 023D,Investigation complete; no suspect identified
329774c668696bb0920fa9e5f0bdd82775302a90767d93d89ecd5a78e5d6fe21,2014-10,Northumbria Police,Northumbria Police,-1.561571,54.934666,On or near WHITE OAKS,E01008232,Gateshead 018C,Investigation complete; no suspect identified
5c2e272d39c9b40a2358ae87f6913bdbf2d9358613b49bd490b4dce0d59bcb6e,2014-10,Northumbria Police,Northumbria Police,-1.364016,54.960421,On or near MAY GROVE,E01008685,South Tyneside 018C,Investigation complete; no suspect identified
a89bc2870a3ab5c6b91fd443298b36f4a3598b47e679fbcac3ee629f1d77b864,2014-10,Northumbria Police,Northumbria Police,-1.617120,54.978617,On or near EDWARD'S WALK,E01008397,Newcastle upon Tyne 024C,Suspect charged
8c8f6eac7fbcd59546318e4af5e3e7a39484bf09c7b315270a46a17a07ff8e13,2014-10,Northumbria Police,Northumbria Police,-1.424451,54.898275,On or near HEATH SQUARE,E01008758,Sunderland 015B,Investigation complete; no suspect identified
4753900769dc4d6db650b9f7af446bb680a97ed7fc68f0d7e15c6e71e8eee524,2014-10,Northumbria Police,Northumbria Police,-1.594544,54.981662,On or near AMBLE GROVE,E01008411,Newcastle upon Tyne 017E,Investigation complete; no suspect identified
c2e2c91f4e4f263e34feab7f1129b97d7b2491b29cfb58ee2b5b4fb0fab64854,2014-10,Northumbria Police,Northumbria Police,-1.651032,55.001203,On or near THE RIDING,E01008376,Newcastle upon Tyne 008D,Investigation complete; no suspect identified
8a3283eeda6a4d4155673629ff7223685878fd5377ca8ddb45c148f003150a42,2014-10,Northumbria Police,Northumbria Police,-1.452194,55.009510,On or near ALBION ROAD,E01008483,North Tyneside 022A,Suspect charged
281fefb27f8db1234323ffe9ec0034ac70b97082a07cd609f23f64e2cf37c6d4,2014-10,Northumbria Police,Northumbria Police,-1.544091,54.996796,On or near DORSET AVENUE,E01008535,North Tyneside 030B,Suspect charged
281fefb27f8db1234323ffe9ec0034ac70b97082a07cd609f23f64e2cf37c6d4,2014-10,Northumbria Police,Northumbria Police,-1.544091,54.996796,On or near DORSET AVENUE,E01008535,North Tyneside 030B,Suspect charged
223eaadcad0aae858cdf2b96cccb1aff32ce668ae6ebc0c1777940157817b891,2014-10,Northumbria Police,Northumbria Police,-1.613189,54.969906,On or near COLLINGWOOD STREET,E01033545,Newcastle upon Tyne 024H,Suspect charged
389ade78a9129abd0e085ca1fc97d5e6ea3be16ae52f8f67f06b362a16984b88,2014-10,Northumbria Police,Northumbria Police,-2.003002,55.766771,On or near PALACE STREET,E01027377,Northumberland 001B,Suspect charged
c11fb2e084d3c8936ab62c5f0c5d5e8e29e1e65a458edbcd22dbecadb21d0747,2014-10,Northumbria Police,Northumbria Police,-1.605988,54.976200,On or near A167(M),E01008407,Newcastle upon Tyne 023B,Suspect charged
c95e83062b5286f9186822750db149bd934f02c4ca2044d8d3f5b8dcecee0426,2014-10,Northumbria Police,Northumbria Police,-1.602893,54.990649,On or near GROSVENOR PLACE,E01008367,Newcastle upon Tyne 017A,Offender given a caution
c95e83062b5286f9186822750db149bd934f02c4ca2044d8d3f5b8dcecee0426,2014-10,Northumbria Police,Northumbria Police,-1.602893,54.990649,On or near GROSVENOR PLACE,E01008367,Newcastle upon Tyne 017A,Offender given penalty notice
18f48c971c09b9f9217f045541815e2342383aa2c9f810b90b4e4d5f9401497f,2014-10,Northumbria Police,Northumbria Police,-1.551908,55.171893,On or near HESLEYSIDE,E01027533,Northumberland 013A,Investigation complete; no suspect identified
ce7643aa16cf87f7e962bf56822dc50fb36a5a4092ceba57b5e1bcdbea50d79e,2014-10,Northumbria Police,Northumbria Police,-1.543882,55.214852,On or near BOLAND ROAD,E01027451,Northumberland 008E,Investigation complete; no suspect identified
1e5da22e75b0ead894d61352d581522ab33715a5990c9bcd5048e58a50e44575,2014-10,Northumbria Police,Northumbria Police,-1.438182,54.967103,On or near Pedestrian Subway,E01008594,South Tyneside 011D,Offender given a caution
4a135ef05348a7810b6becf1899900ba2742d4a425a48abe795419e128ec8922,2014-10,Northumbria Police,Northumbria Police,-1.621664,54.975558,On or near Sports/Recreation Area,E01008397,Newcastle upon Tyne 024C,Local resolution
0a3c2346222520b451f8974a8d612ab508ef172bfcc552fe6dd8742c61a62f94,2014-10,Northumbria Police,Northumbria Police,-1.451552,54.821332,On or near PEMBERTON STREET,E01008742,Sunderland 035C,Suspect charged
24be70d82ec78cf9f5112e8d078758b0dd055a6a838e4e235813f5561de706bd,2014-10,Northumbria Police,Northumbria Police,-1.452116,55.003768,On or near SEYMOUR STREET,E01008544,North Tyneside 027D,Suspect charged
808fbc62e21f2ee4cf0f525745d26688d978fb78b8672934ecddd0d4892c7af7,2014-10,Northumbria Police,Northumbria Police,-1.466348,55.025722,On or near Hospital,E01008556,North Tyneside 013C,Suspect charged
3e2bf41ebe0c364a5da8d874156c2e6e9abc351aaffa6747eb033182cfa6d340,2014-10,Northumbria Police,Northumbria Police,-1.490463,54.997833,On or near BRUNTON AVENUE,E01008542,North Tyneside 028B,Suspect charged
2c181583847e03801c31e555e7f6fa50b354c95d92e7daf931dbc448d5795edc,2014-10,Northumbria Police,Northumbria Police,-1.451552,54.821332,On or near PEMBERTON STREET,E01008742,Sunderland 035C,Investigation complete; no suspect identified
2c181583847e03801c31e555e7f6fa50b354c95d92e7daf931dbc448d5795edc,2014-10,Northumbria Police,Northumbria Police,-1.451552,54.821332,On or near PEMBERTON STREET,E01008742,Sunderland 035C,Suspect charged
b01100eff15949ab14c6102f4a627b56a515176972d36bb3c76758d7ef30b04d,2014-10,Northumbria Police,Northumbria Police,-1.460670,54.837872,On or near BALMORAL CRESCENT,E01008717,Sunderland 034D,Investigation complete; no suspect identified
dcfc21e7621b200a81ea3b1021ab46602c103313d52bb2c103ab8b37a17fdc19,2014-10,Northumbria Police,Northumbria Police,-1.447281,54.824116,On or near EPPLETON ROW,E01008742,Sunderland 035C,Suspect charged
707f1b2b02614871e5afa7f73b40d338ccd12d2e730b78175271e47e1ab6e7c2,2014-10,Northumbria Police,Northumbria Police,-1.686918,54.993958,On or near FOURSTONES,E01008324,Newcastle upon Tyne 015A,Suspect charged
67c28285a28b6e23b4444f2ceeaa72c63f5042afb061f1e8aaa774afbf33d6a5,2014-10,Northumbria Police,Northumbria Police,-1.400004,54.921180,On or near GOSCHEN STREET,E01033075,Sunderland 005G,Suspect charged
9747ed5eec5daff67a0886b653bd49b3325b89b53cdc5188c8618edb2a07a901,2014-10,Northumbria Police,Northumbria Police,-1.502052,54.900046,On or near HORSLEY ROAD,E01008847,Sunderland 017C,Offender given a caution
0782fdb71a5f62cca4c30c16183055ce51077ea788ba60ba32db2c86e0f336e9,2014-10,Northumbria Police,Northumbria Police,-1.687169,54.959757,On or near DERWENTHAUGH ROAD,E01008181,Gateshead 005C,Offender given a drugs possession warning
20e59be2d65402f02ef3bf5b6260c989a40a95736c4049989cc412c40ec407b8,2014-10,Northumbria Police,Northumbria Police,-1.400004,54.921180,On or near GOSCHEN STREET,E01033075,Sunderland 005G,Suspect charged
6894a1f37a5becb4c671883cd392bb8bcc21aaa345bd16679174d59cdc1ce6e4,2014-10,Northumbria Police,Northumbria Police,-1.573280,54.978534,On or near Shopping Area,E01008392,Newcastle upon Tyne 026F,Suspect charged
657bdadf284d8862b77331f65111d2955c2ab732ebaecce6a9a1ac6c61ab61be,2014-10,Northumbria Police,Northumbria Police,-1.574085,54.979211,On or near MILLERS ROAD,E01008392,Newcastle upon Tyne 026F,Suspect charged
96361a7a8d97412234b223090563bb74d4776fc510df05359c9b714011defd84,2014-10,Northumbria Police,Northumbria Police,-1.400909,54.909619,On or near CIRENCESTER STREET,E01008700,Sunderland 013A,Suspect charged
96361a7a8d97412234b223090563bb74d4776fc510df05359c9b714011defd84,2014-10,Northumbria Police,Northumbria Police,-1.400909,54.909619,On or near CIRENCESTER STREET,E01008700,Sunderland 013A,Suspect charged
d2a49c99f7a60f94e571c469dca99a37f9110aa7289c7ef1ee825bbb112249f1,2014-10,Northumbria Police,Northumbria Police,-1.574085,54.979211,On or near MILLERS ROAD,E01008392,Newcastle upon Tyne 026F,Suspect charged
2324174471112aeafc0ce3c45fc6a8477e6fa5ffed90a52b96c576d8a65b43dd,2014-10,Northumbria Police,Northumbria Police,-1.412600,54.901552,On or near ANGROVE GARDENS,E01008759,Sunderland 015C,Investigation complete; no suspect identified
e669ef72cd048e099a0b73c5b742a18c7cdfe7f56883036af6c09cf7e9a7c422,2014-10,Northumbria Police,Northumbria Police,-1.728165,54.954725,On or near BACK STREET,E01008280,Gateshead 004E,Offender given a drugs possession warning
179c136779d78ec0159e47096b1872fc4faa29761c94db5e522398c6052b27ec,2014-10,Northumbria Police,Northumbria Police,-1.711077,54.957741,On or near LADYWELL ROAD,E01008182,Gateshead 004C,Investigation complete; no suspect identified
0bd637d51f2b3cf4876fd0ad6f5817dacbad1a2df6f219daaa847b997a7a70e2,2014-10,Northumbria Police,Northumbria Police,-1.369255,54.899053,On or near NOBLE STREET,E01008736,Sunderland 016C,Investigation complete; no suspect identified
29a77813f6b14a512a236d9cabf44b8dbf404cc32a02c4290ff9caef1ea74401,2014-10,Northumbria Police,Northumbria Police,-1.612740,54.974308,On or near Shopping Area,E01008397,Newcastle upon Tyne 024C,Investigation complete; no suspect identified
4d19c4daad038d61c202fe4b637eb351a5019c207b79162796462e0be81ccfda,2014-10,Northumbria Police,Northumbria Police,-1.443255,54.976409,On or near HUDSON STREET,E01008671,South Tyneside 012C,Offender given a caution
74d18f74ea695bb8f43d689c9fae400269e8abec10ad8265188028cb55300960,2014-10,Northumbria Police,Northumbria Police,-1.584904,54.977092,On or near ROGER STREET,E01008304,Newcastle upon Tyne 026C,Suspect charged
6d2eea8522c4b3f5241a08fc47cd58601091723b0d51deffcbfdbd47ec068ca5,2014-10,Northumbria Police,Northumbria Police,-1.613189,54.969906,On or near COLLINGWOOD STREET,E01033545,Newcastle upon Tyne 024H,Offender given a caution
949d38aacccc5e2cdf8fe3f72a2b00f64a70598a752b7d3710d33165157887be,2014-10,Northumbria Police,Northumbria Police,-1.634707,54.979291,On or near Sports/Recreation Area,E01008396,Newcastle upon Tyne 022B,Investigation complete; no suspect identified
740bafdff425da8ded0f08d9031a5ed6ec729c68a587d87a0a5c2ec8ead8daba,2014-10,Northumbria Police,Northumbria Police,-1.556356,55.170004,On or near Petrol Station,E01027532,Northumberland 014A,Investigation complete; no suspect identified
03d39a37dc5591b3da87e235a12e69ce0531706f90bb25407195e172cc709f31,2014-10,Northumbria Police,Northumbria Police,-2.459686,54.970163,On or near EDEN'S LAWN,E01027485,Northumberland 037B,Suspect charged
2bd94c32024c6c6955102080e2456d9778bb87f384b9febc208951a483d06aea,2014-10,Northumbria Police,Northumbria Police,-1.395329,54.903103,On or near THE ROYALTY,E01008707,Sunderland 011D,Investigation complete; no suspect identified
e656736a6d9049d3c27624a74667d95e2b9ae88ab3d60fd3f86be919c6555d1c,2014-10,Northumbria Police,Northumbria Police,-1.535133,54.991488,On or near Supermarket,E01008536,North Tyneside 030C,Suspect charged
edb10c416013bfeb778b309d3cd5be277a6c6d67028199fb24dde05c04a54660,2014-10,Northumbria Police,Northumbria Police,-1.439748,54.924137,On or near ROBERTSON ROAD,E01008839,Sunderland 003D,Investigation complete; no suspect identified
6b657daa85f78ffdd35dfb52efda78c2aabe1d5d1fdd1b4c98908293e3633fd1,2014-10,Northumbria Police,Northumbria Police,-1.453471,54.903936,On or near KEPIER GARDENS,E01008814,Sunderland 014D,Investigation complete; no suspect identified
a7abd5b72703d6a40e11aa96028077a798573634150e30bed0dcf847ff9e4373,2014-10,Northumbria Police,Northumbria Police,-1.551379,54.938880,On or near MONKTON,E01008231,Gateshead 015A,Investigation complete; no suspect identified
a7abd5b72703d6a40e11aa96028077a798573634150e30bed0dcf847ff9e4373,2014-10,Northumbria Police,Northumbria Police,-1.551379,54.938880,On or near MONKTON,E01008231,Gateshead 015A,Offender given a drugs possession warning
a7abd5b72703d6a40e11aa96028077a798573634150e30bed0dcf847ff9e4373,2014-10,Northumbria Police,Northumbria Police,-1.551379,54.938880,On or near MONKTON,E01008231,Gateshead 015A,Offender given a caution
b2cc3c5ec01d1afa21ae4218adc4499b596fa0b0a1c3a7bedc982cbf34c9bf6e,2014-10,Northumbria Police,Northumbria Police,-1.503443,54.903539,On or near STOCKLEY ROAD,E01008846,Sunderland 017B,Investigation complete; no suspect identified
7a74c06a7ff59fb40db74475b03caab6cc10d2654501443b82f6aab77fe20d9f,2014-10,Northumbria Police,Northumbria Police,-1.614472,54.971249,On or near BIGG MARKET,E01033543,Newcastle upon Tyne 024G,Suspect charged
4f8fe48c04ee87c68a57f2472f04488911bf442a28e05f038144a0f178d9d80e,2014-10,Northumbria Police,Northumbria Police,-1.586451,54.973970,On or near ALBION ROW,E01008304,Newcastle upon Tyne 026C,Investigation complete; no suspect identified
981c70b4e0d401a62ad3499fdd0be648bd9b35e0b44cb06fdb2a230876208312,2014-10,Northumbria Police,Northumbria Police,-1.530597,54.910036,On or near ALBANY WAY,E01008879,Sunderland 010D,Investigation complete; no suspect identified
b06d21aefa07bc22a22212d4d73b74c02d0926f7be08c7c8dafabf32af59ef30,2014-10,Northumbria Police,Northumbria Police,-1.565086,54.974857,On or near CANTERBURY STREET,E01008388,Newcastle upon Tyne 028A,Investigation complete; no suspect identified
79fda8f46b3c3bffdf4ef59f4a3848fa47a36a33720137f9e6507bb815192a6a,2014-10,Northumbria Police,Northumbria Police,-1.691990,54.982801,On or near WEST VALLUM,E01008416,Newcastle upon Tyne 025C,Investigation complete; no suspect identified
49c0a9dd8435ea647f73175ff1f86468f40c0fb1e3d099f95b68f14194963dcd,2014-10,Northumbria Police,Northumbria Police,-1.628066,54.940468,On or near NEW ROAD,E01008260,Gateshead 019B,Offender given a caution
dcc944c0c1411a7ca25d8bac3ef68062852b84a8c7396c12cdb02797e2502fd8,2014-10,Northumbria Police,Northumbria Police,-1.628066,54.940468,On or near NEW ROAD,E01008260,Gateshead 019B,Offender given a caution
19b963f102ffce0ef98228a83d4b1384345a529e3ff2ccd3c0974829b3ab986c,2014-10,Northumbria Police,Northumbria Police,-1.612931,54.970714,On or near GROAT MARKET,E01033543,Newcastle upon Tyne 024G,Suspect charged
552e029806ee20278159e616ea1b488bdda8e6e2a7b004f9fd9f6fe60b9caf53,2014-10,Northumbria Police,Northumbria Police,-1.463703,55.041050,On or near CHAPEL LANE,E01008520,North Tyneside 003A,Suspect charged
580290fd0986d6e4fb45c2f3ec0192ab72cf4808cdd62be5a579c6aa4fdd590b,2014-10,Northumbria Police,Northumbria Police,-1.604153,54.962643,On or near Shopping Area,E01008168,Gateshead 027D,Suspect charged
944553d40a785bea1ad3eff5f6ec464d8e3e78bfb28e8a9f75898b39a36531b5,2014-10,Northumbria Police,Northumbria Police,-1.370427,54.896938,On or near TOWER PLACE,E01008736,Sunderland 016C,Investigation complete; no suspect identified
3a49ad7057a0762972b7d0cc7392e8052ba7502505b82852488786e2f459b0a2,2014-10,Northumbria Police,Northumbria Police,-1.614002,54.976262,On or near Shopping Area,E01008397,Newcastle upon Tyne 024C,Offender given a caution
9739c80126d88b3c3977adb86812c4e080262f53abd434d96051982bc899425f,2014-10,Northumbria Police,Northumbria Police,-1.673395,54.957798,On or near Parking Area,E01008262,Gateshead 009A,Suspect charged
2a9172e7404c8d05dcace6fd15c9c65939c7cab89a7290b9350867c8d2f6034c,2014-10,Northumbria Police,Northumbria Police,-1.456354,55.011722,On or near LANSDOWNE TERRACE,E01008528,North Tyneside 022C,Suspect charged
f97ed40faa7202382dd8c20a074cf459e1919f0adbcdcdc65155cd5ff0052364,2014-10,Northumbria Police,Northumbria Police,-1.651335,55.581128,On or near NORTH STREET,E01027383,Northumberland 003D,Offender given a caution
37f0189f0f38320bb011e3d2ea1a64394fcfe471f6a0ced1584aee3cd77eac52,2014-10,Northumbria Police,Northumbria Police,-1.655340,54.974562,On or near Parking Area,E01008334,Newcastle upon Tyne 029D,Suspect charged
d334f9219cfcadeac2feb5fcbb661b03661d2fa43aae8ef2a305176011a0ce64,2014-10,Northumbria Police,Northumbria Police,-1.452560,55.003258,On or near PENMAN STREET,E01008544,North Tyneside 027D,Suspect charged
61a1a6548ecbf657a0fa324e86e4d1665b3faa49b0e2166e79333c8c255651e9,2014-10,Northumbria Police,Northumbria Police,-1.383910,54.904331,On or near HOLMESIDE,E01008703,Sunderland 013B,Offender given a caution
750787b160be1e59b88e8e0566cb2ae7acae1dcbe915a1bbfd5a01d5d3c1c49d,2014-10,Northumbria Police,Northumbria Police,-1.611977,54.974045,On or near Shopping Area,E01033543,Newcastle upon Tyne 024G,Offender given a caution
750787b160be1e59b88e8e0566cb2ae7acae1dcbe915a1bbfd5a01d5d3c1c49d,2014-10,Northumbria Police,Northumbria Police,-1.611977,54.974045,On or near Shopping Area,E01033543,Newcastle upon Tyne 024G,Investigation complete; no suspect identified
55238a6b011b14e61d148d4860293fface0077397d208664552677134fd49556,2014-10,Northumbria Police,Northumbria Police,-1.682550,54.953365,On or near NAPIER ROAD,E01008262,Gateshead 009A,Suspect charged
d778a1da6fd8485e122947f88e136ba948ef54d5993bcf7c4459375a5b107809,2014-10,Northumbria Police,Northumbria Police,-1.850790,54.962350,On or near CRANLEIGH GROVE,E01027498,Northumberland 038B,Local resolution
5ccfea9322c86fb0ce0629fc69b2f01e181e9d4f6b14ff8446dd293d8387c68a,2014-10,Northumbria Police,Northumbria Police,-1.682550,54.953365,On or near NAPIER ROAD,E01008262,Gateshead 009A,Suspect charged
5ccfea9322c86fb0ce0629fc69b2f01e181e9d4f6b14ff8446dd293d8387c68a,2014-10,Northumbria Police,Northumbria Police,-1.682550,54.953365,On or near NAPIER ROAD,E01008262,Gateshead 009A,Suspect charged
9758b28bff85d6db04718124e03867036ed1bccb29ba4f1da3a33a607699bacb,2014-10,Northumbria Police,Northumbria Police,-1.568743,54.970377,On or near ALLENDALE ROAD,E01008302,Newcastle upon Tyne 026B,Suspect charged
4b47462a6916c19bedb585ef54d82f64eeeada597d1fd51cca2d8f7326a13b08,2014-10,Northumbria Police,Northumbria Police,-1.444550,54.811020,On or near SEYMOUR TERRACE,E01008745,Sunderland 036C,Investigation complete; no suspect identified
3beab80f2864605635973c63dff4d33d7ebb3fa7d80c1f5524781affa19597cb,2014-10,Northumbria Police,Northumbria Police,-1.555321,54.970715,On or near LOSH TERRACE,E01008426,Newcastle upon Tyne 028C,Suspect charged
46fe4894618f9fc9f7505a05faa9e801a9417600513e2d47404a4fa3da6afadb,2014-10,Northumbria Police,Northumbria Police,-1.407314,54.915276,On or near CROWN ROAD,E01008820,Sunderland 005F,Investigation complete; no suspect identified
51ed35c2d83bf37589ee60838237f986bd7e26371ba0077fa662674a034ff911,2014-10,Northumbria Police,Northumbria Police,-1.576786,54.955622,On or near PENSHER STREET EAST,E01008214,Gateshead 003A,Suspect charged
36458ecc8b54f0c60cd029c7793666bceb4a322ba6056b1c63dace9d3289915c,2014-10,Northumbria Police,Northumbria Police,-1.614539,54.951165,On or near RAWLING ROAD,E01008170,Gateshead 008C,Investigation complete; no suspect identified
e0aa71d51894c98e06f0f44ceb282cab594d7d7f0c251874eed659b1dad3eeb5,2014-10,Northumbria Police,Northumbria Police,-1.636893,54.975973,On or near BEACONSFIELD STREET,E01008396,Newcastle upon Tyne 022B,Investigation complete; no suspect identified
af88b2c77aa4f4fadc4300853262b62866e49f66c48d2ddb5e3c9926ceaeae2c,2014-10,Northumbria Police,Northumbria Police,-1.615322,54.972222,On or near NUN STREET,E01033543,Newcastle upon Tyne 024G,Offender given a caution
af4c9db7ce4cd48486c9527c62604d16d3d5e710d90c7948785af8d7f4db4bea,2014-10,Northumbria Police,Northumbria Police,-1.692224,55.009419,On or near HAREYDENE,E01008460,Newcastle upon Tyne 004F,Suspect charged
4ee9641e47497c9ddd00997df6eebb3169bafdaff789ad1f4bb1f79ab3ec9741,2014-10,Northumbria Police,Northumbria Police,-1.413570,54.901323,On or near SWALEDALE GARDENS,E01008759,Sunderland 015C,Investigation complete; no suspect identified
1022498bd469d895a7d4fa625ef09713ab97b213cdd54e340ba653866b8d0faf,2014-10,Northumbria Police,Northumbria Police,-1.647621,55.008624,On or near BUDLEIGH ROAD,E01008340,Newcastle upon Tyne 003E,Suspect charged
1022498bd469d895a7d4fa625ef09713ab97b213cdd54e340ba653866b8d0faf,2014-10,Northumbria Police,Northumbria Police,-1.647621,55.008624,On or near BUDLEIGH ROAD,E01008340,Newcastle upon Tyne 003E,Investigation complete; no suspect identified
17fc004d565b6b1f1695d9ac942b630b2204b16a0eea2175b18111a353c89be3,2014-10,Northumbria Police,Northumbria Police,-1.442990,54.915337,On or near PARKHOUSE AVENUE,E01008697,Sunderland 008E,Offender given a caution
e1bd6ce38689528957720e2795bd0f0af680ab2c3ac5228605b147efa1a4ac68,2014-10,Northumbria Police,Northumbria Police,-1.700194,54.989022,On or near HAUGHTON CRESCENT,E01008330,Newcastle upon Tyne 015G,Investigation complete; no suspect identified
ab2936dcb853b38adf6431e56ddcd2a3085b3d2a39cf4b0cfcdd262bb57d6428,2014-10,Northumbria Police,Northumbria Police,-2.102517,55.335602,On or near RICHARDSON LANE,E01027373,Northumberland 007D,Investigation complete; no suspect identified
4483323345a51ef5fbfcbe4d78f93f773266da55b2c4c1137b60957c88a3f5a0,2014-10,Northumbria Police,Northumbria Police,-1.394937,54.969834,On or near FELLSIDE,E01008624,South Tyneside 018A,Investigation complete; no suspect identified
e526a35f38686278c94c6cff0aedf92a1a65dd05354535a404ba443df9149d30,2014-10,Northumbria Police,Northumbria Police,-1.385172,54.924916,On or near NEWBURY STREET,E01008711,Sunderland 005D,Investigation complete; no suspect identified
6a29127688dd19908c4b4f1df6844087d4da31f87108b3cb3aa1062a0e9babc3,2014-10,Northumbria Police,Northumbria Police,-1.426348,54.918458,On or near HYLTON PARK ROAD,E01008693,Sunderland 008A,Investigation complete; no suspect identified
8cc5117b71859253accb9b940ca993a2618507b1bff371b046a3e964cd151200,2014-10,Northumbria Police,Northumbria Police,-1.385172,54.924916,On or near NEWBURY STREET,E01008711,Sunderland 005D,Investigation complete; no suspect identified
4e15dc07c8da209e41f7d3c08344ec535ef17ca6ed1857332de41f93293585cf,2014-10,Northumbria Police,Northumbria Police,-1.611977,54.974045,On or near Shopping Area,E01033543,Newcastle upon Tyne 024G,Suspect charged
107dd9481e359cd50e43f394cce8cc8a190770fe04141b5df188834ac501e951,2014-10,Northumbria Police,Northumbria Police,-1.612740,54.974308,On or near Shopping Area,E01008397,Newcastle upon Tyne 024C,Suspect charged
ad2e4f36c9404df1417568d3a20980a1257a8a50981094b2e2bf24f26c35280c,2014-10,Northumbria Police,Northumbria Police,-1.434781,54.976793,On or near RICHMOND ROAD,E01008591,South Tyneside 011B,Suspect charged
ad2e4f36c9404df1417568d3a20980a1257a8a50981094b2e2bf24f26c35280c,2014-10,Northumbria Police,Northumbria Police,-1.434781,54.976793,On or near RICHMOND ROAD,E01008591,South Tyneside 011B,Suspect charged
17aed503f361ad8be535882365f7a4911e063987eed24fae41db5d2f4a78af12,2014-10,Northumbria Police,Northumbria Police,-1.650112,55.009926,On or near HILLSVIEW AVENUE,E01008340,Newcastle upon Tyne 003E,Investigation complete; no suspect identified
8f4d52b6e15fe6de6cc31c36a2b36e2420bd86fa379685ce9dc1a0993bc3fc71,2014-10,Northumbria Police,Northumbria Police,-1.359591,54.868358,On or near STATION ROAD,E01008768,Sunderland 028D,Suspect charged
d5ffe16a667f15a3043245d59b533268bb1000663386f38d7583142a5355427c,2014-10,Northumbria Police,Northumbria Police,-1.663133,54.984208,On or near MIMOSA PLACE,E01008346,Newcastle upon Tyne 019D,Investigation complete; no suspect identified
948e6ace215f7b1fd66a657771123c4ae4cf7555e39efd5132ea68a7a0ca84d7,2014-10,Northumbria Police,Northumbria Police,-1.608110,54.994135,On or near GLENTHORN ROAD,E01008373,Newcastle upon Tyne 013E,Suspect charged
92429fcc125daa35984b3580804fcdefa2699d3422815e623c56715c1d877669,2014-10,Northumbria Police,Northumbria Police,-1.639470,54.974264,On or near CROYDON ROAD,E01008398,Newcastle upon Tyne 022C,Investigation complete; no suspect identified
f749bbd512d01cecd87cbf66237e8daf21f66072798bca5083e97a121f9b6c6f,2014-10,Northumbria Police,Northumbria Police,-1.610047,54.923257,On or near ELEVENTH AVENUE,E01008226,Gateshead 025D,Suspect charged
27640b840b81f0357ef6a73afc04478d96af8f14f059b7b9639d48ee12ac802a,2014-10,Northumbria Police,Northumbria Police,-1.650236,54.999214,On or near BRIGHAM AVENUE,E01008379,Newcastle upon Tyne 008F,Local resolution
a031db1974574901dc9bb3bebd7b2d4fb3a71d06f7de747fccca988bd6db5377,2014-10,Northumbria Police,Northumbria Police,-1.610047,54.923257,On or near ELEVENTH AVENUE,E01008226,Gateshead 025D,Suspect charged
9bbe33a409cb752eb4b05b06532982057acabb9225e085de7a4009aecfb50de8,2014-10,Northumbria Police,Northumbria Police,-1.617134,54.972264,On or near NEWGATE STREET,E01033543,Newcastle upon Tyne 024G,Suspect charged
a9a9de6837fc9d5fa1cf14d5e50ec100eb4910805ca49cf8b06fb4b18430268d,2014-10,Northumbria Police,Northumbria Police,-1.658134,54.969367,On or near CLARA STREET,E01008291,Newcastle upon Tyne 027D,Suspect charged
0f5832cd2dd9c3fb3ab041f409f125cf0b752b1ffd7103b9e3a0d6a1370a5f76,2014-10,Northumbria Police,Northumbria Police,-1.369269,54.884225,On or near WINDERMERE STREET,E01008779,Sunderland 024C,Suspect charged
4dce399d43513289c2a040708d8d8ac5b237c691f60cd669243925f70c7ae3ae,2014-10,Northumbria Police,Northumbria Police,-1.606703,54.989430,On or near LILY CRESCENT,E01008369,Newcastle upon Tyne 013B,Investigation complete; no suspect identified
8c9f15494759d48d88647b8fdcbecbab597d71226eacf7a0a4576cf2514bd71f,2014-10,Northumbria Police,Northumbria Police,-1.621903,54.970113,On or near TEMPLE STREET,E01033545,Newcastle upon Tyne 024H,Investigation complete; no suspect identified
1d24098971ed31ad1430334344dafd153bf93447d26c9c2f9ec4bbb29b83521a,2014-10,Northumbria Police,Northumbria Police,-1.583127,54.979710,On or near HEATON GROVE,E01008413,Newcastle upon Tyne 023F,Investigation complete; no suspect identified
3ae4a89b675dff874104a994d9526b8e17d40c3bcc5c41eaf4b935c4650e57bb,2014-10,Northumbria Police,Northumbria Police,-1.682393,54.993030,On or near BIRCHVALE AVENUE,E01008327,Newcastle upon Tyne 015D,Investigation complete; no suspect identified
8eebb1a4d896a17e15451dca307410a2f3578d73697046901fd4bb3ae948f447,2014-10,Northumbria Police,Northumbria Police,-2.095361,54.968443,On or near ALLEN DRIVE,E01027493,Northumberland 035F,Suspect charged
bae02a0ddb484b69abc9a501c685445fb6052b11e555fc018fc2cf2c7bef5784,2014-10,Northumbria Police,Northumbria Police,-1.451552,54.821332,On or near PEMBERTON STREET,E01008742,Sunderland 035C,Suspect charged
8953da6e396b7b3bbaedf675bc4a72f29a8ebb93918014ab2bf98ef81a124a50,2014-10,Northumbria Police,Northumbria Police,-1.445804,55.009113,On or near Shopping Area,E01008524,North Tyneside 022B,Suspect charged
5cf346b71ac2be43c370b3f7b25916868950bae96905f281ef1363117395c184,2014-10,Northumbria Police,Northumbria Police,-1.698382,55.407042,On or near Supermarket,E01027358,Northumberland 005A,Suspect charged
5cf346b71ac2be43c370b3f7b25916868950bae96905f281ef1363117395c184,2014-10,Northumbria Police,Northumbria Police,-1.698382,55.407042,On or near Supermarket,E01027358,Northumberland 005A,Suspect charged
12e85dbe3dc4839a96542592ec3449ae7180025415552e4020b879f7788f5104,2014-10,Northumbria Police,Northumbria Police,-1.440115,54.887528,On or near GRAVESEND SQUARE,E01008733,Sunderland 021E,Investigation complete; no suspect identified
8e84a3d30e29c819ffb60da88e89624eaa3005e4572b27e300bc58f6f22f558e,2014-10,Northumbria Police,Northumbria Police,-1.516807,54.912732,On or near HALL ROAD,E01008854,Sunderland 009B,Suspect charged
a87272110b18d296461086f668fd8a4ab8e0433f99dd378aeb5acb26bdc9f191,2014-10,Northumbria Police,Northumbria Police,-1.612740,54.974308,On or near Shopping Area,E01008397,Newcastle upon Tyne 024C,Local resolution
68756483c158a1893b719eea769032f7af58fa01041123575d5b9ea410de710e,2014-10,Northumbria Police,Northumbria Police,-1.436163,54.997477,On or near EAST STREET,E01008667,South Tyneside 002D,Suspect charged
bcf3dc346685da52afa5506452542413105d3c678f904e3ebaf9103c3e0354f9,2014-10,Northumbria Police,Northumbria Police,-1.541818,55.174219,On or near Parking Area,E01033716,Northumberland 013F,Offender given a caution
260e37a094a9e130773417b77fa4a713adc03aff2e41864aeb38d055b3a7a5a8,2014-10,Northumbria Police,Northumbria Police,-1.516992,55.130316,On or near SALISBURY STREET,E01027415,Northumberland 023B,Offender given a drugs possession warning
3821e476a10ad931e527b1d8e3024d75ebda1ce10df1e819948a2a495c669db6,2014-10,Northumbria Police,Northumbria Police,-1.530556,54.991290,On or near PARK ROAD,E01008573,North Tyneside 029B,Suspect charged
f2669493a1a6ccab813b5e19b93f82df74246b8417542be784b75a8449e1b02b,2014-10,Northumbria Police,Northumbria Police,-1.395541,54.900408,On or near BEECHWOOD STREET,E01008835,Sunderland 022G,Investigation complete; no suspect identified
22dafb4234ea45f9b568cf68663c2b564ff05b38873f381d5b9ee601e01edeee,2014-10,Northumbria Police,Northumbria Police,-1.529878,54.989140,On or near BUDDLE STREET,E01008575,North Tyneside 030E,Suspect charged
2ca3a6b5ff174787a77d7a6a91250d123cf98a12b8d541d9811f841375ea6474,2014-10,Northumbria Police,Northumbria Police,-1.576211,55.164503,On or near EAST FORD ROAD,E01027553,Northumberland 017E,Offender given a caution
10e278e807a260f21767a6b80fad9537c2dbb513c64842e6c3133389ccf3ff39,2014-10,Northumbria Police,Northumbria Police,-1.576211,55.164503,On or near EAST FORD ROAD,E01027553,Northumberland 017E,Investigation complete; no suspect identified
10e278e807a260f21767a6b80fad9537c2dbb513c64842e6c3133389ccf3ff39,2014-10,Northumbria Police,Northumbria Police,-1.576211,55.164503,On or near EAST FORD ROAD,E01027553,Northumberland 017E,Offender given a caution
e46130870ac760ad32388ff263a96a98cb15ff7bbfda9b8e1b67bb992750047f,2014-10,Northumbria Police,Northumbria Police,-1.481907,54.971557,On or near CASTLETON ROAD,E01008663,South Tyneside 017E,Investigation complete; no suspect identified
e46130870ac760ad32388ff263a96a98cb15ff7bbfda9b8e1b67bb992750047f,2014-10,Northumbria Police,Northumbria Police,-1.481907,54.971557,On or near CASTLETON ROAD,E01008663,South Tyneside 017E,Suspect charged
8031bcfeee721107e54733ca0d4945f64d074f7561f3df09716c17e3536dd9cf,2014-10,Northumbria Police,Northumbria Police,-1.518031,55.126061,On or near MARLOW STREET,E01027431,Northumberland 023C,Investigation complete; no suspect identified
a08034e3247420acb50e6f308f1cf1f8ce4f6163e09ba7a9b944f196ae303ce3,2014-10,Northumbria Police,Northumbria Police,-1.556547,54.947328,On or near WATERMILL LANE,E01008241,Gateshead 015C,Offender given a drugs possession warning
72b9f5347b56888947c644fafdf8d369352e5d9a021ed8ea7dea15e2fed63850,2014-10,Northumbria Police,Northumbria Police,-1.656873,54.976148,On or near WEST ROAD,E01008334,Newcastle upon Tyne 029D,Suspect charged
72b9f5347b56888947c644fafdf8d369352e5d9a021ed8ea7dea15e2fed63850,2014-10,Northumbria Police,Northumbria Police,-1.656873,54.976148,On or near WEST ROAD,E01008334,Newcastle upon Tyne 029D,Suspect charged
a8cd0d240f95b3ff21c42e57c61559ba80a28f06da4f11b77020be3a332ba657,2014-10,Northumbria Police,Northumbria Police,-1.553366,55.021597,On or near ROCKET WAY,E01008502,North Tyneside 014C,Suspect charged
9a0635e5999549049cd9d9dfb34b00af3bd0ed4b18bb2a064293e4e85f680d22,2014-10,Northumbria Police,Northumbria Police,-1.685369,55.008216,On or near EASTGARTH,E01008459,Newcastle upon Tyne 004E,Suspect charged
4e6219e5cc6c3be84048bd438f95dc10c5e952669ec69377463d79b66517ffb6,2014-10,Northumbria Police,Northumbria Police,-1.557948,54.978983,On or near ULVERSTONE TERRACE,E01008391,Newcastle upon Tyne 026E,Investigation complete; no suspect identified
6e18ba91f704c9bf751ad698127fac56dbfe7bfec72aa3946406d15da633dcd4,2014-10,Northumbria Police,Northumbria Police,-1.719003,54.951963,On or near PARK VIEW,E01008277,Gateshead 004D,Investigation complete; no suspect identified
cef92cf42160baa65a690856d1629e7356721dba7334255dea026158da05001c,2014-10,Northumbria Police,Northumbria Police,-1.706726,54.956886,On or near BIRCHAM DRIVE,E01008181,Gateshead 005C,Investigation complete; no suspect identified
dee277a98fdad611150325a6780bb0fa3f53b66666e6a6a325f334d674588010,2014-10,Northumbria Police,Northumbria Police,-1.648482,55.021010,On or near STABLE LANE,E01008342,Newcastle upon Tyne 003G,Suspect charged
dee277a98fdad611150325a6780bb0fa3f53b66666e6a6a325f334d674588010,2014-10,Northumbria Police,Northumbria Police,-1.648482,55.021010,On or near STABLE LANE,E01008342,Newcastle upon Tyne 003G,Suspect charged
755171cc2c4952e758c7a52e8a0c470c7f559933835ed8eeae6b77040f7c7568,2014-10,Northumbria Police,Northumbria Police,-1.586992,54.995889,On or near Supermarket,E01008315,Newcastle upon Tyne 012B,Suspect charged
755171cc2c4952e758c7a52e8a0c470c7f559933835ed8eeae6b77040f7c7568,2014-10,Northumbria Police,Northumbria Police,-1.586992,54.995889,On or near Supermarket,E01008315,Newcastle upon Tyne 012B,Suspect charged
0841039e469e74fda7eb8135d9de497df4eb403e78449021e4a22e725eaed7cd,2014-10,Northumbria Police,Northumbria Police,-1.456954,55.024018,On or near Supermarket,E01008557,North Tyneside 013D,Suspect charged
9120f31e1fd5666acc8f93493a2122a28ea1388d907ccbb86df2dae8d49a5819,2014-10,Northumbria Police,Northumbria Police,-1.640945,54.949026,On or near HOLMSIDE AVENUE,E01008211,Gateshead 013D,Investigation complete; no suspect identified
99a326d4d38517f1977c5cf735e7e2c864cf519480fc2f6aee6e5098134428c5,2014-10,Northumbria Police,Northumbria Police,-1.470805,55.004426,On or near WALLSEND ROAD,E01008482,North Tyneside 023B,Suspect charged
32316e5f0664f1038e2e3e38ff1af8e048aa6a4927f4340c6e1100c1f8f87635,2014-10,Northumbria Police,Northumbria Police,-1.647231,54.976515,On or near AGRICOLA ROAD,E01008449,Newcastle upon Tyne 022D,Offender given a drugs possession warning
4434b51dc3c39d03134b05abdb429fbee1b689933853f01bb2d6a916b4b1c880,2014-10,Northumbria Police,Northumbria Police,-1.499013,54.876004,On or near BORROWDALE CRESCENT,E01008800,Sunderland 030D,Suspect charged
435b80f9491cee73294911807e8d0d946b351fc5cda0fffc4ec636e86f5156aa,2014-10,Northumbria Police,Northumbria Police,-1.601837,55.086258,On or near LOCHCRAIG PLACE,E01027413,Northumberland 029E,Investigation complete; no suspect identified
f2ae7a29c6bca386fcfab85bd75861f14096218cf1ee7f6926257dee3cd14317,2014-10,Northumbria Police,Northumbria Police,-1.415966,54.862846,On or near BISHOPS WAY,E01008770,Sunderland 031C,Investigation complete; no suspect identified
187fef6446c2aeca8e46aa198dd7487b3fcaeb8419895f60e149c8e3aeb3eb93,2014-10,Northumbria Police,Northumbria Police,-1.480193,55.015915,On or near KENTON ROAD,E01008491,North Tyneside 015D,Suspect charged
187fef6446c2aeca8e46aa198dd7487b3fcaeb8419895f60e149c8e3aeb3eb93,2014-10,Northumbria Police,Northumbria Police,-1.480193,55.015915,On or near KENTON ROAD,E01008491,North Tyneside 015D,Suspect charged
777aea0ebb2836c76621cb847575c48b02cd887aa67180b78db799eca05fa0a7,2014-10,Northumbria Police,Northumbria Police,-1.480193,55.015915,On or near KENTON ROAD,E01008491,North Tyneside 015D,Suspect charged
a8330648d3ec35f2119cf397c7000792621031cd666beb14f650390afcfd64b1,2014-10,Northumbria Police,Northumbria Police,-1.642293,54.973032,On or near LYNNWOOD TERRACE,E01008331,Newcastle upon Tyne 029A,Suspect charged
91838e0a3324c994a1ee236500dfb266455264e1085e4fd3d158f8c111f46e88,2014-10,Northumbria Police,Northumbria Police,-1.398908,54.899454,On or near EDEN HOUSE ROAD,E01008830,Sunderland 018B,Investigation complete; no suspect identified
2f04f10be11c3cc26e393232bc526a2724d81987a93c23d1af1a8a7bd1a9d77d,2014-10,Northumbria Police,Northumbria Police,-1.618892,54.959769,On or near TYNE ROAD EAST,E01008258,Gateshead 007C,Suspect charged
3c451ec7a3e4986e233dcaccdf996ee1e16147ab235e46bfd76afb1b20f3de6f,2014-10,Northumbria Police,Northumbria Police,-1.614472,54.971249,On or near BIGG MARKET,E01033543,Newcastle upon Tyne 024G,Suspect charged
087956ac5a6c34b808f0a660114ff3b7ecfb25735a95db14dc780e4476c7671f,2014-10,Northumbria Police,Northumbria Police,-1.559092,55.037173,On or near EAST BAILEY,E01008504,North Tyneside 002C,Offender given a caution
118c080062048bad6077c59f5b65e0842cb0e4677b494a184d446e38d70e95b7,2014-10,Northumbria Police,Northumbria Police,-1.565903,55.042544,On or near CALLERTON,E01008475,North Tyneside 008A,Local resolution
118c080062048bad6077c59f5b65e0842cb0e4677b494a184d446e38d70e95b7,2014-10,Northumbria Police,Northumbria Police,-1.565903,55.042544,On or near CALLERTON,E01008475,North Tyneside 008A,Suspect charged
118c080062048bad6077c59f5b65e0842cb0e4677b494a184d446e38d70e95b7,2014-10,Northumbria Police,Northumbria Police,-1.565903,55.042544,On or near CALLERTON,E01008475,North Tyneside 008A,Suspect charged
eb84f3203686c27bd9873193f52d5ea0f27e9e0c6ef71f513599c34770b85ed8,2014-10,Northumbria Police,Northumbria Police,-1.699628,55.403155,On or near Sports/Recreation Area,E01027358,Northumberland 005A,Investigation complete; no suspect identified
d41c5bd393f9783bea383d26ed556c20a34ce6b8ad9d72081e99de3e0d7f5f97,2014-10,Northumbria Police,Northumbria Police,-1.444452,55.040181,On or near Parking Area,E01008589,North Tyneside 006E,Investigation complete; no suspect identified
905e81c503c7b365b45ee792be92d400071db67b7e91a271a3fa072c8c260f71,2014-10,Northumbria Police,Northumbria Police,-1.406769,54.977801,On or near SOUTHHILL ROAD,E01008635,South Tyneside 006A,Investigation complete; no suspect identified
2e36e2ebdbbed509f50a2034611568a3e76590d71fb044b91bce26cd154b85e5,2014-10,Northumbria Police,Northumbria Police,-1.447484,55.008618,On or near Supermarket,E01008524,North Tyneside 022B,Suspect charged as part of another case
3c595a684bb6d340abb0d49ef54fb79fc4074eff4ce6ef8d4cc0988b2a68ff81,2014-10,Northumbria Police,Northumbria Police,-1.611983,54.973470,On or near HOOD STREET,E01033543,Newcastle upon Tyne 024G,Suspect charged
b507d30c9642b99db0665f34b017f088d8f85262eeb54b9dfc71531a37c4641f,2014-10,Northumbria Police,Northumbria Police,-1.372546,54.893022,On or near PERCY TERRACE,E01008737,Sunderland 016D,Investigation complete; no suspect identified
e64820400790c805e086a3f7c06b97f31cad6a2c07062ec14590fc5f3ef14888,2014-10,Northumbria Police,Northumbria Police,-1.469635,54.999505,On or near STONETHWAITE,E01008541,North Tyneside 027C,Suspect charged
0e0ffad0c297484c0cb04a6cf7f46ca9b31f31c7d9b6c2fbb481f4e565d45902,2014-10,Northumbria Police,Northumbria Police,-1.651960,54.987897,On or near WOODBURN AVENUE,E01008452,Newcastle upon Tyne 016D,Investigation complete; no suspect identified
d041b95fdad4d141b0b9d839179de49c4c5898bb6d451455f702d9f44ad18d18,2014-10,Northumbria Police,Northumbria Police,-1.434588,55.033954,On or near MARDEN AVENUE,E01008496,North Tyneside 010B,Suspect charged
21c80d58cc071619e23a72a0a5292e4c8d622910a915e196434cac569519372f,2014-10,Northumbria Police,Northumbria Police,-1.650694,54.953619,On or near MEADOW LANE,E01008209,Gateshead 007A,Investigation complete; no suspect identified
b8166c0e47497488237785cd91d055a575e74cb6179be47d9fc6f9bcc4ef802c,2014-10,Northumbria Police,Northumbria Police,-1.626496,54.939709,On or near SECOND AVENUE,E01008259,Gateshead 007D,Investigation complete; no suspect identified
0a21cfeb841a746164ac5bc01869cb140661e630d5fb3c205cf4173bd41195dc,2014-10,Northumbria Police,Northumbria Police,-1.650819,54.969921,On or near DIPTON AVENUE,E01008335,Newcastle upon Tyne 029E,Investigation complete; no suspect identified
488bafd0172233d60637a2370e787eccb2a24b4fc87208d90c66a539da4cfbb1,2014-10,Northumbria Police,Northumbria Police,-1.614472,54.971249,On or near BIGG MARKET,E01033543,Newcastle upon Tyne 024G,Investigation complete; no suspect identified
0016cfa8236803e7b536979a47771e7915fa8b159216805a8664df1ab06de217,2014-10,Northumbria Police,Northumbria Police,-1.484586,55.008717,On or near BARMOUTH ROAD,E01008481,North Tyneside 023A,Investigation complete; no suspect identified
1a5c008912ec29db90150f442299f62431c595733c6f9f2582694a2790d3e555,2014-10,Northumbria Police,Northumbria Police,-1.521350,54.913765,On or near HOUSE TERRACE,E01008858,Sunderland 009D,Investigation complete; no suspect identified
1ce0c74c0e47b417bdb95ba9cec5e01cad1eb8e6517fae4f286dde7a5743d6e9,2014-10,Northumbria Police,Northumbria Police,-1.555124,54.880985,On or near HOPE SHIELD,E01008864,Sunderland 025E,Offender given a caution
1cdadbfb7a31634580f1a4e00036b14f53888ef16de5a9ef6dd97de89e526e75,2014-10,Northumbria Police,Northumbria Police,-1.780788,54.968894,On or near MEADOWFIELD CRESCENT,E01008245,Gateshead 002F,Investigation complete; no suspect identified
d1eef15ad317652f8076d8234dec76f3c522b0beaac12a94da10e0a261873b2e,2014-10,Northumbria Police,Northumbria Police,-1.681598,54.994690,On or near A1,E01008445,Newcastle upon Tyne 031D,Suspect charged
36963546c30fdc7263ffc0eb9810d814574aa8d7e3a3445bc92c738baa11d2e3,2014-10,Northumbria Police,Northumbria Police,-1.676281,54.989204,On or near MARDALE ROAD,E01008350,Newcastle upon Tyne 019H,Investigation complete; no suspect identified
f60d083d70525efb8d7c8c1f9b1df9b55fddbc4559b3bb1b77434645158b5b50,2014-10,Northumbria Police,Northumbria Police,-1.652380,54.975425,On or near WEST ROAD,E01008455,Newcastle upon Tyne 022G,Investigation complete; no suspect identified
cc5277842d36e2d8ed5e9da78fa4bfb9665953565e7ba74f3091e710911a25b6,2014-10,Northumbria Police,Northumbria Police,-1.569740,54.975008,On or near HARRIET STREET,E01008302,Newcastle upon Tyne 026B,Local resolution
cc5277842d36e2d8ed5e9da78fa4bfb9665953565e7ba74f3091e710911a25b6,2014-10,Northumbria Police,Northumbria Police,-1.569740,54.975008,On or near HARRIET STREET,E01008302,Newcastle upon Tyne 026B,Investigation complete; no suspect identified
e003faef36d40d61583e94b48ab307b68f47849451584781eb3c9f95d83601f8,2014-10,Northumbria Police,Northumbria Police,-1.613189,54.969906,On or near COLLINGWOOD STREET,E01033545,Newcastle upon Tyne 024H,Offender given a caution
3f63b96ac9eeec8f2be45a9932dda4da4b475f1af9dae67c08a1d0323f0870ba,2014-10,Northumbria Police,Northumbria Police,-1.671422,54.950847,On or near ALEXANDRA DRIVE,E01008265,Gateshead 009D,Investigation complete; no suspect identified
4231ae869e380781221687eeaacf6e99896dccd3be2b1059a5e14f687114e203,2014-10,Northumbria Police,Northumbria Police,-1.512453,55.126991,On or near Parking Area,E01027415,Northumberland 023B,Suspect charged
bd19eede3f1f6e21b827b55143db64f2b6d3df85b66052bcc4056924c1638bdb,2014-10,Northumbria Police,Northumbria Police,-1.713914,54.975972,On or near HIGH ROW,E01008385,Newcastle upon Tyne 021E,Suspect charged
4964583b94a76fcbc8476185c596b0645a047b44103859721e99c64a00aa5fef,2014-10,Northumbria Police,Northumbria Police,-1.746875,55.056021,On or near STANNINGTON PLACE,E01027466,Northumberland 033C,Suspect charged
4964583b94a76fcbc8476185c596b0645a047b44103859721e99c64a00aa5fef,2014-10,Northumbria Police,Northumbria Police,-1.746875,55.056021,On or near STANNINGTON PLACE,E01027466,Northumberland 033C,Suspect charged
3b5dd760b0fb874bc965e491c3da69ec0036e69b0f8eb154cfc46a391e78c730,2014-10,Northumbria Police,Northumbria Police,-1.526986,55.043693,On or near ASHBOURNE CLOSE,E01008565,North Tyneside 007C,Investigation complete; no suspect identified
4557170cdfcbbb00e69e44be05b8cb0bcf9ea4a5aa2fa7759e654f72a2df054d,2014-10,Northumbria Police,Northumbria Police,-1.672150,55.018641,On or near Sports/Recreation Area,E01008458,Newcastle upon Tyne 004D,Offender given a caution
0c12519213ebfd54894cb7798bd804c6d780ae8d6b80224b725c6d77a825fc5d,2014-10,Northumbria Police,Northumbria Police,-1.571691,55.079408,On or near HASTINGS STREET,E01027394,Northumberland 031A,Suspect charged
266fff08860d51b77ff7238023479b5c0e921824359fb1dee0b5513ac2ab2fe5,2014-10,Northumbria Police,Northumbria Police,-1.404578,54.878688,On or near YORK STREET,E01008803,Sunderland 027A,Investigation complete; no suspect identified
8f1344fa9b335632ada15c75d2512e819434f0b0e286f2f0b50e1f0bb297a180,2014-10,Northumbria Police,Northumbria Police,-1.611656,55.007374,On or near CHURCH ROAD,E01008354,Newcastle upon Tyne 005B,Investigation complete; no suspect identified
b0992d6dfd8f82bf844db2156dee0e6c2eff8e827fda0d1788483e1ae988b62d,2014-10,Northumbria Police,Northumbria Police,-1.569942,54.920956,On or near CLEMATIS CRESCENT,E01008225,Gateshead 021D,Investigation complete; no suspect identified
a0fed4bf634ca03756756a01564594d84d3d712118164039d2a20069412fe517,2014-10,Northumbria Police,Northumbria Police,-1.575754,54.883045,On or near YORK ROAD,E01008174,Gateshead 026C,Investigation complete; no suspect identified
8c550f1b33e171e1896a836cc68174154ae057cc36c7d1a50a49eae1daf65c69,2014-10,Northumbria Police,Northumbria Police,-1.505847,54.995021,On or near BAMBURGH DRIVE,E01008543,North Tyneside 028C,Investigation complete; no suspect identified
6de195af6b20e3696913103dd7d2f135997e64fe54ad2eb1227ee18420e6d7db,2014-10,Northumbria Police,Northumbria Police,-1.387982,54.901179,On or near PRINCESS STREET,E01008831,Sunderland 013D,Suspect charged
d79595b10658745d8a49ed0b78507d2f5fdf5830dfd5ba038d3bbecb92a77ae0,2014-10,Northumbria Police,Northumbria Police,-1.368476,54.898033,On or near BARNABAS PLACE,E01008736,Sunderland 016C,Investigation complete; no suspect identified
afba47412e38a88accd748626fafd28c85021420384f95f9096deb14351a58d3,2014-10,Northumbria Police,Northumbria Police,-1.383845,54.906568,On or near SOUTH STREET,E01008703,Sunderland 013B,Offender given penalty notice
abe34145350ba6b61cd698e39c3ad902eaaf12655560dc9ed4201b4226e64673,2014-10,Northumbria Police,Northumbria Police,-1.613189,54.969906,On or near COLLINGWOOD STREET,E01033545,Newcastle upon Tyne 024H,Investigation complete; no suspect identified
62d58c3a00b62d77a3e939dc1fc4eb4ca38fa5714854ee136fa20b69d2b01d9f,2014-10,Northumbria Police,Northumbria Police,-1.446247,55.042796,On or near Further/Higher Educational Building,E01008584,North Tyneside 006A,Offender given a caution
7e6ab5d50c74bb0e51a18c8e3bfa8f23727fb1d55efd9c45a3c9fa46b56e93e0,2014-10,Northumbria Police,Northumbria Police,-1.405533,54.900682,On or near JACKSON STREET,E01008832,Sunderland 018C,Suspect charged
537f857303ca3b2f41224303051732db8de7f016c219300c7dd3bff13dcca1ea,2014-10,Northumbria Police,Northumbria Police,-1.601074,54.977101,On or near WRETHAM PLACE,E01008406,Newcastle upon Tyne 023A,Local resolution
8f3346aee5df0187d16b10099fb180f71ba13cc2dc495e44727bf9f4160215c6,2014-10,Northumbria Police,Northumbria Police,-1.602496,54.962754,On or near Parking Area,E01008166,Gateshead 027C,Suspect charged
0d993f89b55850a55db378ae53829897c43fb51ece5abee26a6a12ec87b18917,2014-10,Northumbria Police,Northumbria Police,-1.602496,54.962754,On or near Parking Area,E01008166,Gateshead 027C,Suspect charged
e491500690fa5a86ac6572e8080dad47a73305cd10e64d410d2fd8bafddc9469,2014-10,Northumbria Police,Northumbria Police,-1.613189,54.969906,On or near COLLINGWOOD STREET,E01033545,Newcastle upon Tyne 024H,Investigation complete; no suspect identified
6f799a0bcc7093c1b258b4df190982fd80b8e900f34ad6815d41a80ba5cafef7,2014-10,Northumbria Police,Northumbria Police,-1.430576,54.859833,On or near AZURE COURT,E01008775,Sunderland 029C,Suspect charged
40467c87dd61536fbe13bee04ba9851124f0aef7c93fc2008b6d14b53153c24a,2014-10,Northumbria Police,Northumbria Police,-1.581353,54.954892,On or near EMILY STREET,E01008164,Gateshead 027B,Investigation complete; no suspect identified
b804bd56e5a64dca20026d1bfbd6aa949171fb420bbfb4a0bae5bef8cdf362ec,2014-10,Northumbria Police,Northumbria Police,-1.660562,54.988865,On or near WESTERHOPE GARDENS,E01008451,Newcastle upon Tyne 016C,Investigation complete; no suspect identified
d6b1e2ced4de20558fc29ea84758ce51b7635e73dcafce290200b595e5e3e9dc,2014-10,Northumbria Police,Northumbria Police,-1.693405,55.000068,On or near RAPPERTON COURT,E01008445,Newcastle upon Tyne 031D,Investigation complete; no suspect identified
ac327faa9df7e9e5026ad87f1745decfdcd5df3c9db0e279a5efb128f2d40e99,2014-10,Northumbria Police,Northumbria Police,-1.519703,54.973482,On or near Parking Area,E01008641,South Tyneside 010C,Offender given a drugs possession warning
9290fc4a03ad7f70adc10e69eea9598ea071fd6461d409b685253b671b46437f,2014-10,Northumbria Police,Northumbria Police,-1.492335,54.867952,On or near THE COVE,E01008793,Sunderland 030A,Investigation complete; no suspect identified
025c39bd622fc6f45fa89625f9cbf2a4ffb354e22930c29e6ca7fd2515b54d76,2014-10,Northumbria Police,Northumbria Police,-1.614797,55.307363,On or near ACKLINGTON ROAD,E01027362,Northumberland 006B,Suspect charged
025c39bd622fc6f45fa89625f9cbf2a4ffb354e22930c29e6ca7fd2515b54d76,2014-10,Northumbria Police,Northumbria Police,-1.614797,55.307363,On or near ACKLINGTON ROAD,E01027362,Northumberland 006B,Suspect charged
025c39bd622fc6f45fa89625f9cbf2a4ffb354e22930c29e6ca7fd2515b54d76,2014-10,Northumbria Police,Northumbria Police,-1.614797,55.307363,On or near ACKLINGTON ROAD,E01027362,Northumberland 006B,Investigation complete; no suspect identified
8eb0c846a04d26364db89bd5fb987b920d5b1e883380bf8a93b8ff94404b2a22,2014-10,Northumbria Police,Northumbria Police,-1.829808,55.598137,On or near Supermarket,E01027374,Northumberland 003A,Suspect charged
8eb0c846a04d26364db89bd5fb987b920d5b1e883380bf8a93b8ff94404b2a22,2014-10,Northumbria Police,Northumbria Police,-1.829808,55.598137,On or near Supermarket,E01027374,Northumberland 003A,Investigation complete; no suspect identified
ad0583e531705e16ad293c747abdc434373b2fd07dc7e32d6147082d9ca5f3bc,2014-10,Northumbria Police,Northumbria Police,-1.519703,54.973482,On or near Parking Area,E01008641,South Tyneside 010C,Offender given a caution
7fa65d824563c4d2b70948609f88a000ae058bc7bb3537698b430758e996fee7,2014-10,Northumbria Police,Northumbria Police,-1.700793,55.409861,On or near COLUMN MEWS,E01033715,Northumberland 005D,Offender given a drugs possession warning
e92d247d868bb2ef2a8189eca42b3304875c6a1b6a6e931a946448bded9a5308,2014-10,Northumbria Police,Northumbria Police,-1.565175,55.180514,On or near SECOND AVENUE,E01027528,Northumberland 010A,Offender given a caution
e6551c10a30e3ebafb731643dc4f903ecca50b8d65e41cf2416906fa8cfc4756,2014-10,Northumbria Police,Northumbria Police,-1.665868,54.982319,On or near ASTER PLACE,E01008346,Newcastle upon Tyne 019D,Investigation complete; no suspect identified
e5182ad5827af09f315bd2577b999850095bb33266f3a9bb5c44328663c16572,2014-10,Northumbria Police,Northumbria Police,-1.665868,54.982319,On or near ASTER PLACE,E01008346,Newcastle upon Tyne 019D,Investigation complete; no suspect identified
f239bdcd52c9fabf974be2e9ebd313492de9e94e526a14ef74c3aa754cadc187,2014-10,Northumbria Police,Northumbria Police,-1.487632,54.866530,On or near HENRY STREET,E01008796,Sunderland 032D,Investigation complete; no suspect identified
b239e9bb7d957c8e115e7333944a377f16206c11c354b2cb179409fc45d02f9d,2014-10,Northumbria Police,Northumbria Police,-1.457142,54.917432,On or near COLOMBO ROAD,E01008696,Sunderland 008D,Suspect charged
95dcfaaec91ec7f72cba6bfadf482e067a44e502cb5ce291586ce72f367e4ff4,2014-10,Northumbria Police,Northumbria Police,-1.604153,54.962643,On or near Shopping Area,E01008168,Gateshead 027D,Offender given a caution
34dfd9492c57f50474580317da8ea9ba07219ea3e2a05519373a95649d38c84e,2014-10,Northumbria Police,Northumbria Police,-1.507214,55.035284,On or near BAMBURGH CRESCENT,E01008569,North Tyneside 011C,Suspect charged
0c9c64d0d7bb4ffda813f4e8cbe45c91e0fa5556ce4dc1759017be6b10e6c45b,2014-10,Northumbria Police,Northumbria Police,-1.507214,55.035284,On or near BAMBURGH CRESCENT,E01008569,North Tyneside 011C,Suspect charged
6279581b62bf8a7883f650fae814802d49148c39cf0e96b8ee744e6a73d74d45,2014-10,Northumbria Police,Northumbria Police,-1.619903,55.013187,On or near Supermarket,E01008358,Newcastle upon Tyne 002E,Suspect charged
36cd2847aba59ebdf7805adbcac31e69bef38c01e5aa29d244de62d8aa4e968b,2014-10,Northumbria Police,Northumbria Police,-1.643921,54.951524,On or near DIXON PLACE,E01008211,Gateshead 013D,Investigation complete; no suspect identified
edbf10ae86373d20559497ba25635616f6d447a3c015c19300306de363d6942b,2014-10,Northumbria Police,Northumbria Police,-1.646261,54.969458,On or near ST. MICHAELS CLOSE,E01008333,Newcastle upon Tyne 029C,Suspect charged
dcbb63604a52f1122289c7e65b02445f17ef4a45c97a5ef59b95c22556799430,2014-10,Northumbria Police,Northumbria Police,-1.404057,54.927760,On or near EXMOUTH SQUARE,E01008712,Sunderland 004A,Investigation complete; no suspect identified
08e73e71022ba37e77d1a2b6038559eba74b09b7c3bab2faadc7363a4c5aac24,2014-10,Northumbria Police,Northumbria Police,-1.616877,54.949950,On or near STEPHENSON STREET,E01008170,Gateshead 008C,Suspect charged
4007a69f1f3583ad794715bf26e256ce7d840c3337b3807b1f072de7b85976bd,2014-10,Northumbria Police,Northumbria Police,-1.616721,54.974644,On or near Shopping Area,E01008397,Newcastle upon Tyne 024C,Suspect charged
c54a5af408ed87ca2981433c7f94c357e84cc9fb5afc3d9ed2b9cb5308c49363,2014-10,Northumbria Police,Northumbria Police,-1.617134,54.972264,On or near NEWGATE STREET,E01033543,Newcastle upon Tyne 024G,Suspect charged
647ce9eed2edea5c4be4d8bcca9321900897e499734c63eb6036e44f1e48cf26,2014-10,Northumbria Police,Northumbria Police,-1.655661,54.971687,On or near BARNESBURY ROAD,E01008332,Newcastle upon Tyne 029B,Local resolution
645152c24bb5ee5bfc85097aab9ccabdfcf417988927f04fa548038ccd052312,2014-10,Northumbria Police,Northumbria Police,-1.579280,55.133836,On or near WARNHEAD ROAD,E01027519,Northumberland 020D,Suspect charged
34b0a9a5de06f0a00d92256caf006ba342f38fd39adbdf96a711bb629e2a0ff9,2014-10,Northumbria Police,Northumbria Police,-2.362204,54.974365,On or near Parking Area,E01027484,Northumberland 037A,Offender given a caution
5f0a6b714d0353f732644a5ef69e729356baee2c6cd1fb12d96f51d4a258cce8,2014-10,Northumbria Police,Northumbria Police,-1.624648,55.035919,On or near Petrol Station,E01033551,Newcastle upon Tyne 002G,Investigation complete; no suspect identified
173c282711fdc3d43768627ff3b70e4dbe577a7f0c1edce9d3a339ab7a3d3ab6,2014-10,Northumbria Police,Northumbria Police,-1.404323,54.923484,On or near HAYTON CLOSE,E01033075,Sunderland 005G,Investigation complete; no suspect identified
478fa1eb8ffc47044d494eb7376cc514bcce5f593b3a83018d07c5a4251ad0ad,2014-10,Northumbria Police,Northumbria Police,-1.677429,54.992280,On or near FINSMERE PLACE,E01008350,Newcastle upon Tyne 019H,Investigation complete; no suspect identified
68c9daa1659306ed8d9ae0cd8b99063d0707dfbabeea388e4e44e70d0e713826,2014-10,Northumbria Police,Northumbria Police,-1.617134,54.972264,On or near NEWGATE STREET,E01033543,Newcastle upon Tyne 024G,Investigation complete; no suspect identified
85264651225fd468d60fba56bb572e21ea6d3c02015ea240f4d360ed1d7c8519,2014-10,Northumbria Police,Northumbria Police,-1.661168,55.013479,On or near Supermarket,E01008295,Newcastle upon Tyne 008A,Investigation complete; no suspect identified
5c212534aaf8c03f9242cf9bb8e1d06f9acceade9a563e13d6e62fa7da90247e,2014-10,Northumbria Police,Northumbria Police,-1.613088,54.999884,On or near KINGSWOOD AVENUE,E01008420,Newcastle upon Tyne 005D,Investigation complete; no suspect identified
5936dbb07dbfb114ffcffb1066ae77a0e2d9261e3ef0016a547d3f819490dd6a,2014-10,Northumbria Police,Northumbria Police,-1.401344,54.970711,On or near HOLLY AVENUE,E01008625,South Tyneside 013C,Investigation complete; no suspect identified
2c71b1295ebc5d3add603bcfde677db024fd8472dfd1a2aa840e0c30aaaebb01,2014-10,Northumbria Police,Northumbria Police,-1.638579,54.983068,On or near PONTELAND ROAD,E01033556,Newcastle upon Tyne 022H,Investigation complete; no suspect identified
98848dda2bf27e3c6bb342884985a727d729800a57c8586cd6d7d6f46ed52617,2014-10,Northumbria Police,Northumbria Police,-1.638579,54.983068,On or near PONTELAND ROAD,E01033556,Newcastle upon Tyne 022H,Investigation complete; no suspect identified
531b17df5f983a74aa768eb48f0f28674af8942e4a498896c33dd5a59a95ff81,2014-10,Northumbria Police,Northumbria Police,-1.652347,54.990081,On or near PONTELAND ROAD,E01008380,Newcastle upon Tyne 008G,Investigation complete; no suspect identified
55eed4faa70720b1ea1882c7bbb3585fdfa0483b0c31c22380ba85e856e009bc,2014-10,Northumbria Police,Northumbria Police,-1.638579,54.983068,On or near PONTELAND ROAD,E01033556,Newcastle upon Tyne 022H,Investigation complete; no suspect identified
caabbe925e22ef61f48bf2dbf3d089bff5a40567c490ef32b5e26f033d8810d9,2014-10,Northumbria Police,Northumbria Police,-1.638579,54.983068,On or near PONTELAND ROAD,E01033556,Newcastle upon Tyne 022H,Investigation complete; no suspect identified
644ddf22084c688156a55d4df5fd3b68e9e535c0183a949168b52108638f7e46,2014-10,Northumbria Police,Northumbria Police,-1.578635,55.086387,On or near NORTHUMBRIAN ROAD,E01027396,Northumberland 028B,Suspect charged
16de345dcf0afc2f108aa6cac6239a8ba3b4e2b46e51c5e838e1a0d5297f61d4,2014-10,Northumbria Police,Northumbria Police,-1.501359,54.976266,On or near FROBISHER STREET,E01008654,South Tyneside 009D,Investigation complete; no suspect identified
195ebdc5e070242ab281c502670c24f72f3ec71184351488604c608f30fbd7df,2014-10,Northumbria Police,Northumbria Police,-1.572761,55.177377,On or near GREEN LANE,E01027527,Northumberland 012D,Investigation complete; no suspect identified
8b1a91d452f0a7b0e9bb9292d44b137985c31b1836c592f9d4ded1911f733a16,2014-10,Northumbria Police,Northumbria Police,-1.503952,55.010586,On or near MIDDLE ENGINE LANE,E01008468,North Tyneside 021D,Suspect charged
e827a94a4d77aabc9c9b40b5c72dea64d1c5e9a5fd146f80a8f6044b26dac47c,2014-10,Northumbria Police,Northumbria Police,-1.591397,55.008431,On or near LEALHOLM ROAD,E01008321,Newcastle upon Tyne 007D,Suspect charged
39d9d780443f93696a792b5adcd83cfea9bee94d53bae4f40802f0d06898429f,2014-10,Northumbria Police,Northumbria Police,-1.591397,55.008431,On or near LEALHOLM ROAD,E01008321,Newcastle upon Tyne 007D,Suspect charged
6ebf883dbf2b8c47788bee696580228ea593f987438630d27bc74485946e059d,2014-10,Northumbria Police,Northumbria Police,-1.580060,54.950197,On or near WOODBINE TERRACE,E01008202,Gateshead 011C,Investigation complete; no suspect identified
1d2591383aa05304bf1a2ed262bbadbc5da19022808df1700157124a384f8520,2014-10,Northumbria Police,Northumbria Police,-1.431417,54.987093,On or near CHICHESTER PLACE,E01008664,South Tyneside 002A,Suspect charged
2983039ac489ad6736cd59b4aacd07a1f31111791cd1fe44e0394b8569e522db,2014-10,Northumbria Police,Northumbria Police,-1.436204,54.989030,On or near LAYGATE,E01008666,South Tyneside 002C,Suspect charged
2983039ac489ad6736cd59b4aacd07a1f31111791cd1fe44e0394b8569e522db,2014-10,Northumbria Police,Northumbria Police,-1.436204,54.989030,On or near LAYGATE,E01008666,South Tyneside 002C,Suspect charged
faf9f5f2bc5cca15336a76baa007205fdd3a953acbf793c1ca908f4b21c0292a,2014-10,Northumbria Police,Northumbria Police,-1.534379,54.990406,On or near FRANK STREET,E01008575,North Tyneside 030E,Suspect charged
9e9e66dda4262cba8b208645dfcf53bf7e4f79b31a28c476b489e15d497f9bdd,2014-10,Northumbria Police,Northumbria Police,-1.474552,54.868262,On or near LANGLEY STREET,E01032483,Sunderland 032F,Suspect charged
b8b6a0519eef1b76e32c85318a96074992bd8dc5b28ce15ee5bcfc08ce514d2f,2014-10,Northumbria Police,Northumbria Police,-1.614668,54.947481,On or near MACADAM STREET,E01008254,Gateshead 010D,Investigation complete; no suspect identified
a5fdbb309f61982f79064ec2cd86dbb3e16cdfd2eaf1d3881ea12c188fb98a57,2014-10,Northumbria Police,Northumbria Police,-1.527523,54.899429,On or near NEWSTEAD COURT,E01008849,Sunderland 019D,Suspect charged
b894852155070e12d2a9837a0958fae036e49d36b0d16f380bb1519cd472bb84,2014-10,Northumbria Police,Northumbria Police,-1.474552,54.868262,On or near LANGLEY STREET,E01032483,Sunderland 032F,Suspect charged
6bc5419f2b74c2a7897bacb6a923de1b92bdd19655131f96d3b17686ea3cb230,2014-10,Northumbria Police,Northumbria Police,-1.477447,54.869713,On or near LANTON STREET,E01032483,Sunderland 032F,Suspect charged
6bc5419f2b74c2a7897bacb6a923de1b92bdd19655131f96d3b17686ea3cb230,2014-10,Northumbria Police,Northumbria Police,-1.477447,54.869713,On or near LANTON STREET,E01032483,Sunderland 032F,Suspect charged
64e0a634a459665cb2927039deff57b035bf9d2b06e81b4891857fb62744a2cf,2014-10,Northumbria Police,Northumbria Police,-1.581318,55.016879,On or near ALTAN PLACE,E01008471,North Tyneside 019A,Investigation complete; no suspect identified
50900448d2139d8568b41ab78c70cf41c27a846febf892ef9ab9d2171d31908a,2014-10,Northumbria Police,Northumbria Police,-1.591867,54.929793,On or near ESKDALE GARDENS,E01008192,Gateshead 023D,Suspect charged
10e9c4c302b6d22cc7fad2aaacd63543f4f56901781ecbaccb8dacbadff541b9,2014-10,Northumbria Police,Northumbria Police,-1.558384,54.944953,On or near WARDLE GARDENS,E01008241,Gateshead 015C,Investigation complete; no suspect identified
1140d6bffe9a76503bb2990bab5fe298dd0bf857fc97d2f2e6a579eb1a2d0722,2014-10,Northumbria Police,Northumbria Police,-1.546644,54.976910,On or near MIDDLE STREET EAST,E01008430,Newcastle upon Tyne 020A,Suspect charged
fdf83c14491a19afbe34cb7b18f2556e03f3e3a4ebc36bf6a515ec3cb65bd6c9,2014-10,Northumbria Police,Northumbria Police,-1.480803,54.991708,On or near CHATTON STREET,E01008540,North Tyneside 027B,Investigation complete; no suspect identified
0375f8da45172c57b537fa9bfe45d132446a3793d7a44495f8ed9c95cd2009ad,2014-10,Northumbria Police,Northumbria Police,-1.601804,54.961701,On or near JACKSON STREET,E01008166,Gateshead 027C,Investigation complete; no suspect identified
60097b033341453108d175cc5733bd78ce38c4f2a1dcdafe6e9ab1887b300e7d,2014-10,Northumbria Police,Northumbria Police,-1.609504,54.995532,On or near MYRTLE GROVE,E01008373,Newcastle upon Tyne 013E,Investigation complete; no suspect identified
2e600286523242424227bc30a6bd00b3240b6f69d5c9ee321dbc92ea4f7ded99,2014-10,Northumbria Police,Northumbria Police,-2.007225,55.762952,On or near TOWER ROAD,E01027387,Northumberland 001D,Suspect charged
95d2002938801f069598e66ddd4f644fd09c94e9ebea0bd8c032e20640564058,2014-10,Northumbria Police,Northumbria Police,-1.893055,55.507160,On or near Park/Open Space,E01027375,Northumberland 003B,Investigation complete; no suspect identified
dca11a9348796ec0db218d76ac3f93bc7be648256d0ba07fe1a4b88512787a13,2014-10,Northumbria Police,Northumbria Police,-1.548022,55.004413,On or near BROOKSMEAD,E01008532,North Tyneside 025B,Investigation complete; no suspect identified
2e7f630c72d07e2cc18d447bf6935053218a29c0fff488730fe4b4dc63d565c7,2014-10,Northumbria Police,Northumbria Police,-1.609275,54.967503,On or near B1307,E01033545,Newcastle upon Tyne 024H,Investigation complete; no suspect identified
fc916bb2e1c5bc8f791425ce5d11b11e29f84c902737151f5b5ae775e21ec86f,2014-10,Northumbria Police,Northumbria Police,-1.508807,54.912592,On or near MANDEVILLE,E01008859,Sunderland 009E,Local resolution
775404244b92e8de05c7f7fb83d2c6ae904d9eadb25666b330f1bf19f7e2fc5f,2014-10,Northumbria Police,Northumbria Police,-1.628491,54.970556,On or near WINCHESTER TERRACE,E01008439,Newcastle upon Tyne 024E,Offender given a drugs possession warning
8209a945a2e07a207b34191b2be1cef8fa0fdac0a600f4b8e12adf4f6262aff2,2014-10,Northumbria Police,Northumbria Police,-1.382679,54.924670,On or near LABURNUM ROAD,E01008728,Sunderland 002D,Investigation complete; no suspect identified
7c50b15c5df634cb942b3f257ffd9e76356ed16043111f5c05524405d58e515e,2014-10,Northumbria Police,Northumbria Police,-1.612740,54.974308,On or near Shopping Area,E01008397,Newcastle upon Tyne 024C,Offender given a caution
029224c9e4eebfefae8a01eb28397a593ca7a1a6a8e07c8e430681a344372135,2014-10,Northumbria Police,Northumbria Police,-1.617134,54.972264,On or near NEWGATE STREET,E01033543,Newcastle upon Tyne 024G,Offender given a caution
029224c9e4eebfefae8a01eb28397a593ca7a1a6a8e07c8e430681a344372135,2014-10,Northumbria Police,Northumbria Police,-1.617134,54.972264,On or near NEWGATE STREET,E01033543,Newcastle upon Tyne 024G,Investigation complete; no suspect identified
183cbec9be4ebd8b921a4c72688adfcd25ec7a59feac411f29acc3281197d90a,2014-10,Northumbria Police,Northumbria Police,-1.634707,54.979291,On or near Sports/Recreation Area,E01008396,Newcastle upon Tyne 022B,Investigation complete; no suspect identified
d0c9c5783aed12aef49ccd9a3bdab8e95b7f1b8ebb4e22fe73be33cf8ebdb4f1,2014-10,Northumbria Police,Northumbria Police,-1.568097,54.947558,On or near STEPHENSON TERRACE,E01008216,Gateshead 012C,Suspect charged
de423983cf49cf8c6e45fdc0627c9b1b5356daeb4f51076d3fa3eb96d182af63,2014-10,Northumbria Police,Northumbria Police,-1.520605,54.989526,On or near DAVY BANK,E01008572,North Tyneside 029A,Investigation complete; no suspect identified
50a6b4f47c652ff83d56dfd7631a0f3fe0fc4067dae340e754a32c898f662035,2014-10,Northumbria Police,Northumbria Police,-1.428424,54.884176,On or near TAUNTON ROAD,E01008829,Sunderland 023G,Suspect charged
c2d74961828490f1863217b900c25eb44fac856fa87a07c69458ac8d5bf9985e,2014-10,Northumbria Police,Northumbria Police,-1.638849,55.010432,On or near LEAGREEN COURT,E01008341,Newcastle upon Tyne 003F,Investigation complete; no suspect identified
fdb7d1196658b144eef9c86dad28d97655535a51156ba1027a615ef6ebc72daf,2014-10,Northumbria Police,Northumbria Police,-1.546817,54.974017,On or near DUNCAN STREET,E01008429,Newcastle upon Tyne 028D,Investigation complete; no suspect identified
3162c642566f8b73b56225fb600fa46397be17e8b1b7da4f77edcdd80c8f50e7,2014-10,Northumbria Police,Northumbria Police,-1.381905,54.917126,On or near Shopping Area,E01008787,Sunderland 006B,Suspect charged
e33502ee24f8d4d2a3be40ee796a0bef0b3de2903345dd9bb2e879717a62c8ec,2014-10,Northumbria Police,Northumbria Police,-1.470805,55.004426,On or near WALLSEND ROAD,E01008482,North Tyneside 023B,Suspect charged
e170699be6f7ad0ca04f814e2e89f5e9d2a7b5be8fa82dc3f50cfb702e86e9c0,2014-10,Northumbria Police,Northumbria Police,-1.617120,54.978617,On or near EDWARD'S WALK,E01008397,Newcastle upon Tyne 024C,Suspect charged
0ea4e700eab321ca9195bd69bc75249a39b0843af8f432c829e25ff13fd27c30,2014-10,Northumbria Police,Northumbria Police,-1.405451,54.908374,On or near THORNBURY STREET,E01008706,Sunderland 011C,Investigation complete; no suspect identified
54185f29d26f2ccc4592567804fa354d12fc5ffd6cf13b305aff052b59e1b75e,2014-10,Northumbria Police,Northumbria Police,-1.567854,54.948339,On or near CROWHALL LANE,E01008216,Gateshead 012C,Investigation complete; no suspect identified
bbe1230ab07e4ee53432a7801664598687b239b95dfb2b8a2584483ccca4eae3,2014-10,Northumbria Police,Northumbria Police,-1.518994,54.975276,On or near MAY CLOSE,E01008639,South Tyneside 009A,Investigation complete; no suspect identified
d4f0a50fdc3e5147076dd12297cdbfb394cd3a78e68fafdff85d28b55e13e441,2014-10,Northumbria Police,Northumbria Police,-1.580489,54.973473,On or near BRINKBURN STREET,E01008304,Newcastle upon Tyne 026C,Investigation complete; no suspect identified
d2b571572754868beb5ee70d53b4cc4038c00bdc46d600c12c0774d4d09073fe,2014-10,Northumbria Police,Northumbria Police,-1.445344,54.977839,On or near HUDSON STREET,E01008672,South Tyneside 012D,Investigation complete; no suspect identified
f5f853a070985a2a0a1d5e9ebec44d8cd38056b8583003a850aed7c669048360,2014-10,Northumbria Police,Northumbria Police,-1.510661,55.127370,On or near Supermarket,E01027415,Northumberland 023B,Suspect charged
d5971287dac85820cc90d1be0c12cf00cefef3a517b2142ad57fa965ad82c71f,2014-10,Northumbria Police,Northumbria Police,-1.692641,55.020338,On or near GREEN LANE,E01008458,Newcastle upon Tyne 004D,Investigation complete; no suspect identified
bd4b488a8c8ba76f72c95c1efe45f80cd1e358467ddd861e4576de04fbf2cf47,2014-10,Northumbria Police,Northumbria Police,-1.615322,54.972222,On or near NUN STREET,E01033543,Newcastle upon Tyne 024G,Suspect charged
0621894492d560950de9d45449244a3f2d91d7f5854cb17720ec78601060c966,2014-10,Northumbria Police,Northumbria Police,-1.656253,55.014077,On or near WITTON COURT,E01008338,Newcastle upon Tyne 003C,Offender given a caution
d6702f95bd57d3f9bc5e8385ff29d0da8474e74fa6a4f97ebc79861ec159e1c2,2014-10,Northumbria Police,Northumbria Police,-1.621934,54.968460,On or near WESTMORLAND ROAD,E01033545,Newcastle upon Tyne 024H,Investigation complete; no suspect identified
1b2cda4a0ac4b5ed1dda3ef748e9e27fa079b917ab5b655f1fe209cc892da707,2014-10,Northumbria Police,Northumbria Police,-1.666049,54.928420,On or near STREET GATE PARK,E01008272,Gateshead 019E,Investigation complete; no suspect identified
63779f2ce403eec80240295ed48d0ca8e916fc1c874baa5001d796c28672942d,2014-10,Northumbria Police,Northumbria Police,-1.591407,55.012079,On or near WEST FARM AVENUE,E01032649,North Tyneside 019F,Suspect charged
5f9c43ac648f81e1949b24189e3b69beb9318de93ed24bdccd816698add4cccd,2014-10,Northumbria Police,Northumbria Police,-1.490880,54.996927,On or near RUTHERFORD STREET,E01008542,North Tyneside 028B,Investigation complete; no suspect identified
418b81ad80e515d0ceccd3b9882f430eac58a3561b8d5158f59fe6a513c81120,2014-10,Northumbria Police,Northumbria Police,-1.490880,54.996927,On or near RUTHERFORD STREET,E01008542,North Tyneside 028B,Investigation complete; no suspect identified
ffbec35f9ac3a4a604abdbf7e13bcb00faf7215d2a2885bea7847ef922df6120,2014-10,Northumbria Police,Northumbria Police,-1.451068,55.014115,On or near CAMP TERRACE,E01008528,North Tyneside 022C,Investigation complete; no suspect identified
0504bd77721d4ae4b8aaf17b8f22bc585678bdc8a21b0aac83dc92d3b205c2a4,2014-10,Northumbria Police,Northumbria Police,-1.389881,54.897298,On or near THORNHILL GARDENS,E01008835,Sunderland 022G,Investigation complete; no suspect identified
fb042ae8e47d6fc89f0d799d30ad402e453477f0e1fcf383436450b8bc815cff,2014-10,Northumbria Police,Northumbria Police,-1.510219,54.996701,On or near WILLINGTON TERRACE,E01008571,North Tyneside 028D,Offender given a drugs possession warning
d38b44d7eb90e198e1cf08cb69bffaceb5d63600f840259c5c23af00209e33f1,2014-10,Northumbria Police,Northumbria Police,-1.447225,55.039960,On or near A193,E01008589,North Tyneside 006E,Suspect charged
d38b44d7eb90e198e1cf08cb69bffaceb5d63600f840259c5c23af00209e33f1,2014-10,Northumbria Police,Northumbria Police,-1.447225,55.039960,On or near A193,E01008589,North Tyneside 006E,Suspect charged
3bb97a50dcd6f79748faef75bcd48995f73b3f0c56e9df345082b083ebbea2f7,2014-10,Northumbria Police,Northumbria Police,-1.708893,54.981082,On or near Sports/Recreation Area,E01008382,Newcastle upon Tyne 021B,Investigation complete; no suspect identified
f64f8bcbaa99a81fa0dcc52e17da64bf9f7479b7b2cee6d6e8f3c2f05044aeb7,2014-10,Northumbria Police,Northumbria Police,-1.448271,55.004793,On or near TRINITY PLACE,E01008544,North Tyneside 027D,Suspect charged
de961106faef73357af76b83a4dc9770bf3b9817d9e1365fe96c01b820109d46,2014-10,Northumbria Police,Northumbria Police,-1.645188,54.974254,On or near WESTGATE ROAD,E01008333,Newcastle upon Tyne 029C,Investigation complete; no suspect identified
d0c3a04c771bbe0241e0e94bbe5cea6981abb3e6327920e55272eece111203f3,2014-10,Northumbria Police,Northumbria Police,-1.618842,54.973348,On or near ST ANDREW'S STREET,E01033543,Newcastle upon Tyne 024G,Suspect charged
f7c692b3177e94597843f1401ef48fb092c69bf87ecc55c06473214c0a40861a,2014-10,Northumbria Police,Northumbria Police,-1.435258,54.928322,On or near ROCKINGHAM SQUARE,E01008839,Sunderland 003D,Investigation complete; no suspect identified
a8bde97a31eff3c4fc0a31bd16addcba3d126545a87679b28a3f101e8d936db8,2014-10,Northumbria Police,Northumbria Police,-1.418813,54.888102,On or near DURHAM ROAD,E01008828,Sunderland 023F,Offender given a caution
9da93853024030e6d7192d92c90ac2cca8317862b3c72625d514c6e979354ca2,2014-10,Northumbria Police,Northumbria Police,-1.426503,54.999660,On or near DALE STREET,E01008596,South Tyneside 001B,Offender given a caution
0e228a428b6c260b1c05ff9d57466c7e8894169d233b18227ea98a79f599377c,2014-10,Northumbria Police,Northumbria Police,-1.452000,54.928444,On or near BLYTH SQUARE,E01008838,Sunderland 003C,Investigation complete; no suspect identified
f331f928feea1110d861695aca01c609b213c331f94de92a86229fb80c180d52,2014-10,Northumbria Police,Northumbria Police,-1.452014,54.922818,On or near Supermarket,E01008694,Sunderland 008B,Offender given a drugs possession warning
81cb2514afc815fe4a81ee3f0cc8728279c457554d3afb01271e548be0a0aba4,2014-10,Northumbria Police,Northumbria Police,-1.448271,55.004793,On or near TRINITY PLACE,E01008544,North Tyneside 027D,Suspect charged
b65fac6796c8238ed84f675e96a44028650f9d87eec32d0a22f219405c3ed836,2014-10,Northumbria Police,Northumbria Police,-1.767528,54.922555,On or near NORTH VIEW WEST,E01008183,Gateshead 024A,Investigation complete; no suspect identified
0901322cfd7bc4e44133a5047913c41ad2aa4a755c8e456313211d4fe894f5cb,2014-10,Northumbria Police,Northumbria Police,-1.499009,54.976804,On or near NORTHBOURNE ROAD,E01008654,South Tyneside 009D,Investigation complete; no suspect identified
3d10cc135add5f38022071432ca5ab2205025651ef4ee4293e757135fce105d1,2014-10,Northumbria Police,Northumbria Police,-1.463203,54.960180,On or near SKYE GROVE,E01008603,South Tyneside 014B,Offender given a caution
6eac362d9890ccabe9fd6b1928b64d320e10f92c801a142a27a78157c1956272,2014-10,Northumbria Police,Northumbria Police,-1.414471,54.909047,On or near ST LUKE'S TERRACE,E01008757,Sunderland 015A,Investigation complete; no suspect identified
f954be0465f743265878b5aa2963e87f2506cc16bcb8e06d19bf2626243d1b2e,2014-10,Northumbria Police,Northumbria Police,-1.385155,54.906557,On or near Supermarket,E01008703,Sunderland 013B,Offender given a caution
6ad84dc78ed0fa1015c972d8dbafb1a297477a28dffcaceb190df69be82aa0f1,2014-10,Northumbria Police,Northumbria Police,-1.555124,55.180531,On or near ALEXANDRA ROAD,E01027545,Northumberland 010D,Local resolution
b129d184c1bff76c8f66115d0e4e7556dca6ac1d9c7832520057b1434d9de411,2014-10,Northumbria Police,Northumbria Police,-1.394941,54.909239,On or near TRIMDON STREET,E01008700,Sunderland 013A,Offender given penalty notice
f4ecd5d2ee3e704780f415c500eaf074e5d04637409c7afc8988fc0b5bf785a7,2014-10,Northumbria Police,Northumbria Police,-1.431398,54.990706,On or near VICTORIA ROAD,E01008667,South Tyneside 002D,Offender given a caution
d539214a30f22a47e25b91ef78f9be20e56273a6fe45281cc9143be8315739f9,2014-10,Northumbria Police,Northumbria Police,-1.614126,54.977988,On or near BARRAS BRIDGE,E01008397,Newcastle upon Tyne 024C,Investigation complete; no suspect identified
a1ca1b0f3d89e00630d37b7121d3fe206c0e38286100fc25e0f2fcc92ae9756f,2014-10,Northumbria Police,Northumbria Police,-1.582206,54.953997,On or near HOWARD STREET,E01008164,Gateshead 027B,Investigation complete; no suspect identified
f1da604992ce9cabd287ac36ec6023369ccde9dd8af79fdb72911cc0b3d08807,2014-10,Northumbria Police,Northumbria Police,-2.108083,54.965413,On or near PRIESTLANDS CLOSE,E01027490,Northumberland 035C,Local resolution
133676489de6cbee0ba3af6a27a10ce8062523d7ed494aacff1dd826e5350a0e,2014-10,Northumbria Police,Northumbria Police,-1.574957,54.924748,On or near SPRINGWELL AVENUE,E01008217,Gateshead 023E,Investigation complete; no suspect identified
133676489de6cbee0ba3af6a27a10ce8062523d7ed494aacff1dd826e5350a0e,2014-10,Northumbria Police,Northumbria Police,-1.574957,54.924748,On or near SPRINGWELL AVENUE,E01008217,Gateshead 023E,Investigation complete; no suspect identified
133676489de6cbee0ba3af6a27a10ce8062523d7ed494aacff1dd826e5350a0e,2014-10,Northumbria Police,Northumbria Police,-1.574957,54.924748,On or near SPRINGWELL AVENUE,E01008217,Gateshead 023E,Suspect charged
49e12111850a7f0b58b476223043aebed10a2d084305a4b992a854bbb21dbfa5,2014-10,Northumbria Police,Northumbria Police,-2.101054,54.971449,On or near ST MARY'S CHARE,E01027494,Northumberland 035G,Investigation complete; no suspect identified
45ec83a74c5e18ff225c074720a10d57bd7cef811fa69eb32367a89e1ce415d7,2014-10,Northumbria Police,Northumbria Police,-1.673395,54.957798,On or near Parking Area,E01008262,Gateshead 009A,Suspect charged
1e8a9d82521802ff88a719fe94df8ccca4dbf649d7e9f31c634edd0b8d234fa4,2014-10,Northumbria Police,Northumbria Police,-1.608528,54.956052,On or near CLAREMONT STREET,E01008169,Gateshead 008B,Investigation complete; no suspect identified
7db08eee6ca43c46a41aac16c3209c06a56842452355dadf766c4332867dbef8,2014-10,Northumbria Police,Northumbria Police,-1.454595,54.838079,On or near GILLAS LANE,E01008716,Sunderland 034C,Investigation complete; no suspect identified
54491a3f8bcd12cc13b35c289e63d699025818ef8ff23cef322402d2d9fb0df3,2014-10,Northumbria Police,Northumbria Police,-1.638215,55.009639,On or near REAY PLACE,E01008356,Newcastle upon Tyne 006C,Suspect charged
4c400591e60286011378e3d855927dca5a08e5e0975e9b08a16d2a8032473319,2014-10,Northumbria Police,Northumbria Police,-1.367666,54.890983,On or near ASHBY STREET,E01008738,Sunderland 016E,Suspect charged
fba89cf74d5eaf99fd0732a0d0bbf7cd4cb07f7ff3f80af068cd9b46bc8f7a9e,2014-10,Northumbria Police,Northumbria Police,-1.445804,55.009113,On or near Shopping Area,E01008524,North Tyneside 022B,Suspect charged
15c3ec54505d6627745eed27d8750199987aa922152d59d5d50552f52f0371eb,2014-10,Northumbria Police,Northumbria Police,-1.742218,54.986531,On or near TOWNFIELD GARDENS,E01008402,Newcastle upon Tyne 014C,Investigation complete; no suspect identified
655b72fb030b9ff484759a717d3f6145c6e7102a6abdbc50f5dfe57723a4e06d,2014-10,Northumbria Police,Northumbria Police,-1.681677,54.953156,On or near PARK TERRACE,E01008262,Gateshead 009A,Investigation complete; no suspect identified
7c9e309d40cebf42259e983672bc345d745a9aec874d880029789c5f9aa4352d,2014-10,Northumbria Police,Northumbria Police,-1.411199,54.920615,On or near BROADSHEATH TERRACE,E01008820,Sunderland 005F,Suspect charged
7c9e309d40cebf42259e983672bc345d745a9aec874d880029789c5f9aa4352d,2014-10,Northumbria Police,Northumbria Police,-1.411199,54.920615,On or near BROADSHEATH TERRACE,E01008820,Sunderland 005F,Suspect charged
7c9e309d40cebf42259e983672bc345d745a9aec874d880029789c5f9aa4352d,2014-10,Northumbria Police,Northumbria Police,-1.411199,54.920615,On or near BROADSHEATH TERRACE,E01008820,Sunderland 005F,Suspect charged
7c9e309d40cebf42259e983672bc345d745a9aec874d880029789c5f9aa4352d,2014-10,Northumbria Police,Northumbria Police,-1.411199,54.920615,On or near BROADSHEATH TERRACE,E01008820,Sunderland 005F,Suspect charged
7c9e309d40cebf42259e983672bc345d745a9aec874d880029789c5f9aa4352d,2014-10,Northumbria Police,Northumbria Police,-1.411199,54.920615,On or near BROADSHEATH TERRACE,E01008820,Sunderland 005F,Suspect charged
7c9e309d40cebf42259e983672bc345d745a9aec874d880029789c5f9aa4352d,2014-10,Northumbria Police,Northumbria Police,-1.411199,54.920615,On or near BROADSHEATH TERRACE,E01008820,Sunderland 005F,Suspect charged
62bad0f41309d29265a7497c3a429ade518823fadb83eeb88dc05d6a8dd6ce59,2014-10,Northumbria Police,Northumbria Police,-1.377551,54.903103,On or near LAURA STREET,E01008836,Sunderland 016F,Suspect charged
8416c8048ba93e08d35a14d6049ab25e03f49db1d50bc1f50cb715b536c66382,2014-10,Northumbria Police,Northumbria Police,-1.377551,54.903103,On or near LAURA STREET,E01008836,Sunderland 016F,Suspect charged
a1bdb759cf171b56b51b83d0aefa673bedc3bbc26152948dbdbf0c02f75804e1,2014-10,Northumbria Police,Northumbria Police,-1.462486,54.948395,On or near Parking Area,E01008613,South Tyneside 021D,Investigation complete; no suspect identified
205198f2e919e25e84c23bb6de1f17c4115ec78d5c616cecc3a851bf99472cb4,2014-10,Northumbria Police,Northumbria Police,-1.564592,54.972842,On or near NEWBOLD STREET,E01008388,Newcastle upon Tyne 028A,Suspect charged
5bfffd667f4bc5a586b3bcd1510b604cfdc71081d31e9f0c78e106683c0be8db,2014-10,Northumbria Police,Northumbria Police,-1.508348,55.038497,On or near Petrol Station,E01008565,North Tyneside 007C,Suspect charged
6221961e2901bc35b04f6a429841d8f083116cbecdae0717875280608540c41b,2014-10,Northumbria Police,Northumbria Police,-1.705601,54.976194,On or near ORMSKIRK CLOSE,E01008387,Newcastle upon Tyne 021G,Investigation complete; no suspect identified
b81aea703147980c23e23583cd4ca57f725dfe667a059c2aaf2704f167e43261,2014-10,Northumbria Police,Northumbria Police,-1.429991,54.902417,On or near FLODDEN ROAD,E01008812,Sunderland 012C,Investigation complete; no suspect identified
0138f2c5962d423a0860ccfd4a756cf3518d75a748f8429e9af602c501754fa9,2014-10,Northumbria Police,Northumbria Police,-1.577274,54.943322,On or near ST ALBAN'S PLACE,E01008228,Gateshead 012D,Investigation complete; no suspect identified
75e82eeccfe4885d3ee81349a717c8c878c3b15bbed17151b6d22e53cff229fa,2014-10,Northumbria Police,Northumbria Police,-1.647231,54.976515,On or near AGRICOLA ROAD,E01008449,Newcastle upon Tyne 022D,Suspect charged
3d09d154be130e0c7c2f878754a95d484ebd8ea302d61ee708c9c8566acd8bcd,2014-10,Northumbria Police,Northumbria Police,-1.548022,55.004413,On or near BROOKSMEAD,E01008532,North Tyneside 025B,Suspect charged
3d09d154be130e0c7c2f878754a95d484ebd8ea302d61ee708c9c8566acd8bcd,2014-10,Northumbria Police,Northumbria Police,-1.548022,55.004413,On or near BROOKSMEAD,E01008532,North Tyneside 025B,Suspect charged
3d6ae04a9f2e1e8098e51b6b7ecfd2df09a4e4dfd91e61dd6bfb6df3df4100b4,2014-10,Northumbria Police,Northumbria Police,-1.609555,54.946755,On or near EDISON GARDENS,E01008255,Gateshead 010E,Investigation complete; no suspect identified
2ba23ece5d332fb89c49623a4d42d15050f575b3d1be78637484fb10fc8104ef,2014-10,Northumbria Police,Northumbria Police,-1.816123,55.094902,On or near A696,E01027473,Northumberland 015D,Suspect charged
79a03b6b30d314b74dbbc51407108229db7bf01f722d134bf2f83df39c680bfa,2014-10,Northumbria Police,Northumbria Police,-1.586463,55.054909,On or near MARCH ROAD,E01008478,North Tyneside 002A,Investigation complete; no suspect identified
3e159e951b33f3d1b8685036ddb7d3decfbf785bb5e1ffa78609a5328085da3c,2014-10,Northumbria Police,Northumbria Police,-1.504692,54.969486,On or near THIRLMERE COURT,E01008656,South Tyneside 015E,Offender given a caution
0ac6df04a985f39d922b1a612f19a21e92973ae785dae679d19ac5bda363094b,2014-10,Northumbria Police,Northumbria Police,-1.572766,55.034319,On or near BOLAM ROAD,E01008479,North Tyneside 008D,Offender given a caution
35398395411053ce5cdeb7682be852d40f66cee44b3f585db8c16638c41c95ff,2014-10,Northumbria Police,Northumbria Police,-1.516385,54.960960,On or near FOUNTAINS CRESCENT,E01008644,South Tyneside 015B,Suspect charged
35398395411053ce5cdeb7682be852d40f66cee44b3f585db8c16638c41c95ff,2014-10,Northumbria Police,Northumbria Police,-1.516385,54.960960,On or near FOUNTAINS CRESCENT,E01008644,South Tyneside 015B,Suspect charged
3a0441d0e4d820284701306b27885278ed3fe1e32abacd29c2ac3e1671539a2e,2014-10,Northumbria Police,Northumbria Police,-1.778321,54.931669,On or near SPEN LANE,E01008196,Gateshead 024D,Investigation complete; no suspect identified
1704ce80e28555b46613e2c3d5516610b653b9e8fdc72bc33438bde25248770b,2014-10,Northumbria Police,Northumbria Police,-1.387978,54.903462,On or near ALBION PLACE,E01008831,Sunderland 013D,Offender given a caution
bed36076cb4c6b7d67241ed4f22e297a8fd576842f8074d51e7d270f1ce17872,2014-10,Northumbria Police,Northumbria Police,-1.618315,54.972879,On or near Supermarket,E01033543,Newcastle upon Tyne 024G,Suspect charged
bed36076cb4c6b7d67241ed4f22e297a8fd576842f8074d51e7d270f1ce17872,2014-10,Northumbria Police,Northumbria Police,-1.618315,54.972879,On or near Supermarket,E01033543,Newcastle upon Tyne 024G,Suspect charged
6d14ed5897e3d92463412e8a95229d3c49bf9fad179f388b21ec92a42900bd54,2014-10,Northumbria Police,Northumbria Police,-1.552540,55.021333,On or near OTTERBURN CLOSE,E01008503,North Tyneside 018E,Offender given a caution
859a0ef594018caf709e731c5315fcad9f8d590b9756cf0083e6df3b9e372d16,2014-10,Northumbria Police,Northumbria Police,-1.579712,54.961105,On or near Sports/Recreation Area,E01008214,Gateshead 003A,Investigation complete; no suspect identified
23447331a9221a1c09aae5d5f3fb070c6e16a33c16b4c79d70a10487536ce0f7,2014-10,Northumbria Police,Northumbria Police,-1.510696,55.128314,On or near REGENT STREET,E01027415,Northumberland 023B,Suspect charged
d2788948cb4e75231f4668f2abac699f7aa4a2039d72254d34d8e2b321d1052b,2014-10,Northumbria Police,Northumbria Police,-1.428593,54.874471,On or near ASTON SQUARE,E01008773,Sunderland 026A,Investigation complete; no suspect identified
de79b836808e17e7fd2d6ba534480f2fa81830d5497a948c528c2c6f039109a2,2014-10,Northumbria Police,Northumbria Police,-1.439242,54.918977,On or near DENE PARK,E01008693,Sunderland 008A,Investigation complete; no suspect identified
710b3b07af355d90aefacbc221e134ddeed969e9fdb965175c0f2d5ac25ab7b1,2014-10,Northumbria Police,Northumbria Police,-1.640271,54.944037,On or near OTTERBURN GARDENS,E01008206,Gateshead 013A,Investigation complete; no suspect identified
77cba7fbb2ee42440b37acc5d1af5a64579b982ff1c6cb6fa0648af6d1290db8,2014-10,Northumbria Police,Northumbria Police,-2.015670,55.759959,On or near Sports/Recreation Area,E01027386,Northumberland 002E,Suspect charged
e492408c05b16240712db5bc6a2f0fd617fad9a0941c88541b06cc7b29cc8a59,2014-10,Northumbria Police,Northumbria Police,-1.452560,55.003258,On or near PENMAN STREET,E01008544,North Tyneside 027D,Suspect charged
c78600f58c869b7d2b34f6bbe1b194fb436e76daf71ed2e81891c100a591e681,2014-10,Northumbria Police,Northumbria Police,-1.655178,55.576978,On or near GREENACRES,E01027383,Northumberland 003D,Investigation complete; no suspect identified
0934a248b25588a59154d22312c5c0c5035b3ec781535eed4e9a37060569301a,2014-10,Northumbria Police,Northumbria Police,-1.604153,54.962643,On or near Shopping Area,E01008168,Gateshead 027D,Offender given a caution
0934a248b25588a59154d22312c5c0c5035b3ec781535eed4e9a37060569301a,2014-10,Northumbria Police,Northumbria Police,-1.604153,54.962643,On or near Shopping Area,E01008168,Gateshead 027D,Offender given a caution
0934a248b25588a59154d22312c5c0c5035b3ec781535eed4e9a37060569301a,2014-10,Northumbria Police,Northumbria Police,-1.604153,54.962643,On or near Shopping Area,E01008168,Gateshead 027D,Offender given a caution
b64469c770c7d265d6b1b3009698eba52c7dd11b1401bd0efebd0b6ae1f8df0b,2014-10,Northumbria Police,Northumbria Police,-1.696117,54.988770,On or near LINDISFARNE CLOSE,E01008330,Newcastle upon Tyne 015G,Suspect charged
b64469c770c7d265d6b1b3009698eba52c7dd11b1401bd0efebd0b6ae1f8df0b,2014-10,Northumbria Police,Northumbria Police,-1.696117,54.988770,On or near LINDISFARNE CLOSE,E01008330,Newcastle upon Tyne 015G,Suspect charged
57e86e21e57768df06b2fd587096ffb47bbab5d80cdafd9fd150286e352d926e,2014-10,Northumbria Police,Northumbria Police,-1.712956,54.956909,On or near WHITEWELL ROAD,E01008182,Gateshead 004C,Investigation complete; no suspect identified
f6b9b41215b4c7d3a32fff00da9618d4297d17470c8ac714057abe7bff8dca9d,2014-10,Northumbria Police,Northumbria Police,-1.399957,54.899190,On or near BURNVILLE ROAD SOUTH,E01008830,Sunderland 018B,Investigation complete; no suspect identified
180b56fa728eca4f07356c51263b99b66f1c58e5082bb103542b29d0f0829738,2014-10,Northumbria Police,Northumbria Police,-1.561299,54.975418,On or near ALFRED STREET,E01008391,Newcastle upon Tyne 026E,Offender given a caution
0bb0aaca44adfcdcf7bd44b803d12015e565d54c4164af3155f538276a5dcbd6,2014-10,Northumbria Police,Northumbria Police,-2.017501,55.545258,On or near RAMSEY LANE,E01027390,Northumberland 003F,Suspect charged
683fcffda03fdfabf4039eb8f94dd8b5d874f639432aff17aa7c3ab097c01fdc,2014-10,Northumbria Police,Northumbria Police,-1.571742,55.183098,On or near Shopping Area,E01027529,Northumberland 010B,Suspect charged
c612b78f93c09044fe5e2b97efcfbb2eb3cd688555ae9bd714e9112add848a81,2014-10,Northumbria Police,Northumbria Police,-1.565415,54.928426,On or near BRANDON GARDENS,E01008227,Gateshead 021E,Suspect charged
427836dff308c996f09393cc615d1cd023f41aa8ca8afe000543c2893c72b871,2014-10,Northumbria Police,Northumbria Police,-1.621803,54.957487,On or near MORRISON STREET,E01008258,Gateshead 007C,Suspect charged
427836dff308c996f09393cc615d1cd023f41aa8ca8afe000543c2893c72b871,2014-10,Northumbria Police,Northumbria Police,-1.621803,54.957487,On or near MORRISON STREET,E01008258,Gateshead 007C,Suspect charged
e06cbf2a6f56d0edb6be22fe60a3c9fb0403cd1c3542d81d1e5311d850e4dadc,2014-10,Northumbria Police,Northumbria Police,-1.665413,54.980620,On or near NEWMINSTER ROAD,E01008347,Newcastle upon Tyne 019E,Suspect charged
57e6fa4f5ecbc9ce81349cb3c8e735cddc1b19bca0e3c902401edfd4a08eb057,2014-10,Northumbria Police,Northumbria Police,-1.658322,54.974813,On or near COLSTON STREET,E01008332,Newcastle upon Tyne 029B,Investigation complete; no suspect identified
c6bda5ae137aab1a1fd0c0ba392a0c2244e7f85ca9ad5d07f1f204abec45aeb1,2014-10,Northumbria Police,Northumbria Police,-1.408629,54.898999,On or near ORMONDE STREET,E01008833,Sunderland 018D,Local resolution
f7b6c4c03575f1df356f01a9f5c73d46882d785949d39341b6ce4ed6cc680c2d,2014-10,Northumbria Police,Northumbria Police,-2.107741,54.977616,On or near TYNE GREEN,E01027476,Northumberland 035A,Investigation complete; no suspect identified
c1bb4004607e8ab7428e6da7e2fca2e6bac49269e505143763ac7e169e0b8edd,2014-10,Northumbria Police,Northumbria Police,-1.537534,54.993357,On or near NORTH ROAD,E01008537,North Tyneside 030D,Suspect charged
41293ebb101baf2d49e8ca37e07701b9d592869d124707d66370d5b829bee681,2014-10,Northumbria Police,Northumbria Police,-1.693061,54.991844,On or near DOWNHAM,E01008324,Newcastle upon Tyne 015A,Suspect charged
ffe3b394801f867bcf38bbb41abec7d43ad91dfbce77ffc977a4f9916049e1d6,2014-10,Northumbria Police,Northumbria Police,-1.668240,55.013032,On or near KINGSTON PARK AVENUE,E01008294,Newcastle upon Tyne 001A,Suspect charged
8583e35f6741c6971e039b1e090d8d807f59f2036967b0639decce5ebfb9de56,2014-10,Northumbria Police,Northumbria Police,-1.537534,54.993357,On or near NORTH ROAD,E01008537,North Tyneside 030D,Suspect charged
aa988322c5790de05d698ef8f5a7ef3ba458e0e8452b1bc167c09c5acc53e417,2014-10,Northumbria Police,Northumbria Police,-1.668382,54.976755,On or near ADAIR AVENUE,E01008289,Newcastle upon Tyne 027B,Investigation complete; no suspect identified
1522ce45da2049303ef06f65c35860bc371c1ec5bd0ae2fc269b001ba90ac7c9,2014-10,Northumbria Police,Northumbria Police,-1.463478,55.007521,On or near FRONT STREET,E01008482,North Tyneside 023B,Offender given penalty notice
f4c57d4cc673382881c6113220697f290b53278c40be45ced280f4dec8dd0298,2014-10,Northumbria Police,Northumbria Police,-1.617134,54.972264,On or near NEWGATE STREET,E01033543,Newcastle upon Tyne 024G,Offender given a caution
20c569078c0b4ce95fb13cf2ab472ca185df3db512e9833d14327a8fa267fe5d,2014-10,Northumbria Police,Northumbria Police,-1.652141,54.974130,On or near NORMOUNT AVENUE,E01008335,Newcastle upon Tyne 029E,Offender given a caution
412675d24a35caa61fe53ad708ac3ed11665f6bd1573a594046097352fbe3db4,2014-10,Northumbria Police,Northumbria Police,-1.668240,55.013032,On or near KINGSTON PARK AVENUE,E01008294,Newcastle upon Tyne 001A,Suspect charged
00f6d065bdd585b9393430a5f42fe9684e4e868f4bb4700987d7cf953bb62e23,2014-10,Northumbria Police,Northumbria Police,-1.434781,54.976793,On or near RICHMOND ROAD,E01008591,South Tyneside 011B,Suspect charged
37a4b54e18f02c5a7dd4e17a4021c9472cccecd9d6fba855382d8f35b475446f,2014-10,Northumbria Police,Northumbria Police,-1.448230,55.006671,On or near BOROUGH ROAD,E01008544,North Tyneside 027D,Offender given penalty notice
efacc9fce094acb1fd5e30afd05640121639561205a5f8206b83868000e0c2d9,2014-10,Northumbria Police,Northumbria Police,-1.518149,54.977996,On or near BICESTER GROVE,E01008640,South Tyneside 010B,Investigation complete; no suspect identified
d873e69eb69128a969d400df5e2c40462dea5a85608ca01838903e961e5f2d91,2014-10,Northumbria Police,Northumbria Police,-1.554497,55.126945,On or near Supermarket,E01027425,Northumberland 025A,Suspect charged as part of another case
1cb7840b7da88f03cb1a9315ce82efa8123e9201bd4845d583eadd47cfa04648,2014-10,Northumbria Police,Northumbria Police,-1.562565,54.973949,On or near WELBECK ROAD,E01008388,Newcastle upon Tyne 028A,Suspect charged
c6257a67b36bff8c5785af7eb181a4eb859cf3d65297c8e5498b10f5489cd699,2014-10,Northumbria Police,Northumbria Police,-1.509776,55.127879,On or near SIMPSON STREET,E01027415,Northumberland 023B,Suspect charged
85adcdbc826d6187f008651192d107b8c51e51e404bc7ca8fc340966ba298103,2014-10,Northumbria Police,Northumbria Police,-1.659890,54.996258,On or near HEATHFIELD CRESCENT,E01008377,Newcastle upon Tyne 008E,Investigation complete; no suspect identified
ece918e774cd8f6d6a40d102d827d1e070def6050f7c94730b2718c85ec942c4,2014-10,Northumbria Police,Northumbria Police,-1.393153,54.921290,On or near SOPHY STREET,E01033075,Sunderland 005G,Offender given a caution
2ce1d70492fe0c28f9a1916be071d84e5f3292b19c03bdf0a203f590ee1b2791,2014-10,Northumbria Police,Northumbria Police,-1.445804,55.009113,On or near Shopping Area,E01008524,North Tyneside 022B,Suspect charged
ddb4ae977a7204ac1837583f5d2eafddfb997518b5c699024f271bee4b056d67,2014-10,Northumbria Police,Northumbria Police,-1.381905,54.917126,On or near Shopping Area,E01008787,Sunderland 006B,Suspect charged
18c54fd4691ce900facdd1a11d457edb2828b990efaf2114f15b24aa2b3a2544,2014-10,Northumbria Police,Northumbria Police,-1.463019,55.014986,On or near QUEEN ALEXANDRA ROAD WEST,E01008526,North Tyneside 020C,Suspect charged
7485e01bfd91aafa7aa5b2e7caff922d75d4e9f088ef49fb27c67e65c96c1193,2014-10,Northumbria Police,Northumbria Police,-1.555752,54.972693,On or near GRASMERE AVENUE,E01008426,Newcastle upon Tyne 028C,Investigation complete; no suspect identified
f2ca83fd47fc2393ebae01da279f2c80a4ddb0b5fc1992a4ae659fdb32757b34,2014-10,Northumbria Police,Northumbria Police,-1.690879,54.983023,On or near LEGION ROAD,E01008416,Newcastle upon Tyne 025C,Suspect charged
f2ca83fd47fc2393ebae01da279f2c80a4ddb0b5fc1992a4ae659fdb32757b34,2014-10,Northumbria Police,Northumbria Police,-1.690879,54.983023,On or near LEGION ROAD,E01008416,Newcastle upon Tyne 025C,Suspect charged
96cb09411a37e5c65aa3cb8632762f1f831bd5c31b0548b11100f6c42cfb0de7,2014-10,Northumbria Police,Northumbria Police,-1.504136,55.007064,On or near TAUNTON CLOSE,E01008512,North Tyneside 026D,Suspect charged
ce3410f0b5ca4479effa8973424de9f26992cc722e37c139369058bb30850806,2014-10,Northumbria Police,Northumbria Police,-2.461890,54.972958,On or near COMBHILL TERRACE,E01027487,Northumberland 037D,Offender given a caution
cf7ea8e2a118a5a2f9cf897d6e782843153b43bbc6b2d077e55661338bae4d61,2014-10,Northumbria Police,Northumbria Police,-1.394044,54.937793,On or near THE SQUARE,E01008713,Sunderland 001A,Investigation complete; no suspect identified
8fbe1dd5d4f51e74de24a3032169d0f60bcb5b4074e3960221e2e338d4375317,2014-10,Northumbria Police,Northumbria Police,-1.586992,54.995889,On or near Supermarket,E01008315,Newcastle upon Tyne 012B,Suspect charged
284eb7525f340da6ef7aac30f1941a532d3a37ac264fac7c5b4dbe74a7505f85,2014-10,Northumbria Police,Northumbria Police,-1.566916,54.970271,On or near NORBURY GROVE,E01008301,Newcastle upon Tyne 026A,Suspect charged
bc115bf57beffba3d51a1168f2dcb3ae0a7831f18a0a95151b208e45dd3d1999,2014-10,Northumbria Police,Northumbria Police,-1.659676,54.971689,On or near NICHOL STREET,E01008334,Newcastle upon Tyne 029D,Suspect charged
7fdd25067355b96bde10b68cc5426f879c0627de1fd6ca296fc8e67db6d33b0f,2014-10,Northumbria Police,Northumbria Police,-1.577957,54.988408,On or near Supermarket,E01008365,Newcastle upon Tyne 012F,Suspect charged
3fa3866ee71b99f6c426cedf039738794fcaeb4e912c14341f558d4f0aa166e3,2014-10,Northumbria Police,Northumbria Police,-1.713420,54.977381,On or near WEST VIEW,E01008385,Newcastle upon Tyne 021E,Offender given a caution
4808516619a906995016f36e5cb423ae4840a4abca63785453319e1c40aa5814,2014-10,Northumbria Police,Northumbria Police,-1.516093,55.003491,On or near SEGEDUNUM CRESCENT,E01008576,North Tyneside 029D,Suspect charged
f57ad8e379340e7717845a57d81d3d14076b08e9994e05acab6e109146c4f0b9,2014-10,Northumbria Police,Northumbria Police,-1.650248,54.999610,On or near BURNFOOT WAY,E01008375,Newcastle upon Tyne 008C,Suspect charged
f57ad8e379340e7717845a57d81d3d14076b08e9994e05acab6e109146c4f0b9,2014-10,Northumbria Police,Northumbria Police,-1.650248,54.999610,On or near BURNFOOT WAY,E01008375,Newcastle upon Tyne 008C,Suspect charged
7daf3f6a73a984bed04821ea0df219b0cd07b9f8d04e96602007c5d348b91aaf,2014-10,Northumbria Police,Northumbria Police,-1.516093,55.003491,On or near SEGEDUNUM CRESCENT,E01008576,North Tyneside 029D,Suspect charged
7daf3f6a73a984bed04821ea0df219b0cd07b9f8d04e96602007c5d348b91aaf,2014-10,Northumbria Police,Northumbria Police,-1.516093,55.003491,On or near SEGEDUNUM CRESCENT,E01008576,North Tyneside 029D,Suspect charged
68b5f1b1e909a6526374f8f739af7c004c97eb88f644e974fc242cf7a33b1f27,2014-10,Northumbria Police,Northumbria Police,-1.670753,54.990654,On or near SOUTHMEAD AVENUE,E01008299,Newcastle upon Tyne 011D,Investigation complete; no suspect identified
5e1067618f6445add457de31d40631c38aad8350ad136afe13d5693772dcccc5,2014-10,Northumbria Police,Northumbria Police,-1.736966,54.993951,On or near GEORGE STREET,E01008402,Newcastle upon Tyne 014C,Investigation complete; no suspect identified
54310c0462e23fc036ae6363d6b9b9b91906407164e1dc9c9290f0040d5222b8,2014-10,Northumbria Police,Northumbria Police,-1.448293,55.047649,On or near ELMWOOD GROVE,E01008586,North Tyneside 009E,Suspect charged
1f5c80e7f94281c69ffe22a1daa2256e61c9ad9191d6f50bd0fc40022d19d24e,2014-10,Northumbria Police,Northumbria Police,-1.505865,54.954124,On or near MERCHANT COURT,E01008629,South Tyneside 020C,Suspect charged
019af6f219f38d4a2e21340e052a48d99057378d731adfd1036c56bd1a201dee,2014-10,Northumbria Police,Northumbria Police,-1.467325,54.965015,On or near EDINBURGH ROAD,E01008602,South Tyneside 014A,Offender given a caution
40d00ebe013f17416b6f66c1b4c2a099901974d8cca7193b21f2b242c8dd0b5a,2014-10,Northumbria Police,Northumbria Police,-1.467325,54.965015,On or near EDINBURGH ROAD,E01008602,South Tyneside 014A,Investigation complete; no suspect identified
f5c570de739489929e1a92b20da1652537ea3a809f0a4f7571edbd092da10760,2014-10,Northumbria Police,Northumbria Police,-1.576854,54.977378,On or near ROBINSON STREET,E01008303,Newcastle upon Tyne 018A,Suspect charged
f5c570de739489929e1a92b20da1652537ea3a809f0a4f7571edbd092da10760,2014-10,Northumbria Police,Northumbria Police,-1.576854,54.977378,On or near ROBINSON STREET,E01008303,Newcastle upon Tyne 018A,Suspect charged
b1b9670b8e768cd4801901db712feffa333dff2a30dbe2e7a5e05440933cb562,2014-10,Northumbria Police,Northumbria Police,-1.718773,54.955872,On or near SIMONSIDE ROAD,E01008178,Gateshead 004A,Offender given a drugs possession warning
5b8fd569fcd56e528d4b817c389c2da84317f1e9c5cf9bae5292dcbb2c51430d,2014-10,Northumbria Police,Northumbria Police,-1.582344,55.104732,On or near Sports/Recreation Area,E01027398,Northumberland 029A,Offender given a caution
18c781c071215732ecbfd19f1aa0e4c0828c0aee3528f9137afc0f70d959fb7f,2014-10,Northumbria Police,Northumbria Police,-1.744470,55.047821,On or near Sports/Recreation Area,E01027464,Northumberland 033A,Investigation complete; no suspect identified
7eee01ab4acf790abb2435897670683aa33108c5e5f435778d26e6a642c5e717,2014-10,Northumbria Police,Northumbria Police,-1.378401,54.902568,On or near TOWARD ROAD,E01008836,Sunderland 016F,Investigation complete; no suspect identified
c1da97b0effcba15531a34efe8c4656b170ef4e0e872c973b51ab3dec07e90e9,2014-10,Northumbria Police,Northumbria Police,-1.510485,54.964522,On or near TEES ROAD,E01008644,South Tyneside 015B,Investigation complete; no suspect identified
1339da9a8bd6141ba7cfefeb411a05500f5d5ba6990e1f4a15eb008693e71246,2014-10,Northumbria Police,Northumbria Police,-1.739590,54.984566,On or near HARESIDE COURT,E01008404,Newcastle upon Tyne 014E,Investigation complete; no suspect identified
1911c25c527103548fd34191ca45c53a33970b1c4a9e77bd5e71b531c50e8ac4,2014-10,Northumbria Police,Northumbria Police,-1.490683,54.876590,On or near FENWICK STREET,E01032484,Sunderland 032G,Investigation complete; no suspect identified
4d809c89011f3bebbf042707aa7c2b153780314b42a9a69d08e9ebfb9d88e3eb,2014-10,Northumbria Police,Northumbria Police,-2.100348,54.970452,On or near Shopping Area,E01027494,Northumberland 035G,Offender given a caution
e0173e7099a6daaeaf996d252cbde7f508222ea3bd7de706fc8674f4b58840ec,2014-10,Northumbria Police,Northumbria Police,-1.523778,55.130747,On or near COWPEN ROAD,E01027392,Northumberland 022A,Suspect charged
4a784ef87bf05d141e419524a1676e873cea66feb8853842a2f5a995f60854de,2014-10,Northumbria Police,Northumbria Police,-1.387978,54.903462,On or near ALBION PLACE,E01008831,Sunderland 013D,Offender given a caution
93cb43767e4e61a457732f80986dacc384e071776fe0743ad5fad2537a918a4f,2014-10,Northumbria Police,Northumbria Police,-1.570416,54.952608,On or near Parking Area,E01008212,Gateshead 012A,Offender given a caution
fd9e6fd78d826ae0eca3727e6d2f320809c93e1f23013540be263236a051a5b8,2014-10,Northumbria Police,Northumbria Police,-1.543805,55.174810,On or near EXETER CLOSE,E01033716,Northumberland 013F,Offender given a caution
111875b59ae9447dda83ea4d40096496710e3cccd82484cc2272dda9f2a29000,2014-10,Northumbria Police,Northumbria Police,-1.657917,54.983825,On or near FENHAM HALL DRIVE,E01008346,Newcastle upon Tyne 019D,Suspect charged
25ddb28fe6d024a964db8b6cd5d0c5cac26c28591a330a3bb5c7b79e8faa2404,2014-10,Northumbria Police,Northumbria Police,-1.656246,54.974591,On or near GLEBE STREET,E01008334,Newcastle upon Tyne 029D,Suspect charged
25ddb28fe6d024a964db8b6cd5d0c5cac26c28591a330a3bb5c7b79e8faa2404,2014-10,Northumbria Police,Northumbria Police,-1.656246,54.974591,On or near GLEBE STREET,E01008334,Newcastle upon Tyne 029D,Suspect charged
ad0663bb1a209328aa1f56334efba7b2f97b17d1ed62d53d78c9492080308d36,2014-10,Northumbria Police,Northumbria Police,-1.521281,55.071959,On or near PARK VIEW,E01027432,Northumberland 032A,Suspect charged
3d301fd266595d03d22680631b578fbeaf672a7d493e7385565a3088c41b4bec,2014-10,Northumbria Police,Northumbria Police,-1.554497,55.126945,On or near Supermarket,E01027425,Northumberland 025A,Suspect charged
b2631e8b8aa411da0e43ec1c922ab59c71e1c448e11768039b8b378ae8cb1176,2014-10,Northumbria Police,Northumbria Police,-1.387978,54.903462,On or near ALBION PLACE,E01008831,Sunderland 013D,Local resolution
aab21163239ed427238c15be91938685180526ede6d66c60922c88ac67d7c21d,2014-10,Northumbria Police,Northumbria Police,-1.677627,55.002651,On or near RHUDDLAN COURT,E01008293,Newcastle upon Tyne 004A,Investigation complete; no suspect identified
5283b2d61656c10da53b44ac454faca79c1d5e4c6f8c2b95c97862398e9623c9,2014-10,Northumbria Police,Northumbria Police,-1.573632,54.883307,On or near SURREY TERRACE,E01008173,Gateshead 026B,Investigation complete; no suspect identified
b11d901cd5edb990cca36d26ca803300e4e003b1c01fe39a061138f5453db40d,2014-10,Northumbria Police,Northumbria Police,-1.543947,54.944675,On or near THORNE BRAKE,E01008242,Gateshead 015D,Investigation complete; no suspect identified
a057ceccc8b6ed6425cc925cf65a34ec2e4de9d6fa8f44d94359d835b2f72cc5,2014-10,Northumbria Police,Northumbria Police,-1.638193,54.980802,On or near BRIGHTON GROVE,E01008396,Newcastle upon Tyne 022B,Suspect charged
8d6566c9efc01ba757176808c4baf1e5aad3627ae6f2b3a61bd0e3f432a073e9,2014-10,Northumbria Police,Northumbria Police,-1.638193,54.980802,On or near BRIGHTON GROVE,E01008396,Newcastle upon Tyne 022B,Suspect charged
507ff4910a0f9670657025be21d22b774eb2b00557bb5025fffa29f88383325b,2014-10,Northumbria Police,Northumbria Police,-1.437359,54.994705,On or near STATION ROAD,E01008667,South Tyneside 002D,Suspect charged
41123dda07069ad8c36874781e862b2522d8c778cef86aa29297f11c17dca2ec,2014-10,Northumbria Police,Northumbria Police,-1.603684,54.973784,On or near ARGYLE STREET,E01033553,Newcastle upon Tyne 023H,Suspect charged
661648c7b93dd2f050e7f4d4e39dd2cf8f0e141b75939e5926bfe3d85a8996e1,2014-10,Northumbria Police,Northumbria Police,-1.706132,54.984858,On or near NORWOOD ROAD,E01008384,Newcastle upon Tyne 021D,Investigation complete; no suspect identified
b2c2c19249912b5759b9131cef054534a6b595284dc6e5a21d1aad44d754a43b,2014-10,Northumbria Police,Northumbria Police,-1.765144,54.975596,On or near ASH GROVE,E01008250,Gateshead 001E,Offender given a caution
dfbe336c3c9d82c4de92fc500e0b1cb3b63d01ea8409ab2ad4c1b7a82fb5da9e,2014-10,Northumbria Police,Northumbria Police,-1.622567,54.955953,On or near WOLSELEY CLOSE,E01008257,Gateshead 008E,Investigation complete; no suspect identified
e56614f04e0b85b61912d6490fcbdb118f6a7fc2e951df08e73f27669e1c081c,2014-10,Northumbria Police,Northumbria Police,-1.614472,54.971249,On or near BIGG MARKET,E01033543,Newcastle upon Tyne 024G,Investigation complete; no suspect identified
684ef86e6b7613dbda18714caa22cb79c5b5fc6e788ab24e93426c10d5d78c0f,2014-10,Northumbria Police,Northumbria Police,-1.373260,54.881118,On or near Supermarket,E01008780,Sunderland 024D,Suspect charged
31e5d32d852238f2ae19fa579407701f9c2a76f2e7b4406aaef8d5ae10bdfb9d,2014-10,Northumbria Police,Northumbria Police,-1.614002,54.976262,On or near Shopping Area,E01008397,Newcastle upon Tyne 024C,Suspect charged
31e5d32d852238f2ae19fa579407701f9c2a76f2e7b4406aaef8d5ae10bdfb9d,2014-10,Northumbria Police,Northumbria Police,-1.614002,54.976262,On or near Shopping Area,E01008397,Newcastle upon Tyne 024C,Suspect charged
5a8fbb9ace99d1748106da825d4e3a96b500b0e23647bb8a8c412df939ff36e0,2014-10,Northumbria Police,Northumbria Police,-1.570759,55.185440,On or near LINTONVILLE TERRACE,E01027529,Northumberland 010B,Suspect charged
2e1d671f8897d40d042a97a9b23a4a875d521e65d2904c06b67c96bbf8c5a25c,2014-10,Northumbria Police,Northumbria Police,-1.617297,54.971528,On or near CLAYTON STREET,E01033543,Newcastle upon Tyne 024G,Suspect charged
cdd8584905b09a5447c11fa454ebefe674b563e0fb41bdfcd02da3fcf09a3ebf,2014-10,Northumbria Police,Northumbria Police,-1.496269,54.961094,On or near MARINE DRIVE,E01008658,South Tyneside 015F,Investigation complete; no suspect identified
0effe6e932f600c00b13424e97ebf6ffffe6175ee0947f73a99adf231e1eab37,2014-10,Northumbria Police,Northumbria Police,-1.580993,55.085587,On or near SOUTH VIEW PLACE,E01027409,Northumberland 029B,Offender given a drugs possession warning
b6e5c5217707b07804a014ea8e06c32cf8646d1a59baf118403ce4e32cc0c3f9,2014-10,Northumbria Police,Northumbria Police,-1.503443,54.903539,On or near STOCKLEY ROAD,E01008846,Sunderland 017B,Investigation complete; no suspect identified
53ddd4a6ad1b56651ea75e3467da230c77b678f8198266e388c37166b03a9f88,2014-10,Northumbria Police,Northumbria Police,-1.586985,54.976757,On or near Petrol Station,E01008304,Newcastle upon Tyne 026C,Offender given a caution
9bf7d5a698a57ffdb338503337b2a122bc58fa1b6b8760f8dbd6ab04099931db,2014-10,Northumbria Police,Northumbria Police,-1.641060,54.972930,On or near Supermarket,E01008331,Newcastle upon Tyne 029A,Suspect charged
74b68e0ceda03824815f7e80dc5a8ac978c530407ca3fabb1c579501c44f6bf9,2014-10,Northumbria Police,Northumbria Police,-1.791782,54.951094,On or near ROCKWOOD HILL ESTATE,E01008195,Gateshead 002A,Investigation complete; no suspect identified
baa6403ecf73c82db841f4809ee29ac29e558e7bfd3ceee7a54ea110ec5852f5,2014-10,Northumbria Police,Northumbria Police,-1.453579,54.929395,On or near BENTHAM CLOSE,E01008838,Sunderland 003C,Investigation complete; no suspect identified
eedc695f31b97d58743cd790372fed393dcca6fa752695cbd92c3be236421db8,2014-10,Northumbria Police,Northumbria Police,-1.423278,54.876729,On or near AMARA SQUARE,E01008776,Sunderland 026B,Investigation complete; no suspect identified
93aa34ba683921dd6c8795c0445a1a524833250bafc61eeb2e6c35eb633a2de9,2014-10,Northumbria Police,Northumbria Police,-1.606243,54.964501,On or near Pedestrian Subway,E01008168,Gateshead 027D,Investigation complete; no suspect identified
4ee7359c19eea9c863b3cda9a22538aa0ba2b605a1f6831f0f901aa503bcf745,2014-10,Northumbria Police,Northumbria Police,-1.626901,54.954951,On or near UPTON STREET,E01008258,Gateshead 007C,Investigation complete; no suspect identified
3cec8d1edae2c195ec22e170f90bdabc964092b93ebdb0bfda01a2bbba406a61,2014-10,Northumbria Police,Northumbria Police,-1.437359,54.994705,On or near STATION ROAD,E01008667,South Tyneside 002D,Offender given a drugs possession warning
6825cee0fbd9719bbbc24452b6ec3f9e81b57cc6e001cd93cc56c192398343ea,2014-10,Northumbria Police,Northumbria Police,-1.619580,55.004307,On or near Supermarket,E01008419,Newcastle upon Tyne 006E,Suspect charged
ecbe137efd1c3d65f476f9dd42c0489188c7bdd936d4d89f18aef1224c17451d,2014-10,Northumbria Police,Northumbria Police,-1.456354,55.011722,On or near LANSDOWNE TERRACE,E01008528,North Tyneside 022C,Suspect charged
a077d539a649b8b1a1bf0a22bdb0ea10ccc32c5442d20e22a564c19185613ddf,2014-10,Northumbria Police,Northumbria Police,-1.611154,54.975165,On or near LISLE STREET,E01008397,Newcastle upon Tyne 024C,Suspect charged
4c7b1ba3a19aeec1c5cd42b56c9e7a919cb49ce777c8527ce7ab88c7a18cf0ab,2014-10,Northumbria Police,Northumbria Police,-1.394937,54.924085,On or near Sports/Recreation Area,E01033075,Sunderland 005G,Investigation complete; no suspect identified
e5743f6759c3df9a760ef058fe6367699f59dc13ffdfc88f8ec9284a942f253b,2014-10,Northumbria Police,Northumbria Police,-1.445804,55.009113,On or near Shopping Area,E01008524,North Tyneside 022B,Suspect charged
a4945389b49e69ac59b7a6a8475625db5fc4e986ad7dd408c1fcf514a87ef770,2014-10,Northumbria Police,Northumbria Police,-1.600694,54.963413,On or near SWAN STREET,E01008166,Gateshead 027C,Offender given a caution
a4945389b49e69ac59b7a6a8475625db5fc4e986ad7dd408c1fcf514a87ef770,2014-10,Northumbria Police,Northumbria Police,-1.600694,54.963413,On or near SWAN STREET,E01008166,Gateshead 027C,Investigation complete; no suspect identified
a4945389b49e69ac59b7a6a8475625db5fc4e986ad7dd408c1fcf514a87ef770,2014-10,Northumbria Police,Northumbria Police,-1.600694,54.963413,On or near SWAN STREET,E01008166,Gateshead 027C,Investigation complete; no suspect identified
07ef21bac8bb342e22d9372325352065ed4fd3301feee5ed0af4f7095c771500,2014-10,Northumbria Police,Northumbria Police,-1.553553,54.937108,On or near WHITEHILL,E01008231,Gateshead 015A,Suspect charged
8f61b1478e1d72d7c1c47046be3543bae3e24fc9e9b8424b80709b4e7c84bc06,2014-10,Northumbria Police,Northumbria Police,-1.581689,55.332414,On or near STRAFFEN COURT,E01027361,Northumberland 006A,Suspect charged
8f61b1478e1d72d7c1c47046be3543bae3e24fc9e9b8424b80709b4e7c84bc06,2014-10,Northumbria Police,Northumbria Police,-1.581689,55.332414,On or near STRAFFEN COURT,E01027361,Northumberland 006A,Suspect charged
b2e8f49d3591f64e9d7e5825eea2688cc545692219115f4f438d2ee9d76b639f,2014-10,Northumbria Police,Northumbria Police,-1.674795,54.997216,On or near YATESBURY AVENUE,E01008298,Newcastle upon Tyne 011C,Suspect charged
876815abe00598221400b70a289b0ba52c0e11aada81fe512f4682c6960a469a,2014-10,Northumbria Police,Northumbria Police,-1.437702,54.998095,On or near Shopping Area,E01008667,South Tyneside 002D,Suspect charged
2f4fd235d142079f91cddb2e81225ec031507f4b0738734a905c4fb580a8228e,2014-10,Northumbria Police,Northumbria Police,-1.519606,55.179103,On or near NORTH SEATON ROAD,E01027544,Northumberland 009D,Suspect charged
bafb5bc4fc8ea9d7abc050130664badc05762673d3a31e9a493e62c30dfc1493,2014-10,Northumbria Police,Northumbria Police,-1.580268,54.945130,On or near IONA ROAD,E01008202,Gateshead 011C,Suspect charged
aaa126e501165ffb545eaf1eacf3f04caa934d7442319d74e00c381a5aa396e1,2014-10,Northumbria Police,Northumbria Police,-1.729029,54.953900,On or near WATERLOO STREET,E01008279,Gateshead 005E,Investigation complete; no suspect identified
77db06e0cfb72e86d6d8b811f6daeaf0f25d139ce9629abfe66251e7baa686c9,2014-10,Northumbria Police,Northumbria Police,-1.578027,55.054781,On or near BURRADON ROAD,E01008478,North Tyneside 002A,Offender given a caution
1a5b248ef5bed672996b55c4273cc465b570af9590355bb35e1bcd1043e8b89b,2014-10,Northumbria Police,Northumbria Police,-1.602496,54.962754,On or near Parking Area,E01008166,Gateshead 027C,Suspect charged
0be18b0e64ff4b36ac3089aff3dacda20d0cf193eb9b273319aab27bb5c5ac0a,2014-10,Northumbria Police,Northumbria Police,-1.525606,54.904652,On or near BOSTON AVENUE,E01008844,Sunderland 019B,Investigation complete; no suspect identified
cc264b307e76aaf2e9dc31ab3b15010f195f9891ea3af71f4a5ef67807a49c19,2014-10,Northumbria Police,Northumbria Police,-1.614668,54.947481,On or near MACADAM STREET,E01008254,Gateshead 010D,Investigation complete; no suspect identified
d9e2a39eb8949fb1506f8232ff310c850557208bd2606c6a09f10dc3584e6503,2014-10,Northumbria Police,Northumbria Police,-1.562420,55.033285,On or near Pedestrian Subway,E01008505,North Tyneside 012B,Investigation complete; no suspect identified
e917fa7f5f56421292030816b4292c8591dcce4ddd1f3294b3f8bf660da4912e,2014-10,Northumbria Police,Northumbria Police,-1.470060,54.841283,On or near DURHAM ROAD,E01008754,Sunderland 034F,Investigation complete; no suspect identified
543f3b625c948e82a97c846d5f993557de4839e04faa4ebdb82a3afe74672626,2014-10,Northumbria Police,Northumbria Police,-1.594012,55.020454,On or near GOSFORTH PARK WAY,E01008513,North Tyneside 019C,Investigation complete; no suspect identified
2ced643059fbbc160e52b393f1dba232e4c0da564be9a11c4cd83b9c6a4288ac,2014-10,Northumbria Police,Northumbria Police,-1.638019,55.000203,On or near BRIARDENE CRESCENT,E01008378,Newcastle upon Tyne 006D,Investigation complete; no suspect identified
0c36c612ea7076a27f607c479c941cce2b1ae76a352fa7a7016f283a83801e6e,2014-10,Northumbria Police,Northumbria Police,-1.668555,54.957641,On or near Shopping Area,E01008262,Gateshead 009A,Suspect charged
5425f485e09bdd6523ec5efd62ee137da97ca5257d5710878e358ecdd288a3e3,2014-10,Northumbria Police,Northumbria Police,-1.445804,55.009113,On or near Shopping Area,E01008524,North Tyneside 022B,Suspect charged
a18d1c0862abe9704f1e06457a410688518375bb9dbfd64a64272187a67004fb,2014-10,Northumbria Police,Northumbria Police,-1.663845,54.955103,On or near Parking Area,E01008262,Gateshead 009A,Investigation complete; no suspect identified
d6962b2945f7f84bb14a49a6290d60cc90831393ff9852e9ad1dd04e10c166f0,2014-10,Northumbria Police,Northumbria Police,-1.587659,55.163968,On or near RIVERSDALE AVENUE,E01027534,Northumberland 017C,Suspect charged
cefd738d968c35d6475e0e2f1436125b1d2a42178ef39a5544c746a276025ed8,2014-10,Northumbria Police,Northumbria Police,-1.443897,55.007909,On or near CAMDEN STREET,E01008524,North Tyneside 022B,Suspect charged
95e10141d31709ec71f7a33b0a576a7f2d0ce4390076454c2f5a38e0697b2540,2014-10,Northumbria Police,Northumbria Police,-1.556955,54.979761,On or near BARET ROAD,E01008391,Newcastle upon Tyne 026E,Investigation complete; no suspect identified
5f00248587590c8fd893631445e32b3ff025d573c204dbff15bf59a8cf4d986d,2014-10,Northumbria Police,Northumbria Police,-1.544823,54.954186,On or near JOICEY STREET,E01008244,Gateshead 003D,Investigation complete; no suspect identified
c4e4fcb85802f6d373bad9cf548b2055ecbe89bedd1abb2a7a15df1216264bc3,2014-10,Northumbria Police,Northumbria Police,-1.566025,54.976181,On or near BLOUNT STREET,E01008392,Newcastle upon Tyne 026F,Suspect charged
4fd429e40240721b07f312794377a2da8cdc0ad7fc9ab54e545f1cf990ee290b,2014-10,Northumbria Police,Northumbria Police,-1.368646,54.893163,On or near CANON COCKIN STREET,E01008738,Sunderland 016E,Investigation complete; no suspect identified
8a30ff03cf48f786d849c1b2e90e16ff49fcf5d34cdc8f54f0dc4bab86237164,2014-10,Northumbria Police,Northumbria Police,-1.457163,54.911204,On or near HYLTON GRANGE,E01008695,Sunderland 008C,Offender given a drugs possession warning
1a3d17f80fc64a4aee9f2a6ec4f736fb1360627de5156ac243f6c53f26094128,2014-10,Northumbria Police,Northumbria Police,-1.666276,55.004741,On or near BYRNESS CLOSE,E01008295,Newcastle upon Tyne 008A,Investigation complete; no suspect identified
0bea9053f481b1a639332d2aac72c3da70bca7c015b405003e14b76a876b777d,2014-10,Northumbria Police,Northumbria Police,-1.584518,55.130870,On or near HAIG ROAD,E01027519,Northumberland 020D,Offender given a caution
3d756ccb0f8d75668df680607283aa8e0c1939d248794c6f9a61595ffd07b115,2014-10,Northumbria Police,Northumbria Police,-1.378632,54.922034,On or near DUKE STREET NORTH,E01008788,Sunderland 006C,Suspect charged
c0faed4a7ed78ed201fa7d3a477a326069c81f90c2bcd204cf2a9258969ba5b4,2014-10,Northumbria Police,Northumbria Police,-1.525287,55.044396,On or near MELROSE AVENUE,E01008565,North Tyneside 007C,Investigation complete; no suspect identified
464ff032a19aa255d0da9e7b316035675fa3a249bf45e0382d241c313842d802,2014-10,Northumbria Police,Northumbria Police,-1.490929,54.959715,On or near Petrol Station,E01008659,South Tyneside 017C,Suspect charged
13460c5ac575f886ff501839cd1c69ed6a0df640b11ac47cd16b4ebac13e8188,2014-10,Northumbria Police,Northumbria Police,-1.432736,54.894602,On or near GLASBURY AVENUE,E01008813,Sunderland 014C,Investigation complete; no suspect identified
3b3e64af118d69aaf3174f7c4d61f5331ac0355f1b4796fc34df9e93ac3c569b,2014-10,Northumbria Police,Northumbria Police,-1.607170,54.949578,On or near WINDSOR AVENUE,E01008253,Gateshead 010C,Investigation complete; no suspect identified
1928dfccdc3542d16b9377b9230687498dbee48c00aaa37544b4de769b373a3d,2014-10,Northumbria Police,Northumbria Police,-1.624533,55.048256,On or near Supermarket,E01008577,North Tyneside 004A,Offender given a caution
bac2e8ffb629da4d7ca6bab92697795c5e9cd5fb129939a492945b304f15715a,2014-10,Northumbria Police,Northumbria Police,-1.470724,55.014140,On or near MOWBRAY ROAD,E01008486,North Tyneside 020A,Suspect charged
af67e36d7b2b80e0434bbd0b992c0072933916dce94f3ca27a5c2144b1864059,2014-10,Northumbria Police,Northumbria Police,-1.437383,55.041057,On or near EDWARDS ROAD,E01008587,North Tyneside 006C,Investigation complete; no suspect identified
c839f962fbd30c1ef55304d27aab705ae9bcd24a85b9cfc4a7eb869154fa215d,2014-10,Northumbria Police,Northumbria Police,-1.559834,54.889324,On or near Motorway Service Area,E01008172,Gateshead 026A,Suspect charged
326ef1dbbeaa5e09b1feb57416d594984eb809249d618ebd0eb4730a47527e4b,2014-10,Northumbria Police,Northumbria Police,-1.484586,55.008717,On or near BARMOUTH ROAD,E01008481,North Tyneside 023A,Suspect charged
723e4c2e436b79b443bf1b1dabdf46dbe4114d98fc07534f231da61a62e011be,2014-10,Northumbria Police,Northumbria Police,-1.573280,54.978534,On or near Shopping Area,E01008392,Newcastle upon Tyne 026F,Suspect charged
07fcb9aac002a4eb9f76b118118625cb1f9f669cc928bb10067ec22783332774,2014-10,Northumbria Police,Northumbria Police,-1.677973,54.998482,On or near PALLINSBURN COURT,E01008298,Newcastle upon Tyne 011C,Investigation complete; no suspect identified
7c9e309d40cebf42259e983672bc345d745a9aec874d880029789c5f9aa4352d,2014-10,Northumbria Police,Northumbria Police,-1.411199,54.920615,On or near BROADSHEATH TERRACE,E01008820,Sunderland 005F,Suspect charged
7c9e309d40cebf42259e983672bc345d745a9aec874d880029789c5f9aa4352d,2014-10,Northumbria Police,Northumbria Police,-1.411199,54.920615,On or near BROADSHEATH TERRACE,E01008820,Sunderland 005F,Suspect charged
7c9e309d40cebf42259e983672bc345d745a9aec874d880029789c5f9aa4352d,2014-10,Northumbria Police,Northumbria Police,-1.411199,54.920615,On or near BROADSHEATH TERRACE,E01008820,Sunderland 005F,Suspect charged
7c9e309d40cebf42259e983672bc345d745a9aec874d880029789c5f9aa4352d,2014-10,Northumbria Police,Northumbria Police,-1.411199,54.920615,On or near BROADSHEATH TERRACE,E01008820,Sunderland 005F,Suspect charged
7c9e309d40cebf42259e983672bc345d745a9aec874d880029789c5f9aa4352d,2014-10,Northumbria Police,Northumbria Police,-1.411199,54.920615,On or near BROADSHEATH TERRACE,E01008820,Sunderland 005F,Suspect charged
ab3f22b418d15cffe0849af0c2e1f3561720bf0260fe5cc29262a6f3782d631f,2014-10,Northumbria Police,Northumbria Police,-1.683096,54.973271,On or near MUSWELL HILL,E01033547,Newcastle upon Tyne 025E,Investigation complete; no suspect identified
b0c8f3df8b2ec0319b15b12b96afdeeea1846a0999b3680fc3546e0c67b15257,2014-10,Northumbria Police,Northumbria Police,-1.452227,54.819744,On or near FRONT STREET,E01008742,Sunderland 035C,Investigation complete; no suspect identified
ab79a961d1bf32f99ebc4b10cbd9b6a7b8b6b2d9e2bfb9662d955026f5cf7b81,2014-10,Northumbria Police,Northumbria Police,-1.614405,54.950482,On or near SALTWELL STREET,E01008171,Gateshead 008D,Investigation complete; no suspect identified
ab79a961d1bf32f99ebc4b10cbd9b6a7b8b6b2d9e2bfb9662d955026f5cf7b81,2014-10,Northumbria Police,Northumbria Police,-1.614405,54.950482,On or near SALTWELL STREET,E01008171,Gateshead 008D,Investigation complete; no suspect identified
117152393766a8630fcfdc53943c9ef816069c63e328f4465b4d8ed4a65c3132,2014-10,Northumbria Police,Northumbria Police,-1.447150,55.010135,On or near NORTHUMBERLAND PLACE,E01008524,North Tyneside 022B,Suspect charged
3455d7953ec687435209dd6e8f7d1a7964f1d9c3bb24403a642d359fa3229a8b,2014-10,Northumbria Police,Northumbria Police,-1.378499,54.921566,On or near SANDRINGHAM ROAD,E01008788,Sunderland 006C,Suspect charged
3455d7953ec687435209dd6e8f7d1a7964f1d9c3bb24403a642d359fa3229a8b,2014-10,Northumbria Police,Northumbria Police,-1.378499,54.921566,On or near SANDRINGHAM ROAD,E01008788,Sunderland 006C,Investigation complete; no suspect identified
8af0e1cf30b39dbdc870d051ee5c7b94c63e8c028a5867eb9a483ef29e64fcbd,2014-10,Northumbria Police,Northumbria Police,-1.577276,55.175066,On or near STONECROSS,E01027536,Northumberland 012E,Investigation complete; no suspect identified
e66a776ee1b4fe5130008eacd68655824c48ecc2d28315c945c592bbdc69f7a0,2014-10,Northumbria Police,Northumbria Police,-1.560911,55.038213,On or near KNIVESTONE COURT,E01008504,North Tyneside 002C,Investigation complete; no suspect identified
6a98fd6d1f615af6486bf3b1c222bf090e5e9ccffd9eabde87d4bd43a3ef65c2,2014-10,Northumbria Police,Northumbria Police,-1.444391,55.044611,On or near OCEAN VIEW,E01008584,North Tyneside 006A,Offender given a caution
8174fb8879f9fbff9f65ee5285ea995ba5d57fd2b2ab1e8bb9325a49bae8bc57,2014-10,Northumbria Police,Northumbria Police,-1.692192,54.991096,On or near DEER BUSH,E01008325,Newcastle upon Tyne 015B,Suspect charged
9d1359e1fcd146d3aed1cbf7d868cd18a6c08a3d33870c026901d7c223f85a85,2014-10,Northumbria Police,Northumbria Police,-1.568452,54.974150,On or near BROOK STREET,E01008302,Newcastle upon Tyne 026B,Suspect charged
593c3620e6d6a8413533b889ebc440111ae7598a85fb7d65dccf1b0cf4f9f8f6,2014-10,Northumbria Police,Northumbria Police,-1.568452,54.974150,On or near BROOK STREET,E01008302,Newcastle upon Tyne 026B,Suspect charged
593c3620e6d6a8413533b889ebc440111ae7598a85fb7d65dccf1b0cf4f9f8f6,2014-10,Northumbria Police,Northumbria Police,-1.568452,54.974150,On or near BROOK STREET,E01008302,Newcastle upon Tyne 026B,Suspect charged
209b14e43024d080cef59a888b757cbf2264084138a5c0b4322ca296a235ac88,2014-10,Northumbria Police,Northumbria Police,-1.637015,54.965918,On or near Shopping Area,E01008437,Newcastle upon Tyne 029F,Investigation complete; no suspect identified
b5735e12d8b4612609b947f48f75ebb0cb03a2736be69e33b2ec338b3c033d29,2014-10,Northumbria Police,Northumbria Police,-1.538465,55.041616,On or near CASTLE SQUARE,E01008565,North Tyneside 007C,Suspect charged
0ce45492ed8cda183e660b28b509ec4e8c8a076e061fe035ec4a392f60f47021,2014-10,Northumbria Police,Northumbria Police,-1.577220,54.987202,On or near CHILLINGHAM ROAD,E01008361,Newcastle upon Tyne 018D,Offender given a caution
887f888f9a7fc4c4fc220d8180a67d0188ea9adbf52f9925e4fb1771e5a6fe26,2014-10,Northumbria Police,Northumbria Police,-1.619903,55.013187,On or near Supermarket,E01008358,Newcastle upon Tyne 002E,Suspect charged
d2e370068acd3d611c0c51207b35d1d53e9eca278e9cc37ab4b0b365d33431f9,2014-10,Northumbria Police,Northumbria Police,-2.007945,55.776430,On or near PERCY TERRACE,E01027376,Northumberland 001A,Offender given a caution
b79c2a85b25fffd404c51e286e155d874a9294a2eafb7120d29d01fd3b39a7f2,2014-10,Northumbria Police,Northumbria Police,-1.470805,55.004426,On or near WALLSEND ROAD,E01008482,North Tyneside 023B,Suspect charged
6f3aeae222e16340df64dc8b175c4e711b78989070a6126d8dd26cc7b5df9744,2014-10,Northumbria Police,Northumbria Police,-1.629495,54.951400,On or near A1114,E01008259,Gateshead 007D,Suspect charged
f2c631422c9b65dae984c8caa7d20cdadbcbd82a8db6a105414df27313e219bf,2014-10,Northumbria Police,Northumbria Police,-1.460219,55.039471,On or near ST GEORGES CRESCENT,E01008554,North Tyneside 009C,Suspect charged
f62332ed153737ed6dabe1398a3f25e581bd4465fe0d9b2afaaf8aa6c80d5c7c,2014-10,Northumbria Police,Northumbria Police,-1.460219,55.039471,On or near ST GEORGES CRESCENT,E01008554,North Tyneside 009C,Suspect charged
7cc121bf84aa750f18bb13e34779b1d10274b8ceff95463b3ef29567a500dea2,2014-10,Northumbria Police,Northumbria Police,-1.507042,55.125765,On or near CROWN STREET,E01027414,Northumberland 023A,Investigation complete; no suspect identified
08fb4d95abfb6056ebc81b500d5578be22dc10677671cd7d54c0d4869b32258e,2014-10,Northumbria Police,Northumbria Police,-1.573651,54.970070,On or near KIRK STREET,E01008305,Newcastle upon Tyne 026D,Suspect charged
0a7379e02c41118bd53cff069a3f71a45f9b4d6c7a7225410d3e1df468bb0c32,2014-10,Northumbria Police,Northumbria Police,-1.598068,54.982447,On or near KELVIN GROVE,E01008411,Newcastle upon Tyne 017E,Investigation complete; no suspect identified
47a51d75923302226a358136edf02870a11364c8ad6ca0a388a8a1d243dd8e3c,2014-10,Northumbria Police,Northumbria Police,-1.436408,54.957668,On or near HEATON GARDENS,E01008606,South Tyneside 016C,Investigation complete; no suspect identified
5e9518d245254e0a11e7a8d37cc179c0307c85103c2120829c20b5bec0fb25c2,2014-10,Northumbria Police,Northumbria Police,-1.818573,54.979318,On or near TYNEDALE CLOSE,E01027513,Northumberland 036D,Investigation complete; no suspect identified
a88cfab9ecb4e8293f0b07e12db58a7a8ae22d7f7925d618d0e8d6c7a4537d12,2014-10,Northumbria Police,Northumbria Police,-1.573578,54.971050,On or near ST PETER'S ROAD,E01008305,Newcastle upon Tyne 026D,Investigation complete; no suspect identified
040eaebdc592f700efee53186d2661cd7bd476c4cff2bcb64f148b71a7f123dd,2014-10,Northumbria Police,Northumbria Police,-1.478489,54.982119,On or near PRIORY ROAD,E01008600,South Tyneside 007A,Investigation complete; no suspect identified
c29ce4b5959d28591ce8ae6a0bb57abb33c98a75c9b5d89ae23134b697e3b584,2014-10,Northumbria Police,Northumbria Police,-1.628600,54.950283,On or near Parking Area,E01008259,Gateshead 007D,Offender given penalty notice
3fa2e44fc264c4d83d82b02a87c70fbb6609ad3e435fe854a8ccd881ba782cba,2014-10,Northumbria Police,Northumbria Police,-1.816197,54.972646,On or near THE CRESCENT,E01027513,Northumberland 036D,Investigation complete; no suspect identified
8b242f367977d6301182f7c5e31ff3057c18f5891b9c0d7a744a24e7cd90de34,2014-10,Northumbria Police,Northumbria Police,-1.548386,54.992876,On or near RHEYDT AVENUE,E01008535,North Tyneside 030B,Investigation complete; no suspect identified
88c797e3d2baa843f9ea543d63957cce180e5a90a28005628459332c37fe6e8f,2014-10,Northumbria Police,Northumbria Police,-1.388582,54.903788,On or near Further/Higher Educational Building,E01008831,Sunderland 013D,Offender given a caution
07f46ec6ede295151137e1b4448efebbf12bea369421b1c83da44ad4382fc0c5,2014-10,Northumbria Police,Northumbria Police,-1.602984,54.952862,On or near EXETER STREET,E01008252,Gateshead 010B,Investigation complete; no suspect identified
66927c1655837f2650d2501d603b7b7694cb1199c227ab920dc67b7fdce71daa,2014-10,Northumbria Police,Northumbria Police,-1.603407,55.005065,On or near MILL RISE,E01008424,Newcastle upon Tyne 005F,Suspect charged
66927c1655837f2650d2501d603b7b7694cb1199c227ab920dc67b7fdce71daa,2014-10,Northumbria Police,Northumbria Police,-1.603407,55.005065,On or near MILL RISE,E01008424,Newcastle upon Tyne 005F,Suspect charged as part of another case
66927c1655837f2650d2501d603b7b7694cb1199c227ab920dc67b7fdce71daa,2014-10,Northumbria Police,Northumbria Police,-1.603407,55.005065,On or near MILL RISE,E01008424,Newcastle upon Tyne 005F,Suspect charged as part of another case
8f441e3e78855eda0dae98572092e53deb843a413cc7e7918decc8126916f83e,2014-10,Northumbria Police,Northumbria Police,-1.518533,55.011247,On or near ASCOT CLOSE,E01008463,North Tyneside 024B,Investigation complete; no suspect identified
2a1c7f1170e20cf5f0c00340daf1dcff6903b96c3977f3a1e7dfbd9830401eba,2014-10,Northumbria Police,Northumbria Police,-1.397134,54.973332,On or near CARDEN AVENUE,E01008625,South Tyneside 013C,Offender given a caution
2a1c7f1170e20cf5f0c00340daf1dcff6903b96c3977f3a1e7dfbd9830401eba,2014-10,Northumbria Police,Northumbria Police,-1.397134,54.973332,On or near CARDEN AVENUE,E01008625,South Tyneside 013C,Offender given a caution
4b1e4a789c408fe3c620d97d4085fe5811eea5bdb72504cacae1d722706f8c77,2014-10,Northumbria Police,Northumbria Police,-1.596295,55.011206,On or near WEST FARM WYND,E01008513,North Tyneside 019C,Offender given a caution
8dcdd19395c9af483bf0b5b2c64fc40550cbeb5c8c54d717346378710a1db6d1,2014-10,Northumbria Police,Northumbria Police,-1.608313,54.974923,On or near Nightclub,E01008397,Newcastle upon Tyne 024C,Offender given a caution
25facf9959035aeb7c48d96a06caf97f3d69ebeef4897a45c01a0fe44a4c903b,2014-10,Northumbria Police,Northumbria Police,-1.389311,54.920507,On or near NEWBOLD AVENUE,E01008708,Sunderland 005A,Investigation complete; no suspect identified
73c79117f8a80703e72846f3ea7f1e9516e9277f66b20e3292cda6908157a33e,2014-10,Northumbria Police,Northumbria Police,-1.608313,54.974923,On or near Nightclub,E01008397,Newcastle upon Tyne 024C,Offender given a caution
d0d88c3390e38c26f6724f705386f66de3fc7515068bde302cded6bb9525deeb,2014-10,Northumbria Police,Northumbria Police,-1.636254,55.025934,On or near HALTON WAY,E01033550,Newcastle upon Tyne 002F,Offender given a caution
a1b2ca73aa5bbf323a3a44b1ce36a0659ef2e15e4fcd6044296df39f14f3b29f,2014-10,Northumbria Police,Northumbria Police,-1.658862,55.008836,On or near CASTLE CLOSE,E01008339,Newcastle upon Tyne 003D,Suspect charged
a1b2ca73aa5bbf323a3a44b1ce36a0659ef2e15e4fcd6044296df39f14f3b29f,2014-10,Northumbria Police,Northumbria Police,-1.658862,55.008836,On or near CASTLE CLOSE,E01008339,Newcastle upon Tyne 003D,Suspect charged
df0a066dadc78bb43cee350c3fa51eccdc0d8e1cffddf95c75f46c93a6fcc15b,2014-10,Northumbria Police,Northumbria Police,-1.637175,54.972352,On or near GLOUCESTER ROAD,E01008331,Newcastle upon Tyne 029A,Offender given a drugs possession warning
4e013d4e2ca834c9f84098391b8f105e93b6c88ca79082305f98a1a8bbc05c6e,2014-10,Northumbria Police,Northumbria Police,-1.551338,55.187688,On or near A197,E01027540,Northumberland 013B,Investigation complete; no suspect identified
478b4650598a029fab689d7d3914c730b89f443a7debcd2005a6c670e277c9c6,2014-10,Northumbria Police,Northumbria Police,-1.620650,54.970433,On or near Theatre/Concert Hall,E01033554,Newcastle upon Tyne 024I,Investigation complete; no suspect identified
c674a8137be0148ffb45d2ff3b85fa602ffb41c0d246907bfabc55f39b6deb73,2014-10,Northumbria Police,Northumbria Police,-1.592547,54.950446,On or near DECKHAM TERRACE,E01008203,Gateshead 028B,Suspect charged
5a54872da8ada63cbd2cea2deaee016eeb85a1f19be2dbf1b305d2cc63eeec93,2014-10,Northumbria Police,Northumbria Police,-1.433693,54.978612,On or near WEST WAY,E01008591,South Tyneside 011B,Suspect charged
4e6c6d88017525433244970b953933ab4059123abb3eccb2f24870e3c4b41ee9,2014-10,Northumbria Police,Northumbria Police,-1.434249,54.875612,On or near FARRINGTON AVENUE,E01008778,Sunderland 026D,Suspect charged
813da2eb301f77c102bd65d0cc5f281bf18c891a36326b98f4072916ba1eacd7,2014-10,Northumbria Police,Northumbria Police,-1.541969,55.023900,On or near ROSEBERRY GRANGE,E01008503,North Tyneside 018E,Investigation complete; no suspect identified
8408197d6c08f0cfa4845bb6ea271fd537c57e8f241d95faffea126cd43befb0,2014-10,Northumbria Police,Northumbria Police,-1.435197,54.987291,On or near ST JUDE'S TERRACE,E01008664,South Tyneside 002A,Suspect charged
2cada6eb540a9e5f451ca3ccc8ddddf7fdc2555e7ef5e03daced49cd66e1e35d,2014-10,Northumbria Police,Northumbria Police,-1.746163,54.990412,On or near MAYFIELD GARDENS,E01008401,Newcastle upon Tyne 014B,Investigation complete; no suspect identified
316a81a23f516d296ff75181dfb50253ab646ea13803f8410b3558342be3f194,2014-10,Northumbria Police,Northumbria Police,-1.482779,54.982649,On or near FRIAR WAY,E01008604,South Tyneside 007B,Suspect charged
f2bfacb4e2e57b6f0aae41f6ffc2ef24e79459736b8487b706de8d86580d1c6f,2014-10,Northumbria Police,Northumbria Police,-1.598808,54.977138,On or near Petrol Station,E01008406,Newcastle upon Tyne 023A,Offender given a caution
580863b062e90bc6c6904ea1fa1a9dd24eeef41bf532df6804df8d51c7b41ba9,2014-10,Northumbria Police,Northumbria Police,-1.449034,55.007322,On or near BOROUGH ROAD,E01008524,North Tyneside 022B,Investigation complete; no suspect identified
33e9aa9e988158df942c760e728c66989d99f7e32d9a18375bf88b7048993d97,2014-10,Northumbria Police,Northumbria Police,-1.577920,55.082853,On or near CAMBO DRIVE,E01027397,Northumberland 028C,Investigation complete; no suspect identified
f4e5a54e52668eefd9fc3a960568fc6a5eba195c86c50e7d1a9f884e5b6eec3a,2014-10,Northumbria Police,Northumbria Police,-1.545025,54.955616,On or near ROTHBURY AVENUE,E01008244,Gateshead 003D,Investigation complete; no suspect identified
88108fb638f4dc119c1f4dc9beb6fa4735576d586d647c57c0368264134ca935,2014-10,Northumbria Police,Northumbria Police,-1.370074,54.883573,On or near GRANGEMERE CLOSE,E01008779,Sunderland 024C,Suspect charged
44f2c75c5b16c31aaba34eefc36fcb83b01e5a3cf781575bd86a64776dce5d5b,2014-10,Northumbria Police,Northumbria Police,-1.377259,54.929091,On or near ANNIE STREET,E01008727,Sunderland 002C,Investigation complete; no suspect identified
8a1d6783c8720eb2f584875dc9ea999b234351c14e51207f4088e158b3e7b9f8,2014-10,Northumbria Police,Northumbria Police,-1.397995,54.980498,On or near MARSDEN LANE,E01008636,South Tyneside 008C,Suspect charged
641c2a872043830ef143e907268ba251f4e396034f237beff46c7bdeb295bac9,2014-10,Northumbria Police,Northumbria Police,-1.615322,54.972222,On or near NUN STREET,E01033543,Newcastle upon Tyne 024G,Suspect charged
8360101acd554594c29697e03961fef53994acbc91d5ef405cf98e66c19465e0,2014-10,Northumbria Police,Northumbria Police,-1.586985,54.976757,On or near Petrol Station,E01008304,Newcastle upon Tyne 026C,Suspect charged
341ca581e16dc59756f1b0341882035a254c3f2a5ba83c0fd83190923fca5d87,2014-10,Northumbria Police,Northumbria Police,-1.662847,55.020287,On or near ABERDEEN COURT,E01008311,Newcastle upon Tyne 001E,Offender given a caution
4648c4d0a1b6206ae0f3568326ab6ebeea83363d909092166bb3c78ca28d4ded,2014-10,Northumbria Police,Northumbria Police,-1.727980,54.958984,On or near TULIP CLOSE,E01008180,Gateshead 004B,Suspect charged
70943cfd3f9f17004124b351c5d4920bc10f065ffcde1e9431acf5910c3c8dc9,2014-10,Northumbria Police,Northumbria Police,-1.727980,54.958984,On or near TULIP CLOSE,E01008180,Gateshead 004B,Suspect charged
9fd2bde12a8eeaa6eb61431a3f2158414e86e489f974d6f54f91a23ce0aaa516,2014-10,Northumbria Police,Northumbria Police,-1.406652,54.978312,On or near SUMMERHILL ROAD,E01008635,South Tyneside 006A,Offender given a caution
85b8cefc1b942c83662d28f20eeb77c9b2892cb0da451582f1881724a76377bc,2014-10,Northumbria Police,Northumbria Police,-1.374793,54.904958,On or near HUDSON ROAD,E01008836,Sunderland 016F,Investigation complete; no suspect identified
66e4038aa5e486325520857f7d0efb3164e83bf8b0c7ec0dc55527e0c6b5139e,2014-10,Northumbria Police,Northumbria Police,-1.642950,54.971201,On or near TWEED STREET,E01008331,Newcastle upon Tyne 029A,Suspect charged
4296eb4c6298dcb816535a6f20aa6b08199207d69d83ee19405343a9478eb01d,2014-10,Northumbria Police,Northumbria Police,-1.462758,54.970117,On or near HENDERSON ROAD,E01008601,South Tyneside 012A,Offender given a caution
0324595844ae4874c3fb850d881f02e1670f14ba0847fea7025fc9deadfddafb,2014-10,Northumbria Police,Northumbria Police,-1.727627,54.953448,On or near Petrol Station,E01008280,Gateshead 004E,Suspect charged
7e525ef617e8918c383950a31e4f6a7ae15dbedbeaef3d706e829658b7008676,2014-10,Northumbria Police,Northumbria Police,-2.451534,54.971658,On or near CASTLE HILL,E01027487,Northumberland 037D,Investigation complete; no suspect identified
46b8472887c70bebfb3bded1748c6a3887fcd14e0c0993bd6e648255a84c162f,2014-10,Northumbria Police,Northumbria Police,-1.629495,54.951400,On or near A1114,E01008259,Gateshead 007D,Investigation complete; no suspect identified
e9103b2b672e3490d71a09c8433b68e2f119d717e3faac56ef43e22dd4e5f936,2014-10,Northumbria Police,Northumbria Police,-1.583028,54.951555,On or near MERSEY PLACE,E01008165,Gateshead 011A,Investigation complete; no suspect identified
eb9a6217a790ffefcbf0949ed4799b3e86d7209579e5038c20f252b1bed12762,2014-10,Northumbria Police,Northumbria Police,-1.656102,54.973180,On or near WELLFIELD ROAD,E01008332,Newcastle upon Tyne 029B,Suspect charged
eb9a6217a790ffefcbf0949ed4799b3e86d7209579e5038c20f252b1bed12762,2014-10,Northumbria Police,Northumbria Police,-1.656102,54.973180,On or near WELLFIELD ROAD,E01008332,Newcastle upon Tyne 029B,Suspect charged
e249be171681d9773baee513276387e277d1a785726ff2037759ab168f38efdf,2014-10,Northumbria Police,Northumbria Police,-1.428318,54.908241,On or near ST LUKE'S ROAD,E01008762,Sunderland 012B,Suspect charged
7f9e0d78d6fa619eebec39bdbeab38afa64ecd4c528e2d05a9d39c9db57fd684,2014-10,Northumbria Police,Northumbria Police,-1.630670,55.131378,On or near OAKDALE,E01027521,Northumberland 021D,Suspect charged
915ae60a0033d3b962048d0c431c7cf1ae31899133000c211ac8bd227dec6e30,2014-10,Northumbria Police,Northumbria Police,-1.630670,55.131378,On or near OAKDALE,E01027521,Northumberland 021D,Suspect charged
563b6c619963e0be40efb5a517d9f191e60d8573d4eb98348ddb0dbfbf6dd9e4,2014-10,Northumbria Police,Northumbria Police,-1.474552,54.868262,On or near LANGLEY STREET,E01032483,Sunderland 032F,Investigation complete; no suspect identified
9d6f25eb2d65c7c00e295ed54804280c5c8914fa38520cda04bfc0f4207f06da,2014-10,Northumbria Police,Northumbria Police,-1.381905,54.917126,On or near Shopping Area,E01008787,Sunderland 006B,Suspect charged
8c3d388f1aa09308072818e5851f5aff1a57effc0e8f95be3bad328f5db55a6b,2014-10,Northumbria Police,Northumbria Police,-1.376057,54.931115,On or near CHAPMAN STREET,E01008727,Sunderland 002C,Investigation complete; no suspect identified
945a48f0c73060c175ef71f80de82c669e8f3bec649c023caa438ec2f85effc9,2014-10,Northumbria Police,Northumbria Police,-1.470459,54.998637,On or near ST JOHN'S GREEN,E01008541,North Tyneside 027C,Investigation complete; no suspect identified
f869e74c6156631cced6a3e0a63b03ddd1d2f8b6421b2751c0e9166b494d4697,2014-10,Northumbria Police,Northumbria Police,-1.678359,55.159253,On or near SHIELDS ROAD,E01027461,Northumberland 016E,Investigation complete; no suspect identified
4034368c13654e27e10f272c68c836aed453021ea90c5a8e3de4e37cde9a6f99,2014-10,Northumbria Police,Northumbria Police,-1.400505,54.871676,On or near LORD STREET,E01008805,Sunderland 027C,Suspect charged
bcee49c1cbb69a5f0b35ee14d9196ae52f40d4a794ecd8589c3e7b6e4316f2b5,2014-10,Northumbria Police,Northumbria Police,-1.541108,54.882704,On or near LABURNUM AVENUE,E01008866,Sunderland 025G,Investigation complete; no suspect identified
4634d0b12d4fc7824bc31367c4001de84cc5dbc384f337900b95fb8ee067ce26,2014-10,Northumbria Police,Northumbria Police,-1.606067,54.980927,On or near Parking Area,E01008407,Newcastle upon Tyne 023B,Investigation complete; no suspect identified
24ba18eafe11d47f52bb05a3db5661bf4a258d67ea57d594f7b265ddb576a63f,2014-10,Northumbria Police,Northumbria Police,-1.545751,54.899499,On or near RAGLAN,E01008869,Sunderland 020C,Investigation complete; no suspect identified
1637e824cb250c4c913120051c09d6a52eb2d2a4fda64b64b25d0dc8163c3185,2014-10,Northumbria Police,Northumbria Police,-1.552138,54.898660,On or near Pedestrian Subway,E01008872,Sunderland 020F,Investigation complete; no suspect identified
600c55cb68fe772f71f5af6f3d45dae2fbc8c78784c382230f2fbe36637394ad,2014-10,Northumbria Police,Northumbria Police,-1.380244,54.905453,On or near ATHENAEUM STREET,E01008703,Sunderland 013B,Investigation complete; no suspect identified
cb5b863799b5bebd7d1392aeb3f033e5196f41fed326529186d52506b39d0da0,2014-10,Northumbria Police,Northumbria Police,-1.513285,55.124362,On or near CYPRESS GARDENS,E01027414,Northumberland 023A,Investigation complete; no suspect identified
1505259943b338ae00df0907bd1c5fa18d2768f56996dc3a9062641ea845a619,2014-10,Northumbria Police,Northumbria Police,-1.520116,55.132674,On or near POPLAR AVENUE,E01027416,Northumberland 022C,Suspect charged
f7e8bad7fcc84930c0bd7c2612dc7e7713e549a8fc3e30ab97ab4f607bd9c504,2014-10,Northumbria Police,Northumbria Police,-1.593355,54.921423,On or near Supermarket,E01008189,Gateshead 023A,Suspect charged
b92a19a5099ad720c958dd82295860f025f171dc85a432e6c7e731b9ec7c9c82,2014-10,Northumbria Police,Northumbria Police,-1.605824,54.969065,On or near KING STREET,E01033553,Newcastle upon Tyne 023H,Investigation complete; no suspect identified
64eec25ecad45ecec48073d1ebc7aaecced10d7b6bf181027851374b3c8876c2,2014-10,Northumbria Police,Northumbria Police,-1.643921,54.951524,On or near DIXON PLACE,E01008211,Gateshead 013D,Investigation complete; no suspect identified
98e6e39769519b9590541642c4f3b5ef6bf3b66ab5df1c8313258b228566e57e,2014-10,Northumbria Police,Northumbria Police,-1.451552,54.821332,On or near PEMBERTON STREET,E01008742,Sunderland 035C,Investigation complete; no suspect identified
34f0cd4c0c1ca69a9ff13565d9d473c5d5788dd3fa8718c5be017d5d70f19ffc,2014-10,Northumbria Police,Northumbria Police,-1.718579,54.956815,On or near SPRINGFIELD ROAD,E01008178,Gateshead 004A,Investigation complete; no suspect identified
cf31efc6bb1d3259239d0d7b7c8b7dca46284715ad3dc44dfa8d1800d425cbe8,2014-10,Northumbria Police,Northumbria Police,-1.616515,54.981518,On or near CLAREMONT ROAD,E01008397,Newcastle upon Tyne 024C,Suspect charged
86303c8c0aa0729f30ddbde4eca1f4b8e2a8cd6cccfdb33ac0af0883baf665d2,2014-10,Northumbria Police,Northumbria Police,-1.612959,54.972619,On or near Nightclub,E01033543,Newcastle upon Tyne 024G,Suspect charged
0334db9ee3ee701ef3a3af12a7fead619060ded2ae26b00d5c23ebb785eee25b,2014-10,Northumbria Police,Northumbria Police,-1.615435,54.971836,On or near Nightclub,E01033543,Newcastle upon Tyne 024G,Investigation complete; no suspect identified
58ad47b960565fbb58019a620d93765bf5b6c4164675243cc3e8e84fef27d626,2014-10,Northumbria Police,Northumbria Police,-1.565784,54.992706,On or near TUDOR WYND,E01008363,Newcastle upon Tyne 012E,Suspect charged
ea3738f728c5322415505bd092d64f9dfdd27ffdd1b7da6a230a7a5f4519db38,2014-10,Northumbria Police,Northumbria Police,-1.566489,55.021527,On or near STATION ROAD NORTH,E01008470,North Tyneside 014A,Suspect charged
2a3bb7bdaf174c22920534c4a254e4812d6e383f8c0874c7aa169f7d6b62c4cb,2014-10,Northumbria Police,Northumbria Police,-1.451552,54.821332,On or near PEMBERTON STREET,E01008742,Sunderland 035C,Investigation complete; no suspect identified
494e193f742dd1c080e2bca83de33789aacfe322041b0b9f86c1df241a74aaf4,2014-10,Northumbria Police,Northumbria Police,-1.674806,54.993801,On or near GISHFORD WAY,E01008299,Newcastle upon Tyne 011D,Investigation complete; no suspect identified
4fe29aa335c6ae179eb4c5e6e4d390cdea336455352f09695fadee665f631936,2014-10,Northumbria Police,Northumbria Police,-1.610914,55.008090,On or near OSWALD WALK,E01008354,Newcastle upon Tyne 005B,Investigation complete; no suspect identified
57d81581c9a21a3ca22d23dee48c79f40fb3738d878fdea718d50a3e1af7d265,2014-10,Northumbria Police,Northumbria Police,-1.654939,54.995894,On or near MOORVALE LANE,E01008380,Newcastle upon Tyne 008G,Investigation complete; no suspect identified
ac62ebfcd064e9ddacd2691ae84c24b838f56210371d60ba019c2a42cc76f195,2014-10,Northumbria Police,Northumbria Police,-1.491850,55.004336,On or near A19,E01008481,North Tyneside 023A,Suspect charged
ac62ebfcd064e9ddacd2691ae84c24b838f56210371d60ba019c2a42cc76f195,2014-10,Northumbria Police,Northumbria Police,-1.491850,55.004336,On or near A19,E01008481,North Tyneside 023A,Suspect charged
c2184d7878e85180ea931b621fd4edf851f339d6ad3ceccc32f067a6d2db885d,2014-10,Northumbria Police,Northumbria Police,-1.501158,54.992485,On or near QUAY VIEW,E01008543,North Tyneside 028C,Investigation complete; no suspect identified
060b12f67349c8cd45ad6768e19db0cd43ed197d9647bf4cc9a6d5ddbcd76c4e,2014-10,Northumbria Police,Northumbria Police,-1.675016,54.985291,On or near NURSERY GARDENS,E01008344,Newcastle upon Tyne 019B,Investigation complete; no suspect identified
eb3c10b78f2327a903d2dd740289d4ccf9248658b908155be810fab5ef9dcae0,2014-10,Northumbria Police,Northumbria Police,-1.446306,54.978319,On or near A194,E01008672,South Tyneside 012D,Investigation complete; no suspect identified
439663d01880cf549e745deaa432f5f655ae62de0d39774f6263e1c835e6828d,2014-10,Northumbria Police,Northumbria Police,-1.665743,55.080133,On or near LEGGES DRIVE,E01027473,Northumberland 015D,Investigation complete; no suspect identified
36b30ce656e5ddf4c4c8eee239f835528a1c037103c733dc67e737b9df429f3b,2014-10,Northumbria Police,Northumbria Police,-1.576488,55.079020,On or near CARLCROFT PLACE,E01027394,Northumberland 031A,Investigation complete; no suspect identified
c8aa22d7cd427be9414a9f210ebae82366e9abc020ebe8d8645838abea9b4c50,2014-10,Northumbria Police,Northumbria Police,-1.606291,54.945279,On or near Park/Open Space,E01008255,Gateshead 010E,Investigation complete; no suspect identified
60f9ae45f047b07a30b778ad68e4cac6923024028366b3692b22f3b7a9ffe4a1,2014-10,Northumbria Police,Northumbria Police,-1.594571,54.971274,On or near QUAYSIDE,E01033548,Newcastle upon Tyne 023G,Investigation complete; no suspect identified
29e6ceffbd77fbe4492fd81498abb578527398d9dce6978956dfa8c9fc4e2f85,2014-10,Northumbria Police,Northumbria Police,-1.626590,55.005434,On or near BROOMFIELD ROAD,E01008419,Newcastle upon Tyne 006E,Suspect charged
9fb31cf63bfe27b508e94c259fadcc2e26e20acb80f33511929062c05413dc64,2014-10,Northumbria Police,Northumbria Police,-1.639652,55.011593,On or near JUBILEE ROAD,E01008336,Newcastle upon Tyne 003A,Suspect charged
14db5bd28f5ef3920fe3bc168002b8b44efeb456025064ebfe8e34bac91dd78f,2014-10,Northumbria Police,Northumbria Police,-1.564273,54.976310,On or near SCARBOROUGH ROAD,E01008392,Newcastle upon Tyne 026F,Investigation complete; no suspect identified
700e09b9053157f33025534bc34bb97ce52cc5e92238f734b1bc7843fe0de367,2014-10,Northumbria Police,Northumbria Police,-1.610818,54.976009,On or near NORTH STREET,E01008397,Newcastle upon Tyne 024C,Investigation complete; no suspect identified
5f84dd88ecf1617f560b015c3dc3fbcc23f7c5954fbf6e6e1e74f6a6d309c904,2014-10,Northumbria Police,Northumbria Police,-1.491834,54.874348,On or near WEARDALE CRESCENT,E01008800,Sunderland 030D,Investigation complete; no suspect identified
f195beec086280fffbda89ed257feacdfb9217252eceafa0e6cd07cfacad5a70,2014-10,Northumbria Police,Northumbria Police,-1.459530,55.037230,On or near MAPLE AVENUE,E01008554,North Tyneside 009C,Investigation complete; no suspect identified
889974374e326bdbf727a7ccffd8a0c3c226732af7d50513acab45c74a912a73,2014-10,Northumbria Police,Northumbria Police,-1.615435,54.971836,On or near Nightclub,E01033543,Newcastle upon Tyne 024G,Local resolution
39faa67615d7edab308db69ca593fa2d5e1b94c7fdbec0b044922a48f0c39066,2014-10,Northumbria Police,Northumbria Police,-1.629495,54.951400,On or near A1114,E01008259,Gateshead 007D,Investigation complete; no suspect identified
fbfdd7661c600a0e4ad1841a590d3a313e53422e260b0bfe6801130fa22c5d40,2014-10,Northumbria Police,Northumbria Police,-1.387978,54.903462,On or near ALBION PLACE,E01008831,Sunderland 013D,Suspect charged
14229fcb682db8f9e7db762c21ec06c1a969b524f2055c5c48cdc9214f20555e,2014-10,Northumbria Police,Northumbria Police,-1.387978,54.903462,On or near ALBION PLACE,E01008831,Sunderland 013D,Suspect charged
788fa07ea65e188c257d2c143763caec8b3c2c46e5abab5d3e4864ff0d1686c2,2014-10,Northumbria Police,Northumbria Police,-1.381905,54.917126,On or near Shopping Area,E01008787,Sunderland 006B,Investigation complete; no suspect identified
d5cf24009c9541edf0aee3dc85cdac2c7292798ec28df0c32da88375c6bd7b91,2014-10,Northumbria Police,Northumbria Police,-1.610047,54.923257,On or near ELEVENTH AVENUE,E01008226,Gateshead 025D,Investigation complete; no suspect identified
86b9842161c78f8ed3cd48af9ac91844fe0b0621c2738f118d30de62fd802836,2014-10,Northumbria Police,Northumbria Police,-1.673703,54.973750,On or near BENWELL LANE,E01008288,Newcastle upon Tyne 027A,Investigation complete; no suspect identified
31f1797d6b0ace81e05acacaeeccfa08ca918a01792ce3a1bb5bb806bf327e25,2014-10,Northumbria Police,Northumbria Police,-1.574702,55.027299,On or near THE LIMES,E01008499,North Tyneside 014B,Suspect charged
88b4c26eaac413d75429f33dd4a89634e2771276f88159b52a0821181ccbd24b,2014-10,Northumbria Police,Northumbria Police,-1.565856,55.184236,On or near Parking Area,E01027528,Northumberland 010A,Investigation complete; no suspect identified
7479ee647a4500817e702544073b9f4dd4c4f94e84ffa7408bde03c7a7a9ddf7,2014-10,Northumbria Police,Northumbria Police,-1.440475,54.896436,On or near Shopping Area,E01008810,Sunderland 014A,Suspect charged as part of another case
09cd6544acba288d2bd3fed128f53c10b078f504d8f1a75dc374dec56d79f076,2014-10,Northumbria Police,Northumbria Police,-1.482747,54.992498,On or near MITFORD STREET,E01008540,North Tyneside 027B,Investigation complete; no suspect identified
46d820711e3152c97d33bc5794133f7c2e70962a3b3d8ac26d263fbe2efd532c,2014-10,Northumbria Police,Northumbria Police,-1.633038,54.975575,On or near STANHOPE STREET,E01008399,Newcastle upon Tyne 024D,Investigation complete; no suspect identified
4207caa1192b584f754394ad2cc3582f5997f1b3cca7f88cab4bfdd31af301fe,2014-10,Northumbria Police,Northumbria Police,-1.828390,54.981677,On or near HOLEYN HALL ROAD,E01027513,Northumberland 036D,Investigation complete; no suspect identified
7a78aa2a5f32d875989a489392e14877ba8593ea0c082b7d3e92cd61c1ef660d,2014-10,Northumbria Police,Northumbria Police,-1.640908,54.977728,On or near BRIGHTON GROVE,E01033556,Newcastle upon Tyne 022H,Investigation complete; no suspect identified
8a859742d9854015176db32b960ba3efa28886be5791ed7f149a9373afb5aa4c,2014-10,Northumbria Police,Northumbria Police,-1.541180,54.986074,On or near EASTFIELD AVENUE,E01008436,Newcastle upon Tyne 020F,Suspect charged
8a859742d9854015176db32b960ba3efa28886be5791ed7f149a9373afb5aa4c,2014-10,Northumbria Police,Northumbria Police,-1.541180,54.986074,On or near EASTFIELD AVENUE,E01008436,Newcastle upon Tyne 020F,Suspect charged
af6761023767fda8e3e2880be0aa6c01914714a79688dda80afb74046ed0d6e7,2014-10,Northumbria Police,Northumbria Police,-1.681843,55.005250,On or near HEDGEHOPE ROAD,E01008459,Newcastle upon Tyne 004E,Investigation complete; no suspect identified
ef77045a763fb4f2d6c3f9f1e34c603f8914d9d2ac24ea0bdf0e0c49cb17bd9f,2014-10,Northumbria Police,Northumbria Police,-1.415734,54.884286,On or near PERTH ROAD,E01008828,Sunderland 023F,Investigation complete; no suspect identified
d2b3bf74b7bcc77a6b6647a003beaa03e7522934908565bac843a7572eb7d67c,2014-10,Northumbria Police,Northumbria Police,-1.481359,54.868462,On or near B1286,E01008801,Sunderland 030E,Investigation complete; no suspect identified
f21fba01482f060f105bf84718da1729bf68159d8c3b89200ddcca042f76e69a,2014-10,Northumbria Police,Northumbria Police,-1.378711,54.897645,On or near MOWBRAY CLOSE,E01008735,Sunderland 016B,Offender given a caution
ba92f5508daf8f8a6a7701d9da870f20d80e49bfb4a7f840fc7457a070c3b0c7,2014-10,Northumbria Police,Northumbria Police,-1.574607,55.178067,On or near KIELDER DRIVE,E01027527,Northumberland 012D,Suspect charged
547f63813aee0f2f2248c19b6ef05bf3a9690e9c12974952b79db6aa1120a996,2014-10,Northumbria Police,Northumbria Police,-1.569916,54.926285,On or near SPRINGWELL ROAD,E01008218,Gateshead 021A,Investigation complete; no suspect identified
e339260e96a9b0b036f3b884238b3ffbc3d754a958aa0704466a790b2881f756,2014-10,Northumbria Police,Northumbria Police,-1.470724,55.014140,On or near MOWBRAY ROAD,E01008486,North Tyneside 020A,Suspect charged
0c3cf66133e40c5285c850000d5d8c142a79cc99e2cb5249dd269a706bf02e0b,2014-10,Northumbria Police,Northumbria Police,-1.442540,55.014481,On or near LINSKILL TERRACE,E01008559,North Tyneside 017C,Suspect charged
d6bf90b75b60e6465e5f95a225f04d49d2bda5e42d8b0065827c85b2876210a6,2014-10,Northumbria Police,Northumbria Police,-1.470724,55.014140,On or near MOWBRAY ROAD,E01008486,North Tyneside 020A,Suspect charged
ca4389ffa5d3b8f6a641b7408fa3b499b3393c6802947527b01a4e80eae20a38,2014-10,Northumbria Police,Northumbria Police,-1.437026,54.973784,On or near ESKDALE STREET,E01008591,South Tyneside 011B,Offender given a caution
8b504f1e97a3e74b6c44b46edceb88bbda9b48b98417d73808d857fc96307465,2014-10,Northumbria Police,Northumbria Police,-1.604071,54.972537,On or near PANDON BANK,E01033553,Newcastle upon Tyne 023H,Offender given penalty notice
a1db18754035a211df6976cf73ac1c2579430c2764465e72f65dc9c0df7c0325,2014-10,Northumbria Police,Northumbria Police,-1.379985,54.907070,On or near FREDERICK ROAD,E01008703,Sunderland 013B,Investigation complete; no suspect identified
55ec6e7a93688e3ccb4bc50c683e2e303fba8f7cf748faa441224445cb204a77,2014-10,Northumbria Police,Northumbria Police,-1.615435,54.971836,On or near Nightclub,E01033543,Newcastle upon Tyne 024G,Investigation complete; no suspect identified
010710e6ef59af0a1bbf771663042f3936910d959a5a21afca85b63a75934362,2014-10,Northumbria Police,Northumbria Police,-1.612569,54.944994,On or near BARRY STREET,E01008254,Gateshead 010D,Investigation complete; no suspect identified
c7ec997cdba7f951537ee8376d4e22fbaed914af16476d685dc7d43dbdf4f431,2014-10,Northumbria Police,Northumbria Police,-1.482779,54.982649,On or near FRIAR WAY,E01008604,South Tyneside 007B,Investigation complete; no suspect identified
5a6db31bdb6fdd5771f42cfa1d1a58c42023a6e02c2766aba20a570954732e73,2014-10,Northumbria Police,Northumbria Police,-1.387978,54.903462,On or near ALBION PLACE,E01008831,Sunderland 013D,Offender given a caution
dc04f37b5132c525903719556f621bec659b45e44729ee7687385fcc2b2cd594,2014-10,Northumbria Police,Northumbria Police,-1.387315,54.902964,On or near MARY STREET,E01008831,Sunderland 013D,Offender given a caution
f60c51f3930336e7e294b0203cb1b7d0c4b77811f55f248b1bc7a7894b3e1ac1,2014-10,Northumbria Police,Northumbria Police,-1.587882,55.131709,On or near Sports/Recreation Area,E01027515,Northumberland 020A,Suspect charged
e6cd2d6bf355543f989873c9e1181168f57278a43cc126ee6adc7ffe8c7630ce,2014-10,Northumbria Police,Northumbria Police,-1.447484,55.008618,On or near Supermarket,E01008524,North Tyneside 022B,Suspect charged
4fcd21f656c9750ce58ee861e83d7c89d1803c851133291c7dc79beb8cf44241,2014-10,Northumbria Police,Northumbria Police,-1.451552,54.821332,On or near PEMBERTON STREET,E01008742,Sunderland 035C,Suspect charged
27b1bd3139eb458596981b02c5145433575a5c7609b5aac45ffb38f25cd01c1c,2014-10,Northumbria Police,Northumbria Police,-1.447484,55.008618,On or near Supermarket,E01008524,North Tyneside 022B,Suspect charged
11bfb3a54bdd3ad8abe07dd4c490ac27b7f46ae1da99c54263112d03ac7b5481,2014-10,Northumbria Police,Northumbria Police,-1.377618,54.904847,On or near BOROUGH ROAD,E01008836,Sunderland 016F,Investigation complete; no suspect identified
9f3461c77dc4561808224335b7f80500e8acfc10d901dc7e40c234d82baa8fb7,2014-10,Northumbria Police,Northumbria Police,-1.617120,54.978617,On or near EDWARD'S WALK,E01008397,Newcastle upon Tyne 024C,Suspect charged
33cf7805ef27e71b674f6d7f4e6225189ac48b3bb07130fbd6cba74eee93e435,2014-10,Northumbria Police,Northumbria Police,-1.617120,54.978617,On or near EDWARD'S WALK,E01008397,Newcastle upon Tyne 024C,Suspect charged
3da0cffb9645db9ff0fb17f143319f08b767ec34cb08093af65740c454cd9c17,2014-10,Northumbria Police,Northumbria Police,-1.574034,54.893904,On or near Pedestrian Subway,E01008175,Gateshead 026D,Investigation complete; no suspect identified
01f0efc1d45c5de6265e5d95047063f13d812ca15d57175d20c82faaa9236a9a,2014-10,Northumbria Police,Northumbria Police,-1.503366,54.845100,On or near A1052,E01008755,Sunderland 033E,Suspect charged
01f0efc1d45c5de6265e5d95047063f13d812ca15d57175d20c82faaa9236a9a,2014-10,Northumbria Police,Northumbria Police,-1.503366,54.845100,On or near A1052,E01008755,Sunderland 033E,Suspect charged
7340c5c62a66a0211a8570494b92ffebc4fbe92d9b4d6f3ba4c7b49157aaaf09,2014-10,Northumbria Police,Northumbria Police,-1.374437,54.907796,On or near CORK STREET,E01008702,Sunderland 016A,Suspect charged
7340c5c62a66a0211a8570494b92ffebc4fbe92d9b4d6f3ba4c7b49157aaaf09,2014-10,Northumbria Police,Northumbria Police,-1.374437,54.907796,On or near CORK STREET,E01008702,Sunderland 016A,Investigation complete; no suspect identified
43bc5e87e470909835e15c78fed81a1660838fc2c4727e3dd322ec63958de613,2014-10,Northumbria Police,Northumbria Police,-1.507127,55.125200,On or near UNION STREET,E01027414,Northumberland 023A,Suspect charged
9d19ef0a08909f6af15cfb50fd412a20368b78853ceb3ba804ae5ffd6db30091,2014-10,Northumbria Police,Northumbria Police,-1.672527,54.983937,On or near ABBOTSMEADE CLOSE,E01008344,Newcastle upon Tyne 019B,Investigation complete; no suspect identified
a4441584e95ef204df7909df83e936d7352013b0805e462e0b65f940dbb1e698,2014-10,Northumbria Police,Northumbria Police,-1.448737,55.009558,On or near WEST PERCY STREET,E01008524,North Tyneside 022B,Suspect charged
4ccf8ed15e024d9bd62fc6f678f01eea7ba6bf83b78a81bb0749562419399b07,2014-10,Northumbria Police,Northumbria Police,-1.661168,55.013479,On or near Supermarket,E01008295,Newcastle upon Tyne 008A,Offender given a caution
5ed2a74c6f3e8f51f78c9749b1202ccd639bb4be8ea484403e80e4c1045a079c,2014-10,Northumbria Police,Northumbria Police,-1.435244,55.037335,On or near Supermarket,E01008496,North Tyneside 010B,Suspect charged
a1489c1c0c3c5d83c2127c8529cb63cf6bd3fe794609de22a8e0e461fdead8f1,2014-10,Northumbria Police,Northumbria Police,-1.488663,54.851527,On or near HOLYSTONE CLOSE,E01008751,Sunderland 033B,Investigation complete; no suspect identified
490236f315428a3e55aa950ef398377a23853521fe93ba3509fa59190b4e3418,2014-10,Northumbria Police,Northumbria Police,-1.512558,55.185302,On or near WOODHORN LANE,E01027541,Northumberland 009A,Suspect charged
7ac1830081e28858545794d554705338a192e01286390f84a0d809bf3959dc56,2014-10,Northumbria Police,Northumbria Police,-1.649286,54.973718,On or near WESTERN DRIVE,E01008333,Newcastle upon Tyne 029C,Investigation complete; no suspect identified
9e256e705f17c39762166454152958ebd16eea1588b00c34237be3b0f75d910e,2014-10,Northumbria Police,Northumbria Police,-1.675530,54.979658,On or near Sports/Recreation Area,E01008288,Newcastle upon Tyne 027A,Investigation complete; no suspect identified
45e501a80a33d22f4937c27a90fae0196e1b7a76d7a9a74240a08cf56e167965,2014-10,Northumbria Police,Northumbria Police,-1.519158,55.187593,On or near WOODHORN ROAD,E01027541,Northumberland 009A,Suspect charged
ef87aa235627b607e79b4e47133383555d3a023b063d60b894f254ca8a2d6996,2014-10,Northumbria Police,Northumbria Police,-1.552718,54.970130,On or near MINDRUM TERRACE,E01008426,Newcastle upon Tyne 028C,Investigation complete; no suspect identified
1692c58956a0c5dd7e58c197b5a810e01611500f441125e70fadeb83d2c4ffd0,2014-10,Northumbria Police,Northumbria Police,-1.532418,54.991046,On or near SYCAMORE STREET,E01008573,North Tyneside 029B,Investigation complete; no suspect identified
8e68209067bc476826dfc4aa493b71b89e0715e0594b0a403ea4f1f781e3dad8,2014-10,Northumbria Police,Northumbria Police,-1.668802,54.984565,On or near DISSINGTON PLACE,E01008347,Newcastle upon Tyne 019E,Offender given a caution
18c495f5642a102350d830c3a9c4eae9d4052b6473ba1ea66c81c3de59869209,2014-10,Northumbria Police,Northumbria Police,-1.472828,55.019504,On or near ACTON DRIVE,E01008487,North Tyneside 020B,Suspect charged
58ed3c75306bb56562cdb02719f1eb0b0cf745d8a8b1edc8029f5ce08f07daf3,2014-10,Northumbria Police,Northumbria Police,-1.496146,54.895978,On or near BECKFORD,E01008850,Sunderland 017D,Investigation complete; no suspect identified
25172e3ab36c2dc4a33aecb75510fece6c094c2d17b1e690ad80a55a7ba8519e,2014-10,Northumbria Police,Northumbria Police,-1.381302,54.923953,On or near MORAY STREET,E01008788,Sunderland 006C,Investigation complete; no suspect identified
355cb695c06b270c2f5aee783f0cf62445655b3d19422b81211c3fc7fcb51c31,2014-10,Northumbria Police,Northumbria Police,-1.436313,55.003516,On or near MILE END ROAD,E01008599,South Tyneside 001E,Suspect charged
355cb695c06b270c2f5aee783f0cf62445655b3d19422b81211c3fc7fcb51c31,2014-10,Northumbria Police,Northumbria Police,-1.436313,55.003516,On or near MILE END ROAD,E01008599,South Tyneside 001E,Suspect charged
6fe1c07b2dba7303913f3495f1d72d1f9f37124cb19915f6197386ec72e2500a,2014-10,Northumbria Police,Northumbria Police,-1.688583,54.970769,On or near SHAFTO STREET,E01033547,Newcastle upon Tyne 025E,Suspect charged
6fe1c07b2dba7303913f3495f1d72d1f9f37124cb19915f6197386ec72e2500a,2014-10,Northumbria Police,Northumbria Police,-1.688583,54.970769,On or near SHAFTO STREET,E01033547,Newcastle upon Tyne 025E,Suspect charged
647261067829397a03806a9e03736772f13d42898a2bf39b50bdf5bde1c5e657,2014-10,Northumbria Police,Northumbria Police,-1.635428,55.015274,On or near WANSBECK ROAD NORTH,E01008336,Newcastle upon Tyne 003A,Suspect charged
647261067829397a03806a9e03736772f13d42898a2bf39b50bdf5bde1c5e657,2014-10,Northumbria Police,Northumbria Police,-1.635428,55.015274,On or near WANSBECK ROAD NORTH,E01008336,Newcastle upon Tyne 003A,Suspect charged
15bb500d6d39ef8aeae76a7587cdb4ed0ebdbf6b0678e38f70344cfe2a796905,2014-10,Northumbria Police,Northumbria Police,-1.419622,54.913134,On or near Shopping Area,E01008762,Sunderland 012B,Investigation complete; no suspect identified
1451c367d7f1f39c515cb7cf0dce0d2195c712474edc2b77cda44bfb231b02cf,2014-10,Northumbria Police,Northumbria Police,-1.488778,54.998778,On or near TYNEMOUTH ROAD,E01008510,North Tyneside 026C,Suspect charged
77c93844f130d3c77340ac98fb8da5aa51026973ff17d83f175bcdfe0f983e7b,2014-10,Northumbria Police,Northumbria Police,-1.372290,54.914498,On or near LIBERTY WAY,E01008791,Sunderland 006F,Suspect charged
77c93844f130d3c77340ac98fb8da5aa51026973ff17d83f175bcdfe0f983e7b,2014-10,Northumbria Police,Northumbria Police,-1.372290,54.914498,On or near LIBERTY WAY,E01008791,Sunderland 006F,Suspect charged
77c93844f130d3c77340ac98fb8da5aa51026973ff17d83f175bcdfe0f983e7b,2014-10,Northumbria Police,Northumbria Police,-1.372290,54.914498,On or near LIBERTY WAY,E01008791,Sunderland 006F,Investigation complete; no suspect identified
6272ba524098765d9ebe026a9771cf8efdb67c6486399a3cb9bb9e1c2b4deca1,2014-10,Northumbria Police,Northumbria Police,-1.600238,54.984125,On or near JESMOND ROAD,E01008367,Newcastle upon Tyne 017A,Investigation complete; no suspect identified
3a09d1d6e254b213e36f21da49d04b95d6ec43adbaa9f17453e2602d78eaabb8,2014-10,Northumbria Police,Northumbria Police,-1.621934,54.968460,On or near WESTMORLAND ROAD,E01033545,Newcastle upon Tyne 024H,Investigation complete; no suspect identified
f6816d2e221f98c0221e41c822160f973688eeee10d797e4537df4fdaa0015bd,2014-10,Northumbria Police,Northumbria Police,-1.379858,54.880820,On or near Hospital,E01008780,Sunderland 024D,Suspect charged
317ef3ba83b85f20dece56448c1039ef8e84f62dbe7e94a14ecafc5223de1854,2014-10,Northumbria Police,Northumbria Police,-1.619191,55.015755,On or near LINTHORPE ROAD,E01008358,Newcastle upon Tyne 002E,Suspect charged
317ef3ba83b85f20dece56448c1039ef8e84f62dbe7e94a14ecafc5223de1854,2014-10,Northumbria Police,Northumbria Police,-1.619191,55.015755,On or near LINTHORPE ROAD,E01008358,Newcastle upon Tyne 002E,Suspect charged
317ef3ba83b85f20dece56448c1039ef8e84f62dbe7e94a14ecafc5223de1854,2014-10,Northumbria Police,Northumbria Police,-1.619191,55.015755,On or near LINTHORPE ROAD,E01008358,Newcastle upon Tyne 002E,Suspect charged
317ef3ba83b85f20dece56448c1039ef8e84f62dbe7e94a14ecafc5223de1854,2014-10,Northumbria Police,Northumbria Police,-1.619191,55.015755,On or near LINTHORPE ROAD,E01008358,Newcastle upon Tyne 002E,Suspect charged
317ef3ba83b85f20dece56448c1039ef8e84f62dbe7e94a14ecafc5223de1854,2014-10,Northumbria Police,Northumbria Police,-1.619191,55.015755,On or near LINTHORPE ROAD,E01008358,Newcastle upon Tyne 002E,Suspect charged
317ef3ba83b85f20dece56448c1039ef8e84f62dbe7e94a14ecafc5223de1854,2014-10,Northumbria Police,Northumbria Police,-1.619191,55.015755,On or near LINTHORPE ROAD,E01008358,Newcastle upon Tyne 002E,Suspect charged
317ef3ba83b85f20dece56448c1039ef8e84f62dbe7e94a14ecafc5223de1854,2014-10,Northumbria Police,Northumbria Police,-1.619191,55.015755,On or near LINTHORPE ROAD,E01008358,Newcastle upon Tyne 002E,Suspect charged
6bf48aa40e1f321b5db608765af1e114e188ad1780e4f7f46c363f5cd638fdc4,2014-10,Northumbria Police,Northumbria Police,-1.602893,54.990649,On or near GROSVENOR PLACE,E01008367,Newcastle upon Tyne 017A,Offender given a caution
0267c64d2e21f535bca5079cbf1ca5693536ddd4ce428c64b21ff1c565426c0f,2014-10,Northumbria Police,Northumbria Police,-1.615322,54.972222,On or near NUN STREET,E01033543,Newcastle upon Tyne 024G,Offender given a caution
16de22f1d559baaccd7af05410d4f3deeacd30a5566ec112d213ee4dd90c3c94,2014-10,Northumbria Police,Northumbria Police,-1.454538,54.946185,On or near DON VIEW,E01008610,South Tyneside 021A,Investigation complete; no suspect identified
d698155ba887586585dbf935f904abcdb759f9092599c27c50ba0df313a6adbb,2014-10,Northumbria Police,Northumbria Police,-1.655752,54.970249,On or near Supermarket,E01008332,Newcastle upon Tyne 029B,Offender given a caution
dd05971e67c40f1438a87f1ddf256a4b5179f589178adbbd65d1a0d79fb001b4,2014-10,Northumbria Police,Northumbria Police,-1.525606,54.904652,On or near BOSTON AVENUE,E01008844,Sunderland 019B,Investigation complete; no suspect identified
f0cf198b450354d994b1d78ac20fd688cfe601ede335dedd1cb3a61b948f7243,2014-10,Northumbria Police,Northumbria Police,-1.387978,54.903462,On or near ALBION PLACE,E01008831,Sunderland 013D,Suspect charged
b82e68f13388ea05a1cfbe6072e7e55b28e8e9bb8731131e1d2ed60d373022a8,2014-10,Northumbria Police,Northumbria Police,-1.608599,54.972785,On or near CARLIOL SQUARE,E01033543,Newcastle upon Tyne 024G,Offender given a caution
686455a269b0609c636cfc44f5101cbc753381254c1ee013512b3627b7de7962,2014-10,Northumbria Police,Northumbria Police,-1.405870,54.878820,On or near SOMERSET STREET,E01008803,Sunderland 027A,Suspect charged
8b2b7a43d124164d5f588ce729a752a17031619ab51b9edeac874464d3996f7c,2014-10,Northumbria Police,Northumbria Police,-1.587066,54.984072,On or near Park/Open Space,E01008410,Newcastle upon Tyne 023D,Offender given a drugs possession warning
e0bda398ba1402e1e9220bba6657539ac70384e81dd78c35e68e4525fd490585,2014-10,Northumbria Police,Northumbria Police,-1.427691,54.927128,On or near ROSEMARY ROAD,E01008822,Sunderland 004E,Investigation complete; no suspect identified
c96670ba261e1d7d00f1e9e6dfb179242691dd852574266b9ec5c8e6215b15c4,2014-10,Northumbria Police,Northumbria Police,-1.396449,54.896009,On or near BRAESIDE,E01008781,Sunderland 022B,Investigation complete; no suspect identified
e8b257bdb361134289f1d68e3c447a09549c06068f7f11eabb858973c01b69de,2014-10,Northumbria Police,Northumbria Police,-1.550840,54.906033,On or near WESTERNMOOR,E01008873,Sunderland 010A,Investigation complete; no suspect identified
dcd90d28b0c1bc39642550257204a8691ec7ebe953bbfbacde66ae7026d4462d,2014-10,Northumbria Police,Northumbria Police,-1.612569,54.944994,On or near BARRY STREET,E01008254,Gateshead 010D,Investigation complete; no suspect identified
5a2904c802de80357fdff06d949c0ec771e21a0205fcf9c0bd26b934ddc09743,2014-10,Northumbria Police,Northumbria Police,-1.604123,55.006972,On or near COMMERCIAL ROAD,E01008424,Newcastle upon Tyne 005F,Investigation complete; no suspect identified
70178b3c02e8ff05e886e1cd411fd97e526fae49cc3be3efb8a008ee450120f2,2014-10,Northumbria Police,Northumbria Police,-1.616721,54.974644,On or near Shopping Area,E01008397,Newcastle upon Tyne 024C,Suspect charged
86dab34627f0aa6fd4be9169a66d97fe546b1544c02bc59e83940d4942c28e54,2014-10,Northumbria Police,Northumbria Police,-1.616721,54.974644,On or near Shopping Area,E01008397,Newcastle upon Tyne 024C,Suspect charged
9bd1611601ce8f8ae748e4f222a0945598ebbaf47b28f9870fb5c71df0976309,2014-10,Northumbria Police,Northumbria Police,-1.634707,54.968975,On or near GLOUCESTER TERRACE,E01008439,Newcastle upon Tyne 024E,Suspect charged
d44420b551fee115f81d12961c0da9a3a5d6f19c32674ad9568c7110cfcde722,2014-10,Northumbria Police,Northumbria Police,-1.666049,54.928420,On or near STREET GATE PARK,E01008272,Gateshead 019E,Investigation complete; no suspect identified
c88d26468a989929e1f10549a9d490a8cf396ea36578836834b823e19c70d2a0,2014-10,Northumbria Police,Northumbria Police,-1.603407,55.005065,On or near MILL RISE,E01008424,Newcastle upon Tyne 005F,Suspect charged as part of another case
c88d26468a989929e1f10549a9d490a8cf396ea36578836834b823e19c70d2a0,2014-10,Northumbria Police,Northumbria Police,-1.603407,55.005065,On or near MILL RISE,E01008424,Newcastle upon Tyne 005F,Suspect charged as part of another case
61e489baeb45d8ad66e1d7a0d95b3709fd326cb2087945d85a73fd8c0e00cf0e,2014-10,Northumbria Police,Northumbria Police,-1.510661,55.127370,On or near Supermarket,E01027415,Northumberland 023B,Suspect charged
f49dff962d177676cbc3f53b431189fdf39f4d281fb8812f7f1f9e6d74b1c854,2014-10,Northumbria Police,Northumbria Police,-1.508279,55.127172,On or near BRIDGE STREET,E01027415,Northumberland 023B,Suspect charged
11ba98d711e7d98887fe04c9061ee80a80c650603e162196a490b635da65ab31,2014-10,Northumbria Police,Northumbria Police,-1.481901,54.984111,On or near WATSON STREET,E01008604,South Tyneside 007B,Investigation complete; no suspect identified
fe34c2b608d8c4aa706357f1e20571049530370cb4adee81c02f3524d5df7707,2014-10,Northumbria Police,Northumbria Police,-1.612740,54.974308,On or near Shopping Area,E01008397,Newcastle upon Tyne 024C,Suspect charged
fe34c2b608d8c4aa706357f1e20571049530370cb4adee81c02f3524d5df7707,2014-10,Northumbria Police,Northumbria Police,-1.612740,54.974308,On or near Shopping Area,E01008397,Newcastle upon Tyne 024C,Suspect charged
0353f91f5d77675bf9c27cb5fbf8bbdbf1b647d7da31bd398ade11e241f3c335,2014-10,Northumbria Police,Northumbria Police,-1.617134,54.972264,On or near NEWGATE STREET,E01033543,Newcastle upon Tyne 024G,Suspect charged
0353f91f5d77675bf9c27cb5fbf8bbdbf1b647d7da31bd398ade11e241f3c335,2014-10,Northumbria Police,Northumbria Police,-1.617134,54.972264,On or near NEWGATE STREET,E01033543,Newcastle upon Tyne 024G,Suspect charged
15ed6efcf380e792ea866fc45c68750c38f238477b6e99b07ecfe24f6e2c5e2f,2014-10,Northumbria Police,Northumbria Police,-1.616721,54.974644,On or near Shopping Area,E01008397,Newcastle upon Tyne 024C,Investigation complete; no suspect identified
584dca289cde5ac0dc538aa887e952bcb010b9b2342ca154c4d283cb83674b18,2014-10,Northumbria Police,Northumbria Police,-1.697930,54.990814,On or near Pedestrian Subway,E01008325,Newcastle upon Tyne 015B,Investigation complete; no suspect identified
dca1a78a2c88b4c8d5410356d7aba6f3e0fd91a05ee733b3bf28cfcd0e45c718,2014-10,Northumbria Police,Northumbria Police,-1.474247,55.012654,On or near BRANDON ROAD,E01008492,North Tyneside 023E,Suspect charged
4eee2c732a58fd6f24ebb8b233eeed5d6c25772a0ee15fb0683c8c74d261856e,2014-10,Northumbria Police,Northumbria Police,-1.540989,55.127443,On or near NORDALE WAY,E01027424,Northumberland 022D,Suspect charged as part of another case
e6c7db0cb19d0d45c5188bf83b653e3f9def6a4e26230148d8f94cfe65916625,2014-10,Northumbria Police,Northumbria Police,-2.012705,55.757776,On or near Parking Area,E01027385,Northumberland 001C,Suspect charged
83f6af48f6a8a38a1a4332d3d130305a54286431152651cb39fd47f23174236c,2014-10,Northumbria Police,Northumbria Police,-1.607169,54.986502,On or near KINGSLAND,E01008370,Newcastle upon Tyne 017C,Investigation complete; no suspect identified
937ea71ebd0dbe1fa1f8d4d6ed19635ac42a7a0a5d7761e979d1b0d3ce503331,2014-10,Northumbria Police,Northumbria Police,-1.557276,54.980445,On or near SCROGG ROAD,E01008391,Newcastle upon Tyne 026E,Investigation complete; no suspect identified
f4505af0dda6871d81724ff7ac1b508a7e9bbbcc9348e0e72684812d007c50d0,2014-10,Northumbria Police,Northumbria Police,-1.656873,54.976148,On or near WEST ROAD,E01008334,Newcastle upon Tyne 029D,Suspect charged
758d3a0cc6cf102559c203a8362e955c979a037eb140cb38f58fd0307754d357,2014-10,Northumbria Police,Northumbria Police,-1.576457,54.981026,On or near BROUGH STREET,E01008303,Newcastle upon Tyne 018A,Investigation complete; no suspect identified
f0ba2f6c14645d59e7e50c32de9223c83230635ddb101306024e3e9f310da80d,2014-10,Northumbria Police,Northumbria Police,-1.744208,54.919192,On or near Supermarket,E01008184,Gateshead 022A,Investigation complete; no suspect identified
bd0dbeb41f2bc55dd62601a18e833d4e209c21419b4449607cf3f210ecdc6cab,2014-10,Northumbria Police,Northumbria Police,-1.452539,54.905953,On or near SUNNISIDE,E01008814,Sunderland 014D,Investigation complete; no suspect identified
c9f83f3da2b36df3482e4b947faefc45554a28e331159fbde2e85bca860d3f2c,2014-10,Northumbria Police,Northumbria Police,-1.435342,54.994714,On or near HENRY ROBSON WAY,E01008667,South Tyneside 002D,Suspect charged
da70687bca91a03daf5eb118792ed548fea95b7a1d14b221b8a260e1eb1a930a,2014-10,Northumbria Police,Northumbria Police,-1.615246,55.430199,On or near LACEY STREET,E01027367,Northumberland 004D,Offender given a caution
9716dd0f6612dc87fab131432e5f1afcfce4fff701cf53167586a25525de8238,2014-10,Northumbria Police,Northumbria Police,-1.407214,54.879653,On or near DURHAM TERRACE,E01008809,Sunderland 026E,Investigation complete; no suspect identified
9ed374c225fb56015a8cd0c2c71d29d69ef99cfd5d5178bfd0a09374d3d90367,2014-10,Northumbria Police,Northumbria Police,-1.516118,54.913017,On or near MANOR VIEW EAST,E01008854,Sunderland 009B,Suspect charged
6e98a255fd262214b9be11768ddb60b1fec0cd52c18c0a0e630d8039b573fe0a,2014-10,Northumbria Police,Northumbria Police,-1.532306,54.989931,On or near STATION ROAD,E01008575,North Tyneside 030E,Suspect charged
59b4580d2c051639028540a513ee5a3cd5829827e12e5d6c297a9e3170c53f5d,2014-10,Northumbria Police,Northumbria Police,-1.468507,55.019809,On or near WHITEHOUSE LANE,E01008526,North Tyneside 020C,Investigation complete; no suspect identified
d19582f29339f07bc22f851241533018a098ec5f09be09a00c735424c4129f29,2014-10,Northumbria Police,Northumbria Police,-1.674593,54.921578,On or near BOWES CLOSE,E01008272,Gateshead 019E,Investigation complete; no suspect identified
292df682b3da18a7824fdd1fa860169c19d61a7acd48aa6eb8b3bec3427549da,2014-10,Northumbria Police,Northumbria Police,-1.586451,54.973970,On or near ALBION ROW,E01008304,Newcastle upon Tyne 026C,Suspect charged
317ef3ba83b85f20dece56448c1039ef8e84f62dbe7e94a14ecafc5223de1854,2014-10,Northumbria Police,Northumbria Police,-1.619191,55.015755,On or near LINTHORPE ROAD,E01008358,Newcastle upon Tyne 002E,Suspect charged
fcd7d462ab2db89c733613a1fef65719d8f4ba18aa2a787c15fa1e1a5fa54d45,2014-10,Northumbria Police,Northumbria Police,-1.415373,54.967373,On or near KING GEORGE ROAD,E01008691,South Tyneside 019D,Investigation complete; no suspect identified
d0de009292add04def9bf65d9f35ffa90f20d3e7bf82a151f81d80c210e4f0ad,2014-10,Northumbria Police,Northumbria Police,-1.579716,54.897752,On or near BERTRAM STREET,E01008175,Gateshead 026D,Offender given a caution
46aa67a528ab6ee07c4c03a16c1e883b9e6bffe5a2137555de3a36fe34e6216d,2014-10,Northumbria Police,Northumbria Police,-1.429621,54.944004,On or near GORDON DRIVE,E01008617,South Tyneside 023C,Investigation complete; no suspect identified
456491d450edfbda1f0bf104866c2efb403fe658cd5de4a29fa1396df86e893e,2014-10,Northumbria Police,Northumbria Police,-1.510418,54.991912,On or near COQUET GARDENS,E01008571,North Tyneside 028D,Investigation complete; no suspect identified
98a1570b3a9dc1e3021e9d6664e6b22a73abaa718e493ee9ace0eebd62ab53b7,2014-10,Northumbria Police,Northumbria Police,-1.453843,54.949076,On or near ERNEST STREET,E01008610,South Tyneside 021A,Investigation complete; no suspect identified
fd4606a1c75232ba98b8ea45eccb6145b1838fbc231a0957da8d975c8c69fce7,2014-10,Northumbria Police,Northumbria Police,-1.641955,54.977677,On or near SIDNEY GROVE,E01008449,Newcastle upon Tyne 022D,Investigation complete; no suspect identified
1f6bffc46c2550c8d3107f9eed7e2e551254eeccf181210472c23303ca697377,2014-10,Northumbria Police,Northumbria Police,-1.566616,55.169259,On or near JUBILEE ESTATE,E01027538,Northumberland 014C,Suspect charged
b8b9abe569c8782163a20cb5e53a816bc04258e1469a9aec0ec33b4f2c6456a7,2014-10,Northumbria Police,Northumbria Police,-1.426605,54.994700,On or near SALISBURY STREET,E01008595,South Tyneside 001A,Investigation complete; no suspect identified
490b4bf84226da341984b1659c475993780ed3cc0f3e6edd2bd11be6a9e71f74,2014-10,Northumbria Police,Northumbria Police,-1.672890,54.996869,On or near COLWYNE PLACE,E01008298,Newcastle upon Tyne 011C,Offender given a caution
7375174c4215eade8e4387bd3d99764cc73befdcb2871b1e5b58f0ade5cca547,2014-10,Northumbria Police,Northumbria Police,-1.609328,54.952424,On or near KESWICK STREET,E01008171,Gateshead 008D,Investigation complete; no suspect identified
4106d5526a717c833aadd789271affa8c87276ce839be93b41a44e4670aa2c52,2014-10,Northumbria Police,Northumbria Police,-1.446468,54.922182,On or near COWDRAY ROAD,E01008694,Sunderland 008B,Investigation complete; no suspect identified
73f20410b143ad1f7823022460e16ccfa7daea10d60b8a4630c5d7f90124a2d8,2014-10,Northumbria Police,Northumbria Police,-1.637015,54.965918,On or near Shopping Area,E01008437,Newcastle upon Tyne 029F,Investigation complete; no suspect identified
dec57e654428cf2858720d34a4aa8b9a7e83710567ba60d789167a5bc2f42bcf,2014-10,Northumbria Police,Northumbria Police,-1.383595,54.913747,On or near BACK NORTH BRIDGE STREET,E01008791,Sunderland 006F,Suspect charged
843446b186810e52708524947c5cebad879fea0522f0babccabc25594378d4a1,2014-10,Northumbria Police,Northumbria Police,-1.383595,54.913747,On or near BACK NORTH BRIDGE STREET,E01008791,Sunderland 006F,Suspect charged
00d8fabb68423bed7b3ea2e0d33c2f5775e42f2064314605e0dfc7b83f7391e1,2014-10,Northumbria Police,Northumbria Police,-1.443897,55.007909,On or near CAMDEN STREET,E01008524,North Tyneside 022B,Suspect charged
00d8fabb68423bed7b3ea2e0d33c2f5775e42f2064314605e0dfc7b83f7391e1,2014-10,Northumbria Police,Northumbria Police,-1.443897,55.007909,On or near CAMDEN STREET,E01008524,North Tyneside 022B,Investigation complete; no suspect identified
e743ca4faca88ee38b892140b3a3ea5ccd43f2c8c40987ea2c3ef4933d454269,2014-10,Northumbria Police,Northumbria Police,-1.635428,55.015274,On or near WANSBECK ROAD NORTH,E01008336,Newcastle upon Tyne 003A,Suspect charged
ac30e328065ae97ccc047a9fa96082faca3149660cb1291d8eae87da6503437e,2014-10,Northumbria Police,Northumbria Police,-1.621934,54.968460,On or near WESTMORLAND ROAD,E01033545,Newcastle upon Tyne 024H,Offender given a caution
c737b6aa089338178c211ccb5402933c6432191827f613409973e66333b29e30,2014-10,Northumbria Police,Northumbria Police,-1.728802,54.983114,On or near BERWICK CLOSE,E01008402,Newcastle upon Tyne 014C,Investigation complete; no suspect identified
eb3b4c9c63a060d01c6bbaa4cc1ddab5a1b0384269db7173182af58c6a2b0226,2014-10,Northumbria Police,Northumbria Police,-1.604153,54.962643,On or near Shopping Area,E01008168,Gateshead 027D,Suspect charged
be9a56922dadbf4835492297ac4c2e95b9884e5195c1bfc13437595020fb40dc,2014-10,Northumbria Police,Northumbria Police,-1.597361,54.990568,On or near VALLEY VIEW,E01008366,Newcastle upon Tyne 013A,Investigation complete; no suspect identified
5421c450e25d0f9760309797057be59dde341f952b7a2fc8c0a3bb0e0f50dfd6,2014-10,Northumbria Police,Northumbria Police,-1.380861,54.904881,On or near Further/Higher Educational Building,E01008703,Sunderland 013B,Suspect charged
cf294860d28324d075c3fb631740cf63930ac3c6b1538375925cfab125bf3c32,2014-10,Northumbria Police,Northumbria Police,-1.380861,54.904881,On or near Further/Higher Educational Building,E01008703,Sunderland 013B,Suspect charged
81180f84ce1e9a8058eca514234e13fbe408bda1119fbfe78621bcdeb2375aff,2014-10,Northumbria Police,Northumbria Police,-1.560959,54.967914,On or near SPRINGWELL AVENUE,E01008389,Newcastle upon Tyne 028B,Offender given a caution
7e37df1cc94d2053845c8692eae262395efe255834322499700be29a4010c9bf,2014-10,Northumbria Police,Northumbria Police,-1.647231,54.976515,On or near AGRICOLA ROAD,E01008449,Newcastle upon Tyne 022D,Offender given a drugs possession warning
f9f5ed47db0d55b6da7a7fba2c89a00e020589edbca2cc18dc259d02d847605f,2014-10,Northumbria Police,Northumbria Police,-1.441003,54.976561,On or near Pedestrian Subway,E01008590,South Tyneside 011A,Suspect charged
3fe83454a8de6d74bde8b45423efcd67a2b1b7fda61011e5cda9b9e2d9aa71a5,2014-10,Northumbria Police,Northumbria Police,-1.530571,54.992683,On or near CORONATION STREET,E01008573,North Tyneside 029B,Suspect charged
13c52bd209460e45e2dc08b2f584a0affd46a5f36fddd828449d08c632e0732f,2014-10,Northumbria Police,Northumbria Police,-1.719857,55.414228,On or near Sports/Recreation Area,E01027358,Northumberland 005A,Investigation complete; no suspect identified
3fb16197b7fe51bf56a457837aa58c3606c34c9b3ef64f8ae00d9b1235bc60c8,2014-10,Northumbria Police,Northumbria Police,-1.534042,54.992517,On or near WOODBINE AVENUE,E01008536,North Tyneside 030C,Suspect charged
8c8eac40250a742a326ed66b397bb79e3a79846595eb1dbebc41b66d805176f1,2014-10,Northumbria Police,Northumbria Police,-1.444899,54.969318,On or near REDBERRY WAY,E01008593,South Tyneside 016A,Investigation complete; no suspect identified
8c8eac40250a742a326ed66b397bb79e3a79846595eb1dbebc41b66d805176f1,2014-10,Northumbria Police,Northumbria Police,-1.444899,54.969318,On or near REDBERRY WAY,E01008593,South Tyneside 016A,Investigation complete; no suspect identified
8b7037e56e2092cf4a3d7e6b4d74621863db27fc6a4671b79b3968f5785b5892,2014-10,Northumbria Police,Northumbria Police,-1.658134,54.969367,On or near CLARA STREET,E01008291,Newcastle upon Tyne 027D,Investigation complete; no suspect identified
661976147e99d2e7ed1335a72b1c78ab3a65bd84e1945ac95b1e95aacc400dbd,2014-10,Northumbria Police,Northumbria Police,-1.385145,54.904139,On or near Nightclub,E01008836,Sunderland 016F,Offender given a caution
86e93893a5fc8d1429a1816d64d81afa4a008df138db0ed228ba592744c529cf,2014-10,Northumbria Police,Northumbria Police,-1.536647,54.992994,On or near WILSON STREET,E01008536,North Tyneside 030C,Suspect charged
30bd7db4612cd6b2e6751ccdebd6e08ce1c20a98d1795aac8565d5e361450e55,2014-10,Northumbria Police,Northumbria Police,-1.404431,54.902420,On or near ELDON STREET,E01008707,Sunderland 011D,Investigation complete; no suspect identified
0c66ce2f4d0997df21928362451df2fdd3a7c973396abb578d8e570b4d919a60,2014-10,Northumbria Police,Northumbria Police,-1.386732,54.903384,On or near DERWENT STREET,E01008836,Sunderland 016F,Offender given penalty notice
0c66ce2f4d0997df21928362451df2fdd3a7c973396abb578d8e570b4d919a60,2014-10,Northumbria Police,Northumbria Police,-1.386732,54.903384,On or near DERWENT STREET,E01008836,Sunderland 016F,Offender given penalty notice
996d288747155c5ade9ad88aa5658cd6a39d420460ad6e454dfaf64bda8fbd58,2014-10,Northumbria Police,Northumbria Police,-1.447961,54.962475,On or near BUNYAN AVENUE,E01008607,South Tyneside 016D,Offender given a caution
aaf96e7cfa7146b99635316ef1941f751a4a30ebe40e416d7aa0aa5431ade795,2014-10,Northumbria Police,Northumbria Police,-1.608603,54.994918,On or near LONSDALE TERRACE,E01008372,Newcastle upon Tyne 013D,Investigation complete; no suspect identified
6d54139a40ce46f39637a0506498636eb1287ab57e29121999f9be66f60b568c,2014-10,Northumbria Police,Northumbria Police,-1.552522,54.954107,On or near LOW HEYWORTH LANE,E01008241,Gateshead 015C,Suspect charged
dc9fb62e09c1a8795c5edd74413c46571d566db215e8d1b54e097bfa7852d290,2014-10,Northumbria Police,Northumbria Police,-1.608599,54.972785,On or near CARLIOL SQUARE,E01033543,Newcastle upon Tyne 024G,Suspect charged
c7e0de5d47e27e32174aac8839ddbb272385d89bfe7baa7abd36101fa46e57dd,2014-10,Northumbria Police,Northumbria Police,-1.418067,54.886850,On or near POLMUIR SQUARE,E01008828,Sunderland 023F,Suspect charged
046d99eb88023491d044ba7adc2e89c006e08e102189f15529210195767b8ed3,2014-10,Northumbria Police,Northumbria Police,-1.608599,54.972785,On or near CARLIOL SQUARE,E01033543,Newcastle upon Tyne 024G,Suspect charged
91feca653d3b86f62424fd0691266668df7de308af61ab98321fb7d21b8f137a,2014-10,Northumbria Police,Northumbria Police,-1.591407,55.012079,On or near WEST FARM AVENUE,E01032649,North Tyneside 019F,Suspect charged
bc46b330f29e05d074b6a9ae068f846aaeee92db20df9d29e999cddfec3b2f84,2014-10,Northumbria Police,Northumbria Police,-1.681378,54.988948,On or near SHAP LANE,E01008350,Newcastle upon Tyne 019H,Investigation complete; no suspect identified
0b9069b153c9c4df39c5a3eab9e9780e2aa848fa6cd06db15d7494d8b0dd90b7,2014-10,Northumbria Police,Northumbria Police,-1.619580,55.004307,On or near Supermarket,E01008419,Newcastle upon Tyne 006E,Suspect charged
0e88de20bcfb9e90bf3ef4839debfd9d33974f3b94acf21e6512d93f96f63f84,2014-10,Northumbria Police,Northumbria Police,-1.608599,54.972785,On or near CARLIOL SQUARE,E01033543,Newcastle upon Tyne 024G,Suspect charged
0e88de20bcfb9e90bf3ef4839debfd9d33974f3b94acf21e6512d93f96f63f84,2014-10,Northumbria Police,Northumbria Police,-1.608599,54.972785,On or near CARLIOL SQUARE,E01033543,Newcastle upon Tyne 024G,Investigation complete; no suspect identified
ce9bc60c2e5dd1f2f6f28a143af86668ff5c928e10a5ed35f84a760653f4a260,2014-10,Northumbria Police,Northumbria Police,-1.603959,54.949064,On or near BRINKBURN AVENUE,E01008251,Gateshead 010A,Suspect charged
ce9bc60c2e5dd1f2f6f28a143af86668ff5c928e10a5ed35f84a760653f4a260,2014-10,Northumbria Police,Northumbria Police,-1.603959,54.949064,On or near BRINKBURN AVENUE,E01008251,Gateshead 010A,Investigation complete; no suspect identified
ce9bc60c2e5dd1f2f6f28a143af86668ff5c928e10a5ed35f84a760653f4a260,2014-10,Northumbria Police,Northumbria Police,-1.603959,54.949064,On or near BRINKBURN AVENUE,E01008251,Gateshead 010A,Investigation complete; no suspect identified
ce9bc60c2e5dd1f2f6f28a143af86668ff5c928e10a5ed35f84a760653f4a260,2014-10,Northumbria Police,Northumbria Police,-1.603959,54.949064,On or near BRINKBURN AVENUE,E01008251,Gateshead 010A,Investigation complete; no suspect identified
07a83802c5f508eebf7e58df19af43cb692022ef552aa4e97f9687d1da480780,2014-10,Northumbria Police,Northumbria Police,-1.549114,54.985151,On or near COURTFIELD ROAD,E01008435,Newcastle upon Tyne 020E,Investigation complete; no suspect identified
07a83802c5f508eebf7e58df19af43cb692022ef552aa4e97f9687d1da480780,2014-10,Northumbria Police,Northumbria Police,-1.549114,54.985151,On or near COURTFIELD ROAD,E01008435,Newcastle upon Tyne 020E,Investigation complete; no suspect identified
07a83802c5f508eebf7e58df19af43cb692022ef552aa4e97f9687d1da480780,2014-10,Northumbria Police,Northumbria Police,-1.549114,54.985151,On or near COURTFIELD ROAD,E01008435,Newcastle upon Tyne 020E,Suspect charged
07a83802c5f508eebf7e58df19af43cb692022ef552aa4e97f9687d1da480780,2014-10,Northumbria Police,Northumbria Police,-1.549114,54.985151,On or near COURTFIELD ROAD,E01008435,Newcastle upon Tyne 020E,Suspect charged
07a83802c5f508eebf7e58df19af43cb692022ef552aa4e97f9687d1da480780,2014-10,Northumbria Police,Northumbria Police,-1.549114,54.985151,On or near COURTFIELD ROAD,E01008435,Newcastle upon Tyne 020E,Investigation complete; no suspect identified
f102b36ae045ed397446d10588dde035ed78643310ec7c8e387756d1f73cfc0f,2014-10,Northumbria Police,Northumbria Police,-1.445553,54.962653,On or near BELLOC AVENUE,E01008607,South Tyneside 016D,Offender given a caution
f951bb99db3b279aa9f889ec6c18228769f4854675217b0ad6eeace88fa6635a,2014-10,Northumbria Police,Northumbria Police,-1.605905,54.992717,On or near Supermarket,E01008372,Newcastle upon Tyne 013D,Suspect charged
63e1400c71b768c97daa3e9b100a39d1299bdf8bb3d67dcf2ca501fb442f32d2,2014-10,Northumbria Police,Northumbria Police,-1.678667,54.956608,On or near MARCONI WAY,E01008262,Gateshead 009A,Investigation complete; no suspect identified
5543fdf7ddd96ac8580c7c851d0bec3e8561babdc6befd6af65a06f9db957f52,2014-10,Northumbria Police,Northumbria Police,-1.619580,55.004307,On or near Supermarket,E01008419,Newcastle upon Tyne 006E,Suspect charged
839efa2374d4e82358142bf0d38733cfed64fe4a91d3545c4001930f7f343717,2014-10,Northumbria Police,Northumbria Police,-1.668240,55.013032,On or near KINGSTON PARK AVENUE,E01008294,Newcastle upon Tyne 001A,Investigation complete; no suspect identified
3f9713006cc8b5a828892575ca58011bbf7ce11a6fec20a70ad627fe10db534e,2014-10,Northumbria Police,Northumbria Police,-1.560959,54.967914,On or near SPRINGWELL AVENUE,E01008389,Newcastle upon Tyne 028B,Investigation complete; no suspect identified
41a62634c0da494c45f237021904d6526dbcd56ea05e98173064699fceae66eb,2014-10,Northumbria Police,Northumbria Police,-1.636526,55.014873,On or near TARSET PLACE,E01008336,Newcastle upon Tyne 003A,Suspect charged
eb221ce7444463d45c74d56a301c8df53751a219897cf8d349e021b960e32614,2014-10,Northumbria Police,Northumbria Police,-1.543301,55.129591,On or near FENWICK GROVE,E01027424,Northumberland 022D,Suspect charged
eb221ce7444463d45c74d56a301c8df53751a219897cf8d349e021b960e32614,2014-10,Northumbria Police,Northumbria Police,-1.543301,55.129591,On or near FENWICK GROVE,E01027424,Northumberland 022D,Suspect charged
f605fe10c92ae9d7a5bb8204975c9a4c609f55f0e29d26d5ab69087e5f061530,2014-10,Northumbria Police,Northumbria Police,-1.401507,54.954482,On or near FRONT STREET,E01008619,South Tyneside 022C,Offender given a caution
f605fe10c92ae9d7a5bb8204975c9a4c609f55f0e29d26d5ab69087e5f061530,2014-10,Northumbria Police,Northumbria Police,-1.401507,54.954482,On or near FRONT STREET,E01008619,South Tyneside 022C,Offender given a caution
416a4bf6bf517c9aa121d6973be29822fde25aa0ff4b4320daa08a34280ca253,2014-10,Northumbria Police,Northumbria Police,-1.668240,55.013032,On or near KINGSTON PARK AVENUE,E01008294,Newcastle upon Tyne 001A,Investigation complete; no suspect identified
d0fe1eff27659c06c340f27bb3b8135d825c304e5c3a39c2399e1b79580ce612,2014-10,Northumbria Police,Northumbria Police,-1.617134,54.972264,On or near NEWGATE STREET,E01033543,Newcastle upon Tyne 024G,Investigation complete; no suspect identified
aed171e3cb7f91152265b301c69d4cb27ef5620c245770778fed5d2f16e1dc57,2014-10,Northumbria Police,Northumbria Police,-1.636526,55.014873,On or near TARSET PLACE,E01008336,Newcastle upon Tyne 003A,Suspect charged
d650b2b07c0c7a62e13b4c2307cdd66278d606dc46107dcb146359cd79b1de35,2014-10,Northumbria Police,Northumbria Police,-1.512453,55.126991,On or near Parking Area,E01027415,Northumberland 023B,Suspect charged
406a317cc27c9c5ea627150adb03b3442da4ded7ecc0437af46f668a84c6ce06,2014-10,Northumbria Police,Northumbria Police,-1.658134,54.969367,On or near CLARA STREET,E01008291,Newcastle upon Tyne 027D,Suspect charged
406a317cc27c9c5ea627150adb03b3442da4ded7ecc0437af46f668a84c6ce06,2014-10,Northumbria Police,Northumbria Police,-1.658134,54.969367,On or near CLARA STREET,E01008291,Newcastle upon Tyne 027D,Suspect charged
dfc514d6047b0d32938b74ed3355222bf52d0a971b7c3ee496979b5604e0c119,2014-10,Northumbria Police,Northumbria Police,-1.574085,54.979211,On or near MILLERS ROAD,E01008392,Newcastle upon Tyne 026F,Offender given penalty notice
a2abc805b1ab9aea5b9b0f61878c0eab274e244ec8e03dfa77d4790f0595e78d,2014-10,Northumbria Police,Northumbria Police,-2.002413,55.774444,On or near LORD'S MOUNT,E01027377,Northumberland 001B,Offender given a caution
35b2029dc2d9b6d7b09a8db51ee1bdb7b6b3712656c2cc98e14cd4f933a88245,2014-10,Northumbria Police,Northumbria Police,-1.658134,54.969367,On or near CLARA STREET,E01008291,Newcastle upon Tyne 027D,Suspect charged
aadeed206279c0b02f8cbc7b657447910a87561c79e6042d51479f5bfb2b01d7,2014-10,Northumbria Police,Northumbria Police,-1.658134,54.969367,On or near CLARA STREET,E01008291,Newcastle upon Tyne 027D,Suspect charged
06b0b2bf304563397239fd92bd8315e364d6eb35f27fffae8f54c064cb37a81d,2014-10,Northumbria Police,Northumbria Police,-2.005505,55.770059,On or near Nightclub,E01027377,Northumberland 001B,Offender given a caution
b5d6c6392391db9a6bec93a41b324933ffe17a68a4b3c0fbfe91e1d6aaf40bd6,2014-10,Northumbria Police,Northumbria Police,-1.658134,54.969367,On or near CLARA STREET,E01008291,Newcastle upon Tyne 027D,Suspect charged
b5d6c6392391db9a6bec93a41b324933ffe17a68a4b3c0fbfe91e1d6aaf40bd6,2014-10,Northumbria Police,Northumbria Police,-1.658134,54.969367,On or near CLARA STREET,E01008291,Newcastle upon Tyne 027D,Suspect charged
684694ebc42da99700baa3848162379e29ba3dd1b17f19b33d7e4e8701f455a7,2014-10,Northumbria Police,Northumbria Police,-1.658134,54.969367,On or near CLARA STREET,E01008291,Newcastle upon Tyne 027D,Suspect charged
c52fdeaefba9532164beb6ac72ed1b09631c73a8f21915ae5c9b66972f2c770a,2014-10,Northumbria Police,Northumbria Police,-1.536640,54.905332,On or near ROSEGILL,E01008874,Sunderland 010B,Suspect charged
c52fdeaefba9532164beb6ac72ed1b09631c73a8f21915ae5c9b66972f2c770a,2014-10,Northumbria Police,Northumbria Police,-1.536640,54.905332,On or near ROSEGILL,E01008874,Sunderland 010B,Suspect charged
5fe4ed225328b4a891fd55023e2683e62026f4ad26e6f688cccba95c19171314,2014-10,Northumbria Police,Northumbria Police,-2.003591,55.756941,On or near SUNNYSIDE CRESCENT,E01027388,Northumberland 001E,Investigation complete; no suspect identified
7efbcce9db62457c8ad062473a36fcf3a61b2dafd4130c33812741486db8d132,2014-10,Northumbria Police,Northumbria Police,-1.379985,54.907070,On or near FREDERICK ROAD,E01008703,Sunderland 013B,Suspect charged
a5bf7b20ac5b7fa69a6f4167380c100b01635ba44349b83e2e8b894406d5bfaf,2014-10,Northumbria Police,Northumbria Police,-1.622002,54.999489,On or near THE DRIVE,E01008420,Newcastle upon Tyne 005D,Investigation complete; no suspect identified
fca68d1d57561c896bd2a60a68a22eb11ea0425ab4f08ea4d9206fc98b456bd9,2014-10,Northumbria Police,Northumbria Police,-1.611154,54.975165,On or near LISLE STREET,E01008397,Newcastle upon Tyne 024C,Suspect charged
fca68d1d57561c896bd2a60a68a22eb11ea0425ab4f08ea4d9206fc98b456bd9,2014-10,Northumbria Police,Northumbria Police,-1.611154,54.975165,On or near LISLE STREET,E01008397,Newcastle upon Tyne 024C,Suspect charged
0729611cd2e002b3da277a0c3e00d077b56be96427ac2e5cdf79a260c2c2d817,2014-10,Northumbria Police,Northumbria Police,-1.481907,54.971557,On or near CASTLETON ROAD,E01008663,South Tyneside 017E,Investigation complete; no suspect identified
a7aceaaf25b5a86531e8870740bcc602a906b9b0e9d17adf7fd5ade44b3a97d8,2014-10,Northumbria Police,Northumbria Police,-1.621664,54.975558,On or near Sports/Recreation Area,E01008397,Newcastle upon Tyne 024C,Offender given a caution
02b7db2eb9d5b7249d8b0a469312fbfd589d1f5c9e731bd1934f90ba03f2f10d,2014-10,Northumbria Police,Northumbria Police,-1.621664,54.975558,On or near Sports/Recreation Area,E01008397,Newcastle upon Tyne 024C,Offender given a caution
42555f5b511530563ebf5c82867abef06aef14cf559293f8b58b702afdf3881f,2014-10,Northumbria Police,Northumbria Police,-1.523273,54.993877,On or near DENE CRESCENT,E01008572,North Tyneside 029A,Investigation complete; no suspect identified
42555f5b511530563ebf5c82867abef06aef14cf559293f8b58b702afdf3881f,2014-10,Northumbria Police,Northumbria Police,-1.523273,54.993877,On or near DENE CRESCENT,E01008572,North Tyneside 029A,Offender given a caution
a9a9c80a006d0eaa9b4118a0ebf4202e4fb489d95587c0c9a4fadb53715e4a88,2014-10,Northumbria Police,Northumbria Police,-1.490905,54.972772,On or near HAVELOCK TERRACE,E01008660,South Tyneside 007C,Investigation complete; no suspect identified
8098d3b6556ec740014814f9b90733a17e1d65b6e38db549636c39efb321f3c7,2014-10,Northumbria Police,Northumbria Police,-1.382451,54.906974,On or near STATION STREET,E01008703,Sunderland 013B,Local resolution
8098d3b6556ec740014814f9b90733a17e1d65b6e38db549636c39efb321f3c7,2014-10,Northumbria Police,Northumbria Police,-1.382451,54.906974,On or near STATION STREET,E01008703,Sunderland 013B,Local resolution
84d2d4a4ab0fedea0de7a9256b3010fc3c12bbe4e38d556710941e2ff005f028,2014-10,Northumbria Police,Northumbria Police,-1.448967,54.931144,On or near KENTUCKY ROAD,E01008837,Sunderland 003B,Investigation complete; no suspect identified
8a9929ae13d3a5ff5977d5519d242203dc3df27748d350e50b0d561f89e753b6,2014-10,Northumbria Police,Northumbria Police,-1.723076,54.981780,On or near MALVERN COURT,E01008383,Newcastle upon Tyne 021C,Offender given a caution
c5c487074cff996fcb1c56a3bd31d65ffa911c2c7635e7b18ed4d2f5ecd10929,2014-10,Northumbria Police,Northumbria Police,-1.633055,54.968503,On or near CROSS PARADE,E01008439,Newcastle upon Tyne 024E,Offender given a caution
9645a74963200281bb806c17af8d501b8e0ffc0547830f28951b02cbe9460fe2,2014-10,Northumbria Police,Northumbria Police,-1.613189,54.969906,On or near COLLINGWOOD STREET,E01033545,Newcastle upon Tyne 024H,Investigation complete; no suspect identified
6186263ae9cfc2571aec5369c394e5a07d77e39e816ee47a5fda101c1f60e9be,2014-10,Northumbria Police,Northumbria Police,-1.542067,54.904014,On or near TOR MERE CLOSE,E01008874,Sunderland 010B,Investigation complete; no suspect identified
d60495ac08e62ee8c25d6b70823e41291f0c0993626fcb83056478f833fc824c,2014-10,Northumbria Police,Northumbria Police,-1.645169,55.010163,On or near EDGEFIELD AVENUE,E01008341,Newcastle upon Tyne 003F,Investigation complete; no suspect identified
4e245f87f7d6d49d52fd862322dc91cbd3b24f56bfe29aae4014ee4b4810aa2c,2014-10,Northumbria Police,Northumbria Police,-1.580166,55.088271,On or near B1326,E01027409,Northumberland 029B,Investigation complete; no suspect identified
1859c6d92ce65e84da7879ee428fe19d0eaf139b3eca763067307b6730c868ed,2014-10,Northumbria Police,Northumbria Police,-1.638768,54.970703,On or near BRITANNIA PLACE,E01008331,Newcastle upon Tyne 029A,Investigation complete; no suspect identified
4c4f8a73a135d90572dd1fdc5f8668f872717f58be20a4b019321ddc5a184da1,2014-10,Northumbria Police,Northumbria Police,-1.416672,54.890590,On or near SHREWSBURY CRESCENT,E01008826,Sunderland 023D,Investigation complete; no suspect identified
d784980d16782698764a0b8b986a3530ec26911849102bf22bdaa7ba45fb521c,2014-10,Northumbria Police,Northumbria Police,-1.416672,54.890590,On or near SHREWSBURY CRESCENT,E01008826,Sunderland 023D,Investigation complete; no suspect identified
2b8bcbf25072a6c398931a0a83608eaf0953494265a43689d162620acee91094,2014-10,Northumbria Police,Northumbria Police,-1.603416,55.009001,On or near BOWES STREET,E01008424,Newcastle upon Tyne 005F,Investigation complete; no suspect identified
1894f74fbd5ca6f0abe9a90e68987919294e6501ae2bd4e519352ca7e380c08f,2014-10,Northumbria Police,Northumbria Police,-1.434635,54.986102,On or near EGLESFIELD ROAD,E01008664,South Tyneside 002A,Suspect charged
119ea5894b4feb94da5f7c046959d0618e33ce8baef5d88c7581950f442d8c83,2014-10,Northumbria Police,Northumbria Police,-1.604071,54.972537,On or near PANDON BANK,E01033553,Newcastle upon Tyne 023H,Local resolution
f076260e6026a6b2ee21a172f26c209d4eb4c15ca6174b46e0b9aa53f0dcbc62,2014-10,Northumbria Police,Northumbria Police,-1.427956,55.000844,On or near SALMON STREET,E01008598,South Tyneside 001D,Offender given a caution
e3c6350cd051af43f415797e2a77a028ff153d4fe3ec47ade5ba2c4e3780ba7b,2014-10,Northumbria Police,Northumbria Police,-1.612429,54.970874,On or near CLOTH MARKET,E01033543,Newcastle upon Tyne 024G,Offender given a caution
0e8314eaee197036dccc4e795d27bdd86b05826d0611bb2c1a2a87d4ee9f770a,2014-10,Northumbria Police,Northumbria Police,-1.605824,54.969065,On or near KING STREET,E01033553,Newcastle upon Tyne 023H,Investigation complete; no suspect identified
c6b66920397a3e5dba7d32cbc75d43339b34da99640bb4d45433cda786e0cbd5,2014-10,Northumbria Police,Northumbria Police,-1.465227,55.044148,On or near THE DENE,E01008517,North Tyneside 005A,Investigation complete; no suspect identified
debd5055c86d4d83faa6d2a0edf166b740d341e138c4e1e48058a86477d4a603,2014-10,Northumbria Police,Northumbria Police,-1.658434,54.992839,On or near BRIERYSIDE,E01008300,Newcastle upon Tyne 016A,Investigation complete; no suspect identified
b8a935298b372f83359d704a52f890658e493f1722921101368ec1f8a80124c4,2014-10,Northumbria Police,Northumbria Police,-1.386805,54.906817,On or near CROWTREE ROAD,E01008703,Sunderland 013B,Offender given a caution
2a746432b100fe0805021e6fc8171b60e62e135940e02fd18663c84efb487cb2,2014-10,Northumbria Police,Northumbria Police,-1.430044,55.016769,On or near BACK SHIPLEY ROAD,E01008558,North Tyneside 016A,Suspect charged
6a402ce10f41bb3ee5bf8045dc8d10ae550e15c230bdacb35803ec25c6f48410,2014-10,Northumbria Police,Northumbria Police,-1.621778,55.003398,On or near HAWTHORN ROAD,E01008419,Newcastle upon Tyne 006E,Investigation complete; no suspect identified
5770bfbd3b660544bef517910d276242f2b0da0df50481f161ff7b9a79145384,2014-10,Northumbria Police,Northumbria Police,-1.387978,54.903462,On or near ALBION PLACE,E01008831,Sunderland 013D,Offender given a caution
a46b1ebc2b3c0017e4db4aba03169816f280739e99139d4ba657481fccd58dcc,2014-10,Northumbria Police,Northumbria Police,-1.583612,54.938824,On or near QUEEN ELIZABETH AVENUE,E01008219,Gateshead 016A,Investigation complete; no suspect identified
3aa7c07bf9feebe1194a973e2d7ee86cef323f6b5f2831114b2a662947c2fd11,2014-10,Northumbria Police,Northumbria Police,-1.663694,54.997509,On or near PONTELAND ROAD,E01008377,Newcastle upon Tyne 008E,Investigation complete; no suspect identified
78b4ff41e605395e78190cf5bd6e8ed6da76ebc19faaa277dfd729c545a1efb5,2014-10,Northumbria Police,Northumbria Police,-1.992868,55.756851,On or near BLENHEIM PLACE,E01027389,Northumberland 001F,Investigation complete; no suspect identified
ac6a9f8e7954747ba38a6bc064cdba6a4837e14f0f3d1717b3fc863f1e6071f7,2014-10,Northumbria Police,Northumbria Police,-1.572702,54.977023,On or near UNION ROAD,E01008392,Newcastle upon Tyne 026F,Suspect charged
ac6a9f8e7954747ba38a6bc064cdba6a4837e14f0f3d1717b3fc863f1e6071f7,2014-10,Northumbria Police,Northumbria Police,-1.572702,54.977023,On or near UNION ROAD,E01008392,Newcastle upon Tyne 026F,Suspect charged
ac6a9f8e7954747ba38a6bc064cdba6a4837e14f0f3d1717b3fc863f1e6071f7,2014-10,Northumbria Police,Northumbria Police,-1.572702,54.977023,On or near UNION ROAD,E01008392,Newcastle upon Tyne 026F,Suspect charged
66b7215618cf83b1b24363f5049ae4fd371a565a45dac0c3f01555b4cb8fac65,2014-10,Northumbria Police,Northumbria Police,-1.387978,54.903462,On or near ALBION PLACE,E01008831,Sunderland 013D,Offender given a caution
b1d4e9c3625fc95c631aa217d19605bc337b471b39e586a00429e4aef4956fd4,2014-10,Northumbria Police,Northumbria Police,-1.387978,54.903462,On or near ALBION PLACE,E01008831,Sunderland 013D,Offender given a caution
191c0cf0ba9e0e1bbe0331c35a9d9512187e2385d96e91c90b9b4fa22256408e,2014-10,Northumbria Police,Northumbria Police,-1.638626,55.049216,On or near WESTFIELD AVENUE,E01008307,Newcastle upon Tyne 001C,Suspect charged
21e39cc442cdea8f45c023589915986fa6db7df846904b53f2927c839a157f9b,2014-10,Northumbria Police,Northumbria Police,-1.381905,54.917126,On or near Shopping Area,E01008787,Sunderland 006B,Investigation complete; no suspect identified
209067a1cf26c08c1c988e6c95fc9d6d3bdbb7e87eb14e3e337c3b2275e0ee5c,2014-10,Northumbria Police,Northumbria Police,-1.560994,54.950417,On or near BONDENE AVENUE,E01008216,Gateshead 012C,Investigation complete; no suspect identified
87ebe93bcca240e5be960d02ee7d26559154f1364541e9a74e78f398c5a5258c,2014-10,Northumbria Police,Northumbria Police,-1.544384,54.977818,On or near SUNNINGDALE AVENUE,E01008430,Newcastle upon Tyne 020A,Investigation complete; no suspect identified
58f1604d87664c68c3eb278b7011d81ec1dfde95f3a5c968a29af7b71b66a750,2014-10,Northumbria Police,Northumbria Police,-1.655065,54.977437,On or near SHIPLEY AVENUE,E01008349,Newcastle upon Tyne 019G,Investigation complete; no suspect identified
43f7ecb8b38960eaf589a6c7640cf4769f54197f479f0f195709f23973cc72f1,2014-10,Northumbria Police,Northumbria Police,-1.570759,55.185440,On or near LINTONVILLE TERRACE,E01027529,Northumberland 010B,Investigation complete; no suspect identified
43f7ecb8b38960eaf589a6c7640cf4769f54197f479f0f195709f23973cc72f1,2014-10,Northumbria Police,Northumbria Police,-1.570759,55.185440,On or near LINTONVILLE TERRACE,E01027529,Northumberland 010B,Investigation complete; no suspect identified
0d382246b9f32f43da5c402a61a69da126ffa1a270016e403a93765b1c72a4ac,2014-10,Northumbria Police,Northumbria Police,-1.519461,55.008168,On or near BUXTON CLOSE,E01008463,North Tyneside 024B,Offender given a caution
61dcf5b51a2042a6ba73ba17501f38d65de3f90b6d7c53eed387edfbd1aa92ed,2014-10,Northumbria Police,Northumbria Police,-1.609932,54.993206,On or near BRENTWOOD AVENUE,E01008373,Newcastle upon Tyne 013E,Suspect charged
61dcf5b51a2042a6ba73ba17501f38d65de3f90b6d7c53eed387edfbd1aa92ed,2014-10,Northumbria Police,Northumbria Police,-1.609932,54.993206,On or near BRENTWOOD AVENUE,E01008373,Newcastle upon Tyne 013E,Suspect charged
b63fe8a9a5e7a0445db48e4c13837a56639122fa410dcaa433b05c6432af2d94,2014-10,Northumbria Police,Northumbria Police,-1.386732,54.903384,On or near DERWENT STREET,E01008836,Sunderland 016F,Investigation complete; no suspect identified
e87bffed0ef1aa9713df5370b067d1afb163c31cc019a7f6ade44709878a6860,2014-10,Northumbria Police,Northumbria Police,-1.690879,54.983023,On or near LEGION ROAD,E01008416,Newcastle upon Tyne 025C,Investigation complete; no suspect identified
83733996c1b0915850b1717c61f34e3862c0c150c7ff1e1e2ff6a050b2b9783a,2014-10,Northumbria Police,Northumbria Police,-1.430751,54.998880,On or near Nightclub,E01008596,South Tyneside 001B,Suspect charged
404192c2dbaae48d2ec2994ed74743fb5f7921951fcc8364a8bd22cb47232251,2014-10,Northumbria Police,Northumbria Police,-1.493704,54.991178,On or near ADDISON COURT,E01008543,North Tyneside 028C,Offender given a caution
082d7fdec0ff30e7c2ff09eebdadc3b74e68c6115207a67359196e4234a98f55,2014-10,Northumbria Police,Northumbria Police,-1.612931,54.970714,On or near GROAT MARKET,E01033543,Newcastle upon Tyne 024G,Offender given a caution
a4975a3aa4c66e332efc8ded7e977bd0baa9c618db7d4e6c3ea2c123ab2c3aa2,2014-10,Northumbria Police,Northumbria Police,-1.614102,54.974025,On or near BLACKETT STREET,E01008397,Newcastle upon Tyne 024C,Suspect charged
d33134eaddb836dc883f10338d2284ed5105b738e859e4bcf8b145e8f19e3d45,2014-10,Northumbria Police,Northumbria Police,-1.612740,54.974308,On or near Shopping Area,E01008397,Newcastle upon Tyne 024C,Suspect charged
8a35cbed9298aacd8771c7d8d4c9dd798747bce395b8a560191fefb7688fe40f,2014-10,Northumbria Police,Northumbria Police,-1.442528,55.043489,On or near SOUTH PARADE,E01008584,North Tyneside 006A,Suspect charged
e226f1a37fca98a9c048351ccbf97f6247f0a7486d0cf3d3c107afdff2ffa991,2014-10,Northumbria Police,Northumbria Police,-1.621824,54.971811,On or near BATH LANE,E01033554,Newcastle upon Tyne 024I,Investigation complete; no suspect identified
f92315fbe1cc056411035b08da5e0ae7be4ca45090f6ee695beccd9815cb9dd0,2014-10,Northumbria Police,Northumbria Police,-1.448230,55.006671,On or near BOROUGH ROAD,E01008544,North Tyneside 027D,Investigation complete; no suspect identified
6e80506c9e10dac957fcbbc2a0aaa548df47f262d21fbcbfb3862f592d313a18,2014-10,Northumbria Police,Northumbria Police,-1.663030,55.002153,On or near HAZELDENE AVENUE,E01008377,Newcastle upon Tyne 008E,Offender given a drugs possession warning
e1797c49cd8f4ae6c51a10ac9cf9d6b0893c1991cc2a639193c9a5719edc8dfa,2014-10,Northumbria Police,Northumbria Police,-1.514517,55.000627,On or near ESSEX GARDENS,E01008576,North Tyneside 029D,Investigation complete; no suspect identified
3d9a51cb0639554fc74aea6a40ca32d8097a981fa6a9227a07d37f74add8908f,2014-10,Northumbria Police,Northumbria Police,-1.639880,54.975640,On or near STANHOPE STREET,E01033556,Newcastle upon Tyne 022H,Suspect charged
0318d57825637d0458c2b23d9accbecb77c3c046819897d7edeb498d921cf165,2014-10,Northumbria Police,Northumbria Police,-1.563128,55.022854,On or near MOWBRAY ROAD,E01008470,North Tyneside 014A,Investigation complete; no suspect identified
2da1d20ba1eeb4a716a9ceec00c268d37db411c66530ba4a62ef862320c98f8b,2014-10,Northumbria Police,Northumbria Police,-1.644416,54.973209,On or near LYNNWOOD AVENUE,E01008333,Newcastle upon Tyne 029C,Suspect charged
47fec5e01e939a662af10205171270a984ca827b5c0b02aab7a1043907d16d27,2014-10,Northumbria Police,Northumbria Police,-1.509379,54.965569,On or near AVON ROAD,E01008645,South Tyneside 015C,Investigation complete; no suspect identified
a499e8964a2f32ee7259aee980b4049a8745735d78c5860e5d95e4f61e348b35,2014-10,Northumbria Police,Northumbria Police,-1.435265,54.804039,On or near WHITE HILL ROAD,E01008746,Sunderland 036D,Investigation complete; no suspect identified
e5c0f4d2873ba12189aec903841c9bd5d4764330b2c6f2f6134bb02b2a1060e9,2014-10,Northumbria Police,Northumbria Police,-1.460262,54.961712,On or near BENDIGO AVENUE,E01008608,South Tyneside 014C,Investigation complete; no suspect identified
aafc5e271382a6062e8eb13dd0e50fdaabe3abafa05e411da9e3c28d4cfe37a7,2014-10,Northumbria Police,Northumbria Police,-1.596111,54.945372,On or near VALLEY DRIVE,E01008237,Gateshead 016D,Investigation complete; no suspect identified
2adae6b6dded500479250892f7b4c2e729fb8f075d843d119f5772c28e88f3eb,2014-10,Northumbria Police,Northumbria Police,-1.449034,55.007322,On or near BOROUGH ROAD,E01008524,North Tyneside 022B,Investigation complete; no suspect identified
3c7997c0dd83c1798095c3b0e35667e6e39ab89cedd3f3c89452b1fe36f65a28,2014-10,Northumbria Police,Northumbria Police,-1.653407,55.006700,On or near KIRKWOOD DRIVE,E01008375,Newcastle upon Tyne 008C,Investigation complete; no suspect identified
79f6e3486cdde0a745d74b12695565c9d6eb1f998653d6e356bc82a443a43f77,2014-10,Northumbria Police,Northumbria Police,-1.520864,55.129145,On or near COWPEN ROAD,E01027416,Northumberland 022C,Investigation complete; no suspect identified
5eb91ca3e70f771bcd8bc3305d7f9cc3cf2921502774d72e00804ce03c2bd558,2014-10,Northumbria Police,Northumbria Police,-1.591839,55.011146,On or near CLENT WAY,E01032649,North Tyneside 019F,Investigation complete; no suspect identified
319fe8bbaf31bfc51634fe6e5af05800e172c107ea2f25fb34d0d1f60f24df47,2014-10,Northumbria Police,Northumbria Police,-1.615061,54.975034,On or near Shopping Area,E01008397,Newcastle upon Tyne 024C,Suspect charged
417c67225e14cff0425aa37f84d932f99bbf7ef9a35928abb56cc54230c01e29,2014-10,Northumbria Police,Northumbria Police,-1.539666,54.912164,On or near ROSSE CLOSE,E01008879,Sunderland 010D,Offender given a caution
938afda63841abad653a7958a67a5575793ef4fd4b295706b856c3a3be938e64,2014-10,Northumbria Police,Northumbria Police,-1.518522,54.886651,On or near THE SPINNEY,E01008861,Sunderland 025B,Suspect charged
af8566e2ca23a251383da2c582635afcd5a8701f25006656250730f286c2df75,2014-10,Northumbria Police,Northumbria Police,-1.562065,55.181985,On or near ROSALIND STREET,E01027539,Northumberland 010C,Offender given a caution
1a4b14cad5636ac4f4ddadd6cee04118303a19a29a990cdeadd57efc882d42e0,2014-10,Northumbria Police,Northumbria Police,-1.435197,54.987291,On or near ST JUDE'S TERRACE,E01008664,South Tyneside 002A,Local resolution
dc4805084f8d1da9e2d44873ee8b4de8ca055c215c2006a9f9615bc5fb09d16c,2014-10,Northumbria Police,Northumbria Police,-1.439175,54.976525,On or near LEMON STREET,E01008590,South Tyneside 011A,Investigation complete; no suspect identified
ff6145574b80e52ba99f30e2dd044d35da213aa19f82f477625f9d774c4768e9,2014-10,Northumbria Police,Northumbria Police,-1.536947,55.131184,On or near Supermarket,E01027392,Northumberland 022A,Suspect charged
92094bc2b7d7161debc441b14ba3babd7e43e84ebce749c94dbfa076b763b38e,2014-10,Northumbria Police,Northumbria Police,-1.629378,54.969202,On or near HOUSTON COURT,E01008439,Newcastle upon Tyne 024E,Investigation complete; no suspect identified
2afa1a3e6a1ff498ae2196ace11c115880cb30ad05f37b90365146014701d6cc,2014-10,Northumbria Police,Northumbria Police,-1.575748,55.014173,On or near MARLOW PLACE,E01008474,North Tyneside 019B,Suspect charged
41e1cef43c0d5b9ae17dd82bd52831b5cdce774bbdbac55adae3116d8e32e342,2014-10,Northumbria Police,Northumbria Police,-1.520223,54.916717,On or near DON GARDENS,E01008858,Sunderland 009D,Investigation complete; no suspect identified
20d56f99e90cf53c3305fdf04a746c804473bc43882fd3f8cc336dc496e52191,2014-10,Northumbria Police,Northumbria Police,-1.424158,54.987643,On or near ADA STREET,E01008668,South Tyneside 002E,Offender given a caution
caa2c65c9af87b6edf216866c9a04250c6336c5171433c5e4590f5a5758be368,2014-10,Northumbria Police,Northumbria Police,-1.562171,55.178059,On or near FOURTH AVENUE,E01027545,Northumberland 010D,Investigation complete; no suspect identified
0f743eb2055a80e30b6ff65fe502124ef5d019022b349222fd1a6d2b71765a6a,2014-10,Northumbria Police,Northumbria Police,-1.460373,55.024563,On or near COLWELL ROAD,E01008556,North Tyneside 013C,Investigation complete; no suspect identified
471de835291b082f1caaccf7c7585d1aa1c3e92b1f2e60c99500f39fdea49494,2014-10,Northumbria Police,Northumbria Police,-1.605662,54.971194,On or near Parking Area,E01033553,Newcastle upon Tyne 023H,Offender given a caution
021fa23a344107992ed83a673b1aca6a1db7ae97387b1ec2d5ac009d225ce1e7,2014-10,Northumbria Police,Northumbria Police,-1.683067,54.984827,On or near KESWICK GROVE,E01008344,Newcastle upon Tyne 019B,Suspect charged
021fa23a344107992ed83a673b1aca6a1db7ae97387b1ec2d5ac009d225ce1e7,2014-10,Northumbria Police,Northumbria Police,-1.683067,54.984827,On or near KESWICK GROVE,E01008344,Newcastle upon Tyne 019B,Suspect charged
021fa23a344107992ed83a673b1aca6a1db7ae97387b1ec2d5ac009d225ce1e7,2014-10,Northumbria Police,Northumbria Police,-1.683067,54.984827,On or near KESWICK GROVE,E01008344,Newcastle upon Tyne 019B,Suspect charged
35793c69e021369b2cc0e75ad491251c5f5b20089dc86085581410febd50181d,2014-10,Northumbria Police,Northumbria Police,-1.450310,55.047810,On or near CLOVELLY GARDENS,E01008550,North Tyneside 003D,Investigation complete; no suspect identified
a3a230c01548cb033c06f93ae885d07727874941bf083abd912113ebe7174e9c,2014-10,Northumbria Police,Northumbria Police,-1.557740,54.969466,On or near ST ANTHONY'S ROAD,E01008389,Newcastle upon Tyne 028B,Investigation complete; no suspect identified
e6707af0a853827e6259354827e710afcbc115bd501960bfcaeec15876cdefb3,2014-10,Northumbria Police,Northumbria Police,-1.554497,55.126945,On or near Supermarket,E01027425,Northumberland 025A,Suspect charged
60ac33035730c799dfa6faa38cb2dad4a03d8fb605a2fa9f0de23b302e4c25fb,2014-10,Northumbria Police,Northumbria Police,-1.434635,54.986102,On or near EGLESFIELD ROAD,E01008664,South Tyneside 002A,Offender given a caution
e13ba75fc2977aa78681a9d9aeb1d4f699bd4f83946913c02a15799ca2404486,2014-10,Northumbria Police,Northumbria Police,-1.579771,55.082563,On or near NORTHUMBRIAN ROAD,E01027397,Northumberland 028C,Suspect charged
7a189a8eda3134ee680371594f4061392a1bf89c771045621d82695ac62cddc1,2014-10,Northumbria Police,Northumbria Police,-1.662340,55.017320,On or near ENGLEFIELD CLOSE,E01008313,Newcastle upon Tyne 001G,Suspect charged
e85e7bd4a8039260d1f5a71a8b045c01c920ff35d2b50139db18aa8243d83839,2014-10,Northumbria Police,Northumbria Police,-1.461707,55.028864,On or near QUANTOCK CLOSE,E01008556,North Tyneside 013C,Suspect charged
acdca91e8a9d78bfccfddd06a71e35a32feca642c288c09ad25e445a8c7b8a4f,2014-10,Northumbria Police,Northumbria Police,-1.585145,54.955130,On or near JOHN STREET,E01008164,Gateshead 027B,Investigation complete; no suspect identified
813cfca48641e61dbd43a943db7e537ef2db3dd117df60545a05197daa830985,2014-10,Northumbria Police,Northumbria Police,-1.531831,55.126088,On or near DENE VIEW DRIVE,E01027423,Northumberland 024C,Suspect charged
30a5a8a2fabefd13b4a3cbd757b1656b385aa4120c238a5a555a9cc8ea413b86,2014-10,Northumbria Police,Northumbria Police,-1.614405,54.950482,On or near SALTWELL STREET,E01008171,Gateshead 008D,Investigation complete; no suspect identified
717d74880ed2a2aa45d0dd6751d001cf3a7bf85236a2d7b6f822bae8ea24be2b,2014-10,Northumbria Police,Northumbria Police,-1.461707,55.028864,On or near QUANTOCK CLOSE,E01008556,North Tyneside 013C,Suspect charged
dd026d17837b42a0a52b68e8f8666a69d601fb090ce89e61f324341dac027461,2014-10,Northumbria Police,Northumbria Police,-1.583509,55.065008,On or near BERRYMOOR COURT,E01027406,Northumberland 031B,Suspect charged
d162d49644143126e53bb124bb2ed69e29d2a9c13c72a2c8d4d91bceaee0094e,2014-10,Northumbria Police,Northumbria Police,-1.461707,55.028864,On or near QUANTOCK CLOSE,E01008556,North Tyneside 013C,Suspect charged
1deecccdf231e83621f4cd692e26618bdd7b202d4f38b595dbda136e1a4201c6,2014-10,Northumbria Police,Northumbria Police,-1.463466,54.961547,On or near MULL GROVE,E01008603,South Tyneside 014B,Investigation complete; no suspect identified
8e41e3041d62f9744a6279c22ad3f140e8090d4de651fa097a6700c6cdc609db,2014-10,Northumbria Police,Northumbria Police,-1.506480,55.014793,On or near A19,E01008468,North Tyneside 021D,Suspect charged
361054ad46bcbbcdecd62b174391ad73934a2eb77b03b1bebddcc1178531d1c6,2014-10,Northumbria Police,Northumbria Police,-1.432555,54.897531,On or near HOWE SQUARE,E01008813,Sunderland 014C,Offender given a caution
da30beb376fdc76646afa91600e1a50eedf1a6437c8e0ac22139378570827de6,2014-10,Northumbria Police,Northumbria Police,-1.377618,54.904847,On or near BOROUGH ROAD,E01008836,Sunderland 016F,Suspect charged
8713232e04bf02ad9704ac41e4dd03dac5b7d48fceedb2c7b61c08b0fcaa1849,2014-10,Northumbria Police,Northumbria Police,-1.464033,55.035102,On or near OAKTREE GARDENS,E01008556,North Tyneside 013C,Suspect charged
6d8aa87aa03edd975ced21d9b060b9b2e836b5ee12a46d3008a52b48b01f29d5,2014-10,Northumbria Police,Northumbria Police,-1.428318,54.908241,On or near ST LUKE'S ROAD,E01008762,Sunderland 012B,Investigation complete; no suspect identified
6d8aa87aa03edd975ced21d9b060b9b2e836b5ee12a46d3008a52b48b01f29d5,2014-10,Northumbria Police,Northumbria Police,-1.428318,54.908241,On or near ST LUKE'S ROAD,E01008762,Sunderland 012B,Investigation complete; no suspect identified
36d8b5a8344c1f169bb4c824b9845f76165f853fbece69b353a9ad374ca4b6ac,2014-10,Northumbria Police,Northumbria Police,-1.707074,54.981994,On or near ELDON PLACE,E01008382,Newcastle upon Tyne 021B,Investigation complete; no suspect identified
0c1f7acf4069a8ef5f195835e67b9c30519843f82dd85554eb23afeffedc29d7,2014-10,Northumbria Police,Northumbria Police,-1.483408,54.821499,On or near PONTOP STREET,E01008747,Sunderland 035D,Investigation complete; no suspect identified
2775ce5dcc5c559f6870c4b897dc1a27ee264b1a4fd46c6b9d4aa4b21d9f6e74,2014-10,Northumbria Police,Northumbria Police,-1.657098,54.990158,On or near Pedestrian Subway,E01008300,Newcastle upon Tyne 016A,Investigation complete; no suspect identified
216210d707ff8bda8617e65a0f81f9daf79da8940430ed76faf4715e47398310,2014-10,Northumbria Police,Northumbria Police,-1.410230,54.923935,On or near BEECHWOOD CRESCENT,E01008817,Sunderland 004B,Local resolution
0d112de879968cae43c83ad26c8567cdb9013c7d45589f2af966361c0271dcc1,2014-10,Northumbria Police,Northumbria Police,-1.548414,54.955565,On or near GOSFORTH TERRACE,E01008244,Gateshead 003D,Investigation complete; no suspect identified
38f94036e80137b4aa23a2f9191e340a0385ea8054b0ae5038b219389c7db84d,2014-10,Northumbria Police,Northumbria Police,-1.534379,54.990406,On or near FRANK STREET,E01008575,North Tyneside 030E,Offender given a caution
b19d2c47a0ce00d0cf8ad6d7a2c5c511b9ad5d59a9bcbd696e669b94546a7e56,2014-10,Northumbria Police,Northumbria Police,-1.576618,55.177903,On or near WEDDERBURN SQUARE,E01027527,Northumberland 012D,Investigation complete; no suspect identified
b948dda7f019ba2f8cbfc25d32b3e0ba29fe2ecae2454297e74a6f12a274ed25,2014-10,Northumbria Police,Northumbria Police,-1.469976,54.962959,On or near ARRAN DRIVE,E01008603,South Tyneside 014B,Suspect charged as part of another case
da128d140a4bbe3110244e73b25eae205a972588206efa0ebe66958e1d9c5991,2014-10,Northumbria Police,Northumbria Police,-1.474603,54.974581,On or near BILTON HALL ROAD,E01008600,South Tyneside 007A,Investigation complete; no suspect identified
493476473cf0318112aca39094daf8d7e45b8cdeab53bbd31e9aec2b1b9536e0,2014-10,Northumbria Police,Northumbria Police,-1.467484,55.008482,On or near THE QUADRANT,E01008481,North Tyneside 023A,Investigation complete; no suspect identified
153ba50c369e0c9495432ca67ed887736063716f3f7643e3607ac7622d27b191,2014-10,Northumbria Police,Northumbria Police,-1.669501,54.975643,On or near Sports/Recreation Area,E01008289,Newcastle upon Tyne 027B,Investigation complete; no suspect identified
78847b05f7d9961f757ac926f440642cbe7c59e838ed38896102e5c925fa1b6a,2014-10,Northumbria Police,Northumbria Police,-1.490678,54.978333,On or near CONNAUGHT TERRACE,E01008660,South Tyneside 007C,Investigation complete; no suspect identified
d808b566e1aa1002dc1b309b322654d64391b5956856e816cbbb18e4eed35a8f,2014-10,Northumbria Police,Northumbria Police,-1.677435,55.161039,On or near FIFTH AVENUE,E01027461,Northumberland 016E,Offender given a caution
b22ca6ac3a3389fd1cd94b81b8fc71f89e3f9810fcca36ed93cdd0627c937b0e,2014-10,Northumbria Police,Northumbria Police,-1.603557,54.980407,On or near HARRISON PLACE,E01008407,Newcastle upon Tyne 023B,Investigation complete; no suspect identified
70936dab112b60a7ab9cfe3e236f730d827e4940b3f8fa191b6cb301202f1322,2014-10,Northumbria Police,Northumbria Police,-1.569607,54.974280,On or near GILLIES STREET,E01008302,Newcastle upon Tyne 026B,Investigation complete; no suspect identified
0fc1df7d52756357202276135631853d7f2955a26ad7226364afeb54de96e080,2014-10,Northumbria Police,Northumbria Police,-1.381591,54.931557,On or near DACRE ROAD,E01008726,Sunderland 001D,Investigation complete; no suspect identified
2850717085e6a50a8fba2e068289a9734579e4a9370d23b17020130292d93a6e,2014-10,Northumbria Police,Northumbria Police,-1.442528,55.043489,On or near SOUTH PARADE,E01008584,North Tyneside 006A,Offender given penalty notice
823fb83eb152793b76c7b62303d878f04e8647451da3fcfaec0c9a803b8eb85c,2014-10,Northumbria Police,Northumbria Police,-1.712474,54.978484,On or near LESBURY STREET,E01008385,Newcastle upon Tyne 021E,Investigation complete; no suspect identified
cad3c60510b1ddc7e98c2a6f068f3ac6383da7edac5fe56915263b7dcf26baea,2014-10,Northumbria Police,Northumbria Police,-1.505524,54.997176,On or near MERLIN CRESCENT,E01008511,North Tyneside 028A,Offender given a caution
da3170ba700315f3b6fec5adcd756f4ee5ed7938a6161bb52fa130fa06c02531,2014-10,Northumbria Police,Northumbria Police,-1.511853,54.997300,On or near ASHBROOKE GARDENS,E01008571,North Tyneside 028D,Suspect charged
7f929b1c90d33942065c1a8c34171d16b5f914c7d215adad937566f272083f22,2014-10,Northumbria Police,Northumbria Police,-1.551964,54.974764,On or near BYKER STREET,E01008429,Newcastle upon Tyne 028D,Suspect charged
fbdb61adc5b94f8519293dd17817ffd755787ecb2e552351ef4f2bf7e6d74a7b,2014-10,Northumbria Police,Northumbria Police,-1.480187,55.010334,On or near SIMONBURN AVENUE,E01008492,North Tyneside 023E,Suspect charged
04253cd691cfbeb58244f65da7a7aec46e51b9ede077a4d9ecefc0feda9af85a,2014-10,Northumbria Police,Northumbria Police,-1.424052,54.894580,On or near CORRY COURT,E01008758,Sunderland 015B,Investigation complete; no suspect identified
93d67861f7ae4282830eae2ad609c4d150e8bd3436999cc86abb42c4c2207858,2014-10,Northumbria Police,Northumbria Police,-1.617134,54.972264,On or near NEWGATE STREET,E01033543,Newcastle upon Tyne 024G,Suspect charged as part of another case
f807ceeba0f0581b02eec504740282476847b643b99e45a6611a0b197c3c8c36,2014-10,Northumbria Police,Northumbria Police,-1.478144,54.841058,On or near FERRAND DRIVE,E01008754,Sunderland 034F,Suspect charged
637ab51a8dfcdf042c0efdae97c4e54d35f0f48be38a3e4d16a8062b1835467e,2014-10,Northumbria Police,Northumbria Police,-1.651385,55.308048,On or near Parking Area,E01027372,Northumberland 006G,Investigation complete; no suspect identified
32fde8125effbfa3fc70769121f57aaf3a8fb6d23c7b730417c17e45c87bc164,2014-10,Northumbria Police,Northumbria Police,-1.616721,54.974644,On or near Shopping Area,E01008397,Newcastle upon Tyne 024C,Investigation complete; no suspect identified
f0a34b5cec50c634ac24b09a7e0967d12c8bbd2d8f5e459460ff612b0638a043,2014-10,Northumbria Police,Northumbria Police,-1.426397,54.997251,On or near WOODBINE STREET,E01008596,South Tyneside 001B,Offender given a caution
85fcff238c2d6631cf4ca76a9d0a6e5f1fd0bcbdbec9a1a158e816c7c41b8e70,2014-10,Northumbria Police,Northumbria Police,-1.475420,54.997041,On or near ST LUKE'S ROAD,E01008540,North Tyneside 027B,Investigation complete; no suspect identified
c628f1f238e0cf692fa07b9a1897e35a56ff2a0f5320c46601cdbc73c2194bf8,2014-10,Northumbria Police,Northumbria Police,-1.646261,54.969458,On or near ST. MICHAELS CLOSE,E01008333,Newcastle upon Tyne 029C,Suspect charged
2619de6f976de1db73bfc4cfadd9fbc7771e552fdb31080897eb425034562690,2014-10,Northumbria Police,Northumbria Police,-1.447484,55.008618,On or near Supermarket,E01008524,North Tyneside 022B,Suspect charged
89c615390ab999aaf7a56dabfed03f841b7aaa2efeb542213f28431c145d7491,2014-10,Northumbria Police,Northumbria Police,-1.577376,55.039322,On or near BEECH WAY,E01008477,North Tyneside 008C,Suspect charged
8db7a95ee1b9b196c62ba06972bea6ad421b72b908a1ab8297b20870ecdb8d57,2014-10,Northumbria Police,Northumbria Police,-1.604153,54.962643,On or near Shopping Area,E01008168,Gateshead 027D,Offender given a caution
8db7a95ee1b9b196c62ba06972bea6ad421b72b908a1ab8297b20870ecdb8d57,2014-10,Northumbria Police,Northumbria Police,-1.604153,54.962643,On or near Shopping Area,E01008168,Gateshead 027D,Offender given a caution
e20fac60807444d4e6cb9a404334204581f45ef44d8ef00b6fb5ff2d5a600bf1,2014-10,Northumbria Police,Northumbria Police,-1.626652,54.951481,On or near WOOLER CRESCENT,E01008259,Gateshead 007D,Suspect charged
0b4c56f3f80f18cd24bd97910531fa0bc65df33672c0693f52d5e8bb4f73ead7,2014-10,Northumbria Police,Northumbria Police,-1.602844,54.962360,On or near Parking Area,E01008166,Gateshead 027C,Investigation complete; no suspect identified
7916fc96e572345dda57cfc3ee24e02069983bac407975e10ecaf735681b0da9,2014-10,Northumbria Police,Northumbria Police,-1.435244,55.037335,On or near Supermarket,E01008496,North Tyneside 010B,Offender given a caution
7916fc96e572345dda57cfc3ee24e02069983bac407975e10ecaf735681b0da9,2014-10,Northumbria Police,Northumbria Police,-1.435244,55.037335,On or near Supermarket,E01008496,North Tyneside 010B,Investigation complete; no suspect identified
89d04e5a866ac0e1519b8de9e7f7e9f16491a6b504dc6d1976ccee0c1822096a,2014-10,Northumbria Police,Northumbria Police,-1.447484,55.008618,On or near Supermarket,E01008524,North Tyneside 022B,Offender given a caution
b58426010e431915205384825ecca341dc0d90ea7778facba1fab6b325718b20,2014-10,Northumbria Police,Northumbria Police,-1.435244,55.037335,On or near Supermarket,E01008496,North Tyneside 010B,Suspect charged
0fa124f12d730171bdcfbc7725c641433f39e6fa1b01aa8515e48d3a071e213d,2014-10,Northumbria Police,Northumbria Police,-1.532724,54.900087,On or near Supermarket,E01008848,Sunderland 019C,Suspect charged
6d7c778c61a7ccf738adee9a4cb16a755bb5ee0547ceddfdbddbea721d362fe1,2014-10,Northumbria Police,Northumbria Police,-1.437261,54.974881,On or near BURNHAM STREET,E01008591,South Tyneside 011B,Suspect charged
795d46a7122ae312d307d90bc2f86cdeb536f2b4a2d51f3cd3ba9ddf9cd54490,2014-10,Northumbria Police,Northumbria Police,-1.457477,54.890204,On or near A19,E01008730,Sunderland 021B,Investigation complete; no suspect identified
9d40cc24efd4a1e0db81b46a9fdcb8787764187b65577d963acf05361c40842c,2014-10,Northumbria Police,Northumbria Police,-1.531678,54.901485,On or near Parking Area,E01008848,Sunderland 019C,Suspect charged
9dd1ca7bba6f5ed403ea346db297aa24ddcf4d9d027fe610f5d14110459bed15,2014-10,Northumbria Police,Northumbria Police,-1.611983,54.973470,On or near HOOD STREET,E01033543,Newcastle upon Tyne 024G,Investigation complete; no suspect identified
bb69b0277c7f1f02b8ef7576ce4ea5ece1dbcb7d239c8e93b489ddd28e9ae7f5,2014-10,Northumbria Police,Northumbria Police,-1.562045,54.984416,On or near Supermarket,E01008392,Newcastle upon Tyne 026F,Investigation complete; no suspect identified
989ae13331a4e6cd0bf798acac38a5c76ace4dad8a5f4e96f3ceabea2353bd3a,2014-10,Northumbria Police,Northumbria Police,-1.614445,54.974044,On or near BLACKETT STREET,E01008397,Newcastle upon Tyne 024C,Suspect charged
2c0250fa7bab872eac1fd065bdad8539437e61614ad885cb1f44de5d23cb718d,2014-10,Northumbria Police,Northumbria Police,-1.615061,54.975034,On or near Shopping Area,E01008397,Newcastle upon Tyne 024C,Suspect charged
5585bfc97a9b51a14dba6e722b926a6bc799def468142d502b48cf7202bf391f,2014-10,Northumbria Police,Northumbria Police,-1.679481,54.942574,On or near Parking Area,E01008267,Gateshead 017A,Investigation complete; no suspect identified
3400f14f2b92fa0c73bdfa4bccf56ff1e2bc02be43be3cd140afca86ef4cf191,2014-10,Northumbria Police,Northumbria Police,-1.573122,55.102408,On or near EPWELL GROVE,E01027400,Northumberland 027A,Investigation complete; no suspect identified
1a0d038bad040ae6feb7f592cace2a21510c9c624f5da1d370f2eb33d5bd2ef3,2014-10,Northumbria Police,Northumbria Police,-1.536647,54.992994,On or near WILSON STREET,E01008536,North Tyneside 030C,Suspect charged
e1b9330747c382fffceeb22f4bea4e294062d57ecc8108bbf10e9ce81193e796,2014-10,Northumbria Police,Northumbria Police,-1.578611,55.317874,On or near A1068,E01027362,Northumberland 006B,Investigation complete; no suspect identified
658b52bf321badb46a8041714a3e53d30c72e919fd867774051edca5b4538b6d,2014-10,Northumbria Police,Northumbria Police,-1.654103,54.967657,On or near TROVES CLOSE,E01008291,Newcastle upon Tyne 027D,Suspect charged
658b52bf321badb46a8041714a3e53d30c72e919fd867774051edca5b4538b6d,2014-10,Northumbria Police,Northumbria Police,-1.654103,54.967657,On or near TROVES CLOSE,E01008291,Newcastle upon Tyne 027D,Suspect charged
b9ce26c2a17e21478493b2030548cc2260d9f6cc1a619dd7abbfcfc36ae881b6,2014-10,Northumbria Police,Northumbria Police,-1.633538,55.045831,On or near HORNSEA CLOSE,E01008580,North Tyneside 004C,Suspect charged
b9ce26c2a17e21478493b2030548cc2260d9f6cc1a619dd7abbfcfc36ae881b6,2014-10,Northumbria Police,Northumbria Police,-1.633538,55.045831,On or near HORNSEA CLOSE,E01008580,North Tyneside 004C,Suspect charged
b9ce26c2a17e21478493b2030548cc2260d9f6cc1a619dd7abbfcfc36ae881b6,2014-10,Northumbria Police,Northumbria Police,-1.633538,55.045831,On or near HORNSEA CLOSE,E01008580,North Tyneside 004C,Investigation complete; no suspect identified
de7dff7fe6f57adf98024393d8db7ca2220ae686f62498447884e6425f5742bd,2014-10,Northumbria Police,Northumbria Police,-1.719025,54.980135,On or near TWEED GROVE,E01008383,Newcastle upon Tyne 021C,Investigation complete; no suspect identified
df9a8cac6c7b508b0f7da60eea6bf2ca640a1e60e9e2327ea4009df99f2cf520,2014-10,Northumbria Police,Northumbria Police,-1.598068,54.982447,On or near KELVIN GROVE,E01008411,Newcastle upon Tyne 017E,Investigation complete; no suspect identified
0ed0236826c2c90e2187c885f09eb11b9d6834736e0adfaa02b1ff206686fe7d,2014-10,Northumbria Police,Northumbria Police,-1.472230,54.843252,On or near BURN PROMENADE,E01008754,Sunderland 034F,Investigation complete; no suspect identified
a5b8472dc84a9e45b822f8675b7d38e39476fea2e1bfed448b03b2cbf8c1c51c,2014-10,Northumbria Police,Northumbria Police,-1.565086,54.974857,On or near CANTERBURY STREET,E01008388,Newcastle upon Tyne 028A,Investigation complete; no suspect identified
2caac7aaf6ebe2ee93769a48bb2fa12595dc7bd568dcced09042cc8d1a897961,2014-10,Northumbria Police,Northumbria Police,-1.604153,54.962643,On or near Shopping Area,E01008168,Gateshead 027D,Suspect charged
2caac7aaf6ebe2ee93769a48bb2fa12595dc7bd568dcced09042cc8d1a897961,2014-10,Northumbria Police,Northumbria Police,-1.604153,54.962643,On or near Shopping Area,E01008168,Gateshead 027D,Suspect charged
2caac7aaf6ebe2ee93769a48bb2fa12595dc7bd568dcced09042cc8d1a897961,2014-10,Northumbria Police,Northumbria Police,-1.604153,54.962643,On or near Shopping Area,E01008168,Gateshead 027D,Investigation complete; no suspect identified
bdf5ad61d33eda9e341c35b45986e6d4fac8a9e94dc824173c83af3bfe9b708f,2014-10,Northumbria Police,Northumbria Police,-1.912099,55.472725,On or near Park/Open Space,E01027375,Northumberland 003B,Offender given a caution
a0fc588686c265bfa41673ffac434fcca11283a621e463f2fd4f8ef18de76fc4,2014-10,Northumbria Police,Northumbria Police,-1.495100,54.969599,On or near TWEED STREET,E01008657,South Tyneside 009F,Investigation complete; no suspect identified
00726a3b915761c6f8dee0891f5314dfaf4a5db40237ce4aae1d0603d829888d,2014-10,Northumbria Police,Northumbria Police,-1.449232,54.960872,On or near PRIESTLEY COURT,E01008606,South Tyneside 016C,Offender given a drugs possession warning
4be53cab2192cbd73b8362e1f4987bafcb94a50996dbb2865e381ab4e17b43c8,2014-10,Northumbria Police,Northumbria Police,-1.619903,55.013187,On or near Supermarket,E01008358,Newcastle upon Tyne 002E,Suspect charged
58258a9e2e9a838ff42d6a8da4f93c7549d79609e297845e3d9569cb687e67d7,2014-10,Northumbria Police,Northumbria Police,-1.638802,54.972177,On or near KINGSLEY TERRACE,E01008331,Newcastle upon Tyne 029A,Suspect charged
51da4313eb4b20436e14f10f306b0b41b159a11f5dac532d662a66dc30e03682,2014-10,Northumbria Police,Northumbria Police,-1.651339,54.965744,On or near JOSEPH CLOSE,E01008437,Newcastle upon Tyne 029F,Investigation complete; no suspect identified
3321c506b25b9d798944ca3c1ba7b956a9c8ce86ae9ef6f7a12da4fd84814aad,2014-10,Northumbria Police,Northumbria Police,-1.612220,54.976400,On or near Shopping Area,E01008397,Newcastle upon Tyne 024C,Offender given a caution
3321c506b25b9d798944ca3c1ba7b956a9c8ce86ae9ef6f7a12da4fd84814aad,2014-10,Northumbria Police,Northumbria Police,-1.612220,54.976400,On or near Shopping Area,E01008397,Newcastle upon Tyne 024C,Suspect charged
be6d4151ff86dfed2e3e470b4a318ba6e2ffe4adb61d9668099efd0d6d9311d2,2014-10,Northumbria Police,Northumbria Police,-1.617134,54.972264,On or near NEWGATE STREET,E01033543,Newcastle upon Tyne 024G,Suspect charged
ff5010cc24767dc0118b4b24827434bcd953c3db77015e9358f65dc0ada2970a,2014-10,Northumbria Police,Northumbria Police,-1.451552,54.821332,On or near PEMBERTON STREET,E01008742,Sunderland 035C,Suspect charged
d3fe7e67de4e024e288f4c5e4f965c15fc62cf64eeaa6c63ea22fbcbe0a717ab,2014-10,Northumbria Police,Northumbria Police,-1.679454,55.002943,On or near HAGGERSTON CLOSE,E01008296,Newcastle upon Tyne 011A,Suspect charged
3586f2b6d09488b02a237f187d9ffbe2073083d27a58e673476bcdaa543bf7c7,2014-10,Northumbria Police,Northumbria Police,-1.617258,54.970746,On or near FALCONAR'S COURT,E01033543,Newcastle upon Tyne 024G,Suspect charged
d5816a4affeeb0e04d9612fe0efa76eb00732c3b553a4e3bcf9961d8f8fc134c,2014-10,Northumbria Police,Northumbria Police,-1.550619,54.942678,On or near REDEMARSH,E01008231,Gateshead 015A,Investigation complete; no suspect identified
d0e1a33811c79201352b11973b253998a3ee31c23643522dd3984a4106fa4f99,2014-10,Northumbria Police,Northumbria Police,-1.524645,54.994152,On or near BOYD ROAD,E01008572,North Tyneside 029A,Investigation complete; no suspect identified
fbd7b80134afcd62cfcdce2f1f3674a89d6d4f56f2784ff1908e32955c39edd8,2014-10,Northumbria Police,Northumbria Police,-1.438081,54.806245,On or near RYDAL AVENUE,E01008746,Sunderland 036D,Investigation complete; no suspect identified
a9e2f71ac2ec8a836cadc51c832cd19b7ea22ae788a667a1754bb765f1f963ad,2014-10,Northumbria Police,Northumbria Police,-1.369269,54.884225,On or near WINDERMERE STREET,E01008779,Sunderland 024C,Investigation complete; no suspect identified
93f7656b9d6b023e63cc66c1086f4c9d4b8192298b58b69ee29781ad9e52b693,2014-10,Northumbria Police,Northumbria Police,-1.606861,54.968457,On or near QUAYSIDE,E01033543,Newcastle upon Tyne 024G,Investigation complete; no suspect identified
95a33c804350e74c6a6aaf7b16936c89519c54e3bba4ca43221daa4755810be6,2014-10,Northumbria Police,Northumbria Police,-1.615322,54.972222,On or near NUN STREET,E01033543,Newcastle upon Tyne 024G,Suspect charged
920abd614148e0bf7ff1fec228d0f299b7948a9949517b6bf014a563f69326b6,2014-10,Northumbria Police,Northumbria Police,-1.374722,54.928664,On or near HELEN STREET,E01008727,Sunderland 002C,Suspect charged
1ef1cdf51b576233b12ac984478246c579d2920efe9220813282e1c87b40cd71,2014-10,Northumbria Police,Northumbria Police,-1.570022,54.979296,On or near A193,E01008392,Newcastle upon Tyne 026F,Suspect charged
69d52a4e2346e09becc5242955dde3a280431f06beed1bd073408f94b8d38e90,2014-10,Northumbria Police,Northumbria Police,-1.582001,54.902990,On or near ELISABETH AVENUE,E01008223,Gateshead 025B,Investigation complete; no suspect identified
eeca9a74df0cb1fbce193ad789fe4bf9aa8ed3b894494b9085e79d3a36a83de6,2014-10,Northumbria Police,Northumbria Police,-1.611154,54.975165,On or near LISLE STREET,E01008397,Newcastle upon Tyne 024C,Suspect charged
10270a32e051b8df3f09b558feb587829a76eea2b0a40ae087342d135e9eb538,2014-10,Northumbria Police,Northumbria Police,-1.582001,54.902990,On or near ELISABETH AVENUE,E01008223,Gateshead 025B,Investigation complete; no suspect identified
fae69c1df1397100bb65121920e419351f47d320aab63421f50c7ae06bc72357,2014-10,Northumbria Police,Northumbria Police,-1.502052,54.900046,On or near HORSLEY ROAD,E01008847,Sunderland 017C,Suspect charged
c1bcdb5a00b56bb36d97663ba5d60d141db29014066ac82b0d1a8190f33c3ceb,2014-10,Northumbria Police,Northumbria Police,-1.466407,54.841986,On or near CHURCH STREET,E01008715,Sunderland 034B,Investigation complete; no suspect identified
69b720f5995c245d9919a9405d5492e3f6a12112f7330cacadfe4f206b96b4bf,2014-10,Northumbria Police,Northumbria Police,-1.610182,55.344298,On or near WOODLANDS,E01027372,Northumberland 006G,Investigation complete; no suspect identified
eb566603bc2e8fa9688326c74a6ee86f80676337f49c0fb20d32815469bd5c61,2014-10,Northumbria Police,Northumbria Police,-1.598994,54.971055,On or near THE SWIRLE,E01033548,Newcastle upon Tyne 023G,Suspect charged
11410552446183740637bdd5051aa9d3a826c87cd3b4bf967e1e3f09f15dc3c4,2014-10,Northumbria Police,Northumbria Police,-1.527440,55.124714,On or near CAMBO CLOSE,E01027423,Northumberland 024C,Suspect charged
19e8700e4c863df6ea127ef6c77aa431bf476886f7d9020ff4f42342c35af4eb,2014-10,Northumbria Police,Northumbria Police,-1.442722,54.888394,On or near GILBERT SQUARE,E01008733,Sunderland 021E,Investigation complete; no suspect identified
e414d0433e209247d69aebc0351e29b5e7e14f3a265cdcd419dfbd3db1b91edd,2014-10,Northumbria Police,Northumbria Police,-1.429357,54.903124,On or near PRIESTMAN COURT,E01008812,Sunderland 012C,Investigation complete; no suspect identified
575cf2b3dc14795a8d264c1b096dd4a1a4e42dbecc7909520fe87163084fe6ec,2014-10,Northumbria Police,Northumbria Police,-1.586276,55.095894,On or near NORTHUMBRIAN ROAD,E01027401,Northumberland 027B,Suspect charged
c8de265d4dbe51782fdc66ed8348918c6b8ccb68bee1544a8c6a57dcb84a7109,2014-10,Northumbria Police,Northumbria Police,-1.497232,55.005239,On or near ALSTON CLOSE,E01008512,North Tyneside 026D,Suspect charged
c8de265d4dbe51782fdc66ed8348918c6b8ccb68bee1544a8c6a57dcb84a7109,2014-10,Northumbria Police,Northumbria Police,-1.497232,55.005239,On or near ALSTON CLOSE,E01008512,North Tyneside 026D,Suspect charged
98f213f30ae1556d01c522054d9688c5e2e1fb6a5b13916f8f51703632e81257,2014-10,Northumbria Police,Northumbria Police,-1.432104,54.958358,On or near COPLEY AVENUE,E01008689,South Tyneside 019B,Suspect charged
98f213f30ae1556d01c522054d9688c5e2e1fb6a5b13916f8f51703632e81257,2014-10,Northumbria Police,Northumbria Police,-1.432104,54.958358,On or near COPLEY AVENUE,E01008689,South Tyneside 019B,Suspect charged
f1f5cb736d1902c9b076c231ac7f3918c698b59977bc29ddc53ada9d8401b7e3,2014-10,Northumbria Police,Northumbria Police,-1.650043,55.177605,On or near PATTON WAY,E01027462,Northumberland 011B,Investigation complete; no suspect identified
598b3cf1a0709a0f5ddf374dcf41eff1c44d1a1f45c97eb3d770b98b0f9e9774,2014-10,Northumbria Police,Northumbria Police,-1.547037,55.062748,On or near HAZLITT PLACE,E01027436,Northumberland 032E,Investigation complete; no suspect identified
102429bff805604f325d954979d76eaad3a061f5344b5181f64c0316947393d8,2014-10,Northumbria Police,Northumbria Police,-1.584242,55.095590,On or near Supermarket,E01027404,Northumberland 028E,Suspect charged
97a22b93b4f3448c376bcfa46155f8f3229058cd2cc4b6f524fd4baae354a041,2014-10,Northumbria Police,Northumbria Police,-1.483221,54.833737,On or near B1284,E01008747,Sunderland 035D,Investigation complete; no suspect identified
6529697d20f2a7b38669e500d7f87a8252433b58f3e9843c7a547eee84871f84,2014-10,Northumbria Police,Northumbria Police,-1.529917,54.991153,On or near LAUREL STREET,E01008573,North Tyneside 029B,Suspect charged
6529697d20f2a7b38669e500d7f87a8252433b58f3e9843c7a547eee84871f84,2014-10,Northumbria Police,Northumbria Police,-1.529917,54.991153,On or near LAUREL STREET,E01008573,North Tyneside 029B,Suspect charged
1a483cbf4fcb413e5eb2ea972249c4a4af0e3ac3c20eaed910034ffc9a8dec44,2014-10,Northumbria Police,Northumbria Police,-1.512146,55.186882,On or near MANOR DRIVE,E01027541,Northumberland 009A,Investigation complete; no suspect identified
e7735582edde93e4d607f15845371b210f28c9aaf210d1997824e51054ed641e,2014-10,Northumbria Police,Northumbria Police,-1.610818,54.976009,On or near NORTH STREET,E01008397,Newcastle upon Tyne 024C,Suspect charged
6f9b5d497f560293497ed47067de7445d4d6a23068da080c728bb9c0e27d1968,2014-10,Northumbria Police,Northumbria Police,-1.468171,55.015602,On or near Supermarket,E01008526,North Tyneside 020C,Investigation complete; no suspect identified
38db89301ee9f69ead8344882920e10a8564860071d3f54ab6ef95f83df5de89,2014-10,Northumbria Police,Northumbria Police,-1.543432,54.983252,On or near ROTHERDALE COURT,E01008436,Newcastle upon Tyne 020F,Investigation complete; no suspect identified
bd45d43e350f46d4e3db2cf7e47020252b682f447c6a9abe5a82954f96bd16fe,2014-10,Northumbria Police,Northumbria Police,-1.597964,54.955209,On or near Petrol Station,E01008163,Gateshead 028A,Investigation complete; no suspect identified
0c99cfaaa4d7b90fd17d43acad7a5ca5710e8fe4cb6ec1348dc5d8c9b8a2bb00,2014-10,Northumbria Police,Northumbria Police,-1.367666,54.890983,On or near ASHBY STREET,E01008738,Sunderland 016E,Offender given a caution
0c99cfaaa4d7b90fd17d43acad7a5ca5710e8fe4cb6ec1348dc5d8c9b8a2bb00,2014-10,Northumbria Police,Northumbria Police,-1.367666,54.890983,On or near ASHBY STREET,E01008738,Sunderland 016E,Investigation complete; no suspect identified
0c99cfaaa4d7b90fd17d43acad7a5ca5710e8fe4cb6ec1348dc5d8c9b8a2bb00,2014-10,Northumbria Police,Northumbria Police,-1.367666,54.890983,On or near ASHBY STREET,E01008738,Sunderland 016E,Offender given a caution
a9e410962067abc8bf1ae280ad7db7783c2420a8f194bfe623dfe5259cd4bfd9,2014-10,Northumbria Police,Northumbria Police,-1.447816,55.016320,On or near PRESTON AVENUE,E01008527,North Tyneside 017B,Investigation complete; no suspect identified
e3aae48e4045a9f3fd261b9c473d27ea302a7d2516a849bfda44baa1d444a05a,2014-10,Northumbria Police,Northumbria Police,-1.566392,55.136343,On or near KNOX CLOSE,E01027550,Northumberland 020E,Investigation complete; no suspect identified
a90ea38a317a61f564a8f8881aeb5298a548e8544944362d61e0a3abdbe59e5b,2014-10,Northumbria Police,Northumbria Police,-1.386732,54.903384,On or near DERWENT STREET,E01008836,Sunderland 016F,Investigation complete; no suspect identified
a37649efb42c599db72277e602806a7de301c9cb112074d9b00058419167dfd2,2014-10,Northumbria Police,Northumbria Police,-1.652484,54.977798,On or near GOWLAND AVENUE,E01008455,Newcastle upon Tyne 022G,Suspect charged
a1d828181c6707c3cbbaf16faef089500dcd09b045be29f75a959eeb969a7b5b,2014-10,Northumbria Police,Northumbria Police,-1.468392,54.963429,On or near LUSS AVENUE,E01008603,South Tyneside 014B,Suspect charged as part of another case
058410713a23a57fd78e46cef6e5a0d2afa476e613ba43f6af9e0999ab23031c,2014-10,Northumbria Police,Northumbria Police,-1.788355,54.961575,On or near GREENSIDE ROAD,E01008197,Gateshead 002B,Investigation complete; no suspect identified
54b6d5313490270e7a81f743e41b706821829e094813195408a02a1d16e1fe0e,2014-10,Northumbria Police,Northumbria Police,-1.715627,54.963530,On or near LAWRENCE COURT,E01008177,Gateshead 005A,Investigation complete; no suspect identified
1fcfdf89fec9e63e74fb834d6e9433124f44f8e78fd6678f4a09926a3e760755,2014-10,Northumbria Police,Northumbria Police,-1.468392,54.963429,On or near LUSS AVENUE,E01008603,South Tyneside 014B,Suspect charged as part of another case
d480cf1bf880edbab863aa1408ffe5f693748e96c966fc70af509d33c41d7f16,2014-10,Northumbria Police,Northumbria Police,-1.466947,54.962856,On or near PERTH AVENUE,E01008603,South Tyneside 014B,Suspect charged as part of another case
5584b353ac03f703ef4c0501b4e6977e6fd621eb00177c2cf8ee21b35d78272f,2014-10,Northumbria Police,Northumbria Police,-1.466947,54.962856,On or near PERTH AVENUE,E01008603,South Tyneside 014B,Suspect charged as part of another case
075e989333060a7e50b2d82f0a279252b4d65c5ecf2da760863c31e9bcf13166,2014-10,Northumbria Police,Northumbria Police,-1.469976,54.962959,On or near ARRAN DRIVE,E01008603,South Tyneside 014B,Suspect charged as part of another case
48d029c598e8f81e4acd260cada4fee6ca422890bb63e4ed2f3b49ec29be4086,2014-10,Northumbria Police,Northumbria Police,-1.621476,54.968971,On or near SUNDERLAND STREET,E01033545,Newcastle upon Tyne 024H,Suspect charged
19297c18cf6fb6bfc7a88afb9ba211a99b11d5516ac3dd5220866beab845ac2c,2014-10,Northumbria Police,Northumbria Police,-1.384889,54.899447,On or near ASHMORE STREET,E01008834,Sunderland 013E,Investigation complete; no suspect identified
5f5f7574ab8125e650e1474616db6336d33c71ed74e7b613baaa01d85e0792f3,2014-10,Northumbria Police,Northumbria Police,-1.603684,54.973784,On or near ARGYLE STREET,E01033553,Newcastle upon Tyne 023H,Offender given penalty notice
76198b2c229b6a42dfbccec6d88c4c07fed85c6efc029c7ccfc6e1ced0c46644,2014-10,Northumbria Police,Northumbria Police,-1.535620,54.942451,On or near ROEHEDGE,E01008284,Gateshead 014B,Suspect charged
bcc1ef569ee8137369bb32f41656b59e4aad0ecabf949f382bf6aebdf2697577,2014-10,Northumbria Police,Northumbria Police,-1.603684,54.973784,On or near ARGYLE STREET,E01033553,Newcastle upon Tyne 023H,Offender given a caution
02771088df399a2f14c1c1cdcc47e2894b7e472fb94200f7da12094258c98125,2014-10,Northumbria Police,Northumbria Police,-1.523248,54.912865,On or near VICTORIA ROAD,E01008853,Sunderland 009A,Suspect charged
02771088df399a2f14c1c1cdcc47e2894b7e472fb94200f7da12094258c98125,2014-10,Northumbria Police,Northumbria Police,-1.523248,54.912865,On or near VICTORIA ROAD,E01008853,Sunderland 009A,Suspect charged
03166bf7aaf613eba7ca9e61fbb037e41270043109b759eb149fa2171c74b42b,2014-10,Northumbria Police,Northumbria Police,-1.436497,54.897684,On or near PALGROVE SQUARE,E01008813,Sunderland 014C,Suspect charged
03166bf7aaf613eba7ca9e61fbb037e41270043109b759eb149fa2171c74b42b,2014-10,Northumbria Police,Northumbria Police,-1.436497,54.897684,On or near PALGROVE SQUARE,E01008813,Sunderland 014C,Suspect charged
03166bf7aaf613eba7ca9e61fbb037e41270043109b759eb149fa2171c74b42b,2014-10,Northumbria Police,Northumbria Police,-1.436497,54.897684,On or near PALGROVE SQUARE,E01008813,Sunderland 014C,Investigation complete; no suspect identified
a6fa29fa13d45e649c93acd7e5168d9639e8a532a4fa1c6334663827191ee65c,2014-10,Northumbria Police,Northumbria Police,-1.523248,54.912865,On or near VICTORIA ROAD,E01008853,Sunderland 009A,Suspect charged
a6fa29fa13d45e649c93acd7e5168d9639e8a532a4fa1c6334663827191ee65c,2014-10,Northumbria Police,Northumbria Police,-1.523248,54.912865,On or near VICTORIA ROAD,E01008853,Sunderland 009A,Suspect charged
a6fa29fa13d45e649c93acd7e5168d9639e8a532a4fa1c6334663827191ee65c,2014-10,Northumbria Police,Northumbria Police,-1.523248,54.912865,On or near VICTORIA ROAD,E01008853,Sunderland 009A,Suspect charged
aade481f74b23cfe0ae4ea9b17ceed801c3b6440ff975b31ca437c2280c4456f,2014-10,Northumbria Police,Northumbria Police,-1.428396,54.991851,On or near ROBINSON STREET,E01008668,South Tyneside 002E,Suspect charged
d9b976364625c00b8d7832d2440143e5c98027a440e2edb9e90a5b6392764986,2014-10,Northumbria Police,Northumbria Police,-1.613189,54.969906,On or near COLLINGWOOD STREET,E01033545,Newcastle upon Tyne 024H,Investigation complete; no suspect identified
0a3dd794f7ae27e1c9699a15edfd784821abf19ed503e35322ee2da74409ece3,2014-10,Northumbria Police,Northumbria Police,-1.582634,55.333981,On or near BRIDGE STREET,E01027361,Northumberland 006A,Investigation complete; no suspect identified
f6d84bc5424ed29dfc5fd86232050e410dc5b57f3d9cd3455479d60cc12039db,2014-10,Northumbria Police,Northumbria Police,-1.614472,54.971249,On or near BIGG MARKET,E01033543,Newcastle upon Tyne 024G,Investigation complete; no suspect identified
9c9af44552c776436781a82c4fd4e8589a46ca8d0197ab23c30c556e6e543652,2014-10,Northumbria Police,Northumbria Police,-1.712559,54.990760,On or near Supermarket,E01008326,Newcastle upon Tyne 015C,Suspect charged
5f59178ff978f0e61e54ca8dd8bd78bee3c3837334f595b7dcd1ead7cfce1a34,2014-10,Northumbria Police,Northumbria Police,-1.582323,54.986366,On or near BURLINGTON GARDENS,E01008365,Newcastle upon Tyne 012F,Investigation complete; no suspect identified
bdf5d20536997d9000269f2d21f9c5cd5bcca3a32b30e2f81290ca4087439a18,2014-10,Northumbria Police,Northumbria Police,-1.468392,54.963429,On or near LUSS AVENUE,E01008603,South Tyneside 014B,Suspect charged as part of another case
f10567dfca7fe46c1f9d32f65a58c4e010f79a6302be12b7736fd890e14a6241,2014-10,Northumbria Police,Northumbria Police,-1.468087,54.964065,On or near ABERDEEN DRIVE,E01008603,South Tyneside 014B,Suspect charged
1bc0870d3577d48de551d678ed8b49ddfcf00718e76d9f73b1280910866b0bb2,2014-10,Northumbria Police,Northumbria Police,-1.634362,55.013788,On or near HEPPLE WAY,E01008353,Newcastle upon Tyne 006A,Suspect charged
44c85cca91d61c8366a900ff6878606af40c0cbc468c2fc4f61693bb76a03fd3,2014-10,Northumbria Police,Northumbria Police,-1.613189,54.969906,On or near COLLINGWOOD STREET,E01033545,Newcastle upon Tyne 024H,Investigation complete; no suspect identified
831e7f167f52830ea3482e5f81933787625166b75557183a468d1079c31188be,2014-10,Northumbria Police,Northumbria Police,-1.470297,54.963491,On or near AYR DRIVE,E01008603,South Tyneside 014B,Suspect charged as part of another case
831e7f167f52830ea3482e5f81933787625166b75557183a468d1079c31188be,2014-10,Northumbria Police,Northumbria Police,-1.470297,54.963491,On or near AYR DRIVE,E01008603,South Tyneside 014B,Suspect charged
ae25b40a63bbeecc550d7e9417f38ae9f3faa7f4565a0b8504de3b3f8ad46b36,2014-10,Northumbria Police,Northumbria Police,-1.634362,55.013788,On or near HEPPLE WAY,E01008353,Newcastle upon Tyne 006A,Investigation complete; no suspect identified
d76c10bdb2777e40a602091eb322fa65183b3a8efaa5f55b5692b6b4433ae118,2014-10,Northumbria Police,Northumbria Police,-1.528374,54.899990,On or near TALLEY COURT,E01008849,Sunderland 019D,Suspect charged
29976eb228a2c2ab53635c6f67d2f051d022542bbceb61be10c9292a6d9e70c5,2014-10,Northumbria Police,Northumbria Police,-1.561197,55.176689,On or near FIFTH AVENUE,E01027545,Northumberland 010D,Investigation complete; no suspect identified
46d4e0cbbd3882df2a01c2db00770f9fc3aefa326099d847320db7f90807e60f,2014-10,Northumbria Police,Northumbria Police,-1.591674,54.958100,On or near SHELLEY DRIVE,E01008162,Gateshead 027A,Suspect charged
049470c9d1f6b438fc5fe01d6555c45cfdc10c0379d7b4a3b3b247a01a5d1f05,2014-10,Northumbria Police,Northumbria Police,-1.636586,55.048032,On or near GILL COURT,E01008307,Newcastle upon Tyne 001C,Investigation complete; no suspect identified
3fe32c0fd85c94e13b1dec5a08d1d29058b8c45db2b7e578dcfa30bf1a2cb794,2014-10,Northumbria Police,Northumbria Police,-1.405949,54.906310,On or near PICKARD STREET,E01008704,Sunderland 011B,Investigation complete; no suspect identified
b607f37bfc74fad0326e46fc565fb7a850d1580cd7150369b469f0853da7f85d,2014-10,Northumbria Police,Northumbria Police,-1.468087,54.964065,On or near ABERDEEN DRIVE,E01008603,South Tyneside 014B,Suspect charged
65b5237dbca0188fae38523323b72650a07c1e831e8837fc5ed15dec2c06558e,2014-10,Northumbria Police,Northumbria Police,-1.469976,54.962959,On or near ARRAN DRIVE,E01008603,South Tyneside 014B,Suspect charged
aed5f33249d94d50e481056e6881706ee108beb2f39918c1158b0f41be5cc9f3,2014-10,Northumbria Police,Northumbria Police,-1.373260,54.881118,On or near Supermarket,E01008780,Sunderland 024D,Investigation complete; no suspect identified
aed5f33249d94d50e481056e6881706ee108beb2f39918c1158b0f41be5cc9f3,2014-10,Northumbria Police,Northumbria Police,-1.373260,54.881118,On or near Supermarket,E01008780,Sunderland 024D,Suspect charged
aed5f33249d94d50e481056e6881706ee108beb2f39918c1158b0f41be5cc9f3,2014-10,Northumbria Police,Northumbria Police,-1.373260,54.881118,On or near Supermarket,E01008780,Sunderland 024D,Suspect charged
436e68ea0c0c384195ee6736e8b0c996b2bc771f993f170d1c710af4e258fadd,2014-10,Northumbria Police,Northumbria Police,-1.469976,54.962959,On or near ARRAN DRIVE,E01008603,South Tyneside 014B,Suspect charged
c48516c0815dc007f1b9875242ad057ea31443900c8c4ea4560ff13cc7873493,2014-10,Northumbria Police,Northumbria Police,-1.612959,54.972619,On or near Nightclub,E01033543,Newcastle upon Tyne 024G,Suspect charged
0e09188996605f1ce1c77552df138a03625ce9115b1676dde10f6ae475d3a7c4,2014-10,Northumbria Police,Northumbria Police,-1.545782,54.974328,On or near BERRY CLOSE,E01008425,Newcastle upon Tyne 030B,Suspect charged
0e09188996605f1ce1c77552df138a03625ce9115b1676dde10f6ae475d3a7c4,2014-10,Northumbria Police,Northumbria Police,-1.545782,54.974328,On or near BERRY CLOSE,E01008425,Newcastle upon Tyne 030B,Investigation complete; no suspect identified
a7ae275dbac9d1e7b28e8b602d60a2321469cb762d3afc04fd0cb270d544fced,2014-10,Northumbria Police,Northumbria Police,-1.469635,54.999505,On or near STONETHWAITE,E01008541,North Tyneside 027C,Investigation complete; no suspect identified
330030ecbe7c2b4a572b6873cf79b77e6509e31ee8ea4234c74a4762c4fdb6af,2014-10,Northumbria Police,Northumbria Police,-1.656324,54.992878,On or near CHESTNUT AVENUE,E01008380,Newcastle upon Tyne 008G,Suspect charged
330030ecbe7c2b4a572b6873cf79b77e6509e31ee8ea4234c74a4762c4fdb6af,2014-10,Northumbria Police,Northumbria Police,-1.656324,54.992878,On or near CHESTNUT AVENUE,E01008380,Newcastle upon Tyne 008G,Suspect charged
330030ecbe7c2b4a572b6873cf79b77e6509e31ee8ea4234c74a4762c4fdb6af,2014-10,Northumbria Police,Northumbria Police,-1.656324,54.992878,On or near CHESTNUT AVENUE,E01008380,Newcastle upon Tyne 008G,Suspect charged
94a19e87740847d1fd710d5968080653dd20e26f782dee2893dc95ffb2371356,2014-10,Northumbria Police,Northumbria Police,-1.394899,54.908879,On or near ALLIANCE PLACE,E01008700,Sunderland 013A,Suspect charged
cbe8b188b0bc22fd2e8695edb6a379f8f269a089e0cdfd7d06af86d179283d23,2014-10,Northumbria Police,Northumbria Police,-1.569130,54.880092,On or near VIGO LANE,E01020611,County Durham 007D,Investigation complete; no suspect identified
9174fcef1e41454941a136f526d75321eccb8284f623fe7f16b580a6ae05831f,2014-10,Northumbria Police,Northumbria Police,-1.469976,54.962959,On or near ARRAN DRIVE,E01008603,South Tyneside 014B,Suspect charged
e161cebf1c4ff11c471556720a6d627ac174761872d143b8aab43fc191366e1a,2014-10,Northumbria Police,Northumbria Police,-1.462486,54.948395,On or near Parking Area,E01008613,South Tyneside 021D,Suspect charged
a6c4d639a6c4e07aeb5c77123fccdf9b391ef35d5bd8993930dfc3e88b608fff,2014-10,Northumbria Police,Northumbria Police,-1.579259,54.985007,On or near MELDON TERRACE,E01008359,Newcastle upon Tyne 018B,Offender given a caution
4b4feed00608540a19ffc907a0bed8027a77f0a1ad07e6cf8d4818a5ef580142,2014-10,Northumbria Police,Northumbria Police,-1.535133,54.991488,On or near Supermarket,E01008536,North Tyneside 030C,Suspect charged
8fceb5a7c2756999389ea00d084338e666524a3e61d4aec52b2d9a35f53dcce9,2014-10,Northumbria Police,Northumbria Police,-1.433396,54.998632,On or near Hospital,E01008667,South Tyneside 002D,Suspect charged
d7c1275d3ef48fc80cbfeb15ec146c9223e3b52e4ce5dd42bd1339d724bf4a14,2014-10,Northumbria Police,Northumbria Police,-1.534009,54.989991,On or near HUGH STREET,E01008575,North Tyneside 030E,Suspect charged
cee4817122ee771f0f0dc50c960b04abc9f66ba7148b675f5ea767988d95cce0,2014-10,Northumbria Police,Northumbria Police,-1.366144,54.920406,On or near BLOOMFIELD COURT,E01008789,Sunderland 006D,Offender given a caution
2bd8fb2aef4abbe59a7c82a32590605f7d122b1b6d53e109c81cd326b1489c6d,2014-10,Northumbria Police,Northumbria Police,-1.567951,54.949499,On or near STAINTON DRIVE,E01008216,Gateshead 012C,Local resolution
573a421242c40f4ddc20691bfa4606e9730eb8c6cbe823b4bf8769f882fd53ff,2014-10,Northumbria Police,Northumbria Police,-1.401799,54.928522,On or near EYEMOUTH LANE,E01008712,Sunderland 004A,Local resolution
f7ee6b27af50898388dc674f133d92163045e87b47109837051170bf7594b21b,2014-10,Northumbria Police,Northumbria Police,-1.614126,54.977988,On or near BARRAS BRIDGE,E01008397,Newcastle upon Tyne 024C,Investigation complete; no suspect identified
7b4953b77ad330a5e1165c939e446d4c9592a91153722fa9b3f7d992746ca12a,2014-10,Northumbria Police,Northumbria Police,-1.669005,54.990281,On or near SPRINGFIELD ROAD,E01008297,Newcastle upon Tyne 011B,Investigation complete; no suspect identified
6e47e86db5450639557081847769d40370dfe9dd55211890885c3bc740661a3d,2014-10,Northumbria Police,Northumbria Police,-1.562076,54.935612,On or near CEDARWAY,E01008233,Gateshead 018D,Investigation complete; no suspect identified
ed4ad8feb58618db2f69a1b34efd70b50e14b9652ce540b1862bea1e4e11ab49,2014-10,Northumbria Police,Northumbria Police,-1.655065,54.977437,On or near SHIPLEY AVENUE,E01008349,Newcastle upon Tyne 019G,Investigation complete; no suspect identified
4cd0fb9a4e250f3ccbe562682ffb523c9d097c8c64492356ecc0eded7375e2af,2014-10,Northumbria Police,Northumbria Police,-1.666887,54.972491,On or near BENWELL LANE,E01008289,Newcastle upon Tyne 027B,Investigation complete; no suspect identified
4cd0fb9a4e250f3ccbe562682ffb523c9d097c8c64492356ecc0eded7375e2af,2014-10,Northumbria Police,Northumbria Police,-1.666887,54.972491,On or near BENWELL LANE,E01008289,Newcastle upon Tyne 027B,Investigation complete; no suspect identified
489288e6cd98efd1754849fef4e4ce412db977f9366ecfefd89880fa6137a22e,2014-10,Northumbria Police,Northumbria Police,-1.509762,54.917439,On or near TRAFALGAR ROAD,E01008855,Sunderland 007A,Investigation complete; no suspect identified
211bf269c287705bc9d7938b615979270cfc6db741d311be6ca575d139338677,2014-10,Northumbria Police,Northumbria Police,-1.617020,54.997407,On or near GREAT NORTH ROAD,E01008423,Newcastle upon Tyne 006G,Investigation complete; no suspect identified
f0e5c386e9001f35a3e8ad2f5d9be566736d92321077bd61cc30c7d98e7ae7aa,2014-10,Northumbria Police,Northumbria Police,-1.472230,54.843252,On or near BURN PROMENADE,E01008754,Sunderland 034F,Investigation complete; no suspect identified
a05b639f37f7cdaaf701f1475360257b7582c434ede55d601639079eafff8837,2014-10,Northumbria Police,Northumbria Police,-2.016767,55.755062,On or near ETAL ROAD,E01027386,Northumberland 002E,Investigation complete; no suspect identified
e619f0c1e90843f56c2e212708b883936425c66798c81589b50aaf7f8b1947c3,2014-10,Northumbria Police,Northumbria Police,-1.434067,54.998716,On or near QUEEN STREET,E01008667,South Tyneside 002D,Investigation complete; no suspect identified
5d23455297f404e75c4fa280c15b3fea8bc4f6a9a7b8c5cd8ff6d75506c8137a,2014-10,Northumbria Police,Northumbria Police,-1.766705,55.261318,On or near LINDEN ACRES,E01027450,Northumberland 015C,Offender given a caution
9b5d51bd8d1488ec531511f8ccdd81e015778f7f4eee806fccfa27ca74abf558,2014-10,Northumbria Police,Northumbria Police,-1.519086,54.912606,On or near FRONT STREET,E01008853,Sunderland 009A,Investigation complete; no suspect identified
9b5d51bd8d1488ec531511f8ccdd81e015778f7f4eee806fccfa27ca74abf558,2014-10,Northumbria Police,Northumbria Police,-1.519086,54.912606,On or near FRONT STREET,E01008853,Sunderland 009A,Offender given a caution
9b5d51bd8d1488ec531511f8ccdd81e015778f7f4eee806fccfa27ca74abf558,2014-10,Northumbria Police,Northumbria Police,-1.519086,54.912606,On or near FRONT STREET,E01008853,Sunderland 009A,Investigation complete; no suspect identified
9b5d51bd8d1488ec531511f8ccdd81e015778f7f4eee806fccfa27ca74abf558,2014-10,Northumbria Police,Northumbria Police,-1.519086,54.912606,On or near FRONT STREET,E01008853,Sunderland 009A,Investigation complete; no suspect identified
9b5d51bd8d1488ec531511f8ccdd81e015778f7f4eee806fccfa27ca74abf558,2014-10,Northumbria Police,Northumbria Police,-1.519086,54.912606,On or near FRONT STREET,E01008853,Sunderland 009A,Investigation complete; no suspect identified
9b5d51bd8d1488ec531511f8ccdd81e015778f7f4eee806fccfa27ca74abf558,2014-10,Northumbria Police,Northumbria Police,-1.519086,54.912606,On or near FRONT STREET,E01008853,Sunderland 009A,Offender given a caution
59e1096dfd9cd0946b88b7f991514c06c9b47b29c2edcdb9b249a233accb7c31,2014-10,Northumbria Police,Northumbria Police,-1.507556,55.007429,On or near COAST ROAD,E01008461,North Tyneside 021A,Suspect charged
2eabeb898e9a1c4bd4daa260c3a6b707be218c73af9b5703774ff4747c12c4ca,2014-10,Northumbria Police,Northumbria Police,-1.762925,54.973057,On or near LANE HEAD,E01008249,Gateshead 001D,Investigation complete; no suspect identified
f88c6c334a5372eb3cfb5b00150055c611d816438250ba0b041a8cc1adebcf41,2014-10,Northumbria Police,Northumbria Police,-1.658134,54.969367,On or near CLARA STREET,E01008291,Newcastle upon Tyne 027D,Suspect charged
8ccb96c4afafe9ddd110bf63da05a8b502734f76d8821c8ab4bcefbb4d397f56,2014-10,Northumbria Police,Northumbria Police,-1.680983,54.951995,On or near BRINKBURN AVENUE,E01008263,Gateshead 009B,Investigation complete; no suspect identified
2aa88068453e5eb9e2755b761f6845a4ab193612023f7ae93524c88d62a1e632,2014-10,Northumbria Police,Northumbria Police,-1.543947,54.944675,On or near THORNE BRAKE,E01008242,Gateshead 015D,Investigation complete; no suspect identified
447cbbe519c08ab032451ea2cbf25f667662fdf74d0ed599648ba1fce966fe60,2014-10,Northumbria Police,Northumbria Police,-1.375375,54.891535,On or near CEDARS PARK,E01008740,Sunderland 022A,Investigation complete; no suspect identified
c522d711efb246d3e9bc9482b35d365b233cd8d340e4d106c05277f87e72abfd,2014-10,Northumbria Police,Northumbria Police,-1.574914,54.934714,On or near Parking Area,E01008220,Gateshead 021B,Suspect charged
b2c5a9591a6bf663fb5c89ca1f68001d1a5d731439006f72b3865ded3bf14dac,2014-10,Northumbria Police,Northumbria Police,-1.436204,54.989030,On or near LAYGATE,E01008666,South Tyneside 002C,Suspect charged
fe4be75b59fc8ae5fa6603ea21741279a4077e2e383df33493df5a68b54721d7,2014-10,Northumbria Police,Northumbria Police,-1.627704,54.954279,On or near KELSO PLACE,E01008258,Gateshead 007C,Suspect charged
d234f4383c93926a5b978c0ae536fac7f2feb07744a44767c4f59fae8582f68d,2014-10,Northumbria Police,Northumbria Police,-1.614002,54.976262,On or near Shopping Area,E01008397,Newcastle upon Tyne 024C,Suspect charged
d234f4383c93926a5b978c0ae536fac7f2feb07744a44767c4f59fae8582f68d,2014-10,Northumbria Police,Northumbria Police,-1.614002,54.976262,On or near Shopping Area,E01008397,Newcastle upon Tyne 024C,Suspect charged
bc11fb5a1ba5e03d438dee7513e343a49ecd3e83ba7eea05c571cf89164a2f81,2014-10,Northumbria Police,Northumbria Police,-1.688927,54.976692,On or near YEWCROFT AVENUE,E01008415,Newcastle upon Tyne 025B,Suspect charged
42e24787d4b614f3cf9bd91f7cf9d7a35b4cdca58f3fab834b3ff0007a416c80,2014-10,Northumbria Police,Northumbria Police,-1.419622,54.913134,On or near Shopping Area,E01008762,Sunderland 012B,Suspect charged
f137796a9990131662e6a9dd4edd03392298457c94b8dfa55e09e852b521e7a9,2014-10,Northumbria Police,Northumbria Police,-1.400235,54.900413,On or near VALE STREET,E01008832,Sunderland 018C,Investigation complete; no suspect identified
97ed813f43d98c1512e9c031d770fdb081b0e11202d5e055439037981d62b83c,2014-10,Northumbria Police,Northumbria Police,-1.586985,54.976757,On or near Petrol Station,E01008304,Newcastle upon Tyne 026C,Suspect charged
ea199651a1ec03d11616817193703d9e8c3a74c48bc2adb58d71f97829fc3af0,2014-10,Northumbria Police,Northumbria Police,-1.599188,55.056605,On or near ANGERTON TERRACE,E01008583,North Tyneside 002E,Investigation complete; no suspect identified
81a73409f2c1260eeb96ca052379d3086cbbbcabb7377a43cdf6443b42f5eb8b,2014-10,Northumbria Police,Northumbria Police,-1.440599,54.974133,On or near Supermarket,E01008590,South Tyneside 011A,Suspect charged
d8dfdb846eddfe38753e0b3f2bb78e7e80aa8dfeb48276de396611143460164c,2014-10,Northumbria Police,Northumbria Police,-1.659628,54.973684,On or near CONDERCUM ROAD,E01008334,Newcastle upon Tyne 029D,Investigation complete; no suspect identified
9a903b268f3de59e4716763a8139551aedb2ff06926ef9240762d38485b6e4e6,2014-10,Northumbria Police,Northumbria Police,-1.597789,54.939905,On or near JOICEY ROAD,E01008237,Gateshead 016D,Investigation complete; no suspect identified
5892407de2d7eb732930acdec4761417a667765f661ecf738dfaa0125266b7b4,2014-10,Northumbria Police,Northumbria Police,-1.443865,55.041877,On or near VICTORIA MEWS,E01008588,North Tyneside 006D,Suspect charged
4cb971173e077007d81d2b764a014fb82ffa8f85bb5b024c9cd97d3cc5f580ee,2014-10,Northumbria Police,Northumbria Police,-1.677973,54.998482,On or near PALLINSBURN COURT,E01008298,Newcastle upon Tyne 011C,Investigation complete; no suspect identified
78f639651b5d9af0e644372c7307697fc59f3117abab4a3615d2495a1a757ed1,2014-10,Northumbria Police,Northumbria Police,-1.617099,54.975966,On or near MORDEN STREET,E01008397,Newcastle upon Tyne 024C,Suspect charged
95183d996e0a4b70882718bf0946dc589c4407873923f20b642b0e0bda30689a,2014-10,Northumbria Police,Northumbria Police,-1.647899,55.180358,On or near PEGSWOOD PRECINCT,E01027462,Northumberland 011B,Suspect charged
95183d996e0a4b70882718bf0946dc589c4407873923f20b642b0e0bda30689a,2014-10,Northumbria Police,Northumbria Police,-1.647899,55.180358,On or near PEGSWOOD PRECINCT,E01027462,Northumberland 011B,Suspect charged
b80325c7a5d8219b3dfddc9305bd54168f88afbff20b6488135484baf5f637f5,2014-10,Northumbria Police,Northumbria Police,-1.617878,55.009038,On or near SPITAL TERRACE,E01008355,Newcastle upon Tyne 006B,Investigation complete; no suspect identified
51d837cc8d2bcf8e80a36dc427524f70b8a62e5afdc51c8d8e86c0b50a91ed4f,2014-10,Northumbria Police,Northumbria Police,-1.553158,55.128899,On or near BELLS CLOSE,E01027425,Northumberland 025A,Offender given a caution
51d837cc8d2bcf8e80a36dc427524f70b8a62e5afdc51c8d8e86c0b50a91ed4f,2014-10,Northumbria Police,Northumbria Police,-1.553158,55.128899,On or near BELLS CLOSE,E01027425,Northumberland 025A,Offender given a caution
ead63cec4a0f7818c9e61854b5c2c5e398f925d18899c3c0777907ed4057a6c5,2014-10,Northumbria Police,Northumbria Police,-1.607241,54.987114,On or near HALDANE TERRACE,E01008370,Newcastle upon Tyne 017C,Investigation complete; no suspect identified
518ee1d4619872584eca31f120de9036d6ce8935a19b994fbc400d4727e53883,2014-10,Northumbria Police,Northumbria Police,-1.600694,54.963413,On or near SWAN STREET,E01008166,Gateshead 027C,Suspect charged
930e8857d1711ac57bd3ba209c9a19f0606a545b6299d0b14823b0ad1aee3a7b,2014-10,Northumbria Police,Northumbria Police,-1.716051,54.994210,On or near ARNCLIFFE GARDENS,E01008328,Newcastle upon Tyne 015E,Suspect charged
9d80550978706494a0334813d75cb37b8c5422e092883e55ce3ab020522f85cc,2014-10,Northumbria Police,Northumbria Police,-1.566925,55.036266,On or near Shopping Area,E01008479,North Tyneside 008D,Offender given a caution
be26deb1fb6fc8492794f4f2785d4573aa3b004d395c2f3f2c5ef4f6f228b285,2014-10,Northumbria Police,Northumbria Police,-1.447484,55.008618,On or near Supermarket,E01008524,North Tyneside 022B,Suspect charged
2a9fca6ea2ab906213cb15cd89784f1c90de3da01b7b2e8f3a0ad46bb4fcdab1,2014-10,Northumbria Police,Northumbria Police,-1.537999,55.211245,On or near BRIDGE ROAD,E01027451,Northumberland 008E,Investigation complete; no suspect identified
455819be22030db072545385f67cec0c450cbd55dcce81b84b9addec11ce3f0d,2014-10,Northumbria Police,Northumbria Police,-1.617134,54.972264,On or near NEWGATE STREET,E01033543,Newcastle upon Tyne 024G,Investigation complete; no suspect identified
7a1271a80b94d52f3bf811d7f41369b5e4c5ad7d1c6782914427d1ff60c1d7e2,2014-10,Northumbria Police,Northumbria Police,-1.637175,54.972352,On or near GLOUCESTER ROAD,E01008331,Newcastle upon Tyne 029A,Suspect charged
49745d266b269d1707c7311b553dbe624c2c027242534739b622c3aac276c1d5,2014-10,Northumbria Police,Northumbria Police,-1.601695,55.295936,On or near CHIBBURN AVENUE,E01027443,Northumberland 008A,Investigation complete; no suspect identified
49745d266b269d1707c7311b553dbe624c2c027242534739b622c3aac276c1d5,2014-10,Northumbria Police,Northumbria Police,-1.601695,55.295936,On or near CHIBBURN AVENUE,E01027443,Northumberland 008A,Investigation complete; no suspect identified
8fb594d806cb6961a7d14d00e96cb4a26359015eee8236583ebe4591afe82931,2014-10,Northumbria Police,Northumbria Police,-1.615061,54.975034,On or near Shopping Area,E01008397,Newcastle upon Tyne 024C,Suspect charged
62612e5937015adf4e33714143ca022ebbc214e20ee1ebaf79af2c1b93da0771,2014-10,Northumbria Police,Northumbria Police,-1.532724,54.900087,On or near Supermarket,E01008848,Sunderland 019C,Offender given a caution
ced8c4904199dca0c14c331acfed51ef260ec0e3aa691c32135582d0661d90cb,2014-10,Northumbria Police,Northumbria Police,-1.532724,54.900087,On or near Supermarket,E01008848,Sunderland 019C,Offender given a caution
c878faaea964471a0679e35aa332997451e5eb44faeeb5cf84b4ad64bd69d615,2014-10,Northumbria Police,Northumbria Police,-1.639553,54.973806,On or near BISHOP'S AVENUE,E01008449,Newcastle upon Tyne 022D,Suspect charged as part of another case
73ead724c16e000a76524075f078e004414dcabdaad8f7c8f20f86901885165f,2014-10,Northumbria Police,Northumbria Police,-1.612220,54.976400,On or near Shopping Area,E01008397,Newcastle upon Tyne 024C,Suspect charged
71210735fbcffece4d90dafc296e46322e548f3a850974c3d1578250402d44da,2014-10,Northumbria Police,Northumbria Police,-1.534365,54.898368,On or near Parking Area,E01008848,Sunderland 019C,Offender given a caution
6dc213398d7bf8592acd279f66f1daf92a7f217c8705a7c8cf9ee42bd5ee79f9,2014-10,Northumbria Police,Northumbria Police,-1.617648,55.008633,On or near ALWINTON TERRACE,E01008355,Newcastle upon Tyne 006B,Investigation complete; no suspect identified
7c51e97c3da8453a7fe15c29ba88ae2c3068a38e955e5f0c96021781859fe24f,2014-10,Northumbria Police,Northumbria Police,-1.401344,54.970711,On or near HOLLY AVENUE,E01008625,South Tyneside 013C,Investigation complete; no suspect identified
94664512976315dcd9919a4ef99117f317f878b0b9827d5cefbb5053208be3f7,2014-10,Northumbria Police,Northumbria Police,-1.584226,54.976182,On or near CLIFFORD STREET,E01008304,Newcastle upon Tyne 026C,Suspect charged
2b6c7ca3962d65bbb62d928016315008ffe7e67aabd1dd5557796ec6eb9b5e42,2014-10,Northumbria Police,Northumbria Police,-1.543044,54.955455,On or near FISHERWELL ROAD,E01008244,Gateshead 003D,Investigation complete; no suspect identified
846d9fa570e9edb43c47985f6f2bdf001b9fe8a88955e7ea855f00a95023c04f,2014-10,Northumbria Police,Northumbria Police,-1.494547,55.011149,On or near Shopping Area,E01008491,North Tyneside 015D,Suspect charged
763655fb1e53cb4bfe20583aef2075cebe6b796c61f9ede131a313a902044ca6,2014-10,Northumbria Police,Northumbria Police,-1.577115,54.982295,On or near THIRD AVENUE,E01008362,Newcastle upon Tyne 018E,Investigation complete; no suspect identified
08186cc41f2859c1bb6fbd273f37f7467555f28f09e2675f75191c4ecb4c9e6d,2014-10,Northumbria Police,Northumbria Police,-1.479901,55.014332,On or near PRESTWICK AVENUE,E01008491,North Tyneside 015D,Investigation complete; no suspect identified
aed560ae2a1aad886e129129a6a4a39c2ffd7bd6caf2bd6e82d4182fa0e86d21,2014-10,Northumbria Police,Northumbria Police,-1.481577,54.991109,On or near LESBURY STREET,E01008540,North Tyneside 027B,Investigation complete; no suspect identified
94eb1357775a40290ca8b1b8e6541600947e64fe68fe1dc64a12f43227fd78dc,2014-10,Northumbria Police,Northumbria Police,-1.617134,54.972264,On or near NEWGATE STREET,E01033543,Newcastle upon Tyne 024G,Investigation complete; no suspect identified
89a57c8a7711a617fc580bae297d1b90d3bb7359c67799b7e6b7befa5956ec2b,2014-10,Northumbria Police,Northumbria Police,-1.434635,54.986102,On or near EGLESFIELD ROAD,E01008664,South Tyneside 002A,Offender given a caution
ea71528c5e6f66787c294f2a7b6eeea87c1f1e107ae3f9e20a4370fc7b8be460,2014-10,Northumbria Police,Northumbria Police,-1.507528,55.013503,On or near BLACKHILL AVENUE,E01008468,North Tyneside 021D,Suspect charged
b9b1a5785a22b68d51f12062527a7924efa558bfadf5cff81879a0b03e5305b1,2014-10,Northumbria Police,Northumbria Police,-1.469976,54.962959,On or near ARRAN DRIVE,E01008603,South Tyneside 014B,Suspect charged as part of another case
07066a342e7949ccb39bb4c0438535912b6b18ddc3da8c87bab2c5074ee1eb65,2014-10,Northumbria Police,Northumbria Police,-1.609275,54.967503,On or near B1307,E01033545,Newcastle upon Tyne 024H,Investigation complete; no suspect identified
a181ee55623c21728bacb915c2779382332a61f5884da3f3adf17763735298df,2014-10,Northumbria Police,Northumbria Police,-1.483422,54.866728,On or near DEVON STREET,E01032483,Sunderland 032F,Investigation complete; no suspect identified
f0785a5411be86f5f5398302a277404c8ea4bda35b4b17feea2f35f9934c7b27,2014-10,Northumbria Police,Northumbria Police,-1.571742,55.183098,On or near Shopping Area,E01027529,Northumberland 010B,Suspect charged
55b8b3688d2e662c43e0b54eb096dd8b7342c16677e0a554570acf9138347b3c,2014-10,Northumbria Police,Northumbria Police,-1.764819,55.036530,On or near Supermarket,E01033714,Northumberland 033F,Offender given a caution
75ae09f0fb99ab121f3162c25330e07536c0a17f6540a383625f930021ac609d,2014-10,Northumbria Police,Northumbria Police,-1.603021,54.949106,On or near RODSLEY AVENUE,E01008251,Gateshead 010A,Suspect charged
468411fcde5c0c9fd488a98d91af5df64c281d1f198b432768d2be187eb84e0a,2014-10,Northumbria Police,Northumbria Police,-1.377618,54.904847,On or near BOROUGH ROAD,E01008836,Sunderland 016F,Suspect charged
725899fee2ef5b62a600247bd010eee09259e60795157c7c9558d04231f7aa9f,2014-10,Northumbria Police,Northumbria Police,-1.603021,54.949106,On or near RODSLEY AVENUE,E01008251,Gateshead 010A,Suspect charged
725899fee2ef5b62a600247bd010eee09259e60795157c7c9558d04231f7aa9f,2014-10,Northumbria Police,Northumbria Police,-1.603021,54.949106,On or near RODSLEY AVENUE,E01008251,Gateshead 010A,Suspect charged
6ece0abd0ce7f99faa9b1e508f9102aa22d4b6adf33ca7fb1b7a21a2f3e75bed,2014-10,Northumbria Police,Northumbria Police,-1.604581,54.982675,On or near OSBORNE TERRACE,E01008370,Newcastle upon Tyne 017C,Investigation complete; no suspect identified
1db68501cabd0ab296acb4f3c297ffe382e4715ab0a0dff6394f8c23f2b08322,2014-10,Northumbria Police,Northumbria Police,-1.617120,54.978617,On or near EDWARD'S WALK,E01008397,Newcastle upon Tyne 024C,Offender given a caution
f69c2cf4756dc08d523fc0f94fedc40221cd50fa5bf13e430dde4da2e626291f,2014-10,Northumbria Police,Northumbria Police,-1.383910,54.904331,On or near HOLMESIDE,E01008703,Sunderland 013B,Investigation complete; no suspect identified
ad23b345ccc85cdd0a7a20e99a1654130dd7a4b1a9f5304cbda6d17d003f1c94,2014-10,Northumbria Police,Northumbria Police,-1.584226,54.976182,On or near CLIFFORD STREET,E01008304,Newcastle upon Tyne 026C,Suspect charged
ad23b345ccc85cdd0a7a20e99a1654130dd7a4b1a9f5304cbda6d17d003f1c94,2014-10,Northumbria Police,Northumbria Police,-1.584226,54.976182,On or near CLIFFORD STREET,E01008304,Newcastle upon Tyne 026C,Suspect charged
44124f9f6989134494c83c225879dd317be44848d75e90eebad85090f9c0138d,2014-10,Northumbria Police,Northumbria Police,-1.611203,55.341471,On or near MAGDALENE FIELDS,E01027372,Northumberland 006G,Investigation complete; no suspect identified
9d3fcc276ddafde87d8d546161b3fa8165f41b3da55e98367f0ddacdfb8fa64c,2014-10,Northumbria Police,Northumbria Police,-1.689114,54.978840,On or near HOWLETT HALL ROAD,E01008416,Newcastle upon Tyne 025C,Suspect charged
326443e11d3423e88c5f1e216a348c5617885b80a0a02b403e5aa0b82ed9a150,2014-10,Northumbria Police,Northumbria Police,-1.689114,54.978840,On or near HOWLETT HALL ROAD,E01008416,Newcastle upon Tyne 025C,Suspect charged
467c874c6b361deb23c05f2e94de5d30ee561e8b2242ebee7e23a701a49647f3,2014-10,Northumbria Police,Northumbria Police,-1.428881,54.893794,On or near SPRINGWELL ROAD,E01008732,Sunderland 021D,Investigation complete; no suspect identified
affe2bb8756f7eb30489606fc13517038d56c5aacb08d9fda63d1ae3267aac04,2014-10,Northumbria Police,Northumbria Police,-1.616721,54.974644,On or near Shopping Area,E01008397,Newcastle upon Tyne 024C,Local resolution
794a51e39d57c30968199b3939d69be0022378eb262491af8a4b98baccf52d55,2014-10,Northumbria Police,Northumbria Police,-1.531717,54.941178,On or near LANCHESTER CLOSE,E01008284,Gateshead 014B,Investigation complete; no suspect identified
19e26309f3a6de832b6976476b223e9a716f0f3c953bea5f6bfd9d28df728663,2014-10,Northumbria Police,Northumbria Police,-1.601202,54.973606,On or near STEPNEY LANE,E01033553,Newcastle upon Tyne 023H,Investigation complete; no suspect identified
f0d95e914103f3cce309ce5091acf6a79e0f63cf2c362c3a6a316a68a496a1ef,2014-10,Northumbria Police,Northumbria Police,-1.557948,54.978983,On or near ULVERSTONE TERRACE,E01008391,Newcastle upon Tyne 026E,Investigation complete; no suspect identified
a8926f380771f7247db1bb76df5818d0502629aecfb7d988458a5a0d60a32e48,2014-10,Northumbria Police,Northumbria Police,-1.602496,54.962754,On or near Parking Area,E01008166,Gateshead 027C,Investigation complete; no suspect identified
5823b98762e6d8486b5e6eddb47a768ebb89e24a02ea846782b86cddf710efb8,2014-10,Northumbria Police,Northumbria Police,-1.617120,54.978617,On or near EDWARD'S WALK,E01008397,Newcastle upon Tyne 024C,Offender given a caution
976cf62e4173bcca737d2f59246dde9c0058f6e747fa3f8ed4d4dd6f1e848881,2014-10,Northumbria Police,Northumbria Police,-1.381905,54.917126,On or near Shopping Area,E01008787,Sunderland 006B,Offender given a caution
b2dcabf455fd924d2e2bb8af9e4f5cb32969af5d508a0b12d0fc5f366481c736,2014-10,Northumbria Police,Northumbria Police,-1.603735,54.954374,On or near LINCOLN STREET,E01008163,Gateshead 028A,Suspect charged
b2dcabf455fd924d2e2bb8af9e4f5cb32969af5d508a0b12d0fc5f366481c736,2014-10,Northumbria Police,Northumbria Police,-1.603735,54.954374,On or near LINCOLN STREET,E01008163,Gateshead 028A,Investigation complete; no suspect identified
cbc043be2d00d6fab41ed5b0191d493ba9b60d21635508aa2640ef9bb9aef0ef,2014-10,Northumbria Police,Northumbria Police,-1.389311,54.920507,On or near NEWBOLD AVENUE,E01008708,Sunderland 005A,Investigation complete; no suspect identified
fe94512774a3d386c434b87d9323592b2223e0ebb1826fa59b359e0611efc8d2,2014-10,Northumbria Police,Northumbria Police,-1.543074,55.123390,On or near SWALEDALE AVENUE,E01027425,Northumberland 025A,Offender given a drugs possession warning
4a5a75a59332c7a583ab492acbd87820934a1c7dee78d81d2399fb6df916e35f,2014-10,Northumbria Police,Northumbria Police,-1.444290,54.909268,On or near RIVERSIDE PARK,E01008814,Sunderland 014D,Investigation complete; no suspect identified
e6b202ce8e33a61d03560fa1ee8c4195e9ec65feddd991f6fa3c89cc432da9c9,2014-10,Northumbria Police,Northumbria Police,-1.670685,54.991301,On or near ROSEHILL WAY,E01008299,Newcastle upon Tyne 011D,Investigation complete; no suspect identified
8675478c9e9680d610750e9eb136df60a3fa5a2338f31046d774f5b4fdce7a5d,2014-10,Northumbria Police,Northumbria Police,-1.375543,54.908871,On or near RUSSELL STREET,E01008703,Sunderland 013B,Offender given a drugs possession warning
30dcef79b7290b296b257e5c0b3b1f3d3f2bab478d5f76154d8d0d1e3f9f6d60,2014-10,Northumbria Police,Northumbria Police,-1.395685,54.903258,On or near EAST CLEFT ROAD,E01008707,Sunderland 011D,Suspect charged as part of another case
cf4f4b79684f54bf1f43e8a61feaa3bc7e8dfe4b5d692a36633d21f3c661d46e,2014-10,Northumbria Police,Northumbria Police,-1.489348,54.873708,On or near CLYDESDALE AVENUE,E01008800,Sunderland 030D,Suspect charged
3498c548d7640a249cdc7998e6b137b1022f5dfcf5b9e7ab5e6ce95d0767ad6e,2014-10,Northumbria Police,Northumbria Police,-1.508279,55.127172,On or near BRIDGE STREET,E01027415,Northumberland 023B,Suspect charged
6c9129a559992f5b19fc2cdde718e384ecd74864da1f828cb700b0beb84c9fea,2014-10,Northumbria Police,Northumbria Police,-1.489348,54.873708,On or near CLYDESDALE AVENUE,E01008800,Sunderland 030D,Suspect charged
b7bb6bbbce9ca438d7ab955f881fbc8f413644845e828f218ffbeed72edaac0a,2014-10,Northumbria Police,Northumbria Police,-1.439468,55.040779,On or near WHITLEY ROAD,E01008588,North Tyneside 006D,Investigation complete; no suspect identified
40c7701f944b1166053b3a80e50c6741be2a752a474366e8caedbb0307adc915,2014-10,Northumbria Police,Northumbria Police,-1.489348,54.873708,On or near CLYDESDALE AVENUE,E01008800,Sunderland 030D,Suspect charged
fa44c59ae2d85d547dc16ba6c3633f4187c0ab6fc85f5a9fddc282e05c6615b7,2014-10,Northumbria Police,Northumbria Police,-1.421020,54.997262,On or near SALISBURY PLACE,E01008597,South Tyneside 001C,Investigation complete; no suspect identified
6ce280eb2680a72e920ec0c9b79be8fbdaecd0fe022baf1646e0206f4a859ee1,2014-10,Northumbria Police,Northumbria Police,-1.635945,55.049648,On or near DENE AVENUE,E01008307,Newcastle upon Tyne 001C,Investigation complete; no suspect identified
b66ca4d71f24f27f99357a4821b0dfa23e3c38b87dfe087f22f92e146137166b,2014-10,Northumbria Police,Northumbria Police,-1.452198,55.010346,On or near AYRE'S TERRACE,E01008529,North Tyneside 022D,Investigation complete; no suspect identified
d52fb3734789f594c10944e53e12432d494af3463f229b5037729992f5b3b3b9,2014-10,Northumbria Police,Northumbria Police,-1.717891,54.965817,On or near COCHRAN STREET,E01008177,Gateshead 005A,Investigation complete; no suspect identified
77061ebeaa317e6ab5489f71338e8a72c8b14462da4c36e7f29d38b849581c4c,2014-10,Northumbria Police,Northumbria Police,-1.712341,54.955587,On or near LIME STREET,E01008182,Gateshead 004C,Investigation complete; no suspect identified
4064c529df30a18305b5a434479589540ba6d50b65abb32e9f202aff35305645,2014-10,Northumbria Police,Northumbria Police,-1.380861,54.904881,On or near Further/Higher Educational Building,E01008703,Sunderland 013B,Suspect charged as part of another case
9f9ad1994af6bd79cdea921164e3cb0346f77bfc6481eb139b69556dbbc82d2e,2014-10,Northumbria Police,Northumbria Police,-1.523114,54.949259,On or near WARDLEY COURT,E01008286,Gateshead 014C,Investigation complete; no suspect identified
6b96031407d90a1208a114ba947d203fd1b78406e6785241ce76763ef42caaad,2014-10,Northumbria Police,Northumbria Police,-1.573457,54.902798,On or near GARSIDE AVENUE,E01008222,Gateshead 025A,Investigation complete; no suspect identified
a1da3a8235927a8f0da7d44dff59e22cd50be2c870af3f71f0103e2352048171,2014-10,Northumbria Police,Northumbria Police,-1.457142,54.917432,On or near COLOMBO ROAD,E01008696,Sunderland 008D,Suspect charged
e1ce5389c75ce91dee8828438ca28fb26723fde6f73f2a563336b19fb8a9765a,2014-10,Northumbria Police,Northumbria Police,-1.514517,55.000627,On or near ESSEX GARDENS,E01008576,North Tyneside 029D,Investigation complete; no suspect identified
366894f9b8faf83538ebca98c8e0a10ffcac8bdb3ffa9db74c4562599537654b,2014-10,Northumbria Police,Northumbria Police,-1.707124,55.131891,On or near THE DRIVE,E01027473,Northumberland 015D,Investigation complete; no suspect identified
6a5be453da3a0c39f351c852fad992f74bf0a766ffcaafd792e0a566b7dfff6d,2014-10,Northumbria Police,Northumbria Police,-1.754860,54.999317,On or near PONTELAND ROAD,E01008405,Newcastle upon Tyne 014F,Investigation complete; no suspect identified
c7d1cd6729d9d9015fe8f1eb7a2d1a1f3336f01987632b1af7f65eaf9d617fec,2014-10,Northumbria Police,Northumbria Police,-1.568353,55.182852,On or near Supermarket,E01027528,Northumberland 010A,Investigation complete; no suspect identified
e0102993daaa332dfb8b9b1d285d9fa4657cb578d7e34fe0149d61fbc56c5d2d,2014-10,Northumbria Police,Northumbria Police,-1.530571,54.992683,On or near CORONATION STREET,E01008573,North Tyneside 029B,Suspect charged
10557595511860b9a5353367decb020891cb1777d02a6506ef86db685d661624,2014-10,Northumbria Police,Northumbria Police,-1.689494,54.968085,On or near Pedestrian Subway,E01008415,Newcastle upon Tyne 025B,Suspect charged
10557595511860b9a5353367decb020891cb1777d02a6506ef86db685d661624,2014-10,Northumbria Police,Northumbria Police,-1.689494,54.968085,On or near Pedestrian Subway,E01008415,Newcastle upon Tyne 025B,Suspect charged
10557595511860b9a5353367decb020891cb1777d02a6506ef86db685d661624,2014-10,Northumbria Police,Northumbria Police,-1.689494,54.968085,On or near Pedestrian Subway,E01008415,Newcastle upon Tyne 025B,Investigation complete; no suspect identified
10557595511860b9a5353367decb020891cb1777d02a6506ef86db685d661624,2014-10,Northumbria Police,Northumbria Police,-1.689494,54.968085,On or near Pedestrian Subway,E01008415,Newcastle upon Tyne 025B,Investigation complete; no suspect identified
3cb181626f09b1bb57ef16b35855cc856c2d7a24521f0c8ef7b99bfff91e7c86,2014-10,Northumbria Police,Northumbria Police,-1.613189,54.969906,On or near COLLINGWOOD STREET,E01033545,Newcastle upon Tyne 024H,Investigation complete; no suspect identified
4c8fc58601ee478d11dde9b8d7a436987f6d0583038c2ce800bf7cf24a4e88b4,2014-10,Northumbria Police,Northumbria Police,-1.521233,54.963073,On or near CRAWLEY AVENUE,E01008643,South Tyneside 015A,Suspect charged
4c8fc58601ee478d11dde9b8d7a436987f6d0583038c2ce800bf7cf24a4e88b4,2014-10,Northumbria Police,Northumbria Police,-1.521233,54.963073,On or near CRAWLEY AVENUE,E01008643,South Tyneside 015A,Suspect charged
f448aab20a1babc18aeaeed5c41643f91b4c23fb7cf74624766df12454dd0264,2014-10,Northumbria Police,Northumbria Police,-1.492335,54.867952,On or near THE COVE,E01008793,Sunderland 030A,Investigation complete; no suspect identified
6421cbc52be047863602b763836ee80a746e80c5aec41259fe0f231793c94c1d,2014-10,Northumbria Police,Northumbria Police,-1.514702,54.908760,On or near INDUSTRIAL ROAD,E01008853,Sunderland 009A,Investigation complete; no suspect identified
6cc041bd3cef4b9feec1c0e0559e89a37553f27f18c7eee7037b5732e04a6fa7,2014-10,Northumbria Police,Northumbria Police,-1.401463,54.873298,On or near TUNSTALL TERRACE,E01008805,Sunderland 027C,Investigation complete; no suspect identified
b938915e541a10aab35c1632d8071aab65ddde9240b74f7fc820a080f143a24a,2014-10,Northumbria Police,Northumbria Police,-1.433335,54.991838,On or near MAXWELL STREET,E01008667,South Tyneside 002D,Suspect charged
0b65cdb764076bbb1ebc73fb7d4355993647dafb02873225a73317bed217a7fc,2014-10,Northumbria Police,Northumbria Police,-1.617415,54.965633,On or near COOKSON'S LANE,E01033545,Newcastle upon Tyne 024H,Suspect charged
996d78af70bc207e0fb5d62e0fbf2929e5b94234f6a8159628c3609caeeefd65,2014-10,Northumbria Police,Northumbria Police,-1.596003,54.956119,On or near CEMETERY ROAD,E01008163,Gateshead 028A,Suspect charged
f8213659be07859afe6c2a8068e82de5a952a2916980a8ab144d8f0bac658068,2014-10,Northumbria Police,Northumbria Police,-1.619894,54.971140,On or near CHARLOTTE SQUARE,E01033554,Newcastle upon Tyne 024I,Suspect charged
f4d473d4ebc639687c86444fe1e94d1cb95a871046330a5e1cbf7e45f73764bc,2014-10,Northumbria Police,Northumbria Police,-1.616944,54.956124,On or near MARIAN COURT,E01008170,Gateshead 008C,Investigation complete; no suspect identified
f954aee7f90a43b164d7996f05547a2ef3dcbd723da0725ef4123240bd8253fe,2014-10,Northumbria Police,Northumbria Police,-1.662794,54.974268,On or near OAKFIELD GARDENS,E01008334,Newcastle upon Tyne 029D,Investigation complete; no suspect identified
3ec0f47d7afd9cec0ba175f352ea580d1d5d48107b810ab9d3a7464fcc3cc812,2014-10,Northumbria Police,Northumbria Police,-1.372414,54.917554,On or near BRANDLING STREET SOUTH,E01008787,Sunderland 006B,Suspect charged
ef0fe99cd7e767832f072f7c014b9cb4e9996b2a8633d3b160beda633f2d49b4,2014-10,Northumbria Police,Northumbria Police,-1.580911,54.974957,On or near BRINKBURN CLOSE,E01008304,Newcastle upon Tyne 026C,Offender given a caution
0de049b24b1d880ac296e0bd3d145b28bea89318b5068be65723de86b823e653,2014-10,Northumbria Police,Northumbria Police,-1.380861,54.904881,On or near Further/Higher Educational Building,E01008703,Sunderland 013B,Suspect charged
c7d50779fde0581da7a00a370333721579428abb9e81048bafc9315d6f49f0da,2014-10,Northumbria Police,Northumbria Police,-1.586985,54.976757,On or near Petrol Station,E01008304,Newcastle upon Tyne 026C,Offender given penalty notice
48645df2c337268f8fdf9bcd1da2fc3b5a8bac61263f1115fba77498578fdbed,2014-10,Northumbria Police,Northumbria Police,-1.639157,54.967398,On or near BEECH GROVE ROAD,E01008437,Newcastle upon Tyne 029F,Investigation complete; no suspect identified
48645df2c337268f8fdf9bcd1da2fc3b5a8bac61263f1115fba77498578fdbed,2014-10,Northumbria Police,Northumbria Police,-1.639157,54.967398,On or near BEECH GROVE ROAD,E01008437,Newcastle upon Tyne 029F,Investigation complete; no suspect identified
96cbf577ebb39ebfeb02ee7dbaeb2f47912c4bdc9e961194f72f14106582b014,2014-10,Northumbria Police,Northumbria Police,-1.514247,55.026857,On or near TURNER STREET,E01008570,North Tyneside 011D,Offender given penalty notice
9f1fc18b8b7b53594c82993136cb26c1315293f05b73abd62cf261fbecccccbf,2014-10,Northumbria Police,Northumbria Police,-1.538187,54.892820,On or near CHILTERN CLOSE,E01008871,Sunderland 020E,Investigation complete; no suspect identified
fe1476a2166752ff6d93918b4b6a42d6d6df4ab767f95bd54a79b05275c30725,2014-10,Northumbria Police,Northumbria Police,-1.658134,54.969367,On or near CLARA STREET,E01008291,Newcastle upon Tyne 027D,Suspect charged
fe1476a2166752ff6d93918b4b6a42d6d6df4ab767f95bd54a79b05275c30725,2014-10,Northumbria Police,Northumbria Police,-1.658134,54.969367,On or near CLARA STREET,E01008291,Newcastle upon Tyne 027D,Suspect charged
beff6f8f1179d84d2bba1547ef067d6567cc0d3c31688f642814659514a240fb,2014-10,Northumbria Police,Northumbria Police,-1.579931,55.062785,On or near ORANGE GROVE,E01008480,North Tyneside 002B,Investigation complete; no suspect identified
2eff277ca4de6e52a666ea477549f20bef39540d0dc19f9aa41c1aea37fd14c0,2014-10,Northumbria Police,Northumbria Police,-1.599188,55.056605,On or near ANGERTON TERRACE,E01008583,North Tyneside 002E,Investigation complete; no suspect identified
7120caf1b2a331053fc1d7272a379a4c21c8ff5ca04610bf89562ef70f516a40,2014-10,Northumbria Police,Northumbria Police,-1.680983,54.951995,On or near BRINKBURN AVENUE,E01008263,Gateshead 009B,Offender given a caution
a1d65d8b725e707f36a87aaaa9d20c90213576778ec038c410dc1157355e6856,2014-10,Northumbria Police,Northumbria Police,-1.655261,54.985668,On or near ROYAL CRESCENT,E01008450,Newcastle upon Tyne 016B,Investigation complete; no suspect identified
663d228e7a6cc932ebde9f5ef2df0802e262b9a3c8bfb923645feb412bdad0ba,2014-10,Northumbria Police,Northumbria Police,-1.578603,54.980449,On or near ELVET COURT,E01008303,Newcastle upon Tyne 018A,Investigation complete; no suspect identified
a8a97c7583b7e5fad25aa73e1d3c53bbc8cec1642ef57becce35df415ec5c0ba,2014-10,Northumbria Police,Northumbria Police,-1.617878,55.009038,On or near SPITAL TERRACE,E01008355,Newcastle upon Tyne 006B,Investigation complete; no suspect identified
00a24d9dc06cf8fe53e66fd97c422bc205bfda234e4983546bff8fc2fe0b2925,2014-10,Northumbria Police,Northumbria Police,-1.682832,54.949178,On or near PHILLIPS AVENUE,E01008263,Gateshead 009B,Investigation complete; no suspect identified
d36d18ebf3b0d93cdf9d7f847bfd6fc78e91d5bf98ac31a6906dd97916d095fe,2014-10,Northumbria Police,Northumbria Police,-1.655752,54.970249,On or near Supermarket,E01008332,Newcastle upon Tyne 029B,Suspect charged
e31814dd099c86fb739630dd0f81b5f4edb3c503eccfe08b6e092678000491aa,2014-10,Northumbria Police,Northumbria Police,-1.612740,54.974308,On or near Shopping Area,E01008397,Newcastle upon Tyne 024C,Suspect charged
8649e508310436f7501baf2cdcd811df9e30516c4f1f9748ed94ff4cff408b22,2014-10,Northumbria Police,Northumbria Police,-1.576476,54.895961,On or near HOLYOAKE GARDENS,E01008175,Gateshead 026D,Suspect charged
416e88f5f3149c08435ff15b2d1231fdd2e6fdc56938398d1d1cebc61fdaeef7,2014-10,Northumbria Police,Northumbria Police,-1.531682,54.991187,On or near CHESTNUT STREET,E01008573,North Tyneside 029B,Investigation complete; no suspect identified
dbdf7c830e386fdb1d8b1b05581ac03fd34bb1fc8de323edb64c3b17ede04e86,2014-10,Northumbria Police,Northumbria Police,-1.572702,54.977023,On or near UNION ROAD,E01008392,Newcastle upon Tyne 026F,Suspect charged
b6837a4c806912add5b9be75e9f340366b2bde0ef11c3a9924002f6651f54481,2014-10,Northumbria Police,Northumbria Police,-1.576476,54.895961,On or near HOLYOAKE GARDENS,E01008175,Gateshead 026D,Suspect charged
34bef2e03660bbbcfcb65cb4ba612c900fc0cec1ed6a5583cb327993ca380b9c,2014-10,Northumbria Police,Northumbria Police,-1.442987,54.972005,On or near MARIGOLD WALK,E01008593,South Tyneside 016A,Investigation complete; no suspect identified
cb6a1730e05b1c8115c2fa32cc909fb6bf319fcd7e11e15a675eb3041d4eb1a6,2014-10,Northumbria Police,Northumbria Police,-1.576476,54.895961,On or near HOLYOAKE GARDENS,E01008175,Gateshead 026D,Suspect charged
e86ba611b17cf610bdf72dcc1380d1472fa1b36bf0804c96ae30437191d0d893,2014-10,Northumbria Police,Northumbria Police,-1.639485,54.965646,On or near CLUMBER STREET NORTH,E01008437,Newcastle upon Tyne 029F,Suspect charged
dc1be7cca658fa33ff04d4b6733e5c6598efbb172cf0fa783ced7b0e4ee11f81,2014-10,Northumbria Police,Northumbria Police,-1.617134,54.972264,On or near NEWGATE STREET,E01033543,Newcastle upon Tyne 024G,Suspect charged
ba09367cf430b3b1971e21eb8f14f9b8d69cd88b598c84135cadd18e11cd4d24,2014-10,Northumbria Police,Northumbria Police,-1.496649,54.996897,On or near HAZELWOOD TERRACE,E01008542,North Tyneside 028B,Offender given a caution
f96c9cb22455c9fe1ee6ac320596d206956c705a2cf1422a774419bc4cc8829d,2014-10,Northumbria Police,Northumbria Police,-1.639485,54.965646,On or near CLUMBER STREET NORTH,E01008437,Newcastle upon Tyne 029F,Suspect charged
e68e22f517dafd9bd15ddf6adadfe43f788dec31ec2558d925d74b2d4eedc429,2014-10,Northumbria Police,Northumbria Police,-1.451068,55.014115,On or near CAMP TERRACE,E01008528,North Tyneside 022C,Investigation complete; no suspect identified
39ea3ed30d3a0f6eb9c9594efc99fb142a5645646cc30eeb020009cb22ae7831,2014-10,Northumbria Police,Northumbria Police,-1.515091,55.131890,On or near ARGYLE MEWS,E01027416,Northumberland 022C,Offender given a caution
02996043d46a3e0015929a10022d3ceabdcde024f8dd0529b3ca6f0cc7f18dc2,2014-10,Northumbria Police,Northumbria Police,-1.505827,55.037373,On or near Sports/Recreation Area,E01008567,North Tyneside 007D,Local resolution
1dfca41e40a7ecac3f0e1db00033c64293f2dc00cf183b4962ea0b69fb4ae33e,2014-10,Northumbria Police,Northumbria Police,-1.574957,54.924748,On or near SPRINGWELL AVENUE,E01008217,Gateshead 023E,Offender given a caution
185e1220d06312fa1ba384e108aa0e153f04d0156080c057be4bd94c638be877,2014-10,Northumbria Police,Northumbria Police,-1.687746,54.973858,On or near BROADMEAD WAY,E01033547,Newcastle upon Tyne 025E,Suspect charged
5f5d2a542fb87d32ec726ff003f01e07895ade7958ba11b6b0b98d9cf1bafba5,2014-10,Northumbria Police,Northumbria Police,-1.685123,54.973762,On or near ALDWICK ROAD,E01033547,Newcastle upon Tyne 025E,Suspect charged
5f5d2a542fb87d32ec726ff003f01e07895ade7958ba11b6b0b98d9cf1bafba5,2014-10,Northumbria Police,Northumbria Police,-1.685123,54.973762,On or near ALDWICK ROAD,E01033547,Newcastle upon Tyne 025E,Suspect charged
76caa4cc2f479a22815e27c49ea02979ea859ecc8804ea287ea1e325c2c1499b,2014-10,Northumbria Police,Northumbria Police,-1.479190,54.964221,On or near PRIMROSE HILL TERRACE,E01008662,South Tyneside 017D,Investigation complete; no suspect identified
bd83e54bda5e36da8b19e9ce862bf3c12688b198d4518b5edfc283f4eeec36bc,2014-10,Northumbria Police,Northumbria Police,-1.537618,54.995586,On or near PARK AVENUE,E01008536,North Tyneside 030C,Investigation complete; no suspect identified
60b7b7391b87715da7107191fd4b6d5651fac34426bf7f69a2b46c023358a8df,2014-10,Northumbria Police,Northumbria Police,-1.550985,55.129700,On or near MAPLE CRESCENT,E01027424,Northumberland 022D,Suspect charged
6b2182f4008268c6ce163caa093c2e7a783d385de45bb98f4e49f5f54fbe4dcf,2014-10,Northumbria Police,Northumbria Police,-1.381061,54.908127,On or near BEDFORD STREET,E01008703,Sunderland 013B,Suspect charged
22dfd237c58a01aaeae87e58f7f40e44c82ebc5cd2e15271c6158c9fdc753f05,2014-10,Northumbria Police,Northumbria Police,-1.622712,54.950472,On or near Bus/Coach Station,E01008257,Gateshead 008E,Investigation complete; no suspect identified
4dd83e4f7ac57248cee9dadae15d89dbd03fa4666156fa4ae59945420cb25af9,2014-10,Northumbria Police,Northumbria Police,-1.449232,54.960872,On or near PRIESTLEY COURT,E01008606,South Tyneside 016C,Investigation complete; no suspect identified
eddfc6672872709cc6be7290d7f97d0c5831393c911c9ecb1b2f3689c07ace76,2014-10,Northumbria Police,Northumbria Police,-1.445541,55.042891,On or near YORK ROAD,E01008584,North Tyneside 006A,Suspect charged
42f3a43553e0dfc311cc0e9a34586f392ffb73f3bcea153dc0a521c993d21b13,2014-10,Northumbria Police,Northumbria Police,-1.426717,54.902303,On or near FRIAR SQUARE,E01008812,Sunderland 012C,Investigation complete; no suspect identified
b58d977a7e39764b045015052eaa50e2438b7f1a64d1e4959e2b09405c8c65e6,2014-10,Northumbria Police,Northumbria Police,-1.373260,54.881118,On or near Supermarket,E01008780,Sunderland 024D,Suspect charged
b58d977a7e39764b045015052eaa50e2438b7f1a64d1e4959e2b09405c8c65e6,2014-10,Northumbria Police,Northumbria Police,-1.373260,54.881118,On or near Supermarket,E01008780,Sunderland 024D,Investigation complete; no suspect identified
b58d977a7e39764b045015052eaa50e2438b7f1a64d1e4959e2b09405c8c65e6,2014-10,Northumbria Police,Northumbria Police,-1.373260,54.881118,On or near Supermarket,E01008780,Sunderland 024D,Investigation complete; no suspect identified
5ec3c1ea429ffb8adb9890182e4a093104923d9cb1642714110d7a1897c688e4,2014-10,Northumbria Police,Northumbria Police,-1.651266,54.972375,On or near CLIFTONVILLE AVENUE,E01008335,Newcastle upon Tyne 029E,Investigation complete; no suspect identified
7d0cbe41aae3b43411167f022bdf3e3d8dfb5166446eb5e8d9785cbe2feee61e,2014-10,Northumbria Police,Northumbria Police,-1.532246,54.993813,On or near HUNTERS COURT,E01008574,North Tyneside 029C,Suspect charged
a10455a16f6a3e0777258d6b513d986305a376b6e7b5d34430a9fcaf46d9acd0,2014-10,Northumbria Police,Northumbria Police,-1.618360,54.971423,On or near LOW FRIAR STREET,E01033543,Newcastle upon Tyne 024G,Investigation complete; no suspect identified
2b88ed725ba320f4cd7c6b1f6144165980c0df42255ced53dbcabbc3699b7cb5,2014-10,Northumbria Police,Northumbria Police,-1.579089,54.998261,On or near CORNEL ROAD,E01008314,Newcastle upon Tyne 012A,Investigation complete; no suspect identified
149cdb47f8e851dc1e3bd0f04c97c7a655f0cf0509f1c6e932c4b826fb63d446,2014-10,Northumbria Police,Northumbria Police,-1.469038,54.838484,On or near LONGLANDS DRIVE,E01008715,Sunderland 034B,Investigation complete; no suspect identified
4e75f6a3cecd87a629a96aa15ead34b0b05224d25a22982d103408efa23bad22,2014-10,Northumbria Police,Northumbria Police,-1.385079,54.904436,On or near MARITIME STREET,E01008703,Sunderland 013B,Suspect charged
c5fa79b56cd7bd66d3183bb31a3b5d44b7c42375bacbdc4dd29b3a88f7a0869d,2014-10,Northumbria Police,Northumbria Police,-1.655416,55.009446,On or near COLUMBIA GRANGE,E01008339,Newcastle upon Tyne 003D,Investigation complete; no suspect identified
850aad8cd7b5f680c1d1c22b36c3cd9d3f7b04613fdc3e9dcd8f7217b50d8e99,2014-10,Northumbria Police,Northumbria Police,-1.583346,54.904126,On or near LANSBURY CLOSE,E01008223,Gateshead 025B,Investigation complete; no suspect identified
30f6aa2681e502d788d0d730922b0a8fe14e9320f7905b4cc51c77373904f005,2014-10,Northumbria Police,Northumbria Police,-1.573632,54.883307,On or near SURREY TERRACE,E01008173,Gateshead 026B,Investigation complete; no suspect identified
60cb0e8737d29dfe476223899c6105d34416b485cc62587fcb02eb3a1d9069cf,2014-10,Northumbria Police,Northumbria Police,-1.576614,55.080431,On or near COLDBECK COURT,E01027395,Northumberland 028A,Offender given a caution
fe7e94fdf72ef67389ac494edcaed0f13515aedb563624401d6b02e114e08e65,2014-10,Northumbria Police,Northumbria Police,-1.460262,54.961712,On or near BENDIGO AVENUE,E01008608,South Tyneside 014C,Investigation complete; no suspect identified
f83f23199bfa6d3f8d4adc712e44fe963cee26220cfd3f1ef14288fbed788927,2014-10,Northumbria Police,Northumbria Police,-1.655752,54.970249,On or near Supermarket,E01008332,Newcastle upon Tyne 029B,Suspect charged
ff5ac3d75741c0e6b21508f9d0f082e6edaafb0f260d4da8ed43902758934501,2014-10,Northumbria Police,Northumbria Police,-1.475766,55.002884,On or near MINDRUM TERRACE,E01008484,North Tyneside 023C,Investigation complete; no suspect identified
5b8c686c56631ff87f9619942ca7afdb18c32c67a44d5d51997d935c12528853,2014-10,Northumbria Police,Northumbria Police,-1.440459,55.040415,On or near ALGERNON PLACE,E01008588,North Tyneside 006D,Investigation complete; no suspect identified
fb28a7b5d165ffeb01a2b406af119a32f6c049cc3d0bdb5aa87816ce2455e744,2014-10,Northumbria Police,Northumbria Police,-1.617134,54.972264,On or near NEWGATE STREET,E01033543,Newcastle upon Tyne 024G,Investigation complete; no suspect identified
f139eaf02386b93cba2d75869ab3ef78fc33820e28f87209537a1cb6c8e78af1,2014-10,Northumbria Police,Northumbria Police,-1.617544,55.001426,On or near ROSEWORTH CRESCENT,E01008420,Newcastle upon Tyne 005D,Investigation complete; no suspect identified
52e2a547e5fca70247169bdc7a201d72e6cfa1db5387b9b15b5c8886a5d78d9f,2014-10,Northumbria Police,Northumbria Police,-1.494547,55.011149,On or near Shopping Area,E01008491,North Tyneside 015D,Investigation complete; no suspect identified
8ab6ae365c4b8837fd7c7eb486de970b8efb01de7fc6131b49bba6b5a88759fd,2014-10,Northumbria Police,Northumbria Police,-1.612740,54.974308,On or near Shopping Area,E01008397,Newcastle upon Tyne 024C,Suspect charged
b66d817fb144774c46a3547473174fc31d9714cdffc53e6ea1bf282a579bd0a0,2014-10,Northumbria Police,Northumbria Police,-1.621934,54.968460,On or near WESTMORLAND ROAD,E01033545,Newcastle upon Tyne 024H,Investigation complete; no suspect identified
7b8ed53688fa746d2f8a2b643229b06e39f7cc535c7544ba95d4b34fa4b28244,2014-10,Northumbria Police,Northumbria Police,-1.656858,54.977972,On or near BAXTER AVENUE,E01008349,Newcastle upon Tyne 019G,Investigation complete; no suspect identified
ba525247a7a3138aacc7efeda6408ecf70e4fd727cbb0983406a7311e02d9eaf,2014-10,Northumbria Police,Northumbria Police,-1.411045,54.902300,On or near KAYLL ROAD,E01008759,Sunderland 015C,Investigation complete; no suspect identified
759c6f62c564340eab242b5873fde8349dc9722660645ff814bd30c657775ea4,2014-10,Northumbria Police,Northumbria Police,-1.437359,54.994705,On or near STATION ROAD,E01008667,South Tyneside 002D,Suspect charged
7f8d4266e85e3c6bef1685d21a2b08a4707141475af83945bddd71d4f5dad3ef,2014-10,Northumbria Police,Northumbria Police,-1.476576,54.998286,On or near PERCY COURT,E01008540,North Tyneside 027B,Offender given a caution
a533d377ab1e0bc265b4b904cc3a8bd01d9416f91eeeda453be104ffa746136c,2014-10,Northumbria Police,Northumbria Police,-1.604153,54.962643,On or near Shopping Area,E01008168,Gateshead 027D,Suspect charged
d554dad0d50f88e8a93e182fa69f47b8018f16d40612315f9979d71a863a117c,2014-10,Northumbria Police,Northumbria Police,-1.605345,54.995626,On or near NORTH JESMOND AVENUE,E01008371,Newcastle upon Tyne 013C,Investigation complete; no suspect identified
257abb7b6e662db3ba18793bc92809e205b70543d3d061c1fd93a52424b8ab31,2014-10,Northumbria Police,Northumbria Police,-1.590979,54.941904,On or near BEVERLEY ROAD,E01008236,Gateshead 016C,Investigation complete; no suspect identified
84b3ad95c8802cf3fd31ac4b30490ee132f17c3f191c93cae7586dd7e87cc06f,2014-10,Northumbria Police,Northumbria Police,-1.615745,54.950800,On or near SALTWELL PLACE,E01008170,Gateshead 008C,Suspect charged
27bcef69b2414e70ec7eb31e2c7fc99c2ba8307eeac14f88ee6d4577acd9c176,2014-10,Northumbria Police,Northumbria Police,-1.581346,55.074310,On or near Parking Area,E01027406,Northumberland 031B,Offender given a caution
0f565d53b984860353178ef076e03aa851d9e5c85b4e855cbae1d318e7794ded,2014-10,Northumbria Police,Northumbria Police,-1.587659,55.163968,On or near RIVERSDALE AVENUE,E01027534,Northumberland 017C,Suspect charged
bd43e19f314165be1d1afa0128eb345b1ffaea55e93585e4421ce14346a1a937,2014-10,Northumbria Police,Northumbria Police,-1.708829,55.412432,On or near CLAYPORT SQUARE,E01033715,Northumberland 005D,Offender given a caution
b5ed09b657dd002c8f09a437065a97c2c0da83d4fe93ac02548b1b3084a5a567,2014-10,Northumbria Police,Northumbria Police,-1.446171,55.042598,On or near Supermarket,E01008584,North Tyneside 006A,Suspect charged
f6166d06bca70c59d828235d0650842389e0f9e2f15b8cac5a495d6349e45a1c,2014-10,Northumbria Police,Northumbria Police,-1.863087,54.965205,On or near PRINCESS WAY,E01027497,Northumberland 038A,Investigation complete; no suspect identified
533c1e6bf7949ef7674824665a8ca26e575891bb2d874506729cdcfec3275168,2014-10,Northumbria Police,Northumbria Police,-1.657921,54.950243,On or near MARKET LANE,E01008208,Gateshead 013C,Investigation complete; no suspect identified
0ca46e62fcdd37a9d27a795d4cdb89eecc88bb1d4086fa92324ba8a0f43920e5,2014-10,Northumbria Police,Northumbria Police,-1.641536,54.975627,On or near CROSSLEY TERRACE,E01008449,Newcastle upon Tyne 022D,Investigation complete; no suspect identified
166ac9fb621ea480b360694d3809b5868be102ebcd2a2199000a684eb1913855,2014-10,Northumbria Police,Northumbria Police,-1.708829,55.412432,On or near CLAYPORT SQUARE,E01033715,Northumberland 005D,Suspect charged
43fca883acaada63e20715b07d9b1b9ea978461b05b2b8f573b5e8d25bc405f1,2014-10,Northumbria Police,Northumbria Police,-1.593682,54.957109,On or near WORDSWORTH STREET,E01008162,Gateshead 027A,Suspect charged
43fca883acaada63e20715b07d9b1b9ea978461b05b2b8f573b5e8d25bc405f1,2014-10,Northumbria Police,Northumbria Police,-1.593682,54.957109,On or near WORDSWORTH STREET,E01008162,Gateshead 027A,Suspect charged
49162114a0c632f035f3cce162e4a714c7d89a1fd07700d3b59940cd5b08c5cf,2014-10,Northumbria Police,Northumbria Police,-1.637189,54.967401,On or near WARRINGTON ROAD,E01008438,Newcastle upon Tyne 029G,Suspect charged
a94ea4bfe6fa7f5cd347fc08ac837b248282047a1cf1f0248b7128a3ad78a3f4,2014-10,Northumbria Police,Northumbria Police,-1.683231,54.997831,On or near GARTHFIELD CORNER,E01008445,Newcastle upon Tyne 031D,Offender given a caution
ca3c81d61305c70743b281f0f134ae7a3b8091795e460628905b7c997ce10d29,2014-10,Northumbria Police,Northumbria Police,-1.609843,54.970228,On or near DEAN STREET,E01033543,Newcastle upon Tyne 024G,Investigation complete; no suspect identified
daa00ea907c67e824b72c09dbff343c79fb00dbc68de01b2c589d3661f18e764,2014-10,Northumbria Police,Northumbria Police,-1.614445,54.974044,On or near BLACKETT STREET,E01008397,Newcastle upon Tyne 024C,Suspect charged
f3935555e9450876b18cdc89b41b308e22c8c61e2a73e4744c3bc0a2e2f45356,2014-10,Northumbria Police,Northumbria Police,-1.487803,54.990669,On or near Parking Area,E01008543,North Tyneside 028C,Offender given a drugs possession warning
5beffe6fe42cda20812ef56387363818e6c668454ac83022a2b95d83693dae95,2014-10,Northumbria Police,Northumbria Police,-1.680737,54.951590,On or near DERWENT CRESCENT,E01008263,Gateshead 009B,Offender given a caution
adbec40e23dc7bf6fc7edea21c481d4d6129e0e8868c19cc127d3ea0eb109a6d,2014-10,Northumbria Police,Northumbria Police,-1.609109,54.981431,On or near WINDSOR PLACE,E01008397,Newcastle upon Tyne 024C,Investigation complete; no suspect identified
a993f3017d686ba3fb4bac5fd827cd9997b390ba842b3f5a9a78fe69da701403,2014-10,Northumbria Police,Northumbria Police,-1.433021,54.892052,On or near LANARK CLOSE,E01008732,Sunderland 021D,Offender given a caution
c3e7bbe7b4db6fd289ec6dccb4199eca22d55668a9494a4a3bfeffc7c3215e06,2014-10,Northumbria Police,Northumbria Police,-1.747655,54.966718,On or near STARGATE LANE,E01008248,Gateshead 001C,Investigation complete; no suspect identified
58a9b3da36bf42c6fad20296eac4a70a39af36c1860c644dd8fd77be61d123b0,2014-10,Northumbria Police,Northumbria Police,-1.606039,54.985393,On or near ESLINGTON TERRACE,E01008370,Newcastle upon Tyne 017C,Investigation complete; no suspect identified
21fd58bd7d0a3033b8a41aa12f4115d29c5510506c89fe66bed3367fcf7af2f4,2014-10,Northumbria Police,Northumbria Police,-1.761456,54.973171,On or near TOWER GARDENS,E01008249,Gateshead 001D,Investigation complete; no suspect identified
28b1afa0b3fa54584cb461acb3c33bb0e75f87e467e7e0085e4fc21bbe5bb1fe,2014-10,Northumbria Police,Northumbria Police,-1.381905,54.917126,On or near Shopping Area,E01008787,Sunderland 006B,Suspect charged
990df349d85d5dcac5a38553842ee2a40180c9f7426445c7d46e2b6365bf469c,2014-10,Northumbria Police,Northumbria Police,-1.399329,54.972804,On or near SHELLEY AVENUE,E01008625,South Tyneside 013C,Suspect charged
73b7b1aa49a242be6aff0619c3ca91e8a388cdbd88ede268762c297198aaf9be,2014-10,Northumbria Police,Northumbria Police,-1.683601,54.946745,On or near BANK AVENUE,E01008263,Gateshead 009B,Suspect charged
199aa009ebbbf7f08986151a2a729d7db9e3ca93222a4b42410ddc237667f7be,2014-10,Northumbria Police,Northumbria Police,-1.425230,54.887396,On or near SILLOTH ROAD,E01008829,Sunderland 023G,Offender given a caution
3c9cd2600dc6ecd276778123893bc06eb23047597fc8a7e339857327b1db5b98,2014-10,Northumbria Police,Northumbria Police,-1.463774,54.998275,On or near HOWDON ROAD,E01008541,North Tyneside 027C,Suspect charged
3c9cd2600dc6ecd276778123893bc06eb23047597fc8a7e339857327b1db5b98,2014-10,Northumbria Police,Northumbria Police,-1.463774,54.998275,On or near HOWDON ROAD,E01008541,North Tyneside 027C,Suspect charged
3c9cd2600dc6ecd276778123893bc06eb23047597fc8a7e339857327b1db5b98,2014-10,Northumbria Police,Northumbria Police,-1.463774,54.998275,On or near HOWDON ROAD,E01008541,North Tyneside 027C,Investigation complete; no suspect identified
7220752a480140ec6c397648332fa72b736f5bc041b40569b6d0567dc17248d4,2014-10,Northumbria Police,Northumbria Police,-1.509731,55.185354,On or near WATT'S LANE,E01027541,Northumberland 009A,Investigation complete; no suspect identified
9c9988e4854b058d4365a9586b16ec714d92b4f2c4beb2c8e76dc4ec6992fc42,2014-10,Northumbria Police,Northumbria Police,-1.579986,54.957206,On or near LOBELIA AVENUE,E01008214,Gateshead 003A,Offender given a caution
f214be1afa70bf5d0d83b39647ba1e5791d8e608bd7a8bd976e6d9e6cf87db83,2014-10,Northumbria Police,Northumbria Police,-1.761915,54.974799,On or near WHITEWELL LANE,E01008250,Gateshead 001E,Investigation complete; no suspect identified
b2a32c8538f42d5e0fbf5f325bc6abcc07015d1e8e14e5dc50775ecc74124174,2014-10,Northumbria Police,Northumbria Police,-1.516807,54.912732,On or near HALL ROAD,E01008854,Sunderland 009B,Suspect charged
6b00ff2870f1cfddf254940d6007c668ff564b1ff0ca2b5e0af5965e0748696b,2014-10,Northumbria Police,Northumbria Police,-1.563067,54.983863,On or near Bus/Coach Station,E01008392,Newcastle upon Tyne 026F,Investigation complete; no suspect identified
6b00ff2870f1cfddf254940d6007c668ff564b1ff0ca2b5e0af5965e0748696b,2014-10,Northumbria Police,Northumbria Police,-1.563067,54.983863,On or near Bus/Coach Station,E01008392,Newcastle upon Tyne 026F,Investigation complete; no suspect identified
6b00ff2870f1cfddf254940d6007c668ff564b1ff0ca2b5e0af5965e0748696b,2014-10,Northumbria Police,Northumbria Police,-1.563067,54.983863,On or near Bus/Coach Station,E01008392,Newcastle upon Tyne 026F,Investigation complete; no suspect identified
7180289eba1a4681ff2ff0494869016bdc04d183f42cf379cce132983b9f59aa,2014-10,Northumbria Police,Northumbria Police,-1.494289,54.891046,On or near Ferry Terminal,E01008850,Sunderland 017D,Investigation complete; no suspect identified
6bc80bf2acab77f7c3f3922f77da264b96c2cf99d67c6c0abecd88eae195e370,2014-10,Northumbria Police,Northumbria Police,-1.569438,55.026579,On or near MYRTLE CRESCENT,E01008499,North Tyneside 014B,Investigation complete; no suspect identified
15b3a10757f5f9f8bf63f43f318034b534f817d0743b3d7d36aefa9c91632cc8,2014-10,Northumbria Police,Northumbria Police,-1.757808,54.992691,On or near TILLMOUTH PARK ROAD,E01008400,Newcastle upon Tyne 014A,Suspect charged
08405dd6c1adeeb30f9e330bc80d62e7e0b0745bd9bf98bf77c608944c683d59,2014-10,Northumbria Police,Northumbria Police,-1.655084,55.000828,On or near ASHBROOKE STREET,E01008375,Newcastle upon Tyne 008C,Investigation complete; no suspect identified
671692c1ddb44ba9b1eec9948aedc9e90406659a899ce25d3d18fce417504586,2014-10,Northumbria Police,Northumbria Police,-2.090083,54.969256,On or near WHITE CROSS,E01027493,Northumberland 035F,Investigation complete; no suspect identified
17d250b1c64fd68431e69551beea20741253786d56805e26caf0ea394c11e8a4,2014-10,Northumbria Police,Northumbria Police,-1.611524,55.009674,On or near ROTHLEY CLOSE,E01008354,Newcastle upon Tyne 005B,Investigation complete; no suspect identified
357659b792913ac0f1bcf0a4f25e2783ef02ebd601ce9bf6de9994ff56967725,2014-10,Northumbria Police,Northumbria Police,-1.835019,54.965520,On or near BROOMHOUSE ROAD,E01027497,Northumberland 038A,Suspect charged
357659b792913ac0f1bcf0a4f25e2783ef02ebd601ce9bf6de9994ff56967725,2014-10,Northumbria Police,Northumbria Police,-1.835019,54.965520,On or near BROOMHOUSE ROAD,E01027497,Northumberland 038A,Suspect charged
357659b792913ac0f1bcf0a4f25e2783ef02ebd601ce9bf6de9994ff56967725,2014-10,Northumbria Police,Northumbria Police,-1.835019,54.965520,On or near BROOMHOUSE ROAD,E01027497,Northumberland 038A,Suspect charged
60082159c287d447528b4f574720b2285053616c750e4a24fdcd0e3db94d4106,2014-10,Northumbria Police,Northumbria Police,-1.668555,54.957641,On or near Shopping Area,E01008262,Gateshead 009A,Suspect charged
60082159c287d447528b4f574720b2285053616c750e4a24fdcd0e3db94d4106,2014-10,Northumbria Police,Northumbria Police,-1.668555,54.957641,On or near Shopping Area,E01008262,Gateshead 009A,Investigation complete; no suspect identified
747646e0366b479ff4cc275562a5b8b501cf6aa5e0cad07582bd0170841c86e0,2014-10,Northumbria Police,Northumbria Police,-1.612740,54.974308,On or near Shopping Area,E01008397,Newcastle upon Tyne 024C,Suspect charged
747646e0366b479ff4cc275562a5b8b501cf6aa5e0cad07582bd0170841c86e0,2014-10,Northumbria Police,Northumbria Police,-1.612740,54.974308,On or near Shopping Area,E01008397,Newcastle upon Tyne 024C,Suspect charged
713e9e8471694b616827515729e5a934acaac2b769df1821973cc456c1497dbe,2014-10,Northumbria Police,Northumbria Police,-1.613802,54.953122,On or near BENSHAM AVENUE,E01008171,Gateshead 008D,Investigation complete; no suspect identified
a4ffa5c51bc69b8db2fdcd267e229e06affbdd90c8c1d3875c32b84c0573c6b7,2014-10,Northumbria Police,Northumbria Police,-1.556875,54.962938,On or near SEATON PLACE,E01008390,Newcastle upon Tyne 030A,Investigation complete; no suspect identified
bf45231fa67ae0e5c49956a6c581dca9b32982f8e3659f908eeb57cfaaa4ed4c,2014-10,Northumbria Police,Northumbria Police,-1.601804,54.961701,On or near JACKSON STREET,E01008166,Gateshead 027C,Suspect charged
f2c0f8d84dc4732f9d0502e90c83274c5827ab2547837eae581100f65f411456,2014-10,Northumbria Police,Northumbria Police,-1.705999,54.960182,On or near SHIBDON PARK VIEW,E01008181,Gateshead 005C,Offender given a drugs possession warning
5c0df84993f8f4e8c01d3e7ae6ee1c7e2562df1c0b8959e10389c1ac0a5f2544,2014-10,Northumbria Police,Northumbria Police,-1.608320,54.954892,On or near SEDGEWICK PLACE,E01008169,Gateshead 008B,Offender given a caution
2138001c367e01e63840faeaffe8e9dc0b4e25e8c79b3b474827af0a9deb7930,2014-10,Northumbria Police,Northumbria Police,-1.614445,54.974044,On or near BLACKETT STREET,E01008397,Newcastle upon Tyne 024C,Investigation complete; no suspect identified
8bb58a57d493cd36eaf07517b8775ba630fad3e8d8d6593fd06cf74bda3c6a09,2014-10,Northumbria Police,Northumbria Police,-1.411045,54.902300,On or near KAYLL ROAD,E01008759,Sunderland 015C,Offender given a caution
1341a1dc193ac29dc5d75c9f0ec42bf4ae2504bc3d2f067b33ee7bb7f6dc874c,2014-10,Northumbria Police,Northumbria Police,-1.456699,55.025589,On or near BISHOPBOURNE COURT,E01008556,North Tyneside 013C,Investigation complete; no suspect identified
dd657dc120836111917612e010706b6434ecef80b0b67bb666da5f1b81b00811,2014-10,Northumbria Police,Northumbria Police,-1.574085,54.979211,On or near MILLERS ROAD,E01008392,Newcastle upon Tyne 026F,Offender given a caution
30d07df4ba73f324f03c8be7ad71ccac461db929cbb03db8e46f96d64abdf82a,2014-10,Northumbria Police,Northumbria Police,-1.546650,54.912514,On or near A182,E01008875,Sunderland 010C,Investigation complete; no suspect identified
38b0b0f492f8c2e5f557336e017d58e7be1e20f46457460e298db6e351dafc1a,2014-10,Northumbria Police,Northumbria Police,-1.645231,55.181995,On or near LONGHIRST ROAD,E01027463,Northumberland 011C,Suspect charged
f8168cf291008e41ab8f37974fd3640c5a5e97e6ac2456341d9305756e0e34f0,2014-10,Northumbria Police,Northumbria Police,-1.431963,54.989414,On or near FROST MEWS,E01008664,South Tyneside 002A,Investigation complete; no suspect identified
22313a93ea9c2727c53dc4b882c63cfe64a8dcdf5296ec3db2137a0d8296921d,2014-10,Northumbria Police,Northumbria Police,-1.645231,55.181995,On or near LONGHIRST ROAD,E01027463,Northumberland 011C,Suspect charged
22313a93ea9c2727c53dc4b882c63cfe64a8dcdf5296ec3db2137a0d8296921d,2014-10,Northumbria Police,Northumbria Police,-1.645231,55.181995,On or near LONGHIRST ROAD,E01027463,Northumberland 011C,Investigation complete; no suspect identified
83167e485556695f3279f844f8feb1fd45ada1259656814a9f665b94c9dbb4a5,2014-10,Northumbria Police,Northumbria Police,-2.230515,55.629531,On or near Park/Open Space,E01027375,Northumberland 003B,Investigation complete; no suspect identified
ba2e64b09c528dd0852a3cf67438064a88db9d9d8b7ce17648d8cd8097159b2b,2014-10,Northumbria Police,Northumbria Police,-1.510696,55.128314,On or near REGENT STREET,E01027415,Northumberland 023B,Suspect charged
ba2e64b09c528dd0852a3cf67438064a88db9d9d8b7ce17648d8cd8097159b2b,2014-10,Northumbria Police,Northumbria Police,-1.510696,55.128314,On or near REGENT STREET,E01027415,Northumberland 023B,Suspect charged
3536a09eaf1fb930ee32e6bef7dfb8be9c54e7ee216d647ecc4889349f23b067,2014-10,Northumbria Police,Northumbria Police,-1.616721,54.974644,On or near Shopping Area,E01008397,Newcastle upon Tyne 024C,Investigation complete; no suspect identified
fe8d49324fa85420ff4ce10a626cdd5ff7bd7cf98f1ece9468c2cd1f84cb44e6,2014-10,Northumbria Police,Northumbria Police,-1.616721,54.974644,On or near Shopping Area,E01008397,Newcastle upon Tyne 024C,Investigation complete; no suspect identified
bb88d723e5e2553c81f43c3c7d362476d37ec2cda336f262e7440719f90c0c6b,2014-10,Northumbria Police,Northumbria Police,-1.540786,54.953551,On or near LYONS COURT,E01008244,Gateshead 003D,Investigation complete; no suspect identified
cadb8bb23d83beb9388258d149d13590c863c6a93f74edb6a0a07b993eefb494,2014-10,Northumbria Police,Northumbria Police,-1.657815,54.970138,On or near ADELAIDE TERRACE,E01008332,Newcastle upon Tyne 029B,Investigation complete; no suspect identified
6e0ba0803d08a89f3ae6dc1fbe2998a5a0c7592e21e3420164b3773ec85a0e80,2014-10,Northumbria Police,Northumbria Police,-1.386923,54.924664,On or near ELIZABETH STREET,E01008711,Sunderland 005D,Investigation complete; no suspect identified
31bac6135ddcb18ad2cd2c0f79ad6cbac22899bb7e574395fc62d00377a36ca6,2014-10,Northumbria Police,Northumbria Police,-1.617258,54.970746,On or near FALCONAR'S COURT,E01033543,Newcastle upon Tyne 024G,Suspect charged
31bac6135ddcb18ad2cd2c0f79ad6cbac22899bb7e574395fc62d00377a36ca6,2014-10,Northumbria Police,Northumbria Police,-1.617258,54.970746,On or near FALCONAR'S COURT,E01033543,Newcastle upon Tyne 024G,Investigation complete; no suspect identified
ea10a781d32a598ca8b76eb1abeefd923dba8768a5c87a604d825a3a77148bbd,2014-10,Northumbria Police,Northumbria Police,-1.547018,54.942251,On or near FALLOWFELD,E01008242,Gateshead 015D,Investigation complete; no suspect identified
c120ac97c96b18c164662cfcb76b485b588553ef6a3a6bffbba4ff57123bb3f6,2014-10,Northumbria Police,Northumbria Police,-1.564592,54.972842,On or near NEWBOLD STREET,E01008388,Newcastle upon Tyne 028A,Suspect charged
42be82fde9d8da9ed56834e07fc718fac80cd6f66a92f3924bf35d62f8789e72,2014-10,Northumbria Police,Northumbria Police,-1.576786,54.955622,On or near PENSHER STREET EAST,E01008214,Gateshead 003A,Suspect charged
e80f5f252f63083b96e78222e6a544a8e802b5cca561cd461fd15baec2020711,2014-10,Northumbria Police,Northumbria Police,-1.564592,54.972842,On or near NEWBOLD STREET,E01008388,Newcastle upon Tyne 028A,Suspect charged
e80f5f252f63083b96e78222e6a544a8e802b5cca561cd461fd15baec2020711,2014-10,Northumbria Police,Northumbria Police,-1.564592,54.972842,On or near NEWBOLD STREET,E01008388,Newcastle upon Tyne 028A,Suspect charged
e80f5f252f63083b96e78222e6a544a8e802b5cca561cd461fd15baec2020711,2014-10,Northumbria Police,Northumbria Police,-1.564592,54.972842,On or near NEWBOLD STREET,E01008388,Newcastle upon Tyne 028A,Suspect charged
e0613fb617589c4337edf557fc3f779db12c024c6d79247d8682285d4b11d8e6,2014-10,Northumbria Police,Northumbria Police,-1.394749,54.926168,On or near SYCAMORE DRIVE,E01008712,Sunderland 004A,Suspect charged
e203eac07a61ae1def34123ed99373fe96e2ea07e381eac9f9c3b254c814afae,2014-10,Northumbria Police,Northumbria Police,-1.614002,54.976262,On or near Shopping Area,E01008397,Newcastle upon Tyne 024C,Investigation complete; no suspect identified
86100b72abf65b6776d2261f822e80c79679b18dedb0bcd166a08010df346ab3,2014-10,Northumbria Police,Northumbria Police,-1.414593,54.888864,On or near SCRUTON AVENUE,E01008826,Sunderland 023D,Investigation complete; no suspect identified
76ee3d77b91d61ab0383580159225ebb6a04b3328ad150971348be967e24f5a8,2014-10,Northumbria Police,Northumbria Police,-1.529444,55.118359,On or near BEBDON COURT,E01027422,Northumberland 024B,Investigation complete; no suspect identified
aa7bbb84b0badf2743c5f0f44b31b412a817a6fb3cc4d54c331012f27832394b,2014-10,Northumbria Police,Northumbria Police,-2.095361,54.968443,On or near ALLEN DRIVE,E01027493,Northumberland 035F,Investigation complete; no suspect identified
fc6526d096a81a90caa839ddfd7e9eff6b49e4d78d78d7a8c20dec8d058270ff,2014-10,Northumbria Police,Northumbria Police,-1.574556,54.933176,On or near HAREBELL ROAD,E01008220,Gateshead 021B,Investigation complete; no suspect identified
4318e9c530bfbf9df3658528caa7b542d793481ef2f5201f3c568ccd232b6ae2,2014-10,Northumbria Police,Northumbria Police,-1.619541,55.160459,On or near A196,E01027531,Northumberland 017B,Suspect charged
5d17192858ce8cf686b84a74135396a01b2e326a8a856face63530b771931909,2014-10,Northumbria Police,Northumbria Police,-1.520568,55.121111,On or near SECOND AVENUE,E01027429,Northumberland 024D,Suspect charged
5d17192858ce8cf686b84a74135396a01b2e326a8a856face63530b771931909,2014-10,Northumbria Police,Northumbria Police,-1.520568,55.121111,On or near SECOND AVENUE,E01027429,Northumberland 024D,Suspect charged
d195052759006d2b262a75d095a01b62d5c058ef5ed527d0474bc7872ffbbf7d,2014-10,Northumbria Police,Northumbria Police,-1.519045,55.119972,On or near JUBILEE COURT,E01027429,Northumberland 024D,Offender given a drugs possession warning
a86dfd90f66aa51c321ef5a3a871aacb0d71495b67c1123aab762423744633f9,2014-10,Northumbria Police,Northumbria Police,-1.586557,55.183985,On or near BOOTHS ROAD,E01027525,Northumberland 012B,Investigation complete; no suspect identified
3bbe0c984a3f535df5c2711aa4c7a2fbd66bf2b7602c30770224ce91277ac2a9,2014-10,Northumbria Police,Northumbria Police,-1.687098,54.998955,On or near Petrol Station,E01008445,Newcastle upon Tyne 031D,Investigation complete; no suspect identified
91d971bdd3a1564e72063dc092160806569c16baa7d3bc075f81ce96f9c491c5,2014-10,Northumbria Police,Northumbria Police,-1.699590,54.988311,On or near HARLE CLOSE,E01008330,Newcastle upon Tyne 015G,Suspect charged
e941aee4d496357b7efa134d04484e23d0fda299d30d6d74e8dccd0382a744f7,2014-10,Northumbria Police,Northumbria Police,-1.641119,54.971537,On or near MILL LANE,E01008331,Newcastle upon Tyne 029A,Investigation complete; no suspect identified
d76743e5d8a3a3c15c13ab616cf0faa8ca03e36bb9dd60395917770d8c5da9ab,2014-10,Northumbria Police,Northumbria Police,-1.491414,54.839586,On or near ST ANDREWS,E01008750,Sunderland 033A,Investigation complete; no suspect identified
dcc2fd43e3ff021eb85158f0dd7f9651dd1be56bb90a7c30e2cba2518eb4770a,2014-10,Northumbria Police,Northumbria Police,-1.535133,54.991488,On or near Supermarket,E01008536,North Tyneside 030C,Investigation complete; no suspect identified
2540fbbb7762765866d59182cc9e922ccb07b5b9254d84615e40c7c7b4628027,2014-10,Northumbria Police,Northumbria Police,-1.555321,54.970715,On or near LOSH TERRACE,E01008426,Newcastle upon Tyne 028C,Investigation complete; no suspect identified
944c2bd6d934a450e19a0e80a08d68b77edabfe1f7f42016e4e6e3d59c7dc088,2014-10,Northumbria Police,Northumbria Police,-1.433571,54.881738,On or near TRENT ROAD,E01008824,Sunderland 023B,Investigation complete; no suspect identified
f4124cec2475a3fbd454eb99149f75387b4681d41e9ae43594b1293bda6822f3,2014-10,Northumbria Police,Northumbria Police,-1.465992,54.839226,On or near MARTINDALE PARK,E01008715,Sunderland 034B,Investigation complete; no suspect identified
4e24e1adb0f47dfdb590c8be8b7e3446d7180c4cf1f1c4e4b6656b5c18c3f6b8,2014-10,Northumbria Police,Northumbria Police,-1.488844,54.867973,On or near DERWENT STREET,E01008796,Sunderland 032D,Investigation complete; no suspect identified
25429f1fbcad28b02be4280a696fe7ad4ee271481e55576ea67b3affab63a683,2014-10,Northumbria Police,Northumbria Police,-1.591510,54.968074,On or near NORFOLK ROAD,E01008166,Gateshead 027C,Investigation complete; no suspect identified
321204513c8e212afe3121ee9c3b1166e8d91a2a72618d4f9d1d9bbd4df10917,2014-10,Northumbria Police,Northumbria Police,-1.676259,54.947319,On or near COALWAY LANE,E01008264,Gateshead 009C,Investigation complete; no suspect identified
e0c920fd5dd1b49346aa07badefa6c58bae76b5d2f5f7b9e2028e48c12b82487,2014-10,Northumbria Police,Northumbria Police,-1.377256,54.930322,On or near SEA ROAD,E01008726,Sunderland 001D,Suspect charged
baa338bb0af352cbadc92e061336f38c337e7f7bb66c00b614135620d50be038,2014-10,Northumbria Police,Northumbria Police,-1.607216,54.988057,On or near OTTERBURN TERRACE,E01008369,Newcastle upon Tyne 013B,Investigation complete; no suspect identified
6b00acaa038b20cc29426603a47f5e8f13fbf5f46e47656e267775f663daf239,2014-10,Northumbria Police,Northumbria Police,-1.486117,54.979500,On or near MONKTON TERRACE,E01008600,South Tyneside 007A,Investigation complete; no suspect identified
2c7198e299412aaf184c48df34eb8d326402192204c00ee2499c6ffb7383bb03,2014-10,Northumbria Police,Northumbria Police,-1.571781,55.227767,On or near WARKWORTH LANE,E01027445,Northumberland 008C,Investigation complete; no suspect identified
b563501cdd5010df9ebdabea377211b5a83e58aae2a8b2d91aecb8f115b55b14,2014-10,Northumbria Police,Northumbria Police,-1.607203,54.973409,On or near Nightclub,E01033543,Newcastle upon Tyne 024G,Suspect charged
cc13cc98872c82882b27219713ebf38b2d7d69c421a3140f7ca8046fca4f2488,2014-10,Northumbria Police,Northumbria Police,-1.466536,55.005674,On or near BAWTRY GROVE,E01008482,North Tyneside 023B,Suspect charged
711dab20f67d29f6ed7dbc78328f4d254599cb070c6389611ec54fb96e80aa69,2014-10,Northumbria Police,Northumbria Police,-1.686196,54.998378,On or near BRIARSIDE,E01008445,Newcastle upon Tyne 031D,Suspect charged
cba665e19b2c176e007d917ff2fdad6bc3b954febf65713d70c31666dafd0f2a,2014-10,Northumbria Police,Northumbria Police,-1.613189,54.969906,On or near COLLINGWOOD STREET,E01033545,Newcastle upon Tyne 024H,Suspect charged
cf2f03b146dc7d2822a978c3afc0389d4d01b2ce4a0122b42658138b0af1742d,2014-10,Northumbria Police,Northumbria Police,-1.438063,54.900594,On or near PITCAIRN ROAD,E01008810,Sunderland 014A,Investigation complete; no suspect identified
b66e946cd1822400577b7da3631ef02846268644d2dfbfc40a1a4b3d80e48aa0,2014-10,Northumbria Police,Northumbria Police,-1.431874,54.973562,On or near NORA STREET,E01008592,South Tyneside 011C,Offender given a caution
c7ec94001062a1c56c6e077fad72043e878ab8ec8b185505b3e4770c6bbe6c74,2014-10,Northumbria Police,Northumbria Police,-1.712833,55.417851,On or near CANONGATE,E01027358,Northumberland 005A,Investigation complete; no suspect identified
5ba31d404de53566c0e216e80c40487b54810a82bb60aaaed393eba44ca8ca7a,2014-10,Northumbria Police,Northumbria Police,-1.428279,54.926403,On or near RINGWOOD ROAD,E01008822,Sunderland 004E,Investigation complete; no suspect identified
b442e60eaebc88cae0510441f89c43a4b300956c7ef2f8effb7ea9c4b041ac46,2014-10,Northumbria Police,Northumbria Police,-1.457078,55.047311,On or near Theatre/Concert Hall,E01008520,North Tyneside 003A,Investigation complete; no suspect identified
41a1a9c36e0c781a48d79f2ae275feac458c5c7730af533db4bab070863542a0,2014-10,Northumbria Police,Northumbria Police,-1.640530,55.013106,On or near FALSTONE SQUARE,E01008336,Newcastle upon Tyne 003A,Investigation complete; no suspect identified
a71b46d42e0b7f9ec9dbe15d9ff453ec92a896df0bff8e623b82358c3b36ed4f,2014-10,Northumbria Police,Northumbria Police,-1.510661,55.127370,On or near Supermarket,E01027415,Northumberland 023B,Offender given a caution
a71b46d42e0b7f9ec9dbe15d9ff453ec92a896df0bff8e623b82358c3b36ed4f,2014-10,Northumbria Police,Northumbria Police,-1.510661,55.127370,On or near Supermarket,E01027415,Northumberland 023B,Investigation complete; no suspect identified
c4c661230e825745b71136a86db07c655515e7a1eab8805662adf1c42580770e,2014-10,Northumbria Police,Northumbria Police,-1.569740,54.975008,On or near HARRIET STREET,E01008302,Newcastle upon Tyne 026B,Investigation complete; no suspect identified
2a1860baca2556fdae0931cef82d3e3ddece938ab001699ee5255730e46fbe25,2014-10,Northumbria Police,Northumbria Police,-1.525269,55.072397,On or near Supermarket,E01027432,Northumberland 032A,Offender given a caution
c5b8f38c291c4f57ad60dd6be76c51c075d716f34366d260b79d48a20d441935,2014-10,Northumbria Police,Northumbria Police,-1.618661,54.969402,On or near THOMAS BEWICK SQUARE,E01033545,Newcastle upon Tyne 024H,Investigation complete; no suspect identified
45d46b8a0c895c357d0665d46dec6f1beba7c86b10092d970ea6acacb372749c,2014-10,Northumbria Police,Northumbria Police,-1.586483,54.980027,On or near HEATON PARK ROAD,E01008413,Newcastle upon Tyne 023F,Suspect charged
45d46b8a0c895c357d0665d46dec6f1beba7c86b10092d970ea6acacb372749c,2014-10,Northumbria Police,Northumbria Police,-1.586483,54.980027,On or near HEATON PARK ROAD,E01008413,Newcastle upon Tyne 023F,Suspect charged
7feeeb144ef19516e154d1f6d21ef3f62813ff7d8fc81a69c65ea813683cbdc0,2014-10,Northumbria Police,Northumbria Police,-1.606142,55.006835,On or near STATION ROAD,E01008418,Newcastle upon Tyne 005C,Investigation complete; no suspect identified
7448f990c8d36f74981454068bc6c2f04457a6ab4c3981baefe7e56dafc46490,2014-10,Northumbria Police,Northumbria Police,-1.543882,55.214852,On or near BOLAND ROAD,E01027451,Northumberland 008E,Suspect charged
7a481a14f232cf630b32e7be7c3bfc8072193256648f0f42dea8ccbea3989d7b,2014-10,Northumbria Police,Northumbria Police,-1.668555,54.957641,On or near Shopping Area,E01008262,Gateshead 009A,Investigation complete; no suspect identified
bbc8b132f658a6cda8697228badce8bbef88c6647e78b99f47c4aa7178d70498,2014-10,Northumbria Police,Northumbria Police,-1.586788,55.084169,On or near DUDLEY LANE,E01027409,Northumberland 029B,Suspect charged
cf3e82bd7a21efc59524982639f03900045a4a41cc47bf02242026af8d7067f0,2014-10,Northumbria Police,Northumbria Police,-1.735849,54.971133,On or near STELLA BANK,E01008248,Gateshead 001C,Investigation complete; no suspect identified
df905e88013bfb34a31ecfadb050174607e6b329aa9bf619853921464c0197bc,2014-10,Northumbria Police,Northumbria Police,-1.429462,54.990508,On or near JOHN CLAY STREET,E01008668,South Tyneside 002E,Suspect charged
e045f49e178d4d3cb0d507c1124e312f834e2a8808c7724b9f6005ab4328f42c,2014-10,Northumbria Police,Northumbria Police,-1.641422,54.974441,On or near CALLERTON PLACE,E01008449,Newcastle upon Tyne 022D,Offender given a caution
f0750b9c0f858cf102d3c1ce7ed9d145bc4ec8c2dfc4444eb77211dd3fd336fb,2014-10,Northumbria Police,Northumbria Police,-1.629643,54.965868,On or near KYLE CLOSE,E01008438,Newcastle upon Tyne 029G,Offender given a caution
f0750b9c0f858cf102d3c1ce7ed9d145bc4ec8c2dfc4444eb77211dd3fd336fb,2014-10,Northumbria Police,Northumbria Police,-1.629643,54.965868,On or near KYLE CLOSE,E01008438,Newcastle upon Tyne 029G,Offender given a caution
677d4cdd68b73768ee60154dd3530fe4f27c46951432079f8e282345c0478f2f,2014-10,Northumbria Police,Northumbria Police,-1.710475,54.993603,On or near HILLHEAD PARKWAY,E01008326,Newcastle upon Tyne 015C,Investigation complete; no suspect identified
bd024fc68f61be4bdd19caa66a2fa28e212515a0664bda5a7c7c73cfb6cc4767,2014-10,Northumbria Police,Northumbria Police,-1.693084,54.976604,On or near DENTON ROAD,E01008415,Newcastle upon Tyne 025B,Investigation complete; no suspect identified
d890914e6dd44a0853742e880cd935a3e8f4cc937866aefac260eb5a75c3215f,2014-10,Northumbria Police,Northumbria Police,-1.433731,54.988173,On or near DIXON STREET,E01008666,South Tyneside 002C,Investigation complete; no suspect identified
60535dd4d1e726dee4c24d5a03c96c00ddc7c916afb3385f48f76afbab26b8ad,2014-10,Northumbria Police,Northumbria Police,-1.507215,55.124427,On or near OXFORD STREET,E01027414,Northumberland 023A,Suspect charged
2f3a76a2a9cd114cf014e84f5b8d8e2b096b47b4dd4f1c611569cf6e3d1670d9,2014-10,Northumbria Police,Northumbria Police,-1.442392,55.040945,On or near STATION ROAD,E01008588,North Tyneside 006D,Suspect charged
65f6a17b615bc5c7f25daac712fbde603781a96a062a3a6e4dbe052b4066a6ff,2014-10,Northumbria Police,Northumbria Police,-1.442392,55.040945,On or near STATION ROAD,E01008588,North Tyneside 006D,Suspect charged
f83197cf36283732957cfb8941b2d941e50e65135e532f193978ea5d35ff6351,2014-10,Northumbria Police,Northumbria Police,-1.519978,55.121962,On or near ELM TREES,E01027429,Northumberland 024D,Offender given a caution
776a763be04cc39a67fa7ee980d998140e36559e76aef1108d8039cbbe7621df,2014-10,Northumbria Police,Northumbria Police,-1.666049,54.928420,On or near STREET GATE PARK,E01008272,Gateshead 019E,Investigation complete; no suspect identified
3c2818803051cd6604178b49f59666a2982cd2f13c58f8b728853c2c57afee85,2014-10,Northumbria Police,Northumbria Police,-1.555333,55.180101,On or near ARIEL STREET,E01027545,Northumberland 010D,Investigation complete; no suspect identified
7a872d9fc42829dafe46ed4ae90e2d072b1c5bb8ee21019cc48a92b0d0c7fb4f,2014-10,Northumbria Police,Northumbria Police,-1.619628,54.976091,On or near TERRACE PLACE,E01008395,Newcastle upon Tyne 024B,Investigation complete; no suspect identified
20efe02d9dd8fed993225ad4d66c9129cabe5422ceb88a5dac3e46316a4c7e48,2014-10,Northumbria Police,Northumbria Police,-1.433790,54.997286,On or near Shopping Area,E01008667,South Tyneside 002D,Suspect charged
4ce3793ba0f0069db9135485e6f2d4956a2acff0fb4b2b5414dd1de98bfb35a5,2014-10,Northumbria Police,Northumbria Police,-1.767528,54.922555,On or near NORTH VIEW WEST,E01008183,Gateshead 024A,Investigation complete; no suspect identified
d54c02f8d694d548eb56cd68dd9277cda9632ebec349d4c1504f9b5e44152e05,2014-10,Northumbria Police,Northumbria Police,-1.547018,54.942251,On or near FALLOWFELD,E01008242,Gateshead 015D,Investigation complete; no suspect identified
13f974ffc9ccd358103618cb6d5d7b81d7a614d3d180e40c326dee3b91bb271d,2014-10,Northumbria Police,Northumbria Police,-1.447415,54.949883,On or near BURNSIDE CLOSE,E01008614,South Tyneside 023A,Investigation complete; no suspect identified
de9193f97b81fadde0b69a20d7477e13a47b0b460b2d0e1fce34639b95da05b7,2014-10,Northumbria Police,Northumbria Police,-1.612220,54.976400,On or near Shopping Area,E01008397,Newcastle upon Tyne 024C,Investigation complete; no suspect identified
4ff4cf4dc4c39e324ab8af5a0ea9c2e6b7b52a4a99bf8c14f1b2a5d75f9ba302,2014-10,Northumbria Police,Northumbria Police,-1.540386,54.917388,On or near DONVALE ROAD,E01008878,Sunderland 009G,Investigation complete; no suspect identified
b7099c1a81158580bb10ce8339d8294453547dfa65a05f5dfc78cc43fe4d3024,2014-10,Northumbria Police,Northumbria Police,-1.367608,54.904634,On or near WOODBINE STREET,E01008836,Sunderland 016F,Investigation complete; no suspect identified
e42aaaed127fc2d181ae746abc3d533d22320cee2a954a9e5bd4972ca5585991,2014-10,Northumbria Police,Northumbria Police,-1.675425,54.946148,On or near CHURCH CHARE,E01008267,Gateshead 017A,Investigation complete; no suspect identified
1907f937fd362f8618f6b112c5064d180210b781225a958e623720ddc5f336fe,2014-10,Northumbria Police,Northumbria Police,-1.660090,54.967027,On or near IVEAGH CLOSE,E01008291,Newcastle upon Tyne 027D,Suspect charged
1907f937fd362f8618f6b112c5064d180210b781225a958e623720ddc5f336fe,2014-10,Northumbria Police,Northumbria Police,-1.660090,54.967027,On or near IVEAGH CLOSE,E01008291,Newcastle upon Tyne 027D,Suspect charged
1907f937fd362f8618f6b112c5064d180210b781225a958e623720ddc5f336fe,2014-10,Northumbria Police,Northumbria Police,-1.660090,54.967027,On or near IVEAGH CLOSE,E01008291,Newcastle upon Tyne 027D,Suspect charged
1496272e1aa852dd7565444fa2538f568a1ebf8950d75ac2a9038f4b1c0b4a83,2014-10,Northumbria Police,Northumbria Police,-1.560959,54.967914,On or near SPRINGWELL AVENUE,E01008389,Newcastle upon Tyne 028B,Investigation complete; no suspect identified
87f9c11cb5f5ac0814094678900e570048f9194bb9ba651f2efa8de0323de3e9,2014-10,Northumbria Police,Northumbria Police,-1.578944,54.953860,On or near OBAN STREET,E01008164,Gateshead 027B,Investigation complete; no suspect identified
0d47fbd45f6cff5500dec8fafc0deff630b9bd5a1d06db1ef1e3b3f76669caea,2014-10,Northumbria Police,Northumbria Police,-1.383595,54.913747,On or near BACK NORTH BRIDGE STREET,E01008791,Sunderland 006F,Suspect charged
02b23edfd672749e34fb6fdf0039f311a169cb6ed9d3ac743b7d16561edc6c71,2014-10,Northumbria Police,Northumbria Police,-1.703700,55.003148,On or near STAMFORDHAM ROAD,E01008444,Newcastle upon Tyne 031C,Investigation complete; no suspect identified
a7235053bba551264e4d6e728aa6adbe665f7c650c4d93300bbcedc717a7223f,2014-10,Northumbria Police,Northumbria Police,-1.570416,54.952608,On or near Parking Area,E01008212,Gateshead 012A,Offender given a drugs possession warning
7db1539aadbf7d09f8e5060ce0e06c39284f8817960c2337ef014b5ab8214f80,2014-10,Northumbria Police,Northumbria Police,-1.591674,54.958100,On or near SHELLEY DRIVE,E01008162,Gateshead 027A,Suspect charged
2a2cef2e9a50b6429eba49c4808e8a049ea029cefed7087535138e0110cc778a,2014-10,Northumbria Police,Northumbria Police,-1.592284,54.982607,On or near SPRINGBANK ROAD,E01008410,Newcastle upon Tyne 023D,Investigation complete; no suspect identified
4f78777efcc8d11ba421193c976ec254058ceac27861994951a2e35e3d923dd7,2014-10,Northumbria Police,Northumbria Police,-1.563189,55.182618,On or near HAWTHORN ROAD,E01027539,Northumberland 010C,Investigation complete; no suspect identified
28c3de81539ec2da0013cfb8d9dc2e406d1c9c8a8b869e4e588480b601834f77,2014-10,Northumbria Police,Northumbria Police,-1.665282,54.988833,On or near BAVINGTON DRIVE,E01008451,Newcastle upon Tyne 016C,Investigation complete; no suspect identified
2b4c02bea3fb8a30d47265a8f085501da1c85f75e9867f380dacb2b0d25c33fb,2014-10,Northumbria Police,Northumbria Police,-1.397665,54.876173,On or near HAWTHORN AVENUE,E01008804,Sunderland 027B,Suspect charged as part of another case
7ba6a56f8f3b01fb7f711111dbe7fe17620e9c3e7726ff9112c6bdcbe033db5b,2014-10,Northumbria Police,Northumbria Police,-1.367572,54.884072,On or near OSWALD TERRACE,E01008779,Sunderland 024C,Suspect charged
7ba6a56f8f3b01fb7f711111dbe7fe17620e9c3e7726ff9112c6bdcbe033db5b,2014-10,Northumbria Police,Northumbria Police,-1.367572,54.884072,On or near OSWALD TERRACE,E01008779,Sunderland 024C,Suspect charged
7ba6a56f8f3b01fb7f711111dbe7fe17620e9c3e7726ff9112c6bdcbe033db5b,2014-10,Northumbria Police,Northumbria Police,-1.367572,54.884072,On or near OSWALD TERRACE,E01008779,Sunderland 024C,Suspect charged
7ba6a56f8f3b01fb7f711111dbe7fe17620e9c3e7726ff9112c6bdcbe033db5b,2014-10,Northumbria Police,Northumbria Police,-1.367572,54.884072,On or near OSWALD TERRACE,E01008779,Sunderland 024C,Suspect charged
e2cdd135acdc9028fea9d74d4cb246e27a678e2c955ff2ec90aa1b028acf6457,2014-10,Northumbria Police,Northumbria Police,-1.605453,54.971849,On or near MELBOURNE STREET,E01033553,Newcastle upon Tyne 023H,Investigation complete; no suspect identified
e362139461419895fd1b68db7b08ed2b3010a438c80466d886d1fa3777693a64,2014-10,Northumbria Police,Northumbria Police,-1.655539,54.971426,On or near GILL STREET,E01008332,Newcastle upon Tyne 029B,Offender given a caution
4f3a95c5c23d12f16847de3d887d8944d840b0ece02342b17ea3f3d301370f9c,2014-10,Northumbria Police,Northumbria Police,-1.407214,54.879653,On or near DURHAM TERRACE,E01008809,Sunderland 026E,Investigation complete; no suspect identified
24de671e5eb6eef2546397817ec1660d2a358836b6a32c326c2d41e83a15eba1,2014-10,Northumbria Police,Northumbria Police,-1.547897,55.186462,On or near HINDMARSH DRIVE,E01027540,Northumberland 013B,Investigation complete; no suspect identified
b5949f2aae48a71e054348488e3429cd177ac500756a9bcc0230d45af08dbd87,2014-10,Northumbria Police,Northumbria Police,-1.462758,54.970117,On or near HENDERSON ROAD,E01008601,South Tyneside 012A,Investigation complete; no suspect identified
7aec224bf21881448a4d10d031a8fc7427ff592ffc26c06ab45d420999752d3c,2014-10,Northumbria Police,Northumbria Police,-1.437359,54.994705,On or near STATION ROAD,E01008667,South Tyneside 002D,Suspect charged as part of another case
1836c9d7a2fc89d7ac55eeca348c2b603f5ef37467807cc29d7f3e8a5a847086,2014-10,Northumbria Police,Northumbria Police,-1.588952,54.947819,On or near ROMFORD PLACE,E01008204,Gateshead 011D,Investigation complete; no suspect identified
915649ba4d83bffb4f3d0e9ee28010fa0e073f4880cc7ff0d36a945ee45b00e4,2014-10,Northumbria Police,Northumbria Police,-1.615856,54.948994,On or near TREVETHICK STREET,E01008254,Gateshead 010D,Suspect charged
915649ba4d83bffb4f3d0e9ee28010fa0e073f4880cc7ff0d36a945ee45b00e4,2014-10,Northumbria Police,Northumbria Police,-1.615856,54.948994,On or near TREVETHICK STREET,E01008254,Gateshead 010D,Suspect charged
5b25f7c764876ab41ece0d45ad3a401da44147dd48b34e26ad8fe6c83ad65aa3,2014-10,Northumbria Police,Northumbria Police,-1.609886,54.951249,On or near WHITEHALL ROAD,E01008171,Gateshead 008D,Investigation complete; no suspect identified
7fd3a222f3346c0d655c5c701dbdbdc76f9619944d99f93537ac05720d64a9d9,2014-10,Northumbria Police,Northumbria Police,-1.516623,55.119271,On or near NINTH AVENUE,E01027429,Northumberland 024D,Suspect charged
96ad96181def5f389416facea746eb0cd7af829b7a2aa0d4b6de772c2170cb49,2014-10,Northumbria Police,Northumbria Police,-1.373260,54.922330,On or near LONSDALE ROAD,E01008786,Sunderland 006A,Investigation complete; no suspect identified
057f9e9030e8843cb7be3c214fa787a0d852fd6cb3050249ae891131af105348,2014-10,Northumbria Police,Northumbria Police,-1.430237,54.986549,On or near Supermarket,E01008668,South Tyneside 002E,Suspect charged
f968c1251bcf09b788f39cace8d85a4d82ce0d07e6772b9a168fc9fe89815af9,2014-10,Northumbria Police,Northumbria Police,-1.582263,54.977128,On or near FLORA STREET,E01008303,Newcastle upon Tyne 018A,Investigation complete; no suspect identified
7f485b329080120950c353754d7f9868bd51635f1eff80ab2c4aaa5bf3a074f9,2014-10,Northumbria Police,Northumbria Police,-1.576523,54.950913,On or near BREARLEY WAY,E01008212,Gateshead 012A,Investigation complete; no suspect identified
5469a8ce52b3496ab9d91ee9357f54a154694db47f963e6d933f92f554ff9b9c,2014-10,Northumbria Police,Northumbria Police,-1.707751,54.959827,On or near SHIBDON CRESCENT,E01008181,Gateshead 005C,Offender given penalty notice
5469a8ce52b3496ab9d91ee9357f54a154694db47f963e6d933f92f554ff9b9c,2014-10,Northumbria Police,Northumbria Police,-1.707751,54.959827,On or near SHIBDON CRESCENT,E01008181,Gateshead 005C,Investigation complete; no suspect identified
aa8811396e7ba400df8c2cf7f569e48a15c352a5a8f6b738c8e2656ef95d92dd,2014-10,Northumbria Police,Northumbria Police,-1.619265,54.964920,On or near POTTERY LANE,E01033545,Newcastle upon Tyne 024H,Investigation complete; no suspect identified
54f0a1af0ae87dd0d4260b4e244c0b3797a01d597afc492074ab2af38ff34c0b,2014-10,Northumbria Police,Northumbria Police,-1.402017,54.906434,On or near Supermarket,E01008706,Sunderland 011C,Investigation complete; no suspect identified
9982a3a8a9f4c44c35141d1f033a015b0fb88a8d041db1ec37c7dc48b99177bb,2014-10,Northumbria Police,Northumbria Police,-1.612220,54.976400,On or near Shopping Area,E01008397,Newcastle upon Tyne 024C,Suspect charged
9982a3a8a9f4c44c35141d1f033a015b0fb88a8d041db1ec37c7dc48b99177bb,2014-10,Northumbria Police,Northumbria Police,-1.612220,54.976400,On or near Shopping Area,E01008397,Newcastle upon Tyne 024C,Suspect charged
9982a3a8a9f4c44c35141d1f033a015b0fb88a8d041db1ec37c7dc48b99177bb,2014-10,Northumbria Police,Northumbria Police,-1.612220,54.976400,On or near Shopping Area,E01008397,Newcastle upon Tyne 024C,Suspect charged
d406f70eb2c004eead76e959c938c02ba1adf3af2f5234eb2a399cffd99fe97f,2014-10,Northumbria Police,Northumbria Police,-1.526804,55.118826,On or near SOUTHEND AVENUE,E01027422,Northumberland 024B,Suspect charged
04efde0b1f8b17d7d66f2cc691e95555537cc295632722f71fbb587503bf93f4,2014-10,Northumbria Police,Northumbria Police,-1.525637,55.118075,On or near WORDSWORTH AVENUE,E01027422,Northumberland 024B,Investigation complete; no suspect identified
55bda3e86f3b6d3866c28fc886bdf57975b58402f98aeb8b1d447dbc62016445,2014-10,Northumbria Police,Northumbria Police,-1.634473,55.005027,On or near HALTERBURN CLOSE,E01008356,Newcastle upon Tyne 006C,Investigation complete; no suspect identified
9041e55f8230a31962fba21ef50cfdc7edeb17a82bb48d8714289becd41ae70c,2014-10,Northumbria Police,Northumbria Police,-1.527419,54.993588,On or near CHARLOTTE STREET,E01008573,North Tyneside 029B,Investigation complete; no suspect identified
5c56807933147b1e5297c16c001bd0795127e32387833dc148aeb7ec89e356bb,2014-10,Northumbria Police,Northumbria Police,-1.432086,55.021694,On or near KINGSWAY,E01008563,North Tyneside 017D,Investigation complete; no suspect identified
713364f75833f94e07311cc3e89ba8c26eae7a2844dec75f4af5c5614664b2c8,2014-10,Northumbria Police,Northumbria Police,-1.552241,54.893583,On or near PARTRIDGE CLOSE,E01008868,Sunderland 020B,Investigation complete; no suspect identified
8a381b8cf79341f0cf69aa1b1325e164b2e9d5e9e891575b8e1777aaa85e754e,2014-10,Northumbria Police,Northumbria Police,-1.780788,54.968894,On or near MEADOWFIELD CRESCENT,E01008245,Gateshead 002F,Investigation complete; no suspect identified
36a69f13b0f6afb27c7f7889672742907ed9798812b0190f5f5c297405146679,2014-10,Northumbria Police,Northumbria Police,-1.771897,54.955489,On or near THE PINES,E01008195,Gateshead 002A,Investigation complete; no suspect identified
0d4552ffdbd436230a77d871c6ba4678f0977e7c84435c814ac2fdbafe2dd4a0,2014-10,Northumbria Police,Northumbria Police,-1.624796,54.998276,On or near WESTFIELD PARK,E01008423,Newcastle upon Tyne 006G,Investigation complete; no suspect identified
a432fe4b7642fc40decf56b95f04e81a00a3c3ed0fcfdc0cbaa52c2f0494bf7a,2014-10,Northumbria Police,Northumbria Police,-1.529878,54.989140,On or near BUDDLE STREET,E01008575,North Tyneside 030E,Suspect charged
cb2f4c3f47224244e71924869e46285b229a4229d382caf7e01cf2aa67dea8a9,2014-10,Northumbria Police,Northumbria Police,-1.624796,54.998276,On or near WESTFIELD PARK,E01008423,Newcastle upon Tyne 006G,Investigation complete; no suspect identified
1f7824500c5860cc4d999a492a1114294902f3f675c433c4b82109572eb75998,2014-10,Northumbria Police,Northumbria Police,-1.580327,54.987509,On or near LESBURY ROAD,E01008365,Newcastle upon Tyne 012F,Suspect charged
7a58db0eaab0c892467d5372af49efb5b4a59098ac72e9531bf6b69918c0eb18,2014-10,Northumbria Police,Northumbria Police,-1.622702,54.998252,On or near WOODLANDS,E01008423,Newcastle upon Tyne 006G,Investigation complete; no suspect identified
82048773bc50a8c9c257385c30b1c90d4db19aaa7e90f8384bc82d6dd47c055b,2014-10,Northumbria Police,Northumbria Police,-1.606330,55.003573,On or near DENE VIEW,E01008422,Newcastle upon Tyne 005E,Investigation complete; no suspect identified
58933b6cbfb7da6f967cf06d98c2501a6a060a652856ce84d213534840d5f4ab,2014-10,Northumbria Police,Northumbria Police,-1.540989,55.212217,On or near KINGSLEY ROAD,E01027451,Northumberland 008E,Offender given a caution
4f70286ca29f071328b4fcba05382da47c3bb184d609ca020d633ce909837f46,2014-10,Northumbria Police,Northumbria Police,-1.658116,55.147966,On or near A192,E01027448,Northumberland 015B,Investigation complete; no suspect identified
2445b35a9886e10ed58564b4f6a30fd91a678f2fbb6c0899c69ab9ff9f36e643,2014-10,Northumbria Police,Northumbria Police,-1.745271,55.091819,On or near Park/Open Space,E01027465,Northumberland 033B,Investigation complete; no suspect identified
e7c66d4ea2c88ce0b607159784d19430704419f9b75d66f102be966ab97dcd99,2014-10,Northumbria Police,Northumbria Police,-1.612220,54.976400,On or near Shopping Area,E01008397,Newcastle upon Tyne 024C,Investigation complete; no suspect identified
2fcdc46f2e2fd72b7dceb7e711115dc157a69ebe425a47e99ea0122aa358d0d6,2014-10,Northumbria Police,Northumbria Police,-1.614472,54.971249,On or near BIGG MARKET,E01033543,Newcastle upon Tyne 024G,Investigation complete; no suspect identified
9570d12ddef33e0fac908c8eba95fe3ce7c4eea900628dcf8080e112a0f981f2,2014-10,Northumbria Police,Northumbria Police,-1.621476,54.968971,On or near SUNDERLAND STREET,E01033545,Newcastle upon Tyne 024H,Investigation complete; no suspect identified
5375d568eadd2db907780790a7e8944def5a27f6000911c3f68eb1f557e6a0fb,2014-10,Northumbria Police,Northumbria Police,-1.601580,54.978019,On or near SHIELD STREET,E01008406,Newcastle upon Tyne 023A,Investigation complete; no suspect identified
96a655ac3944e4078310c94feec14f021fcbfa1f6eb74f3a760d2323ea545537,2014-10,Northumbria Police,Northumbria Police,-1.580492,55.009086,On or near BALLIOL GARDENS,E01008320,Newcastle upon Tyne 007C,Investigation complete; no suspect identified
899a097b0d09161fafb37500faea217c7062dfaccedb646ddcf721c9a6877f74,2014-10,Northumbria Police,Northumbria Police,-1.533681,54.992686,On or near HAWTHORN GROVE,E01008536,North Tyneside 030C,Investigation complete; no suspect identified
ac13a3b0c0f0adfca5273f1fb6ff0e40d6a36382f4402cf64f502f72fbb1e719,2014-10,Northumbria Police,Northumbria Police,-1.534474,54.911938,On or near BURNWAY,E01008879,Sunderland 010D,Investigation complete; no suspect identified
0af6eaf720a54776e6bbfa6a9e5061708299548072bc924a66eb68047e632a19,2014-10,Northumbria Police,Northumbria Police,-1.425218,55.000984,On or near GEORGE SCOTT STREET,E01008598,South Tyneside 001D,Investigation complete; no suspect identified
c57fa9e7f5eddd8890b64d79b8ed9ef209f95761dc8aa208261ebed0ea7074ef,2014-10,Northumbria Police,Northumbria Police,-1.439106,54.975896,On or near VINE STREET,E01008590,South Tyneside 011A,Offender given a drugs possession warning
ba00ad2f18edccbe4b0f6018663c14b5070eaeada9aa5eb4c5c526a69ba9ae30,2014-10,Northumbria Police,Northumbria Police,-1.717701,54.979611,On or near BLYTH COURT,E01008383,Newcastle upon Tyne 021C,Investigation complete; no suspect identified
19f2cd36f2bb0e4df0267d770ec9e758c5b0764dc5ed88293de9a86e38f88726,2014-10,Northumbria Police,Northumbria Police,-1.717701,54.979611,On or near BLYTH COURT,E01008383,Newcastle upon Tyne 021C,Investigation complete; no suspect identified
3ea4bbd86160e5a942b8f227b0ae6c6d15259f9fbc0e3b4b9827652305c1518f,2014-10,Northumbria Police,Northumbria Police,-1.603407,55.005065,On or near MILL RISE,E01008424,Newcastle upon Tyne 005F,Suspect charged as part of another case
3ea4bbd86160e5a942b8f227b0ae6c6d15259f9fbc0e3b4b9827652305c1518f,2014-10,Northumbria Police,Northumbria Police,-1.603407,55.005065,On or near MILL RISE,E01008424,Newcastle upon Tyne 005F,Suspect charged as part of another case
687aa34a959bb69e0ecd97c61f0332aafd5c93622cdb66c570ecc161be5ce3f5,2014-10,Northumbria Police,Northumbria Police,-1.622412,54.970816,On or near WESTGATE ROAD,E01033554,Newcastle upon Tyne 024I,Suspect charged
998812c6e63aa114f12f294f6d9facf8ba68a88288bb7830eef30d4e0db9b3a7,2014-10,Northumbria Police,Northumbria Police,-1.437702,54.998095,On or near Shopping Area,E01008667,South Tyneside 002D,Suspect charged
ee4faeabc6b1f60ed9202c74b5b60f0cb0c4abf191d57a941275005aae544e8f,2014-10,Northumbria Police,Northumbria Police,-1.618661,54.969402,On or near THOMAS BEWICK SQUARE,E01033545,Newcastle upon Tyne 024H,Investigation complete; no suspect identified
bf90f697275c83b00c1ca8f8857534183e63cb06c8f3aab88bab733c3c4160c1,2014-10,Northumbria Police,Northumbria Police,-1.575102,54.958384,On or near COACH ROAD GREEN,E01008214,Gateshead 003A,Suspect charged
8db513c058e17427d2ae191ccce3c3466754fb9fb029ab468cef137de5e3d8e7,2014-10,Northumbria Police,Northumbria Police,-1.617258,54.970746,On or near FALCONAR'S COURT,E01033543,Newcastle upon Tyne 024G,Investigation complete; no suspect identified
26b9898d7202ed74620bcaf21ea5c9326839dc4fff50488dfe7c20602f18c9ce,2014-10,Northumbria Police,Northumbria Police,-1.719857,55.414228,On or near Sports/Recreation Area,E01027358,Northumberland 005A,Investigation complete; no suspect identified
5ddccc8078e1ff27299cf7fbd19270aa360623c0737f12645a92f9d0dc546485,2014-10,Northumbria Police,Northumbria Police,-1.615322,54.972222,On or near NUN STREET,E01033543,Newcastle upon Tyne 024G,Offender given a caution
5ddccc8078e1ff27299cf7fbd19270aa360623c0737f12645a92f9d0dc546485,2014-10,Northumbria Police,Northumbria Police,-1.615322,54.972222,On or near NUN STREET,E01033543,Newcastle upon Tyne 024G,Suspect charged
80095dc4acad431b8566415d430bf3ca0d03bb4de00a4d04d344faed8f132046,2014-10,Northumbria Police,Northumbria Police,-1.495528,54.841769,On or near Parking Area,E01008755,Sunderland 033E,Suspect charged
2013c4bb7cc17cc90292d19a156cfeab1d303673d16fc56167a64f4e5d84eb70,2014-10,Northumbria Police,Northumbria Police,-1.499056,54.877541,On or near FERNDALE ROAD,E01008800,Sunderland 030D,Suspect charged
0024d16f131bc3812d3c4bd22e556803b3d6a8fca10a5ea615e030570886567c,2014-10,Northumbria Police,Northumbria Police,-1.533918,55.129951,On or near COWLEY PLACE,E01027392,Northumberland 022A,Investigation complete; no suspect identified
524f62a081a09690004d1462290ce1af8018f70390534363860b988e0a7c533e,2014-10,Northumbria Police,Northumbria Police,-1.563788,54.950472,On or near BONDENE AVENUE WEST,E01008216,Gateshead 012C,Investigation complete; no suspect identified
49bbba1370fa35ea029fe7f6c9ad273d85c3d4d9640b3176abb0cfbd3361c4d9,2014-10,Northumbria Police,Northumbria Police,-1.499056,54.877541,On or near FERNDALE ROAD,E01008800,Sunderland 030D,Suspect charged
416d27ac9f2f1d434f1db5557a0d9c019ee3f55d9296d185209cd1124f68142b,2014-10,Northumbria Police,Northumbria Police,-1.585968,54.937367,On or near GLENDALE GARDENS,E01008235,Gateshead 016B,Investigation complete; no suspect identified
e40d2c5320a8751d7577ce2ca06e6d269dbf4cec3b69884da4c7592a83965326,2014-10,Northumbria Police,Northumbria Police,-1.544570,55.004122,On or near CONWAY GARDENS,E01008532,North Tyneside 025B,Suspect charged
66b64748f0cd4f883846a60871e4f6fb30d49322efce461e05d5530757a6c9d9,2014-10,Northumbria Police,Northumbria Police,-1.367254,54.908334,On or near CHURCH WALK,E01008702,Sunderland 016A,Investigation complete; no suspect identified
79e2abba5f848f0cf0546508ee2c31896e63ba4340cbfdfb3b644301f4baf55f,2014-10,Northumbria Police,Northumbria Police,-1.611738,54.969722,On or near ST NICHOLAS' STREET,E01033545,Newcastle upon Tyne 024H,Offender given a caution
79e2abba5f848f0cf0546508ee2c31896e63ba4340cbfdfb3b644301f4baf55f,2014-10,Northumbria Police,Northumbria Police,-1.611738,54.969722,On or near ST NICHOLAS' STREET,E01033545,Newcastle upon Tyne 024H,Investigation complete; no suspect identified
3e161b3c19344339f74128fb9a618443d1a27ce5bcb403fa6b2513e7caf90caa,2014-10,Northumbria Police,Northumbria Police,-1.437470,54.982287,On or near JOHNSON STREET,E01008666,South Tyneside 002C,Suspect charged
3e161b3c19344339f74128fb9a618443d1a27ce5bcb403fa6b2513e7caf90caa,2014-10,Northumbria Police,Northumbria Police,-1.437470,54.982287,On or near JOHNSON STREET,E01008666,South Tyneside 002C,Suspect charged
0c1dba6d83b5d572090f8bca114c6e3a4b06cea1c627da7806b1f6e794882d4f,2014-10,Northumbria Police,Northumbria Police,-1.611738,54.969722,On or near ST NICHOLAS' STREET,E01033545,Newcastle upon Tyne 024H,Offender given penalty notice
cbc61c82d1ce626744b10e8951019ec186367e36c50d8a0f210573e8624a289a,2014-10,Northumbria Police,Northumbria Police,-2.104170,54.974205,On or near Petrol Station,E01027476,Northumberland 035A,Investigation complete; no suspect identified
1632c1eaf0d802fcafb42078d4891fb9d6338e605d0acb44dbdec3719daca9b6,2014-10,Northumbria Police,Northumbria Police,-1.609275,54.967503,On or near B1307,E01033545,Newcastle upon Tyne 024H,Investigation complete; no suspect identified
6bc7776e232e49b3a1ec1eb923d7f4623777e133daa3f9929c71f1d84523be94,2014-10,Northumbria Police,Northumbria Police,-1.583346,54.904126,On or near LANSBURY CLOSE,E01008223,Gateshead 025B,Investigation complete; no suspect identified
837f08cfa75052796c1945193bca411fb32f33b918304a9881d8470bd13b649c,2014-10,Northumbria Police,Northumbria Police,-1.621086,54.973876,On or near Parking Area,E01008397,Newcastle upon Tyne 024C,Investigation complete; no suspect identified
fdf7053642b9a790dc02e8f2f24f27232f9b0886e1fe11514d1f7ca6a27c9369,2014-10,Northumbria Police,Northumbria Police,-1.450383,54.958945,On or near MASEFIELD DRIVE,E01008606,South Tyneside 016C,Investigation complete; no suspect identified
2f2817c0c2f33c925412bda2e0f3a1651b18a3be29dc78ba1c190a0aefb16c36,2014-10,Northumbria Police,Northumbria Police,-1.712159,55.037918,On or near Parking Area,E01008458,Newcastle upon Tyne 004D,Investigation complete; no suspect identified
6556fe5e88a49bd015b990adb208a0e67fe22883583790f24e2caae0cfc752a0,2014-10,Northumbria Police,Northumbria Police,-1.654510,54.954763,On or near BLENHEIM PLACE,E01008208,Gateshead 013C,Offender given a caution
9987390640b4f3bbe9bfe1c91e600d6d6885f1d8f9ecd03869e9d51ee22c1e7f,2014-10,Northumbria Police,Northumbria Police,-1.578146,55.077750,On or near CRANSHAW PLACE,E01027408,Northumberland 031D,Offender given a caution
bf2cc1b87946d6e55439c6f1fd5d00f95458936f2c9c7930297935fba7184b48,2014-10,Northumbria Police,Northumbria Police,-1.403532,54.918942,On or near MOUNT PLEASANT,E01033075,Sunderland 005G,Offender given penalty notice
73591efa4b8f19c32cf1b7c0944f2819356bf540189cc8677e1acf0c441bc31a,2014-10,Northumbria Police,Northumbria Police,-1.387978,54.903462,On or near ALBION PLACE,E01008831,Sunderland 013D,Investigation complete; no suspect identified
cde6a4b1b7f0261f282f569c4039df9d54cd5e842e652e6b0c14346e4683732e,2014-10,Northumbria Police,Northumbria Police,-1.575748,55.014173,On or near MARLOW PLACE,E01008474,North Tyneside 019B,Suspect charged
53e2a18310faff940e69cfc9aefe5cf2ae7967055d6e10a07cf054610ec4f7be,2014-10,Northumbria Police,Northumbria Police,-1.559665,54.967675,On or near BURNHAM GROVE,E01008389,Newcastle upon Tyne 028B,Investigation complete; no suspect identified
53e2a18310faff940e69cfc9aefe5cf2ae7967055d6e10a07cf054610ec4f7be,2014-10,Northumbria Police,Northumbria Police,-1.559665,54.967675,On or near BURNHAM GROVE,E01008389,Newcastle upon Tyne 028B,Suspect charged
53e2a18310faff940e69cfc9aefe5cf2ae7967055d6e10a07cf054610ec4f7be,2014-10,Northumbria Police,Northumbria Police,-1.559665,54.967675,On or near BURNHAM GROVE,E01008389,Newcastle upon Tyne 028B,Suspect charged
fbef8fb79e4deb9ff33ee8ad21ca2ecd01dca1dd6516bf4091035d226be9cfb5,2014-10,Northumbria Police,Northumbria Police,-1.511471,54.996598,On or near BISHOPS CLOSE,E01008571,North Tyneside 028D,Offender given a drugs possession warning
e2200c0c4043b6b819aa73c96fbb7390038f7c99622bc3f6b064a961db6d9387,2014-10,Northumbria Police,Northumbria Police,-1.634168,54.964633,On or near WHITEBEAM PLACE,E01008438,Newcastle upon Tyne 029G,Investigation complete; no suspect identified
01098c509a773aff8b985f14f592f0558f4717f9984b95f371123a63b7f6aa59,2014-10,Northumbria Police,Northumbria Police,-1.771897,54.955489,On or near THE PINES,E01008195,Gateshead 002A,Investigation complete; no suspect identified
2d86e2a061d01b60b4ee15903fc5e143d0ab8eff4e4454431fe00b326da518b8,2014-10,Northumbria Police,Northumbria Police,-2.118831,54.966185,On or near BENSON CLOSE,E01027491,Northumberland 035D,Investigation complete; no suspect identified
79400cea389b69da1d879f3660381beedb5788032381cc1ad05013435f1ae867,2014-10,Northumbria Police,Northumbria Police,-1.618321,54.970578,On or near FENKLE STREET,E01033543,Newcastle upon Tyne 024G,Suspect charged
79400cea389b69da1d879f3660381beedb5788032381cc1ad05013435f1ae867,2014-10,Northumbria Police,Northumbria Police,-1.618321,54.970578,On or near FENKLE STREET,E01033543,Newcastle upon Tyne 024G,Suspect charged
bac04795652c6f426f4e3a1d74d4198244be0d7f6d7d2cbe9cca17b2f2b440da,2014-10,Northumbria Police,Northumbria Police,-1.760024,54.972288,On or near Supermarket,E01008249,Gateshead 001D,Suspect charged
b6d60d79e1909275844ee4fb52c17fb4ec10c7a1a536d6c3e1391409e3fc272b,2014-10,Northumbria Police,Northumbria Police,-1.445804,55.009113,On or near Shopping Area,E01008524,North Tyneside 022B,Suspect charged
d604e6373ab884129667bc9e2df0754f5ee57e22b7ec55ced79a7a8dadfc1a46,2014-10,Northumbria Police,Northumbria Police,-1.423447,54.912900,On or near Sports/Recreation Area,E01008762,Sunderland 012B,Investigation complete; no suspect identified
f4884b57f45c1640233534587cac28ba24180535b9a6a2fa0543f2b0830c7850,2014-10,Northumbria Police,Northumbria Police,-1.445804,55.009113,On or near Shopping Area,E01008524,North Tyneside 022B,Suspect charged
2ae8b0482f2f3e1ed21f44398fc01ee71ab6556df084a77557abb7e6e00d9f99,2014-10,Northumbria Police,Northumbria Police,-1.386629,54.903985,On or near VINE PLACE,E01008836,Sunderland 016F,Suspect charged
62ed6669db11c04987fd7c0e3745505870ddbc2324dfc7f9edbba86296fa72db,2014-10,Northumbria Police,Northumbria Police,-1.387978,54.903462,On or near ALBION PLACE,E01008831,Sunderland 013D,Suspect charged
edc866bfa844f1fc430f40f6275dc81d569780f6322c09dd71d1075b254b0bac,2014-10,Northumbria Police,Northumbria Police,-1.614472,54.971249,On or near BIGG MARKET,E01033543,Newcastle upon Tyne 024G,Suspect charged
edc866bfa844f1fc430f40f6275dc81d569780f6322c09dd71d1075b254b0bac,2014-10,Northumbria Police,Northumbria Police,-1.614472,54.971249,On or near BIGG MARKET,E01033543,Newcastle upon Tyne 024G,Investigation complete; no suspect identified
6134f2a15c227d190c48fdb0a26453dbeee25b28dfc28a93f29def241fa3449c,2014-10,Northumbria Police,Northumbria Police,-1.513935,55.126314,On or near ARTHUR STREET,E01027415,Northumberland 023B,Suspect charged
e16550114f866af2dfe18335db6b6f2c28ff4e8e32b4771764e307d7b190e0ca,2014-10,Northumbria Police,Northumbria Police,-1.461331,54.843177,On or near MARKET PLACE,E01008714,Sunderland 034A,Investigation complete; no suspect identified
13a5a7493d8bf5366d9f9e3a1c56a12e1ae08b21415424bfcee18d99bb3a98db,2014-10,Northumbria Police,Northumbria Police,-1.647873,55.013765,On or near BRUNTON GROVE,E01008338,Newcastle upon Tyne 003C,Investigation complete; no suspect identified
5215233f0cd049ee8cab3adc5ac4c2bcebee3f789dc57ff4551c5f1c90a7744a,2014-10,Northumbria Police,Northumbria Police,-1.606587,54.953323,On or near GRASMERE STREET,E01008169,Gateshead 008B,Investigation complete; no suspect identified
58401aafbfc379f52f49642611df11b9833e65d097fa3457c5dd713c5d136d69,2014-10,Northumbria Police,Northumbria Police,-1.423499,54.803283,On or near SALTER'S LANE,E01008746,Sunderland 036D,Investigation complete; no suspect identified
f09cb8a0c969b3f1b8c3c8c6a5921e5777fdc842a6dade133bb66215910ee922,2014-10,Northumbria Police,Northumbria Police,-1.512504,55.126668,On or near Parking Area,E01027415,Northumberland 023B,Offender given a caution
cfa7594a184562411b33c15d9722370b5f7fc82144927373a6fd0fd16c5472a6,2014-10,Northumbria Police,Northumbria Police,-1.581836,54.992645,On or near HORSLEY ROAD,E01008318,Newcastle upon Tyne 012D,Investigation complete; no suspect identified
6a25e3c95d88d8904c21aab0d5e5708806624f5efd644812cd5cb7d0f85be344,2014-10,Northumbria Police,Northumbria Police,-1.666276,55.004741,On or near BYRNESS CLOSE,E01008295,Newcastle upon Tyne 008A,Investigation complete; no suspect identified
115043f6692441377fc612036eefb1c4bb62e8403db0a8a72ff06e829809475a,2014-10,Northumbria Police,Northumbria Police,-1.591407,55.012079,On or near WEST FARM AVENUE,E01032649,North Tyneside 019F,Local resolution
dfe12a937f1e1108a79dd1d1ce235e615ff270758a782415a00bd45aa4a249ec,2014-10,Northumbria Police,Northumbria Police,-1.666276,55.004741,On or near BYRNESS CLOSE,E01008295,Newcastle upon Tyne 008A,Investigation complete; no suspect identified
01610fbba1a07d31a3602aa1cf06314114bb948080b1f4f5e996597cfc930a2f,2014-10,Northumbria Police,Northumbria Police,-1.617134,54.972264,On or near NEWGATE STREET,E01033543,Newcastle upon Tyne 024G,Offender given a caution
a53fd067cae696737b417ed17a73098fcad1a659905030c0740bc6b32e69da01,2014-10,Northumbria Police,Northumbria Police,-1.434487,54.957695,On or near MILLAIS GARDENS,E01008689,South Tyneside 019B,Suspect charged
3f8ffa3a9b53c575fc7a54ed933f9f244225453d8fc656371fa2a22d888b408c,2014-10,Northumbria Police,Northumbria Police,-1.515520,55.128810,On or near WRIGHT STREET,E01027415,Northumberland 023B,Suspect charged
99569ec24a6eaa628c26b4891541fdbbdea650b62dc228580e761e2adb0afb36,2014-10,Northumbria Police,Northumbria Police,-1.589129,55.332332,On or near THE WYND,E01027364,Northumberland 006D,Suspect charged
99569ec24a6eaa628c26b4891541fdbbdea650b62dc228580e761e2adb0afb36,2014-10,Northumbria Police,Northumbria Police,-1.589129,55.332332,On or near THE WYND,E01027364,Northumberland 006D,Suspect charged
4edd3ab0bd5b09e35e46e6c34ebf3e9c68375c953e73bc00742d59abce8595dc,2014-10,Northumbria Police,Northumbria Police,-1.391733,54.895411,On or near BELLE VUE PARK WEST,E01008781,Sunderland 022B,Suspect charged as part of another case
13f8fae1d1034e6200d25324ae2549e47194eb0a9ac0746e6c276f5a42bc9cf4,2014-10,Northumbria Police,Northumbria Police,-1.590088,54.928260,On or near APPLEBY GARDENS,E01008192,Gateshead 023D,Investigation complete; no suspect identified
51893ef993cc26debd0d71f53e88f64d4e2a5fd6fb97c72483bfe64ebf39ce7e,2014-10,Northumbria Police,Northumbria Police,-1.616721,54.974644,On or near Shopping Area,E01008397,Newcastle upon Tyne 024C,Investigation complete; no suspect identified
bd0a425a351aab27c4f2faf05d6be4ee7ab6eebc415e0ed61caa189a4ec5ced5,2014-10,Northumbria Police,Northumbria Police,-1.613904,55.235456,On or near SOUTHSIDE,E01027474,Northumberland 008F,Investigation complete; no suspect identified
813403a550f6437bd27ba2f62f3ac5ef5d370a0fc744855101052ab38db73313,2014-10,Northumbria Police,Northumbria Police,-1.516280,55.129550,On or near GLADSTONE STREET,E01027415,Northumberland 023B,Suspect charged
aeda6b4fc334f19dc74db7d8cd4a5b1c0315c7af97e5c9ebd987bd931b9fcbd0,2014-10,Northumbria Police,Northumbria Police,-1.512453,55.126991,On or near Parking Area,E01027415,Northumberland 023B,Suspect charged
aeda6b4fc334f19dc74db7d8cd4a5b1c0315c7af97e5c9ebd987bd931b9fcbd0,2014-10,Northumbria Police,Northumbria Police,-1.512453,55.126991,On or near Parking Area,E01027415,Northumberland 023B,Suspect charged
6e6054ec41a64eb1bea129eea2e0897565f3228f4709280be788234d72176380,2014-10,Northumbria Police,Northumbria Police,-1.640908,54.977728,On or near BRIGHTON GROVE,E01033556,Newcastle upon Tyne 022H,Investigation complete; no suspect identified
1efbd136a5ab5f4f9c30c6a4f68a9226aa8cb5b695578b1405a88568aa38422a,2014-10,Northumbria Police,Northumbria Police,-1.565948,54.929641,On or near RYHOPE GARDENS,E01008227,Gateshead 021E,Investigation complete; no suspect identified
43767b5c616fec9925d282b2533725f2301fa990f29d8bc602a7b63d087c76d2,2014-10,Northumbria Police,Northumbria Police,-1.384211,54.918342,On or near NEWCASTLE ROAD,E01008711,Sunderland 005D,Suspect charged
43767b5c616fec9925d282b2533725f2301fa990f29d8bc602a7b63d087c76d2,2014-10,Northumbria Police,Northumbria Police,-1.384211,54.918342,On or near NEWCASTLE ROAD,E01008711,Sunderland 005D,Suspect charged
f076af94b42775aca30b83a97e0bd5ecf34d6f07e0bdbd0fa57dd106ac361a72,2014-10,Northumbria Police,Northumbria Police,-1.594228,54.952555,On or near FIFE STREET,E01008163,Gateshead 028A,Investigation complete; no suspect identified
0d9617fc6b600ef8fe7ceb752a62cfd9f954d9a5fbb5dd34cff4ade0c23030db,2014-10,Northumbria Police,Northumbria Police,-1.552990,54.904809,On or near HEATHERLAW,E01008873,Sunderland 010A,Investigation complete; no suspect identified
7f733bad3618b82d973fa8a2eed27156464e940bd12641dc91534c71f9471322,2014-10,Northumbria Police,Northumbria Police,-1.613189,54.969906,On or near COLLINGWOOD STREET,E01033545,Newcastle upon Tyne 024H,Investigation complete; no suspect identified
63754dacaec057448f69906dc409bc050857e1dfaa4673f059374186adaaff02,2014-10,Northumbria Police,Northumbria Police,-1.436408,54.957668,On or near HEATON GARDENS,E01008606,South Tyneside 016C,Investigation complete; no suspect identified
abe50a482e31e8824b2db9d88de7bae9008d2166972c4c427e01e47bb43fd7e7,2014-10,Northumbria Police,Northumbria Police,-1.586479,55.085300,On or near Pedestrian Subway,E01027409,Northumberland 029B,Offender given a caution
5bad23fe1bf09b09cbabda1680946e7a7a9601a935168fdb5cba0054260880c5,2014-10,Northumbria Police,Northumbria Police,-1.448230,55.006671,On or near BOROUGH ROAD,E01008544,North Tyneside 027D,Suspect charged
0735e6f8516b835be49e9a61d7901c23ba21c957afb8a974673c15e87b1333ae,2014-10,Northumbria Police,Northumbria Police,-1.429924,55.003145,On or near TRAJAN STREET,E01008599,South Tyneside 001E,Offender given a caution
16bb2bf7c241220bd7bfbbff8d23c238292c2f8300b6ed627d5a2097d8f17626,2014-10,Northumbria Police,Northumbria Police,-1.420583,54.913596,On or near Supermarket,E01008762,Sunderland 012B,Investigation complete; no suspect identified
3c34924dc3c3202315da8a85703ca1f4318be0bc1071c61b10d4543cbe4f405d,2014-10,Northumbria Police,Northumbria Police,-1.432302,54.986423,On or near BEAUFRONT TERRACE,E01008664,South Tyneside 002A,Suspect charged
3c34924dc3c3202315da8a85703ca1f4318be0bc1071c61b10d4543cbe4f405d,2014-10,Northumbria Police,Northumbria Police,-1.432302,54.986423,On or near BEAUFRONT TERRACE,E01008664,South Tyneside 002A,Suspect charged
9a9b51b7e21123d5d8dd9afdbc5a9ce11643c3c18b735dc19caa0b81583a2290,2014-10,Northumbria Police,Northumbria Police,-1.445007,54.927505,On or near KIDDERMINSTER ROAD,E01008841,Sunderland 003F,Investigation complete; no suspect identified
2c0b9163599f751575fefc3f76e8c7c1e7c46e016f07e7e282e7f121eef9071b,2014-10,Northumbria Police,Northumbria Police,-1.656937,54.970486,On or near COCHRANE STREET,E01008332,Newcastle upon Tyne 029B,Offender given a caution
a127bbb5c754eaea0f684c15003bf0236ee04f82236e247d3311070ba0217fdf,2014-10,Northumbria Police,Northumbria Police,-1.604460,54.947331,On or near SALTWELL VIEW,E01008255,Gateshead 010E,Suspect charged
125272808924a9e3e9a5108024df08bdc97e1963c86a863e36f5bed9bac84e4e,2014-10,Northumbria Police,Northumbria Police,-1.578146,55.077750,On or near CRANSHAW PLACE,E01027408,Northumberland 031D,Suspect charged
84c7bb5d525f4ec3353fcc4f88c16a5cbbc8dfcad289f890b013a11173eeccb0,2014-10,Northumbria Police,Northumbria Police,-1.578252,55.042300,On or near ALLANVILLE,E01008476,North Tyneside 008B,Suspect charged
84c7bb5d525f4ec3353fcc4f88c16a5cbbc8dfcad289f890b013a11173eeccb0,2014-10,Northumbria Police,Northumbria Police,-1.578252,55.042300,On or near ALLANVILLE,E01008476,North Tyneside 008B,Suspect charged
014d81c0d5f96ea3b1834b07f926d81552a14897b66cdacddcc5bdac8843026c,2014-10,Northumbria Police,Northumbria Police,-1.558912,55.184508,On or near CASTLE TERRACE,E01027539,Northumberland 010C,Offender given a drugs possession warning
eb67f0f1b18f5dcc08e8171ced5a8dc9d0aca79629db0e274c4e2f7ef213010e,2014-10,Northumbria Police,Northumbria Police,-1.539365,54.990434,On or near YORK DRIVE,E01008537,North Tyneside 030D,Investigation complete; no suspect identified
302a6c03803c506803b6a45998fb196620bfccc64221e6287799f4d56294cdfa,2014-10,Northumbria Police,Northumbria Police,-1.584889,54.954257,On or near DUNCAN STREET,E01008164,Gateshead 027B,Suspect charged
302a6c03803c506803b6a45998fb196620bfccc64221e6287799f4d56294cdfa,2014-10,Northumbria Police,Northumbria Police,-1.584889,54.954257,On or near DUNCAN STREET,E01008164,Gateshead 027B,Suspect charged
933ed7e15ebfb9ce70fb98901027cba89d4bd3d18d7cf99ed0dc12ee6a0a1e9d,2014-10,Northumbria Police,Northumbria Police,-1.387978,54.903462,On or near ALBION PLACE,E01008831,Sunderland 013D,Offender given a caution
dc5a868e7d76a62890dc17ced3752bb486653815ea7fb4e2345c19df284c9ed8,2014-10,Northumbria Police,Northumbria Police,-1.451123,55.037516,On or near HOTSPUR AVENUE,E01008585,North Tyneside 006B,Offender given a caution
e856125eba93e3ea1c687883aca99b6ceb8825ab52606bae3ac6d9d0cedc84f1,2014-10,Northumbria Police,Northumbria Police,-1.578146,55.077750,On or near CRANSHAW PLACE,E01027408,Northumberland 031D,Suspect charged
1f7822e3720c19c438f3c423c4a865b45adece30529799678179f038da789985,2014-10,Northumbria Police,Northumbria Police,-1.589058,54.941987,On or near OLD DURHAM ROAD,E01008236,Gateshead 016C,Investigation complete; no suspect identified
69e1937a922583341ac08501c14a0d1aa46c16786be41cc7a5d0899ad40ff3c1,2014-10,Northumbria Police,Northumbria Police,-1.619580,55.004307,On or near Supermarket,E01008419,Newcastle upon Tyne 006E,Suspect charged
69e1937a922583341ac08501c14a0d1aa46c16786be41cc7a5d0899ad40ff3c1,2014-10,Northumbria Police,Northumbria Police,-1.619580,55.004307,On or near Supermarket,E01008419,Newcastle upon Tyne 006E,Suspect charged
69e1937a922583341ac08501c14a0d1aa46c16786be41cc7a5d0899ad40ff3c1,2014-10,Northumbria Police,Northumbria Police,-1.619580,55.004307,On or near Supermarket,E01008419,Newcastle upon Tyne 006E,Suspect charged
1757ecbafc674089716e4bdb8c26021d6fb1b02111cd05fa853be811d0501af1,2014-10,Northumbria Police,Northumbria Police,-1.536647,54.992994,On or near WILSON STREET,E01008536,North Tyneside 030C,Investigation complete; no suspect identified
0612b7e1fee7b84ebf7a30bc064b678cb8a3c322fe2192ae246edbcad36af110,2014-10,Northumbria Police,Northumbria Police,-1.604071,54.972537,On or near PANDON BANK,E01033553,Newcastle upon Tyne 023H,Investigation complete; no suspect identified
22462813b398e2eba226c2a157a6e9a8f828bf11800eae1210d1738fa33797df,2014-10,Northumbria Police,Northumbria Police,-1.695700,54.992228,On or near Pedestrian Subway,E01008325,Newcastle upon Tyne 015B,Suspect charged
f70dd0b2ad34fff8e77d0b34f8daa2a62ab8349dd9288824f06c0a5323fb72f9,2014-10,Northumbria Police,Northumbria Police,-1.580808,54.975775,On or near A193,E01008304,Newcastle upon Tyne 026C,Offender given a caution
f70dd0b2ad34fff8e77d0b34f8daa2a62ab8349dd9288824f06c0a5323fb72f9,2014-10,Northumbria Police,Northumbria Police,-1.580808,54.975775,On or near A193,E01008304,Newcastle upon Tyne 026C,Suspect charged
f70dd0b2ad34fff8e77d0b34f8daa2a62ab8349dd9288824f06c0a5323fb72f9,2014-10,Northumbria Police,Northumbria Police,-1.580808,54.975775,On or near A193,E01008304,Newcastle upon Tyne 026C,Investigation complete; no suspect identified
67dcfab104c9979338ce8c8300b2e65f2e529d506664b15ee25f0be097d0a24d,2014-10,Northumbria Police,Northumbria Police,-1.504292,54.972818,On or near MARR ROAD,E01008655,South Tyneside 009E,Suspect charged
1438996ec7b095facb082feda04bf60212a56932706f776bbe9ebef4f7c1d21e,2014-10,Northumbria Police,Northumbria Police,-1.689380,55.001019,On or near MORTIMER AVENUE,E01008456,Newcastle upon Tyne 004B,Investigation complete; no suspect identified
68251b0d33869183393a6a5675505c8e0f671609920a560ca35f0f8d65a9c550,2014-10,Northumbria Police,Northumbria Police,-1.510142,54.913119,On or near USWORTH STATION ROAD,E01008859,Sunderland 009E,Investigation complete; no suspect identified
8d1f8e02c18dcced73e65dd446a6eb7057678ba605c69644dcf85d9bc376e8d8,2014-10,Northumbria Police,Northumbria Police,-1.614259,54.936453,On or near DERWENT AVENUE,E01008259,Gateshead 007D,Offender given a caution
a39c3966653beb1f274ffcb3075c3fb35f0e336c31caf3953bea1f04014296c4,2014-10,Northumbria Police,Northumbria Police,-1.613189,54.969906,On or near COLLINGWOOD STREET,E01033545,Newcastle upon Tyne 024H,Investigation complete; no suspect identified
439677bec1870eb1e43cc738769f3c29c41c2c9643b1e36934a5725b475dc72d,2014-10,Northumbria Police,Northumbria Police,-1.582229,55.013486,On or near BENTON LANE,E01008474,North Tyneside 019B,Suspect charged
8196346c6e1c4088370fd879593cb0372689817b7e23601798bd5f0a7e7dadd2,2014-10,Northumbria Police,Northumbria Police,-1.460407,55.027861,On or near CHILTERN ROAD,E01008556,North Tyneside 013C,Suspect charged
ed3e7efbfd7c74ebd4c55c19efdce73d8d273b61af963ce6a15dbe3eb8982d44,2014-10,Northumbria Police,Northumbria Police,-1.582229,55.013486,On or near BENTON LANE,E01008474,North Tyneside 019B,Suspect charged
68dccd0d2f26931be5a1b532b0392a37b27edec8b950c8a5a50371a20b4faa7e,2014-10,Northumbria Police,Northumbria Police,-1.617134,54.972264,On or near NEWGATE STREET,E01033543,Newcastle upon Tyne 024G,Suspect charged
bcbb66902e7a34ec98ab5366324c85853f1a06cd497eb4d37629414e86b249d2,2014-10,Northumbria Police,Northumbria Police,-1.617134,54.972264,On or near NEWGATE STREET,E01033543,Newcastle upon Tyne 024G,Suspect charged
f1e02b6d2f729459d78121c50277ba0cd587cf8a7a98a1ec360a5f03a4082d5a,2014-10,Northumbria Police,Northumbria Police,-1.563973,55.034297,On or near GARTH THIRTY THREE,E01008505,North Tyneside 012B,Offender given a caution
a352906a00b8be1111b8fa4fe760e3d4831aa5e38dc42583970efb35fc04f22a,2014-10,Northumbria Police,Northumbria Police,-1.615322,54.972222,On or near NUN STREET,E01033543,Newcastle upon Tyne 024G,Suspect charged
8ae8d28d696255fe61c80e15ff3bacf5382fa1a92fe723510f91c3f84e0f9eeb,2014-10,Northumbria Police,Northumbria Police,-1.584919,54.971017,On or near ST LAWRENCE SQUARE,E01008304,Newcastle upon Tyne 026C,Investigation complete; no suspect identified
a389db9971023b1a015c9dbfb7aa0b30544f47ce52da76739b79e29973dc23dd,2014-10,Northumbria Police,Northumbria Police,-1.631058,55.026251,On or near SOUTH BEND,E01033550,Newcastle upon Tyne 002F,Offender given a caution
e7a5b200bb407546d9d8534d2621ec84f2411675ca84d28f2fa920dfe93461f2,2014-10,Northumbria Police,Northumbria Police,-1.622702,54.998252,On or near WOODLANDS,E01008423,Newcastle upon Tyne 006G,Investigation complete; no suspect identified
af34d94bd7dab241d7af077e6fe7cd4ac1c4df9131bd00041de61904ec38f8fa,2014-10,Northumbria Police,Northumbria Police,-1.716695,54.960378,On or near ETHEL AVENUE,E01008178,Gateshead 004A,Investigation complete; no suspect identified
3ea54de16803ecf9135608e720d19902af7df85fa08e355be2e984544f639688,2014-10,Northumbria Police,Northumbria Police,-1.788355,54.961575,On or near GREENSIDE ROAD,E01008197,Gateshead 002B,Investigation complete; no suspect identified
df97181e894d546916e7287186702684d476065adeda13a06bb9f99a0eaeb2df,2014-10,Northumbria Police,Northumbria Police,-1.400534,54.889703,On or near BYLANDS GARDENS,E01008782,Sunderland 022C,Investigation complete; no suspect identified
b2d5dd6ce59c48b52d6261558b3c2b2626bf74f3454c7d7c363bd34f0a49e0ef,2014-10,Northumbria Police,Northumbria Police,-1.435197,54.987291,On or near ST JUDE'S TERRACE,E01008664,South Tyneside 002A,Investigation complete; no suspect identified
b2d5dd6ce59c48b52d6261558b3c2b2626bf74f3454c7d7c363bd34f0a49e0ef,2014-10,Northumbria Police,Northumbria Police,-1.435197,54.987291,On or near ST JUDE'S TERRACE,E01008664,South Tyneside 002A,Investigation complete; no suspect identified
27777da4789ab3e3dfc4c609fd8c63f28ddf738bc4a7ef0cd1051e5061556936,2014-10,Northumbria Police,Northumbria Police,-1.515915,54.964966,On or near KELLY ROAD,E01008646,South Tyneside 015D,Suspect charged
ba90e2741741d7dc417d8c7e977a57c7be93a272287bc4a62c315d16f6da4e8c,2014-10,Northumbria Police,Northumbria Police,-1.693308,55.397487,On or near HAWFINCH DRIVE,E01027356,Northumberland 004A,Offender given a drugs possession warning
17f1c37ea529baa46ed8f7fe32387c029bdc98a0aa3546a354c95307922d8c08,2014-10,Northumbria Police,Northumbria Police,-1.543414,54.969628,On or near JANE TERRACE,E01008425,Newcastle upon Tyne 030B,Offender given penalty notice
eaa9cdd161c756430e5e840f71982a33eae0207439384dc7378c47d8fa0c3056,2014-10,Northumbria Police,Northumbria Police,-1.407703,54.904755,On or near WILLMORE STREET,E01008704,Sunderland 011B,Suspect charged
49602e0eeacd8145023540ea4514b75250e0b64104409e808305a23a4cf7c00a,2014-10,Northumbria Police,Northumbria Police,-1.598252,54.956127,On or near CAMILLA STREET,E01008163,Gateshead 028A,Suspect charged
7f4ff290743f6437e82d3370f9ef91df3aebdac5c84b1c2a3b87b6e1f0df71c7,2014-10,Northumbria Police,Northumbria Police,-1.515915,54.964966,On or near KELLY ROAD,E01008646,South Tyneside 015D,Suspect charged
7f4ff290743f6437e82d3370f9ef91df3aebdac5c84b1c2a3b87b6e1f0df71c7,2014-10,Northumbria Police,Northumbria Police,-1.515915,54.964966,On or near KELLY ROAD,E01008646,South Tyneside 015D,Suspect charged
58abf1e65d980c397954cdbe9d2eb29271ab046e0cba6f2b4bebb416591f0bd9,2014-10,Northumbria Police,Northumbria Police,-1.426453,54.972467,On or near MCANANY AVENUE,E01008592,South Tyneside 011C,Suspect charged
e9c9c73013c83285a54b0dd16634b2cf5886fde1fa872a90b0436f456a792d86,2014-10,Northumbria Police,Northumbria Police,-1.622943,54.924097,On or near Shopping Area,E01008226,Gateshead 025D,Suspect charged
d1b5d3621a08fa64e0a690b90c4c1f006f1e0f36fe5f690eb4fb5c83e42fd8fa,2014-10,Northumbria Police,Northumbria Police,-1.441515,54.824575,On or near Parking Area,E01008742,Sunderland 035C,Offender given a drugs possession warning
e527d6ea5bb9e7d3dc6d3674958e2c34f41a4dc5f246c9cb54d259e555a1f5dc,2014-10,Northumbria Police,Northumbria Police,-1.790075,54.967087,On or near DALE STREET,E01008199,Gateshead 002D,Suspect charged
ffc1cda3b886e059ce5e3734f45d8fa74cd93a48d8235408c6270d140165c7f9,2014-10,Northumbria Police,Northumbria Police,-1.615856,54.948994,On or near TREVETHICK STREET,E01008254,Gateshead 010D,Suspect charged
ec7d376e8ea2f238d2864826653e45b88c1c106c60000c598779c58a2382fddb,2014-10,Northumbria Police,Northumbria Police,-1.416435,54.911348,On or near FERNDALE TERRACE,E01008762,Sunderland 012B,Investigation complete; no suspect identified
c8610b20d2991ffb64b660eb4456b51d1307980e35ab4fcf0f11005270bc8c6a,2014-10,Northumbria Police,Northumbria Police,-1.611516,54.971617,On or near GREY STREET,E01033543,Newcastle upon Tyne 024G,Investigation complete; no suspect identified
5a41eeb2c3f224dd5d948569312e82b7cd54c02585e171c0aad6930459190c65,2014-10,Northumbria Police,Northumbria Police,-1.411430,54.868422,On or near Pedestrian Subway,E01033077,Sunderland 027F,Investigation complete; no suspect identified
1af15f28cd707bbdb56476b927f8328f72f22352e9fc3ea255cbbbe58f224a55,2014-10,Northumbria Police,Northumbria Police,-1.590902,55.015600,On or near CURLEW CLOSE,E01008514,North Tyneside 019D,Investigation complete; no suspect identified
b1fce7b848e03a55a7e1529f2a21347b132d83c190cfc2ee1dce96f5c13e5208,2014-10,Northumbria Police,Northumbria Police,-1.672094,54.994854,On or near MOULTON PLACE,E01008299,Newcastle upon Tyne 011D,Investigation complete; no suspect identified
2f7d68db1f1b241cd93a3e3e4cb29dec1947af021fb5b00c08ba9da1c5129fd9,2014-10,Northumbria Police,Northumbria Police,-1.517198,55.128879,On or near BEAUMONT STREET,E01027415,Northumberland 023B,Investigation complete; no suspect identified
e6be7233dc1ff1fc718963edf6e15be44a3fb3a3ae55bd4a75225e0d0697e9de,2014-10,Northumbria Police,Northumbria Police,-1.612740,54.974308,On or near Shopping Area,E01008397,Newcastle upon Tyne 024C,Suspect charged
1b3818b8e95032145cfd9e4c4b3fa1ad08a6380ae6202eefdcdc25fadaeb7d3c,2014-10,Northumbria Police,Northumbria Police,-1.618315,54.972879,On or near Supermarket,E01033543,Newcastle upon Tyne 024G,Suspect charged
1b3818b8e95032145cfd9e4c4b3fa1ad08a6380ae6202eefdcdc25fadaeb7d3c,2014-10,Northumbria Police,Northumbria Police,-1.618315,54.972879,On or near Supermarket,E01033543,Newcastle upon Tyne 024G,Suspect charged
a371effb18b93db68e7d46694cd20852104264103bbae6e22ab22d42e47d67f8,2014-10,Northumbria Police,Northumbria Police,-1.485507,54.962379,On or near LEAM LANE,E01008659,South Tyneside 017C,Investigation complete; no suspect identified
a36e6a7d5e013d71b8d62f43ce76002667bb122bd6a9c73cdef1e4da3905785f,2014-10,Northumbria Police,Northumbria Police,-1.487230,54.879756,On or near HILL LANE,E01032484,Sunderland 032G,Investigation complete; no suspect identified
a7e4063622ee10900755d63ab2cc8e1b7606e3bfe5f062b3f23549060efb4aa1,2014-10,Northumbria Police,Northumbria Police,-1.627916,54.983719,On or near CROSS MORPETH STREET,E01008394,Newcastle upon Tyne 024A,Investigation complete; no suspect identified
9bc9dd0687b486c3b55c6e94fce85f423bebbb30d1b97cead0f78523bbe239ca,2014-10,Northumbria Police,Northumbria Police,-1.444251,55.011748,On or near TYNEMOUTH ROAD,E01008524,North Tyneside 022B,Investigation complete; no suspect identified
299d5914e957d6d721bf1c91d8e6fcffbb9bcdaf385e42ff0d72660bb6fb0f50,2014-10,Northumbria Police,Northumbria Police,-1.487230,54.879756,On or near HILL LANE,E01032484,Sunderland 032G,Investigation complete; no suspect identified
1ae89941b695422012b657658d815814d9ecbeb71424b95dc7aa8efad6899354,2014-10,Northumbria Police,Northumbria Police,-1.575102,54.958384,On or near COACH ROAD GREEN,E01008214,Gateshead 003A,Suspect charged
e9ec074eee56004b8a6b866df4f176745dcb559c01085d4489bff614a1cd7ab1,2014-10,Northumbria Police,Northumbria Police,-1.363167,54.950873,On or near HOLLY AVENUE,E01008687,South Tyneside 018E,Suspect charged as part of another case
58b01b613b39108c9500db7ec5898d38878cf29798a6bb7a7a795a42271b9ba9,2014-10,Northumbria Police,Northumbria Police,-1.386034,54.904180,On or near VINE PLACE,E01008703,Sunderland 013B,Investigation complete; no suspect identified
58b01b613b39108c9500db7ec5898d38878cf29798a6bb7a7a795a42271b9ba9,2014-10,Northumbria Police,Northumbria Police,-1.386034,54.904180,On or near VINE PLACE,E01008703,Sunderland 013B,Suspect charged
69da5ffd8e9917550c47eb654e503ff22c91358f60a08e935059e019630a058b,2014-10,Northumbria Police,Northumbria Police,-1.609843,54.970228,On or near DEAN STREET,E01033543,Newcastle upon Tyne 024G,Investigation complete; no suspect identified
10e7fcf203e2ab9310bf216ccf3f8b65d36de49271f5ac2531588bb5846693ef,2014-10,Northumbria Police,Northumbria Police,-1.482650,54.821154,On or near MEADOW STREET,E01008747,Sunderland 035D,Investigation complete; no suspect identified
9eb5a25af4bfe66c570bdc9dc33b46904f7fd8d63b32179f85a08534ae69ad7c,2014-10,Northumbria Police,Northumbria Police,-1.626404,55.015328,On or near PRINCES AVENUE,E01008358,Newcastle upon Tyne 002E,Investigation complete; no suspect identified
28ee357d61fdbce1da7f410d12890ba98e42b66e6043f42590c87451f0fefc8f,2014-10,Northumbria Police,Northumbria Police,-1.478065,54.840006,On or near CASTLE DENE GROVE,E01008749,Sunderland 034E,Suspect charged
8d01ea2ee7c9da02f8af152d1d25259cea1941672e9cc3c4ac49c9d5d80da99a,2014-10,Northumbria Police,Northumbria Police,-1.473485,54.963325,On or near CONISTON DRIVE,E01008631,South Tyneside 017A,Investigation complete; no suspect identified
7bd40a5b1ba77ce9fd2171b860667afd40c619adb015d1727efe51f0866237f8,2014-10,Northumbria Police,Northumbria Police,-1.473061,54.845179,On or near STATION ROAD,E01008754,Sunderland 034F,Investigation complete; no suspect identified
8c661b0c84e6cf76fe1875020cbfaf508ae98f92fc4169ffdf4d861a1dafdedf,2014-10,Northumbria Police,Northumbria Police,-1.370764,54.914319,On or near HUDDLESTONE RISE,E01008789,Sunderland 006D,Investigation complete; no suspect identified
10d065140e9c31dee42e9df01ae734e8b3c040320e58f92777f3558ff3f1bb03,2014-10,Northumbria Police,Northumbria Police,-1.668240,55.013032,On or near KINGSTON PARK AVENUE,E01008294,Newcastle upon Tyne 001A,Suspect charged
695d7d6377584244f51911318530b2deb7ff15472b8e6dfad53005516bf587c3,2014-10,Northumbria Police,Northumbria Police,-1.668240,55.013032,On or near KINGSTON PARK AVENUE,E01008294,Newcastle upon Tyne 001A,Suspect charged
aae4b9888c574a5448ae931ce2f830399b195e8bd84e243b760903cf59cc1a92,2014-10,Northumbria Police,Northumbria Police,-1.677757,54.974677,On or near BRAMBLE DYKES,E01033547,Newcastle upon Tyne 025E,Suspect charged
6cf0be925fe9d4451b465166309c329072af93e8752d8beb1506ae31308d4e38,2014-10,Northumbria Police,Northumbria Police,-1.697630,54.993231,On or near Supermarket,E01008325,Newcastle upon Tyne 015B,Suspect charged
6b455de3c724683a4eb037f6cb14a096835715dde1f05f91a989434d3ac4d75c,2014-10,Northumbria Police,Northumbria Police,-1.583612,54.938824,On or near QUEEN ELIZABETH AVENUE,E01008219,Gateshead 016A,Suspect charged
0ab9d6b9e3d291ee2eb8c20c588b5672609e767e7cb55dac999e85dd02c35064,2014-10,Northumbria Police,Northumbria Police,-1.713420,54.977381,On or near WEST VIEW,E01008385,Newcastle upon Tyne 021E,Suspect charged
0ab9d6b9e3d291ee2eb8c20c588b5672609e767e7cb55dac999e85dd02c35064,2014-10,Northumbria Police,Northumbria Police,-1.713420,54.977381,On or near WEST VIEW,E01008385,Newcastle upon Tyne 021E,Suspect charged
3c780992d61c6ddead174ae2d8f7105130c602540a0451561e3b42fe1c4e011d,2014-10,Northumbria Police,Northumbria Police,-1.562029,55.021763,On or near FOREST HALL ROAD,E01008502,North Tyneside 014C,Investigation complete; no suspect identified
49d5eb0a67aba8bdb582be85b8fe2d750118d50bcecce27928258829e991244c,2014-10,Northumbria Police,Northumbria Police,-1.658322,54.974813,On or near COLSTON STREET,E01008332,Newcastle upon Tyne 029B,Investigation complete; no suspect identified
e079be7440e29a8c84c798e05039453df3bd94a36cb7f073aad5b44788542b42,2014-10,Northumbria Police,Northumbria Police,-1.689151,54.915370,On or near LOBLEY HILL ROAD,E01008273,Gateshead 019F,Offender given a caution
97f802e9644b8de437f11a5946fe3e5864a4c03e34e04283edc6e2f8439e92f5,2014-10,Northumbria Police,Northumbria Police,-2.494378,54.897462,On or near EALS BANK,E01027512,Northumberland 037E,Offender given a caution
9bf80b86412b4991c0a66aca816213d4034d4d6096636a1c5bd6394adb3c0f73,2014-10,Northumbria Police,Northumbria Police,-1.509329,55.005611,On or near GIBSON STREET,E01008571,North Tyneside 028D,Investigation complete; no suspect identified
4e8311e823e10c7a66e416226bf4c5aadc233032eb8706cac95c0826890e7b61,2014-10,Northumbria Police,Northumbria Police,-1.583669,55.093432,On or near FAVERSHAM PLACE,E01027404,Northumberland 028E,Investigation complete; no suspect identified
4e177b6c78fb974b6e82ffe3c19edd655d5133122c11821f5aa7150a3a09b012,2014-10,Northumbria Police,Northumbria Police,-1.655752,54.970249,On or near Supermarket,E01008332,Newcastle upon Tyne 029B,Suspect charged
4e177b6c78fb974b6e82ffe3c19edd655d5133122c11821f5aa7150a3a09b012,2014-10,Northumbria Police,Northumbria Police,-1.655752,54.970249,On or near Supermarket,E01008332,Newcastle upon Tyne 029B,Suspect charged
d96275897a9a934651ef2ca6413d4d887f9f2a34f0eca1573508262cf0e2d8ba,2014-10,Northumbria Police,Northumbria Police,-1.621934,54.968460,On or near WESTMORLAND ROAD,E01033545,Newcastle upon Tyne 024H,Investigation complete; no suspect identified
4ea8ecb46f2b524abba2a5cab864817fb29d6873c5c9208c38c018747794229f,2014-10,Northumbria Police,Northumbria Police,-1.380662,54.925954,On or near PAULINE AVENUE,E01008786,Sunderland 006A,Investigation complete; no suspect identified
42e05024e89c8d37a8a781b96cad8b7761e20ee089ebc58ce9e4ba3139db562c,2014-10,Northumbria Police,Northumbria Police,-1.422451,55.016266,On or near Sports/Recreation Area,E01008558,North Tyneside 016A,Investigation complete; no suspect identified
f0ce1b0aee3570b327971ac274c63cf5295655896f57911162c0c235a8f389e1,2014-10,Northumbria Police,Northumbria Police,-1.466071,55.004162,On or near AVON AVENUE,E01008482,North Tyneside 023B,Investigation complete; no suspect identified
91e633d4b3b8ea9faf229cb5e04b34c93d85ccac031ec2ac1985bc4246affca8,2014-10,Northumbria Police,Northumbria Police,-1.670060,54.979850,On or near FOX AND HOUNDS ROAD,E01008343,Newcastle upon Tyne 019A,Investigation complete; no suspect identified
1e244fad43ce49f3e96a3138b1ba7f5539d27591743ee6a4442175fc69a7b9e1,2014-10,Northumbria Police,Northumbria Police,-1.611154,54.975165,On or near LISLE STREET,E01008397,Newcastle upon Tyne 024C,Suspect charged
b15f1e90d10299df3e78da127431c9f0956fa38a1cf5758e3982c963c55ba33b,2014-10,Northumbria Police,Northumbria Police,-1.670060,54.979850,On or near FOX AND HOUNDS ROAD,E01008343,Newcastle upon Tyne 019A,Investigation complete; no suspect identified
d2d0f4ce6483bd4a3f87c32902c32b286a8a0de27625b3e10616bab5781f8356,2014-10,Northumbria Police,Northumbria Police,-1.602185,54.959455,On or near HIGH WEST STREET,E01008168,Gateshead 027D,Suspect charged
049d5821b3947a2cdfc0ba0a92b522ee32baeefa9a22924cfeea19909057ede9,2014-10,Northumbria Police,Northumbria Police,-1.429462,54.990508,On or near JOHN CLAY STREET,E01008668,South Tyneside 002E,Suspect charged
aa7882d993338b8f20128fce631cfe1f55c153747e57bae25ec96faea7fa1b3d,2014-10,Northumbria Police,Northumbria Police,-1.562136,54.938649,On or near WESTFIELD,E01008229,Gateshead 018A,Suspect charged
aa7882d993338b8f20128fce631cfe1f55c153747e57bae25ec96faea7fa1b3d,2014-10,Northumbria Police,Northumbria Police,-1.562136,54.938649,On or near WESTFIELD,E01008229,Gateshead 018A,Suspect charged
aa7882d993338b8f20128fce631cfe1f55c153747e57bae25ec96faea7fa1b3d,2014-10,Northumbria Police,Northumbria Police,-1.562136,54.938649,On or near WESTFIELD,E01008229,Gateshead 018A,Suspect charged
aa7882d993338b8f20128fce631cfe1f55c153747e57bae25ec96faea7fa1b3d,2014-10,Northumbria Police,Northumbria Police,-1.562136,54.938649,On or near WESTFIELD,E01008229,Gateshead 018A,Suspect charged
702b0a51fbefbd16d650a3320175af3925881cce9213e6db1be6f04e82652c21,2014-10,Northumbria Police,Northumbria Police,-1.416830,54.908798,On or near STRATFIELD STREET,E01008757,Sunderland 015A,Investigation complete; no suspect identified
ba94478233213a4b2d4922dce474286357c92704c1d45852cf113d90cdc27966,2014-10,Northumbria Police,Northumbria Police,-1.615704,55.007503,On or near CHURCH ROAD,E01008354,Newcastle upon Tyne 005B,Investigation complete; no suspect identified
c0d1ab81e397f152ada9351a600a4d072eaf999b327c0648a6670a9ca62cf67d,2014-10,Northumbria Police,Northumbria Police,-1.580118,54.896594,On or near MORRIS STREET,E01008175,Gateshead 026D,Suspect charged
539f0e2f7ea027c28eb94893b6683a8e77874cfdd9488a825d2701eb71ff645b,2014-10,Northumbria Police,Northumbria Police,-1.699082,54.983017,On or near STYFORD GARDENS,E01008386,Newcastle upon Tyne 021F,Investigation complete; no suspect identified
4739cef09068ed67fd145d695a75f0c8e7a904e3148dd5e4e34b65a30f67ceff,2014-10,Northumbria Police,Northumbria Police,-1.487416,54.877403,On or near PENSHAW LANE,E01032484,Sunderland 032G,Investigation complete; no suspect identified
dd28cdd77ddbff0f6f7b1d314fdc400f380e852b2d9e646b3e5657c12fc0cfac,2014-10,Northumbria Police,Northumbria Police,-1.434249,54.875612,On or near FARRINGTON AVENUE,E01008778,Sunderland 026D,Local resolution
a2abb516cfab729a14aa786a70ada652c25495150e2d5373cad8183c5b84cee3,2014-10,Northumbria Police,Northumbria Police,-1.655378,55.019457,On or near WARCOP COURT,E01008311,Newcastle upon Tyne 001E,Investigation complete; no suspect identified
6a49601af05aaf57b4707f3534a400af1c4db08ff61afd010262fa0a7989efbf,2014-10,Northumbria Police,Northumbria Police,-1.435332,54.901831,On or near HYLTON ROAD,E01008810,Sunderland 014A,Offender given a caution
af01d213d4c4fbd41c4160b7dfa108424d918ca961fadd5bdfcfd5a03ab36747,2014-10,Northumbria Police,Northumbria Police,-1.658862,55.008836,On or near CASTLE CLOSE,E01008339,Newcastle upon Tyne 003D,Investigation complete; no suspect identified
1c8a6001e65152e1282bca73299e57247667ffc470878565604d8dd28e853b24,2014-10,Northumbria Police,Northumbria Police,-1.434635,54.986102,On or near EGLESFIELD ROAD,E01008664,South Tyneside 002A,Suspect charged
82a07c6a6633c8a7862c90311306f8ade8660c05339a7ee0163ee9368139b046,2014-10,Northumbria Police,Northumbria Police,-1.531994,55.109437,On or near HORTON PLACE,E01027426,Northumberland 025B,Investigation complete; no suspect identified
7221003a43b92835d67f24a6bc7af249eafba3facb3c18816630ecbf26cde147,2014-10,Northumbria Police,Northumbria Police,-1.386034,54.904180,On or near VINE PLACE,E01008703,Sunderland 013B,Suspect charged
63d32b58ba83495b5cb1e03bb1de2eb6519eff1e9349b5b8e8e06a1c7c0ebdd4,2014-10,Northumbria Police,Northumbria Police,-1.469635,54.999505,On or near STONETHWAITE,E01008541,North Tyneside 027C,Investigation complete; no suspect identified
f83a8ce8a493de4ac58562a865705f4f0eace3ccde20614cdfe62ef3d95012f6,2014-10,Northumbria Police,Northumbria Police,-1.428163,54.901519,On or near HYLTON ROAD,E01008812,Sunderland 012C,Offender given a caution
507b2959d2d1dff50dbf442c1f8a8fa739013a37a9c0e6198ae8d612ff0c9828,2014-10,Northumbria Police,Northumbria Police,-1.612740,54.974308,On or near Shopping Area,E01008397,Newcastle upon Tyne 024C,Suspect charged
d13c62eaf575ece3bc6bf4865e67d14e09baa3adf49aee628693c41f6f32b80a,2014-10,Northumbria Police,Northumbria Police,-2.097832,54.969825,On or near ARGYLE TERRACE,E01027494,Northumberland 035G,Investigation complete; no suspect identified
801a45161de846939a1611fe780439a8e06604d934dc3ed24277485ac6b33896,2014-10,Northumbria Police,Northumbria Police,-1.397188,54.911236,On or near PRIESTLY CRESCENT,E01008700,Sunderland 013A,Suspect charged
a3e29a7cd4a5bb46768f96b9f8018d706e3baf9a7868e5f888ebf6b1dc6c6443,2014-10,Northumbria Police,Northumbria Police,-1.603950,55.137225,On or near CENTURIAN WAY,E01027520,Northumberland 021C,Suspect charged
a1fd6fc3b28940b97dbf6c6f9b31f77359e6e76ea65ad2082e6902abc011e4ca,2014-10,Northumbria Police,Northumbria Police,-1.366549,54.889675,On or near HASTINGS TERRACE,E01008739,Sunderland 024A,Investigation complete; no suspect identified
f63b2b15dd3e5edff518716d86047837e2ec2f880413f76069c368a57f3191a8,2014-10,Northumbria Police,Northumbria Police,-1.677556,54.962779,On or near RIVERSIDE WAY,E01008262,Gateshead 009A,Suspect charged
b2d5dd6ce59c48b52d6261558b3c2b2626bf74f3454c7d7c363bd34f0a49e0ef,2014-10,Northumbria Police,Northumbria Police,-1.435197,54.987291,On or near ST JUDE'S TERRACE,E01008664,South Tyneside 002A,Investigation complete; no suspect identified
d0cdc2b2a9e0f9965f1b50bd63c1de3204f90725a9a5ead12ccf04c3e5dfe3bc,2014-10,Northumbria Police,Northumbria Police,-1.608320,54.954892,On or near SEDGEWICK PLACE,E01008169,Gateshead 008B,Suspect charged
16e8015b665698b8f75d4686c641a5826d0fae40b19708d250343ae57954ca94,2014-10,Northumbria Police,Northumbria Police,-1.679152,54.923180,On or near FERNVILLE AVENUE,E01008274,Gateshead 019G,Investigation complete; no suspect identified
5e5174c2f89b5844130d22dd94d4114409494f76eba440103188c3da17f68d0e,2014-10,Northumbria Police,Northumbria Police,-1.521566,54.911331,On or near Pedestrian Subway,E01008853,Sunderland 009A,Offender given a caution
8049780a6b0361c4c30e013efcdfc62cbfc6f270791655b4afd948300e15fd71,2014-10,Northumbria Police,Northumbria Police,-1.519600,54.915331,On or near VERNON STREET,E01008858,Sunderland 009D,Investigation complete; no suspect identified
9d8ee9006f9c9a11c8c19e2f179c481c2040134919fbb967ed7cef21ac92b3a3,2014-10,Northumbria Police,Northumbria Police,-1.569916,54.926285,On or near SPRINGWELL ROAD,E01008218,Gateshead 021A,Investigation complete; no suspect identified
e5e5cf2043ac38d45a09754c0f3d55b154f7a6ca3347e1c2d4cf922c8cd6d886,2014-10,Northumbria Police,Northumbria Police,-1.612959,54.972619,On or near Nightclub,E01033543,Newcastle upon Tyne 024G,Suspect charged as part of another case
e5e5cf2043ac38d45a09754c0f3d55b154f7a6ca3347e1c2d4cf922c8cd6d886,2014-10,Northumbria Police,Northumbria Police,-1.612959,54.972619,On or near Nightclub,E01033543,Newcastle upon Tyne 024G,Investigation complete; no suspect identified
96aa7a73196e49c986975ae5519559d69f91712ccd0773a37ca67ffc63e3b19b,2014-10,Northumbria Police,Northumbria Police,-1.684831,54.981076,On or near BARONESS DRIVE,E01008416,Newcastle upon Tyne 025C,Investigation complete; no suspect identified
d8848dc94a04527cc21a3c29831ef97ed489ade6a25fa569366f2271d04c59e7,2014-10,Northumbria Police,Northumbria Police,-1.555333,55.180101,On or near ARIEL STREET,E01027545,Northumberland 010D,Investigation complete; no suspect identified
9b8221ef54cc87cdba54e88a18f5924c1ae5ef74839dfd258c86b67573d740ff,2014-10,Northumbria Police,Northumbria Police,-1.860984,54.959181,On or near BEECH GROVE SOUTH,E01027501,Northumberland 038E,Suspect charged
789a8a6e85f1a5df9b7454c00556398e1ed6b4b89e7fb82e11a640d678d8dab5,2014-10,Northumbria Police,Northumbria Police,-1.614472,54.971249,On or near BIGG MARKET,E01033543,Newcastle upon Tyne 024G,Offender given a caution
376e9af84b54e4f1042c92560df67f52296d8b1aa976053c087112dff42bf9f6,2014-10,Northumbria Police,Northumbria Police,-1.386629,54.903985,On or near VINE PLACE,E01008836,Sunderland 016F,Investigation complete; no suspect identified
2d2b6b330f794e166351eac405f11b7e8e32a45197298509556a5cc8578ceb47,2014-10,Northumbria Police,Northumbria Police,-1.634782,54.967573,On or near HAWTHORN TERRACE,E01008439,Newcastle upon Tyne 024E,Investigation complete; no suspect identified
6bed78bbe4de024a0e71afb787ae9e1552af7ed2968ebbfabf15cdea63355ec2,2014-10,Northumbria Police,Northumbria Police,-1.609275,54.967503,On or near B1307,E01033545,Newcastle upon Tyne 024H,Investigation complete; no suspect identified
a2019da1db63e12cd4d0bfdcf9e67ccf814eabb098bcd94100c2a56ce0490bae,2014-10,Northumbria Police,Northumbria Police,-1.428600,54.890467,On or near SOMERSET ROAD,E01008825,Sunderland 023C,Investigation complete; no suspect identified
df935d7bfdc44ef0a3b2fd29547b8a0aa7cc3a899b8bd315ec4d2c46544a3ffb,2014-10,Northumbria Police,Northumbria Police,-1.388123,54.917562,On or near HOOD CLOSE,E01008708,Sunderland 005A,Investigation complete; no suspect identified
cab8ec4115f82688ee644065f82690036608b8f05b5e57199cb48d01188d90b2,2014-10,Northumbria Police,Northumbria Police,-1.390866,54.918771,On or near NORTH STREET,E01008709,Sunderland 005B,Investigation complete; no suspect identified
d3e96d6d929fa004bdfc4b156f2c358e52810f2d27f90cdcdbd66687efcfa68b,2014-10,Northumbria Police,Northumbria Police,-1.495730,54.865602,On or near WRIGHT TERRACE,E01008793,Sunderland 030A,Investigation complete; no suspect identified
cc6a624d3b7081296b1c11a35d5213fe7e81eaa2c470caff9a93a8690f2f82ae,2014-10,Northumbria Police,Northumbria Police,-1.564673,54.890186,On or near THE SPRINGS,E01008176,Gateshead 026E,Investigation complete; no suspect identified
eb9a47ba574cda7cd7f27cdf8ebe5516a70da2655cf65b77a8ae646ce6b32ef2,2014-10,Northumbria Police,Northumbria Police,-1.745196,54.985099,On or near WESTMACOTT STREET,E01008404,Newcastle upon Tyne 014E,Investigation complete; no suspect identified
c113b3156e74b988b2bef552343bdb2c875154a3d4155100eb213b96443f323c,2014-10,Northumbria Police,Northumbria Police,-1.419936,54.865273,On or near COLLEGE BURN ROAD,E01008770,Sunderland 031C,Investigation complete; no suspect identified
0b21fff96adc9654c6d3af8d530f930667b7789f22e76387cabf981bbd96ebca,2014-10,Northumbria Police,Northumbria Police,-1.619903,55.013187,On or near Supermarket,E01008358,Newcastle upon Tyne 002E,Investigation complete; no suspect identified
39d721dde7926ee82d50baa55368d1be9d3c7adacbd7b2a4090177500b3908fc,2014-10,Northumbria Police,Northumbria Police,-1.533022,54.960594,On or near EMBLETON ROAD,E01008243,Gateshead 003C,Investigation complete; no suspect identified
46b9b3bf68b3fceb5c214f863ecfdf4eea866c1b444858df247f3a7b888a9d07,2014-10,Northumbria Police,Northumbria Police,-1.666960,54.990104,On or near BLAKEMOOR PLACE,E01008297,Newcastle upon Tyne 011B,Investigation complete; no suspect identified
390188fc4e27f72717208fbc17ff9d7f17a4e5352bc98a5296d58f5929bd0075,2014-10,Northumbria Police,Northumbria Police,-1.513935,55.126314,On or near ARTHUR STREET,E01027415,Northumberland 023B,Suspect charged
aef68ed20d238c9f4f624f43c46f551542fa355d52a8e4bb4396e551326de85b,2014-10,Northumbria Police,Northumbria Police,-1.507215,55.124427,On or near OXFORD STREET,E01027414,Northumberland 023A,Suspect charged
401067fa911dfe0a304fbd9d52098156d38f7addbf8049e7d2911a46c9d8284e,2014-10,Northumbria Police,Northumbria Police,-1.608054,54.979074,On or near Further/Higher Educational Building,E01008397,Newcastle upon Tyne 024C,Offender given a caution
94b21393e5dc7bc87be163501264810a2e7beb6b649834b7cfbbdce7bf1d2c8f,2014-10,Northumbria Police,Northumbria Police,-1.694711,55.005157,On or near WESTGARTH,E01008457,Newcastle upon Tyne 004C,Suspect charged
94b21393e5dc7bc87be163501264810a2e7beb6b649834b7cfbbdce7bf1d2c8f,2014-10,Northumbria Police,Northumbria Police,-1.694711,55.005157,On or near WESTGARTH,E01008457,Newcastle upon Tyne 004C,Suspect charged
94b21393e5dc7bc87be163501264810a2e7beb6b649834b7cfbbdce7bf1d2c8f,2014-10,Northumbria Police,Northumbria Police,-1.694711,55.005157,On or near WESTGARTH,E01008457,Newcastle upon Tyne 004C,Suspect charged
58160b81b31eeff86a2224bc0e2bafd4971d430ab17fe6ad140ec97d127b1823,2014-10,Northumbria Police,Northumbria Police,-1.570759,55.185440,On or near LINTONVILLE TERRACE,E01027529,Northumberland 010B,Suspect charged
aa22a3fa29420667f54374ceda4dc92b13417693f1fcfda34c0f65ef7348d281,2014-10,Northumbria Police,Northumbria Police,-1.671460,54.959500,On or near Parking Area,E01008262,Gateshead 009A,Investigation complete; no suspect identified
6fb93f14fc4cef057e7e927b50d5d5bfe4aa4c9da257476336c151e89d7e17fc,2014-10,Northumbria Police,Northumbria Police,-1.598252,54.956127,On or near CAMILLA STREET,E01008163,Gateshead 028A,Investigation complete; no suspect identified
8899c487153542fbceec840acd916ca827f07f297035b8678d42ac53174d6040,2014-10,Northumbria Police,Northumbria Police,-1.538803,54.890738,On or near MENTIETH CLOSE,E01008871,Sunderland 020E,Investigation complete; no suspect identified
4f688c2b79b7a6e0976e123216c7b8694ef1186c84b5795cc47e092f2a9f6704,2014-10,Northumbria Police,Northumbria Police,-1.674713,54.991770,On or near FULWELL GREEN,E01008299,Newcastle upon Tyne 011D,Suspect charged
b3ecbe568b631ecba51d936fb5d35b788bebd3e750bed0a48f04270f0413a247,2014-10,Northumbria Police,Northumbria Police,-1.515386,55.002491,On or near ST OSWALD'S ROAD,E01008576,North Tyneside 029D,Suspect charged
8cffbe3492565fab118aeb351bd8b012e06449b87343b3e56ececd82e659705f,2014-10,Northumbria Police,Northumbria Police,-1.521900,54.913408,On or near Parking Area,E01008858,Sunderland 009D,Investigation complete; no suspect identified
0b79c5c96a900c11c884662769cca0b2a73c673bdf7ea77d762931fb0232a104,2014-10,Northumbria Police,Northumbria Police,-1.465047,54.837694,On or near WALLER TERRACE,E01008717,Sunderland 034D,Investigation complete; no suspect identified
5eb2f37b80c860578bff56fa728e68b9bf97612a7ce2c76f8e8db4d4b19c5f09,2014-10,Northumbria Police,Northumbria Police,-1.371190,54.917017,On or near HARELAW DRIVE,E01008791,Sunderland 006F,Offender given a caution
ea06395a905ae7106068c001c4e1006c35abfb62085b45b72e26655c9506e3aa,2014-10,Northumbria Police,Northumbria Police,-1.668610,55.002231,On or near ST KEVERNE SQUARE,E01008293,Newcastle upon Tyne 004A,Investigation complete; no suspect identified
08fdeeb619678330ceeb236852ab99d47b96231aef4e52cd993181984816a968,2014-10,Northumbria Police,Northumbria Police,-1.582555,54.905175,On or near WINDSOR ROAD,E01008223,Gateshead 025B,Investigation complete; no suspect identified
eb0463b64c850afdd9655c1a1bf30ea463719ff26445d7cb0c34e7ca8bf18fc5,2014-10,Northumbria Police,Northumbria Police,-1.586463,55.054909,On or near MARCH ROAD,E01008478,North Tyneside 002A,Investigation complete; no suspect identified
4f287a5556e1072674281091071e368661ef081bf3b7be3615a7533d461a070a,2014-10,Northumbria Police,Northumbria Police,-1.495730,54.865602,On or near WRIGHT TERRACE,E01008793,Sunderland 030A,Investigation complete; no suspect identified
425511fdcc6ab1cf7ffdb4a551497a90989ff910e73e5bd148926b5a6899f1a2,2014-10,Northumbria Police,Northumbria Police,-2.013294,55.754533,On or near HAWTHORNE CRESCENT,E01027385,Northumberland 001C,Investigation complete; no suspect identified
d33b2c28713e2873f79d98172a829c286d79ee936243b5baa858285b615f47c7,2014-10,Northumbria Police,Northumbria Police,-1.432996,54.998154,On or near SMITHY STREET,E01008667,South Tyneside 002D,Offender given a caution
54da537697c1c23873b6032875c461ced9e397412ab5c510bedf20e513cf24ab,2014-10,Northumbria Police,Northumbria Police,-1.589478,54.986570,On or near LANSDOWNE GARDENS,E01008409,Newcastle upon Tyne 017D,Investigation complete; no suspect identified
114e50aef5fae773d37fc14721fc71907f2b4f64d1504a1d3996f39bdbb30a76,2014-10,Northumbria Police,Northumbria Police,-1.678049,55.010479,On or near THORNBURY CLOSE,E01008294,Newcastle upon Tyne 001A,Suspect charged
e4beecfd3e70b28425bd69af18e72b95487b27d30cae87eb5aee0005ad726f29,2014-10,Northumbria Police,Northumbria Police,-1.369269,54.884225,On or near WINDERMERE STREET,E01008779,Sunderland 024C,Suspect charged
93cdeecdf5c3e03269fa24025694fd129a8e12e9bbd10141fcba7ff6bb7dd834,2014-10,Northumbria Police,Northumbria Police,-1.400776,54.925911,On or near SHAKESPEARE STREET,E01008712,Sunderland 004A,Suspect charged
8d0e8a495265bf6c85e942650711e0cd30d0b33b8ccf0eeceef989ef3ef96a60,2014-10,Northumbria Police,Northumbria Police,-1.411789,54.922918,On or near HAZELWOOD AVENUE,E01008817,Sunderland 004B,Investigation complete; no suspect identified
a199ec002be3904ad118d55caac267c2ef58cdfe69ad7dcc177d04353eb910c5,2014-10,Northumbria Police,Northumbria Police,-1.693829,55.164091,On or near CASTLE CLOSE,E01033718,Northumberland 016F,Offender given a caution
9b12d3230dd2c3ed1fb49979c7db8f76f492ccad9c947e83cc425cf75dcadd33,2014-10,Northumbria Police,Northumbria Police,-1.533924,54.893370,On or near WASHINGTON HIGHWAY,E01008848,Sunderland 019C,Offender given a caution
85eb9e24f760c1f75d138598c731ba429dce735945e57d60a90aae55cac44f5a,2014-10,Northumbria Police,Northumbria Police,-1.437975,54.980779,On or near WHARFEDALE DRIVE,E01008665,South Tyneside 002B,Investigation complete; no suspect identified
85eb9e24f760c1f75d138598c731ba429dce735945e57d60a90aae55cac44f5a,2014-10,Northumbria Police,Northumbria Police,-1.437975,54.980779,On or near WHARFEDALE DRIVE,E01008665,South Tyneside 002B,Investigation complete; no suspect identified
068500a4982809e5b88beddcde12e0227221cba7d0d6265876686567e4230dd9,2014-10,Northumbria Police,Northumbria Police,-1.540786,54.953551,On or near LYONS COURT,E01008244,Gateshead 003D,Suspect charged
d660d048723a366847af2c070539dd601d3d53b4b55e9b3853c1a70b12d3f715,2014-10,Northumbria Police,Northumbria Police,-1.543352,54.900658,On or near Pedestrian Subway,E01008869,Sunderland 020C,Suspect charged
d660d048723a366847af2c070539dd601d3d53b4b55e9b3853c1a70b12d3f715,2014-10,Northumbria Police,Northumbria Police,-1.543352,54.900658,On or near Pedestrian Subway,E01008869,Sunderland 020C,Suspect charged
67af7977bb9646bc5a84313e48cbaa545e0e6829913a2a7d305161368c56edbf,2014-10,Northumbria Police,Northumbria Police,-1.576256,54.922883,On or near LONG BANK,E01008225,Gateshead 021D,Offender given a caution
ee2c999c1440b8883cc83667a0175117031518fc6c3522cb9849b81fdfa7e6fa,2014-10,Northumbria Police,Northumbria Police,-1.619988,54.972758,On or near Nightclub,E01033543,Newcastle upon Tyne 024G,Offender given a caution
fec4a4ebdaa662d1ff3d7ea108e03c96d67e340858057d75fcf58014b98b0965,2014-10,Northumbria Police,Northumbria Police,-1.439803,55.014459,On or near JACKSON STREET,E01008559,North Tyneside 017C,Investigation complete; no suspect identified
bd68d7cb91d23bc1a59a3eeacfa4f2d2886a22dabcce87c71a9b5ebbbc1632d2,2014-10,Northumbria Police,Northumbria Police,-1.383171,54.912900,On or near NORTH BRIDGE STREET,E01008791,Sunderland 006F,Investigation complete; no suspect identified
3f68fc9b9d58417652423694b7521cd6738723172a77a801c34e397e671b0794,2014-10,Northumbria Police,Northumbria Police,-1.439803,55.014459,On or near JACKSON STREET,E01008559,North Tyneside 017C,Investigation complete; no suspect identified
887fa165fb4a5166bc0a9ac7f554698c4330d3ca2e2aa340edbf7317299270a5,2014-10,Northumbria Police,Northumbria Police,-1.440177,55.042642,On or near PERCY ROAD,E01008584,North Tyneside 006A,Investigation complete; no suspect identified
ae0787b6d3fb49eaa6d9f4fa2506cf3ea2cc5958f40b03c1cc7bae8d46a8cf74,2014-10,Northumbria Police,Northumbria Police,-1.887385,55.424398,On or near MOUNT VIEW,E01027373,Northumberland 007D,Investigation complete; no suspect identified
d27cb766ad4747980d76944084138c0177bcb459c7e568a5e8e64826ce066bee,2014-10,Northumbria Police,Northumbria Police,-1.527472,55.118010,On or near BYRON AVENUE,E01027422,Northumberland 024B,Investigation complete; no suspect identified
5cc77edc868163f2e01644b24261a5878b853c5f71e681c37488898cbb81ce7c,2014-10,Northumbria Police,Northumbria Police,-1.617241,54.969164,On or near NEVILLE STREET,E01033545,Newcastle upon Tyne 024H,Investigation complete; no suspect identified
24c9ea50ae33829bf856511cd03868c263d0467db3efbc6b31afb265ebe29564,2014-10,Northumbria Police,Northumbria Police,-1.571361,54.970970,On or near AYTON STREET,E01008301,Newcastle upon Tyne 026A,Investigation complete; no suspect identified
f4c7f074dafe4bc3be8c83f07d96130ea4f0e755da8b12c64b48b2826ea6642f,2014-10,Northumbria Police,Northumbria Police,-1.511392,54.976019,On or near WORDSWORTH AVENUE,E01008653,South Tyneside 009C,Investigation complete; no suspect identified
1939beeacf957a8f8567164962647d197e2b58ab54fb4e64c0d393b723a0f4e8,2014-10,Northumbria Police,Northumbria Police,-1.622412,54.970816,On or near WESTGATE ROAD,E01033554,Newcastle upon Tyne 024I,Investigation complete; no suspect identified
e1e2ee3e4badf9ad69897d3a22d2f59c160e8a5680f13cecdba5b53f02cc5b2c,2014-10,Northumbria Police,Northumbria Police,-1.419052,54.928902,On or near WENDOVER WAY,E01008821,Sunderland 004D,Investigation complete; no suspect identified
d3145d54fdfc551d18c700292e9024d034aadd8db200b0973eea1e4bf6851fac,2014-10,Northumbria Police,Northumbria Police,-1.574085,54.979211,On or near MILLERS ROAD,E01008392,Newcastle upon Tyne 026F,Suspect charged
fe2a0530cd95702304081273d3eb16a96a464db2d48dbf48f910923e3e7ce0fd,2014-10,Northumbria Police,Northumbria Police,-1.512453,55.126991,On or near Parking Area,E01027415,Northumberland 023B,Offender given a caution
2e3b76566bdeebbe03ace988021d1491843a037cf77d4aa39b5ca4d47c7336bd,2014-10,Northumbria Police,Northumbria Police,-1.998445,55.753805,On or near HIGHCLIFFE,E01027389,Northumberland 001F,Investigation complete; no suspect identified
b5bfe4341bcbd70de2bfaf18b13646f3ccd9fffb3671ee948bb94717f4fb59ae,2014-10,Northumbria Police,Northumbria Police,-1.445170,54.900905,On or near EAST GROVE,E01008810,Sunderland 014A,Offender given a caution
6cbf787ab77f669027beea978dc4af957034e618a7660774b1c930f5260e0a9b,2014-10,Northumbria Police,Northumbria Police,-1.597819,54.972867,On or near HOWARD STREET,E01033548,Newcastle upon Tyne 023G,Investigation complete; no suspect identified
6b6cfff3b94907d04aaf3726d7818942d56dd8adb1a1da6beff6dec3f0baf421,2014-10,Northumbria Police,Northumbria Police,-1.607845,54.957209,On or near AFFLECK STREET,E01008167,Gateshead 008A,Investigation complete; no suspect identified
18110056a0f6a604741b9d2c17cec0fede9f4ab41b16faf2c8ccfd23cf816f1c,2014-10,Northumbria Police,Northumbria Police,-1.614002,54.976262,On or near Shopping Area,E01008397,Newcastle upon Tyne 024C,Suspect charged
ab5173b7d7154a319e8e5754ed808d4e70d73205f8cd5440006b650dae901a5a,2014-10,Northumbria Police,Northumbria Police,-1.495100,54.969599,On or near TWEED STREET,E01008657,South Tyneside 009F,Investigation complete; no suspect identified
08d06c6ecff37bad458848e2140214e858d4347c4b82999aada0cec901ecff81,2014-10,Northumbria Police,Northumbria Police,-1.476192,55.008547,On or near STANNINGTON ROAD,E01008481,North Tyneside 023A,Offender given a drugs possession warning
dd0bfeefe88e38b5acad12db6b9e81ce5b2fdcba58bae697d478f15225545d87,2014-10,Northumbria Police,Northumbria Police,-1.660562,54.988865,On or near WESTERHOPE GARDENS,E01008451,Newcastle upon Tyne 016C,Investigation complete; no suspect identified
acce0ed29121b0db3d81456b74eaa5d7312f7a4a678f308a09d1dde6b43a3c5d,2014-10,Northumbria Police,Northumbria Police,-1.534379,54.990406,On or near FRANK STREET,E01008575,North Tyneside 030E,Suspect charged
bc22454e378a4107799c7194ee828e2623fc69b466943e413db7bca6a0834c1d,2014-10,Northumbria Police,Northumbria Police,-1.427799,55.001994,On or near ROMAN ROAD,E01008598,South Tyneside 001D,Investigation complete; no suspect identified
bc17406498e8eddf9bf9ac7551512cc75d26a3b74d097d0c3ffc3b3cf86efc34,2014-10,Northumbria Police,Northumbria Police,-1.503520,55.125257,On or near PERCY STREET SOUTH,E01027442,Northumberland 023E,Investigation complete; no suspect identified
275cd27a23297365cf9994c94ea817b5773af2b8ec8fd06c35270402ee03496a,2014-10,Northumbria Police,Northumbria Police,-1.574220,54.975347,On or near SPIRES LANE,E01008305,Newcastle upon Tyne 026D,Investigation complete; no suspect identified
e41e078fca50cf28b053bb52034838db6d4abc35701f663d63356289d6dc6513,2014-10,Northumbria Police,Northumbria Police,-1.598126,55.184571,On or near NEW MOOR CLOSE,E01027525,Northumberland 012B,Investigation complete; no suspect identified
284c736e2e8680580e17d6f158cfa0e7174987c4f759f7dffa4c2a747e94b17a,2014-10,Northumbria Police,Northumbria Police,-1.369221,54.895269,On or near PRESTON ROAD,E01008738,Sunderland 016E,Investigation complete; no suspect identified
eaf9e63255921c3395f0efdfff5bd986bec6c0cbb186e4f8d4df36252887f5fe,2014-10,Northumbria Police,Northumbria Police,-1.386732,54.903384,On or near DERWENT STREET,E01008836,Sunderland 016F,Offender given a caution
1575df486f85018ed640ce99e3f4835bcb15273fa0138be718fb002caf89a871,2014-10,Northumbria Police,Northumbria Police,-1.367029,54.959502,On or near WHEATALL DRIVE,E01008685,South Tyneside 018C,Suspect charged
3abd591f81c4d70fa00b5d027094ea924420dafc1db64e5cd37f4e343e4c69a3,2014-10,Northumbria Police,Northumbria Police,-1.579712,54.961105,On or near Sports/Recreation Area,E01008214,Gateshead 003A,Investigation complete; no suspect identified
02052fefab88f4f5d3349a5b51e99f690372a4cdcd09a4d9a09697d8e47eb8d3,2014-10,Northumbria Police,Northumbria Police,-1.508675,55.126886,On or near HAVELOCK STREET,E01027415,Northumberland 023B,Suspect charged
02052fefab88f4f5d3349a5b51e99f690372a4cdcd09a4d9a09697d8e47eb8d3,2014-10,Northumbria Police,Northumbria Police,-1.508675,55.126886,On or near HAVELOCK STREET,E01027415,Northumberland 023B,Suspect charged
9f8b876581307399d7615352a8992d585993618cfc079014d35038634fd9daab,2014-10,Northumbria Police,Northumbria Police,-1.440731,54.808144,On or near BRICK GARTH,E01008744,Sunderland 036B,Investigation complete; no suspect identified
ad045ca6c730a8c231d932cd25f493f7313d863902941c8bf2a6157add92bca8,2014-10,Northumbria Police,Northumbria Police,-1.621934,54.968460,On or near WESTMORLAND ROAD,E01033545,Newcastle upon Tyne 024H,Investigation complete; no suspect identified
bca72868c4762cf7cfd20207b25ee663d6b2b4ebcbc8b055fdc7c922dcc25e3b,2014-10,Northumbria Police,Northumbria Police,-1.384148,54.907163,On or near YORK STREET,E01008703,Sunderland 013B,Investigation complete; no suspect identified
bca72868c4762cf7cfd20207b25ee663d6b2b4ebcbc8b055fdc7c922dcc25e3b,2014-10,Northumbria Police,Northumbria Police,-1.384148,54.907163,On or near YORK STREET,E01008703,Sunderland 013B,Offender given a caution
58ece95d739bda3f9fe8cc1a9d875728350709c11d589dd51d3a4964997206f0,2014-10,Northumbria Police,Northumbria Police,-1.629378,54.969202,On or near HOUSTON COURT,E01008439,Newcastle upon Tyne 024E,Investigation complete; no suspect identified
a94b21ca89eacdb8778004f4355d91bf9dd6c6ef781f0a2839141de9c1c348ef,2014-10,Northumbria Police,Northumbria Police,-1.535133,54.991488,On or near Supermarket,E01008536,North Tyneside 030C,Suspect charged
9f4ce988d8cc67daf5755771a3a256fad2b40fbd0fe0fc7ff1d39df87ab6754c,2014-10,Northumbria Police,Northumbria Police,-1.612425,54.968088,On or near CLAVERING PLACE,E01033543,Newcastle upon Tyne 024G,Suspect charged
ebb5257dafd8cb068013f0de62e798b78c07bd74384385f51bf873d3acc56bbf,2014-10,Northumbria Police,Northumbria Police,-1.618360,54.971423,On or near LOW FRIAR STREET,E01033543,Newcastle upon Tyne 024G,Suspect charged
b47866df36d52e4eef3c46572001810a63b2340112c720ee0e4c1f7c4b6ad376,2014-10,Northumbria Police,Northumbria Police,-1.521647,55.187009,On or near COLLINGWOOD ROAD,E01027542,Northumberland 009B,Investigation complete; no suspect identified
dc0691652dfe05f64739f7e0b8be140c3f7621ea0246c25f11436883a7c24e81,2014-10,Northumbria Police,Northumbria Police,-1.613189,54.969906,On or near COLLINGWOOD STREET,E01033545,Newcastle upon Tyne 024H,Investigation complete; no suspect identified
4d2c8151bb28fb84256eb3510dc2f463bae3b29785613e3d8fc399bbf7ded509,2014-10,Northumbria Police,Northumbria Police,-1.564592,54.972842,On or near NEWBOLD STREET,E01008388,Newcastle upon Tyne 028A,Suspect charged
4d2c8151bb28fb84256eb3510dc2f463bae3b29785613e3d8fc399bbf7ded509,2014-10,Northumbria Police,Northumbria Police,-1.564592,54.972842,On or near NEWBOLD STREET,E01008388,Newcastle upon Tyne 028A,Suspect charged
4d2c8151bb28fb84256eb3510dc2f463bae3b29785613e3d8fc399bbf7ded509,2014-10,Northumbria Police,Northumbria Police,-1.564592,54.972842,On or near NEWBOLD STREET,E01008388,Newcastle upon Tyne 028A,Suspect charged
4d2c8151bb28fb84256eb3510dc2f463bae3b29785613e3d8fc399bbf7ded509,2014-10,Northumbria Police,Northumbria Police,-1.564592,54.972842,On or near NEWBOLD STREET,E01008388,Newcastle upon Tyne 028A,Suspect charged
1a2890d67641c561500bf5fadd17a880ad1783a548ad35c87cababa5417754ca,2014-10,Northumbria Police,Northumbria Police,-1.549595,55.144495,On or near HAVELOCK CRESCENT,E01027552,Northumberland 020G,Investigation complete; no suspect identified
e0c74bfe827e56cb0ff4491cb881738f0df8daab08d86f3f5c69edcdfbfdd32d,2014-10,Northumbria Police,Northumbria Police,-1.635408,55.012255,On or near Supermarket,E01008353,Newcastle upon Tyne 006A,Suspect charged
f3cd32f061e763acd8f9d967b2f60ca321197156208f4303254efecf74fa3373,2014-10,Northumbria Police,Northumbria Police,-1.593796,55.133112,On or near Police Station,E01027516,Northumberland 021B,Suspect charged
df8ba256c4bb8d29ff98b53b28936829681e041ca88778a951b24dc475a379a9,2014-10,Northumbria Police,Northumbria Police,-1.654458,54.973616,On or near HAMPSTEAD ROAD,E01008332,Newcastle upon Tyne 029B,Investigation complete; no suspect identified
1f43578a5ce19750fda01d1c5ed565f23d1bc8382f2fe475f1e57a18fd80c5a7,2014-10,Northumbria Police,Northumbria Police,-1.519159,54.920919,On or near CUMBERLAND WAY,E01008856,Sunderland 007B,Investigation complete; no suspect identified
3d5958dc6ee6a6fcc35f511ebca6fc68c06ab7615dd72a95b2b9538fa544d42a,2014-10,Northumbria Police,Northumbria Police,-1.560917,54.977529,On or near ROMAN AVENUE,E01008391,Newcastle upon Tyne 026E,Investigation complete; no suspect identified
1aaa6f5c8adc05a7cb5406fdaa7a6956b551a82972dfbf5a3fdbc41aa2ec6b1a,2014-10,Northumbria Police,Northumbria Police,-1.572711,54.883412,On or near Sports/Recreation Area,E01008173,Gateshead 026B,Suspect charged
1aaa6f5c8adc05a7cb5406fdaa7a6956b551a82972dfbf5a3fdbc41aa2ec6b1a,2014-10,Northumbria Police,Northumbria Police,-1.572711,54.883412,On or near Sports/Recreation Area,E01008173,Gateshead 026B,Suspect charged
cbf92daa27125be795896b7e8f52b55a424fff569755fd2c207a8fc225f9642e,2014-10,Northumbria Police,Northumbria Police,-1.478518,55.038975,On or near FAIRFIELD GREEN,E01008521,North Tyneside 005C,Investigation complete; no suspect identified
884f2390ac842813d6d3ea867c4eaae57f56449c5e75545f6742b469a600fbdb,2014-10,Northumbria Police,Northumbria Police,-1.579404,54.987551,On or near COQUET TERRACE,E01008365,Newcastle upon Tyne 012F,Local resolution
b9cb1f2353d45b9adf5b100a2d4ad13ed040c538fb9b673e96c6f8fd492f29be,2014-10,Northumbria Police,Northumbria Police,-1.416690,54.868852,On or near WARDEN LAW LANE,E01008802,Sunderland 029D,Investigation complete; no suspect identified
511ed954bcfc3a743ebb85a2bdb9a536f8e830d9a83eb604d67ef520c00bdb25,2014-10,Northumbria Police,Northumbria Police,-1.548022,55.004413,On or near BROOKSMEAD,E01008532,North Tyneside 025B,Offender given a caution
fc6adae246351ae877c9e83b4adf3a708f3d362c95f4ab3f73103192e2796164,2014-10,Northumbria Police,Northumbria Police,-1.609751,54.976428,On or near NORTH STREET EAST,E01008397,Newcastle upon Tyne 024C,Investigation complete; no suspect identified
e1829279a6b7648f0b759188b4aaa75b6e165bf4df0c9f8f01fd48e3e8d8c3b8,2014-10,Northumbria Police,Northumbria Police,-1.495052,55.010765,On or near MALLARD WAY,E01008491,North Tyneside 015D,Suspect charged
15c32d6f25faa493b0f8bc8a07b51dcdbc227a83629c83d2e60e416410f2a3d0,2014-10,Northumbria Police,Northumbria Police,-1.442663,54.892689,On or near PICKHURST SQUARE,E01008731,Sunderland 021C,Suspect charged
15c32d6f25faa493b0f8bc8a07b51dcdbc227a83629c83d2e60e416410f2a3d0,2014-10,Northumbria Police,Northumbria Police,-1.442663,54.892689,On or near PICKHURST SQUARE,E01008731,Sunderland 021C,Suspect charged
7380d4e0eca64b7b6866b7f5be2969606d3e4a7761ace9be1b5860311155aad9,2014-10,Northumbria Police,Northumbria Police,-1.386034,54.904180,On or near VINE PLACE,E01008703,Sunderland 013B,Suspect charged
3d5e8bde977f100ccab4921905b68597b44d0d22832d51b4563d7899659df068,2014-10,Northumbria Police,Northumbria Police,-1.453525,54.924191,On or near CHELMSFORD ROAD,E01008699,Sunderland 008F,Investigation complete; no suspect identified
cc768b91772b2d65e2f8b3e380c16ea3b3cbc511e4b87f4a018f05d0e0b1385d,2014-10,Northumbria Police,Northumbria Police,-1.629657,55.017045,On or near Sports/Recreation Area,E01008352,Newcastle upon Tyne 002C,Investigation complete; no suspect identified
6666b31efa630dbad98401a5c1817921e77dd190c3969344a4f43101fd0ccea2,2014-10,Northumbria Police,Northumbria Police,-1.406269,54.891942,On or near DURHAM ROAD,E01008760,Sunderland 018A,Investigation complete; no suspect identified
81361e25ca9e1412179591b1566484f38bb6775591a8e72d6a2bc4a921dfc249,2014-10,Northumbria Police,Northumbria Police,-1.448737,55.009558,On or near WEST PERCY STREET,E01008524,North Tyneside 022B,Investigation complete; no suspect identified
226e0d0971cad84cbe53d89734edfb6fd7c093b0a11b2bfc9ce5ceae3fbc5a00,2014-10,Northumbria Police,Northumbria Police,-1.573817,54.985393,On or near CLEGHORN STREET,E01008361,Newcastle upon Tyne 018D,Investigation complete; no suspect identified
12fc4651f95204837afedc9c54369f54e42f01b949478b467525c14fe0c2edd8,2014-10,Northumbria Police,Northumbria Police,-1.644599,54.948902,On or near Supermarket,E01008211,Gateshead 013D,Suspect charged
8cba4a994e92327bb53bddbbefbc58abd0bf505c6f164a8e52a6a888a613e9d0,2014-10,Northumbria Police,Northumbria Police,-1.424941,54.959151,On or near SARGENT AVENUE,E01008690,South Tyneside 019C,Investigation complete; no suspect identified
ba7abc5bcbeee25490949d6bd4fc1d138f6f97042765a4d947316c75d1bd6b23,2014-10,Northumbria Police,Northumbria Police,-1.607034,54.953918,On or near WINDERMERE STREET,E01008169,Gateshead 008B,Investigation complete; no suspect identified
8aff6a2b49f5f1059cfd3fb53dbe276d9b80c60a803f8af49d51385d6b56ad32,2014-10,Northumbria Police,Northumbria Police,-1.617878,55.009038,On or near SPITAL TERRACE,E01008355,Newcastle upon Tyne 006B,Investigation complete; no suspect identified
553c8d52f722ec8b2470a38edbd924ef3214d479456a9678f5c985c518cede4b,2014-10,Northumbria Police,Northumbria Police,-1.539136,54.950372,On or near LASKI GARDENS,E01008240,Gateshead 015B,Investigation complete; no suspect identified
030d846ac174637adb3ed53424db0176afc6d4607656a20a13e2e1757d745a65,2014-10,Northumbria Police,Northumbria Police,-1.713334,54.993772,On or near ANGLESEY GARDENS,E01008328,Newcastle upon Tyne 015E,Offender given a caution
d234cfbf8a49785bc6949cda8b6bf4f6ab5ba89d10e0cee315bf4a7878737b71,2014-10,Northumbria Police,Northumbria Police,-1.617134,54.972264,On or near NEWGATE STREET,E01033543,Newcastle upon Tyne 024G,Offender given a caution
a93ef94c6ecac1d38493451e4e8888c0e6c4cc2456e70d6e22e8aa8c653c0331,2014-10,Northumbria Police,Northumbria Police,-1.570416,54.952608,On or near Parking Area,E01008212,Gateshead 012A,Suspect charged
2bb0af59670eec468fe8f96dfb01dbd3fd704774f10d2b89480f6e443a072dce,2014-10,Northumbria Police,Northumbria Police,-1.655261,54.985668,On or near ROYAL CRESCENT,E01008450,Newcastle upon Tyne 016B,Investigation complete; no suspect identified
175f706632ff81ba594ead191d389c3bd4a1c600200ca210c7787cde50b3a6b0,2014-10,Northumbria Police,Northumbria Police,-1.615704,55.007503,On or near CHURCH ROAD,E01008354,Newcastle upon Tyne 005B,Investigation complete; no suspect identified
360ed73b103a64630d9906f8cc93f493fba8fd67e8fdd8c687db89bea4056b32,2014-10,Northumbria Police,Northumbria Police,-1.612425,54.968088,On or near CLAVERING PLACE,E01033543,Newcastle upon Tyne 024G,Investigation complete; no suspect identified
3455018571ea590c0d14d0f572fca1c7d37a10dec2d866d1c7fa64991d358081,2014-10,Northumbria Police,Northumbria Police,-1.391785,54.937512,On or near GRIZEDALE COURT,E01008724,Sunderland 001C,Investigation complete; no suspect identified
c28c858734a10aaecf7429dde5fd7211a3b3d709f5e1dda215082f35565c8e57,2014-10,Northumbria Police,Northumbria Police,-1.608313,54.974923,On or near Nightclub,E01008397,Newcastle upon Tyne 024C,Suspect charged
41712df13b1134c1ee07ea808da73c4963fb1f1a854ede67388f8445f0c0e574,2014-10,Northumbria Police,Northumbria Police,-1.567117,54.947222,On or near BELGRAVE TERRACE,E01008216,Gateshead 012C,Investigation complete; no suspect identified
3525182190e42f26637fd48fde2a2603550b9d35bc2fd0758a5ac8e54482fe45,2014-10,Northumbria Police,Northumbria Police,-1.566822,54.968869,On or near BIRDS NEST ROAD,E01008301,Newcastle upon Tyne 026A,Investigation complete; no suspect identified
272cfef27aa3825ae0f49c33235cf1ab188e5c8bef0c7a775baa158fa2571be7,2014-10,Northumbria Police,Northumbria Police,-1.619676,55.005737,On or near Parking Area,E01008419,Newcastle upon Tyne 006E,Investigation complete; no suspect identified
61ca62f89272114832771985d894118ce0d2a1abc3a263bf703bf720494af4a3,2014-10,Northumbria Police,Northumbria Police,-1.412881,54.980841,On or near MITCHELL GARDENS,E01008674,South Tyneside 006C,Investigation complete; no suspect identified
e5a632d216fc379099c87097aca70be52ce4d09a67ba4da2e1ab7d71b09f055d,2014-10,Northumbria Police,Northumbria Police,-1.434781,54.976793,On or near RICHMOND ROAD,E01008591,South Tyneside 011B,Investigation complete; no suspect identified
e5a632d216fc379099c87097aca70be52ce4d09a67ba4da2e1ab7d71b09f055d,2014-10,Northumbria Police,Northumbria Police,-1.434781,54.976793,On or near RICHMOND ROAD,E01008591,South Tyneside 011B,Investigation complete; no suspect identified
e5a632d216fc379099c87097aca70be52ce4d09a67ba4da2e1ab7d71b09f055d,2014-10,Northumbria Police,Northumbria Police,-1.434781,54.976793,On or near RICHMOND ROAD,E01008591,South Tyneside 011B,Investigation complete; no suspect identified
e5a632d216fc379099c87097aca70be52ce4d09a67ba4da2e1ab7d71b09f055d,2014-10,Northumbria Police,Northumbria Police,-1.434781,54.976793,On or near RICHMOND ROAD,E01008591,South Tyneside 011B,Investigation complete; no suspect identified
e5a632d216fc379099c87097aca70be52ce4d09a67ba4da2e1ab7d71b09f055d,2014-10,Northumbria Police,Northumbria Police,-1.434781,54.976793,On or near RICHMOND ROAD,E01008591,South Tyneside 011B,Investigation complete; no suspect identified
e5a632d216fc379099c87097aca70be52ce4d09a67ba4da2e1ab7d71b09f055d,2014-10,Northumbria Police,Northumbria Police,-1.434781,54.976793,On or near RICHMOND ROAD,E01008591,South Tyneside 011B,Investigation complete; no suspect identified
0678b17b776e4c370e27d633ddb875859749809ab0b74b57910b16476e04b433,2014-10,Northumbria Police,Northumbria Police,-1.570713,54.885103,On or near RENFREW PLACE,E01008172,Gateshead 026A,Investigation complete; no suspect identified
d9dbabfafa089e448af7e09c1961b9084737d5b7389ffdf7d2c17bab480a9bc4,2014-10,Northumbria Police,Northumbria Police,-1.641504,54.956352,On or near COLLINGWOOD TERRACE,E01008210,Gateshead 007B,Offender given a caution
6f1f9fcf7565548f13644af7a428b0058a8c23dde19b4cac89aa6d04e38c9fc9,2014-10,Northumbria Police,Northumbria Police,-1.608313,54.974923,On or near Nightclub,E01008397,Newcastle upon Tyne 024C,Suspect charged
017ec72270f35abc2d5a67fa05b8e5833e029f812cf4654722db8aa95e762de2,2014-10,Northumbria Police,Northumbria Police,-1.506363,55.001367,On or near SIMONSIDE AVENUE,E01008509,North Tyneside 026B,Investigation complete; no suspect identified
76a58f88a856d6c5657454d51e5106b72270e41880bb81e49bf9be339d3d2896,2014-10,Northumbria Police,Northumbria Police,-1.712213,54.988782,On or near B6528,E01008326,Newcastle upon Tyne 015C,Investigation complete; no suspect identified
7c91f0507ccf3f9971705e5670a810f33db8e573ef67554425811710b84c7564,2014-10,Northumbria Police,Northumbria Police,-1.683826,54.951823,On or near DICKENS AVENUE,E01008263,Gateshead 009B,Investigation complete; no suspect identified
f755157bf5756a5d6d7f852b35a0ece43170b6245460185ec581969623ca6040,2014-10,Northumbria Police,Northumbria Police,-1.618321,54.970578,On or near FENKLE STREET,E01033543,Newcastle upon Tyne 024G,Offender given a caution
66ed1ff8d6320c60cea1f48edc3bdf0e9f031d38e5d805035f8a7ea6dd96ff71,2014-10,Northumbria Police,Northumbria Police,-1.582555,54.905175,On or near WINDSOR ROAD,E01008223,Gateshead 025B,Investigation complete; no suspect identified
bc6ecfba03aad303c506c8e18c2c7c763cc5adbe8efbd80147a82bce2755d591,2014-10,Northumbria Police,Northumbria Police,-1.536013,54.991033,On or near Shopping Area,E01008536,North Tyneside 030C,Suspect charged
21fa370e2a3db5e3073a350e7c28226eeb60be009234900229a11dbaeddd086c,2014-10,Northumbria Police,Northumbria Police,-1.383845,54.906568,On or near SOUTH STREET,E01008703,Sunderland 013B,Investigation complete; no suspect identified
4b597bedb5caab2a16a7df0c3115193c2e0c939322ac5fe8838c2b0debd21b4a,2014-10,Northumbria Police,Northumbria Police,-1.491834,54.874348,On or near WEARDALE CRESCENT,E01008800,Sunderland 030D,Suspect charged
b7897cb824f51d47104a596c20ea99409934c6aee82f405df764520e7f1fd354,2014-10,Northumbria Police,Northumbria Police,-1.683826,54.951823,On or near DICKENS AVENUE,E01008263,Gateshead 009B,Investigation complete; no suspect identified
f6d8bdfd45bff78db5efc66ed37b7b41129b17b0e62be59c59bc69ba643fafe1,2014-10,Northumbria Police,Northumbria Police,-1.438656,54.882597,On or near TIVERTON SQUARE,E01008823,Sunderland 023A,Investigation complete; no suspect identified
8874fdc0af3b43704a1e0eecf9e40dd9b30d12427bb1284ab4b4f3db453f6c88,2014-10,Northumbria Police,Northumbria Police,-1.992868,55.756851,On or near BLENHEIM PLACE,E01027389,Northumberland 001F,Offender given a caution
7b896a760e584ccf153eb20454a3135e2b4f3f027b075cb118b2937a4a689e5d,2014-10,Northumbria Police,Northumbria Police,-1.577220,54.987202,On or near CHILLINGHAM ROAD,E01008361,Newcastle upon Tyne 018D,Investigation complete; no suspect identified
4fce2dd8ed948505851f93363307a5e12567d856de9fb27b09a5b1b11f5d71cc,2014-10,Northumbria Police,Northumbria Police,-1.491834,54.874348,On or near WEARDALE CRESCENT,E01008800,Sunderland 030D,Suspect charged
ee25d260fc832e273af2cb07b4c4611e25dda65cb7eeec85a321d34cbb4c4fca,2014-10,Northumbria Police,Northumbria Police,-1.570793,54.950991,On or near HIGH STREET,E01008212,Gateshead 012A,Investigation complete; no suspect identified
daf0b8ddf411ff1a267c6c2600e262c4e59814a7fedae26c7d8346ff41cc7973,2014-10,Northumbria Police,Northumbria Police,-1.497866,54.978282,On or near ALBERT ROAD,E01008654,South Tyneside 009D,Suspect charged
daf0b8ddf411ff1a267c6c2600e262c4e59814a7fedae26c7d8346ff41cc7973,2014-10,Northumbria Police,Northumbria Police,-1.497866,54.978282,On or near ALBERT ROAD,E01008654,South Tyneside 009D,Investigation complete; no suspect identified
0d88aa6708ddce7f7dba7a86c3f81310a52ca5f531e865242c88654b8a874913,2014-10,Northumbria Police,Northumbria Police,-1.534365,54.898368,On or near Parking Area,E01008848,Sunderland 019C,Offender given a caution
4ec887b5f141bcb6b52e4f8c28cbac613a925baeb63136e7065726f863411108,2014-10,Northumbria Police,Northumbria Police,-1.610818,54.976009,On or near NORTH STREET,E01008397,Newcastle upon Tyne 024C,Investigation complete; no suspect identified
de5aea4c0ef294945a8fdbd0b7f9ebdc07490f2c318efd835c3dd442a9f5f2ef,2014-10,Northumbria Police,Northumbria Police,-1.669722,54.977288,On or near PEASE AVENUE,E01008289,Newcastle upon Tyne 027B,Suspect charged
de5aea4c0ef294945a8fdbd0b7f9ebdc07490f2c318efd835c3dd442a9f5f2ef,2014-10,Northumbria Police,Northumbria Police,-1.669722,54.977288,On or near PEASE AVENUE,E01008289,Newcastle upon Tyne 027B,Investigation complete; no suspect identified
f0ba130dd4232f3e6d678fce8db3337f9fb6b37b247999ac1d1e720d82832881,2014-10,Northumbria Police,Northumbria Police,-1.611184,54.970394,On or near Nightclub,E01033543,Newcastle upon Tyne 024G,Investigation complete; no suspect identified
1d8aece4504371a2ba423470989394453d1e9ea4af8c372c6021178648f7a8c5,2014-10,Northumbria Police,Northumbria Police,-1.440642,54.894549,On or near PUTNEY SQUARE,E01008731,Sunderland 021C,Investigation complete; no suspect identified
4c4cf7168b5342085c92c0b0a9362a703aeebb6019ce3690d6d55fbac69fee1a,2014-10,Northumbria Police,Northumbria Police,-1.708044,54.984090,On or near MEADOW ROAD,E01008384,Newcastle upon Tyne 021D,Investigation complete; no suspect identified
f939be273bbd0e7f30c85ce838f3f22b2b844bd1cdaf9f5db5279ccb4332a291,2014-10,Northumbria Police,Northumbria Police,-1.521330,55.033723,On or near FENWICK CLOSE,E01032647,North Tyneside 011E,Investigation complete; no suspect identified
69e6fc7a8a7db9a4c1f660577e7fa50b79fd658be1aa7f3f8f81276d06117988,2014-10,Northumbria Police,Northumbria Police,-1.602528,54.992778,On or near SYCAMORE CLOSE,E01008372,Newcastle upon Tyne 013D,Investigation complete; no suspect identified
490e071f334c5e5b3755b800610f5eab76339ce7e16da15539030d897665ece0,2014-10,Northumbria Police,Northumbria Police,-1.713508,54.978091,On or near EVA STREET,E01008385,Newcastle upon Tyne 021E,Suspect charged
490e071f334c5e5b3755b800610f5eab76339ce7e16da15539030d897665ece0,2014-10,Northumbria Police,Northumbria Police,-1.713508,54.978091,On or near EVA STREET,E01008385,Newcastle upon Tyne 021E,Suspect charged
96e688e46960229713eed120c4a6223770a6c265f962995a9c686be648d264c3,2014-10,Northumbria Police,Northumbria Police,-1.677418,55.015123,On or near MAIN ROAD,E01008458,Newcastle upon Tyne 004D,Suspect charged
96e688e46960229713eed120c4a6223770a6c265f962995a9c686be648d264c3,2014-10,Northumbria Police,Northumbria Police,-1.677418,55.015123,On or near MAIN ROAD,E01008458,Newcastle upon Tyne 004D,Suspect charged
96e688e46960229713eed120c4a6223770a6c265f962995a9c686be648d264c3,2014-10,Northumbria Police,Northumbria Police,-1.677418,55.015123,On or near MAIN ROAD,E01008458,Newcastle upon Tyne 004D,Suspect charged
08418b5266ad498ee0b4f1faf0835abcb3432e184c12f59b8e2c6e511c741815,2014-10,Northumbria Police,Northumbria Police,-1.577144,55.091019,On or near Pedestrian Subway,E01027405,Northumberland 028F,Investigation complete; no suspect identified
e688dc9454e508d78285d1c8e072d6eb3d70939c3ce76996f268fc3a0663ac8a,2014-10,Northumbria Police,Northumbria Police,-1.515091,55.131890,On or near ARGYLE MEWS,E01027416,Northumberland 022C,Investigation complete; no suspect identified
e54e18f19e5a46a079a88729098c1dad7d7042331efa8dfeded8926fe882df03,2014-10,Northumbria Police,Northumbria Police,-1.585499,55.099746,On or near HORTON DRIVE,E01027401,Northumberland 027B,Investigation complete; no suspect identified
045531247e96467f3df9e34bfd4b795d26b93575862e3361aa9fdea77be05716,2014-10,Northumbria Police,Northumbria Police,-1.609733,54.986367,On or near BURDON TERRACE,E01008370,Newcastle upon Tyne 017C,Investigation complete; no suspect identified
e752594e46f934bdd3d150c65f689e37c4ee167e0ca21d4415e1cb6ffd49a12b,2014-10,Northumbria Police,Northumbria Police,-1.519703,54.973482,On or near Parking Area,E01008641,South Tyneside 010C,Offender given a caution
4b27c7f9cd4b5bf8d64d39761591fbfe6d0a25e201e49dbc46c2d2bb5496c7f5,2014-10,Northumbria Police,Northumbria Police,-1.502704,55.038160,On or near WARK AVENUE,E01008567,North Tyneside 007D,Investigation complete; no suspect identified
af6f999eb890073dc25fc3eed2859a72de371335fa80b97a74878b6fcffb6a32,2014-10,Northumbria Police,Northumbria Police,-1.638800,54.944482,On or near MOORFOOT GARDENS,E01008261,Gateshead 019C,Investigation complete; no suspect identified
1544249a17ee65962ddc68e13dd10568ceef46c3c11ce1cf528e3820e9982818,2014-10,Northumbria Police,Northumbria Police,-1.617120,54.978617,On or near EDWARD'S WALK,E01008397,Newcastle upon Tyne 024C,Investigation complete; no suspect identified
1879ea76265ae78d5b942e23998b66c0c8b1542b66c5ab3fb696026bf57b46e0,2014-10,Northumbria Police,Northumbria Police,-1.375543,54.908871,On or near RUSSELL STREET,E01008703,Sunderland 013B,Suspect charged
0525a3748966506755bdf68bfea07cf7b0cea46a4c1f71c24675afcc47cd8a30,2014-10,Northumbria Police,Northumbria Police,-1.375543,54.908871,On or near RUSSELL STREET,E01008703,Sunderland 013B,Offender given a drugs possession warning
4ccf0aa5964ddd9c164b4074419be6ff72567a0016d696c485b8f6816584ed50,2014-10,Northumbria Police,Northumbria Police,-1.574085,54.979211,On or near MILLERS ROAD,E01008392,Newcastle upon Tyne 026F,Offender given a caution
28b3120106ec163076cc4a9e54918bd1bd266fcb1fdfd5840a234c7358adc9f7,2014-10,Northumbria Police,Northumbria Police,-1.555651,54.956302,On or near CORROFELL GARDENS,E01008244,Gateshead 003D,Investigation complete; no suspect identified
c1bcf03d00399416c004a5bbc087fc923b14c3462ba087d3d4238fcbad339e72,2014-10,Northumbria Police,Northumbria Police,-1.509284,55.037477,On or near HARROW STREET,E01008567,North Tyneside 007D,Investigation complete; no suspect identified
f74346d494ba1cb159f4dbbe1f072e6f1dd0e107f45572ccf07585c7f4c0a68c,2014-10,Northumbria Police,Northumbria Police,-1.507725,55.122479,On or near Parking Area,E01027431,Northumberland 023C,Investigation complete; no suspect identified
b8fa074b1111eeccbcb8c4d1aa43ab244a7b9375acd7e5417f9c9b7307b9542f,2014-10,Northumbria Police,Northumbria Police,-1.508257,55.126399,On or near BACK CROFT ROAD,E01027414,Northumberland 023A,Investigation complete; no suspect identified
2b3968cee8e680e45911d59a4473380bd116d65abd8410e1a374f5a28888aeab,2014-10,Northumbria Police,Northumbria Police,-1.698382,55.407042,On or near Supermarket,E01027358,Northumberland 005A,Offender given a caution
c2d79d4ac2c30de5f43a0cc83a25f1fa0276f783402cd36818602eaba1649dee,2014-10,Northumbria Police,Northumbria Police,-1.449232,54.960872,On or near PRIESTLEY COURT,E01008606,South Tyneside 016C,Offender given a caution
7daa4872d9b809ff401f4617e6c92cf680ddf264132293226ed0c8c374b96230,2014-10,Northumbria Police,Northumbria Police,-1.581689,55.332414,On or near STRAFFEN COURT,E01027361,Northumberland 006A,Investigation complete; no suspect identified
bf6c339146821d8cced56e1eacfe645c6d4dae011dbf464b5a0b44e66e4ff53d,2014-10,Northumbria Police,Northumbria Police,-1.408454,54.921581,On or near CLARENCE STREET,E01008820,Sunderland 005F,Suspect charged
9f706e82fe54f2ef9c363b475a0c1cdb049a24d9036283159f47557e4e85d57d,2014-10,Northumbria Police,Northumbria Police,-1.636160,55.050188,On or near DRYSDALE CRESCENT,E01008307,Newcastle upon Tyne 001C,Investigation complete; no suspect identified
8914e793577c48687c922e62a5448fecfb73b6b4f16f51873172a7798ac88826,2014-10,Northumbria Police,Northumbria Police,-1.653958,54.977263,On or near MIDDLETON AVENUE,E01008349,Newcastle upon Tyne 019G,Investigation complete; no suspect identified
c9059c8a681e6733030d0e41b38476e86ffa52bfc06fdb4d15c1b2c085012e00,2014-10,Northumbria Police,Northumbria Police,-1.492996,54.972969,On or near BEDE BURN ROAD,E01008657,South Tyneside 009F,Investigation complete; no suspect identified
3952e23859363df6eada30c7ee451c12672256fa00ec33a89317ccfb503f7fce,2014-10,Northumbria Police,Northumbria Police,-1.508348,55.038497,On or near Petrol Station,E01008565,North Tyneside 007C,Local resolution
3952e23859363df6eada30c7ee451c12672256fa00ec33a89317ccfb503f7fce,2014-10,Northumbria Police,Northumbria Police,-1.508348,55.038497,On or near Petrol Station,E01008565,North Tyneside 007C,Local resolution
19beb34f7e06940fca3bec731dbd8148a322429c49fc7ef40a6dcf1589a22969,2014-10,Northumbria Police,Northumbria Police,-1.449882,55.003641,On or near THRIFT STREET,E01008545,North Tyneside 027E,Investigation complete; no suspect identified
0a8753856cea3179598e10f1b6d350b1575059f8353baab435c2bda860612871,2014-10,Northumbria Police,Northumbria Police,-1.667079,55.011618,On or near Shopping Area,E01008294,Newcastle upon Tyne 001A,Suspect charged
f2fdafdbd33a0910d291e8f9111df38a3059ccb0c61505673b060a40fa3156e3,2014-10,Northumbria Police,Northumbria Police,-1.380861,54.904881,On or near Further/Higher Educational Building,E01008703,Sunderland 013B,Suspect charged
9573a76a08e322c6d1f10785d21afb46d600025462650524c557d72a45884e7a,2014-10,Northumbria Police,Northumbria Police,-1.635775,54.978701,On or near WALTER TERRACE,E01008396,Newcastle upon Tyne 022B,Investigation complete; no suspect identified
f8856da6ae5c820a33e5e634df3dcaa3a5d8cffe42f0b74a7f20559b4b59dca5,2014-10,Northumbria Police,Northumbria Police,-1.690407,55.166051,On or near Parking Area,E01027453,Northumberland 016B,Investigation complete; no suspect identified
f71f01d24fa3ca662bc18db7146bb54ec4c6096c19873a245de488e9b3c277ef,2014-10,Northumbria Police,Northumbria Police,-1.563820,55.180850,On or near SECOND AVENUE,E01027546,Northumberland 010E,Investigation complete; no suspect identified
b242d5ab3ae26054a05fff750c445fa3bcbd2547df9d20b043c673f20b25f2a7,2014-10,Northumbria Police,Northumbria Police,-1.394941,54.909239,On or near TRIMDON STREET,E01008700,Sunderland 013A,Suspect charged
0fc71bd148b9f6dc0a729ee9b8bf370d0aeba6a27759a6ca019a1909bef8b3d7,2014-10,Northumbria Police,Northumbria Police,-1.550152,54.976115,On or near PHILIPSON STREET,E01008431,Newcastle upon Tyne 020B,Investigation complete; no suspect identified
f53339050a62d400c6650e9c8abd4d58394e03827244f11c2a1b71fd11df9154,2014-10,Northumbria Police,Northumbria Police,-1.614126,54.977988,On or near BARRAS BRIDGE,E01008397,Newcastle upon Tyne 024C,Offender given penalty notice
763f156f985b699e12d49a483aca196a68bbff77cb70cb49a6d208322c78274a,2014-10,Northumbria Police,Northumbria Police,-1.613189,54.969906,On or near COLLINGWOOD STREET,E01033545,Newcastle upon Tyne 024H,Investigation complete; no suspect identified
a0cd54cb47f588e1970d3b13a8e2a28735fcd5618d634bac36b94ebf89686ec7,2014-10,Northumbria Police,Northumbria Police,-1.437261,54.974881,On or near BURNHAM STREET,E01008591,South Tyneside 011B,Suspect charged
6f0d7c9392a3532df1213258b663a3aefbedc4d0fecc17a14e5576318f89fc21,2014-10,Northumbria Police,Northumbria Police,-1.612959,54.972619,On or near Nightclub,E01033543,Newcastle upon Tyne 024G,Investigation complete; no suspect identified
eff30ff8bac8f382fbe93bfe6b331cb7c942f69c2bd770db37ebf541fd4a366a,2014-10,Northumbria Police,Northumbria Police,-1.559412,55.181895,On or near SECOND AVENUE,E01027539,Northumberland 010C,Investigation complete; no suspect identified
2be9ee32a11451de3da04e2029eed5d89e0e102c3c7f0b0ec77f7619f8eddbaa,2014-10,Northumbria Police,Northumbria Police,-1.401040,54.955414,On or near Petrol Station,E01008619,South Tyneside 022C,Investigation complete; no suspect identified
9717baf4f9837d3f14d1e55223b84fdeb21f8cbd5aec3feb640403961ed4d05e,2014-10,Northumbria Police,Northumbria Police,-1.608236,55.005296,On or near BALMORAL TERRACE,E01008418,Newcastle upon Tyne 005C,Local resolution
9717baf4f9837d3f14d1e55223b84fdeb21f8cbd5aec3feb640403961ed4d05e,2014-10,Northumbria Police,Northumbria Police,-1.608236,55.005296,On or near BALMORAL TERRACE,E01008418,Newcastle upon Tyne 005C,Offender given a caution
9717baf4f9837d3f14d1e55223b84fdeb21f8cbd5aec3feb640403961ed4d05e,2014-10,Northumbria Police,Northumbria Police,-1.608236,55.005296,On or near BALMORAL TERRACE,E01008418,Newcastle upon Tyne 005C,Offender given a caution
e0742f41953253b3c711c839cd882304ca29576b7e42d00465f10a4a8072f65f,2014-10,Northumbria Police,Northumbria Police,-1.750491,54.919870,On or near SMAILES LANE,E01008185,Gateshead 022B,Investigation complete; no suspect identified
658ccad7e192b222d2d32f478c56d342d7b854ff0c0976b17487ef7417bb33aa,2014-10,Northumbria Police,Northumbria Police,-1.508924,54.902986,On or near Parking Area,E01008846,Sunderland 017B,Suspect charged
658ccad7e192b222d2d32f478c56d342d7b854ff0c0976b17487ef7417bb33aa,2014-10,Northumbria Police,Northumbria Police,-1.508924,54.902986,On or near Parking Area,E01008846,Sunderland 017B,Suspect charged
e0177f7d1410f46ea9d81a72fdf0b64d77ba8802652f853f3902166067d755d4,2014-10,Northumbria Police,Northumbria Police,-1.574220,54.975347,On or near SPIRES LANE,E01008305,Newcastle upon Tyne 026D,Offender given a caution
559f28956a2952113be4a9dbf39ef0c3b4a8ef792372c57b2fec056125d39741,2014-10,Northumbria Police,Northumbria Police,-1.384692,54.906285,On or near KING STREET,E01008703,Sunderland 013B,Investigation complete; no suspect identified
f8ebafc9a615de0479cb3b1f83164c85340badf4086fd3f499e8af3021dc729d,2014-10,Northumbria Police,Northumbria Police,-1.515814,55.122700,On or near BROADWAY CIRCLE,E01027431,Northumberland 023C,Investigation complete; no suspect identified
239ccd18fa858c0112293d09bd195e4a7689d1d0de1f7ed6adfb328605dfa464,2014-10,Northumbria Police,Northumbria Police,-1.440257,54.971732,On or near LUCOCK STREET,E01008594,South Tyneside 011D,Suspect charged
239ccd18fa858c0112293d09bd195e4a7689d1d0de1f7ed6adfb328605dfa464,2014-10,Northumbria Police,Northumbria Police,-1.440257,54.971732,On or near LUCOCK STREET,E01008594,South Tyneside 011D,Suspect charged
239ccd18fa858c0112293d09bd195e4a7689d1d0de1f7ed6adfb328605dfa464,2014-10,Northumbria Police,Northumbria Police,-1.440257,54.971732,On or near LUCOCK STREET,E01008594,South Tyneside 011D,Suspect charged
239ccd18fa858c0112293d09bd195e4a7689d1d0de1f7ed6adfb328605dfa464,2014-10,Northumbria Police,Northumbria Police,-1.440257,54.971732,On or near LUCOCK STREET,E01008594,South Tyneside 011D,Suspect charged
24ddbabdae5ccedf6349f834023f9708fb1c2c0d68b6630c12093430bb5c0bfd,2014-10,Northumbria Police,Northumbria Police,-1.576854,54.977378,On or near ROBINSON STREET,E01008303,Newcastle upon Tyne 018A,Suspect charged
7e13b9c276f9f1badbbf922b12f4c5e09950ed683aefa5e81fa7039db2a3aa48,2014-10,Northumbria Police,Northumbria Police,-1.702937,55.412562,On or near Theatre/Concert Hall,E01027358,Northumberland 005A,Offender given a caution
2a1cbf3f895b20843ed3096c851d7eef148bfec77afa20341baf53f580e6a8ca,2014-10,Northumbria Police,Northumbria Police,-1.573280,54.978534,On or near Shopping Area,E01008392,Newcastle upon Tyne 026F,Suspect charged
a862396189f9fce6072b2fad42ec5ea855299b6879d7ea4cbddc30127c306164,2014-10,Northumbria Police,Northumbria Police,-1.614816,54.976112,On or near PRUDHOE PLACE,E01008397,Newcastle upon Tyne 024C,Investigation complete; no suspect identified
a64ff6e3d9d8f6ce7ee583d3a53722b31ef33f7c212811e5fb7008ed0f9e7b95,2014-10,Northumbria Police,Northumbria Police,-1.562190,55.143355,On or near SLEEKBURN AVENUE,E01027550,Northumberland 020E,Offender given a caution
47caa0894c2dc5af3f7db33c30e62edbe1e6f906b93444b63d2e372e3f59f727,2014-10,Northumbria Police,Northumbria Police,-1.384522,54.916385,On or near ABBS STREET,E01008711,Sunderland 005D,Investigation complete; no suspect identified
1a7151b34e3c565eec81b1dca677b2dadf144ac62b0b54e2da1c7b5d6d39eabc,2014-10,Northumbria Police,Northumbria Police,-1.550887,54.894800,On or near PONTELAND CLOSE,E01008868,Sunderland 020B,Offender given a caution
c075f08f5a80870805f040e7b230225da547698296b128f46f53eca233958221,2014-10,Northumbria Police,Northumbria Police,-1.386629,54.903985,On or near VINE PLACE,E01008836,Sunderland 016F,Investigation complete; no suspect identified
7bcd087ee8134ebfb85f611f4330db4887240461283532eaf399b9a64a562e41,2014-10,Northumbria Police,Northumbria Police,-1.482729,54.819860,On or near FIELDSIDE,E01008747,Sunderland 035D,Investigation complete; no suspect identified
37ffd2ec0b64eb4a37f81b6b6a856d6435b4e1e627076005ed8faada5a017e3d,2014-10,Northumbria Police,Northumbria Police,-1.492335,54.867952,On or near THE COVE,E01008793,Sunderland 030A,Investigation complete; no suspect identified
c280009b78a7b2f1de8c8dcfd0a34886b58631f20a700679e413a46126d35ac8,2014-10,Northumbria Police,Northumbria Police,-1.598777,54.989638,On or near MANOR HOUSE ROAD,E01008368,Newcastle upon Tyne 017B,Investigation complete; no suspect identified
c86cf5f501dd9a246be4d58f3a180fee29b3d611a0e6d6419b1e230fe8ab7f62,2014-10,Northumbria Police,Northumbria Police,-2.011358,55.781425,On or near NORTH ROAD,E01027376,Northumberland 001A,Suspect charged
286b6be231d58a531eeac4c0fbcc82ec08c876c19be5f893154adccf9355f1de,2014-10,Northumbria Police,Northumbria Police,-1.469038,54.838484,On or near LONGLANDS DRIVE,E01008715,Sunderland 034B,Offender given a caution
2278ac29ac230689bc36412614b135dd1aaf97eacaccb22b44f504c57d80a9c8,2014-10,Northumbria Police,Northumbria Police,-1.585492,54.928999,On or near BORROWDALE GARDENS,E01008221,Gateshead 021C,Investigation complete; no suspect identified
344ea6fa7e293b8b110f6bc36a8ae941dc447d620748099b7c751a97127f8765,2014-10,Northumbria Police,Northumbria Police,-1.428188,55.018575,On or near MANOR ROAD,E01008560,North Tyneside 016B,Suspect charged
b9948f77763c3f4e6b71e6929c091c1ea1722d1f291cc67d6affaeba9448434f,2014-10,Northumbria Police,Northumbria Police,-1.380861,54.904881,On or near Further/Higher Educational Building,E01008703,Sunderland 013B,Suspect charged as part of another case
fc3e7429121ee68da1db2a0ed3627c88ef91e44803ffdc549cec6bfb1ed1af7b,2014-10,Northumbria Police,Northumbria Police,-1.677429,54.992280,On or near FINSMERE PLACE,E01008350,Newcastle upon Tyne 019H,Suspect charged
906dda77a923d3d13b4bde2351b1cb2201baa22fe36230e9b6ef6b1aabdd6f9a,2014-10,Northumbria Police,Northumbria Police,-1.386338,54.927232,On or near KIRKSTONE AVENUE,E01008713,Sunderland 001A,Investigation complete; no suspect identified
5e6bba5301c92165a52c9190438df80b495c1644fa8ce17ace5f76390ce944c7,2014-10,Northumbria Police,Northumbria Police,-1.369793,54.933518,On or near PRINCES GARDENS,E01008723,Sunderland 002A,Investigation complete; no suspect identified
f76b0328035ab5cd84a3d7048e901380a71d31d8644852a32b5166784f189bd8,2014-10,Northumbria Police,Northumbria Police,-1.617297,54.971528,On or near CLAYTON STREET,E01033543,Newcastle upon Tyne 024G,Offender given a caution
7f260a2a97fcd1bb390dd54fdbccc0ee3078fe7283b88f1277de7fbfe0193814,2014-10,Northumbria Police,Northumbria Police,-1.617297,54.971528,On or near CLAYTON STREET,E01033543,Newcastle upon Tyne 024G,Offender given a caution
a3ad30de0c7b0f906c911fda3153db917e02ad6da2a64701a3d2700da94b2e5f,2014-10,Northumbria Police,Northumbria Police,-1.526947,54.912709,On or near Petrol Station,E01008860,Sunderland 009F,Offender given a caution
d13cf8a9ac0f5416368ef590fa9b57b81cee3e93d9c8cc6ad2be14880f2b3e6d,2014-10,Northumbria Police,Northumbria Police,-1.712159,55.037918,On or near Parking Area,E01008458,Newcastle upon Tyne 004D,Investigation complete; no suspect identified
2e6944f7fd3dc0f2ef71dfe7e722df4a09da456db82825bf43ce8d8063730256,2014-10,Northumbria Police,Northumbria Police,-1.613189,54.969906,On or near COLLINGWOOD STREET,E01033545,Newcastle upon Tyne 024H,Offender given a caution
abfe96c2626f61e67f83a3fd5fc3fb674e57084eaf61efda6fd3f4cf176f08db,2014-10,Northumbria Police,Northumbria Police,-1.433396,54.998632,On or near Hospital,E01008667,South Tyneside 002D,Suspect charged
667be4252dc6cdb2d97f2f9f13b7e10f407a66d1a0ec82854bcbed73979fbf07,2014-10,Northumbria Police,Northumbria Police,-1.430428,54.998501,On or near Parking Area,E01008596,South Tyneside 001B,Suspect charged
a8e10137ffba4254ba9f40bc1105bbed4557339c0c2579fe703fd2ffc475426c,2014-10,Northumbria Police,Northumbria Police,-1.618315,54.972879,On or near Supermarket,E01033543,Newcastle upon Tyne 024G,Investigation complete; no suspect identified
aea3292d339731528f0232c12fc6695ccafb460663218438aecff7db3a5e2a9c,2014-10,Northumbria Police,Northumbria Police,-1.504726,55.013716,On or near A19,E01008488,North Tyneside 015A,Investigation complete; no suspect identified
095c29287c60ba91b8558877c6c37fe8d64932fc8e2c1681b54be014dbe1b570,2014-10,Northumbria Police,Northumbria Police,-1.522093,55.035371,On or near MEADOW VALE,E01032647,North Tyneside 011E,Investigation complete; no suspect identified
8a4c17d75231f011180d0237025a2382fbe87c4e9c0035add7d248563bc69f95,2014-10,Northumbria Police,Northumbria Police,-1.602375,54.978246,On or near NAPIER STREET,E01008407,Newcastle upon Tyne 023B,Suspect charged
c81574ef74ca9ba3182974c73e2ea848aeba2c1ad01fdf5ddcd69f576c036381,2014-10,Northumbria Police,Northumbria Police,-1.387036,54.900815,On or near ARGYLE STREET,E01008831,Sunderland 013D,Suspect charged
c81574ef74ca9ba3182974c73e2ea848aeba2c1ad01fdf5ddcd69f576c036381,2014-10,Northumbria Police,Northumbria Police,-1.387036,54.900815,On or near ARGYLE STREET,E01008831,Sunderland 013D,Suspect charged
a4f273a815007e64809b49173df2c58a7c2f6a044a0cc7f3e1e32d55ea990027,2014-10,Northumbria Police,Northumbria Police,-1.616721,54.974644,On or near Shopping Area,E01008397,Newcastle upon Tyne 024C,Suspect charged
2ef62837588a031d9678becbf666c6bcc78cec27d73e0b77b5d6b7b845a5dee2,2014-10,Northumbria Police,Northumbria Police,-1.548626,55.000794,On or near OAKFIELD GARDENS,E01008533,North Tyneside 030A,Investigation complete; no suspect identified
90d373e73ab197e59492348ed431392e092e237004431b4cd968862bab47781f,2014-10,Northumbria Police,Northumbria Police,-1.617134,54.972264,On or near NEWGATE STREET,E01033543,Newcastle upon Tyne 024G,Offender given a caution
422f8e0d0b30b46207e2260434f9094bfbab2587fbceed371728bf25fdbf629f,2014-10,Northumbria Police,Northumbria Police,-1.611983,54.973470,On or near HOOD STREET,E01033543,Newcastle upon Tyne 024G,Investigation complete; no suspect identified
fbd7f8b600c7f9f980dd89e4a7ae34ef540807e1bed0a35b1cbb23279dbc5068,2014-10,Northumbria Police,Northumbria Police,-1.552718,54.970130,On or near MINDRUM TERRACE,E01008426,Newcastle upon Tyne 028C,Suspect charged
636c8974564d352c0e6a66b68f487ae15628247f4431e20fa37a963427777997,2014-10,Northumbria Police,Northumbria Police,-1.637121,54.974886,On or near LONGLEY STREET,E01008398,Newcastle upon Tyne 022C,Investigation complete; no suspect identified
0226e57247b542f6f1a1a8b56b18a538a742b3c2a9d7eb645a21e3d7154521aa,2014-10,Northumbria Police,Northumbria Police,-1.415642,54.949950,On or near EAST DRIVE,E01008620,South Tyneside 023D,Investigation complete; no suspect identified
1cefd78243cfd2224d81914a6981870557ade81ae0603641da0ad9ab37e77848,2014-10,Northumbria Police,Northumbria Police,-1.585133,54.929034,On or near SCOTBY GARDENS,E01008221,Gateshead 021C,Investigation complete; no suspect identified
db9a139d835bba895f11e988becf71715b8ad2eb44ac536363a4b430aecf31ac,2014-10,Northumbria Police,Northumbria Police,-1.549480,54.963612,On or near WINDHILL ROAD,E01008427,Newcastle upon Tyne 030C,Suspect charged
1135e0b6ea90c67e3977c9737d25b7085d1b5a4a9d4d6f4ed6f3fa879b9eeeba,2014-10,Northumbria Police,Northumbria Police,-1.435705,54.985577,On or near MARSHALL WALLIS ROAD,E01008664,South Tyneside 002A,Investigation complete; no suspect identified
a4b79ade5c1dbff79aa813690f708e4edb7e98b0742db945dc73380891ba8169,2014-10,Northumbria Police,Northumbria Police,-1.440842,54.918355,On or near CASTLE VIEW,E01008693,Sunderland 008A,Suspect charged
7d15773217456173c15ff82a209eb69698609eeae8fe84a1f2be77a5db3b174a,2014-10,Northumbria Police,Northumbria Police,-1.625822,54.971976,On or near CORPORATION STREET,E01033554,Newcastle upon Tyne 024I,Investigation complete; no suspect identified
8c651ad660161dbbcb4a02f5c57766e4137b9196bffdda4f9ee79538ef285827,2014-10,Northumbria Police,Northumbria Police,-1.534379,54.990406,On or near FRANK STREET,E01008575,North Tyneside 030E,Investigation complete; no suspect identified
07a9b7da58ba11f934f741719531e30795d6fcb2888dfc4969c9a2ffe09ec03b,2014-10,Northumbria Police,Northumbria Police,-1.676281,54.989204,On or near MARDALE ROAD,E01008350,Newcastle upon Tyne 019H,Suspect charged
13cf513bb544883d15ee9ac56ebcafda290c458811a8cbe6f6a93803a394f2fa,2014-10,Northumbria Police,Northumbria Police,-1.566925,55.036266,On or near Shopping Area,E01008479,North Tyneside 008D,Investigation complete; no suspect identified
c8b56c35468e6a23855ace6dbf4e75ede7921b38a12a13b1ef7af7de37327f14,2014-10,Northumbria Police,Northumbria Police,-1.612959,54.972619,On or near Nightclub,E01033543,Newcastle upon Tyne 024G,Suspect charged
523b9d7514d9b09f91426b07c350f3fdd0620dbf92ab54ae4d54d03ab862b6b2,2014-10,Northumbria Police,Northumbria Police,-1.682542,54.972200,On or near DARLEY PLACE,E01033547,Newcastle upon Tyne 025E,Suspect charged
eae5898dece9b454d034c89eb085f774e1d5392a0180a0497290604b5065764e,2014-10,Northumbria Police,Northumbria Police,-1.702347,54.968314,On or near PATTERSON STREET,E01008181,Gateshead 005C,Investigation complete; no suspect identified
03513d42220f58a03a96ccf2cf2172cf51f50860e00dd32fe2707771b476d67a,2014-10,Northumbria Police,Northumbria Police,-1.409965,54.925003,On or near CHESTNUT CRESCENT,E01008817,Sunderland 004B,Suspect charged
ea280b95add306d053f203303653866c6a374518fdc6110766eaf23331791c9d,2014-10,Northumbria Police,Northumbria Police,-1.462700,55.042366,On or near RELTON TERRACE,E01008520,North Tyneside 003A,Investigation complete; no suspect identified
ea280b95add306d053f203303653866c6a374518fdc6110766eaf23331791c9d,2014-10,Northumbria Police,Northumbria Police,-1.462700,55.042366,On or near RELTON TERRACE,E01008520,North Tyneside 003A,Suspect charged
ea280b95add306d053f203303653866c6a374518fdc6110766eaf23331791c9d,2014-10,Northumbria Police,Northumbria Police,-1.462700,55.042366,On or near RELTON TERRACE,E01008520,North Tyneside 003A,Suspect charged
ea280b95add306d053f203303653866c6a374518fdc6110766eaf23331791c9d,2014-10,Northumbria Police,Northumbria Police,-1.462700,55.042366,On or near RELTON TERRACE,E01008520,North Tyneside 003A,Suspect charged
ea280b95add306d053f203303653866c6a374518fdc6110766eaf23331791c9d,2014-10,Northumbria Police,Northumbria Police,-1.462700,55.042366,On or near RELTON TERRACE,E01008520,North Tyneside 003A,Suspect charged
ea280b95add306d053f203303653866c6a374518fdc6110766eaf23331791c9d,2014-10,Northumbria Police,Northumbria Police,-1.462700,55.042366,On or near RELTON TERRACE,E01008520,North Tyneside 003A,Suspect charged
c04aa36921d06ccb5d39d9487f98d981c0cb6d1014730cc780c0f3b496eb9ef3,2014-10,Northumbria Police,Northumbria Police,-1.748367,54.970350,On or near CLIFTON CLOSE,E01008246,Gateshead 001A,Investigation complete; no suspect identified
41d924cef842ceeea0169cdd916e39cb088344d6399009e043feae6100e1cf58,2014-10,Northumbria Police,Northumbria Police,-1.587253,54.976516,On or near ROBSON STREET,E01008304,Newcastle upon Tyne 026C,Suspect charged
aba7a20b888bc692aa2839d26745497c9c43fa2492b52c207a13deb5073fb1ab,2014-10,Northumbria Police,Northumbria Police,-1.553570,55.177722,On or near ARIEL STREET,E01027533,Northumberland 013A,Investigation complete; no suspect identified
78fa236140ad97ef97eaa8d80d8eb772da6d3b0525ab81096374e12527233743,2014-10,Northumbria Police,Northumbria Police,-1.586985,54.976757,On or near Petrol Station,E01008304,Newcastle upon Tyne 026C,Suspect charged
8a8c0047a8ad87fef9bc1cfd71fe468498e73ec916f2bab8f98f80faff7cd6a1,2014-10,Northumbria Police,Northumbria Police,-1.575731,54.956517,On or near PATTINSON GARDENS,E01008214,Gateshead 003A,Investigation complete; no suspect identified
64c091b60d5dd7c8ca53eaa707e9b0ddf9a7a1b9bf012d73c2d59f6d62c5bb07,2014-10,Northumbria Police,Northumbria Police,-1.415290,54.908503,On or near EXETER STREET,E01008757,Sunderland 015A,Suspect charged
6dc2d66664ddcd8934288888e7f62abfb13464c518f38139adee1c3a49dfeed3,2014-10,Northumbria Police,Northumbria Police,-1.767931,54.996269,On or near AINDERBY ROAD,E01008403,Newcastle upon Tyne 014D,Investigation complete; no suspect identified
b76c1839d05680eefb269ed1f1b24c8c7970c59834f32820c732e0ae4778e8ce,2014-10,Northumbria Police,Northumbria Police,-1.450618,54.974906,On or near ELSWICK WAY,E01008672,South Tyneside 012D,Suspect charged
b76c1839d05680eefb269ed1f1b24c8c7970c59834f32820c732e0ae4778e8ce,2014-10,Northumbria Police,Northumbria Police,-1.450618,54.974906,On or near ELSWICK WAY,E01008672,South Tyneside 012D,Investigation complete; no suspect identified
55875eceafd179a1143a008956e28e6fef85f57b27c6ffa1283eadccd018102b,2014-10,Northumbria Police,Northumbria Police,-1.611977,54.974045,On or near Shopping Area,E01033543,Newcastle upon Tyne 024G,Investigation complete; no suspect identified
871212329f9d93e5c992c82d79f92525717a479aa21bc13f9262d946bf314e6f,2014-10,Northumbria Police,Northumbria Police,-1.608436,54.992815,On or near WEST JESMOND AVENUE,E01008373,Newcastle upon Tyne 013E,Investigation complete; no suspect identified
de2cfa2568b049276c5879194903c612b91912ee9b69fe6f0dbbbdafffa5f30d,2014-10,Northumbria Police,Northumbria Police,-1.449232,54.960872,On or near PRIESTLEY COURT,E01008606,South Tyneside 016C,Investigation complete; no suspect identified
3135b97351784078ce6de315aeaa74738a4294bc0c3622ce69dec86faba662da,2014-10,Northumbria Police,Northumbria Police,-1.387324,54.905453,On or near Sports/Recreation Area,E01008703,Sunderland 013B,Suspect charged
3135b97351784078ce6de315aeaa74738a4294bc0c3622ce69dec86faba662da,2014-10,Northumbria Police,Northumbria Police,-1.387324,54.905453,On or near Sports/Recreation Area,E01008703,Sunderland 013B,Suspect charged
f6a151f6422cfdaf0cde9f0a0b6a19ca5af0c0464908c26b84ebc7425ae4c1d0,2014-10,Northumbria Police,Northumbria Police,-1.560231,55.170252,On or near B1334,E01027537,Northumberland 014B,Investigation complete; no suspect identified
694d346f0f5f255d16beaebb91dea8853af5e17135079c1a0df53d4b8112dc33,2014-10,Northumbria Police,Northumbria Police,-1.447415,54.949883,On or near BURNSIDE CLOSE,E01008614,South Tyneside 023A,Suspect charged
694d346f0f5f255d16beaebb91dea8853af5e17135079c1a0df53d4b8112dc33,2014-10,Northumbria Police,Northumbria Police,-1.447415,54.949883,On or near BURNSIDE CLOSE,E01008614,South Tyneside 023A,Suspect charged
a8d404f63bdad1ea8507e00ec98726b8b8dbbca2405564d615f99a59369968a9,2014-10,Northumbria Police,Northumbria Police,-1.457078,55.047311,On or near Theatre/Concert Hall,E01008520,North Tyneside 003A,Investigation complete; no suspect identified
84336e87b26d139fa8691826ff2777d35cdbcbb6dda180bd6d773c6f87dd05b5,2014-10,Northumbria Police,Northumbria Police,-1.429462,54.990508,On or near JOHN CLAY STREET,E01008668,South Tyneside 002E,Suspect charged
755ec3252fc641e7a9b1a1e977952be55d4e82371000b19e88d6dfee9f41d2c1,2014-10,Northumbria Police,Northumbria Police,-1.379943,54.903727,On or near Park/Open Space,E01008836,Sunderland 016F,Suspect charged
a335bce737560cd7538898662c56fe80da2174330038a3f993192b2f907a870d,2014-10,Northumbria Police,Northumbria Police,-1.491008,55.006651,On or near Shopping Area,E01008481,North Tyneside 023A,Investigation complete; no suspect identified
d6dd6c22ea0764e60731b3b18e8ebe368958688cb4a2bbedc6086479a689b41a,2014-10,Northumbria Police,Northumbria Police,-1.679240,54.986651,On or near SLATYFORD LANE,E01008344,Newcastle upon Tyne 019B,Investigation complete; no suspect identified
f5b618a5facaef3e42291e70920f0cf1bd231ec524217ce4959c8b339492149b,2014-10,Northumbria Police,Northumbria Police,-1.504292,54.972818,On or near MARR ROAD,E01008655,South Tyneside 009E,Suspect charged
a1adaa6a2da05c22bc3a0a1cdfcc1f6da1d022dbbc2e0fedd34928c47dce4970,2014-10,Northumbria Police,Northumbria Police,-1.461071,55.062281,On or near GERRARD ROAD,E01008551,North Tyneside 001D,Suspect charged
8fee3d6247bcbdd069b89c15d871d85478cea73dc46b74d2a7ca583b6bc32593,2014-10,Northumbria Police,Northumbria Police,-1.495307,54.979269,On or near EDITH STREET,E01008660,South Tyneside 007C,Investigation complete; no suspect identified
15d08c240154071126e309b4455a74bf76fb88993ca95815aa80f44f737de7f3,2014-10,Northumbria Police,Northumbria Police,-1.461071,55.062281,On or near GERRARD ROAD,E01008551,North Tyneside 001D,Suspect charged
ecef3375fc070620dabdedd0898c4121367cd5f988176f75a4f1087b57caab07,2014-10,Northumbria Police,Northumbria Police,-1.519606,55.179103,On or near NORTH SEATON ROAD,E01027544,Northumberland 009D,Investigation complete; no suspect identified
c9ac9e739045152b3b30f5f1079b2468f2c2778edd838d5f0f2cbbc9f5fddfc0,2014-10,Northumbria Police,Northumbria Police,-1.552718,54.970130,On or near MINDRUM TERRACE,E01008426,Newcastle upon Tyne 028C,Suspect charged
c9ac9e739045152b3b30f5f1079b2468f2c2778edd838d5f0f2cbbc9f5fddfc0,2014-10,Northumbria Police,Northumbria Police,-1.552718,54.970130,On or near MINDRUM TERRACE,E01008426,Newcastle upon Tyne 028C,Suspect charged
e74664eab01986901ee4633dab5eb1fc296ee355afa29f01ea941d863f81931c,2014-10,Northumbria Police,Northumbria Police,-1.671306,54.980384,On or near BRUCE GARDENS,E01008343,Newcastle upon Tyne 019A,Investigation complete; no suspect identified
2cf0f496c3454ad495bd4ef64fc80db7512dee6a9bb828d376b37cae68c0323c,2014-10,Northumbria Police,Northumbria Police,-1.509776,55.127879,On or near SIMPSON STREET,E01027415,Northumberland 023B,Investigation complete; no suspect identified
ee22fdb1ee9594f7d1b18d58aa1cd2d538bc2a5c4ea726a974d9ef9fd128af6e,2014-10,Northumbria Police,Northumbria Police,-1.573578,54.971050,On or near ST PETER'S ROAD,E01008305,Newcastle upon Tyne 026D,Investigation complete; no suspect identified
ee22fdb1ee9594f7d1b18d58aa1cd2d538bc2a5c4ea726a974d9ef9fd128af6e,2014-10,Northumbria Police,Northumbria Police,-1.573578,54.971050,On or near ST PETER'S ROAD,E01008305,Newcastle upon Tyne 026D,Investigation complete; no suspect identified
1834f581553ee604050cf1a69e158421d2bda5348b617a0989c726b71873bcf1,2014-10,Northumbria Police,Northumbria Police,-1.492335,54.867952,On or near THE COVE,E01008793,Sunderland 030A,Investigation complete; no suspect identified
794fcb80f8da4b884561b774f6a015ed04694559cc074d19cc71465bc37c9924,2014-10,Northumbria Police,Northumbria Police,-1.532306,54.989931,On or near STATION ROAD,E01008575,North Tyneside 030E,Suspect charged
559fd5a24bb91857de427443607dfb856a1ea0b06a160467a66e76315af04bb2,2014-10,Northumbria Police,Northumbria Police,-1.532306,54.989931,On or near STATION ROAD,E01008575,North Tyneside 030E,Suspect charged
559fd5a24bb91857de427443607dfb856a1ea0b06a160467a66e76315af04bb2,2014-10,Northumbria Police,Northumbria Police,-1.532306,54.989931,On or near STATION ROAD,E01008575,North Tyneside 030E,Suspect charged
99c384ceefa3413f79804353a073d7b90e2d7b001e1e2f76672e4fc7903ab8f0,2014-10,Northumbria Police,Northumbria Police,-1.532306,54.989931,On or near STATION ROAD,E01008575,North Tyneside 030E,Suspect charged
2d7ee79be0d9f9573e65f2fd8ad9eac2d1d74f41dd3e196719438ebc105ca0bd,2014-10,Northumbria Police,Northumbria Police,-1.381905,54.917126,On or near Shopping Area,E01008787,Sunderland 006B,Suspect charged
4459461904a68c0270379b91a4c9e0f150b17e6eb3084eb009eb4086f6fc7090,2014-10,Northumbria Police,Northumbria Police,-1.551810,55.172225,On or near WALLINGTON ROAD,E01027533,Northumberland 013A,Investigation complete; no suspect identified
dc1003ce436bbc32fcfdad4f760d1f67cb1198d0f02e903328a313453462811b,2014-10,Northumbria Police,Northumbria Police,-1.617134,54.972264,On or near NEWGATE STREET,E01033543,Newcastle upon Tyne 024G,Investigation complete; no suspect identified
c3090343d53b1d29474c1f7446659257febc9e3dc120a37dabfbc48df6c55033,2014-10,Northumbria Police,Northumbria Police,-1.615061,54.975034,On or near Shopping Area,E01008397,Newcastle upon Tyne 024C,Investigation complete; no suspect identified
c3090343d53b1d29474c1f7446659257febc9e3dc120a37dabfbc48df6c55033,2014-10,Northumbria Police,Northumbria Police,-1.615061,54.975034,On or near Shopping Area,E01008397,Newcastle upon Tyne 024C,Suspect charged
c614e9ac88a74e38e0b010d83849f7756e16285f49c35aa2eb70424df106b742,2014-10,Northumbria Police,Northumbria Police,-1.611714,54.949475,On or near WESTMINSTER STREET,E01008253,Gateshead 010C,Investigation complete; no suspect identified
ebebaa311b5c079389b5e770c9c83e48fa0951e597e5789a6dc56f5478b99358,2014-10,Northumbria Police,Northumbria Police,-1.568231,55.035597,On or near Shopping Area,E01008479,North Tyneside 008D,Suspect charged
064a61928a6275d4027728a12be0a4fc7c976642ab038deb0a9fb75015468f5a,2014-10,Northumbria Police,Northumbria Police,-1.573623,55.102419,On or near EDGEFIELD DRIVE,E01027400,Northumberland 027A,Investigation complete; no suspect identified
0117bbd88f3a2935000910bd12718ef4c704a8db95eac3fdcbba3b42786fd7e2,2014-10,Northumbria Police,Northumbria Police,-1.528889,54.990834,On or near VINE STREET,E01008572,North Tyneside 029A,Suspect charged
4a943a52e7e1493c347a4c980d5eb1f496bfafa369d12b5b7d0a0a35facadf5e,2014-10,Northumbria Police,Northumbria Police,-1.615745,54.950800,On or near SALTWELL PLACE,E01008170,Gateshead 008C,Investigation complete; no suspect identified
984fbfca8a1901dc23413f7b5b9fb3ad3e8379e280fa4ef378bd2ef13f415d24,2014-10,Northumbria Police,Northumbria Police,-1.551259,54.970754,On or near SCROGG ROAD,E01008428,Newcastle upon Tyne 030D,Investigation complete; no suspect identified
f4723d4c60a37d64710756039949e9d8cfdd534128ab090700ae4cafd017458e,2014-10,Northumbria Police,Northumbria Police,-1.637618,54.976955,On or near STANTON STREET,E01008396,Newcastle upon Tyne 022B,Investigation complete; no suspect identified
a360e002b0756dcdaf7c3aaf24335fa74eeaa0dc49d28fb472138ec7023cc103,2014-10,Northumbria Police,Northumbria Police,-1.530617,55.127970,On or near EARL'S GARDENS,E01027391,Northumberland 024A,Investigation complete; no suspect identified
cab4c68f360dff85241874be6cd1fdab3b04331fc7c1c463c8b322eba1e26fbb,2014-10,Northumbria Police,Northumbria Police,-1.617120,54.978617,On or near EDWARD'S WALK,E01008397,Newcastle upon Tyne 024C,Investigation complete; no suspect identified
4cd76bf493acfea13d7c715b3b1e899c0db679a8fce394f28f8484abe366f1a4,2014-10,Northumbria Police,Northumbria Police,-1.430166,54.883384,On or near TRURO ROAD,E01008829,Sunderland 023G,Investigation complete; no suspect identified
c7fb14452a57f056b53c65acfb21c6feb15ce8c02607db4cb265f8a92f0fd8c3,2014-10,Northumbria Police,Northumbria Police,-1.437459,54.992010,On or near TUDOR ROAD,E01008667,South Tyneside 002D,Suspect charged
35fc1e9234879d7e19ab7d2e46d0d1420cda9d1906437383f7b0e6752ed4c8e4,2014-10,Northumbria Police,Northumbria Police,-1.543044,54.955455,On or near FISHERWELL ROAD,E01008244,Gateshead 003D,Offender given a caution
35fc1e9234879d7e19ab7d2e46d0d1420cda9d1906437383f7b0e6752ed4c8e4,2014-10,Northumbria Police,Northumbria Police,-1.543044,54.955455,On or near FISHERWELL ROAD,E01008244,Gateshead 003D,Offender given a caution
61fe55c917a0fdcf78b5ec98a2c88f8c0692bf07d7b2236968fec5b8d393e984,2014-10,Northumbria Police,Northumbria Police,-1.684374,54.941724,On or near FIRTREE ROAD,E01008267,Gateshead 017A,Suspect charged
5a47d360ae7acadfe784541b3db4398760fc4f425571c57b5376ee47cc5a4ca9,2014-10,Northumbria Police,Northumbria Police,-1.605343,54.973502,On or near TRAFALGAR STREET,E01033553,Newcastle upon Tyne 023H,Offender given a caution
447c2897b50fcf5fafe2b364eb301e5b33f88b1fab6d8bfd7b6f2bbbf416b87b,2014-10,Northumbria Police,Northumbria Police,-1.684374,54.941724,On or near FIRTREE ROAD,E01008267,Gateshead 017A,Suspect charged
a30f60044d29635a30cc4503cd05b9297b11f9655dbc6f68d3d8843fbd806ae7,2014-10,Northumbria Police,Northumbria Police,-1.518599,55.129738,On or near WEST SALISBURY STREET,E01027416,Northumberland 022C,Offender given a caution
6082fd6f4be106caf08feab7923505b838fe98594cf6072e097f2bb7c9d3925c,2014-10,Northumbria Police,Northumbria Police,-1.542376,55.004635,On or near MULLEN ROAD,E01008532,North Tyneside 025B,Offender given a caution
60904a0975182468aba1d0201f7e2b1e7749e56f0a8670b29e1536f3d6e18238,2014-10,Northumbria Police,Northumbria Police,-1.398716,54.896659,On or near CEDRIC CRESCENT,E01008835,Sunderland 022G,Investigation complete; no suspect identified
d245191c8bb4b5c96d14810a4577dce768ce3dcc244b88ae05a8f532bab71fb3,2014-10,Northumbria Police,Northumbria Police,-1.542376,55.004635,On or near MULLEN ROAD,E01008532,North Tyneside 025B,Offender given a caution
bafcc832d9e6d2419172e51e3bc27fca03637d9ad223ab014156f78da047f13f,2014-10,Northumbria Police,Northumbria Police,-1.568532,54.956519,On or near FELLING HOUSE GARDENS,E01008215,Gateshead 003B,Investigation complete; no suspect identified
1f7568466bcaf721b4af0bf24f9fb4e3a50c99ddfce99f64c3b849c8cd52245d,2014-10,Northumbria Police,Northumbria Police,-1.661168,55.013479,On or near Supermarket,E01008295,Newcastle upon Tyne 008A,Offender given a caution
1f7568466bcaf721b4af0bf24f9fb4e3a50c99ddfce99f64c3b849c8cd52245d,2014-10,Northumbria Police,Northumbria Police,-1.661168,55.013479,On or near Supermarket,E01008295,Newcastle upon Tyne 008A,Investigation complete; no suspect identified
0a848bdbccf66ad8153729a3737e19a56d30e4b3ede6981b99383fad2cc081a4,2014-10,Northumbria Police,Northumbria Police,-1.474127,55.039738,On or near WESTFIELD AVENUE,E01008522,North Tyneside 005D,Suspect charged
710fa32dcfb5b478875c03462a4d8c57f0c31d4be55a7255ba43672404376384,2014-10,Northumbria Police,Northumbria Police,-1.437655,54.903019,On or near POLEBROOK ROAD,E01033076,Sunderland 012F,Offender given a caution
3ad516d40743bd1ccec93172d102d6a00dfc12b792d4c866616839d73389e700,2014-10,Northumbria Police,Northumbria Police,-1.438637,55.009539,On or near DOCKWRAY SQUARE,E01008561,North Tyneside 016C,Suspect charged
3ad516d40743bd1ccec93172d102d6a00dfc12b792d4c866616839d73389e700,2014-10,Northumbria Police,Northumbria Police,-1.438637,55.009539,On or near DOCKWRAY SQUARE,E01008561,North Tyneside 016C,Suspect charged
3ad516d40743bd1ccec93172d102d6a00dfc12b792d4c866616839d73389e700,2014-10,Northumbria Police,Northumbria Police,-1.438637,55.009539,On or near DOCKWRAY SQUARE,E01008561,North Tyneside 016C,Suspect charged
3ad516d40743bd1ccec93172d102d6a00dfc12b792d4c866616839d73389e700,2014-10,Northumbria Police,Northumbria Police,-1.438637,55.009539,On or near DOCKWRAY SQUARE,E01008561,North Tyneside 016C,Suspect charged
b2f48ce9441b53bf5976de220dc18aedc5b6846279551972d709ad3d34ead7c5,2014-10,Northumbria Police,Northumbria Police,-1.396127,54.905039,On or near THE LEAZES,E01008705,Sunderland 013C,Suspect charged as part of another case
d997af90451ba81e35341e5f8fdc9782ed5e25c57bad397ac4a907bcf6ea3f5f,2014-10,Northumbria Police,Northumbria Police,-1.561197,55.176689,On or near FIFTH AVENUE,E01027545,Northumberland 010D,Offender given a caution
34b148ff71f8b9dfb9d0da6f752d935347f9d92a7021cb81b7ad7ae2f84cdfb3,2014-10,Northumbria Police,Northumbria Police,-1.609740,54.969527,On or near SIDE,E01033543,Newcastle upon Tyne 024G,Investigation complete; no suspect identified
bf12fbd62a7a792e918ac8182a21b82bb9ff1c980459efd25235948619a06a8b,2014-10,Northumbria Police,Northumbria Police,-1.384692,54.906285,On or near KING STREET,E01008703,Sunderland 013B,Investigation complete; no suspect identified
0ffbcbe5b58191f2c2f0b2c42c361a14dd7f905f0059a0241baa1c9bf05d1c86,2014-10,Northumbria Police,Northumbria Police,-2.129324,55.038081,On or near BURN LANE,E01027495,Northumberland 040D,Suspect charged
48b097f12aeddfab25d39d94ac4f89e7ba3f66b54484545ddf1fc1744c8b3c33,2014-10,Northumbria Police,Northumbria Police,-1.593796,55.133112,On or near Police Station,E01027516,Northumberland 021B,Suspect charged
31592f574e21eaf50c0e87edf0a5c386888b52caf5ce64ed5b2d2ec13d22aaed,2014-10,Northumbria Police,Northumbria Police,-1.504439,54.976108,On or near HEREFORD WAY,E01008652,South Tyneside 009B,Investigation complete; no suspect identified
1d34d9dba32909ac4f0be60bcb7a5245b8292d1e192c122ae55efbf3bc6217d9,2014-10,Northumbria Police,Northumbria Police,-2.129324,55.038081,On or near BURN LANE,E01027495,Northumberland 040D,Suspect charged
1d34d9dba32909ac4f0be60bcb7a5245b8292d1e192c122ae55efbf3bc6217d9,2014-10,Northumbria Police,Northumbria Police,-2.129324,55.038081,On or near BURN LANE,E01027495,Northumberland 040D,Suspect charged
0efd27adc997347fb2ea6a53e788bcd6df4977103cf0e6b601f8ef4f7fda656d,2014-10,Northumbria Police,Northumbria Police,-1.449203,55.041767,On or near Supermarket,E01008585,North Tyneside 006B,Suspect charged
daa0aa912081621338a69a53ff65546a386aa3bd23bb2206f2d0dd9428752a92,2014-10,Northumbria Police,Northumbria Police,-1.570678,54.900137,On or near MOUNT COURT,E01008222,Gateshead 025A,Suspect charged
d69378092a23709187374b31e7dc4779bf1973b6c079b257e92c0256778d7b8f,2014-10,Northumbria Police,Northumbria Police,-1.632910,54.977542,On or near MONDAY CRESCENT,E01008399,Newcastle upon Tyne 024D,Investigation complete; no suspect identified
3575d664d90cd1ed784fbb066ef6f9a3efa83f7dd190ecb973e18d1849f4d319,2014-10,Northumbria Police,Northumbria Police,-1.506048,54.982495,On or near HIGH LANE ROW,E01008639,South Tyneside 009A,Suspect charged
d6278460521efaddf31071d4b04e6675344e943e9f94d85821ff480fe5adc65f,2014-10,Northumbria Police,Northumbria Police,-1.374714,54.918132,On or near SELBOURNE STREET,E01008790,Sunderland 006E,Investigation complete; no suspect identified
8a39f59df940d51ab1c9ea9d849b0ddb2956c4a78ffe44d98224c7662f27a9b1,2014-10,Northumbria Police,Northumbria Police,-1.365067,54.875828,On or near QUEEN STREET,E01008764,Sunderland 028B,Investigation complete; no suspect identified
056ab40e7f921ffc08da9ed983cfdef98650c89a337e0ea148387547f1a79c82,2014-10,Northumbria Police,Northumbria Police,-1.672722,54.992546,On or near AINSLIE PLACE,E01008299,Newcastle upon Tyne 011D,Investigation complete; no suspect identified
338786bbc13632ba4f9f8aa60cd6b29920c569d93cbe1ede68de2385c127da21,2014-10,Northumbria Police,Northumbria Police,-1.365067,54.875828,On or near QUEEN STREET,E01008764,Sunderland 028B,Investigation complete; no suspect identified
f04d71ff373243d097eaee4bf721bdf97f214420111d256eeaa2fad5a724e0ae,2014-10,Northumbria Police,Northumbria Police,-1.546293,54.977565,On or near BLACKWELL AVENUE,E01008430,Newcastle upon Tyne 020A,Investigation complete; no suspect identified
acfaa03d15ff116482340a6a62a1419a86df547ebea493a37a29bf14c50b7766,2014-10,Northumbria Police,Northumbria Police,-1.462486,54.948395,On or near Parking Area,E01008613,South Tyneside 021D,Offender given a caution
acfaa03d15ff116482340a6a62a1419a86df547ebea493a37a29bf14c50b7766,2014-10,Northumbria Police,Northumbria Police,-1.462486,54.948395,On or near Parking Area,E01008613,South Tyneside 021D,Investigation complete; no suspect identified
acfaa03d15ff116482340a6a62a1419a86df547ebea493a37a29bf14c50b7766,2014-10,Northumbria Police,Northumbria Police,-1.462486,54.948395,On or near Parking Area,E01008613,South Tyneside 021D,Investigation complete; no suspect identified
29e18e206b4badfecea93b3b806aa6c6b560328c1b307f1219a50fc8bd57af8f,2014-10,Northumbria Police,Northumbria Police,-1.439751,54.963201,On or near GASKELL AVENUE,E01008609,South Tyneside 016E,Suspect charged
e965f48667441b9b79943eddd6ea7978579ca46ea39d6524714fb288a89cf63f,2014-10,Northumbria Police,Northumbria Police,-1.442246,54.866420,On or near MEADOW VIEW,E01008775,Sunderland 029C,Investigation complete; no suspect identified
0058f2473cc7219adac070e67eb54a1738b489f9792ae064c09ba5d77d114920,2014-10,Northumbria Police,Northumbria Police,-1.383910,54.904331,On or near HOLMESIDE,E01008703,Sunderland 013B,Investigation complete; no suspect identified
bda78bc0bfa05008ded80472d744e7aec35ffbe05fdcfd051d800583668171be,2014-10,Northumbria Police,Northumbria Police,-1.632826,54.967927,On or near BELGRAVE PARADE,E01008439,Newcastle upon Tyne 024E,Suspect charged
2a2ba3780e6d9670d46159033f912440a61eb4813e92436854fbeb38092c7b6f,2014-10,Northumbria Police,Northumbria Police,-1.511983,55.126908,On or near WANLEY STREET,E01027415,Northumberland 023B,Suspect charged as part of another case
0719494c8bf3ed9b050e0b8ceb1551f64846097963e41a6c439a8b5fd2d41080,2014-10,Northumbria Police,Northumbria Police,-1.508463,55.127532,On or near Shopping Area,E01027415,Northumberland 023B,Suspect charged
0719494c8bf3ed9b050e0b8ceb1551f64846097963e41a6c439a8b5fd2d41080,2014-10,Northumbria Police,Northumbria Police,-1.508463,55.127532,On or near Shopping Area,E01027415,Northumberland 023B,Investigation complete; no suspect identified
4a2a708e203b66590181b0d5d7df6e56751495ee3a81c17ffdc749419d69685c,2014-10,Northumbria Police,Northumbria Police,-1.592581,54.936320,On or near HILL TOP GARDENS,E01008238,Gateshead 016E,Investigation complete; no suspect identified
256accad57754057a173dd80a3b0dba56f5ab7438e70c3859e31d4c4ab452b10,2014-10,Northumbria Police,Northumbria Police,-1.451109,54.904491,On or near VIOLET STREET,E01008811,Sunderland 014B,Investigation complete; no suspect identified
a707077b729b7f9d436b47904d2fb2d1009de584e5555704902be6e9ac69fbad,2014-10,Northumbria Police,Northumbria Police,-1.372345,54.902933,On or near WYLAM GROVE,E01008836,Sunderland 016F,Investigation complete; no suspect identified
426d4404578058798d84ea045bb96856493a7149522f9fd661c340f5d7162cc5,2014-10,Northumbria Police,Northumbria Police,-1.614405,54.950482,On or near SALTWELL STREET,E01008171,Gateshead 008D,Investigation complete; no suspect identified
c915e61d23f9eb3dae7801908e20a0af526de823d4e334f4679461eb5427c01e,2014-10,Northumbria Police,Northumbria Police,-1.434192,55.037636,On or near ESKDALE TERRACE,E01008587,North Tyneside 006C,Offender given a caution
3f69da4e77a7b81f313d8ac005b990a51033dbd3bad40611de1eb647a7395f07,2014-10,Northumbria Police,Northumbria Police,-1.657844,54.966634,On or near MERTON COURT,E01008291,Newcastle upon Tyne 027D,Investigation complete; no suspect identified
3449353b16f05fbec1a24fee357cbc3d69ab0195c8128c745f01994bae9f0d3e,2014-10,Northumbria Police,Northumbria Police,-1.725898,55.001008,On or near AMESBURY CLOSE,E01008443,Newcastle upon Tyne 014G,Investigation complete; no suspect identified
cd8bda714d39d9bc6e314ec7e9324ecf729df74c63ec6db9e27adab3c686f943,2014-10,Northumbria Police,Northumbria Police,-1.618626,54.974704,On or near Parking Area,E01008397,Newcastle upon Tyne 024C,Offender given a caution
edb94de2206ddf551b2ca62d59967b5c184c030a376ba589ddf4b0447f1cdd1a,2014-10,Northumbria Police,Northumbria Police,-1.621086,54.973876,On or near Parking Area,E01008397,Newcastle upon Tyne 024C,Investigation complete; no suspect identified
847ab2f8ce6bf890a5c12d8d11d3bfc3ce6f16222d9b37183175bbf5414ecd9b,2014-10,Northumbria Police,Northumbria Police,-1.367681,54.921906,On or near FEATHERSTONE STREET,E01008790,Sunderland 006E,Investigation complete; no suspect identified
b4116dc4e98687d464da08c7c5a19db10416b92cd6687fa79b8ecc4a8db48f25,2014-10,Northumbria Police,Northumbria Police,-1.448073,54.925766,On or near HYLTON LANE,E01008698,Sunderland 003A,Investigation complete; no suspect identified
470aa30853e7fe378767f009d400d08cb53bbdda0dbbbb5fc5bae9fbc8ce5aad,2014-10,Northumbria Police,Northumbria Police,-1.385424,54.917603,On or near DEVONSHIRE STREET,E01008711,Sunderland 005D,Investigation complete; no suspect identified
5b76902be6414b5f6fe71df64b0649cea9c9b182eb8d6a7b4fef81c642daad8a,2014-10,Northumbria Police,Northumbria Police,-1.473667,55.022294,On or near TINTERN CRESCENT,E01008489,North Tyneside 015B,Investigation complete; no suspect identified
ffa38ce31fb26e3b482d7a6a743158ee586ada7ee52448b775ed534c3c65ed6d,2014-10,Northumbria Police,Northumbria Police,-1.601022,54.974396,On or near NEW BRIDGE STREET,E01008406,Newcastle upon Tyne 023A,Investigation complete; no suspect identified
d7461a57f8ebbd5a6ec5bc3a66c2ce8a5fa0b4a7db47d8539cbab3347fd98a51,2014-10,Northumbria Police,Northumbria Police,-1.405897,54.922575,On or near GORDON TERRACE,E01033075,Sunderland 005G,Investigation complete; no suspect identified
f7908d0e9408888ccf2c5f658d571419ffe4e7329c6e1d9e6eceb5d378f8ca70,2014-10,Northumbria Police,Northumbria Police,-1.455104,54.928548,On or near BARNHAM CLOSE,E01008838,Sunderland 003C,Investigation complete; no suspect identified
f469c8c856c10fdfd1a7a5f1c498ce9e30fcfc52146ab1e7c3fc92d6135e2a57,2014-10,Northumbria Police,Northumbria Police,-1.615061,54.975034,On or near Shopping Area,E01008397,Newcastle upon Tyne 024C,Suspect charged as part of another case
ffb3bb13b7493ea5ad4c3b8fe54fb321fd734dfa3aef044c363147ed33378d38,2014-10,Northumbria Police,Northumbria Police,-1.390211,54.894001,On or near BELLE VUE ROAD,E01008783,Sunderland 022D,Investigation complete; no suspect identified
13beaa73ae3e1d3536f7a75ca0ae34f60af20b5d65ccb16fce0eecc3825ee6dc,2014-10,Northumbria Police,Northumbria Police,-1.540847,54.985147,On or near TUMULUS AVENUE,E01008436,Newcastle upon Tyne 020F,Suspect charged
32f59c9c2814a5e14551f145fff72f156459adbafc514cd44c12946309be66bf,2014-10,Northumbria Police,Northumbria Police,-1.609785,54.963245,On or near WORSDELL DRIVE,E01008168,Gateshead 027D,Investigation complete; no suspect identified
41183585e060f9608271e3534391d9d5fbe831d9124b2194abb8e77d30b4bbd9,2014-10,Northumbria Police,Northumbria Police,-1.427424,54.868993,On or near B1286,E01008808,Sunderland 029E,Investigation complete; no suspect identified
421ed28bfd7b13a7c48b7269b3869bc39fdf0ad1434ba0b30b610dedaae31764,2014-10,Northumbria Police,Northumbria Police,-1.612740,54.974308,On or near Shopping Area,E01008397,Newcastle upon Tyne 024C,Suspect charged
2108c43bfa60e1e72a2f02d3d2cd34cabb388de6e66ebdba36ed31e126779750,2014-10,Northumbria Police,Northumbria Police,-1.668240,55.013032,On or near KINGSTON PARK AVENUE,E01008294,Newcastle upon Tyne 001A,Suspect charged
367cce6779e9c82c4ba33d9cd8b4599e55573010c15198b3675368546fdb35f4,2014-10,Northumbria Police,Northumbria Police,-1.438048,55.032631,On or near SEACOMBE AVENUE,E01008495,North Tyneside 010A,Investigation complete; no suspect identified
fb92a6046e240a22b53454e4a9fbce4e5e92499f47735dc145f3b826a79fb3d3,2014-10,Northumbria Police,Northumbria Police,-1.618315,54.972879,On or near Supermarket,E01033543,Newcastle upon Tyne 024G,Suspect charged
2e241d9c26194b46fa9cd0f52fc5fbbdfa3b035068e05a81421628cd3e938a0c,2014-10,Northumbria Police,Northumbria Police,-1.541180,54.986074,On or near EASTFIELD AVENUE,E01008436,Newcastle upon Tyne 020F,Offender given a drugs possession warning
595cff79a787d20f2f3b836e3de62594a5ea88fed417661a445b50a3ab852f2c,2014-10,Northumbria Police,Northumbria Police,-1.575244,54.983457,On or near HARTFORD STREET,E01008360,Newcastle upon Tyne 018C,Investigation complete; no suspect identified
d28ddc1a3e74d1ed482def2217d313dfde7f6de92400c772bd86700f740a61a0,2014-10,Northumbria Police,Northumbria Police,-1.611339,54.991611,On or near FORSYTH ROAD,E01008369,Newcastle upon Tyne 013B,Investigation complete; no suspect identified
afdf21f1983f7e542f3020e1752753338a0fbd96f40d2c76ae07d88cb1571ab0,2014-10,Northumbria Police,Northumbria Police,-1.711622,54.964446,On or near Supermarket,E01008177,Gateshead 005A,Suspect charged
afdf21f1983f7e542f3020e1752753338a0fbd96f40d2c76ae07d88cb1571ab0,2014-10,Northumbria Police,Northumbria Police,-1.711622,54.964446,On or near Supermarket,E01008177,Gateshead 005A,Suspect charged
5d3c2e4e07de3f52f19c796a39234806f48ddc2c8c455f62a0fca1451b968b3a,2014-10,Northumbria Police,Northumbria Police,-1.431607,54.984767,On or near HAMPDEN STREET,E01008683,South Tyneside 005D,Suspect charged
51387e43e42998c758306e751af7871276bf1051637113e955ac0a494b825961,2014-10,Northumbria Police,Northumbria Police,-1.655559,54.969027,On or near ATHERTON DRIVE,E01008291,Newcastle upon Tyne 027D,Suspect charged
2193791fc7ac84291b24e5f490d7a06898c6ae44ef8d3ec918bb850e908a63dc,2014-10,Northumbria Police,Northumbria Police,-1.610574,54.994790,On or near LYNDHURST AVENUE,E01008373,Newcastle upon Tyne 013E,Investigation complete; no suspect identified
d7317d2f56ab27095d2f243e98c6524343c773708ab0927d75037bc1882a2553,2014-10,Northumbria Police,Northumbria Police,-1.616721,54.974644,On or near Shopping Area,E01008397,Newcastle upon Tyne 024C,Investigation complete; no suspect identified
20ecb07fc8c06dfc7dc764faf7f7312a7ac0721874b3c0bb15f021e85d1638e1,2014-10,Northumbria Police,Northumbria Police,-1.547982,55.024695,On or near YOUNG ROAD,E01008500,North Tyneside 012A,Offender given a drugs possession warning
0d2a111fbc8332ca75944c793ea0aba5ea0e9e3678c94778376190d2f1586a95,2014-10,Northumbria Police,Northumbria Police,-1.553684,55.173149,On or near DEBDON ROAD,E01027533,Northumberland 013A,Investigation complete; no suspect identified
59ce0e73cfe304703f44db444ac40ee16cfc8812b7ea13268cdd427241e27e76,2014-10,Northumbria Police,Northumbria Police,-1.517379,55.130695,On or near HAMBLEDON STREET,E01027415,Northumberland 023B,Suspect charged
cb8345a938af70aa79711f9db3d9d3691d4e202c362ab0e7d55f430a7e075688,2014-10,Northumbria Police,Northumbria Police,-1.507187,55.003024,On or near ENGINE INN ROAD,E01008509,North Tyneside 026B,Investigation complete; no suspect identified
cfab2b466448f13cb27e760f02203ff3b4dc0e58d605dd0088625fc81635e9a1,2014-10,Northumbria Police,Northumbria Police,-1.700194,54.989022,On or near HAUGHTON CRESCENT,E01008330,Newcastle upon Tyne 015G,Investigation complete; no suspect identified
4e2445212df95533a8805784d94bdf29ac586b89787bff059baab150c35e10bd,2014-10,Northumbria Police,Northumbria Police,-1.546817,54.974017,On or near DUNCAN STREET,E01008429,Newcastle upon Tyne 028D,Offender given a caution
0025373294ae2d658410ac3c12cd98575cd93755225e6dffcc22488454253f6c,2014-10,Northumbria Police,Northumbria Police,-1.609886,54.951249,On or near WHITEHALL ROAD,E01008171,Gateshead 008D,Offender given a drugs possession warning
a8bc4081cf50cfd00b4a58748dfc96170e3dcde88dc3df3b21d8350bee46b844,2014-10,Northumbria Police,Northumbria Police,-1.606647,54.950358,On or near WESTFIELD ROAD,E01008253,Gateshead 010C,Suspect charged
d84ec3bf385497e53ff774399c67d85245ee5acfb8ed032ecf773674fce25488,2014-10,Northumbria Police,Northumbria Police,-1.530597,54.910036,On or near ALBANY WAY,E01008879,Sunderland 010D,Investigation complete; no suspect identified
9f03ca3fa5c823a9075d159b270fe55f40169b628ab1a21d003fb291f12bda8d,2014-10,Northumbria Police,Northumbria Police,-1.699303,54.993199,On or near Shopping Area,E01008325,Newcastle upon Tyne 015B,Suspect charged
268a27e088fd79ea549a00ce1cd6fb769e42fd99bda7ae841849b4befcd49f82,2014-10,Northumbria Police,Northumbria Police,-1.509900,55.007492,On or near EMBLETON AVENUE,E01008461,North Tyneside 021A,Investigation complete; no suspect identified
2e4a20df2038cc1425f3d9b9208ff6245d96710fdffbb2145d0fcfa9ecf69c73,2014-10,Northumbria Police,Northumbria Police,-1.522023,55.127955,On or near Supermarket,E01027391,Northumberland 024A,Offender given penalty notice
b99797f4e15d222234484e0fdea510dbacd31e83be53751d618af16ff54f26cf,2014-10,Northumbria Police,Northumbria Police,-1.611080,55.160540,On or near RIVERSIDE AVENUE,E01027530,Northumberland 017A,Suspect charged
a7b86f8940dd6c7379c9a0353fe58d3aad305b18b18c0b04b2079ff4fe28d290,2014-10,Northumbria Police,Northumbria Police,-1.610598,54.977734,On or near VINE LANE,E01008397,Newcastle upon Tyne 024C,Investigation complete; no suspect identified
2ef1510bc779f366626f57da01e244f4eab542c8bb66d06e41a96b095963b982,2014-10,Northumbria Police,Northumbria Police,-1.578352,54.973097,On or near RABY STREET,E01008305,Newcastle upon Tyne 026D,Suspect charged
f44857a2ad74b482b5e08862acfbe4b0e75d7dde7ab45867f795a0ac7b43be84,2014-10,Northumbria Police,Northumbria Police,-1.560327,55.180092,On or near THIRD AVENUE,E01027546,Northumberland 010E,Investigation complete; no suspect identified
2ebcf2dde6946f28b80cbe65686e0aad1b4e3e58d2b284724859b121ebca347f,2014-10,Northumbria Police,Northumbria Police,-1.753093,54.956162,On or near LONG RIDGE ROAD,E01008248,Gateshead 001C,Investigation complete; no suspect identified
0a0e8d217e635dff07a856ebe82607ab14d552b5bbc08de5654d9c65883d66ca,2014-10,Northumbria Police,Northumbria Police,-1.508675,55.126886,On or near HAVELOCK STREET,E01027415,Northumberland 023B,Suspect charged
871e1b7326e62423b2b37267edc8efeb4187242cfa68c8ae2e6bbe68550d2f0a,2014-10,Northumbria Police,Northumbria Police,-1.769116,54.923106,On or near WOODLEA ROAD,E01008183,Gateshead 024A,Investigation complete; no suspect identified
48cad898183c9a2cb450074e7aead6a0538e2ed1786642ab60526648d1f37954,2014-10,Northumbria Police,Northumbria Police,-1.548662,54.964094,On or near MERTON ROAD,E01008427,Newcastle upon Tyne 030C,Suspect charged
8f64f759eaad62d25d34ddfc989d2d7e4655f08beaa7ebd217a4dd9b1cc2a261,2014-10,Northumbria Police,Northumbria Police,-1.447484,55.008618,On or near Supermarket,E01008524,North Tyneside 022B,Suspect charged
5714f65bc116c09479c7c7d348defc652d495436d2a71ed9fe1ceb4df59106ec,2014-10,Northumbria Police,Northumbria Police,-1.385669,54.895344,On or near WEST LAWN,E01008735,Sunderland 016B,Investigation complete; no suspect identified
ea9a637d806fbee2a3f5c32f116837bac73a65e77c2110329f31559cd0fe1fa8,2014-10,Northumbria Police,Northumbria Police,-1.605357,54.949770,On or near EASTBOURNE AVENUE,E01008252,Gateshead 010B,Investigation complete; no suspect identified
6cf5f50eae2644dccd3d37f188c3d7708e7fb3fdc62ab6138bf5941108088d03,2014-10,Northumbria Police,Northumbria Police,-1.618892,54.969690,On or near PINK LANE,E01033545,Newcastle upon Tyne 024H,Suspect charged
a6897e77adc9d9a3319b7f548ee32a219e7500510b006238a6b6ea02f8370360,2014-10,Northumbria Police,Northumbria Police,-1.436905,54.923271,On or near STOCKLEY AVENUE,E01008842,Sunderland 004F,Investigation complete; no suspect identified
9e907520b523c27b512b707d9f96e1c39e6eef754db82f9f8a3b70c9641797c2,2014-10,Northumbria Police,Northumbria Police,-1.477447,54.869713,On or near LANTON STREET,E01032483,Sunderland 032F,Suspect charged
dc724a07f898969aba434aa839108c7345ace8868b801e1341601d113443cc6c,2014-10,Northumbria Police,Northumbria Police,-1.614445,54.974044,On or near BLACKETT STREET,E01008397,Newcastle upon Tyne 024C,Suspect charged
ca354731351e692eac7bf9902545a2526f0dcd7c25c3f990a2ca3d2151d5b519,2014-10,Northumbria Police,Northumbria Police,-1.615061,54.975034,On or near Shopping Area,E01008397,Newcastle upon Tyne 024C,Suspect charged
4377bd8a466035ecf0e8d9b1c992cda59a2f4f3c7d00a9da5b377bff92cd586b,2014-10,Northumbria Police,Northumbria Police,-1.623159,55.004480,On or near WEST AVENUE,E01008419,Newcastle upon Tyne 006E,Investigation complete; no suspect identified
fcef1323daba854db572501535f283c6a2bc628e5789c6d2587aba87b07c3918,2014-10,Northumbria Police,Northumbria Police,-1.524374,54.960290,On or near Further/Higher Educational Building,E01008643,South Tyneside 015A,Suspect charged
04f080bf0e875f06be6b203d6b6836fdee1be6693a98d72dc7c9e82f85942c8b,2014-10,Northumbria Police,Northumbria Police,-1.524374,54.960290,On or near Further/Higher Educational Building,E01008643,South Tyneside 015A,Suspect charged
04f080bf0e875f06be6b203d6b6836fdee1be6693a98d72dc7c9e82f85942c8b,2014-10,Northumbria Police,Northumbria Police,-1.524374,54.960290,On or near Further/Higher Educational Building,E01008643,South Tyneside 015A,Suspect charged
04f080bf0e875f06be6b203d6b6836fdee1be6693a98d72dc7c9e82f85942c8b,2014-10,Northumbria Police,Northumbria Police,-1.524374,54.960290,On or near Further/Higher Educational Building,E01008643,South Tyneside 015A,Suspect charged
04f080bf0e875f06be6b203d6b6836fdee1be6693a98d72dc7c9e82f85942c8b,2014-10,Northumbria Police,Northumbria Police,-1.524374,54.960290,On or near Further/Higher Educational Building,E01008643,South Tyneside 015A,Suspect charged
02f94f256614f79edd039ee1755d469e6112068e4b2c9ad5e681d838405bf759,2014-10,Northumbria Police,Northumbria Police,-1.591845,55.086010,On or near Supermarket,E01027409,Northumberland 029B,Offender given a caution
3afe881f0445c7fd4959208babc12901ecf9ae65ba04f0b6c756a57790233c2e,2014-10,Northumbria Police,Northumbria Police,-1.590768,55.085620,On or near Supermarket,E01027409,Northumberland 029B,Offender given a caution
3614d3025f70299a24fb862d500d0aa882acdf907fd173db8abed06c859fec41,2014-10,Northumbria Police,Northumbria Police,-1.367424,54.876622,On or near LYNGROVE,E01008764,Sunderland 028B,Offender given a caution
ab84d977c566feafa50716bb7a523ce746f693d39632b3d37aec49173877e16d,2014-10,Northumbria Police,Northumbria Police,-1.847077,54.961420,On or near Police Station,E01027498,Northumberland 038B,Suspect charged
6a16f5c628521f5baec9e4bc720a884b0618577aaf275cebef3cba0cc341e44f,2014-10,Northumbria Police,Northumbria Police,-1.673317,54.990463,On or near BARCLAY PLACE,E01008299,Newcastle upon Tyne 011D,Suspect charged
ec3b706416c0bf953e4db7e156b8a8c6a75e34d003cc995dffe56e2a7267b2d1,2014-10,Northumbria Police,Northumbria Police,-1.601804,54.961701,On or near JACKSON STREET,E01008166,Gateshead 027C,Suspect charged
c2dddb75f0c51189f82cf4a3518eace0457251dd50d17b637873b77bf7289ead,2014-10,Northumbria Police,Northumbria Police,-1.422487,55.018063,On or near MIDDLE STREET,E01008560,North Tyneside 016B,Investigation complete; no suspect identified
c2dddb75f0c51189f82cf4a3518eace0457251dd50d17b637873b77bf7289ead,2014-10,Northumbria Police,Northumbria Police,-1.422487,55.018063,On or near MIDDLE STREET,E01008560,North Tyneside 016B,Offender given a drugs possession warning
5c5c1dcaf8248ce38ed3a5d24d16b87cb3aa01450892477f0da1e0d9f2dd42fe,2014-10,Northumbria Police,Northumbria Police,-1.533888,54.882946,On or near HOLLY CRESCENT,E01008865,Sunderland 025F,Suspect charged
29a259b393b3ee50c72bfb9bad5b28bb441a1cdc9cc5f4228be7731f408cfb56,2014-10,Northumbria Police,Northumbria Police,-1.637618,54.976955,On or near STANTON STREET,E01008396,Newcastle upon Tyne 022B,Investigation complete; no suspect identified
ea8733e693772b4adf39b0339fea8fc8bee44f9f1dc98c1c73f3f1e7cae97970,2014-10,Northumbria Police,Northumbria Police,-1.380908,54.922145,On or near REDBY CLOSE,E01008788,Sunderland 006C,Investigation complete; no suspect identified
353760d7723238c99add42e2e340c2419ed122660ca4af33832c17b925cb52e6,2014-10,Northumbria Police,Northumbria Police,-1.533888,54.882946,On or near HOLLY CRESCENT,E01008865,Sunderland 025F,Suspect charged
353760d7723238c99add42e2e340c2419ed122660ca4af33832c17b925cb52e6,2014-10,Northumbria Police,Northumbria Police,-1.533888,54.882946,On or near HOLLY CRESCENT,E01008865,Sunderland 025F,Suspect charged
1d4cfd4a068ffe2eaccee449c4f1813f25998e350e65f2e6bf77392acc27b2f7,2014-10,Northumbria Police,Northumbria Police,-1.380908,54.922145,On or near REDBY CLOSE,E01008788,Sunderland 006C,Investigation complete; no suspect identified
129e4e386c922de0e98724e5e95ebbc8dbee37456bea2b33ed6a43a84e2e678f,2014-10,Northumbria Police,Northumbria Police,-1.570022,54.979296,On or near A193,E01008392,Newcastle upon Tyne 026F,Suspect charged
f8d4ff7dc5f04d3dd339e6a0dc4a2248b5cd01f498fa668f5383c7e732818b0b,2014-10,Northumbria Police,Northumbria Police,-1.713334,54.993772,On or near ANGLESEY GARDENS,E01008328,Newcastle upon Tyne 015E,Suspect charged
f8d4ff7dc5f04d3dd339e6a0dc4a2248b5cd01f498fa668f5383c7e732818b0b,2014-10,Northumbria Police,Northumbria Police,-1.713334,54.993772,On or near ANGLESEY GARDENS,E01008328,Newcastle upon Tyne 015E,Suspect charged
5c6ab266f48ad53e48abdc05d1cde7ec66b447902e6ca6474191572ce73b1516,2014-10,Northumbria Police,Northumbria Police,-1.600626,54.962371,On or near HIGH STREET,E01008166,Gateshead 027C,Suspect charged
9807d06f22cc8561daa3cdd5c2335325a850ef99b60ba24ae839526c70c9b39c,2014-10,Northumbria Police,Northumbria Police,-1.397975,54.895118,On or near Petrol Station,E01008781,Sunderland 022B,Suspect charged
8ac7040b0cc3154b0b12f422e9db0f78d4feb4e7d5963a5c9ab98b1fe620703c,2014-10,Northumbria Police,Northumbria Police,-1.569395,55.087487,On or near OLNEY CLOSE,E01027396,Northumberland 028B,Investigation complete; no suspect identified
d95f42cdee74a2416967c980d11bdce761e307aed3374ec3f6f572e66f275985,2014-10,Northumbria Police,Northumbria Police,-1.560700,54.997415,On or near STANFIELD COURT,E01008319,Newcastle upon Tyne 007B,Investigation complete; no suspect identified
b3d7b5df20c87a6eda2c35437c89ae3e333dcb50e4f2e2c5dbb5f9f086f873b2,2014-10,Northumbria Police,Northumbria Police,-1.614215,54.970395,On or near PUDDING CHARE,E01033543,Newcastle upon Tyne 024G,Investigation complete; no suspect identified
cdfd6986b974d4c17387b3740d6d7f803c2937cf35425954c4bee90bb7d49143,2014-10,Northumbria Police,Northumbria Police,-1.397995,54.980498,On or near MARSDEN LANE,E01008636,South Tyneside 008C,Investigation complete; no suspect identified
b1f6e73291a0387f70527450c722b96261c9bcb82db7fadf62dca226266db6db,2014-10,Northumbria Police,Northumbria Police,-1.664427,54.967731,On or near BILBROUGH GARDENS,E01008290,Newcastle upon Tyne 027C,Investigation complete; no suspect identified
2b2f7024724bb500ecb1e48f1477920ad263f62bf4cc4fba75c6a3ce4b27a4a3,2014-10,Northumbria Police,Northumbria Police,-1.657098,54.990158,On or near Pedestrian Subway,E01008300,Newcastle upon Tyne 016A,Investigation complete; no suspect identified
c8d27e081691ec4665959bce8faee3e32c1adb6f601f7979d4b682f3fd24f58f,2014-10,Northumbria Police,Northumbria Police,-1.575290,54.974641,On or near MICHAELGATE,E01008305,Newcastle upon Tyne 026D,Local resolution
c8d27e081691ec4665959bce8faee3e32c1adb6f601f7979d4b682f3fd24f58f,2014-10,Northumbria Police,Northumbria Police,-1.575290,54.974641,On or near MICHAELGATE,E01008305,Newcastle upon Tyne 026D,Local resolution
c8d27e081691ec4665959bce8faee3e32c1adb6f601f7979d4b682f3fd24f58f,2014-10,Northumbria Police,Northumbria Police,-1.575290,54.974641,On or near MICHAELGATE,E01008305,Newcastle upon Tyne 026D,Offender given a caution
6953c36d0444e3f555447963ca996c1ce9c3d4b5949e5debf05b50b7f1a89dd7,2014-10,Northumbria Police,Northumbria Police,-1.685564,54.973233,On or near ABERCORN ROAD,E01033547,Newcastle upon Tyne 025E,Investigation complete; no suspect identified
6bc7e811bda881168e03802c1ae5bb7d069d98b65e62959383f79d5688c2c86a,2014-10,Northumbria Police,Northumbria Police,-1.647625,55.009972,On or near AMBRIDGE WAY,E01008340,Newcastle upon Tyne 003E,Suspect charged
33947cafa890d512f1c2d3ae0f575bab25fc337c2e5bd55e3bfd6e89066fbdc3,2014-10,Northumbria Police,Northumbria Police,-1.620742,55.000546,On or near THE POPLARS,E01008420,Newcastle upon Tyne 005D,Investigation complete; no suspect identified
f1c0c452c3d873fd0b600b6ac397115d8200bfac2308ea73dbb916dbb37d7fb4,2014-10,Northumbria Police,Northumbria Police,-1.359730,54.870381,On or near BYONY TOFT,E01008769,Sunderland 028E,Investigation complete; no suspect identified
2fdf40591ca2a8b55593edac544f522ac6bdab26e87c7aeb502b550541dc11a9,2014-10,Northumbria Police,Northumbria Police,-1.617134,54.972264,On or near NEWGATE STREET,E01033543,Newcastle upon Tyne 024G,Suspect charged
da125f1d98ddc030020977b2ebef8e411567ca813a46038ab39115705b465c1a,2014-10,Northumbria Police,Northumbria Police,-1.494830,54.866506,On or near JEDBURGH ROAD,E01008793,Sunderland 030A,Investigation complete; no suspect identified
5d715ca5824bde0909a5a17ed49b528f8609e93c2a30b509fafed96b4c742f82,2014-10,Northumbria Police,Northumbria Police,-1.494830,54.866506,On or near JEDBURGH ROAD,E01008793,Sunderland 030A,Investigation complete; no suspect identified
07a9151dd5c1c05a1d9415716463c1d37242df883c4bc2ea718bdd84fa14c9da,2014-10,Northumbria Police,Northumbria Police,-1.530571,54.992683,On or near CORONATION STREET,E01008573,North Tyneside 029B,Investigation complete; no suspect identified
d56e87f9525a0132f924adf57e786193311749120c994de726664cc154e8cd78,2014-10,Northumbria Police,Northumbria Police,-1.451020,54.992386,On or near Ferry Terminal,E01008539,North Tyneside 027A,Offender given a caution
7f641d63417b3961540be4f40876bd755589bc3d4cefe3d7ba4b8bc08b7f292e,2014-10,Northumbria Police,Northumbria Police,-1.618512,55.001527,On or near ROSEWORTH AVENUE,E01008420,Newcastle upon Tyne 005D,Investigation complete; no suspect identified
2441ac71896b7d2f1dfe9533d56a589ec84e353431eb91948256e60d99f38e84,2014-10,Northumbria Police,Northumbria Police,-1.385145,54.904139,On or near Nightclub,E01008836,Sunderland 016F,Suspect charged
2441ac71896b7d2f1dfe9533d56a589ec84e353431eb91948256e60d99f38e84,2014-10,Northumbria Police,Northumbria Police,-1.385145,54.904139,On or near Nightclub,E01008836,Sunderland 016F,Investigation complete; no suspect identified
ab8ed7bf1cdc86ccf0f6a82393552301a72cd219580569fdcf8261b44ede4f90,2014-10,Northumbria Police,Northumbria Police,-1.669292,54.959225,On or near SCOTSWOOD VIEW,E01008262,Gateshead 009A,Investigation complete; no suspect identified
da132b204dc0f7651ec7fe7bde3d64a3fd74b2a0a5b78077922b5df73d2a7aa0,2014-10,Northumbria Police,Northumbria Police,-1.494855,54.972914,On or near BREAMISH STREET,E01008657,South Tyneside 009F,Investigation complete; no suspect identified
23fa3bdaf9f6fe0ec5d739780545d83ea5f2aee7ea57729f683ace0629a2e58e,2014-10,Northumbria Police,Northumbria Police,-1.436121,54.891114,On or near GREENLEA CLOSE,E01008732,Sunderland 021D,Offender given a caution
85f61a9ab80c137668d6de770db83cdac35bc66f24e6b2f7ab33512674b082c0,2014-10,Northumbria Police,Northumbria Police,-1.609555,54.946755,On or near EDISON GARDENS,E01008255,Gateshead 010E,Investigation complete; no suspect identified
9c2e0baba92e17d5d6c42ef962d201dfd87c06239961ac5edaf1ad9ee9416556,2014-10,Northumbria Police,Northumbria Police,-1.399645,54.902325,On or near CHESTER ROAD,E01008830,Sunderland 018B,Investigation complete; no suspect identified
494f5ee005bb22ef44f14026fc726255021047583e3d5146618406c302164cff,2014-10,Northumbria Police,Northumbria Police,-1.450450,55.003248,On or near ELSDON STREET,E01008545,North Tyneside 027E,Suspect charged
8a33ae8d9a27385cd6d3e38fa80db26afe2e216154a317d5404c03b5a17bf78b,2014-10,Northumbria Police,Northumbria Police,-1.536118,54.907343,On or near RAVENSTONE,E01008874,Sunderland 010B,Investigation complete; no suspect identified
338c6a0e0b337c7f13b90e4a727f32ff466a9722e7893ff2d8c209edf5c30ea6,2014-10,Northumbria Police,Northumbria Police,-1.461071,55.062281,On or near GERRARD ROAD,E01008551,North Tyneside 001D,Suspect charged
32b46ff173082c10309b106f646017b7e5b4e0f5da07c36e51f6f7f5ed5758e3,2014-10,Northumbria Police,Northumbria Police,-1.612931,54.970714,On or near GROAT MARKET,E01033543,Newcastle upon Tyne 024G,Offender given a caution
8a07782a4ae9874c5aec7bcb198002bd73dbe5f3cd3c64df47b44d2c6632daf3,2014-10,Northumbria Police,Northumbria Police,-1.641422,54.974441,On or near CALLERTON PLACE,E01008449,Newcastle upon Tyne 022D,Investigation complete; no suspect identified
8a07782a4ae9874c5aec7bcb198002bd73dbe5f3cd3c64df47b44d2c6632daf3,2014-10,Northumbria Police,Northumbria Police,-1.641422,54.974441,On or near CALLERTON PLACE,E01008449,Newcastle upon Tyne 022D,Investigation complete; no suspect identified
1f03f41c9a729458c39396468ee3e423beb63fef7cc00c48b058e2ebbce5915b,2014-10,Northumbria Police,Northumbria Police,-1.591072,55.083473,On or near Pedestrian Subway,E01027409,Northumberland 029B,Offender given a caution
62816b959c1b789cc98b4242b9b4e88871af24df45af42e36e2fa9eaea10c6dc,2014-10,Northumbria Police,Northumbria Police,-1.686973,54.988980,On or near WALTON ROAD,E01008345,Newcastle upon Tyne 019C,Investigation complete; no suspect identified
d70b496754ffd9cb3ed5ca64453a7494f532e08d718d5e83a14f8aef424fda5f,2014-10,Northumbria Police,Northumbria Police,-1.555076,55.172147,On or near COLLEGE ROAD,E01027533,Northumberland 013A,Investigation complete; no suspect identified
f0addaa144c9f4c078009fcc8c095e41253ca84d6595009ca04cdb90c839c383,2014-10,Northumbria Police,Northumbria Police,-1.382451,54.906974,On or near STATION STREET,E01008703,Sunderland 013B,Investigation complete; no suspect identified
f0addaa144c9f4c078009fcc8c095e41253ca84d6595009ca04cdb90c839c383,2014-10,Northumbria Police,Northumbria Police,-1.382451,54.906974,On or near STATION STREET,E01008703,Sunderland 013B,Offender given a caution
2bc38b97c508ad670ba6856449d7dd669f00e2338155f52cb3d05d7c1417482c,2014-10,Northumbria Police,Northumbria Police,-1.552335,55.175857,On or near BYRON PLACE,E01027533,Northumberland 013A,Investigation complete; no suspect identified
c30eab93839d3b05537f58f8ea0c333d70745b8e25a7ba344fd29e13f253d789,2014-10,Northumbria Police,Northumbria Police,-1.542828,54.896001,On or near DILSTON CLOSE,E01008869,Sunderland 020C,Investigation complete; no suspect identified
8233603e0f99e7879f15bd9bdfef41b958277fa03c5a5463abb3ad85d47d7df8,2014-10,Northumbria Police,Northumbria Police,-1.541144,55.209639,On or near Sports/Recreation Area,E01027451,Northumberland 008E,Investigation complete; no suspect identified
4ce5d162bfde6ec813fef101967ab89e82b47697cc62da8cfdf2d30433978986,2014-10,Northumbria Police,Northumbria Police,-1.624533,55.048256,On or near Supermarket,E01008577,North Tyneside 004A,Investigation complete; no suspect identified
0c5fa35c24789089332cb0de2dc8c05ff4c3812394abb05b1b21c06d45bb254c,2014-10,Northumbria Police,Northumbria Police,-1.579989,54.898489,On or near PINE STREET,E01008175,Gateshead 026D,Offender given a caution
b296e1b889009843830d4401ef4fb70a3f173929f51950ee149dd06ee0bb1577,2014-10,Northumbria Police,Northumbria Police,-1.753755,54.993501,On or near MOUNT PLEASANT COURT,E01008401,Newcastle upon Tyne 014B,Suspect charged
b296e1b889009843830d4401ef4fb70a3f173929f51950ee149dd06ee0bb1577,2014-10,Northumbria Police,Northumbria Police,-1.753755,54.993501,On or near MOUNT PLEASANT COURT,E01008401,Newcastle upon Tyne 014B,Suspect charged
032a77c6af55e341796864d8333916a7f768cef033de97021b09c089a0a20e4b,2014-10,Northumbria Police,Northumbria Police,-1.415290,54.908503,On or near EXETER STREET,E01008757,Sunderland 015A,Suspect charged
d95f7e8df935df981478b1120a28b444a4b103650aec040c91a5e0f89da83854,2014-10,Northumbria Police,Northumbria Police,-1.359730,54.870381,On or near BYONY TOFT,E01008769,Sunderland 028E,Investigation complete; no suspect identified
30ab8cd980006e257598ebe64c89cded61106584c03529ed739385873a3a9f89,2014-10,Northumbria Police,Northumbria Police,-1.685316,54.987053,On or near HAYDON PLACE,E01008345,Newcastle upon Tyne 019C,Investigation complete; no suspect identified
280ab65bda5b87826c0901ac9563aea0e42b3ce2cc622225be65a2635b2ce870,2014-10,Northumbria Police,Northumbria Police,-1.536013,54.991033,On or near Shopping Area,E01008536,North Tyneside 030C,Suspect charged
67d1d4ad68309391329b55b55c07a0588088be78e610b6ed281b791242e867ca,2014-10,Northumbria Police,Northumbria Police,-1.603974,54.950682,On or near WESTFIELD TERRACE,E01008252,Gateshead 010B,Local resolution
59e33d7df462ab2c8ec32c9e3b8a9cd4d0a0472881228e6d2c9b57c52decd60f,2014-10,Northumbria Police,Northumbria Police,-1.428163,54.901519,On or near HYLTON ROAD,E01008812,Sunderland 012C,Investigation complete; no suspect identified
53670da0f468cd101aa564026a2c75073764219c0e6ea2c85419556892252eb0,2014-10,Northumbria Police,Northumbria Police,-1.607538,54.993513,On or near SUNBURY AVENUE,E01008373,Newcastle upon Tyne 013E,Investigation complete; no suspect identified
82e6cf5da955de20c9d3eaebb9ec567abaf299edbacc8fd613725b8bdb3af7b8,2014-10,Northumbria Police,Northumbria Police,-1.383910,54.904331,On or near HOLMESIDE,E01008703,Sunderland 013B,Investigation complete; no suspect identified
20f24242aa25de5720f72351b34b4ace74d5426510e141b1395505b50247eb75,2014-10,Northumbria Police,Northumbria Police,-1.614816,54.976112,On or near PRUDHOE PLACE,E01008397,Newcastle upon Tyne 024C,Investigation complete; no suspect identified
9f13a84de6181b61b4699ec010425a025f047a41f48dd2663c8b7f0204179bbf,2014-10,Northumbria Police,Northumbria Police,-1.519158,55.187593,On or near WOODHORN ROAD,E01027541,Northumberland 009A,Investigation complete; no suspect identified
7cb6a5315136fe07f1f33a290d3abe0e7a1bde1eb461d769a606df1d2d9018a6,2014-10,Northumbria Police,Northumbria Police,-1.541834,54.902521,On or near STRIDINGEDGE,E01008874,Sunderland 010B,Investigation complete; no suspect identified
6213da9a3b435143a5ed3459f1acae035071e22bfe78e09ed91f12a6c8aab418,2014-10,Northumbria Police,Northumbria Police,-1.573632,54.883307,On or near SURREY TERRACE,E01008173,Gateshead 026B,Investigation complete; no suspect identified
88c5a81f858d96bb1fb3002ea02c5d6402d8026ca2087854c0ea4f5c1803b638,2014-10,Northumbria Police,Northumbria Police,-1.576148,55.183778,On or near Parking Area,E01027529,Northumberland 010B,Investigation complete; no suspect identified
4af750ab8b9e54654e423d540529be12210a2c9d6b11f9c5380789cebe4831bd,2014-10,Northumbria Police,Northumbria Police,-1.713784,55.180863,On or near Petrol Station,E01027448,Northumberland 015B,Suspect charged
4af750ab8b9e54654e423d540529be12210a2c9d6b11f9c5380789cebe4831bd,2014-10,Northumbria Police,Northumbria Police,-1.713784,55.180863,On or near Petrol Station,E01027448,Northumberland 015B,Suspect charged
66f107e878b68e998463b5858a9a5253615bd7af24105b3ae9a2d3cec075c55d,2014-10,Northumbria Police,Northumbria Police,-1.410006,54.908315,On or near MAGDELENE PLACE,E01008704,Sunderland 011B,Investigation complete; no suspect identified
3c8e33545bf40d0900530ac0476c9cc7c7a513e2b7288c514d4e7a35d2a0afdb,2014-10,Northumbria Police,Northumbria Police,-1.423649,54.862748,On or near MILRIG CLOSE,E01008808,Sunderland 029E,Investigation complete; no suspect identified
d290cf4aba6322452955de27334e615da529a770d74d38cf9d0cd9debd4b414c,2014-10,Northumbria Police,Northumbria Police,-1.569740,54.975008,On or near HARRIET STREET,E01008302,Newcastle upon Tyne 026B,Investigation complete; no suspect identified
336c64633150622278970c230bb81d05716f7642f30a3f0431b122b252e09073,2014-10,Northumbria Police,Northumbria Police,-1.602984,54.952862,On or near EXETER STREET,E01008252,Gateshead 010B,Investigation complete; no suspect identified
cd07eb2499f31f123722e19a2853963b3ac47b37b1b26f28d7708015b14f922d,2014-10,Northumbria Police,Northumbria Police,-1.434635,54.986102,On or near EGLESFIELD ROAD,E01008664,South Tyneside 002A,Investigation complete; no suspect identified
5b5fe3b5059f621ee4ac052e3aee5a15c844a8a3cc991d52e93215f842138fe8,2014-10,Northumbria Police,Northumbria Police,-1.651150,55.182102,On or near HAREWOOD GARDENS,E01027462,Northumberland 011B,Offender given a caution
e58f80ea5328575dbaeb69a634e87aa455c2849677d71f5cdfdbde3d931d974e,2014-10,Northumbria Police,Northumbria Police,-1.429277,54.999179,On or near Nightclub,E01008596,South Tyneside 001B,Investigation complete; no suspect identified
d509c4b629bd6a436a5957c4e0e616cd089dd3e89126fb45eea1e305030f4ae9,2014-10,Northumbria Police,Northumbria Police,-1.437758,54.981812,On or near MALVERN STREET,E01008666,South Tyneside 002C,Suspect charged
ec48070ce859c147ea86ea59dcf97fb5adedcbf835badc537a2edfbee89c5540,2014-10,Northumbria Police,Northumbria Police,-1.639834,54.952761,On or near Parking Area,E01008210,Gateshead 007B,Investigation complete; no suspect identified
09b31d4110ca1c08932f8a909df04811af0d2f912ffcebf1c72d968797c4ab56,2014-10,Northumbria Police,Northumbria Police,-1.952822,55.040774,On or near EAST CLOSE,E01027472,Northumberland 034E,Investigation complete; no suspect identified
ebacefb91c4fb97762d2dfc01b1c3ee563d20471c51117bb863b4ef6f5e23fad,2014-10,Northumbria Police,Northumbria Police,-2.012705,55.757776,On or near Parking Area,E01027385,Northumberland 001C,Local resolution
ebacefb91c4fb97762d2dfc01b1c3ee563d20471c51117bb863b4ef6f5e23fad,2014-10,Northumbria Police,Northumbria Police,-2.012705,55.757776,On or near Parking Area,E01027385,Northumberland 001C,Local resolution
ebacefb91c4fb97762d2dfc01b1c3ee563d20471c51117bb863b4ef6f5e23fad,2014-10,Northumbria Police,Northumbria Police,-2.012705,55.757776,On or near Parking Area,E01027385,Northumberland 001C,Local resolution
7f33afa4c6b261287e182b8dd8a6e754f154dd96700fcf78c58965d7c9729971,2014-10,Northumbria Police,Northumbria Police,-1.578730,54.905620,On or near NEWCASTLE ROAD,E01008223,Gateshead 025B,Investigation complete; no suspect identified
6fdfc53c8b89fb286f1f5894b2c4236de1340f6f81ec6de065d831ec6e2f137c,2014-10,Northumbria Police,Northumbria Police,-1.547037,55.062748,On or near HAZLITT PLACE,E01027436,Northumberland 032E,Suspect charged
50a42fb594c91460f4bb70c99d46282e6a3dba91f11a86474b74f953e8eb57bb,2014-10,Northumbria Police,Northumbria Police,-1.618837,54.970526,On or near CLAYTON STREET WEST,E01033543,Newcastle upon Tyne 024G,Suspect charged
448eeaa03aa3d91edf4ce3bdd124386106e870007e5ffb35df6d1fd896debe37,2014-10,Northumbria Police,Northumbria Police,-1.547037,55.062748,On or near HAZLITT PLACE,E01027436,Northumberland 032E,Investigation complete; no suspect identified
448eeaa03aa3d91edf4ce3bdd124386106e870007e5ffb35df6d1fd896debe37,2014-10,Northumbria Police,Northumbria Police,-1.547037,55.062748,On or near HAZLITT PLACE,E01027436,Northumberland 032E,Suspect charged
cbe061a031235c57260261e852468205ab087c0de48c014ee67d782be9e7ed04,2014-10,Northumbria Police,Northumbria Police,-1.610818,54.976009,On or near NORTH STREET,E01008397,Newcastle upon Tyne 024C,Suspect charged
055651dde66b6777dd8433d1aa0e80ca591740f537a4ba14931c6501b22a97b4,2014-10,Northumbria Police,Northumbria Police,-1.436190,54.924130,On or near RIBBLE ROAD,E01008842,Sunderland 004F,Investigation complete; no suspect identified
87e0e425135ee8afaa9d7b3046ba78f87332014c6e148db284d4e15bd9db4a92,2014-10,Northumbria Police,Northumbria Police,-1.402584,54.907075,On or near WOOD STREET,E01008706,Sunderland 011C,Investigation complete; no suspect identified
91a49b1e6696fb67ac407a60210a3a96fed492e5f45b6f46da8da230f6d9f0bd,2014-10,Northumbria Police,Northumbria Police,-1.611977,54.974045,On or near Shopping Area,E01033543,Newcastle upon Tyne 024G,Suspect charged
91a49b1e6696fb67ac407a60210a3a96fed492e5f45b6f46da8da230f6d9f0bd,2014-10,Northumbria Police,Northumbria Police,-1.611977,54.974045,On or near Shopping Area,E01033543,Newcastle upon Tyne 024G,Suspect charged
fcdffc88b97a155466cc03977ff645bcdfa9837dd702dddb770c364f94f20039,2014-10,Northumbria Police,Northumbria Police,-1.534751,54.989365,On or near CARVILLE ROAD,E01008575,North Tyneside 030E,Investigation complete; no suspect identified
bcd373249fa1923b41eb6165013892c0bc807e0216b73cd5efbd875d6f8be663,2014-10,Northumbria Police,Northumbria Police,-1.591211,54.952922,On or near MOUNT PLEASENT GARDENS,E01008165,Gateshead 011A,Investigation complete; no suspect identified
bcd373249fa1923b41eb6165013892c0bc807e0216b73cd5efbd875d6f8be663,2014-10,Northumbria Police,Northumbria Police,-1.591211,54.952922,On or near MOUNT PLEASENT GARDENS,E01008165,Gateshead 011A,Investigation complete; no suspect identified
b4f49e3566ba103d136255199354cd8a08d049b0fe1f9c22628fa1d6ca110112,2014-10,Northumbria Police,Northumbria Police,-1.564641,55.161740,On or near CHURCH AVENUE,E01027552,Northumberland 020G,Investigation complete; no suspect identified
16dc49885023b21618ea910130cf7a87f3b063b95d8560283fad91e936e0f1bb,2014-10,Northumbria Police,Northumbria Police,-1.437195,54.878987,On or near THAMES ROAD,E01008824,Sunderland 023B,Investigation complete; no suspect identified
9090499bb6b976da4ff95544e70a5c83f3be8736f846f043a5e3412ee6388ab9,2014-10,Northumbria Police,Northumbria Police,-1.655752,54.970249,On or near Supermarket,E01008332,Newcastle upon Tyne 029B,Suspect charged as part of another case
841a8ac7e32bc22e2c652542cf593faa1327e03fb706acfd2ff9d6d8e566007a,2014-10,Northumbria Police,Northumbria Police,-1.507556,55.007429,On or near COAST ROAD,E01008461,North Tyneside 021A,Investigation complete; no suspect identified
841a8ac7e32bc22e2c652542cf593faa1327e03fb706acfd2ff9d6d8e566007a,2014-10,Northumbria Police,Northumbria Police,-1.507556,55.007429,On or near COAST ROAD,E01008461,North Tyneside 021A,Suspect charged
841a8ac7e32bc22e2c652542cf593faa1327e03fb706acfd2ff9d6d8e566007a,2014-10,Northumbria Police,Northumbria Police,-1.507556,55.007429,On or near COAST ROAD,E01008461,North Tyneside 021A,Investigation complete; no suspect identified
841a8ac7e32bc22e2c652542cf593faa1327e03fb706acfd2ff9d6d8e566007a,2014-10,Northumbria Police,Northumbria Police,-1.507556,55.007429,On or near COAST ROAD,E01008461,North Tyneside 021A,Investigation complete; no suspect identified
636917c3a40b8222550bb03d42b328343d80a010e897536d0358614217e35e54,2014-10,Northumbria Police,Northumbria Police,-1.535168,55.126316,On or near CRAGTON GARDENS,E01027392,Northumberland 022A,Suspect charged
96997d034686d4ea4e328d7b94e747759b1c819befb871be7f4b0b595467a6f6,2014-10,Northumbria Police,Northumbria Police,-1.620738,54.942836,On or near FIRST AVENUE,E01008259,Gateshead 007D,Investigation complete; no suspect identified
e642112e3769aa5e0bf929988ca82caa1c737748647e54e55c44418088d849c3,2014-10,Northumbria Police,Northumbria Police,-1.509134,55.122710,On or near ROBERT STREET,E01027431,Northumberland 023C,Investigation complete; no suspect identified
aad9a86304432ab182bea16326379ad0cd3a8ad43b227db7dbd714d3c3d43005,2014-10,Northumbria Police,Northumbria Police,-1.617134,54.972264,On or near NEWGATE STREET,E01033543,Newcastle upon Tyne 024G,Investigation complete; no suspect identified
f8264d657f8e0778e9d08a13f7f8a54a6238c847c847743df9e8e001e738f91d,2014-10,Northumbria Police,Northumbria Police,-1.427164,54.899411,On or near HUNTLEY SQUARE,E01008812,Sunderland 012C,Suspect charged
e9037adb4ac0ef61f7d6a165bb7542263cae3676f99e997c15ec405dfac414a7,2014-10,Northumbria Police,Northumbria Police,-1.420427,55.015582,On or near Parking Area,E01008558,North Tyneside 016A,Investigation complete; no suspect identified
53e51515b7d795d313a12c65922e4ac49048a2c85711b29810f4773af49ad79a,2014-10,Northumbria Police,Northumbria Police,-1.362149,54.947156,On or near NICHOLAS AVENUE,E01008687,South Tyneside 018E,Investigation complete; no suspect identified
a5dca3c0dcfd7aeb049e10e164980830785c6e2ee08a727578c061860b82053a,2014-10,Northumbria Police,Northumbria Police,-1.682542,54.972200,On or near DARLEY PLACE,E01033547,Newcastle upon Tyne 025E,Investigation complete; no suspect identified
6dfa400ffd91e6324e69c544843335cfa799faf7bcb1ebb2933ed03b3f5b957e,2014-10,Northumbria Police,Northumbria Police,-1.396127,54.905039,On or near THE LEAZES,E01008705,Sunderland 013C,Investigation complete; no suspect identified
5c1b900c8a063539f48402d04495a3675a69e8a11e38b7175611b91e64304329,2014-10,Northumbria Police,Northumbria Police,-1.573623,55.102419,On or near EDGEFIELD DRIVE,E01027400,Northumberland 027A,Investigation complete; no suspect identified
2b4a35ca8b06a18beeae2f8291678ec6387ad0bca3f0b37ba03fb081263208b2,2014-10,Northumbria Police,Northumbria Police,-1.415290,54.908503,On or near EXETER STREET,E01008757,Sunderland 015A,Suspect charged
727981343de5628217412d6d77fa9f1703e30b6268dea671e5efc925b98bb0f7,2014-10,Northumbria Police,Northumbria Police,-1.460001,54.946255,On or near LAWSON COURT,E01008613,South Tyneside 021D,Investigation complete; no suspect identified
6388f910f3d3875611c3ba0e7eeccae1df1074ed89d90adcb1967dedd56e21c6,2014-10,Northumbria Police,Northumbria Police,-1.693001,54.993623,On or near Pedestrian Subway,E01008324,Newcastle upon Tyne 015A,Investigation complete; no suspect identified
e408ca7deae58a5165dd3cb73f21b3b7b849e53db976b428a45c3b72d91c890a,2014-10,Northumbria Police,Northumbria Police,-1.459218,54.973201,On or near FINDLAY COURT,E01008601,South Tyneside 012A,Investigation complete; no suspect identified
42c0b54b121423f886325cbd9277da823173a4784c3cc3f3f102f707c7cdaea8,2014-10,Northumbria Police,Northumbria Police,-1.364035,54.882023,On or near RYHOPE ROAD,E01008779,Sunderland 024C,Suspect charged as part of another case
d809d20bfd3f1ae4d03a4e33643601118a9a24c54bc0f67aafed9a0434073ce7,2014-10,Northumbria Police,Northumbria Police,-1.377594,54.880053,On or near SANDMERE ROAD,E01008780,Sunderland 024D,Suspect charged as part of another case
d809d20bfd3f1ae4d03a4e33643601118a9a24c54bc0f67aafed9a0434073ce7,2014-10,Northumbria Police,Northumbria Police,-1.377594,54.880053,On or near SANDMERE ROAD,E01008780,Sunderland 024D,Suspect charged as part of another case
ba2f7a54efa4f71da5a00c82b2e539fd192d8f9aaaa55f4cc449a92d1b17a31a,2014-10,Northumbria Police,Northumbria Police,-1.611983,54.973470,On or near HOOD STREET,E01033543,Newcastle upon Tyne 024G,Investigation complete; no suspect identified
e1e2c5e9194272ee3e5b75eb9d34e3a8652ab79eeb5cf17244353df78c3721de,2014-10,Northumbria Police,Northumbria Police,-1.413661,54.896139,On or near KITCHENER STREET,E01008760,Sunderland 018A,Investigation complete; no suspect identified
c78650c1635c34838eb944bf5f3eaba6643a71116093e016d06f595066af8caa,2014-10,Northumbria Police,Northumbria Police,-1.576614,54.946707,On or near HEATHERWELL GREEN,E01008212,Gateshead 012A,Suspect charged
e252635329e48659f907d7955e369237d2fc5bc90587f8078669ffe9fa1f3f96,2014-10,Northumbria Police,Northumbria Police,-1.543044,54.955455,On or near FISHERWELL ROAD,E01008244,Gateshead 003D,Investigation complete; no suspect identified
0c9398a48f1435cc11ea0b3cdaa95780bcb72e93332babe4f52d4669614bdfe1,2014-10,Northumbria Police,Northumbria Police,-1.609797,55.132769,On or near NETHERDALE,E01027522,Northumberland 021E,Suspect charged
95dc7b5dd09e98fe8b6355ea74121c35cac976061244689a868285980aef5b1c,2014-10,Northumbria Police,Northumbria Police,-1.572927,55.138361,On or near Petrol Station,E01027517,Northumberland 020B,Suspect charged
95dc7b5dd09e98fe8b6355ea74121c35cac976061244689a868285980aef5b1c,2014-10,Northumbria Police,Northumbria Police,-1.572927,55.138361,On or near Petrol Station,E01027517,Northumberland 020B,Investigation complete; no suspect identified
31a891a07075b21e02ee28234d1c8cc59ad098365e8521e6534e5c025406ff1d,2014-10,Northumbria Police,Northumbria Police,-1.431183,54.959468,On or near WHITELEAS WAY,E01008689,South Tyneside 019B,Suspect charged
66fbf862a542dbe4d0a457c4ab2f64c5cb4f38eff760589f875bdcab2bfcc072,2014-10,Northumbria Police,Northumbria Police,-1.598252,54.931082,On or near HUTTON TERRACE,E01008234,Gateshead 020C,Investigation complete; no suspect identified
b72e352a98b448cc55c11b2ef2b83cca873e0b3ea659f0a6c6a14c279c858946,2014-10,Northumbria Police,Northumbria Police,-1.488844,54.867973,On or near DERWENT STREET,E01008796,Sunderland 032D,Investigation complete; no suspect identified
9866e7bed0cd79f20416d4cf52d26dba889eddf6f952405b16f9713d6bdfa1ff,2014-10,Northumbria Police,Northumbria Police,-1.588598,55.331917,On or near GIBSON STREET,E01027364,Northumberland 006D,Investigation complete; no suspect identified
e13938223d3db4219c461f1023a8ba6e3a87dbf4a8fb660887092f30361c4be1,2014-10,Northumbria Police,Northumbria Police,-1.629495,54.951400,On or near A1114,E01008259,Gateshead 007D,Suspect charged
e13938223d3db4219c461f1023a8ba6e3a87dbf4a8fb660887092f30361c4be1,2014-10,Northumbria Police,Northumbria Police,-1.629495,54.951400,On or near A1114,E01008259,Gateshead 007D,Suspect charged
5291104e5f2a9e131575749e7018c7eaf8cc41697daee0d444c595efa2a430cd,2014-10,Northumbria Police,Northumbria Police,-1.575288,54.924381,On or near HIGH STREET,E01008225,Gateshead 021D,Investigation complete; no suspect identified
b0e58a3464bcba3fd6fed595cf6d2497037be09181b534f404d267b25f4d432d,2014-10,Northumbria Police,Northumbria Police,-1.574466,55.138213,On or near WALLINGTON CLOSE,E01027517,Northumberland 020B,Suspect charged
b0e58a3464bcba3fd6fed595cf6d2497037be09181b534f404d267b25f4d432d,2014-10,Northumbria Police,Northumbria Police,-1.574466,55.138213,On or near WALLINGTON CLOSE,E01027517,Northumberland 020B,Unable to prosecute suspect
bea986565c22656b4b6c98fc238886bf55f73179545ef15862b6b8e2974e09fe,2014-10,Northumbria Police,Northumbria Police,-1.518863,54.970594,On or near DERBY CRESCENT,E01008642,South Tyneside 010D,Investigation complete; no suspect identified
71a96a7f43faaefc172276cf70ebd050d02bacaef446c6d875a04b34b205b5b1,2014-10,Northumbria Police,Northumbria Police,-1.577274,54.943322,On or near ST ALBAN'S PLACE,E01008228,Gateshead 012D,Investigation complete; no suspect identified
7051f3cfcc3101ff3a50f1894d1e3d49bdb8ae21261123d73e55bea60a3bfb30,2014-10,Northumbria Police,Northumbria Police,-1.392416,54.918455,On or near BYRON STREET,E01008709,Sunderland 005B,Investigation complete; no suspect identified
6a01c842f79b945e31d9ba8b1fba765a31b93e298c553379e8962d379192a9c6,2014-10,Northumbria Police,Northumbria Police,-1.530379,55.109503,On or near NEWCASTLE ROAD,E01027427,Northumberland 025C,Offender given a caution
2284d4e53e3627e1c4832379e5b3de7cc603e88ccd255a3e2efb52690b018146,2014-10,Northumbria Police,Northumbria Police,-1.443255,54.976409,On or near HUDSON STREET,E01008671,South Tyneside 012C,Investigation complete; no suspect identified
03a46cac38082bf9c40ca9aeab1aaa6dc09519e86dc72adc2ec7f3ff1530eccd,2014-10,Northumbria Police,Northumbria Police,-1.536329,54.909312,On or near WHINWAY,E01008879,Sunderland 010D,Investigation complete; no suspect identified
69bd0c6d3b5281558db204949efa7c2c766ffebf6e27062d22b507468bbd1955,2014-10,Northumbria Police,Northumbria Police,-1.449934,54.926601,On or near BADEN CRESCENT,E01008698,Sunderland 003A,Investigation complete; no suspect identified
1a52d8baaeff5fb3699612cfb553c3da41ba322109dbfeab31501f891be46fd4,2014-10,Northumbria Police,Northumbria Police,-1.640184,54.976540,On or near DILSTON ROAD,E01033556,Newcastle upon Tyne 022H,Suspect charged
85078fa9937e0b128f7ffcae1b43e4ac7db704e784b6360e4e215d75d8b18963,2014-10,Northumbria Police,Northumbria Police,-1.630671,54.983197,On or near ANCRUM STREET,E01033556,Newcastle upon Tyne 022H,Investigation complete; no suspect identified
3808961a3da50d9ffe807a4ab57f2eee1a7ea8142b2d440f2c4e25e5b8ad9ab3,2014-10,Northumbria Police,Northumbria Police,-1.627204,55.003235,On or near FURZEFIELD ROAD,E01008421,Newcastle upon Tyne 006F,Suspect charged as part of another case
1e20b5be47f0295c991dcbb8a17e42ee483f1d0385c81a613e6e3b99b3813ec4,2014-10,Northumbria Police,Northumbria Police,-1.456089,54.839236,On or near SEATON AVENUE,E01008714,Sunderland 034A,Investigation complete; no suspect identified
f27c943ccd42a37c04ca72bc8ac9137e2dd6f239d32307e3b2301e620255f6e8,2014-10,Northumbria Police,Northumbria Police,-1.620987,55.004366,On or near BACK HIGH STREET,E01008419,Newcastle upon Tyne 006E,Suspect charged as part of another case
99c9f7a19e6b77d921be92c85f8831771cb41a5dbf8b1d5896455459ed652513,2014-10,Northumbria Police,Northumbria Police,-1.627204,55.003235,On or near FURZEFIELD ROAD,E01008421,Newcastle upon Tyne 006F,Suspect charged as part of another case
fc73638c7885c6868b5d0952d19b2d08181a014e090309aa93290a4ce337ad8d,2014-10,Northumbria Police,Northumbria Police,-1.376962,54.900854,On or near PEEL STREET,E01008834,Sunderland 013E,Suspect charged
b84001682410a062f712df8801102657b9c103e7c799df113a1e63f4adee2617,2014-10,Northumbria Police,Northumbria Police,-1.718095,55.413181,On or near LOWER BARRESDALE,E01027359,Northumberland 005B,Investigation complete; no suspect identified
c21d4d764f29d0e44f076eff59da7eef620b7a4bb609298eb54e4f4a53576354,2014-10,Northumbria Police,Northumbria Police,-1.430906,54.994558,On or near Petrol Station,E01008667,South Tyneside 002D,Suspect charged
744e7449f35e1554ca70cb825e312dc40c2764954a887587061c83016df962f5,2014-10,Northumbria Police,Northumbria Police,-1.698567,55.370336,On or near FARNE ROAD,E01027371,Northumberland 006F,Investigation complete; no suspect identified
d30e6b052352e7d6061f87304890773db8357740d461a0eb3d60006a218f4bee,2014-10,Northumbria Police,Northumbria Police,-1.537692,54.949666,On or near KIRKWOOD GARDENS,E01008240,Gateshead 015B,Investigation complete; no suspect identified
49f40ed005278e63b37ddfe2c9f27588372435cc05b3ecbe98bb386e93b01f8d,2014-10,Northumbria Police,Northumbria Police,-1.611299,54.995753,On or near LYNDHURST GARDENS,E01008369,Newcastle upon Tyne 013B,Investigation complete; no suspect identified
5c0d1c86dbe1465b451aa07d20be233409e79d77a073d899dfbf39c4fea7e423,2014-10,Northumbria Police,Northumbria Police,-1.414741,54.865706,On or near DOXFORD PARK WAY,E01033077,Sunderland 027F,Investigation complete; no suspect identified
5c4a5fe879158fb146b361978d271cf8007dff3d179508b8ef3877457431fa58,2014-10,Northumbria Police,Northumbria Police,-1.588844,55.085371,On or near Shopping Area,E01027409,Northumberland 029B,Offender given a caution
b1bfd5ec80160697da5b379e45c81fd3e9fc7a9b8f48249cbdd9353e712fa650,2014-10,Northumbria Police,Northumbria Police,-1.580910,54.901467,On or near RUTLAND SQUARE,E01008223,Gateshead 025B,Investigation complete; no suspect identified
789753af387e2b8687426e9332b03c84cf822d7e62d23dfa1d71bdc5e74a7949,2014-10,Northumbria Police,Northumbria Police,-1.572467,54.985918,On or near ROTHBURY TERRACE,E01008360,Newcastle upon Tyne 018C,Investigation complete; no suspect identified
789753af387e2b8687426e9332b03c84cf822d7e62d23dfa1d71bdc5e74a7949,2014-10,Northumbria Police,Northumbria Police,-1.572467,54.985918,On or near ROTHBURY TERRACE,E01008360,Newcastle upon Tyne 018C,Suspect charged
0cf84906a8cf2faaf53cc3496a8551b63faea122992dfc11c828a0501250a01c,2014-10,Northumbria Police,Northumbria Police,-1.518863,54.970594,On or near DERBY CRESCENT,E01008642,South Tyneside 010D,Investigation complete; no suspect identified
b5337269e9888fd7bb8b379c4d8e627985e8db5aa630619ff27e9a405008bdd6,2014-10,Northumbria Police,Northumbria Police,-1.754070,54.921378,On or near BURNSIDE ROAD,E01008185,Gateshead 022B,Investigation complete; no suspect identified
4db26451673ab8e6a79d9db8a5c445ecd75b0ff669fdf0174a4192ac4495843a,2014-10,Northumbria Police,Northumbria Police,-1.590078,54.979877,On or near HOTSPUR STREET,E01008412,Newcastle upon Tyne 023E,Investigation complete; no suspect identified
7687d4513f9b4551109a0990c1bf602db300b9d59c1d5ec47fac1871c746848e,2014-10,Northumbria Police,Northumbria Police,-1.611524,55.009674,On or near ROTHLEY CLOSE,E01008354,Newcastle upon Tyne 005B,Suspect charged as part of another case
3bb4e086a64333480d96ae1a0eab4d4a818e721fae793ff3cd6e691cf024a2f1,2014-10,Northumbria Police,Northumbria Police,-1.568353,55.182852,On or near Supermarket,E01027528,Northumberland 010A,Suspect charged
bd6eab08984f783e4c934f209b3e72198663cdf284445690ce7da45257ea8beb,2014-10,Northumbria Police,Northumbria Police,-1.498568,55.000922,On or near AMBERLEY CLOSE,E01008510,North Tyneside 026C,Offender given a caution
701e9e430b19119970500e75eb52e26fdc126702aacd257a5db8ad5026e48dc8,2014-10,Northumbria Police,Northumbria Police,-1.437359,54.994705,On or near STATION ROAD,E01008667,South Tyneside 002D,Suspect charged
da3e6e80cfe0232cb4c384370a5a3bc27e6658ce84e6680f68bf4c4335bf681f,2014-10,Northumbria Police,Northumbria Police,-1.361486,54.877588,On or near SALTERFEN ROAD,E01008779,Sunderland 024C,Offender given a drugs possession warning
8e77b603ea26a8643013d103475f101cd3d0d1eb071518c2c71db27bdd536038,2014-10,Northumbria Police,Northumbria Police,-1.560234,55.022862,On or near CRESCENT WAY NORTH,E01008502,North Tyneside 014C,Suspect charged
8e77b603ea26a8643013d103475f101cd3d0d1eb071518c2c71db27bdd536038,2014-10,Northumbria Police,Northumbria Police,-1.560234,55.022862,On or near CRESCENT WAY NORTH,E01008502,North Tyneside 014C,Suspect charged
754bc25333bf8951727db1f4e67e6bbc8cd232323c370114c9ab39f531ed01c7,2014-10,Northumbria Police,Northumbria Police,-1.605867,54.988601,On or near HOLLY AVENUE WEST,E01008367,Newcastle upon Tyne 017A,Investigation complete; no suspect identified
a10196062b09b4d400cc2825d5f281a6ec24233b3551aad40b57e61e00e16153,2014-10,Northumbria Police,Northumbria Police,-1.577656,55.042406,On or near HALL DRIVE,E01008476,North Tyneside 008B,Investigation complete; no suspect identified
b95669699802b698580fbccee090942cc0cf4e600ff3960306b17de6f3d8a21b,2014-10,Northumbria Police,Northumbria Police,-1.420865,54.991680,On or near OSBORNE AVENUE,E01008676,South Tyneside 003C,Suspect charged
b95669699802b698580fbccee090942cc0cf4e600ff3960306b17de6f3d8a21b,2014-10,Northumbria Police,Northumbria Police,-1.420865,54.991680,On or near OSBORNE AVENUE,E01008676,South Tyneside 003C,Investigation complete; no suspect identified
aac29f24965c8b5e64e14712878741d00567c35c1e034a230edac282a17ed91f,2014-10,Northumbria Police,Northumbria Police,-1.523065,55.043067,On or near SHARNFORD CLOSE,E01008565,North Tyneside 007C,Suspect charged
0a80fb519d5c65a4b1df5d42edfa724e2c2a06a2e9265887d11ef544e47dfe7b,2014-10,Northumbria Police,Northumbria Police,-1.684617,54.974551,On or near SANDMERE PLACE,E01008415,Newcastle upon Tyne 025B,Investigation complete; no suspect identified
88e8b354e5097dabd24d84c85528cbb251e76caa1f99793675b815b432a5e317,2014-10,Northumbria Police,Northumbria Police,-2.101077,54.974279,On or near Supermarket,E01027476,Northumberland 035A,Suspect charged
ccee0c71ed2a47dce04f9566b217b0418e37db18dce35a5a95d25c4c73d89b3f,2014-10,Northumbria Police,Northumbria Police,-1.613117,54.956193,On or near BENSHAM ROAD,E01008170,Gateshead 008C,Investigation complete; no suspect identified
9c6bac0557ae8411af3b91a67ba4faad966efc568bbf109a28cba39c592b8b2d,2014-10,Northumbria Police,Northumbria Police,-1.757929,54.923093,On or near HOLLINSIDE TERRACE,E01008183,Gateshead 024A,Investigation complete; no suspect identified
f283f16135e28982cbbc1f5fcf0e1c25819ecfc8f1f3bdcf2c1f255c79ac0ffd,2014-10,Northumbria Police,Northumbria Police,-1.757929,54.923093,On or near HOLLINSIDE TERRACE,E01008183,Gateshead 024A,Investigation complete; no suspect identified
8608172f5051e0421cd41ce318aa6b0ddb1101827027978c856030dad670608d,2014-10,Northumbria Police,Northumbria Police,-1.446367,54.960239,On or near DRYDEN CLOSE,E01008606,South Tyneside 016C,Investigation complete; no suspect identified
e574a83e2095b8a93d1600bb9ae85f138ce128877799b67693d49cdfb67d5138,2014-10,Northumbria Police,Northumbria Police,-1.557960,54.983539,On or near COUTTS ROAD,E01008435,Newcastle upon Tyne 020E,Investigation complete; no suspect identified
b48b4bd04794dcecada2f4be8595f24acf54f87d1ca4201f4bef50caedeb86f2,2014-10,Northumbria Police,Northumbria Police,-1.660250,54.999989,On or near WHITGRAVE ROAD,E01008377,Newcastle upon Tyne 008E,Suspect charged
e8df571323edcea27ed853e9a494c103483fe699b5692cb6f75a20160a0a632f,2014-10,Northumbria Police,Northumbria Police,-1.557861,55.175905,On or near SIXTH AVENUE,E01027545,Northumberland 010D,Investigation complete; no suspect identified
821330d51540ac8a8d638beb79d7169353016e965457e91d7fdbe0fca3c82be1,2014-10,Northumbria Police,Northumbria Police,-1.431829,54.918098,On or near Supermarket,E01008693,Sunderland 008A,Investigation complete; no suspect identified
4e8738e0bc348d29e2ba6c81a7407d1b27ccd385c95304e60c0707366efbb0f5,2014-10,Northumbria Police,Northumbria Police,-1.574085,54.979211,On or near MILLERS ROAD,E01008392,Newcastle upon Tyne 026F,Suspect charged
4e8738e0bc348d29e2ba6c81a7407d1b27ccd385c95304e60c0707366efbb0f5,2014-10,Northumbria Police,Northumbria Police,-1.574085,54.979211,On or near MILLERS ROAD,E01008392,Newcastle upon Tyne 026F,Suspect charged
4e8738e0bc348d29e2ba6c81a7407d1b27ccd385c95304e60c0707366efbb0f5,2014-10,Northumbria Police,Northumbria Police,-1.574085,54.979211,On or near MILLERS ROAD,E01008392,Newcastle upon Tyne 026F,Suspect charged
493f1e1c41edb7221f056cc1d87facd54dc24150061c2d1f3f286c0c2f2461f7,2014-10,Northumbria Police,Northumbria Police,-1.637121,54.974886,On or near LONGLEY STREET,E01008398,Newcastle upon Tyne 022C,Suspect charged
afdac969f3bed0bf98a906facedc5fb99b597bf489335347184bb657a0dba2f0,2014-10,Northumbria Police,Northumbria Police,-1.637121,54.974886,On or near LONGLEY STREET,E01008398,Newcastle upon Tyne 022C,Investigation complete; no suspect identified
1d5b64a915014858cfc9a826acd904bb7fbae48ca1fef4260250e15c4fb14a38,2014-10,Northumbria Police,Northumbria Police,-1.659711,54.997094,On or near MURRAYFIELD ROAD,E01008377,Newcastle upon Tyne 008E,Investigation complete; no suspect identified
ff9ce6454145b1ebab10997e508eee06d57ff4c2ceff6e2ccf8574618044e080,2014-10,Northumbria Police,Northumbria Police,-1.642293,54.973032,On or near LYNNWOOD TERRACE,E01008331,Newcastle upon Tyne 029A,Suspect charged
55085af19aea098a85109fe7e76ed97d73518d37db0e80e50a408ba120d4f0aa,2014-10,Northumbria Police,Northumbria Police,-1.420975,54.987314,On or near WESTOE VILLAGE,E01008677,South Tyneside 003D,Investigation complete; no suspect identified
97d4f5b2f298cbe5e2b61e1f15bc4baf9880c8f8fed6697ce04c5e3b8d855daa,2014-10,Northumbria Police,Northumbria Police,-1.654610,54.992272,On or near FOURACRES ROAD,E01008380,Newcastle upon Tyne 008G,Investigation complete; no suspect identified
2d28190099d7b67bc673a6098adef38cada3b8a4ea655283d410e78d73d906d3,2014-10,Northumbria Police,Northumbria Police,-1.617134,54.972264,On or near NEWGATE STREET,E01033543,Newcastle upon Tyne 024G,Investigation complete; no suspect identified
fdea2f9441263bece01a997c6e3695a7589aa2f03b4f7ad6922649c6696080ce,2014-10,Northumbria Police,Northumbria Police,-1.612931,54.970714,On or near GROAT MARKET,E01033543,Newcastle upon Tyne 024G,Investigation complete; no suspect identified
80bdbab371ef0fe7b0b13d09aa860463d5dc72c9f70faada0fe5fd236d367889,2014-10,Northumbria Police,Northumbria Police,-1.676281,54.989204,On or near MARDALE ROAD,E01008350,Newcastle upon Tyne 019H,Suspect charged
49f86166d6e54a746ad44923bc1ac496beec9e7eb954120bd6527b593b72e95f,2014-10,Northumbria Police,Northumbria Police,-1.520023,54.905987,On or near Pedestrian Subway,E01008844,Sunderland 019B,Investigation complete; no suspect identified
753ffe65c6b67ac97e4a48cf16beb2822034126ae74b37c7fa76edcc007101ef,2014-10,Northumbria Police,Northumbria Police,-1.641060,54.972930,On or near Supermarket,E01008331,Newcastle upon Tyne 029A,Suspect charged
bac0f39253f0347f09ccc29a0be644935cc0710f1a79711f0dc26f4ad5391ddb,2014-10,Northumbria Police,Northumbria Police,-1.617297,54.971528,On or near CLAYTON STREET,E01033543,Newcastle upon Tyne 024G,Investigation complete; no suspect identified
fe451921c3f9e9159cd87f18d5e4158906c76e5c5c2b11be85d797c68f43efe4,2014-10,Northumbria Police,Northumbria Police,-1.447484,55.008618,On or near Supermarket,E01008524,North Tyneside 022B,Offender given a caution
391211f1f1da1a8021691c29a4d5d8997713bff6ca915f017a91179f07506557,2014-10,Northumbria Police,Northumbria Police,-1.445804,55.009113,On or near Shopping Area,E01008524,North Tyneside 022B,Offender given a caution
e5b53b34161f0dd0ac955b88617054533dcf2edae67064c363578a8a166b768c,2014-10,Northumbria Police,Northumbria Police,-1.556586,54.918194,On or near SHELLEY AVENUE,E01008873,Sunderland 010A,Investigation complete; no suspect identified
afe4eee79a4235bddef4753ca0ac13c6715848d8edcfaa7b09cd999ba2974e85,2014-10,Northumbria Police,Northumbria Police,-1.652029,55.005231,On or near HALEWOOD AVENUE,E01008376,Newcastle upon Tyne 008D,Investigation complete; no suspect identified
299957af0ad92015f4b61f53356c1122290f9d88edd62dc0d9cf0007643dbe3d,2014-10,Northumbria Police,Northumbria Police,-1.543545,54.953930,On or near Supermarket,E01008244,Gateshead 003D,Investigation complete; no suspect identified
7501473dd78e38b2bce31f25a7a48b0d0f5e60a1a4fc6435fd30b6ec6b4363ab,2014-10,Northumbria Police,Northumbria Police,-1.662429,54.995511,On or near CYNCOPA WAY,E01008300,Newcastle upon Tyne 016A,Investigation complete; no suspect identified
e71a2eed1b23c1aed394ba690660cce112f3e4092ac82292e0b102225e98c36f,2014-10,Northumbria Police,Northumbria Police,-1.381338,54.902224,On or near BURDON ROAD,E01008831,Sunderland 013D,Local resolution
b14ee2038124704f3b36569961979882c9a62637a4a2153c26276a63ff3a997e,2014-10,Northumbria Police,Northumbria Police,-1.616515,54.981518,On or near CLAREMONT ROAD,E01008397,Newcastle upon Tyne 024C,Suspect charged
86e8245470b36d30183a7e221653b211c3f07a2821838db8ce2c758136d0aeac,2014-10,Northumbria Police,Northumbria Police,-1.602450,54.954810,On or near PRINCE CONSORT ROAD,E01008163,Gateshead 028A,Investigation complete; no suspect identified
c1cbd58b87b0e7fcf452210436e38ba37c180f04b27dc561a70aa26ad6d8d9ab,2014-10,Northumbria Police,Northumbria Police,-1.370764,54.914319,On or near HUDDLESTONE RISE,E01008789,Sunderland 006D,Investigation complete; no suspect identified
f24e996c0f23c355f760c270cb46010f486967b7f117b590fd89b8d71e71506e,2014-10,Northumbria Police,Northumbria Police,-1.375375,54.891535,On or near CEDARS PARK,E01008740,Sunderland 022A,Investigation complete; no suspect identified
fdd97ed4411c1d76babbbcd2048b580b35f1b0460928ec8662e656dd1db08735,2014-10,Northumbria Police,Northumbria Police,-1.549595,55.144495,On or near HAVELOCK CRESCENT,E01027552,Northumberland 020G,Offender given a caution
cdbe2617e89fb55a5fbd85181fdb57e25c72959355324e48d9deded3c85a05a4,2014-10,Northumbria Police,Northumbria Police,-1.617134,54.972264,On or near NEWGATE STREET,E01033543,Newcastle upon Tyne 024G,Investigation complete; no suspect identified
5f64e293a8e522dadeb3b9cad8ee55b3668385eb91acfb4984784eca0ebd7712,2014-10,Northumbria Police,Northumbria Police,-1.615322,54.972222,On or near NUN STREET,E01033543,Newcastle upon Tyne 024G,Suspect charged
47404b76055084556f2f9673c8a0abfdcaf28a91ffc2da675a88ecc44eb386c2,2014-10,Northumbria Police,Northumbria Police,-1.396127,54.905039,On or near THE LEAZES,E01008705,Sunderland 013C,Investigation complete; no suspect identified
0f88b0db1aa8bbafdad96a6f4829969f14947717755901ddbc91620d643a4b58,2014-10,Northumbria Police,Northumbria Police,-1.380407,54.906002,On or near JOHN STREET,E01008703,Sunderland 013B,Suspect charged
4a45d68c46bdd439ebcd6fa97cc5b9fbb17396b5c04811f28fa4abd6393a9faa,2014-10,Northumbria Police,Northumbria Police,-1.609843,54.970228,On or near DEAN STREET,E01033543,Newcastle upon Tyne 024G,Investigation complete; no suspect identified
8879a4be40c5fba9c256ee406133dac5e68419f1eb1cc2f0680f457c7f3292ae,2014-10,Northumbria Police,Northumbria Police,-1.595036,55.184193,On or near DEVON CLOSE,E01027525,Northumberland 012B,Investigation complete; no suspect identified
f71711d424027cc4baf3ca1dbada36930b2a372045361a15ee8cfa09b48578c1,2014-10,Northumbria Police,Northumbria Police,-1.585332,55.179514,On or near DENE VIEW,E01027525,Northumberland 012B,Investigation complete; no suspect identified
a2eef0755b2719435963292ac44f0fef777d6ce4d6b038485bff8334adb69ed7,2014-10,Northumbria Police,Northumbria Police,-1.400152,54.870272,On or near QUARRY ROAD,E01008805,Sunderland 027C,Investigation complete; no suspect identified
243fefca12619dfef913ef66bbf0c52f9a3860673c332a67a2cf1707c60c4427,2014-10,Northumbria Police,Northumbria Police,-1.480815,54.823456,On or near SCHOOL ROAD,E01008747,Sunderland 035D,Investigation complete; no suspect identified
1146f45318860700832c3b5f161b7acf46443e07807dff809b48395e1022096d,2014-10,Northumbria Police,Northumbria Police,-1.596038,54.986933,On or near DEUCHAR STREET,E01008367,Newcastle upon Tyne 017A,Investigation complete; no suspect identified
a6359ba8e8fc88c75a1c21feb3160c2bc6dc5734505aefad07a6164eea55e5c8,2014-10,Northumbria Police,Northumbria Police,-1.616027,54.945823,On or near FONTWELL DRIVE,E01008259,Gateshead 007D,Investigation complete; no suspect identified
cd5975a307a15260c2bdca5a57da6e5402721821a62b66ed42d1486e183c8c3f,2014-10,Northumbria Police,Northumbria Police,-1.414857,54.911529,On or near PALERMO STREET,E01008701,Sunderland 011A,Investigation complete; no suspect identified
21d3799f50ef42b0644d75d4cecdd7dc669663dfa81a66b4c6a1d7af6ee695ed,2014-10,Northumbria Police,Northumbria Police,-1.418051,54.910646,On or near VICTORY STREET,E01008762,Sunderland 012B,Investigation complete; no suspect identified
fb82ddf12cd88ab29428054f23028c3d1b648da8e359e127cea744027f4dcdb0,2014-10,Northumbria Police,Northumbria Police,-1.548297,54.953489,On or near PORTLAND STREET,E01008244,Gateshead 003D,Investigation complete; no suspect identified
a754cec4716eb9c034d4cdff9754c875c45f4f26c17bae2dd33ec0d1dd41030b,2014-10,Northumbria Police,Northumbria Police,-1.582893,54.960002,On or near Supermarket,E01008214,Gateshead 003A,Suspect charged
a73b1ba12ef13305a6472ee992f09dc37cc4c01c10b724210981b3cbee384251,2014-10,Northumbria Police,Northumbria Police,-1.673317,54.990463,On or near BARCLAY PLACE,E01008299,Newcastle upon Tyne 011D,Suspect charged
a73b1ba12ef13305a6472ee992f09dc37cc4c01c10b724210981b3cbee384251,2014-10,Northumbria Police,Northumbria Police,-1.673317,54.990463,On or near BARCLAY PLACE,E01008299,Newcastle upon Tyne 011D,Suspect charged
a6555789132b14162cec48a6fa0220a7be6d3945a08206f0c996a44db84cfd3e,2014-10,Northumbria Police,Northumbria Police,-1.657427,54.971611,On or near BOND COURT,E01008332,Newcastle upon Tyne 029B,Investigation complete; no suspect identified
088f673fb3fefbd88f708be552c35b4ffd8c49b8ff918c5cc035a158332312fd,2014-10,Northumbria Police,Northumbria Police,-1.673317,54.990463,On or near BARCLAY PLACE,E01008299,Newcastle upon Tyne 011D,Suspect charged
bffd5b9f58a37095d86a77dd57b148022d4c03141f3837b07bca343246c960fa,2014-10,Northumbria Police,Northumbria Police,-1.505865,54.954124,On or near MERCHANT COURT,E01008629,South Tyneside 020C,Investigation complete; no suspect identified
399d4bbad204b357859b7408a3bf5c8f35899551ad2712cfe401fc76affdd1fe,2014-10,Northumbria Police,Northumbria Police,-1.586992,54.995889,On or near Supermarket,E01008315,Newcastle upon Tyne 012B,Offender given penalty notice
dc17eadb5bf2a5eec848ff59baaabbc78326a4533acd86a0234ebce6550796d7,2014-10,Northumbria Police,Northumbria Police,-1.377896,54.914077,On or near LOWER DUNDAS STREET,E01008791,Sunderland 006F,Investigation complete; no suspect identified
f9a1750589bad2003fd8c0f992a19c141398f1de7f06099f59e54a734e3c86b8,2014-10,Northumbria Police,Northumbria Police,-1.578611,55.317874,On or near A1068,E01027362,Northumberland 006B,Investigation complete; no suspect identified
56f841c10a70dc2e739e95cd202aabacf166f5ada451863d0a9d66415f0eb3ae,2014-10,Northumbria Police,Northumbria Police,-1.450450,55.003248,On or near ELSDON STREET,E01008545,North Tyneside 027E,Suspect charged
2cafe80190dde784fb810769f26ceb83e4fbb2068ec10c2eb217a02d81703548,2014-10,Northumbria Police,Northumbria Police,-1.569740,54.975008,On or near HARRIET STREET,E01008302,Newcastle upon Tyne 026B,Investigation complete; no suspect identified
f118f9a9486b3c41b3222b5a9cc2f1907f161475eb2cae40db25c22e673ab277,2014-10,Northumbria Police,Northumbria Police,-1.681252,54.971370,On or near RANMERE ROAD,E01033547,Newcastle upon Tyne 025E,Suspect charged
528c6939e8e2e962519f4e865b053951e4483c2f0434e6d6a259ccc27c9239c7,2014-10,Northumbria Police,Northumbria Police,-1.398169,54.920758,On or near MORGAN STREET,E01008709,Sunderland 005B,Investigation complete; no suspect identified
003960bda8e04db129aa8d5aeca67345fc22cf917d65d80168c26c455aae1300,2014-10,Northumbria Police,Northumbria Police,-1.635508,54.942558,On or near PENNINE GARDENS,E01008261,Gateshead 019C,Investigation complete; no suspect identified
786e03c604ab07b29a7fd20e1cb0bf4175638235ed85c18a54301ded5f7a5b22,2014-10,Northumbria Police,Northumbria Police,-1.386336,54.902788,On or near Bus/Coach Station,E01008831,Sunderland 013D,Investigation complete; no suspect identified
5ddcf228c065bfe8b58e7402964d28ad9401668a65c420e39a32d0a7ddda59b6,2014-10,Northumbria Police,Northumbria Police,-1.402531,54.974913,On or near KIRKLEY AVENUE,E01008633,South Tyneside 008A,Investigation complete; no suspect identified
6bfcc5d05df2bbc29b5b542d6910b46347697a560e93838af2e4c4f8e2e5df53,2014-10,Northumbria Police,Northumbria Police,-1.546902,55.171722,On or near CARLTON GROVE,E01027532,Northumberland 014A,Investigation complete; no suspect identified
69a0b0bf4f60ce3104141a72881ade7e965e450c88ff6be1b1fb3aaa7c6dbbac,2014-10,Northumbria Police,Northumbria Police,-1.539994,55.214020,On or near DALTON AVENUE,E01027451,Northumberland 008E,Investigation complete; no suspect identified
dee0fc8d8111e21f67beeb98601e05d1d58164da3301c9b7178351ee0f7d6de7,2014-10,Northumbria Police,Northumbria Police,-1.545726,54.951592,On or near HEWORTH WAY,E01008240,Gateshead 015B,Investigation complete; no suspect identified
df7918186bbe5d4701b8b7cd0dc85d54b21ac14ce605216aedae12a207ae9037,2014-10,Northumbria Police,Northumbria Police,-1.486117,54.979500,On or near MONKTON TERRACE,E01008600,South Tyneside 007A,Investigation complete; no suspect identified
396ce3fb0ccaad1b633df91333eae53c89de5d73b58fa2b766046497b5c17359,2014-10,Northumbria Police,Northumbria Police,-1.582169,54.922931,On or near WAVERLEY ROAD,E01008217,Gateshead 023E,Investigation complete; no suspect identified
ef76d36bc9d9c1c6846705da438489fa9335cbf668d2ff2df0153f49bf8fa013,2014-10,Northumbria Police,Northumbria Police,-1.519158,55.187593,On or near WOODHORN ROAD,E01027541,Northumberland 009A,Investigation complete; no suspect identified
3054f871b77a67b8975add951eda26a0d49093a228dfca84c481cf3d4d8ee12b,2014-10,Northumbria Police,Northumbria Police,-1.367796,54.899656,On or near NOBLE'S BANK ROAD,E01008736,Sunderland 016C,Investigation complete; no suspect identified
71b21b647039c357a224502c9358c88d7330ceb1d9afae93d240e8744297d5b3,2014-10,Northumbria Police,Northumbria Police,-1.617134,54.972264,On or near NEWGATE STREET,E01033543,Newcastle upon Tyne 024G,Investigation complete; no suspect identified
76edcc62b81db63d07018ecaf2ca0e4187dfbc8b9dcc4f8b43377f72de8361a8,2014-10,Northumbria Police,Northumbria Police,-1.454595,54.838079,On or near GILLAS LANE,E01008716,Sunderland 034C,Investigation complete; no suspect identified
bc39d3e9a5c093b219f40ac68eb6447e801e1129335406c889e884ca039c1710,2014-10,Northumbria Police,Northumbria Police,-1.691580,55.154498,On or near THE AVENUE,E01027458,Northumberland 018C,Investigation complete; no suspect identified
6a32779ca6b785ac4b8b980b52001cdc67627e8d66ecda9d68e4a1d711d3016c,2014-10,Northumbria Police,Northumbria Police,-1.668299,54.985022,On or near RUDCHESTER PLACE,E01008347,Newcastle upon Tyne 019E,Investigation complete; no suspect identified
6c29d480c47f143a9b65c3215c22098c11587f785586d1101e62dd7c1ebc4cdc,2014-10,Northumbria Police,Northumbria Police,-1.736218,54.993572,On or near HAWTHORN TERRACE,E01008402,Newcastle upon Tyne 014C,Investigation complete; no suspect identified
5ec6555397454396b91ba9e9d11f57cbca81a766d7bbe44cfcc483ceca40da7c,2014-10,Northumbria Police,Northumbria Police,-1.415048,54.989792,On or near MUIRFIELD,E01008677,South Tyneside 003D,Investigation complete; no suspect identified
318b368d3a19b7eb3dd36838bd64646e10400d7049300b83b5d9a40367c53e61,2014-10,Northumbria Police,Northumbria Police,-1.403639,54.885324,On or near NURSERY CLOSE,E01008782,Sunderland 022C,Offender given a caution
236cea99384fb9ce984bff5a1b51efa03579768dadde405c8e16d3ea0bfc82cb,2014-10,Northumbria Police,Northumbria Police,-1.448293,55.047649,On or near ELMWOOD GROVE,E01008586,North Tyneside 009E,Suspect charged
eadbdec437b9c85efd3a2fd30246f83e53a061970aafa724bc5d3e1f23dde5b7,2014-10,Northumbria Police,Northumbria Police,-1.604498,54.970444,On or near PANDON,E01033553,Newcastle upon Tyne 023H,Investigation complete; no suspect identified
f68fab40028267ff9c68cf80c2502e5c6f0c8424fdba8e77754ce455438202ac,2014-10,Northumbria Police,Northumbria Police,-1.515915,54.964966,On or near KELLY ROAD,E01008646,South Tyneside 015D,Suspect charged as part of another case
8bc84430ceba48944f80459a09a4d827c4a661dc0560f003368b344cf0a3eacd,2014-10,Northumbria Police,Northumbria Police,-1.438251,54.897198,On or near PORTCHESTER SQUARE,E01008810,Sunderland 014A,Investigation complete; no suspect identified
893ad61349955d53f9b760175d09b6cf267f229f4125782b028b49bd25831358,2014-10,Northumbria Police,Northumbria Police,-1.562171,55.178059,On or near FOURTH AVENUE,E01027545,Northumberland 010D,Investigation complete; no suspect identified
8ef592bb66a03dfee7e45ab922d2994ab8807e3d97a231472bafcf8651c20a4c,2014-10,Northumbria Police,Northumbria Police,-1.437634,54.970551,On or near LANE CORNER,E01008594,South Tyneside 011D,Investigation complete; no suspect identified
773a29a15948f4e21165c8b40f14d71f0b25ea01287ba841f624680e55403de9,2014-10,Northumbria Police,Northumbria Police,-1.660963,54.969087,On or near JOAN STREET,E01008291,Newcastle upon Tyne 027D,Investigation complete; no suspect identified
53ed467f539c8f9145dd26a6747a1d26445cba657612fc8a04880058ef3b3bb8,2014-10,Northumbria Police,Northumbria Police,-1.559779,54.950098,On or near MAREBURN CRESCENT,E01008216,Gateshead 012C,Investigation complete; no suspect identified
2727827a7852c4e4f6cb286cf94291634fba947f58526786f69bff10072dc080,2014-10,Northumbria Police,Northumbria Police,-1.625822,54.971976,On or near CORPORATION STREET,E01033554,Newcastle upon Tyne 024I,Suspect charged
f537fa71bc130be9868e4ce3058e2582c04f056ceaebf8eb3d708e0f0e9f0687,2014-10,Northumbria Police,Northumbria Police,-1.463444,55.005409,On or near OAKHAM GARDENS,E01008485,North Tyneside 023D,Offender given a caution
6ba51169a85286cb2162af3ce2045821699f3e6e2141fcbdc5fd9aecde299ebd,2014-10,Northumbria Police,Northumbria Police,-1.502066,55.006283,On or near MATFEN GARDENS,E01008512,North Tyneside 026D,Investigation complete; no suspect identified
24fa698e1b80e3281c1ed97f440f9c890a721286976ac064f46ddbf2bf7431fa,2014-10,Northumbria Police,Northumbria Police,-1.363439,54.884194,On or near AYSGARTH AVENUE,E01008741,Sunderland 024B,Investigation complete; no suspect identified
bd15e4a6548316e561ef5681f13c1082ffe9955a3268223aa198f8c4024bb365,2014-10,Northumbria Police,Northumbria Police,-1.418693,54.967865,On or near Sports/Recreation Area,E01008691,South Tyneside 019D,Investigation complete; no suspect identified
a18ad8a95113080f7b5eeb182024ed8887a96a615592982ca21b8b99af9b8c78,2014-10,Northumbria Police,Northumbria Police,-1.586730,54.981789,On or near Parking Area,E01008412,Newcastle upon Tyne 023E,Investigation complete; no suspect identified
de3a233f96b26c851bdf97b8e9d026d3214e80cb3d9888af3e55b1064fc52155,2014-10,Northumbria Police,Northumbria Police,-1.612631,54.958006,On or near WINDMILL WAY,E01008167,Gateshead 008A,Investigation complete; no suspect identified
2efbfe79c301d573d5edfb564b7bacb975a1a11428dc344dbc9e6c3677d7d93d,2014-10,Northumbria Police,Northumbria Police,-1.587764,54.949442,On or near LEYTON PLACE,E01008204,Gateshead 011D,Investigation complete; no suspect identified
e378ad812baac14011bc74612ded0e3098e0b3b9659431ac5a06998603267b4f,2014-10,Northumbria Police,Northumbria Police,-1.494547,55.011149,On or near Shopping Area,E01008491,North Tyneside 015D,Investigation complete; no suspect identified
24a7706f0dc041dfd3761005772aea493768cb2d14ad68b452395920960f67a2,2014-10,Northumbria Police,Northumbria Police,-1.693556,54.982266,On or near HIGHWOOD ROAD,E01008416,Newcastle upon Tyne 025C,Investigation complete; no suspect identified
75cbc47c3e5d09a34c4328ddea7c211e938b673c7c8c4511d26cb8c81fa84650,2014-10,Northumbria Police,Northumbria Police,-1.547351,54.947312,On or near LABURNUM AVENUE,E01008241,Gateshead 015C,Investigation complete; no suspect identified
9f2f6a515799cf6eaa186eec9eab1f66584fb2f38e1f3624e198931a83ba28eb,2014-10,Northumbria Police,Northumbria Police,-1.580980,54.977339,On or near EDWIN STREET,E01008303,Newcastle upon Tyne 018A,Investigation complete; no suspect identified
65991ff81bb2fd97a838a6594cdb319699b7146c80d5a31cee723d5d134507d7,2014-10,Northumbria Police,Northumbria Police,-1.398468,54.965583,On or near MILL GROVE,E01008625,South Tyneside 013C,Investigation complete; no suspect identified
1de0a77214d8e1f91643bf0b2284247b734dad7e50adb20b19c67680d2d5867c,2014-10,Northumbria Police,Northumbria Police,-1.581953,54.946771,On or near MORLAND GARDENS,E01008202,Gateshead 011C,Investigation complete; no suspect identified
1001aa6de6caf85dc6df54a08737aa6f1772900aa8b8d46f6e6e53d4e345be6b,2014-10,Northumbria Police,Northumbria Police,-1.637015,54.965918,On or near Shopping Area,E01008437,Newcastle upon Tyne 029F,Investigation complete; no suspect identified
78f191c1a837fb6c1aa2252ce808b2bc67be33766dcd296de2150c5cc89d7f0a,2014-10,Northumbria Police,Northumbria Police,-1.557787,55.185420,On or near WOODHORN ROAD,E01027539,Northumberland 010C,Investigation complete; no suspect identified
95813936e663ea8802ea654f225ad3d2114108898202a7f1b2140a9778e20958,2014-10,Northumbria Police,Northumbria Police,-1.614472,54.971249,On or near BIGG MARKET,E01033543,Newcastle upon Tyne 024G,Suspect charged
3eba3bd6e8094fdf578249c9910a5a61fc455f7d85b7b36736f504b5f2dfcd94,2014-10,Northumbria Police,Northumbria Police,-1.565175,55.180514,On or near SECOND AVENUE,E01027528,Northumberland 010A,Suspect charged
3eba3bd6e8094fdf578249c9910a5a61fc455f7d85b7b36736f504b5f2dfcd94,2014-10,Northumbria Police,Northumbria Police,-1.565175,55.180514,On or near SECOND AVENUE,E01027528,Northumberland 010A,Investigation complete; no suspect identified
e78dedab7725332b751503a49596ce069cf85c207ea63b295abe8a59b0986e25,2014-10,Northumbria Police,Northumbria Police,-1.602327,54.926099,On or near CHOWDENE BANK,E01008194,Gateshead 020B,Investigation complete; no suspect identified
3c63ee54fb7186d008f06eda835ef558190ea0303ac4c6db97684bb482d983a2,2014-10,Northumbria Police,Northumbria Police,-1.620742,55.000546,On or near THE POPLARS,E01008420,Newcastle upon Tyne 005D,Investigation complete; no suspect identified
0c4797d97954aa536ced5142fde989c83f41c0295b19eac327a1420ddf2f6410,2014-10,Northumbria Police,Northumbria Police,-1.662787,54.969568,On or near PROVOST GARDENS,E01008290,Newcastle upon Tyne 027C,Investigation complete; no suspect identified
fcb19eb3652c7fba94ff4b65decda5d5c5882ebca7d3f195ab2c3617a5636242,2014-10,Northumbria Police,Northumbria Police,-1.630973,55.033781,On or near GREAT PARKWAY,E01008308,Newcastle upon Tyne 001D,Investigation complete; no suspect identified
fb053f7cdb2d9cb76f3b87861959563856deab8afd405bab04fec1cae14a1f0c,2014-10,Northumbria Police,Northumbria Police,-1.588853,55.084463,On or near Parking Area,E01027409,Northumberland 029B,Suspect charged
82eb5d423a7a13011b3d95e6c655954decdf28f480cc8a3080fdb6651103eb3b,2014-10,Northumbria Police,Northumbria Police,-1.604744,54.989927,On or near OSBORNE ROAD,E01008367,Newcastle upon Tyne 017A,Investigation complete; no suspect identified
d9412d47880882b838f7112a3ac8141a7874db36bbaf288b3b14a3f150f727a2,2014-10,Northumbria Police,Northumbria Police,-1.467549,54.968116,On or near A194,E01008602,South Tyneside 014A,Investigation complete; no suspect identified
9fafff956952ed2dba4ca879cb01000fbcd8b27cebde4f049806b99668a28b1c,2014-10,Northumbria Police,Northumbria Police,-1.404223,54.917552,On or near STONEY LANE,E01033075,Sunderland 005G,Investigation complete; no suspect identified
673adab596e2528228f185d4d7c3ae4e7b06d163ed6111534d205be808bd01e3,2014-10,Northumbria Police,Northumbria Police,-1.479779,54.982682,On or near CANON GROVE,E01008600,South Tyneside 007A,Investigation complete; no suspect identified
837df0b1e0d924cfb7d7b45077a7717c89be0dcba3e6472104bfcedf89473ada,2014-10,Northumbria Police,Northumbria Police,-1.471210,54.924835,On or near Sports/Recreation Area,E01008855,Sunderland 007A,Investigation complete; no suspect identified
682b0bc4ba9302b3f040143c63f019d5980c153da6f435c12772fb34f1e31132,2014-10,Northumbria Police,Northumbria Police,-1.643107,54.969332,On or near BENTINCK STREET,E01008333,Newcastle upon Tyne 029C,Investigation complete; no suspect identified
e9ac6943d8b470e12d40b14f6dd03f1e6102c9f18158157f94ea4d486cd431ce,2014-10,Northumbria Police,Northumbria Police,-1.483408,54.821499,On or near PONTOP STREET,E01008747,Sunderland 035D,Investigation complete; no suspect identified
cd5cfecee5ffb7c1c0e07d27433c0980545838bddad7a83b0ff9a28061710f94,2014-10,Northumbria Police,Northumbria Police,-1.457192,54.918375,On or near CLACTON ROAD,E01008695,Sunderland 008C,Offender given a caution
81278f604c64f44bfd9a2c532f4e01c4593cea53717346f58df2324b4b28c1c8,2014-10,Northumbria Police,Northumbria Police,-1.587398,55.059872,On or near THE WYNDING,E01008578,North Tyneside 002D,Suspect charged
e2f6199c5b617b13d63fb49aa0d83a8ae9c58a835d2b3973825a8c6f0ec4a325,2014-10,Northumbria Police,Northumbria Police,-1.654087,55.014915,On or near AMHERST ROAD,E01008338,Newcastle upon Tyne 003C,Investigation complete; no suspect identified
8f887a303ff2345016a0ebf2d661d3c936a4f00a108804bad99a833779545e80,2014-10,Northumbria Police,Northumbria Police,-1.533530,55.004332,On or near KINGS ROAD NORTH,E01008465,North Tyneside 024D,Suspect charged
3d86bf6282a6e65fbb06dc90a8a4914190a3b68087a4a80d0c93c13797a6ccc5,2014-10,Northumbria Police,Northumbria Police,-1.597038,54.968200,On or near MILL ROAD,E01008166,Gateshead 027C,Offender given a caution
9fa855bc33b8d66d0fea4da198ae3a6f4fbccfdbbe665ea594be5dba02b2c9ca,2014-10,Northumbria Police,Northumbria Police,-1.575475,54.977823,On or near GLENDALE TERRACE,E01008392,Newcastle upon Tyne 026F,Investigation complete; no suspect identified
0964622a15a81100925d1bbd766e95897b50b97846a033d6d0ceb34fbc0b6d12,2014-10,Northumbria Police,Northumbria Police,-1.475582,54.967818,On or near LINDISFARNE RECESS,E01008662,South Tyneside 017D,Investigation complete; no suspect identified
93c1d463db72f93c98126b43f6d2a6ae5815ca1335b11c91671805fe7822d9e1,2014-10,Northumbria Police,Northumbria Police,-1.581373,55.059627,On or near THE WYNDING,E01008480,North Tyneside 002B,Suspect charged
93c1d463db72f93c98126b43f6d2a6ae5815ca1335b11c91671805fe7822d9e1,2014-10,Northumbria Police,Northumbria Police,-1.581373,55.059627,On or near THE WYNDING,E01008480,North Tyneside 002B,Suspect charged
3d8be7ef9cf5d0eacd4628b8b303d40c8afe44ab0ecc35b07782fb3cdb5dc39a,2014-10,Northumbria Police,Northumbria Police,-1.624311,55.011655,On or near Further/Higher Educational Building,E01008358,Newcastle upon Tyne 002E,Investigation complete; no suspect identified
ee9590be88b3b504062498c40a4be2ff8dff931da9ead0ddaaea77efc3513009,2014-10,Northumbria Police,Northumbria Police,-1.587398,55.059872,On or near THE WYNDING,E01008578,North Tyneside 002D,Suspect charged
ee9590be88b3b504062498c40a4be2ff8dff931da9ead0ddaaea77efc3513009,2014-10,Northumbria Police,Northumbria Police,-1.587398,55.059872,On or near THE WYNDING,E01008578,North Tyneside 002D,Investigation complete; no suspect identified
f0b74da29f83bb763a3dedc45d4b54fcd47f03496e685f8bfc023c6f0141289a,2014-10,Northumbria Police,Northumbria Police,-1.520888,54.909342,On or near SPOUT LANE,E01008853,Sunderland 009A,Offender given a drugs possession warning
1122fc3606783fbd914829888c3e6ffa0b14dd7ff89165b1b08f56f4e2e2f977,2014-10,Northumbria Police,Northumbria Police,-1.555651,54.956302,On or near CORROFELL GARDENS,E01008244,Gateshead 003D,Investigation complete; no suspect identified
cb9450814b273f91949cb0e8186e75d6f803e04943ccf17f12cf592fcf7c5684,2014-10,Northumbria Police,Northumbria Police,-1.552718,54.970130,On or near MINDRUM TERRACE,E01008426,Newcastle upon Tyne 028C,Suspect charged
81b42c3a35b393ebf9b66822df8cadddc07fe9c7dc271ee18d10fda6a5cac3c1,2014-10,Northumbria Police,Northumbria Police,-1.597038,54.968200,On or near MILL ROAD,E01008166,Gateshead 027C,Offender given a drugs possession warning
01ed50443ffc3c78e8942f42f6eaaeb7237c453f26c0e37eb1a15fee1d225ef3,2014-10,Northumbria Police,Northumbria Police,-1.602023,55.091183,On or near ARCOT AVENUE,E01027412,Northumberland 029D,Investigation complete; no suspect identified
951fc77e53ae6c45fcfa6a4cce8eba02cf6c2863dbb6c0190bf250d61746c78a,2014-10,Northumbria Police,Northumbria Police,-1.479058,54.845097,On or near LEYBURN GROVE,E01008753,Sunderland 033D,Investigation complete; no suspect identified
7fc37c7e0fb308533a4a6c549dc6d071a6ca434e5e2f3c1c721c733223445abe,2014-10,Northumbria Police,Northumbria Police,-1.578094,55.176461,On or near Parking Area,E01027536,Northumberland 012E,Investigation complete; no suspect identified
4b1bbed067032ccd12d2de91eae8429a7268abd27b5e1a12c1efaaa9fd43cb92,2014-10,Northumbria Police,Northumbria Police,-1.555321,54.970715,On or near LOSH TERRACE,E01008426,Newcastle upon Tyne 028C,Investigation complete; no suspect identified
4301c99e261a71499726e5ba25ad278f31158eb2002cf17247ad8613743845c0,2014-10,Northumbria Police,Northumbria Police,-1.498109,54.991367,On or near Petrol Station,E01008543,North Tyneside 028C,Investigation complete; no suspect identified
2a8069fdfc147849fcaf442a165a1bd4b904aa61c3e7b3ca0263f3727fd59d27,2014-10,Northumbria Police,Northumbria Police,-1.570985,55.139549,On or near BLAGDON COURT,E01027517,Northumberland 020B,Offender given a caution
b8667626f6cff5785d9dfa1a8f7fd511887fb5d7cb795519dceba3c354ea45aa,2014-10,Northumbria Police,Northumbria Police,-1.369669,54.894516,On or near HYDE STREET,E01008738,Sunderland 016E,Investigation complete; no suspect identified
710a7e29b2e1db7b8315ef52aad47f6151ef73e85c2f946847f64a3f404c7c05,2014-10,Northumbria Police,Northumbria Police,-1.468392,54.963429,On or near LUSS AVENUE,E01008603,South Tyneside 014B,Investigation complete; no suspect identified
4ee066eb8f8bc933576086689d77e7860b89470773263ea676a440dc55cbfac6,2014-10,Northumbria Police,Northumbria Police,-1.657801,54.946019,On or near MANSION HEIGHTS,E01008208,Gateshead 013C,Investigation complete; no suspect identified
c8e8d937facb8df12661cc28189356997cb0ee1c90eec85ec838720744327343,2014-10,Northumbria Police,Northumbria Police,-2.100055,54.971809,On or near HALLSTILE BANK,E01027476,Northumberland 035A,Investigation complete; no suspect identified
bee8b6aff3a548d89c5c10f84ec4661675ecb69e025534365cd5e68c8ec76e6a,2014-10,Northumbria Police,Northumbria Police,-1.618512,55.001527,On or near ROSEWORTH AVENUE,E01008420,Newcastle upon Tyne 005D,Investigation complete; no suspect identified
440696095c02f0cbe821182d5a08864dc4f4d2fce5bb1a3028a86f28a726d2e3,2014-10,Northumbria Police,Northumbria Police,-1.612650,55.009632,On or near CAMBO CLOSE,E01008354,Newcastle upon Tyne 005B,Investigation complete; no suspect identified
809637759935b1ad7f0e7d361de693e2b03e23385707c50d5143ab1adc2e75c5,2014-10,Northumbria Police,Northumbria Police,-1.580910,54.901467,On or near RUTLAND SQUARE,E01008223,Gateshead 025B,Investigation complete; no suspect identified
817d0c3014970f9a2db90e803058e07b8210953d37a5d055814674e5192fcbcc,2014-10,Northumbria Police,Northumbria Police,-1.756549,54.991503,On or near MARIA CLOSE,E01008400,Newcastle upon Tyne 014A,Suspect charged
708b6404b57c1f433a82b5e6474e0e86e2f848189fb8cbd96157a1c0e0dd72c6,2014-10,Northumbria Police,Northumbria Police,-1.502844,54.976254,On or near ETON SQUARE,E01008655,South Tyneside 009E,Offender given a caution
b121a8eaffaffdce3e496c599358fb1e53e914d20221ad1ed32cb6eb82b29797,2014-10,Northumbria Police,Northumbria Police,-1.470060,54.841283,On or near DURHAM ROAD,E01008754,Sunderland 034F,Offender given a caution
0f3b50e278465e447b95e8a92dcc14ad15ca6271f1b417860f07cc174fc4fb2f,2014-10,Northumbria Police,Northumbria Police,-1.654894,55.008421,On or near ANFIELD ROAD,E01008339,Newcastle upon Tyne 003D,Investigation complete; no suspect identified
ffbc29ac7d005e0997960ca7b8a05a5ba57bf7d46ceebdf1c67f3627f60a4a3d,2014-10,Northumbria Police,Northumbria Police,-1.640482,54.953644,On or near WALLACE STREET,E01008210,Gateshead 007B,Suspect charged
4470470668955a3da455976fb92905eab9a52001df4caf7765f19957431cc6c3,2014-10,Northumbria Police,Northumbria Police,-1.514817,54.969248,On or near Sports/Recreation Area,E01008646,South Tyneside 015D,Investigation complete; no suspect identified
e9357694498a8ab18b34d5a495432de552d9a7df757cf5972baf2afd69449a80,2014-10,Northumbria Police,Northumbria Police,-1.617134,54.972264,On or near NEWGATE STREET,E01033543,Newcastle upon Tyne 024G,Local resolution
3a1990963525111f7636e77e8451a1119b805d47d6916655cbb9a4d07e6e69c1,2014-10,Northumbria Police,Northumbria Police,-1.625505,54.970780,On or near SWINBURNE PLACE,E01033554,Newcastle upon Tyne 024I,Offender given a caution
daec207b40519709915ebb9adea2958ce13ed15cc2a039f789b620efc000247f,2014-10,Northumbria Police,Northumbria Police,-1.368825,54.884654,On or near OXBRIDGE STREET,E01008779,Sunderland 024C,Investigation complete; no suspect identified
709bdede02f3fc44d1180a1f0ce0fe1a70102aa154c2fc2df36e3616eec21110,2014-10,Northumbria Police,Northumbria Police,-1.508279,55.127172,On or near BRIDGE STREET,E01027415,Northumberland 023B,Investigation complete; no suspect identified
7ed969066bcc05f7642c9d8247cd833bfaa2652dfb0a795f4a82556b4f83d2f2,2014-10,Northumbria Police,Northumbria Police,-1.388582,54.903788,On or near Further/Higher Educational Building,E01008831,Sunderland 013D,Investigation complete; no suspect identified
bdc08a25e9a5c17ef0fc1e9a9c6a131efea69a97d96fbb7c7f5bfff883fa3be7,2014-10,Northumbria Police,Northumbria Police,-1.633038,54.975575,On or near STANHOPE STREET,E01008399,Newcastle upon Tyne 024D,Investigation complete; no suspect identified
45a88236594db540ab73a6eacff7bdbfa7babbf0935b5f47731320da67480ef4,2014-10,Northumbria Police,Northumbria Police,-1.396320,54.921342,On or near EDWARD BURDIS STREET,E01008709,Sunderland 005B,Investigation complete; no suspect identified
2fd3439aa4afaaad9311b7907d240db5a5ea36450d9c4b59e720fa3ff6d24998,2014-10,Northumbria Police,Northumbria Police,-1.397295,54.902025,On or near WESTERN HILL,E01008830,Sunderland 018B,Investigation complete; no suspect identified
91e105eaa147d9f7148d63fe846e7a9e25352bbb1d664538c856bc468bfe7f24,2014-10,Northumbria Police,Northumbria Police,-1.574095,55.180356,On or near KENILWORTH ROAD,E01027529,Northumberland 010B,Investigation complete; no suspect identified
0385d90b7a47e8d64b753598d32839dd169a9ddf1b9682bb91a46c3742018ac1,2014-10,Northumbria Police,Northumbria Police,-1.663091,54.989276,On or near STAMFORDHAM ROAD,E01008451,Newcastle upon Tyne 016C,Investigation complete; no suspect identified
2bd102f881bda242a50230ad2e52ba4f169bfedbbcc8f224d3ad106f2342808d,2014-10,Northumbria Police,Northumbria Police,-2.013294,55.754533,On or near HAWTHORNE CRESCENT,E01027385,Northumberland 001C,Investigation complete; no suspect identified
f3ca3b950121f8495085284df5c22266e9bd8966f6308bce8a4a2d6a698af382,2014-10,Northumbria Police,Northumbria Police,-1.712213,54.988782,On or near B6528,E01008326,Newcastle upon Tyne 015C,Investigation complete; no suspect identified
43726fa13b0b9512ede8c12304b65abbe5c33e4cbbaa29f46d0df0d7ef4ce3b5,2014-10,Northumbria Police,Northumbria Police,-1.679872,54.987704,On or near WASDALE ROAD,E01008345,Newcastle upon Tyne 019C,Investigation complete; no suspect identified
5747c67f4da71874e8c2452501546cde5873b35f2fa618d765f830c4fde330bd,2014-10,Northumbria Police,Northumbria Police,-1.500990,54.868563,On or near Sports/Recreation Area,E01008795,Sunderland 030B,Investigation complete; no suspect identified
2e7cf47599ed3037dc87cae7c725ff032318036705023abb10e232f9e6edf8ff,2014-10,Northumbria Police,Northumbria Police,-1.479320,54.955343,On or near SANDIACRES,E01008628,South Tyneside 020B,Suspect charged
e3c77aec32ede9717e4c0a426d28c28cecce75ce894e93aca07927168c088bf4,2014-10,Northumbria Police,Northumbria Police,-1.479320,54.955343,On or near SANDIACRES,E01008628,South Tyneside 020B,Suspect charged
e3c77aec32ede9717e4c0a426d28c28cecce75ce894e93aca07927168c088bf4,2014-10,Northumbria Police,Northumbria Police,-1.479320,54.955343,On or near SANDIACRES,E01008628,South Tyneside 020B,Suspect charged
ae39979f6cc9b82b2193bb3d2d40c86910451d7f2cca76672f5e24c6919927b8,2014-10,Northumbria Police,Northumbria Police,-1.617415,54.965633,On or near COOKSON'S LANE,E01033545,Newcastle upon Tyne 024H,Investigation complete; no suspect identified
a960fb9f89abd62cd1e04a52fb1c79fca557e6cee6c94aa2f9af6acd3b73f809,2014-10,Northumbria Police,Northumbria Police,-1.630380,54.972359,On or near TINDAL STREET,E01008398,Newcastle upon Tyne 022C,Investigation complete; no suspect identified
0491c11fd86983d2a938bdf44f38d24347eb522f057fc0785ff5828353d592d9,2014-10,Northumbria Police,Northumbria Police,-1.710030,54.992506,On or near HILLHEAD ROAD,E01008326,Newcastle upon Tyne 015C,Local resolution
d7d57badd7664a04ba48c7d26b89d04a274aefdbd1f8f7459163dc85ed25606a,2014-10,Northumbria Police,Northumbria Police,-1.460001,54.946255,On or near LAWSON COURT,E01008613,South Tyneside 021D,Investigation complete; no suspect identified
3b59e19beb8386708832e442d385f61d068c56281e8b062a8637fab58c00dba5,2014-10,Northumbria Police,Northumbria Police,-1.609698,54.975529,On or near Parking Area,E01008397,Newcastle upon Tyne 024C,Investigation complete; no suspect identified
e3bc52ed6a670fdadbb66df73c4c576416137674e3eec1231a0635628dde4917,2014-10,Northumbria Police,Northumbria Police,-1.508722,55.128180,On or near Parking Area,E01027415,Northumberland 023B,Investigation complete; no suspect identified
efe0f848a4207f1548516e7a7d892e7f1ac3038df46e26dd8622fc8a8c270d82,2014-10,Northumbria Police,Northumbria Police,-1.589901,54.974233,On or near Shopping Area,E01008304,Newcastle upon Tyne 026C,Investigation complete; no suspect identified
503f8f2b3fedcf173afcf59b1d389e357b944d615d9dc82d592e34d324920c12,2014-10,Northumbria Police,Northumbria Police,-1.523248,54.912865,On or near VICTORIA ROAD,E01008853,Sunderland 009A,Investigation complete; no suspect identified
503f8f2b3fedcf173afcf59b1d389e357b944d615d9dc82d592e34d324920c12,2014-10,Northumbria Police,Northumbria Police,-1.523248,54.912865,On or near VICTORIA ROAD,E01008853,Sunderland 009A,Investigation complete; no suspect identified
aa54c45bfd80a05397054d39e89f420670503386a63b326cc966ae967e83073b,2014-10,Northumbria Police,Northumbria Police,-1.414256,54.907788,On or near ST LUKE'S TERRACE,E01008757,Sunderland 015A,Investigation complete; no suspect identified
76bb969f665ee3630972da81592812975049effe97e803960b281b8459cdc6ea,2014-10,Northumbria Police,Northumbria Police,-1.422854,54.864910,On or near MELVAIG CLOSE,E01008802,Sunderland 029D,Investigation complete; no suspect identified
3b73697152dabb6e035b98b2ddbd1af7db255d31371d88281545124c8bd561e2,2014-10,Northumbria Police,Northumbria Police,-1.430428,54.998501,On or near Parking Area,E01008596,South Tyneside 001B,Investigation complete; no suspect identified
6f9ddedd4d2707e24495a8f1998c6a64ebd482186362a8101759ff47c7169c0c,2014-10,Northumbria Police,Northumbria Police,-1.794413,55.127020,On or near B6524,E01027473,Northumberland 015D,Investigation complete; no suspect identified
b5e9bea2190716041bded316378d3a859d86faa2953981a50796ff6862a190f8,2014-10,Northumbria Police,Northumbria Police,-1.566489,55.021527,On or near STATION ROAD NORTH,E01008470,North Tyneside 014A,Suspect charged
b5e9bea2190716041bded316378d3a859d86faa2953981a50796ff6862a190f8,2014-10,Northumbria Police,Northumbria Police,-1.566489,55.021527,On or near STATION ROAD NORTH,E01008470,North Tyneside 014A,Suspect charged
d032d59992bdf945849f22bd4d6b6490d96910334557c27e23f2903ef70d2351,2014-10,Northumbria Police,Northumbria Police,-1.578545,54.948682,On or near HOLLYBUSH ROAD,E01008202,Gateshead 011C,Suspect charged
a80362739a764c3ef4a2400b64a101bd1aa21cf43881f9c5b93271db4e012a73,2014-10,Northumbria Police,Northumbria Police,-1.593682,54.957109,On or near WORDSWORTH STREET,E01008162,Gateshead 027A,Suspect charged
19f475127e9f465a77adda05e2f85854af8eeb31123483d971196a133367b440,2014-10,Northumbria Police,Northumbria Police,-1.708558,55.410679,On or near LISBURN STREET,E01033717,Northumberland 005E,Investigation complete; no suspect identified
efef925f0817b8a6a23fceca855779adb8499071553f315be3f4931300bac545,2014-10,Northumbria Police,Northumbria Police,-2.100003,54.969697,On or near BROADGATES,E01027494,Northumberland 035G,Suspect charged
a65f0b4e7c9e0bce1a99248a1271284a384df5e81be540eadb9d135131db7142,2014-10,Northumbria Police,Northumbria Police,-1.603579,54.971789,On or near TOWER STREET,E01033553,Newcastle upon Tyne 023H,Investigation complete; no suspect identified
3a8a09b4ce27c0fe7c86870de7f20fa94e19de17c40dc5535543056dde9c3870,2014-10,Northumbria Police,Northumbria Police,-1.448443,55.028778,On or near KIRKLINTON ROAD,E01008494,North Tyneside 013B,Investigation complete; no suspect identified
05551cde26500d774a67f37513beb05021b23e08548a9c2ef96a643c8d896878,2014-10,Northumbria Police,Northumbria Police,-1.748974,55.038278,On or near WILLOW PLACE,E01027464,Northumberland 033A,Investigation complete; no suspect identified
979b2d4aedf537e361fab3a46cce3e96d9f3dec0344275a1afee7536f4607dbf,2014-10,Northumbria Police,Northumbria Police,-1.596038,54.986933,On or near DEUCHAR STREET,E01008367,Newcastle upon Tyne 017A,Investigation complete; no suspect identified
58b8058b64435e3abf829a57cc13f0b91f94643aabe00ea909f7b6508858f5c1,2014-10,Northumbria Police,Northumbria Police,-1.452547,54.949070,On or near MORRIS CRESCENT,E01008610,South Tyneside 021A,Investigation complete; no suspect identified
dc60cc66763fba728b7ef174a972b54ced980974e9d5740b9150997a79694349,2014-10,Northumbria Police,Northumbria Police,-1.668555,54.957641,On or near Shopping Area,E01008262,Gateshead 009A,Investigation complete; no suspect identified
0ca514ac5b8eaea07b8c1d7d76b20b96c139425af1440c93bc20de8871a3a899,2014-10,Northumbria Police,Northumbria Police,-1.695517,54.966806,On or near TUNDRY WAY,E01008181,Gateshead 005C,Investigation complete; no suspect identified
b7491f605fd1d8018ea1891cfa70e09a20a5727f6fe3b64ee671cb9b895b98c3,2014-10,Northumbria Police,Northumbria Police,-1.599081,54.998338,On or near Sports/Recreation Area,E01008422,Newcastle upon Tyne 005E,Investigation complete; no suspect identified
ed433d6005ee7580932282c4d87ab428844f38011e22e5f967332e7b5ddf9b3e,2014-10,Northumbria Police,Northumbria Police,-1.746617,54.972800,On or near PRIMROSE GARDENS,E01008249,Gateshead 001D,Investigation complete; no suspect identified
1902ce316e3a4d5201e082a109095a8ca1508500d636d00d74aaabf90dad8a3b,2014-10,Northumbria Police,Northumbria Police,-1.423518,54.895898,On or near MELBOURNE PLACE,E01008758,Sunderland 015B,Investigation complete; no suspect identified
71f57cd3c053f73e122b4de8f776c3e51711f92bc1fc6f66bbd25ba0eb212e7c,2014-10,Northumbria Police,Northumbria Police,-1.654894,55.008421,On or near ANFIELD ROAD,E01008339,Newcastle upon Tyne 003D,Investigation complete; no suspect identified
cfb9682d27cf089525a9d9cf852d179a6de1b370814c4dbfc37f81fa610802cb,2014-10,Northumbria Police,Northumbria Police,-1.428396,54.991851,On or near ROBINSON STREET,E01008668,South Tyneside 002E,Investigation complete; no suspect identified
15c34e1a2b179c6f91883b8ec92b6637fd194b815142a8db979d51167108e8f9,2014-10,Northumbria Police,Northumbria Police,-1.610177,54.980824,On or near JESMOND ROAD WEST,E01008397,Newcastle upon Tyne 024C,Investigation complete; no suspect identified
747369379e8593b0f64ece99d8222cee9d006555618dbf5b32473432d68782cc,2014-10,Northumbria Police,Northumbria Police,-1.569975,54.928100,On or near BURNMOOR GARDENS,E01008218,Gateshead 021A,Investigation complete; no suspect identified
478257657cac18ab8470bf6d9315c8d5f47a048d6ecbd9d4af9a38ace1268efb,2014-10,Northumbria Police,Northumbria Police,-1.560234,55.022862,On or near CRESCENT WAY NORTH,E01008502,North Tyneside 014C,Suspect charged
478257657cac18ab8470bf6d9315c8d5f47a048d6ecbd9d4af9a38ace1268efb,2014-10,Northumbria Police,Northumbria Police,-1.560234,55.022862,On or near CRESCENT WAY NORTH,E01008502,North Tyneside 014C,Suspect charged
7dfe8ff669dcc6f128ef84c3735867bbc7a03908ed0fb809f34c537c058854eb,2014-10,Northumbria Police,Northumbria Police,-1.467565,55.002354,On or near MEADOW WELL WAY,E01008541,North Tyneside 027C,Investigation complete; no suspect identified
a18228b30b7cd40cfbac5e97b3509638496f904f05d9f77bddd9337656fed059,2014-10,Northumbria Police,Northumbria Police,-1.560234,55.022862,On or near CRESCENT WAY NORTH,E01008502,North Tyneside 014C,Suspect charged
a18228b30b7cd40cfbac5e97b3509638496f904f05d9f77bddd9337656fed059,2014-10,Northumbria Police,Northumbria Police,-1.560234,55.022862,On or near CRESCENT WAY NORTH,E01008502,North Tyneside 014C,Suspect charged
f14ceea867511c057974cee6efbc9548c87f49637fd07e11f274dda7289e716c,2014-10,Northumbria Police,Northumbria Police,-1.426963,54.922370,On or near NORTH HYLTON ROAD,E01008693,Sunderland 008A,Investigation complete; no suspect identified
702a59343173b9d957b95d8e7670d21d3b07ac097770fe24c8a6c08b41d6c0b1,2014-10,Northumbria Police,Northumbria Police,-1.567642,55.021990,On or near WEST VIEW,E01008470,North Tyneside 014A,Suspect charged
702a59343173b9d957b95d8e7670d21d3b07ac097770fe24c8a6c08b41d6c0b1,2014-10,Northumbria Police,Northumbria Police,-1.567642,55.021990,On or near WEST VIEW,E01008470,North Tyneside 014A,Suspect charged
b47db9ec0665ecbee1605aeb5cbf5f7bdfa6d12199a0f29a92969eefde057799,2014-10,Northumbria Police,Northumbria Police,-1.370777,54.954444,On or near FARROW DRIVE,E01008686,South Tyneside 018D,Investigation complete; no suspect identified
1f9171b1928e2b82dbba303ec62202457c41b3ce318fa1063d9faef097eeb337,2014-10,Northumbria Police,Northumbria Police,-1.566782,55.021933,On or near BURN AVENUE,E01008470,North Tyneside 014A,Suspect charged
1f9171b1928e2b82dbba303ec62202457c41b3ce318fa1063d9faef097eeb337,2014-10,Northumbria Police,Northumbria Police,-1.566782,55.021933,On or near BURN AVENUE,E01008470,North Tyneside 014A,Suspect charged
7f43faf8bb5ff838837d4da313331d8959d892aac042943100df5b3b7c4a6e9f,2014-10,Northumbria Police,Northumbria Police,-1.490957,54.841274,On or near SOUTH VIEW TERRACE,E01008750,Sunderland 033A,Investigation complete; no suspect identified
81ba67193c9a7194bce8cebd5668817890252fccf9daacf1f4d30e5d045cf8ba,2014-10,Northumbria Police,Northumbria Police,-1.621934,54.968460,On or near WESTMORLAND ROAD,E01033545,Newcastle upon Tyne 024H,Investigation complete; no suspect identified
63186ce31712310c7dc7dc3cd70ece317caf8a0e6c32bb9a69f60bd19696cb2e,2014-10,Northumbria Police,Northumbria Police,-1.603791,54.969337,On or near QUAYSIDE,E01033548,Newcastle upon Tyne 023G,Investigation complete; no suspect identified
3756f2073d9ebc5946c8399231e6c5584f5cdbdde2e80fd1f2d26745ffa9511c,2014-10,Northumbria Police,Northumbria Police,-1.430973,54.987612,On or near WEST GEORGE POTTS STREET,E01008664,South Tyneside 002A,Investigation complete; no suspect identified
d750051e50acc8259fa6a1e3a35bc13688c3761dbb9e2382801aa3455adb9e98,2014-10,Northumbria Police,Northumbria Police,-1.490905,54.972772,On or near HAVELOCK TERRACE,E01008660,South Tyneside 007C,Investigation complete; no suspect identified
dba80ec590c1aebef8a6d6aa5ead9cfe3affae36e77fa49ad7f9233d025eb1b6,2014-10,Northumbria Police,Northumbria Police,-1.489643,55.015604,On or near GLOUCESTER ROAD,E01008491,North Tyneside 015D,Investigation complete; no suspect identified
c8c0e6234cfcadc720e1d5fa732e6a4058bfbf660413a05599ddd9d44deb88c3,2014-10,Northumbria Police,Northumbria Police,-1.678508,54.947127,On or near OTTERBURN GARDENS,E01008263,Gateshead 009B,Investigation complete; no suspect identified
2aa6372d11d174ef7b735276d8dff1ef30d64501aa858b93fcbf6da520b76518,2014-10,Northumbria Police,Northumbria Police,-1.554497,55.126945,On or near Supermarket,E01027425,Northumberland 025A,Offender given a caution
b99aaa7595ea9b03746e8bed6b9c3aa8aadf44b001f18d78e87a942e57094941,2014-10,Northumbria Police,Northumbria Police,-1.661608,54.979782,On or near MAGNOLIA CLOSE,E01008348,Newcastle upon Tyne 019F,Investigation complete; no suspect identified
0b0239e8a6f25b6b6a81209e0fa24342549a0f4bfcb6a6afa87ff72b7541b189,2014-10,Northumbria Police,Northumbria Police,-1.448987,54.924000,On or near COTSWOLD ROAD,E01008694,Sunderland 008B,Investigation complete; no suspect identified
4255f54171161753231710c51d9fbba9c0ef0c29b30e522a6b0f28bccea7b772,2014-10,Northumbria Police,Northumbria Police,-1.582832,54.953873,On or near EAST HILL ROAD,E01008164,Gateshead 027B,Investigation complete; no suspect identified
3a1ba29d9aeaaedcbbb1c96946c8f820172bb21dd4e835ef5359deaaaf4a4d30,2014-10,Northumbria Police,Northumbria Police,-1.387978,54.903462,On or near ALBION PLACE,E01008831,Sunderland 013D,Investigation complete; no suspect identified
dd7a4312d6a47a716654907dc79a2821d6e616e261420dc59a2e5449eaf64450,2014-10,Northumbria Police,Northumbria Police,-1.549332,54.933525,On or near CLAYPATH,E01008285,Gateshead 018E,Investigation complete; no suspect identified
317f8151afd198b2230199349f035ba5d8a9ec46f9f1da87867b02da6169d0ed,2014-10,Northumbria Police,Northumbria Police,-1.363647,54.868047,On or near THOMAS STREET SOUTH,E01008769,Sunderland 028E,Investigation complete; no suspect identified
17f3a2e5eb2c0849cc1a1fba69d0b9c9307c3b3a9c71a382459c4b023330a9d4,2014-10,Northumbria Police,Northumbria Police,-1.373462,54.912347,On or near Further/Higher Educational Building,E01008789,Sunderland 006D,Investigation complete; no suspect identified
71475fd3577e88d7f9427de4f496fea51a9f7c50be26ead7b26a7da4afce9f5a,2014-10,Northumbria Police,Northumbria Police,-1.438693,54.918085,On or near LINNET GROVE,E01008697,Sunderland 008E,Investigation complete; no suspect identified
f2ca16e22cfe5c8e987d3e5f36f96de33ec6db908f092b6f1c960bdc9eb91349,2014-10,Northumbria Police,Northumbria Police,-1.544528,54.904230,On or near GRAGARETH WAY,E01008875,Sunderland 010C,Investigation complete; no suspect identified
0761cecd35fdc9ccb5faa311cc473d529f70ebf55fac67bd55c0afa805b39918,2014-10,Northumbria Police,Northumbria Police,-1.607538,54.993513,On or near SUNBURY AVENUE,E01008373,Newcastle upon Tyne 013E,Investigation complete; no suspect identified
fc26dcf7525a3fb5a9c4a363660d14b7edbf771ba54b057d702816e74e4654e7,2014-10,Northumbria Police,Northumbria Police,-1.475420,54.997041,On or near ST LUKE'S ROAD,E01008540,North Tyneside 027B,Offender given a caution
4ab3093cf2b0577a99d3db3d8a057f25a7e3f5a251d7684642360bc143d33e5c,2014-10,Northumbria Police,Northumbria Police,-1.380908,54.922145,On or near REDBY CLOSE,E01008788,Sunderland 006C,Investigation complete; no suspect identified
0137f0772cc789bb0748b23652baca1475b850b3d7bdce133b9dc8ce5100ed81,2014-10,Northumbria Police,Northumbria Police,-1.578801,55.009394,On or near BENTON LANE,E01008320,Newcastle upon Tyne 007C,Investigation complete; no suspect identified
b3db61404a3e745c43f398aece63dfdb1170da57756508bb5c88333732f1c0d1,2014-10,Northumbria Police,Northumbria Police,-1.563189,55.182618,On or near HAWTHORN ROAD,E01027539,Northumberland 010C,Investigation complete; no suspect identified
5f8063dc79ef8ce6074c87502109b10bc7f30de8b49fdf57f2b5232a56838793,2014-10,Northumbria Police,Northumbria Police,-1.380186,54.911258,On or near PALMER'S HILL ROAD,E01008791,Sunderland 006F,Investigation complete; no suspect identified
202397e5acd846ef91cee45d56ab79b0988cbbbaa6c6fcbef3112ae9d95ea303,2014-10,Northumbria Police,Northumbria Police,-1.561951,54.965715,On or near WALKER ROAD,E01008390,Newcastle upon Tyne 030A,Investigation complete; no suspect identified
e45d6f7a4ca5ca57b8a98daa4fcdbab01fa1f81f6babecb903323c7cc79d126d,2014-10,Northumbria Police,Northumbria Police,-1.690387,55.162564,On or near DUNCAN GARDENS,E01033718,Northumberland 016F,Investigation complete; no suspect identified
ce332235e74cbad895803a097faa25209ac73b11a5ead7a4ccbc827381ac824c,2014-10,Northumbria Police,Northumbria Police,-1.558985,55.183637,On or near FIRST AVENUE,E01027539,Northumberland 010C,Investigation complete; no suspect identified
251fe89e496a6bf11c6340803914d30f77712cfc14ff286137af82fe9a84435c,2014-10,Northumbria Police,Northumbria Police,-1.561197,55.176689,On or near FIFTH AVENUE,E01027545,Northumberland 010D,Investigation complete; no suspect identified
95dd0443d8f1765af534c09c6e9192f0645b09a53ad852cfd39ef28e2049bf68,2014-10,Northumbria Police,Northumbria Police,-1.514290,55.126765,On or near BOWES COURT,E01027415,Northumberland 023B,Investigation complete; no suspect identified
fa979cbac076efcd276221d25521552f6c66c14baed216bd1e8f79dee7b034b5,2014-10,Northumbria Police,Northumbria Police,-1.782433,54.938874,On or near ROGUES LANE,E01008196,Gateshead 024D,Investigation complete; no suspect identified
e4ec8b57ce3d03d473eaba908a360c5c540c1abc96966e852c9a3b2bd2a81f4e,2014-10,Northumbria Police,Northumbria Police,-1.541079,54.967553,On or near ANNVILLE CRESCENT,E01008425,Newcastle upon Tyne 030B,Investigation complete; no suspect identified
65e702bb902cd093ae4c7b64f1d3b8f354ebc6c26768ffab9bbeb37bda4454ab,2014-10,Northumbria Police,Northumbria Police,-1.482377,54.851015,On or near FAIRBAIRN DRIVE,E01008751,Sunderland 033B,Suspect charged
b12dc62d76a5b8ac0d7503e467d0f6d6ad1930378aee003ae75e7369f86f311a,2014-10,Northumbria Police,Northumbria Police,-1.465992,54.839226,On or near MARTINDALE PARK,E01008715,Sunderland 034B,Investigation complete; no suspect identified
af96237b182b8b0119b1098be0a02fc5965e638012b20a614b82c4ddbed5c11c,2014-10,Northumbria Police,Northumbria Police,-1.659171,55.001810,On or near MOOR LANE,E01008377,Newcastle upon Tyne 008E,Investigation complete; no suspect identified
75d47f9893fd0e9f466922f2e31056bd41b7d21794619b61426b8054e00ef1ad,2014-10,Northumbria Police,Northumbria Police,-1.424594,55.017318,On or near Supermarket,E01008560,North Tyneside 016B,Investigation complete; no suspect identified
75d47f9893fd0e9f466922f2e31056bd41b7d21794619b61426b8054e00ef1ad,2014-10,Northumbria Police,Northumbria Police,-1.424594,55.017318,On or near Supermarket,E01008560,North Tyneside 016B,Suspect charged
9e89e57b07b1f3882b8a82504ac950a3562c8ad137f69299ed4922515fc4b365,2014-10,Northumbria Police,Northumbria Police,-1.676309,54.985735,On or near SILVER LONNEN,E01008344,Newcastle upon Tyne 019B,Investigation complete; no suspect identified
90e3f91d41d4f2c672d4308fabdecd5d8ba5b7eec9eb3f733153170488b4d3f6,2014-10,Northumbria Police,Northumbria Police,-1.612931,54.970714,On or near GROAT MARKET,E01033543,Newcastle upon Tyne 024G,Suspect charged
7efbcd3b262a0e777796dee22026e4761567a25dc3b9fe395df4b3210e5ee241,2014-10,Northumbria Police,Northumbria Police,-1.683574,54.977999,On or near RONALD DRIVE,E01008292,Newcastle upon Tyne 027E,Investigation complete; no suspect identified
731e3f16498fa9e2302e1cc7e96a2a31c68ee361a78327f4e4905ede3907e045,2014-10,Northumbria Police,Northumbria Police,-1.529917,54.991153,On or near LAUREL STREET,E01008573,North Tyneside 029B,Investigation complete; no suspect identified
a4e621aaf7d84571f4c840fc2e5f88c1247fa171a96be754b21270afb6c2b1a7,2014-10,Northumbria Police,Northumbria Police,-1.620276,54.968706,On or near SCOTSWOOD ROAD,E01033545,Newcastle upon Tyne 024H,Investigation complete; no suspect identified
d4928afd4d8a5a20589e7b3353cc9d256404ab4aebf787836690ead386ebb3ab,2014-10,Northumbria Police,Northumbria Police,-1.594571,54.971274,On or near QUAYSIDE,E01033548,Newcastle upon Tyne 023G,Investigation complete; no suspect identified
8bab91d1269ad1395cecac461768fb450a65f8ded187142b59e4a167d034eaea,2014-10,Northumbria Police,Northumbria Police,-1.687403,55.166834,On or near CHANTRY PLACE,E01027453,Northumberland 016B,Investigation complete; no suspect identified
c1a454ae2fa4896798167c76a9ae0bd9086a88f5404ac10c692e07c65a8ca7a5,2014-10,Northumbria Police,Northumbria Police,-1.638579,54.983068,On or near PONTELAND ROAD,E01033556,Newcastle upon Tyne 022H,Investigation complete; no suspect identified
16a414ead818d9c28892155782e3f22870054cd382f274fd0e7e4cf27344a937,2014-10,Northumbria Police,Northumbria Police,-1.638579,54.983068,On or near PONTELAND ROAD,E01033556,Newcastle upon Tyne 022H,Investigation complete; no suspect identified
adfbc7cf129dca30fdb6724fecc227cf2d5b8140e4ed8908d2c54088834a9db1,2014-10,Northumbria Police,Northumbria Police,-1.592236,54.938017,On or near ARUNDEL GARDENS,E01008236,Gateshead 016C,Investigation complete; no suspect identified
a96072ecb7c49ebee95c96274815b4cfe3af14ca19375fe87747e6430aab0d50,2014-10,Northumbria Police,Northumbria Police,-1.592236,54.938017,On or near ARUNDEL GARDENS,E01008236,Gateshead 016C,Investigation complete; no suspect identified
295a4060c71c6a67ff3a59c590b6ce4003b4aeefd7a1d2d2118026b1e0f02ca0,2014-10,Northumbria Police,Northumbria Police,-1.433396,54.998632,On or near Hospital,E01008667,South Tyneside 002D,Investigation complete; no suspect identified
2a1d68f0a42d3b4464f1d3c0b645df0a0385d12ffa1227cba336aab8266d81b5,2014-10,Northumbria Police,Northumbria Police,-1.555752,54.972693,On or near GRASMERE AVENUE,E01008426,Newcastle upon Tyne 028C,Investigation complete; no suspect identified
24691108c13689c577202fada1a7db601138cb6336b183ad49a829419bad9567,2014-10,Northumbria Police,Northumbria Police,-1.659965,54.976273,On or near Petrol Station,E01008334,Newcastle upon Tyne 029D,Suspect charged
2869aecef913f2989bdb81329a3e62a041aa8e1dc3288a2703eb77cc21b02c52,2014-10,Northumbria Police,Northumbria Police,-1.600081,54.990532,On or near DEVONSHIRE PLACE,E01008366,Newcastle upon Tyne 013A,Investigation complete; no suspect identified
44f6ea403cd81aac59f22f23addc6b94e05ca6845b37caf6f35b358f07d32632,2014-10,Northumbria Police,Northumbria Police,-1.586479,55.085300,On or near Pedestrian Subway,E01027409,Northumberland 029B,Local resolution
622373d1c8e39ea24df0a82b4b22ffd66c1d52ebc8fea2924464f913c7046ce6,2014-10,Northumbria Police,Northumbria Police,-2.008707,55.763293,On or near WELL SQUARE,E01027387,Northumberland 001D,Investigation complete; no suspect identified
e791e76817e3087b1da9786f1627e96c042f798ed2538f05570bded44e5e5757,2014-10,Northumbria Police,Northumbria Police,-1.666590,54.981917,On or near TWO BALL LONNEN,E01008346,Newcastle upon Tyne 019D,Investigation complete; no suspect identified
aa414a886cc1d09c641adc954c2e911262055e9f8d351345ce4928b579901ec7,2014-10,Northumbria Police,Northumbria Police,-1.639485,54.965646,On or near CLUMBER STREET NORTH,E01008437,Newcastle upon Tyne 029F,Investigation complete; no suspect identified
30d16c6fced6d8dfd44d715234bb05036cd9dbc6f5bb96c8f7f4a47d14937158,2014-10,Northumbria Police,Northumbria Police,-1.516807,54.912732,On or near HALL ROAD,E01008854,Sunderland 009B,Investigation complete; no suspect identified
ac98f5cbe4c50543e3c6404664dd05f11d292b02d0f7e6ffd887fec7792152d7,2014-10,Northumbria Police,Northumbria Police,-1.691345,54.973185,On or near BANKSIDE ROAD,E01033547,Newcastle upon Tyne 025E,Investigation complete; no suspect identified
026ceffc1b13b379a6d5b2ccc736d7bdaee556bf5b64b437be525ed636010a17,2014-10,Northumbria Police,Northumbria Police,-1.718557,54.939759,On or near A694,E01008276,Gateshead 005D,Investigation complete; no suspect identified
72cf2829e7dd763fe12fc901ee197a9b312e7b7d742c3554e698e4df47188ace,2014-10,Northumbria Police,Northumbria Police,-1.497346,54.953559,On or near LANCASTER WAY,E01008627,South Tyneside 020A,Investigation complete; no suspect identified
fb53f9419921846b92d1dd3769a940e60d5aebcdc441727d0e9041313d2f5ff4,2014-10,Northumbria Police,Northumbria Police,-1.612273,55.013046,On or near HOLLYWOOD AVENUE,E01008351,Newcastle upon Tyne 005A,Investigation complete; no suspect identified
50e99172ef73ba100ff7c137a5f66f424cc327b18a5e549bf4017bc803218b9d,2014-10,Northumbria Police,Northumbria Police,-1.451877,55.005250,On or near VICARAGE STREET,E01008544,North Tyneside 027D,Investigation complete; no suspect identified
5b1bcc844c2e25ced2cf153169d600b8f110b41168827eba96a6ae1022f1f029,2014-10,Northumbria Police,Northumbria Police,-1.584919,54.971017,On or near ST LAWRENCE SQUARE,E01008304,Newcastle upon Tyne 026C,Investigation complete; no suspect identified
12f834bd26ed58b6a84db64957def3c69a9b73eb69062b791ba4da6616730648,2014-10,Northumbria Police,Northumbria Police,-1.580093,54.982907,On or near MUNDELLA TERRACE,E01008362,Newcastle upon Tyne 018E,Investigation complete; no suspect identified
5de29712cf87b7bb80af331eafcd0569b421b8f3448ac67703754013d965c4d0,2014-10,Northumbria Police,Northumbria Police,-1.452626,54.943292,On or near THE FOLLY,E01008615,South Tyneside 023B,Investigation complete; no suspect identified
8533d96318aca4cc85a0a0ddf3ae32c87c74dca6d33590698a98241138ab7269,2014-10,Northumbria Police,Northumbria Police,-2.463521,54.972206,On or near WOODHEAD COURT,E01027485,Northumberland 037B,Local resolution
27aabd7e218815aa7ee4e10626cd644e3a5a2357397b5f6c88caf21b95198a13,2014-10,Northumbria Police,Northumbria Police,-1.582208,54.946251,On or near STRATHMORE ROAD,E01008202,Gateshead 011C,Investigation complete; no suspect identified
5f82c831dfd926d86c4500494eb30f604bf96f7e4379b9f9febc92f664637918,2014-10,Northumbria Police,Northumbria Police,-1.732714,54.958662,On or near FRANCES STREET,E01008179,Gateshead 005B,Investigation complete; no suspect identified
38ac1bacb21e8d716037f404168762d203db077a4cad2bbdc5b1efe913cd701b,2014-10,Northumbria Police,Northumbria Police,-1.449152,54.929033,On or near BODMIN SQUARE,E01008837,Sunderland 003B,Investigation complete; no suspect identified
a6c5b73e99d2017337799c04ef2a729d327ef998259cb138330d29d6a02ea55c,2014-10,Northumbria Police,Northumbria Police,-1.398169,54.920758,On or near MORGAN STREET,E01008709,Sunderland 005B,Investigation complete; no suspect identified
a6c5b73e99d2017337799c04ef2a729d327ef998259cb138330d29d6a02ea55c,2014-10,Northumbria Police,Northumbria Police,-1.398169,54.920758,On or near MORGAN STREET,E01008709,Sunderland 005B,Investigation complete; no suspect identified
71c9c1b6b2dd55c8413e61da82bf46c763d19496f7eca32a35646698ef8e4b77,2014-10,Northumbria Police,Northumbria Police,-1.391768,54.922092,On or near Sports/Recreation Area,E01008708,Sunderland 005A,Investigation complete; no suspect identified
71c9c1b6b2dd55c8413e61da82bf46c763d19496f7eca32a35646698ef8e4b77,2014-10,Northumbria Police,Northumbria Police,-1.391768,54.922092,On or near Sports/Recreation Area,E01008708,Sunderland 005A,Investigation complete; no suspect identified
dcfe7d6215f2c3235e51a76192662165ec84ce8d393ea30620273d44a27b0fc5,2014-10,Northumbria Police,Northumbria Police,-1.521566,54.911331,On or near Pedestrian Subway,E01008853,Sunderland 009A,Suspect charged
6031755b96ae997eb496cbf26f544afabe935562390ee1d410017968860327f7,2014-10,Northumbria Police,Northumbria Police,-1.617134,54.972264,On or near NEWGATE STREET,E01033543,Newcastle upon Tyne 024G,Investigation complete; no suspect identified
19437791d3d2d11c360c82165d2f3b4f4e8a4271a9639746af9ba81c935b93a7,2014-10,Northumbria Police,Northumbria Police,-1.443925,54.967444,On or near BROCKLEY AVENUE,E01008593,South Tyneside 016A,Investigation complete; no suspect identified
f0f82c47964a4807d9686e0110cde2440a8b5675020865d185569ea21fa0bc99,2014-10,Northumbria Police,Northumbria Police,-1.557948,54.978983,On or near ULVERSTONE TERRACE,E01008391,Newcastle upon Tyne 026E,Suspect charged
a27f6fae1734c8143f8aa4d91453f8cefd5ad679d9d90cc27d0302deb47635e8,2014-10,Northumbria Police,Northumbria Police,-1.597038,54.968200,On or near MILL ROAD,E01008166,Gateshead 027C,Investigation complete; no suspect identified
f2fee59948ff437edc6fb9bbdce764ee4941cb8e5413517479c788e0347d2f63,2014-10,Northumbria Police,Northumbria Police,-1.547710,55.036376,On or near HARWOOD DRIVE,E01008507,North Tyneside 012D,Investigation complete; no suspect identified
5019a676a4d5ca889a608b3481ba20feaefb55cd5f587ab43252a40921eee8cc,2014-10,Northumbria Police,Northumbria Police,-1.431178,54.996294,On or near Parking Area,E01008667,South Tyneside 002D,Offender given a caution
a348a22f87680a7d31b643f64ffb09b40b0ebfe6fee22d056db9646783816dc9,2014-10,Northumbria Police,Northumbria Police,-1.578944,54.953860,On or near OBAN STREET,E01008164,Gateshead 027B,Investigation complete; no suspect identified
10924c61e3c3a7e5d4a2e37825500cc8516a86fdb3ce75c467efd9ab1139f1e6,2014-10,Northumbria Police,Northumbria Police,-1.445442,55.008150,On or near Shopping Area,E01008524,North Tyneside 022B,Suspect charged
cc114bfd8866eb7af479ac9daadfd6e13a88d65f1e64e0e91ee67a08deb04c70,2014-10,Northumbria Police,Northumbria Police,-1.554474,54.982277,On or near WHINNEYFIELD ROAD,E01008432,Newcastle upon Tyne 026G,Investigation complete; no suspect identified
a750d7ee696ee5d33bb72b95ff9ce699039574472fadf13d167d9c8c20d4c164,2014-10,Northumbria Police,Northumbria Police,-1.565153,54.881830,On or near KNARESDALE,E01008172,Gateshead 026A,Investigation complete; no suspect identified
3dac27286d87324927baf7d9ef9226ed183c53c5f0900af0aded69e874200b3b,2014-10,Northumbria Police,Northumbria Police,-1.692244,54.990369,On or near CRIGDON HILL,E01008327,Newcastle upon Tyne 015D,Investigation complete; no suspect identified
c36ab37deb7c195f77b99f238b5d40170ec6a8d6c065c934dff087bbdb272164,2014-10,Northumbria Police,Northumbria Police,-1.431092,54.995710,On or near CHARLOTTE STREET,E01008667,South Tyneside 002D,Investigation complete; no suspect identified
9605ba89b877e4c99ff9aa524f08fb1e59691aa7c77ca32052228854adc6cd54,2014-10,Northumbria Police,Northumbria Police,-1.615815,54.971325,On or near Shopping Area,E01033543,Newcastle upon Tyne 024G,Investigation complete; no suspect identified
fb55b03826ff8569e4c5782b9408f18ba0f9b9f2b4982473fc42be7dae9239c7,2014-10,Northumbria Police,Northumbria Police,-1.439729,54.890636,On or near GALASHIELS ROAD,E01008732,Sunderland 021D,Investigation complete; no suspect identified
755d1f2ae3a812f70e3d7b3a709c7ccae55cb732b489deca5c78104eda2bee48,2014-10,Northumbria Police,Northumbria Police,-1.603407,54.997175,On or near BEMERSYDE DRIVE,E01008371,Newcastle upon Tyne 013C,Investigation complete; no suspect identified
34d7fd049cfc8d1e97b944170dbced82b9b0dcfc1d73716adeba63ec3a944111,2014-10,Northumbria Police,Northumbria Police,-1.570190,54.932864,On or near BALMLAW,E01008220,Gateshead 021B,Investigation complete; no suspect identified
8ac1046a783a990cbbad1db3b2e96e6664c28bc5e9226ac398467b2fac27190c,2014-10,Northumbria Police,Northumbria Police,-1.597286,54.957480,On or near Pedestrian Subway,E01008163,Gateshead 028A,Suspect charged
8e6fa210686673cec3ca3a19251aa82600f17a59a35455ccbc18f7dcde6ebca4,2014-10,Northumbria Police,Northumbria Police,-1.420836,54.970904,On or near JOHN REID ROAD,E01008682,South Tyneside 005C,Investigation complete; no suspect identified
b535fa5893d59ae4182b68a20ee41a1fea2809de5b9f840a6024ac5472ad85af,2014-10,Northumbria Police,Northumbria Police,-1.415828,54.864912,On or near DEACONSFIELD CLOSE,E01008770,Sunderland 031C,Investigation complete; no suspect identified
9ae8228c86a40ba282cfad24a75285b811c5838667846c861c810b1f59248415,2014-10,Northumbria Police,Northumbria Police,-1.490463,54.997833,On or near BRUNTON AVENUE,E01008542,North Tyneside 028B,Investigation complete; no suspect identified
db149c0b19950c113385748ce3f6bdc02fb3b63b89c8b50afd1e5342335721a4,2014-10,Northumbria Police,Northumbria Police,-1.369564,54.934173,On or near KINGS AVENUE,E01008723,Sunderland 002A,Investigation complete; no suspect identified
708bac6136dfaf010e0cd958685b011d20cd096cadc192ce18b922867c41c448,2014-10,Northumbria Police,Northumbria Police,-1.611738,54.969722,On or near ST NICHOLAS' STREET,E01033545,Newcastle upon Tyne 024H,Suspect charged
13ab7cb112502da84714ddf850a2b16c4f9141922b7a246da0a287d90899d849,2014-10,Northumbria Police,Northumbria Police,-1.496391,54.867510,On or near Pedestrian Subway,E01008793,Sunderland 030A,Offender given a caution
13ab7cb112502da84714ddf850a2b16c4f9141922b7a246da0a287d90899d849,2014-10,Northumbria Police,Northumbria Police,-1.496391,54.867510,On or near Pedestrian Subway,E01008793,Sunderland 030A,Offender given a caution
e74356f03e5f5f5701ecd099c91fabee68f2228d80000aae66cb9a4b3b20f596,2014-10,Northumbria Police,Northumbria Police,-1.401835,54.966058,On or near SUNNIRISE,E01008622,South Tyneside 013A,Investigation complete; no suspect identified
60ee168a8727429a55163522e38c1d2d3a980bd48be7ff2b6d21b8a33fb0aaaf,2014-10,Northumbria Police,Northumbria Police,-1.693001,54.993623,On or near Pedestrian Subway,E01008324,Newcastle upon Tyne 015A,Investigation complete; no suspect identified
dd197a2a9fdb979af355382cf8e3d2b3f63a535fbfcd3b1aa04da12ea4a3ce32,2014-10,Northumbria Police,Northumbria Police,-1.632452,54.983238,On or near HUNTER'S ROAD,E01008395,Newcastle upon Tyne 024B,Investigation complete; no suspect identified
d16861837f7b3917937dfc9b2ba8a990965ea1f413bcaedd8d584e6c89e190e5,2014-10,Northumbria Police,Northumbria Police,-1.536980,54.904255,On or near BRAEFELL COURT,E01008874,Sunderland 010B,Investigation complete; no suspect identified
ce42d713dbe5f10232c5b42b212b5cfa67ed55671661158415982f3db5f517e7,2014-10,Northumbria Police,Northumbria Police,-1.584242,55.095590,On or near Supermarket,E01027404,Northumberland 028E,Offender given a caution
ce42d713dbe5f10232c5b42b212b5cfa67ed55671661158415982f3db5f517e7,2014-10,Northumbria Police,Northumbria Police,-1.584242,55.095590,On or near Supermarket,E01027404,Northumberland 028E,Investigation complete; no suspect identified
ce42d713dbe5f10232c5b42b212b5cfa67ed55671661158415982f3db5f517e7,2014-10,Northumbria Police,Northumbria Police,-1.584242,55.095590,On or near Supermarket,E01027404,Northumberland 028E,Investigation complete; no suspect identified
adc59dbbfc206092422abbd6e92f7a950fb8c88ce8eaf480f2fd0de02a4fa454,2014-10,Northumbria Police,Northumbria Police,-1.451552,54.821332,On or near PEMBERTON STREET,E01008742,Sunderland 035C,Investigation complete; no suspect identified
e56c6c3466108256ee029196679ecb559afd60d128670846584b0bb5c08f0c82,2014-10,Northumbria Police,Northumbria Police,-1.395604,54.902439,On or near THE ROYALTY,E01008831,Sunderland 013D,Investigation complete; no suspect identified
ad71382b0bf9881bd85869cee66856026dcbaf29fd9670626de62b4e69a5a304,2014-10,Northumbria Police,Northumbria Police,-1.405560,54.968718,On or near Sports/Recreation Area,E01008622,South Tyneside 013A,Local resolution
ad71382b0bf9881bd85869cee66856026dcbaf29fd9670626de62b4e69a5a304,2014-10,Northumbria Police,Northumbria Police,-1.405560,54.968718,On or near Sports/Recreation Area,E01008622,South Tyneside 013A,Offender given a caution
433fc46ce9ecc9ea84e6d311b8db2aeea91b1aa00c2cd58696321ed13b5a203c,2014-10,Northumbria Police,Northumbria Police,-1.654894,55.008421,On or near ANFIELD ROAD,E01008339,Newcastle upon Tyne 003D,Suspect charged
57bcbc3c6a8d37b8871048f92aa9691fd4c1b64fae9f9b4c97304d5971093f5a,2014-10,Northumbria Police,Northumbria Police,-1.617134,54.972264,On or near NEWGATE STREET,E01033543,Newcastle upon Tyne 024G,Investigation complete; no suspect identified
8855e78c575efee37b817461b0e445e83faa797c1a66562495128260f16a3948,2014-10,Northumbria Police,Northumbria Police,-1.401286,54.909450,On or near MEDOMSLY STREET,E01008700,Sunderland 013A,Investigation complete; no suspect identified
7c757f7567f1d42891914125c6fc78530fdd05a2cbc7b54ae0784b6bdd1debfb,2014-10,Northumbria Police,Northumbria Police,-1.510142,54.913119,On or near USWORTH STATION ROAD,E01008859,Sunderland 009E,Investigation complete; no suspect identified
ff3c520b21297a954c148712ce65a3b6d48a86a99283aca3a402bcdb3d3f2e50,2014-10,Northumbria Police,Northumbria Police,-1.566279,54.994613,On or near BENFIELD ROAD,E01008316,Newcastle upon Tyne 012C,Investigation complete; no suspect identified
35d5b170d7f58bdc395000be6aa5cc0009b9a0ecdeabb5f4823124eede81af72,2014-10,Northumbria Police,Northumbria Police,-1.621934,54.968460,On or near WESTMORLAND ROAD,E01033545,Newcastle upon Tyne 024H,Investigation complete; no suspect identified
ec0875942e6d1ea0fd8a54fea33a1c9d584837a4570138c9a12956fec00bddaa,2014-10,Northumbria Police,Northumbria Police,-1.383214,54.911139,On or near A1018,E01008791,Sunderland 006F,Investigation complete; no suspect identified
275099529d208fb02b6f79aad8f34ed2ca019ee45d0def3e816a8e21be2b5cac,2014-10,Northumbria Police,Northumbria Police,-1.448967,54.931144,On or near KENTUCKY ROAD,E01008837,Sunderland 003B,Investigation complete; no suspect identified
5fd2c8510a574b5b7bdaf3ed087233c1ed1e49affded511cabe5b085b6cf96df,2014-10,Northumbria Police,Northumbria Police,-1.403988,54.917641,On or near Pedestrian Subway,E01033075,Sunderland 005G,Investigation complete; no suspect identified
a9cee25d055dfd62b12149bcabc4afee304b8ceae71b03915ced8b8a19885517,2014-10,Northumbria Police,Northumbria Police,-1.521201,54.998587,On or near DENEHOLM,E01008576,North Tyneside 029D,Investigation complete; no suspect identified
f8a5297439e5cd286f728ddec2d08f491895b2f201d0cc5af8332a3fcd01c19e,2014-10,Northumbria Police,Northumbria Police,-1.380662,54.925954,On or near PAULINE AVENUE,E01008786,Sunderland 006A,Investigation complete; no suspect identified
dc4891da5a5f0efbf28a19bc100cca79688bdc8e6ed5cb83a5bf4c0af14aaf68,2014-10,Northumbria Police,Northumbria Police,-1.580910,54.901467,On or near RUTLAND SQUARE,E01008223,Gateshead 025B,Investigation complete; no suspect identified
0a115d0f61edb68aa0c58b241e95f709c108b3a95f22ddd5c31a4ed21cba716c,2014-10,Northumbria Police,Northumbria Police,-1.617134,54.972264,On or near NEWGATE STREET,E01033543,Newcastle upon Tyne 024G,Investigation complete; no suspect identified
2b809effa2cf7c40a81cd48c184eaf8c1f9da5979de6e01c8d5a4c8fabaa8e37,2014-10,Northumbria Police,Northumbria Police,-1.524050,55.180342,On or near CONISTON AVENUE,E01027543,Northumberland 009C,Investigation complete; no suspect identified
879bec9fbb62d81cf705cc4394b9c475c033d6477cec8a91327932a6a78ea339,2014-10,Northumbria Police,Northumbria Police,-1.607216,54.988057,On or near OTTERBURN TERRACE,E01008369,Newcastle upon Tyne 013B,Investigation complete; no suspect identified
7e5906cb7a7beddd186ca9979cb7483e294cedfeac50aadd7870daa6c3cad2d5,2014-10,Northumbria Police,Northumbria Police,-1.718095,55.413181,On or near LOWER BARRESDALE,E01027359,Northumberland 005B,Investigation complete; no suspect identified
8a2426f522b84045c66f57a25d67e2afe61dc3a84265043ff43f054851456dff,2014-10,Northumbria Police,Northumbria Police,-1.697460,55.405818,On or near AUGUR TERRACE,E01027358,Northumberland 005A,Investigation complete; no suspect identified
b1a4f13566991a76ed65c04e5f356b461685e952d69975617eb55877750d009f,2014-10,Northumbria Police,Northumbria Police,-1.364700,54.959588,On or near ROSE CRESCENT,E01008685,South Tyneside 018C,Investigation complete; no suspect identified
bf4e6576eb7258b8eefa769ef53fb5c15c6cd69bcb6a2229421700329768d675,2014-10,Northumbria Police,Northumbria Police,-1.490683,54.876590,On or near FENWICK STREET,E01032484,Sunderland 032G,Investigation complete; no suspect identified
7b35126ce12389bd063fbad480b5c5ca6753ec8f999d110a03b0f8ee6294b262,2014-10,Northumbria Police,Northumbria Police,-1.701932,54.988541,On or near THE BURNSIDE,E01008329,Newcastle upon Tyne 015F,Suspect charged
7b35126ce12389bd063fbad480b5c5ca6753ec8f999d110a03b0f8ee6294b262,2014-10,Northumbria Police,Northumbria Police,-1.701932,54.988541,On or near THE BURNSIDE,E01008329,Newcastle upon Tyne 015F,Suspect charged
9804a9c62b86080f4b44e9bed5adb3d71970e3867cf0b8c96d79a26928a69e2a,2014-10,Northumbria Police,Northumbria Police,-1.420458,54.862535,On or near COTTONWOOD,E01008770,Sunderland 031C,Investigation complete; no suspect identified
ea8cc56c0c8cc5e8476b71db03e3154a598929e75781331b2b6f3b89127726f3,2014-10,Northumbria Police,Northumbria Police,-1.426959,54.984116,On or near MARLBOROUGH STREET SOUTH,E01008678,South Tyneside 003E,Investigation complete; no suspect identified
6c4c074a4cef1c13f0f1e4762151e2c226f903670acb36aef5e132a640f1cd91,2014-10,Northumbria Police,Northumbria Police,-1.391310,54.917273,On or near KEIR HARDIE WAY,E01008711,Sunderland 005D,Investigation complete; no suspect identified
22732052d063a7a14412af6c6768a70c23184e500e8ec57904a9c8ced79a2c1c,2014-10,Northumbria Police,Northumbria Police,-1.470174,54.844510,On or near HILLSIDE WAY,E01008754,Sunderland 034F,Suspect charged
514e7f308a6b9ff5dbdbb198eb641444f47ea4a02e089733c140acc035b7f53c,2014-10,Northumbria Police,Northumbria Police,-1.380059,54.976364,On or near GROTTO ROAD,E01008684,South Tyneside 018B,Investigation complete; no suspect identified
95c8aa986611999a095b272f148dea84e944df4ec605a22366d5b0ce881952cd,2014-10,Northumbria Police,Northumbria Police,-1.617134,54.972264,On or near NEWGATE STREET,E01033543,Newcastle upon Tyne 024G,Investigation complete; no suspect identified
0e2b665f96ba91e084dc98fb37405cc40121f1cec5180efcad9fb235bb74e585,2014-10,Northumbria Police,Northumbria Police,-1.585454,55.087408,On or near WEST FARM COURT,E01027409,Northumberland 029B,Investigation complete; no suspect identified
93e267ea8c8df5becace73761f3b86bcb228dd7b2734eb4e0d24633c1e8da513,2014-10,Northumbria Police,Northumbria Police,-1.526920,54.992103,On or near HIGH STREET EAST,E01008573,North Tyneside 029B,Investigation complete; no suspect identified
cfbe5a9c93317b54d976e35c6c2c87d971c94b71bfc57d150cad926b40276f21,2014-10,Northumbria Police,Northumbria Police,-1.531236,55.111249,On or near Supermarket,E01027427,Northumberland 025C,Investigation complete; no suspect identified
fa045c7608a5230d869be888b7a79c1ae210e19b5c219a6e460e87ce2185c89c,2014-10,Northumbria Police,Northumbria Police,-1.646261,54.969458,On or near ST. MICHAELS CLOSE,E01008333,Newcastle upon Tyne 029C,Investigation complete; no suspect identified
1ce71e782c633a9ec4e5c7429d709cda90a2f88118c3a57edfa84c829a463255,2014-10,Northumbria Police,Northumbria Police,-1.515929,55.032722,On or near HEATHFIELD,E01032648,North Tyneside 011F,Suspect charged
af38b80988281fef580637eee3d2aabcec6560c4f82b4d90c609a9f875809c1f,2014-10,Northumbria Police,Northumbria Police,-1.549077,54.966064,On or near WALKER ROAD,E01008428,Newcastle upon Tyne 030D,Investigation complete; no suspect identified
20f15a3233523d8ccb7d36dc4076078247f1b7c9675a122b32ef7862c421323a,2014-10,Northumbria Police,Northumbria Police,-1.420426,55.001545,On or near Parking Area,E01008598,South Tyneside 001D,Investigation complete; no suspect identified
5f878aed791592d026a9c572c0ffb2c1558371bf13eaa3764ffacec0a1204742,2014-10,Northumbria Police,Northumbria Police,-1.384312,54.910740,On or near Parking Area,E01008791,Sunderland 006F,Investigation complete; no suspect identified
8b661207283ab43b75e98fba6aa709c3aa94ab88fde7055dd8cc173e21258e2c,2014-10,Northumbria Police,Northumbria Police,-1.585938,55.331494,On or near OSWALD STREET,E01027364,Northumberland 006D,Investigation complete; no suspect identified
db30598160e01f3b1fd0bc8a4de59b9a28e197c9781b9825e76ad2bd6751715b,2014-10,Northumbria Police,Northumbria Police,-1.387539,54.918027,On or near WAYMAN STREET,E01008711,Sunderland 005D,Investigation complete; no suspect identified
eb4d2b4ae9ec7f0d624af24f07dc925151942c18066e962ef1e8464f516e881d,2014-10,Northumbria Police,Northumbria Police,-1.519703,54.973482,On or near Parking Area,E01008641,South Tyneside 010C,Investigation complete; no suspect identified
c768b3235c1995458e97a3dc1da083b01d1a4fb25aed2e69ff98434889faf12d,2014-10,Northumbria Police,Northumbria Police,-1.507042,55.125765,On or near CROWN STREET,E01027414,Northumberland 023A,Investigation complete; no suspect identified
a0f4b73f20357690a64d0ea04ecfffde9ed41f36843a43bf838752fa23362d32,2014-10,Northumbria Police,Northumbria Police,-1.455817,54.970508,On or near BLYTON AVENUE,E01008672,South Tyneside 012D,Investigation complete; no suspect identified
cbf8d33ced756724e77d234f34fd3d23cb457d07745de3523ff2cd8991cf1c5c,2014-10,Northumbria Police,Northumbria Police,-1.371040,54.897624,On or near HENDON BURN AVENUE,E01008736,Sunderland 016C,Investigation complete; no suspect identified
c3e6a84f70e9dbe22bc3c798fe4c9839d7b44fec852c3bd7d903ae65fc5aa828,2014-10,Northumbria Police,Northumbria Police,-1.578245,54.944565,On or near GREENBOURNE GARDENS,E01008228,Gateshead 012D,Investigation complete; no suspect identified
0110e2eeb4dabec5650eddb015f187dde551506f3fe76349949624011c4e4c10,2014-10,Northumbria Police,Northumbria Police,-1.577563,54.933690,On or near SUNDEW ROAD,E01008221,Gateshead 021C,Investigation complete; no suspect identified
60f0069a23f497d60529baa1a1ee44230a316db3a0590ac996a87fe198acce44,2014-10,Northumbria Police,Northumbria Police,-1.577209,55.335643,On or near RUNCIMAN WAY,E01027361,Northumberland 006A,Investigation complete; no suspect identified
63e8265b09eb6d53e73787eea88f9f11d4d329816293b217a73b4fba3f52b528,2014-10,Northumbria Police,Northumbria Police,-1.648737,54.982882,On or near MATFEN PLACE,E01008453,Newcastle upon Tyne 022E,Investigation complete; no suspect identified
7677e3b40fc0ce849718f454e94b918020de7d06b3a3893e1004c1da8dfbbd79,2014-10,Northumbria Police,Northumbria Police,-1.396390,54.971890,On or near FREMANTLE ROAD,E01008625,South Tyneside 013C,Investigation complete; no suspect identified
bc48fd378d0cd107277fca5dacb085d1de437718185c8bfb4d635af991cf4f26,2014-10,Northumbria Police,Northumbria Police,-1.397767,54.894389,On or near WENHAM SQUARE,E01008781,Sunderland 022B,Suspect charged
fd2b7df7191f5dbe5c08549b65709758da4d4f935a25e122e0a180ff383276c6,2014-10,Northumbria Police,Northumbria Police,-1.572680,54.951115,On or near WELLINGTON STREET,E01008212,Gateshead 012A,Investigation complete; no suspect identified
f83ea4dcfb030cf3880a5771fda1b48473d99a0eb5ac5c32d80792f02b9f0e1d,2014-10,Northumbria Police,Northumbria Police,-1.604744,54.989927,On or near OSBORNE ROAD,E01008367,Newcastle upon Tyne 017A,Investigation complete; no suspect identified
fe30e9714e15133100f1d9e4e652b66fe34e01b356f48451439777a0675e3a7e,2014-10,Northumbria Police,Northumbria Police,-1.596038,54.986933,On or near DEUCHAR STREET,E01008367,Newcastle upon Tyne 017A,Investigation complete; no suspect identified
c51b298013da559d41a62c7b4a5ac5c274f0b0f9bcf77b7f4594bb6b418ddf4d,2014-10,Northumbria Police,Northumbria Police,-1.689225,55.158598,On or near Hospital,E01027458,Northumberland 018C,Investigation complete; no suspect identified
e644ed33aac39406363de772736a63b73801735e5936af33be24c1cd0332645c,2014-10,Northumbria Police,Northumbria Police,-1.457245,54.997878,On or near HEDLEY ROAD,E01008545,North Tyneside 027E,Investigation complete; no suspect identified
a8afd495296cba8fabd0ea5432d2d9feb3b98a7eead79c0c3a9a53918d8ab276,2014-10,Northumbria Police,Northumbria Police,-1.610450,54.951044,On or near WHITEHALL ROAD,E01008253,Gateshead 010C,Investigation complete; no suspect identified
6a40eb4797cfb3e7e40181409fff99de7c3c11a50a3050adb8b19043385355a7,2014-10,Northumbria Police,Northumbria Police,-2.012705,55.757776,On or near Parking Area,E01027385,Northumberland 001C,Investigation complete; no suspect identified
7bb42895866ec102b7a35230715babacb4cdf7d874484b1c7f9a46544d639d30,2014-10,Northumbria Police,Northumbria Police,-1.454681,55.041692,On or near NORHAM ROAD,E01008585,North Tyneside 006B,Investigation complete; no suspect identified
cf5411e025d1dd8583fa664a498385c6aacc0d006a4e265bf723ea89c0690278,2014-10,Northumbria Police,Northumbria Police,-1.621803,54.957487,On or near MORRISON STREET,E01008258,Gateshead 007C,Offender given a caution
cf5411e025d1dd8583fa664a498385c6aacc0d006a4e265bf723ea89c0690278,2014-10,Northumbria Police,Northumbria Police,-1.621803,54.957487,On or near MORRISON STREET,E01008258,Gateshead 007C,Suspect charged
a1353d5ffc31a397fa11dc57f5c1b032fe9635aa1061fe0a5f1c1e5a18a20564,2014-10,Northumbria Police,Northumbria Police,-1.401998,54.904511,On or near RAINTON STREET,E01008706,Sunderland 011C,Investigation complete; no suspect identified
869bf5910117c9ea1f0f19d20067058664161ba468a20d86b1947060fd47439b,2014-10,Northumbria Police,Northumbria Police,-1.411789,54.922918,On or near HAZELWOOD AVENUE,E01008817,Sunderland 004B,Investigation complete; no suspect identified
72b511438643359824012a964fa0a782898093610387aa096ea410786979035a,2014-10,Northumbria Police,Northumbria Police,-1.673985,55.050780,On or near HAVANNAH CRESCENT,E01008306,Newcastle upon Tyne 001B,Investigation complete; no suspect identified
0b761c621d1fba0cd83fd3ea2ddb05e0e3af089c075f3259449e106187b96ec0,2014-10,Northumbria Police,Northumbria Police,-1.580074,54.977237,On or near SHIELDS ROAD,E01008303,Newcastle upon Tyne 018A,Suspect charged
ba3b3671aa37cca519213d4bfd256627387b8f9b59ca480ec8468ba8c20fe87e,2014-10,Northumbria Police,Northumbria Police,-1.662847,55.020287,On or near ABERDEEN COURT,E01008311,Newcastle upon Tyne 001E,Investigation complete; no suspect identified
445684b4dc67129cfba5f7180b1d2ede418b9dc50d118927e9bf9b3de05a7b57,2014-10,Northumbria Police,Northumbria Police,-1.559347,54.976795,On or near RIPLEY TERRACE,E01008391,Newcastle upon Tyne 026E,Offender given a caution
5d7104f97ed56fd905bd7982d8357a092993f5000d2df593694d863d18973b74,2014-10,Northumbria Police,Northumbria Police,-1.694711,55.005157,On or near WESTGARTH,E01008457,Newcastle upon Tyne 004C,Investigation complete; no suspect identified
473bfcc0ef692f357c989411310268c1a8e1410a805858ad8ad0e60ce37c2a1d,2014-10,Northumbria Police,Northumbria Police,-1.468274,54.836189,On or near SANCROFT DRIVE,E01008717,Sunderland 034D,Investigation complete; no suspect identified
6d0db18e74533faaa9f13bd34f4b68e45074b040283c91c3762a442f3ea32ad2,2014-10,Northumbria Police,Northumbria Police,-1.597961,54.946214,On or near SUMMERFIELD ROAD,E01008205,Gateshead 028C,Investigation complete; no suspect identified
95f4b142928c7dbc4308dcbf92da0359adfd68873d05d336cc7cc1e205171fc2,2014-10,Northumbria Police,Northumbria Police,-1.594435,54.950569,On or near NEWMAN TERRACE,E01008203,Gateshead 028B,Suspect charged
95f4b142928c7dbc4308dcbf92da0359adfd68873d05d336cc7cc1e205171fc2,2014-10,Northumbria Police,Northumbria Police,-1.594435,54.950569,On or near NEWMAN TERRACE,E01008203,Gateshead 028B,Suspect charged
b98d200275553db458f9b92572c1b9e94bc201c66999778018ea15ef60c626bb,2014-10,Northumbria Police,Northumbria Police,-1.433790,54.997286,On or near Shopping Area,E01008667,South Tyneside 002D,Investigation complete; no suspect identified
bcc0cd2d81da5f78e0391677958fd19b10365faace000f42ffbcbc7db1ffb5c0,2014-10,Northumbria Police,Northumbria Police,-1.564107,54.975815,On or near BENSON ROAD,E01008392,Newcastle upon Tyne 026F,Investigation complete; no suspect identified
0fa087f816c6d4e082fb4a3c57a5afff6fbe1be0c3dfcb74eed27914b0928a8a,2014-10,Northumbria Police,Northumbria Police,-1.524191,54.913579,On or near Parking Area,E01008858,Sunderland 009D,Investigation complete; no suspect identified
4f9447fb5b1cdf16de518de08442e44d99812130f99b8002b1077b0c4c804d23,2014-10,Northumbria Police,Northumbria Police,-1.568544,54.965622,On or near THE ROPERY,E01008301,Newcastle upon Tyne 026A,Investigation complete; no suspect identified
fc710c72682767688f263c7fd2c41ba9febfa68169b9e70bc0aa5e11b7c5d377,2014-10,Northumbria Police,Northumbria Police,-1.395452,54.904272,On or near WESTBOURNE ROAD,E01008705,Sunderland 013C,Investigation complete; no suspect identified
c198c98d7eb05f73c83a303e50f092169d9c7941d0cde766624e9b4a764682f6,2014-10,Northumbria Police,Northumbria Police,-1.451068,55.014115,On or near CAMP TERRACE,E01008528,North Tyneside 022C,Investigation complete; no suspect identified
c003e9dfdceedaec0af4f6a1d011da9c7205ac8f3da43fea667ed6187c6ecd57,2014-10,Northumbria Police,Northumbria Police,-1.467487,54.952731,On or near HEDWORTH LANE,E01008611,South Tyneside 021B,Suspect charged
e9a470abd2aa0e35e4e4048ac3f701c2cb13d94fc3063c12ec120c9e71783e4d,2014-10,Northumbria Police,Northumbria Police,-1.478144,54.841058,On or near FERRAND DRIVE,E01008754,Sunderland 034F,Investigation complete; no suspect identified
e762b310236ee541fbf85e9bb7b32f50c54219300e6f99c11aa59b7252929e43,2014-10,Northumbria Police,Northumbria Police,-1.558806,54.966306,On or near SANDY CRESCENT,E01008390,Newcastle upon Tyne 030A,Offender given a caution
340932960f3e85cba37a0f5364daaa1554bcb70a82e5cf8adc7b2c5035b81735,2014-10,Northumbria Police,Northumbria Police,-1.586992,54.995889,On or near Supermarket,E01008315,Newcastle upon Tyne 012B,Suspect charged
340932960f3e85cba37a0f5364daaa1554bcb70a82e5cf8adc7b2c5035b81735,2014-10,Northumbria Police,Northumbria Police,-1.586992,54.995889,On or near Supermarket,E01008315,Newcastle upon Tyne 012B,Suspect charged
bedf7362009adb40739db262fa1a98f89d715018c7bbbf9ee4674f72e00ab443,2014-10,Northumbria Police,Northumbria Police,-1.575149,54.948005,On or near FALLA PARK CRESCENT,E01008212,Gateshead 012A,Investigation complete; no suspect identified
ca3387d80f75cd11e53d4fa5a401372cb29ab6c704b17db2483238d105649aef,2014-10,Northumbria Police,Northumbria Police,-1.420426,55.001545,On or near Parking Area,E01008598,South Tyneside 001D,Investigation complete; no suspect identified
e1d097a9c23f0520929cc2a5a74bb34230560d8653156e600ae86bf3588ef62d,2014-10,Northumbria Police,Northumbria Police,-1.587344,55.129065,On or near HOLLYMOUNT AVENUE,E01027515,Northumberland 020A,Investigation complete; no suspect identified
dd7e425915db138d1c87defe84874a2d9fa3cc1aff583dc8015bd9236400ac1b,2014-10,Northumbria Police,Northumbria Police,-1.618842,54.973348,On or near ST ANDREW'S STREET,E01033543,Newcastle upon Tyne 024G,Investigation complete; no suspect identified
972087a0b98362048afdd6dc57a09c35a5d6c7fa7f8759b77d37bb35a6cdfc5b,2014-10,Northumbria Police,Northumbria Police,-1.426453,54.972467,On or near MCANANY AVENUE,E01008592,South Tyneside 011C,Investigation complete; no suspect identified
1be35ff699614203cf3c5ff0bcbf2aa195b278588c608495b7e68c1cd19725f9,2014-10,Northumbria Police,Northumbria Police,-1.639880,54.975640,On or near STANHOPE STREET,E01033556,Newcastle upon Tyne 022H,Investigation complete; no suspect identified
54a96cc9603987c4abb6ffb919a03c65629b78176106813a28a89c54297dc4c5,2014-10,Northumbria Police,Northumbria Police,-1.476901,55.018956,On or near BILLY MILL LANE,E01008487,North Tyneside 020B,Investigation complete; no suspect identified
5cb5addb7259f43066803bac5c89f5a886bc79b7a7c013138e4125d3ba271062,2014-10,Northumbria Police,Northumbria Police,-1.716215,54.964322,On or near LYNWOOD AVENUE,E01008177,Gateshead 005A,Investigation complete; no suspect identified
850589e156ac7054344f91db6b8eb3cf025bd96336ff784413ed12f760be1fac,2014-10,Northumbria Police,Northumbria Police,-1.499323,54.979205,On or near OAK STREET,E01008652,South Tyneside 009B,Investigation complete; no suspect identified
fce43aae15154a00b25bebb596c6a14798474ba057484366de33adebb3fc783a,2014-10,Northumbria Police,Northumbria Police,-1.523248,54.912865,On or near VICTORIA ROAD,E01008853,Sunderland 009A,Offender given a caution
8bebf3c88a18534db9546164fe786b17a7d2ee7b61083bb241161201011d9520,2014-10,Northumbria Police,Northumbria Police,-1.575956,55.334902,On or near JOHN STREET,E01027361,Northumberland 006A,Investigation complete; no suspect identified
12650e43b7517d8fef9ca040b31e79bfedd6343cd0f223c78631cba9574c4e5f,2014-10,Northumbria Police,Northumbria Police,-1.659994,54.980272,On or near LINDEN AVENUE,E01008348,Newcastle upon Tyne 019F,Investigation complete; no suspect identified
82f64857917eaa7339f8bdc6c41b7852dfb32b8d9c0a45ef1012d7afe60402a7,2014-10,Northumbria Police,Northumbria Police,-1.433601,54.872922,On or near LUMLEY COURT,E01008774,Sunderland 029B,Offender given a caution
5e54e98ff5b2c6693af3e94287a1230e0db97608dec024a843cd94fff233f3cc,2014-10,Northumbria Police,Northumbria Police,-1.609932,54.993206,On or near BRENTWOOD AVENUE,E01008373,Newcastle upon Tyne 013E,Investigation complete; no suspect identified
fd0e520c08563bbdd0b105baea1005417d6db8c7bedf3b0755ca4758f4bc1b20,2014-10,Northumbria Police,Northumbria Police,-1.670060,54.979850,On or near FOX AND HOUNDS ROAD,E01008343,Newcastle upon Tyne 019A,Investigation complete; no suspect identified
a9802866da96c8fd57238fffcbfeb9257fc23bdecf72100bddd70406b736df1b,2014-10,Northumbria Police,Northumbria Police,-1.583289,54.974543,On or near DALTON STREET,E01008304,Newcastle upon Tyne 026C,Investigation complete; no suspect identified
4765954319a1a97141fa0df0e14e48f28e109ac85266550443e01df214a29c33,2014-10,Northumbria Police,Northumbria Police,-1.788355,54.961575,On or near GREENSIDE ROAD,E01008197,Gateshead 002B,Investigation complete; no suspect identified
f9521fe31a2bece05085ddcb10c40b0f1503f3ef580aba86b31c27e71c675c69,2014-10,Northumbria Police,Northumbria Police,-1.524784,54.926773,On or near DALMAHOY,E01008876,Sunderland 007C,Investigation complete; no suspect identified
a5b54bde616c329539a0219a6b81c1297403d6ff96a481e10f2d49ccf378e668,2014-10,Northumbria Police,Northumbria Police,-1.694909,55.371972,On or near MIDDLE ROAD,E01027371,Northumberland 006F,Investigation complete; no suspect identified
7104d876c2911a0568cc561571de754184cad0b5630bb39668f7a435a06ce8b1,2014-10,Northumbria Police,Northumbria Police,-1.577718,55.131782,On or near DENE VIEW,E01027519,Northumberland 020D,Investigation complete; no suspect identified
5375588b55fd2d69aec58d48a453a630018c4a39cac20184f3afa05834e2542f,2014-10,Northumbria Police,Northumbria Police,-1.579280,55.133836,On or near WARNHEAD ROAD,E01027519,Northumberland 020D,Investigation complete; no suspect identified
89ba89425dbbe068903deeb8cdc4af17ae4a237bc26d95b5598bab9a39ec5947,2014-10,Northumbria Police,Northumbria Police,-1.555034,54.948607,On or near HIGH HEWORTH LANE,E01008216,Gateshead 012C,Suspect charged
89ba89425dbbe068903deeb8cdc4af17ae4a237bc26d95b5598bab9a39ec5947,2014-10,Northumbria Police,Northumbria Police,-1.555034,54.948607,On or near HIGH HEWORTH LANE,E01008216,Gateshead 012C,Suspect charged
89ba89425dbbe068903deeb8cdc4af17ae4a237bc26d95b5598bab9a39ec5947,2014-10,Northumbria Police,Northumbria Police,-1.555034,54.948607,On or near HIGH HEWORTH LANE,E01008216,Gateshead 012C,Suspect charged
932619c212a4a02ab74517afaf67f3fbf8b6620b7bbfc467d9cd8cc384ee85e8,2014-10,Northumbria Police,Northumbria Police,-2.101077,54.974279,On or near Supermarket,E01027476,Northumberland 035A,Offender given penalty notice
e35142a645d64df359dad8295f1df9eef917d0337e3880326b5521b9be676b16,2014-10,Northumbria Police,Northumbria Police,-1.557861,55.175905,On or near SIXTH AVENUE,E01027545,Northumberland 010D,Investigation complete; no suspect identified
a859fef0e6090caeae75ea6c5921bc637af6415f730218150709b962f1155d1f,2014-10,Northumbria Police,Northumbria Police,-1.373578,54.890771,On or near ROYDON AVENUE,E01008740,Sunderland 022A,Investigation complete; no suspect identified
605c3d07e938ccfaf27322be0e78b1f3df139344d96b4f478c3de11c5f7060b0,2014-10,Northumbria Police,Northumbria Police,-1.455817,54.970508,On or near BLYTON AVENUE,E01008672,South Tyneside 012D,Investigation complete; no suspect identified
fd6acd43e45e869c217e85bfe52bc440b7473083e70133e5b992d6e0a26f200d,2014-10,Northumbria Police,Northumbria Police,-1.455817,54.970508,On or near BLYTON AVENUE,E01008672,South Tyneside 012D,Investigation complete; no suspect identified
cd38c82d649946f1aac62efe7d40215bce4cbe70ae78f1455c99e8a67b865907,2014-10,Northumbria Police,Northumbria Police,-1.692927,54.984934,On or near Pedestrian Subway,E01008345,Newcastle upon Tyne 019C,Investigation complete; no suspect identified
f960e8dcce3b5267c6bb416736f4eae24e46a3860a483455fa7c09b4d87c3c11,2014-10,Northumbria Police,Northumbria Police,-1.640678,54.942187,On or near HILLHEAD GARDENS,E01008206,Gateshead 013A,Investigation complete; no suspect identified
be5174f62cbc68e9e085161d0fab8f48efd27089b127ae5b0c7884b856a2f83c,2014-10,Northumbria Police,Northumbria Police,-1.666049,54.928420,On or near STREET GATE PARK,E01008272,Gateshead 019E,Investigation complete; no suspect identified
c73054b9ed937d6714461835594b298a4dbce704d7c0c893c166978af47ff35c,2014-10,Northumbria Police,Northumbria Police,-1.386633,54.899609,On or near BELVEDERE ROAD,E01008834,Sunderland 013E,Investigation complete; no suspect identified
b24d5b122d7c143d89e74d00df2c1f7dd390fa4bc419aec96dbfe44376975b1a,2014-10,Northumbria Police,Northumbria Police,-1.607969,54.949284,On or near RECTORY ROAD,E01008253,Gateshead 010C,Investigation complete; no suspect identified
f9943893d577c04fdc9e44b71528e19e9e6a547dca2fa2705e26a108a7f953f5,2014-10,Northumbria Police,Northumbria Police,-1.585292,55.092503,On or near FROME PLACE,E01027404,Northumberland 028E,Investigation complete; no suspect identified
4b976b1db50e74afd382c601dd2fa8f70bbea5d3e096f1a613dfb27035a6a9f4,2014-10,Northumbria Police,Northumbria Police,-1.574565,55.083093,On or near CHATTON AVENUE,E01027397,Northumberland 028C,Investigation complete; no suspect identified
b8182cbe5bd8d6fa1faf20b446255df3254224cdc2a9ac48fe9a580d2e056791,2014-10,Northumbria Police,Northumbria Police,-1.683502,54.995163,On or near WEST DENTON WAY,E01008445,Newcastle upon Tyne 031D,Investigation complete; no suspect identified
c8fe2f0af1b80bb286cab29da144501cff3ddeda2afea822f406edf8741f3858,2014-10,Northumbria Police,Northumbria Police,-1.514702,54.908760,On or near INDUSTRIAL ROAD,E01008853,Sunderland 009A,Investigation complete; no suspect identified
f0436e3077b59c4a7da7f7aed9cce586d57a913ccc6101a2cbf27bb2df97caa1,2014-10,Northumbria Police,Northumbria Police,-1.506363,55.001367,On or near SIMONSIDE AVENUE,E01008509,North Tyneside 026B,Offender given a caution
40fca19d94104690a746e89667c2336b98d58c26496583dc97c93c48e93346fe,2014-10,Northumbria Police,Northumbria Police,-1.547824,54.898248,On or near RABY ROAD,E01008869,Sunderland 020C,Investigation complete; no suspect identified
113a9e853f6518579bd63245a34e8c359026f4c351f269fd0ff9e7de69f22b70,2014-10,Northumbria Police,Northumbria Police,-1.637175,54.972352,On or near GLOUCESTER ROAD,E01008331,Newcastle upon Tyne 029A,Local resolution
566210ed1a89023c50bb387fde9d9fad398881e83b1c1a1ad5509e8ae3422755,2014-10,Northumbria Police,Northumbria Police,-1.494514,54.975240,On or near VICTORIA TERRACE,E01008657,South Tyneside 009F,Investigation complete; no suspect identified
129d00a600c3c6cd43de7126654f10a612a136cacb87b6ae007834f90f829c87,2014-10,Northumbria Police,Northumbria Police,-1.427048,54.873511,On or near ASHFORD ROAD,E01008773,Sunderland 026A,Investigation complete; no suspect identified
e62a3d8d2275694e0cd61705988ebfa2da17750e26f3602065c19f08541e6806,2014-10,Northumbria Police,Northumbria Police,-1.512413,54.975619,On or near CAMPBELL PARK ROAD,E01008639,South Tyneside 009A,Investigation complete; no suspect identified
d497df02ce01dbcd03b64ccfb0170185ee1259286e4eeef7c9228743d094c027,2014-10,Northumbria Police,Northumbria Police,-1.690593,55.008040,On or near EAST THORP,E01008459,Newcastle upon Tyne 004E,Investigation complete; no suspect identified
944c32db1794dd32356bf59122aac29cbc0d417d52aa12ee32327d9cf9abbbea,2014-10,Northumbria Police,Northumbria Police,-1.614445,54.974044,On or near BLACKETT STREET,E01008397,Newcastle upon Tyne 024C,Investigation complete; no suspect identified
3ea0a0479aa2ff08bf9ba13fff4f664c8e2aea761ae246ca016208c485b4110f,2014-10,Northumbria Police,Northumbria Police,-1.508463,55.127532,On or near Shopping Area,E01027415,Northumberland 023B,Suspect charged
09ce04ad7ae36fb91423076b42b9a847aca031f5f942cb052e52962c6e7ef386,2014-10,Northumbria Police,Northumbria Police,-1.535203,55.212447,On or near SEA VIEW,E01027451,Northumberland 008E,Investigation complete; no suspect identified
69ab2db84cf3cbd67d2ce30e9768827d085bfc248cb646e0d90ee4628d9fd00f,2014-10,Northumbria Police,Northumbria Police,-1.383214,54.911139,On or near A1018,E01008791,Sunderland 006F,Investigation complete; no suspect identified
244f8e8f9212ba60c7dafc24c3b99786e8c88e8192a0790d6d6b5237effacae1,2014-10,Northumbria Police,Northumbria Police,-1.622702,54.998252,On or near WOODLANDS,E01008423,Newcastle upon Tyne 006G,Investigation complete; no suspect identified
dc71a4135effaf2cb884e819e0bb9c3254a5febef24453dc237f53001e4476d4,2014-10,Northumbria Police,Northumbria Police,-1.508722,55.128180,On or near Parking Area,E01027415,Northumberland 023B,Investigation complete; no suspect identified
93481235fb03ca059e77647017fa4fd06137bdff7efbc705a923413508a8c9f5,2014-10,Northumbria Police,Northumbria Police,-1.579412,54.980865,On or near GUILDFORD PLACE,E01008362,Newcastle upon Tyne 018E,Investigation complete; no suspect identified
31443e7c79e84a6290eaa279b192dbb133ceaa1bff6d7de48197b28e62e0cc69,2014-10,Northumbria Police,Northumbria Police,-1.453599,55.013075,On or near CLEVELAND ROAD,E01008528,North Tyneside 022C,Investigation complete; no suspect identified
58f7fc049a4eff507ef899870236196e16da25adf2bf4b8d466c9e9eb07ba7cb,2014-10,Northumbria Police,Northumbria Police,-1.742456,54.985956,On or near ALNWICK STREET,E01008404,Newcastle upon Tyne 014E,Investigation complete; no suspect identified
afe2fb43431c7a7225f31208fee68cdd1813f5cf5ab521c3881e909997466841,2014-10,Northumbria Police,Northumbria Police,-1.668687,55.009942,On or near BEAMINSTER WAY,E01008293,Newcastle upon Tyne 004A,Investigation complete; no suspect identified
db331d9b6ff3842eed57973022118931540d64cf18b7bd806d3b15a45fec006c,2014-10,Northumbria Police,Northumbria Police,-1.641536,54.975627,On or near CROSSLEY TERRACE,E01008449,Newcastle upon Tyne 022D,Investigation complete; no suspect identified
be34ab53a1ce1ed8bb321e72e0e4b915ad2ef84243eefa491e0fda4eb0019e98,2014-10,Northumbria Police,Northumbria Police,-1.616721,54.974644,On or near Shopping Area,E01008397,Newcastle upon Tyne 024C,Investigation complete; no suspect identified
f0a6510cb532fccdf5c27a242eb17b6bad0b456c23d84286ee5583d563e28e0b,2014-10,Northumbria Police,Northumbria Police,-1.577915,54.937276,On or near MEADOW RISE,E01008219,Gateshead 016A,Investigation complete; no suspect identified
74649083801d7a8ad59179899aadc2b82c45605988dd9f2de1dd2fd99dde12c1,2014-10,Northumbria Police,Northumbria Police,-1.386149,54.906831,On or near WEST STREET,E01008703,Sunderland 013B,Suspect charged
223ddc007d394fdf48692d7c68064c21b56fff275748409bb9b0b687d706d4e3,2014-10,Northumbria Police,Northumbria Police,-1.577915,54.937276,On or near MEADOW RISE,E01008219,Gateshead 016A,Investigation complete; no suspect identified
5a3c283dbf23b22636cb6148a2600641f64773c0f4f8ac0f82e901df4def7c67,2014-10,Northumbria Police,Northumbria Police,-1.572959,54.907146,On or near CRATHIE,E01008222,Gateshead 025A,Investigation complete; no suspect identified
14aa3984f5cbd5af7798c1906120e9400f3312f9aa32b9ceafb63f7974e18dbd,2014-10,Northumbria Police,Northumbria Police,-1.507007,54.916943,On or near SULGRAVE ROAD,E01008855,Sunderland 007A,Investigation complete; no suspect identified
f7f63c266ac9f1866e51d8717871923654c01d644184721b4f1c20b420b7b133,2014-10,Northumbria Police,Northumbria Police,-1.638674,55.015985,On or near ALN CRESCENT,E01008336,Newcastle upon Tyne 003A,Investigation complete; no suspect identified
8e08071aae859f726a88380903b6025269f0865f914fe081b5cd20ff0ef8f118,2014-10,Northumbria Police,Northumbria Police,-1.630712,54.983898,On or near DUNN'S TERRACE,E01033556,Newcastle upon Tyne 022H,Investigation complete; no suspect identified
15c2a402e9e88483edf63f3d988aede8788a783ce327160530233a4df4119244,2014-10,Northumbria Police,Northumbria Police,-1.654894,55.008421,On or near ANFIELD ROAD,E01008339,Newcastle upon Tyne 003D,Investigation complete; no suspect identified
0e1d051ea5b39aad07edf6612fbb178a7ef23e937d4fc0d5b10e00c5aa84b2fd,2014-10,Northumbria Police,Northumbria Police,-1.437638,54.880723,On or near THORNE ROAD,E01008824,Sunderland 023B,Investigation complete; no suspect identified
077e3aa31df8bf7bd20e7330056e52b45bd0d282e9b7f25f29e430d13d156a89,2014-10,Northumbria Police,Northumbria Police,-1.590420,54.976922,On or near HANNINGTON STREET,E01008304,Newcastle upon Tyne 026C,Suspect charged
15d042e4bd1e887cdfb0ada3d7d56f6c11bc5ccfa09dea00d9272d4d67d65b16,2014-10,Northumbria Police,Northumbria Police,-1.725618,55.309783,On or near A1,E01027370,Northumberland 006E,Investigation complete; no suspect identified
06c2183bbcd96fc93a57902639979d74ec68045da11d707276018bf2363fbe34,2014-10,Northumbria Police,Northumbria Police,-1.526906,54.990683,On or near HOLLY AVENUE,E01008572,North Tyneside 029A,Investigation complete; no suspect identified
6a12a088c061e264133346d31a96a36e142fc6432ff72eaf86cbf83b0e6d9190,2014-10,Northumbria Police,Northumbria Police,-1.565220,55.179193,On or near MILBURN ROAD,E01027528,Northumberland 010A,Investigation complete; no suspect identified
4352be631f13b16c5649eab10cc005b9419e206b11f3f9e2fb06dd8c8a22c277,2014-10,Northumbria Police,Northumbria Police,-1.373549,54.921784,On or near ASHDALE COURT,E01008790,Sunderland 006E,Suspect charged
4352be631f13b16c5649eab10cc005b9419e206b11f3f9e2fb06dd8c8a22c277,2014-10,Northumbria Police,Northumbria Police,-1.373549,54.921784,On or near ASHDALE COURT,E01008790,Sunderland 006E,Suspect charged
a4cce316e7f83f9836a6ea338a69e0077f861a521ae0bc4388e41f7d618e0830,2014-10,Northumbria Police,Northumbria Police,-1.378495,54.906604,On or near WEST SUNNISIDE,E01008703,Sunderland 013B,Suspect charged
a4cce316e7f83f9836a6ea338a69e0077f861a521ae0bc4388e41f7d618e0830,2014-10,Northumbria Police,Northumbria Police,-1.378495,54.906604,On or near WEST SUNNISIDE,E01008703,Sunderland 013B,Investigation complete; no suspect identified
68660401370e3b166b0814830ad0dcaedc3d480bf98e8fb5a09205eb6356d29b,2014-10,Northumbria Police,Northumbria Police,-1.621934,54.968460,On or near WESTMORLAND ROAD,E01033545,Newcastle upon Tyne 024H,Investigation complete; no suspect identified
de9614feaffc6113fc00586c8b21dbada579a31ce73e24a3169577d4446787c1,2014-10,Northumbria Police,Northumbria Police,-1.544691,55.023847,On or near ELIZABETH COURT,E01008503,North Tyneside 018E,Investigation complete; no suspect identified
b1c9f03a7af0c5f95b52cf1843ecf662d842df827e0cfc48bb19aec1efb86985,2014-10,Northumbria Police,Northumbria Police,-1.372012,54.878218,On or near Pedestrian Subway,E01008763,Sunderland 028A,Investigation complete; no suspect identified
c0202f6c1bae569b8b6ac2c6bd40d9152ec9100110777c6377523c4af6de5b11,2014-10,Northumbria Police,Northumbria Police,-1.397208,54.919315,On or near CLOSE STREET,E01008709,Sunderland 005B,Investigation complete; no suspect identified
910a4eee50d91a1f0689016e09e000bebfcbb0724d6a29a6f702e96c79828b4f,2014-10,Northumbria Police,Northumbria Police,-1.523103,54.893409,On or near EASBY ROAD,E01008843,Sunderland 019A,Investigation complete; no suspect identified
ef9e29728b3d6c33dca2bf69c468539ed7a09e74dc769bc23d1d9d09ce58efd4,2014-10,Northumbria Police,Northumbria Police,-1.959415,55.315376,On or near Petrol Station,E01027369,Northumberland 007C,Offender given a caution
e99233401d072f77379706277c61e894ec63ccf46d65ace0a99b59d90ce6b89e,2014-10,Northumbria Police,Northumbria Police,-1.398162,54.898255,On or near DURHAM ROAD,E01008830,Sunderland 018B,Investigation complete; no suspect identified
c37359e89a6ac78763f740fac8bcc6768714b9cb564e6bc284f9da1cd40b0e12,2014-10,Northumbria Police,Northumbria Police,-1.627704,54.954279,On or near KELSO PLACE,E01008258,Gateshead 007C,Investigation complete; no suspect identified
3d31d6fabd7f3302314683b4c9d8db1bd16f7d06c602995e81299ce4cc6ed136,2014-10,Northumbria Police,Northumbria Police,-1.390312,54.918310,On or near BOND CLOSE,E01008709,Sunderland 005B,Investigation complete; no suspect identified
1b117646e0d27d1c173a239cdb15c280fdce3f7ee05ed6ebc7f56450e61a85f5,2014-10,Northumbria Police,Northumbria Police,-1.683826,54.951823,On or near DICKENS AVENUE,E01008263,Gateshead 009B,Investigation complete; no suspect identified
8a4adf54f7c67ccbe848d98281f8c4cf9f7b3d2384af4e3889ba92ce1cb961b8,2014-10,Northumbria Police,Northumbria Police,-1.439175,54.976525,On or near LEMON STREET,E01008590,South Tyneside 011A,Investigation complete; no suspect identified
595de8bb4af2b367e51319c2062f77cfa971e6cca681c4634c8439bf92a24ef0,2014-10,Northumbria Police,Northumbria Police,-1.598777,54.989638,On or near MANOR HOUSE ROAD,E01008368,Newcastle upon Tyne 017B,Investigation complete; no suspect identified
a47ea2d8d6c050d56aa98379aff7e4ee416bc59cbe32597bff5fcb73eb2c354b,2014-10,Northumbria Police,Northumbria Police,-1.385424,54.917603,On or near DEVONSHIRE STREET,E01008711,Sunderland 005D,Investigation complete; no suspect identified
70539305dc98a2bedc25bcb281aa146954bec2f6f3fa03f7dfc9c52dc9277402,2014-10,Northumbria Police,Northumbria Police,-1.446468,54.922182,On or near COWDRAY ROAD,E01008694,Sunderland 008B,Investigation complete; no suspect identified
9cb1346fe4a988232f47e10cb47af9ea63f2cb980243accc6ab83da761c852cc,2014-10,Northumbria Police,Northumbria Police,-1.596598,54.938822,On or near STRATFORD GARDENS,E01008237,Gateshead 016D,Investigation complete; no suspect identified
82f79424657101b5437bd047c54874330944acff3b478414bbac89d7cf50c42f,2014-10,Northumbria Police,Northumbria Police,-2.101383,54.971934,On or near BACK ROW,E01027476,Northumberland 035A,Investigation complete; no suspect identified
5770322181c33182d2628e5135f987100412f1910d284a940611850fbf5416b4,2014-10,Northumbria Police,Northumbria Police,-1.517198,55.128879,On or near BEAUMONT STREET,E01027415,Northumberland 023B,Investigation complete; no suspect identified
77b39d2956b7ead3a89116601624cc9e3e2300cf6c8c1a6ae42f261e0ecfcd8c,2014-10,Northumbria Police,Northumbria Police,-1.405897,54.922575,On or near GORDON TERRACE,E01033075,Sunderland 005G,Investigation complete; no suspect identified
669af0ead6d33cfec01ff46d9996050e649291a101207573511bdcc00c4d6108,2014-10,Northumbria Police,Northumbria Police,-1.448737,55.009558,On or near WEST PERCY STREET,E01008524,North Tyneside 022B,Suspect charged
12caed8d3b33a314544b89ad16dba31ccfbad418eeb77175056f9dd954864ae3,2014-10,Northumbria Police,Northumbria Police,-1.526402,55.042738,On or near TELFORD CLOSE,E01008565,North Tyneside 007C,Investigation complete; no suspect identified
09af612af7abc9afff6be29addcaca2671fcca5d8bcf5fe40e191a7c1455c61e,2014-10,Northumbria Police,Northumbria Police,-1.577957,54.988417,On or near Supermarket,E01008365,Newcastle upon Tyne 012F,Suspect charged
b67f1bdf06277bcfbffb64158796aadf14fbc114b490a6167e55b3b65927d753,2014-10,Northumbria Police,Northumbria Police,-1.662347,55.009044,On or near DUNNYKIRK AVENUE,E01008295,Newcastle upon Tyne 008A,Investigation complete; no suspect identified
a48ee3afc5dfbf8ca6cbea11e205cf79761c28ee010c80a5f736e30e6bf2fa2a,2014-10,Northumbria Police,Northumbria Police,-1.573491,55.017643,On or near TENBURY CRESCENT,E01008471,North Tyneside 019A,Local resolution
4aa392761b23a742e81dc44f90e8a5ec6be384b40f00698628328ff1836610b2,2014-10,Northumbria Police,Northumbria Police,-1.992055,55.755378,On or near ALBERT ROAD,E01027389,Northumberland 001F,Investigation complete; no suspect identified
c4d1e3be2dc36b85b3973859bd6fa99c006b545ba806767884d121091ce2f06d,2014-10,Northumbria Police,Northumbria Police,-1.564882,55.184314,On or near REIVERDALE ROAD,E01027539,Northumberland 010C,Investigation complete; no suspect identified
60a53f40be5a07025f85a0254c6a87981f3754695076acab7e3ac036d9cd26c4,2014-10,Northumbria Police,Northumbria Police,-1.461449,54.841308,On or near WINDSOR CRESCENT,E01008714,Sunderland 034A,Suspect charged
1babd203c55889b2906978eab277f0113cc8c42e4c7176bca183a9cdea663f95,2014-10,Northumbria Police,Northumbria Police,-1.541144,55.209639,On or near Sports/Recreation Area,E01027451,Northumberland 008E,Investigation complete; no suspect identified
e6ac826f6421313e39677c6017270fb949d2d508a8438a1f09a3cb06a4cc0222,2014-10,Northumbria Police,Northumbria Police,-1.393701,54.904542,On or near WHARNCLIFFE STREET,E01008705,Sunderland 013C,Investigation complete; no suspect identified
a35090b59585495a3118036f2dff0cb9b4bd220094de36105f468629e02d4315,2014-10,Northumbria Police,Northumbria Police,-1.409251,54.927938,On or near WEMBLEY ROAD,E01008712,Sunderland 004A,Investigation complete; no suspect identified
7adad13d6556d71aa97f254f12bada0f82bdc4a2760845ff6c1d0376c89d7ae9,2014-10,Northumbria Police,Northumbria Police,-1.427523,54.867502,On or near MERRION CLOSE,E01008808,Sunderland 029E,Investigation complete; no suspect identified
a0080bf2b014714b40182d432045cd5b2e53254b10a606b1e35617011cec0283,2014-10,Northumbria Police,Northumbria Police,-1.572792,54.928847,On or near RUGBY GARDENS,E01008218,Gateshead 021A,Investigation complete; no suspect identified
23c131cdad040c746b81e5bed3067861bca2f1d66cea5bc16e5406a0cc2f352b,2014-10,Northumbria Police,Northumbria Police,-1.530617,55.127970,On or near EARL'S GARDENS,E01027391,Northumberland 024A,Investigation complete; no suspect identified
1dc3c6952e643994ecfb641394575bc43a298c529a3e509b84cbd46d1c8b4c3a,2014-10,Northumbria Police,Northumbria Police,-1.457534,54.928873,On or near BELGRADE SQUARE,E01008838,Sunderland 003C,Investigation complete; no suspect identified
1275f740bde9213923902e3ebef930f5248b88f1af1b2bedea97c8287a953869,2014-10,Northumbria Police,Northumbria Police,-1.436190,54.924130,On or near RIBBLE ROAD,E01008842,Sunderland 004F,Investigation complete; no suspect identified
6807014c2420e326f0a9185483383d1c367e68eb0b06315e741e2d90cd30e6b0,2014-10,Northumbria Police,Northumbria Police,-1.496391,54.867510,On or near Pedestrian Subway,E01008793,Sunderland 030A,Offender given a caution
6807014c2420e326f0a9185483383d1c367e68eb0b06315e741e2d90cd30e6b0,2014-10,Northumbria Police,Northumbria Police,-1.496391,54.867510,On or near Pedestrian Subway,E01008793,Sunderland 030A,Offender given a caution
ebec041c86db6a01089f580f49cabbad0c3161730cb323d28a50226838be2754,2014-10,Northumbria Police,Northumbria Police,-1.583532,55.080958,On or near Parking Area,E01027411,Northumberland 029C,Investigation complete; no suspect identified
10f16bba6c978bfadca8b07e983633f1635ca8f6f42c3cb2ccc3fa145d99f9d4,2014-10,Northumbria Police,Northumbria Police,-1.437026,54.973784,On or near ESKDALE STREET,E01008591,South Tyneside 011B,Investigation complete; no suspect identified
27d304ae8e38c1a00e151b0c5b020c89e8e71eea192ac3e89dd3fee286496a75,2014-10,Northumbria Police,Northumbria Police,-1.434635,54.986102,On or near EGLESFIELD ROAD,E01008664,South Tyneside 002A,Investigation complete; no suspect identified
1a89d26a2781d6820d59c9f4d81ab2cb5fc6a38581bdf9a4c87ac1992c5a4271,2014-10,Northumbria Police,Northumbria Police,-1.465122,55.010898,On or near DELAVAL AVENUE,E01008486,North Tyneside 020A,Investigation complete; no suspect identified
9c6e5e5259e4e95626a31923e2e82d8b8e247b72bef8ce3c8aedb447a8134428,2014-10,Northumbria Police,Northumbria Police,-1.555680,54.950892,On or near Parking Area,E01008215,Gateshead 003B,Investigation complete; no suspect identified
9f75de0f4f9b0575ee4061e2d987200a730db923f13d00cf356d37596f10a5c1,2014-10,Northumbria Police,Northumbria Police,-1.639337,54.952463,On or near Supermarket,E01008210,Gateshead 007B,Investigation complete; no suspect identified
0efacf004c438391656401e9cf6b07dc7e502021b93a06bff0562d6ec6529c80,2014-10,Northumbria Police,Northumbria Police,-1.578968,55.008352,On or near Supermarket,E01008320,Newcastle upon Tyne 007C,Investigation complete; no suspect identified
eaef7f490ed1712990dc6aa0c38d4df6746bc224429688599da455a109dfdeeb,2014-10,Northumbria Police,Northumbria Police,-1.563452,55.036209,On or near STRATFORD CLOSE,E01008505,North Tyneside 012B,Investigation complete; no suspect identified
870f8fd2af6b807e36180ad065f5de808c8c746c0c8814f2fbbb0c5492c52b7f,2014-10,Northumbria Police,Northumbria Police,-1.431710,54.901014,On or near HALESWORTH DRIVE,E01008812,Sunderland 012C,Investigation complete; no suspect identified
6fb0a731b200ea76043f879ba6494fb07987d1f22b21770baaacc0a32e651c00,2014-10,Northumbria Police,Northumbria Police,-2.041158,55.088582,On or near Park/Open Space,E01027480,Northumberland 019B,Investigation complete; no suspect identified
872a2cbad8fc105e7bb9e8e02257734570567beb8f864e73a02354ecd6aca3b4,2014-10,Northumbria Police,Northumbria Police,-1.582512,55.011887,On or near CHESTERS COURT,E01032650,North Tyneside 019G,Investigation complete; no suspect identified
165828c83c1d54da720f02cb05fea0e007283c38c716d4f00f625e8edcf31b24,2014-10,Northumbria Police,Northumbria Police,-1.718508,55.410621,On or near SYCAMORE AVENUE,E01027359,Northumberland 005B,Investigation complete; no suspect identified
59c6c125cf01b7311949a104b2e74574baec8151cc1bdafa66fdaf7fb84a2762,2014-10,Northumbria Police,Northumbria Police,-1.540291,54.947654,On or near HENDERSON GARDENS,E01008240,Gateshead 015B,Investigation complete; no suspect identified
cec056271bfade177efd5c37067157dee0eed1b94bd36ebcc6990cdc6629bc1e,2014-10,Northumbria Police,Northumbria Police,-2.097832,54.969825,On or near ARGYLE TERRACE,E01027494,Northumberland 035G,Investigation complete; no suspect identified
f362275448ada588481a2c0a57d0ef7eb5db51c8915cd0c7ddc9a06ebb3b1f30,2014-10,Northumbria Police,Northumbria Police,-2.097832,54.969825,On or near ARGYLE TERRACE,E01027494,Northumberland 035G,Investigation complete; no suspect identified
c06e4fac2104417981173e690bea201beb0730cf8f77bdabb1a96656cd33ef72,2014-10,Northumbria Police,Northumbria Police,-1.581940,55.078886,On or near AKELD CLOSE,E01027411,Northumberland 029C,Investigation complete; no suspect identified
b280a960c79499badea6f4403b63f4ff04a142819a3e4dbddb4b8067675cfb9a,2014-10,Northumbria Police,Northumbria Police,-1.665922,54.981412,On or near Supermarket,E01008346,Newcastle upon Tyne 019D,Investigation complete; no suspect identified
2a25cd4119ea173a5373503afb279977eba7d239d3acf6a1366e3c8b3df806dc,2014-10,Northumbria Police,Northumbria Police,-1.637121,54.974886,On or near LONGLEY STREET,E01008398,Newcastle upon Tyne 022C,Investigation complete; no suspect identified
c4e9a4ca15823584b3832267659feb415da8ebe339b4458a834ea216350cda8b,2014-10,Northumbria Police,Northumbria Police,-1.469751,54.997789,On or near Sports/Recreation Area,E01008541,North Tyneside 027C,Suspect charged
b2ddfde7d0b006bf83edc4c43d229d37ce723f0b285eee647655ad7cd94a2dc3,2014-10,Northumbria Police,Northumbria Police,-1.559834,54.889324,On or near Motorway Service Area,E01008172,Gateshead 026A,Investigation complete; no suspect identified
2bb3fb62fb7632459acebd8615bcba44596c243bcb4f80985491ae2153306237,2014-10,Northumbria Police,Northumbria Police,-1.411068,54.928540,On or near WESTERHAM CLOSE,E01008821,Sunderland 004D,Investigation complete; no suspect identified
74c3e32ee29f0ca030f675e4b930e161abab78616a7b83110c138614b351ed04,2014-10,Northumbria Police,Northumbria Police,-1.503932,55.127460,On or near FREEHOLD STREET,E01027442,Northumberland 023E,Investigation complete; no suspect identified
23dab61141481e039085b9dedb3fd288229f8321ea336fd95196c7a75d026c3f,2014-10,Northumbria Police,Northumbria Police,-1.654458,54.973616,On or near HAMPSTEAD ROAD,E01008332,Newcastle upon Tyne 029B,Investigation complete; no suspect identified
fa646f7a56bd34907f7b4ff33a38e45651c5c76cfdfcc31a5682b8eb6797d2cc,2014-10,Northumbria Police,Northumbria Police,-1.690879,54.983023,On or near LEGION ROAD,E01008416,Newcastle upon Tyne 025C,Investigation complete; no suspect identified
7c4684891a4a61d4b3e1afefb96e55ebace074414801b88ae8c1fd771e0f53ad,2014-10,Northumbria Police,Northumbria Police,-1.370684,54.920430,On or near GIVENS STREET,E01008789,Sunderland 006D,Investigation complete; no suspect identified
8801d8b4fb8d3e0dcd11e5fe55bcc2352d1495e1064676376c2e82e230b6d364,2014-10,Northumbria Police,Northumbria Police,-1.415888,54.895224,On or near ETTRICK GROVE,E01008761,Sunderland 015D,Investigation complete; no suspect identified
1aeb238fc2907b3e14c541ec5c1402d1c43fb8891cbcbf27ad1761845b4a09fe,2014-10,Northumbria Police,Northumbria Police,-1.560842,55.038833,On or near AMBERLEY CHASE,E01008504,North Tyneside 002C,Investigation complete; no suspect identified
d754a42180a27c8b7f027885288ac0203a10c29282ebe47f82e5f883f38d3bf5,2014-10,Northumbria Police,Northumbria Police,-1.508675,55.126886,On or near HAVELOCK STREET,E01027415,Northumberland 023B,Suspect charged
0d94e6c56b50f19163ab5088787d28bcd18acd4c9f83e497262da9639796737e,2014-10,Northumbria Police,Northumbria Police,-1.602375,54.978246,On or near NAPIER STREET,E01008407,Newcastle upon Tyne 023B,Investigation complete; no suspect identified
ee5935cf7c077da8b6bd7c7973ad3f42442c468866537f022af141a866171872,2014-10,Northumbria Police,Northumbria Police,-1.614445,54.974044,On or near BLACKETT STREET,E01008397,Newcastle upon Tyne 024C,Investigation complete; no suspect identified
19d4f01bda00d2b87d47e77b64a951fbbb2131e75d8177c29504ec7d68fe785e,2014-10,Northumbria Police,Northumbria Police,-1.435705,54.985577,On or near MARSHALL WALLIS ROAD,E01008664,South Tyneside 002A,Offender given a caution
7aeb8158f8c257a899f4fc04c8d63b7d90f33b340a23856cc96c6b6de1f453bf,2014-10,Northumbria Police,Northumbria Police,-1.650870,54.956720,On or near ST OMERS ROAD,E01008209,Gateshead 007A,Investigation complete; no suspect identified
f090189f9d347363059d084d47f5ac860de9a93a40cbfe998a2999d5a43c932a,2014-10,Northumbria Police,Northumbria Police,-1.621934,54.968460,On or near WESTMORLAND ROAD,E01033545,Newcastle upon Tyne 024H,Investigation complete; no suspect identified
b39ae8b4c81337b74abe12be950130dac34a954757709e7041e9209cee782f02,2014-10,Northumbria Police,Northumbria Police,-1.421408,54.972425,On or near ARTHINGTON WAY,E01008682,South Tyneside 005C,Investigation complete; no suspect identified
17bdfc436755df090a11ddf5a0ce3951abafa6e9faeef7aa0d41086eb364f2ec,2014-10,Northumbria Police,Northumbria Police,-1.395433,54.921175,On or near CARLEY ROAD,E01008709,Sunderland 005B,Investigation complete; no suspect identified
c818259d8d15d9b12897b43ed7003bd4325ff48f433608d9229c6474e57c570e,2014-10,Northumbria Police,Northumbria Police,-1.679872,54.987704,On or near WASDALE ROAD,E01008345,Newcastle upon Tyne 019C,Investigation complete; no suspect identified
f098221b1014527d2d1b5c59437412472ee1dead5915d13c9fb3030b18b3d952,2014-10,Northumbria Police,Northumbria Police,-1.617241,54.969164,On or near NEVILLE STREET,E01033545,Newcastle upon Tyne 024H,Investigation complete; no suspect identified
b7a205b8d5f8eb920601b3c3f85d681890874a72cb5f0a0779bc89690d11271d,2014-10,Northumbria Police,Northumbria Police,-1.623169,54.963314,On or near ARENA WAY,E01008438,Newcastle upon Tyne 029G,Investigation complete; no suspect identified
205fb67ef62fb0d32f8b902c4f1a3113c437fd0d56e44c290842cae3f064f0e6,2014-10,Northumbria Police,Northumbria Police,-1.506363,55.001367,On or near SIMONSIDE AVENUE,E01008509,North Tyneside 026B,Investigation complete; no suspect identified
34e06fe1c93fc9a4da19a83eb2352c75ff59f017d744bd78505c78b04cee70fc,2014-10,Northumbria Police,Northumbria Police,-1.441779,54.886718,On or near GREENOCK ROAD,E01008733,Sunderland 021E,Investigation complete; no suspect identified
1835771890ee31ee8dad51e8dc550606763dfd862f45b7a0f2af169b910dae0b,2014-10,Northumbria Police,Northumbria Police,-1.677206,55.014224,On or near THE CRESCENT,E01008458,Newcastle upon Tyne 004D,Investigation complete; no suspect identified
74394da6f25f3deb736200b9c09bd0cdbe6c57f6fdb2ebb37034b25aa0365ec6,2014-10,Northumbria Police,Northumbria Police,-2.103631,55.598157,On or near Parking Area,E01027381,Northumberland 003C,Investigation complete; no suspect identified
a4cf4240408866663e5f4090651e3d272421adae93f1000df86a5c08d82583cc,2014-10,Northumbria Police,Northumbria Police,-1.471326,55.082500,On or near COLLYWELL COURT,E01027419,Northumberland 030C,Investigation complete; no suspect identified
0282b156d5afe661fda72951b7c30c34960cefea9d4ea637fa8b823d1e835eac,2014-10,Northumbria Police,Northumbria Police,-1.614126,54.977988,On or near BARRAS BRIDGE,E01008397,Newcastle upon Tyne 024C,Investigation complete; no suspect identified
0eb5c5fc7285f1d482a61420e2440f316702a729ffdc47096d0838f4f338362d,2014-10,Northumbria Police,Northumbria Police,-1.452211,54.971498,On or near CAPULET GROVE,E01008672,South Tyneside 012D,Investigation complete; no suspect identified
6d8440650eff8fa7e283390bfc4d01220b6b5496e993d9519e8f55e2cfeb1d72,2014-10,Northumbria Police,Northumbria Police,-1.473633,55.083391,On or near WATERFORD CLOSE,E01027419,Northumberland 030C,Investigation complete; no suspect identified
3e3bc6a1f8cb8ea9fe30029d1bc38c3cdb4d0fd564e67bb0ae23f7d5ecb9939f,2014-10,Northumbria Police,Northumbria Police,-1.410591,54.973919,On or near GROSVENOR GARDENS,E01008635,South Tyneside 006A,Investigation complete; no suspect identified
117b09bdcec759f3458b852fc1fa0aa83dec074a76d353242bd008b23dfb96a4,2014-10,Northumbria Police,Northumbria Police,-1.409258,54.972151,On or near Supermarket,E01008634,South Tyneside 008B,Investigation complete; no suspect identified
259ebbd64728906dfba6f9b179ad6178ee02fa01f458e0a30131c916d3460c9e,2014-10,Northumbria Police,Northumbria Police,-1.573491,55.017643,On or near TENBURY CRESCENT,E01008471,North Tyneside 019A,Investigation complete; no suspect identified
14e4ccd0ac98307a347d41b10bd4a5a66e2b5bd2666947101af8c68105809a33,2014-10,Northumbria Police,Northumbria Police,-1.374183,54.899024,On or near AMBERLEY STREET SOUTH,E01008735,Sunderland 016B,Investigation complete; no suspect identified
e3f61cf52dcd919dcbe4a1de926664de58ef28bdfb80dc99ff27114af5f665fe,2014-10,Northumbria Police,Northumbria Police,-1.616818,54.952888,On or near SIDNEY GROVE,E01008170,Gateshead 008C,Offender given a caution
6c1c72230155fe9117b522b5588aec81539d1f0affa34c74a7c50aa669cd9a1d,2014-10,Northumbria Police,Northumbria Police,-1.459349,54.922689,On or near CAITHNESS SQUARE,E01008699,Sunderland 008F,Investigation complete; no suspect identified
30ef95602b888f657b6412d645ed77a278fb6013b450a127b6640f7c40e78b0a,2014-10,Northumbria Police,Northumbria Police,-1.659928,54.969587,On or near GERALD STREET,E01008291,Newcastle upon Tyne 027D,Investigation complete; no suspect identified
4bfe1515e5755148175b1fed5c68802632eed814cd3ff07d10dcd8fcdcde57b1,2014-10,Northumbria Police,Northumbria Police,-1.592700,55.057374,On or near EAST VIEW TERRACE,E01008578,North Tyneside 002D,Investigation complete; no suspect identified
2ee4e879f9a44169d4d4b2db9326cd9f9517f60cde08a1e8ad9eb909b259a74b,2014-10,Northumbria Police,Northumbria Police,-1.429001,54.995493,On or near BEACH ROAD,E01008595,South Tyneside 001A,Offender given penalty notice
f7abb13e654d28e5924bc598bdc693d02a9e1ebb26495529f9686d3f4846a5b7,2014-10,Northumbria Police,Northumbria Police,-1.436073,55.036261,On or near ELEANOR STREET,E01008496,North Tyneside 010B,Investigation complete; no suspect identified
c635699d320f6c8b01630d9ba3e078eba97301510f93a382643effce8e92d5d1,2014-10,Northumbria Police,Northumbria Police,-1.579552,54.935979,On or near BLUEBELL CLOSE,E01008219,Gateshead 016A,Investigation complete; no suspect identified
33241e9c19638a97f5f9663450f7ac94b99124683c50ffdff408b585d5dae294,2014-10,Northumbria Police,Northumbria Police,-1.668240,55.013032,On or near KINGSTON PARK AVENUE,E01008294,Newcastle upon Tyne 001A,Investigation complete; no suspect identified
4d09e9705a685b3e99fdbaeadd5d97c6a1db5a37e070e814b3b110871f1f248b,2014-10,Northumbria Police,Northumbria Police,-1.574722,54.987022,On or near WARTON TERRACE,E01008361,Newcastle upon Tyne 018D,Investigation complete; no suspect identified
e2b0ce9d24d1b1659fc86e890b8aa061209de7386b02f5f5d9d1d9f923b1a7da,2014-10,Northumbria Police,Northumbria Police,-1.687403,55.166834,On or near CHANTRY PLACE,E01027453,Northumberland 016B,Investigation complete; no suspect identified
b8598f168de10c1dfae7027109fb12baaa969382592bc4d654cd6515f3157467,2014-10,Northumbria Police,Northumbria Police,-1.852790,54.962155,On or near KEPWELL COURT,E01027498,Northumberland 038B,Investigation complete; no suspect identified
617912eba0e754fce3f7096bc7956eb3070fe4a5fd308d0ebc6b54279ea36458,2014-10,Northumbria Police,Northumbria Police,-1.549332,54.933525,On or near CLAYPATH,E01008285,Gateshead 018E,Investigation complete; no suspect identified
a377acb8260dc61f44e417acc5928699de6111ab1e299f278a7008d95de87176,2014-10,Northumbria Police,Northumbria Police,-1.499227,54.998238,On or near HARRISON ROAD,E01008510,North Tyneside 026C,Investigation complete; no suspect identified
fccd0c2a94e5e2533e25427a7e5b30a4d27f0fbcf84cebc099ef3845b3a0e145,2014-10,Northumbria Police,Northumbria Police,-1.577875,54.973958,On or near RABY WAY,E01008305,Newcastle upon Tyne 026D,Investigation complete; no suspect identified
4abcd7b0b7288246960bf07b130e330ef62ae81a8f5655926e3ae791f75a79b9,2014-10,Northumbria Police,Northumbria Police,-1.612279,54.947581,On or near RAYLEIGH GROVE,E01008254,Gateshead 010D,Investigation complete; no suspect identified
9fc3581f21bc8d8f2fd237582ef0c3d2f8a299a5bcfc26de7d67f4d7dc431a1d,2014-10,Northumbria Police,Northumbria Police,-1.535004,55.025635,On or near WESLEY WAY,E01008501,North Tyneside 018D,Offender given a caution
554ea74235d6f27c5dbefea0acda819547760b1193d713e63fab39167ab3f889,2014-10,Northumbria Police,Northumbria Police,-1.677429,54.992280,On or near FINSMERE PLACE,E01008350,Newcastle upon Tyne 019H,Investigation complete; no suspect identified
9fa092b157baad2f021b81fed2c75d55280d5ee399e630076b24714782e1ec95,2014-10,Northumbria Police,Northumbria Police,-1.638849,55.010432,On or near LEAGREEN COURT,E01008341,Newcastle upon Tyne 003F,Investigation complete; no suspect identified
e606debc8891930dd956029132cbcfef9c8017984792521bcdfb09ddcc49e542,2014-10,Northumbria Police,Northumbria Police,-1.560041,54.936171,On or near PLANESWAY,E01008233,Gateshead 018D,Investigation complete; no suspect identified
f481ab8cd6b17ade06bef8a71b2244d07db1f85545a0bf7b75f01df96c92fc2c,2014-10,Northumbria Police,Northumbria Police,-1.530597,54.910036,On or near ALBANY WAY,E01008879,Sunderland 010D,Investigation complete; no suspect identified
eb7bb3d39e7217675cb0640b8db9c3aee8dbda0594502403ec63e8e9f337a97e,2014-10,Northumbria Police,Northumbria Police,-1.852790,54.962155,On or near KEPWELL COURT,E01027498,Northumberland 038B,Local resolution
eb7bb3d39e7217675cb0640b8db9c3aee8dbda0594502403ec63e8e9f337a97e,2014-10,Northumbria Police,Northumbria Police,-1.852790,54.962155,On or near KEPWELL COURT,E01027498,Northumberland 038B,Local resolution
3de44dde09a2e99a16bd1fc0ec1de2930a04245e4ae28816a11bd1903b7b1824,2014-10,Northumbria Police,Northumbria Police,-1.772562,54.973354,On or near GRANGE LONNEN,E01008245,Gateshead 002F,Suspect charged
25448eb9e2f1823a06125b304375a8d95cba33ffdff2032f6ec9e22f60481504,2014-10,Northumbria Police,Northumbria Police,-1.682687,54.987522,On or near SILLOTH AVENUE,E01008345,Newcastle upon Tyne 019C,Investigation complete; no suspect identified
1bc20821713549c13199034451642a31824b940ab728ed316eafa28c467dd747,2014-10,Northumbria Police,Northumbria Police,-1.583335,55.099873,On or near GILSLAND GROVE,E01027401,Northumberland 027B,Investigation complete; no suspect identified
9f153ca2efc33e750e8d99ee60c5a1a8e58775fb39466141df3b7cf1702254a4,2014-10,Northumbria Police,Northumbria Police,-1.593883,55.087427,On or near STATION ROAD,E01027404,Northumberland 028E,Investigation complete; no suspect identified
c2d071edd2b405a00afb20038178b16705631fc8b698cc6821eb16f527fd3db2,2014-10,Northumbria Police,Northumbria Police,-1.565934,55.139531,On or near WEST ROAD,E01027551,Northumberland 020F,Investigation complete; no suspect identified
bf77408b805c0bcd75b72e0324a97558d971d992ebfde636d866892d7c823938,2014-10,Northumbria Police,Northumbria Police,-1.463340,54.944014,On or near DIDCOT WAY,E01008615,South Tyneside 023B,Investigation complete; no suspect identified
8c789a9253b2ece2fb6db5072656f899797f8dd8435664c87b639136ffe620a3,2014-10,Northumbria Police,Northumbria Police,-1.578027,55.054781,On or near BURRADON ROAD,E01008478,North Tyneside 002A,Investigation complete; no suspect identified
c30d80a5e680464d1966974b96cf849eaa540f9d2edda07b4ec24706d3465cb1,2014-10,Northumbria Police,Northumbria Police,-1.733218,54.932126,On or near HIGH HORSE CLOSE,E01008278,Gateshead 022D,Investigation complete; no suspect identified
abf9ceae078b169dd797703e523b5b85e947e3921636f2ccf5e28387c9cab621,2014-10,Northumbria Police,Northumbria Police,-1.528937,55.116174,On or near THROPTON AVENUE,E01027428,Northumberland 025D,Investigation complete; no suspect identified
7c4d3009c6818e779d625b49499019c7d00818f1c21398187395748c139d81e2,2014-10,Northumbria Police,Northumbria Police,-1.553218,54.963159,On or near YELVERTON CRESCENT,E01008427,Newcastle upon Tyne 030C,Investigation complete; no suspect identified
7c4d3009c6818e779d625b49499019c7d00818f1c21398187395748c139d81e2,2014-10,Northumbria Police,Northumbria Police,-1.553218,54.963159,On or near YELVERTON CRESCENT,E01008427,Newcastle upon Tyne 030C,Suspect charged
f769492df6cabee9535b34b1c011c27f06be7b6c435e3d4438392d2359584ef2,2014-10,Northumbria Police,Northumbria Police,-1.389881,54.897298,On or near THORNHILL GARDENS,E01008835,Sunderland 022G,Investigation complete; no suspect identified
eab61476ec08a5e26bab5d63884f301ca72acb8194ce85bf9cab2bff4af7a75e,2014-10,Northumbria Police,Northumbria Police,-1.756213,55.031499,On or near HIGH VIEW,E01027468,Northumberland 034B,Investigation complete; no suspect identified
c29f097c81046cb7a8a8986181aed3be5f78074671e9cf5fef9c812d20bee925,2014-10,Northumbria Police,Northumbria Police,-1.520568,55.121111,On or near SECOND AVENUE,E01027429,Northumberland 024D,Investigation complete; no suspect identified
5decf2ea01fedc00b2aeff59dcf707aedc6bf289bb3308be803bc36436b56e4b,2014-10,Northumbria Police,Northumbria Police,-1.821870,54.919025,On or near WHITTONSTALL ROAD,E01008186,Gateshead 024B,Investigation complete; no suspect identified
0951deb3ac97ba55b606ddab76db5ed89faa58b56417a2cee0b5f7e9e7c4e39c,2014-10,Northumbria Police,Northumbria Police,-1.669292,54.959225,On or near SCOTSWOOD VIEW,E01008262,Gateshead 009A,Investigation complete; no suspect identified
7860b3a205790bc76537137d11ec913f2433b676fb3ee62b40f04da359538b67,2014-10,Northumbria Police,Northumbria Police,-1.650153,54.974646,On or near KELDANE GARDENS,E01008333,Newcastle upon Tyne 029C,Investigation complete; no suspect identified
f8684a84aa67b2138ff21252b51b9454de1689a3cf3b3963ea47b9d8e53115d4,2014-10,Northumbria Police,Northumbria Police,-1.590336,54.982169,On or near OUSEBURN ROAD,E01008410,Newcastle upon Tyne 023D,Investigation complete; no suspect identified
5f4bed52d63e970d4de2708c00d94695715492f360e2eb17929a7918fed5b15d,2014-10,Northumbria Police,Northumbria Police,-1.474708,55.012018,On or near BARDOLPH ROAD,E01008492,North Tyneside 023E,Investigation complete; no suspect identified
e3e379689abd7aa7a034724d5091bda7580fb8702f3173a325a080f3b7fbcd77,2014-10,Northumbria Police,Northumbria Police,-1.594330,55.133024,On or near SCHALKSMUHLE ROAD,E01027516,Northumberland 021B,Suspect charged
f3c36dda82942dcdb6dbbf0b0a01ecc0d2e82b9364d73ac9e70247c887b548c4,2014-10,Northumbria Police,Northumbria Police,-1.584919,54.971017,On or near ST LAWRENCE SQUARE,E01008304,Newcastle upon Tyne 026C,Investigation complete; no suspect identified
c5b8240ccb98a1f44ff37a90687cba7372880c098d14c65930ec25667651b5f6,2014-10,Northumbria Police,Northumbria Police,-1.470060,54.841283,On or near DURHAM ROAD,E01008754,Sunderland 034F,Investigation complete; no suspect identified
3d2354fc7402eb09076164380774eecc13f42e33a670493a2e96f7be89ebd501,2014-10,Northumbria Police,Northumbria Police,-1.786951,54.967126,On or near MAIN STREET,E01008199,Gateshead 002D,Investigation complete; no suspect identified
8212137cfedfdace954c349f2c606fa44c61c666bc259b2b7b4ba5a94833709f,2014-10,Northumbria Police,Northumbria Police,-1.580749,54.900424,On or near EDWARD ROAD,E01008223,Gateshead 025B,Investigation complete; no suspect identified
abb4848f92d52cea90c2420fbb51478883dbd92359428a2b5cc674b8292e2ad5,2014-10,Northumbria Police,Northumbria Police,-1.637645,54.937568,On or near ROTHBURY GARDENS,E01008256,Gateshead 019A,Investigation complete; no suspect identified
65acf29f7566002891cc2f17a2ee6ad21dd5416811f7a3fe55e7ad8b62522277,2014-10,Northumbria Police,Northumbria Police,-1.580497,54.978694,On or near HEATON PLACE,E01008303,Newcastle upon Tyne 018A,Suspect charged
5aaad0827725342e19032f659507b70b1458e4156f3a0f0a934ca52ec8dfe21c,2014-10,Northumbria Police,Northumbria Police,-1.602375,54.978246,On or near NAPIER STREET,E01008407,Newcastle upon Tyne 023B,Investigation complete; no suspect identified
d0e8a39f193ce158e97d6e1d6db1c2c02fac87b56b79417403444b4741b14c05,2014-10,Northumbria Police,Northumbria Police,-1.666303,54.973119,On or near RIDDELL AVENUE,E01008289,Newcastle upon Tyne 027B,Investigation complete; no suspect identified
12a80d6a9222ade83dfa3932e2ddab02d781939fde82600956c54ae143662e60,2014-10,Northumbria Police,Northumbria Police,-1.439580,54.971028,On or near BOLDON LANE,E01008594,South Tyneside 011D,Investigation complete; no suspect identified
f9e69501c1b86941638553e168ab53a237b2bcf90a1ac6035372eabd9f69d80c,2014-10,Northumbria Police,Northumbria Police,-1.382615,54.902383,On or near Parking Area,E01008831,Sunderland 013D,Offender given a caution
bc198773d33ec5b92d65ff9e5dde3478d083afed08b50cedfc4dc629f4bbba2d,2014-10,Northumbria Police,Northumbria Police,-1.559105,54.987425,On or near MAPLEWOOD,E01008433,Newcastle upon Tyne 020C,Investigation complete; no suspect identified
ded16fb8f41c7738566b6b8cdb6bbfb67bc39f15a5e6e0c0b26db54959b220c6,2014-10,Northumbria Police,Northumbria Police,-1.566051,54.917213,On or near THOMAS STREET,E01008225,Gateshead 021D,Investigation complete; no suspect identified
0b53430ba859c078aaeec8992823cf4a4727e4258ec9ef4ff3f16cdbef2e9eeb,2014-10,Northumbria Police,Northumbria Police,-1.602375,54.978246,On or near NAPIER STREET,E01008407,Newcastle upon Tyne 023B,Investigation complete; no suspect identified
fa591ad4866cd672232045f05938a9a4a857245c6245f52e1e04a537677153a6,2014-10,Northumbria Police,Northumbria Police,-1.655752,54.970249,On or near Supermarket,E01008332,Newcastle upon Tyne 029B,Suspect charged as part of another case
f8eeb3d69df61a65bc749e1cf09df9628134f5cad5655028c87e61a36ecd4ed9,2014-10,Northumbria Police,Northumbria Police,-1.893068,55.003174,On or near Park/Open Space,E01027483,Northumberland 036A,Investigation complete; no suspect identified
8dc281c503fc7abc238ea2a0dc5c1af9d87add83da9f7ef79f03609acf5bd7d3,2014-10,Northumbria Police,Northumbria Police,-1.427488,54.890839,On or near SELKIRK SQUARE,E01008825,Sunderland 023C,Investigation complete; no suspect identified
1ce71e782c633a9ec4e5c7429d709cda90a2f88118c3a57edfa84c829a463255,2014-10,Northumbria Police,Northumbria Police,-1.515929,55.032722,On or near HEATHFIELD,E01032648,North Tyneside 011F,Suspect charged
33316a91dfbea6366e2c671ed2a7885056d982e891619a4c1e0fd08c25045890,2014-10,Northumbria Police,Northumbria Police,-1.662787,54.969568,On or near PROVOST GARDENS,E01008290,Newcastle upon Tyne 027C,Investigation complete; no suspect identified
fc52927ded9e25d680511a0a4755502c19118be810af2b3c14efb1f6ae2ff3ad,2014-10,Northumbria Police,Northumbria Police,-1.656851,54.995234,On or near DEEPDALE CRESCENT,E01008380,Newcastle upon Tyne 008G,Investigation complete; no suspect identified
0f35188da0ef7ab0aa5f507e41584f93eb60e59082d01f19c9eea4b721bb073d,2014-10,Northumbria Police,Northumbria Police,-1.618773,54.922871,On or near Parking Area,E01008226,Gateshead 025D,Investigation complete; no suspect identified
f0cd74df70cc839246793b8c650acb384243cf1f910dae8fe8b2bc41412f0031,2014-10,Northumbria Police,Northumbria Police,-1.426353,54.989361,On or near EAST STAINTON STREET,E01008668,South Tyneside 002E,Investigation complete; no suspect identified
d017ab8da63ccf62b3c3a9e1a9b6b87a1a2e0a4b892cf4c8aa06bce8c4b58a34,2014-10,Northumbria Police,Northumbria Police,-1.611977,54.974045,On or near Shopping Area,E01033543,Newcastle upon Tyne 024G,Suspect charged
d017ab8da63ccf62b3c3a9e1a9b6b87a1a2e0a4b892cf4c8aa06bce8c4b58a34,2014-10,Northumbria Police,Northumbria Police,-1.611977,54.974045,On or near Shopping Area,E01033543,Newcastle upon Tyne 024G,Suspect charged
a5d9c1b863b4d5f4a6fef277f5f73586414563602324900a06c67e8ae45d2ea9,2014-10,Northumbria Police,Northumbria Police,-1.668555,54.957641,On or near Shopping Area,E01008262,Gateshead 009A,Suspect charged
1448e9b20c48e19fdbddb8f55db85d6f5a6c7a58f77d3ad1ddde21c0cc920ea8,2014-10,Northumbria Police,Northumbria Police,-1.440475,54.896436,On or near Shopping Area,E01008810,Sunderland 014A,Offender given a caution
b1ead2d8813eca94ec29f110d4c0f1f67118ea5f1c2157554c7423c70229eeda,2014-10,Northumbria Police,Northumbria Police,-1.557787,55.185420,On or near WOODHORN ROAD,E01027539,Northumberland 010C,Investigation complete; no suspect identified
3c98979ecd1649e62a153c1046b2e1c7c7cfa66ec0255b7b63226a5f9ad4e2a5,2014-10,Northumbria Police,Northumbria Police,-1.507445,55.027899,On or near NEW YORK ROAD,E01008569,North Tyneside 011C,Suspect charged
70866a59babcf4176636636801741b99506e52963a4d3946309be990f3b87379,2014-10,Northumbria Police,Northumbria Police,-1.388104,54.926063,On or near LAMARA DRIVE,E01008713,Sunderland 001A,Investigation complete; no suspect identified
e53c3a52818c6b0cd842304664e4421f0a3aceeef3a782a4f7869433b4c65445,2014-10,Northumbria Police,Northumbria Police,-1.392125,54.921186,On or near BOUNDARY STREET,E01008708,Sunderland 005A,Investigation complete; no suspect identified
f80ed9d60ce184b9a75750dabf9fe9217129cef78c641115f90da9354d1bb724,2014-10,Northumbria Police,Northumbria Police,-2.103776,54.973064,On or near Parking Area,E01027476,Northumberland 035A,Investigation complete; no suspect identified
f740d40ac72137d2b0766bab551b36dbc2f99b22eef70aafa277a13829bd0a42,2014-10,Northumbria Police,Northumbria Police,-1.623169,54.963314,On or near ARENA WAY,E01008438,Newcastle upon Tyne 029G,Investigation complete; no suspect identified
5205216a64d448c86d33b31b8588e35008f7f55064adf61749cdf8d2c66bbff6,2014-10,Northumbria Police,Northumbria Police,-1.462700,55.042366,On or near RELTON TERRACE,E01008520,North Tyneside 003A,Investigation complete; no suspect identified
6eae5349974476685eabef4fe00c591683ddeacdf851b49006f1794a19f95280,2014-10,Northumbria Police,Northumbria Police,-1.608306,54.964391,On or near FLETCHER ROAD,E01008168,Gateshead 027D,Investigation complete; no suspect identified
1b9a995a942885260ac3c7ae573b17113da1a0448166dddb5bcb9a1b05e8a25c,2014-10,Northumbria Police,Northumbria Police,-1.624282,54.971235,On or near CROSS VILLA PLACE NO 2,E01033554,Newcastle upon Tyne 024I,Investigation complete; no suspect identified
c5921559786d13c4ab5d2faa0958036aa96b12611b2719df669a374fb38abd78,2014-10,Northumbria Police,Northumbria Police,-1.690683,54.990131,On or near CORSENSIDE,E01008327,Newcastle upon Tyne 015D,Investigation complete; no suspect identified
1e15f2f6be885509a771391e1d27d6a412020aef51a16d1a999da53db159acf9,2014-10,Northumbria Police,Northumbria Police,-1.659928,54.969587,On or near GERALD STREET,E01008291,Newcastle upon Tyne 027D,Investigation complete; no suspect identified
19710f9eae9f28b9fd952b8f67bc5c1449dd19c519a19155ecfdd5fcfcffcb6c,2014-10,Northumbria Police,Northumbria Police,-1.574085,54.979211,On or near MILLERS ROAD,E01008392,Newcastle upon Tyne 026F,Investigation complete; no suspect identified
14e01ff392ba8f853ca0c67cfa832e232334663a56b4b30b87a10eb4ec74965b,2014-10,Northumbria Police,Northumbria Police,-1.562237,55.078754,On or near WELDON ROAD,E01027395,Northumberland 028A,Suspect charged
14e01ff392ba8f853ca0c67cfa832e232334663a56b4b30b87a10eb4ec74965b,2014-10,Northumbria Police,Northumbria Police,-1.562237,55.078754,On or near WELDON ROAD,E01027395,Northumberland 028A,Suspect charged
14e01ff392ba8f853ca0c67cfa832e232334663a56b4b30b87a10eb4ec74965b,2014-10,Northumbria Police,Northumbria Police,-1.562237,55.078754,On or near WELDON ROAD,E01027395,Northumberland 028A,Suspect charged
c7de5089bc4cbb99d71e000bbf70b38dd97db2dc3a9daa53ec93d7aec3ef90cc,2014-10,Northumbria Police,Northumbria Police,-1.568239,54.973628,On or near WELBECK ROAD,E01008302,Newcastle upon Tyne 026B,Investigation complete; no suspect identified
491daa9653c26a734a33529787ed8030297dcafe310271c21fdb0bcb7c192c35,2014-10,Northumbria Police,Northumbria Police,-1.401799,54.928522,On or near EYEMOUTH LANE,E01008712,Sunderland 004A,Investigation complete; no suspect identified
d1e7846fe9c809d4c6f1d5c963c7d8b398105a7d32784c0d49de7b1abdbc3999,2014-10,Northumbria Police,Northumbria Police,-1.585278,54.902767,On or near MARY AVENUE,E01008223,Gateshead 025B,Suspect charged
3bde994be210e7bbd20168acf3dff7f64958d12c8f1619ff65a3a8e4faa05362,2014-10,Northumbria Police,Northumbria Police,-1.692244,54.990369,On or near CRIGDON HILL,E01008327,Newcastle upon Tyne 015D,Investigation complete; no suspect identified
096f3959a89f898576341820761ddcc8a87b51f8db62fdee2acc7e6030e62299,2014-10,Northumbria Police,Northumbria Police,-2.010094,55.766088,On or near MAIN STREET,E01027387,Northumberland 001D,Investigation complete; no suspect identified
1d52053bb9b36a81f5b5469d010f21cfbd54bfe55b2a960ede260604e40adc53,2014-10,Northumbria Police,Northumbria Police,-1.603187,55.084385,On or near LINDSEY CLOSE,E01027413,Northumberland 029E,Investigation complete; no suspect identified
82deee34313d37e8d12ea8bd030bc27261b1eda8f1672791bca1a6debb41862a,2014-10,Northumbria Police,Northumbria Police,-1.582821,54.941319,On or near CAUSEWAY,E01008228,Gateshead 012D,Investigation complete; no suspect identified
a520a87201870ca300eb1ed6d4c7d3406fc5830290af21b977fd638e8ccdb8d9,2014-10,Northumbria Police,Northumbria Police,-1.601602,54.990043,On or near QUEEN'S ROAD,E01008368,Newcastle upon Tyne 017B,Investigation complete; no suspect identified
b80772365c99cdca9e1b4aadf1b0923c1b2477a789f0bca869fe62bf8efb7cdb,2014-10,Northumbria Police,Northumbria Police,-1.536329,54.909312,On or near WHINWAY,E01008879,Sunderland 010D,Investigation complete; no suspect identified
fa3da77cbfed8c083354e26090bb454b51aa7ebadd5eb95cee89086120e826c3,2014-10,Northumbria Police,Northumbria Police,-1.608236,55.005296,On or near BALMORAL TERRACE,E01008418,Newcastle upon Tyne 005C,Suspect charged
c5f4806aa4ad0b65f137234a835f88e5f09ddc7c6d8e45ee0a7e8b3edb516c01,2014-10,Northumbria Police,Northumbria Police,-1.485748,55.040138,On or near SANDRINGHAM CLOSE,E01008518,North Tyneside 007A,Investigation complete; no suspect identified
2e33169db19160d1c85dc60de4a3b5f45964906be80b9ebc9eb847705a064354,2014-10,Northumbria Police,Northumbria Police,-1.459245,55.002578,On or near EPSOM CLOSE,E01008545,North Tyneside 027E,Investigation complete; no suspect identified
2e33169db19160d1c85dc60de4a3b5f45964906be80b9ebc9eb847705a064354,2014-10,Northumbria Police,Northumbria Police,-1.459245,55.002578,On or near EPSOM CLOSE,E01008545,North Tyneside 027E,Investigation complete; no suspect identified
e82903d6a03711bd52b8c7e388d073321fc763f61fb9c230b73851b21f5be618,2014-10,Northumbria Police,Northumbria Police,-1.614472,54.971249,On or near BIGG MARKET,E01033543,Newcastle upon Tyne 024G,Investigation complete; no suspect identified
aed53604652ee916a8817e666466f1b315be5759052089785325f1594708ac0a,2014-10,Northumbria Police,Northumbria Police,-1.537923,54.891372,On or near LOMOND CLOSE,E01008871,Sunderland 020E,Investigation complete; no suspect identified
ddb08b10f584c83152746f11a81a11629ec07bcad5b192941e1ebb8ffeefa289,2014-10,Northumbria Police,Northumbria Police,-1.581978,54.994075,On or near THROPTON TERRACE,E01008318,Newcastle upon Tyne 012D,Local resolution
ddb08b10f584c83152746f11a81a11629ec07bcad5b192941e1ebb8ffeefa289,2014-10,Northumbria Police,Northumbria Police,-1.581978,54.994075,On or near THROPTON TERRACE,E01008318,Newcastle upon Tyne 012D,Local resolution
0108335b9cbdf754bca240e7520afd633d07688eadbb7176cb7739cf1aa78e02,2014-10,Northumbria Police,Northumbria Police,-1.415893,54.972444,On or near PRINCE OF WALES CLOSE,E01008681,South Tyneside 006D,Investigation complete; no suspect identified
cc26f6311404efb71f9a673f5c29b934f51124e54690714b58ed37c8a6e0aeca,2014-10,Northumbria Police,Northumbria Police,-1.445007,54.927505,On or near KIDDERMINSTER ROAD,E01008841,Sunderland 003F,Investigation complete; no suspect identified
3ee0129d9ea0fcf3c79030b7e4534274336c4296984f18f5991e85b541b5ad03,2014-10,Northumbria Police,Northumbria Police,-1.519703,54.973482,On or near Parking Area,E01008641,South Tyneside 010C,Suspect charged as part of another case
cb337c71dd8babd7e73baacb45286a97a65e1a3dd3f0093c5dd55e1bf113bde6,2014-10,Northumbria Police,Northumbria Police,-1.440861,54.925976,On or near RENNIE ROAD,E01008841,Sunderland 003F,Investigation complete; no suspect identified
47c04ee3be376835779ff74295d3cfa572294be133d3fdf5417e43a5ec108b29,2014-10,Northumbria Police,Northumbria Police,-1.531682,54.991187,On or near CHESTNUT STREET,E01008573,North Tyneside 029B,Suspect charged
75ed70778dffab0e6537b044915260e7c169fa7cc82788c97a9e5238b0bce747,2014-10,Northumbria Police,Northumbria Police,-1.660282,54.970280,On or near ATKINSON TERRACE,E01008291,Newcastle upon Tyne 027D,Investigation complete; no suspect identified
218927a652113f87616abe0185bc625e605bffde5658fd8ab993fdb7a29da889,2014-10,Northumbria Police,Northumbria Police,-1.637121,54.974886,On or near LONGLEY STREET,E01008398,Newcastle upon Tyne 022C,Investigation complete; no suspect identified
05c7e1239fd69f44df6118555e6a34907efc0290c97eafbab4d9ea0f63c18121,2014-10,Northumbria Police,Northumbria Police,-1.473061,54.845179,On or near STATION ROAD,E01008754,Sunderland 034F,Investigation complete; no suspect identified
a5e984890868232f022b3b97e231842083e1b8db2fbe402e9f9e61970aa17141,2014-10,Northumbria Police,Northumbria Police,-1.453843,54.949076,On or near ERNEST STREET,E01008610,South Tyneside 021A,Investigation complete; no suspect identified
86026cfdc56e1d3818ac1a5f9ae8a3fa1871a72b16a7857f931836f4593e083d,2014-10,Northumbria Police,Northumbria Police,-1.565207,54.894187,On or near PORTMEADS ROAD,E01008174,Gateshead 026C,Investigation complete; no suspect identified
45c0d790cc7cd794ed1d727f31622c20fa3c7f278db5ed905fef78d9bd30c542,2014-10,Northumbria Police,Northumbria Police,-1.613189,54.969906,On or near COLLINGWOOD STREET,E01033545,Newcastle upon Tyne 024H,Investigation complete; no suspect identified
4308114542ca87a60349ccf0e027cfe01513a49222234f7bae4b59a419381053,2014-10,Northumbria Police,Northumbria Police,-1.446445,54.868174,On or near WEST PARK,E01008772,Sunderland 029A,Investigation complete; no suspect identified
4a74a05ba3518c7d149719a4754630ada75d9dac1e4f7f0e77d58aff960524de,2014-10,Northumbria Police,Northumbria Police,-1.489787,54.977135,On or near WUPPERTAL COURT,E01008661,South Tyneside 007D,Investigation complete; no suspect identified
d0c3aa49e8128af5bdf53265d502fbd2a28b58d27e7a2f543ceee06e427227b9,2014-10,Northumbria Police,Northumbria Police,-1.539780,54.954122,On or near LAUDER WAY,E01008244,Gateshead 003D,Investigation complete; no suspect identified
932305c9a9b56cdf60f1af7462281b8030105a2024ef9c16aa7d8eb2551d50d8,2014-10,Northumbria Police,Northumbria Police,-1.660282,54.970280,On or near ATKINSON TERRACE,E01008291,Newcastle upon Tyne 027D,Investigation complete; no suspect identified
3315e5ad1d1c90291c39a27cfb5d5158cd7cf0b0962118a668a81f5a42c4214b,2014-10,Northumbria Police,Northumbria Police,-1.372012,54.878218,On or near Pedestrian Subway,E01008763,Sunderland 028A,Investigation complete; no suspect identified
454ae9e15984014be1223c06131a995854cdbb7d4c4776fb676f68f8eee1b248,2014-10,Northumbria Police,Northumbria Police,-1.387265,54.900115,On or near AZALEA TERRACE NORTH,E01008831,Sunderland 013D,Investigation complete; no suspect identified
454ae9e15984014be1223c06131a995854cdbb7d4c4776fb676f68f8eee1b248,2014-10,Northumbria Police,Northumbria Police,-1.387265,54.900115,On or near AZALEA TERRACE NORTH,E01008831,Sunderland 013D,Investigation complete; no suspect identified
015473e23b824088be66ad15488eafa1afd62b518110f42fc1d1a8f074ed92a2,2014-10,Northumbria Police,Northumbria Police,-1.572595,54.969510,On or near JANET STREET,E01008301,Newcastle upon Tyne 026A,Investigation complete; no suspect identified
b407bee0b4adcb0b2950216191260b617add67b73444e60f26192962bc84005a,2014-10,Northumbria Police,Northumbria Police,-1.595683,54.966300,On or near Parking Area,E01008166,Gateshead 027C,Investigation complete; no suspect identified
18880b7de33d9f2e8562134e3c49c943b0eb1e3d81fca39a4540f70f0395a0a7,2014-10,Northumbria Police,Northumbria Police,-1.421177,54.885229,On or near PRIMATE ROAD,E01008827,Sunderland 023E,Investigation complete; no suspect identified
82d348dae567c0886e7f97070bcc041e78fecc243e61dbf80787d2db400f7a87,2014-10,Northumbria Police,Northumbria Police,-1.431736,54.986672,On or near LAYGATE,E01008664,South Tyneside 002A,Investigation complete; no suspect identified
ce397434c0a4f1495572aa0e6a4aa24f8f9b4ef74af7778710a88dd58653b1dd,2014-10,Northumbria Police,Northumbria Police,-1.614223,54.974393,On or near ELDON LANE,E01008397,Newcastle upon Tyne 024C,Investigation complete; no suspect identified
0bf3658aa3ddb14112e572ab4637005d8b7e00a3ec5db3a36138aa636ce1dec1,2014-10,Northumbria Police,Northumbria Police,-1.381543,54.915336,On or near MONK STREET,E01008791,Sunderland 006F,Investigation complete; no suspect identified
13b9b5a40af295d98f01847a1e8759507fecb6bdf67fbb8ef23a1c7c09d2aad6,2014-10,Northumbria Police,Northumbria Police,-1.610908,55.008710,On or near EBBA WALK,E01008354,Newcastle upon Tyne 005B,Investigation complete; no suspect identified
0592b0bf59cd6db0857efef7f85b226097daf181f3204b93f4bcec2ced7b416c,2014-10,Northumbria Police,Northumbria Police,-1.614126,54.977988,On or near BARRAS BRIDGE,E01008397,Newcastle upon Tyne 024C,Investigation complete; no suspect identified
c8ad8f317aa2831d4fc44b5646ebf2dd6ce6e24a70e36b9f0b090aa9661f3f50,2014-10,Northumbria Police,Northumbria Police,-1.599188,55.056605,On or near ANGERTON TERRACE,E01008583,North Tyneside 002E,Suspect charged
c8ad8f317aa2831d4fc44b5646ebf2dd6ce6e24a70e36b9f0b090aa9661f3f50,2014-10,Northumbria Police,Northumbria Police,-1.599188,55.056605,On or near ANGERTON TERRACE,E01008583,North Tyneside 002E,Suspect charged
5b6a8c848bdeb8d4a70b9273ed82d9e9d082151bc6d219b54567b4675c06e97f,2014-10,Northumbria Police,Northumbria Police,-1.385988,54.887698,On or near LARCHWOOD GROVE,E01008784,Sunderland 022E,Investigation complete; no suspect identified
4b3b74c254fab2f0fd4ea5bf2453a64dc830afd5a179f805c9fb04b2cf2317c6,2014-10,Northumbria Police,Northumbria Police,-1.641119,54.971537,On or near MILL LANE,E01008331,Newcastle upon Tyne 029A,Investigation complete; no suspect identified
b8cb7a46c987d143f7a5c8c7ccb1ea70307c9a313abea744b66baf60e8aa3e7b,2014-10,Northumbria Police,Northumbria Police,-1.569288,55.001192,On or near HALLEYPIKE CLOSE,E01008319,Newcastle upon Tyne 007B,Suspect charged
2b17b3b549dcf296bc15e6f72e4e8f99ebf8440936aef09fb082094f7b89195a,2014-10,Northumbria Police,Northumbria Police,-1.631828,55.065119,On or near A19,E01008582,North Tyneside 004E,Investigation complete; no suspect identified
64c70746f2653a9ac407b54f6f42ca8b6aaae6adec323e22d8cb91f0a84fc7be,2014-10,Northumbria Police,Northumbria Police,-1.631752,54.970916,On or near ELSWICK STREET,E01008439,Newcastle upon Tyne 024E,Investigation complete; no suspect identified
5dbb671d843d89845810c259d457bd5e2d6db3a9cfe42ffd686bfc7d9d460cc0,2014-10,Northumbria Police,Northumbria Police,-1.591061,55.331485,On or near WEST AVENUE,E01027364,Northumberland 006D,Investigation complete; no suspect identified
8a8ffdcf964f8893c6deec6a9c93dac32e74f6c9719fb8a22ce3a7224f661f0d,2014-10,Northumbria Police,Northumbria Police,-1.634580,54.974321,On or near LIDDLE ROAD,E01008398,Newcastle upon Tyne 022C,Investigation complete; no suspect identified
ca9c1ce0fde09398e6114c2e699313ce63a12b16378ec11265cae5dac6bfbee2,2014-10,Northumbria Police,Northumbria Police,-1.386805,54.906817,On or near CROWTREE ROAD,E01008703,Sunderland 013B,Investigation complete; no suspect identified
50014ca001a21ff8ef7cbf16752c4c994e640116d5b10f89b2a8c68346a47204,2014-10,Northumbria Police,Northumbria Police,-1.455180,54.948309,On or near SIDNEY STREET,E01008610,South Tyneside 021A,Investigation complete; no suspect identified
cd964fc7e26087e6366ec428d959d0aab9067284a265dde4e35f23258549d512,2014-10,Northumbria Police,Northumbria Police,-1.611126,54.947353,On or near FARADAY GROVE,E01008254,Gateshead 010D,Investigation complete; no suspect identified
6280bdc49f6e52ca4bb9465f4836c228e1f3bd08f4aaa8eafe5bf9fd4d390c0e,2014-10,Northumbria Police,Northumbria Police,-1.435570,55.037562,On or near JOHN STREET,E01008496,North Tyneside 010B,Investigation complete; no suspect identified
3f1d5a3a6c7db4358317bb5eedafede566e88c991f1e4497677869634c14ec17,2014-10,Northumbria Police,Northumbria Police,-1.525159,54.979731,On or near ANN STREET,E01008638,South Tyneside 010A,Investigation complete; no suspect identified
22ac6d94fba2a8c138892a3d47519462b4e38d74d7a3c757d7f4679574d954e3,2014-10,Northumbria Police,Northumbria Police,-1.621585,54.965664,On or near Parking Area,E01033545,Newcastle upon Tyne 024H,Investigation complete; no suspect identified
ebbca03d251f5d3e1c01679631b1f25e872cad54bf4c0e777736ab4aa1a4fea2,2014-10,Northumbria Police,Northumbria Police,-1.542448,54.974954,On or near WINSLOW PLACE,E01008429,Newcastle upon Tyne 028D,Suspect charged
2c659d17ecffb42407c132713a5c6370f067b455af5e75cb5d6b1d8618f4d446,2014-10,Northumbria Police,Northumbria Police,-2.372187,55.318077,On or near OTTERBURN GREEN,E01027503,Northumberland 019C,Investigation complete; no suspect identified
36cd08e933df705e682b26b7a88fcb02786dca3bc3c45f257824461d02f18c1a,2014-10,Northumbria Police,Northumbria Police,-1.542448,54.974954,On or near WINSLOW PLACE,E01008429,Newcastle upon Tyne 028D,Suspect charged
6a35d56794611401e2a36a78e492d5a39ef877b272bf9df57dda01d6f272da6d,2014-10,Northumbria Police,Northumbria Police,-1.627195,54.957018,On or near AUTUMN DRIVE,E01008258,Gateshead 007C,Investigation complete; no suspect identified
430733458e271b1e5d4d9563027476e4dea3ac8d58b5703e262a0f3a02f7b417,2014-10,Northumbria Police,Northumbria Police,-1.432302,54.986423,On or near BEAUFRONT TERRACE,E01008664,South Tyneside 002A,Suspect charged
38825c16acfd6c30788751faf28e547f63534d4bb83bec9f0ab8f336c443418a,2014-10,Northumbria Police,Northumbria Police,-1.604153,54.962643,On or near Shopping Area,E01008168,Gateshead 027D,Investigation complete; no suspect identified
227de2f0a884fc701b351891ff919889723464f179ea21c2e1dfa3080a3b12be,2014-10,Northumbria Police,Northumbria Police,-1.574348,54.945450,On or near RECTORY ROAD,E01008228,Gateshead 012D,Investigation complete; no suspect identified
612b4501126a924107bc47ebb21cf9c7c3990a1b72dee7dbfdc494583fab7451,2014-10,Northumbria Police,Northumbria Police,-1.459874,54.949867,On or near GIBSON COURT,E01008613,South Tyneside 021D,Investigation complete; no suspect identified
6e877e8dd862e59fd7c5b7e49fb6dddfe3e9c42faeb1fcea1d5d94c0718b5844,2014-10,Northumbria Police,Northumbria Police,-1.555302,54.973824,On or near PARSON'S AVENUE,E01008426,Newcastle upon Tyne 028C,Offender given a caution
4739863469180a502c1fe352a2b95218186c2ba59e0f4cf75ae4940f21230f83,2014-10,Northumbria Police,Northumbria Police,-1.719610,54.954517,On or near PARKSIDE AVENUE,E01008280,Gateshead 004E,Investigation complete; no suspect identified
54b71f0f9f36a749ad25b96bfe7699c8c1986b85f4f9818fb18593366ac40105,2014-10,Northumbria Police,Northumbria Police,-1.712948,54.964701,On or near Further/Higher Educational Building,E01008177,Gateshead 005A,Investigation complete; no suspect identified
ad0c7332e8b17c3d863091d84b493fff8c69a54d1f73b65d771166b8dc2d34ed,2014-10,Northumbria Police,Northumbria Police,-1.621373,55.009849,On or near IRTON STREET,E01008355,Newcastle upon Tyne 006B,Investigation complete; no suspect identified
d4184aceb53ff8d031567a1e11f68540f37cb56e7017dd0a1d9e0e601479da23,2014-10,Northumbria Police,Northumbria Police,-1.520864,55.129145,On or near COWPEN ROAD,E01027416,Northumberland 022C,Investigation complete; no suspect identified
dfb6c2ab3962eddffd132dddd7e3a7237430d62f20e4670698bb5827676a21fc,2014-10,Northumbria Police,Northumbria Police,-1.587187,55.185407,On or near Supermarket,E01027524,Northumberland 012A,Investigation complete; no suspect identified
7e594fb770fa610c2029c6721ec4e9b9245e4c8644556e80e02c35845f7530b5,2014-10,Northumbria Police,Northumbria Police,-1.609536,54.948669,On or near BRIGHTON ROAD,E01008254,Gateshead 010D,Investigation complete; no suspect identified
5161b7e1ab0991cd2bce79cc877f6c64708c8ca2107678668c0d376117539009,2014-10,Northumbria Police,Northumbria Police,-1.532923,54.921943,On or near Pedestrian Subway,E01008876,Sunderland 007C,Investigation complete; no suspect identified
0a92526aa353b403c08d5efc3ef7869a225e7491b97bcf3e9aa1888a9e8eb0f4,2014-10,Northumbria Police,Northumbria Police,-1.642833,55.016069,On or near PINE AVENUE,E01008337,Newcastle upon Tyne 003B,Investigation complete; no suspect identified
a90981e027804658e40f5ccd25ce8cf24ae46eed8792e424bda5b5ecbed3cf01,2014-10,Northumbria Police,Northumbria Police,-1.365648,54.890425,On or near COMMERCIAL ROAD,E01008741,Sunderland 024B,Investigation complete; no suspect identified
76dd79e0d3181e3a28e2d70dd3e6cde2b2e57cdc45fe46dbc5444a91aed87a9a,2014-10,Northumbria Police,Northumbria Police,-1.604018,54.960450,On or near REGENT TERRACE,E01008168,Gateshead 027D,Investigation complete; no suspect identified
6af74d24f177aea2aafa641aa6310f0932a2db6be411129aa2bb21af271911ef,2014-10,Northumbria Police,Northumbria Police,-1.604018,54.960450,On or near REGENT TERRACE,E01008168,Gateshead 027D,Investigation complete; no suspect identified
363dcf0a06412e325b6b4073095c48c5168002e40a01e041d644605e1d8b03eb,2014-10,Northumbria Police,Northumbria Police,-1.619486,54.969629,On or near CLAYTON STREET WEST,E01033545,Newcastle upon Tyne 024H,Suspect charged
d1fd91e22bd4c70c67e9cf987039b8d66ab2944b23893e139562cf8261187e05,2014-10,Northumbria Police,Northumbria Police,-1.570531,54.953534,On or near HELMSDALE AVENUE,E01008215,Gateshead 003B,Investigation complete; no suspect identified
391fa3674e2503ca1b9a111a1bcdefcef844368b20b24d9946e3d3d39304b6c1,2014-10,Northumbria Police,Northumbria Police,-1.590900,55.078845,On or near LANCASTRIAN ROAD,E01027411,Northumberland 029C,Local resolution
95b0041499af99272f0b66306df8e0dd078d29649f1abf6e0d17d1a4f54c4af2,2014-10,Northumbria Police,Northumbria Police,-1.486572,54.967065,On or near RABY GARDENS,E01008662,South Tyneside 017D,Investigation complete; no suspect identified
3e722cf0830dc23350aec41003f928b3228ddcb72fdbcc12d345e60f68b5196c,2014-10,Northumbria Police,Northumbria Police,-1.384328,54.894358,On or near CORBY HALL DRIVE,E01008740,Sunderland 022A,Investigation complete; no suspect identified
a42a46e30089f0a36e5d77b74bfa1fae56e9015abd5cc0dda50c1809426fe54a,2014-10,Northumbria Police,Northumbria Police,-1.544352,54.975060,On or near IONA PLACE,E01008429,Newcastle upon Tyne 028D,Investigation complete; no suspect identified
433a4ed569124f22f189f574efa45d4eff721077692ab88406186e453a53c118,2014-10,Northumbria Police,Northumbria Police,-1.477544,54.953781,On or near LINKWAY,E01008630,South Tyneside 020D,Investigation complete; no suspect identified
4164f0d4c57f730e3c00e88479de7557854fca58e1c24dc5d5f2c7b37ec1524c,2014-10,Northumbria Police,Northumbria Police,-1.494547,55.011149,On or near Shopping Area,E01008491,North Tyneside 015D,Investigation complete; no suspect identified
693691a74182375dc82edea64e6999e725923aacdc2a63d3d534d6da16a716dd,2014-10,Northumbria Police,Northumbria Police,-2.100789,55.232438,On or near CRAWFORD CRESCENT,E01027373,Northumberland 007D,Suspect charged
9f1be93b8868729bf15eb92d5365b62463f6e3229d034d605d12d63e3d69fb56,2014-10,Northumbria Police,Northumbria Police,-1.599538,54.991707,On or near GROSVENOR ROAD,E01008366,Newcastle upon Tyne 013A,Investigation complete; no suspect identified
0526d2f62bb95b754073664cb99bfdbfa31f20c1363bff813fc1ab6d3f88c9f6,2014-10,Northumbria Police,Northumbria Police,-1.409683,54.923986,On or near ELMWOOD AVENUE,E01008817,Sunderland 004B,Investigation complete; no suspect identified
55f7136b9567cefd91f610e384fe4bdb8188fa4400c26c36708e7507422ae84f,2014-10,Northumbria Police,Northumbria Police,-1.602375,54.978246,On or near NAPIER STREET,E01008407,Newcastle upon Tyne 023B,Investigation complete; no suspect identified
43b28d04a857957546b5b2b3aede7c6e9fb532a13f89e76a8e739d2356a5f045,2014-10,Northumbria Police,Northumbria Police,-1.600081,54.990532,On or near DEVONSHIRE PLACE,E01008366,Newcastle upon Tyne 013A,Investigation complete; no suspect identified
4925df1389ff390dd1fb2d8150b6d86a15c41c099105459c07a7321cb5d14084,2014-10,Northumbria Police,Northumbria Police,-1.547872,54.937052,On or near BELMONT,E01008285,Gateshead 018E,Investigation complete; no suspect identified
d13b35d68252eb4878ae3b0122d45fa80ef8150cfd2544f0b75125d77fbcc185,2014-10,Northumbria Police,Northumbria Police,-1.497967,54.842256,On or near BLUMER STREET,E01008755,Sunderland 033E,Investigation complete; no suspect identified
18ec6288a02f8d70daafb0aca6b9899395d407ce86fc14c22d1332d62a755c14,2014-10,Northumbria Police,Northumbria Police,-1.596693,54.932487,On or near PIMLICO COURT,E01008234,Gateshead 020C,Investigation complete; no suspect identified
a3f52e7c913b7e4f4bce87c999140118ca1556c011104c01576a380a8fb74b61,2014-10,Northumbria Police,Northumbria Police,-1.426348,54.918458,On or near HYLTON PARK ROAD,E01008693,Sunderland 008A,Suspect charged
62011bc85c0af8aec39904267c16e56f3358fba36f650d828d970591e0efb2d3,2014-10,Northumbria Police,Northumbria Police,-1.690277,54.996294,On or near BERKSHIRE CLOSE,E01008441,Newcastle upon Tyne 031A,Local resolution
db9d0f834c6fa29e8b11e542c34b921188d7427316091c02f7a352978013a9a3,2014-10,Northumbria Police,Northumbria Police,-1.381905,54.917126,On or near Shopping Area,E01008787,Sunderland 006B,Suspect charged
cd40943f92bb51f4f6ecc82ce5ed73be243bcc428b3e3a1036abdcb8cd356e1f,2014-10,Northumbria Police,Northumbria Police,-1.718647,55.408843,On or near CHAPEL LANDS,E01027359,Northumberland 005B,Investigation complete; no suspect identified
33d45e42ab9b20fb51a3f658de24065410e52a54544da39f9e91f9b81f8a45b8,2014-10,Northumbria Police,Northumbria Police,-1.456699,55.025589,On or near BISHOPBOURNE COURT,E01008556,North Tyneside 013C,Investigation complete; no suspect identified
dc754a8963312f6d86a55c218779549bfddcda3beb36ef12cc3b89da29d417f2,2014-10,Northumbria Police,Northumbria Police,-2.016767,55.755062,On or near ETAL ROAD,E01027386,Northumberland 002E,Investigation complete; no suspect identified
5b866e666cce9cfcff44e142ba23477cafbf478aa9781f8691e8173b342494f0,2014-10,Northumbria Police,Northumbria Police,-1.665446,54.974752,On or near BERTRAM CRESCENT,E01008334,Newcastle upon Tyne 029D,Investigation complete; no suspect identified
0b0b484cb78eb5c5299098fdff8693febf146f116d30a995ce5e1618d0c82d62,2014-10,Northumbria Police,Northumbria Police,-1.517379,55.130695,On or near HAMBLEDON STREET,E01027415,Northumberland 023B,Investigation complete; no suspect identified
a6bea7e03e6d76286a4b49d0235704028d014f2dd1df63713947c09c48e1f0bb,2014-10,Northumbria Police,Northumbria Police,-1.653226,54.967879,On or near ST JOHN'S ROAD,E01008291,Newcastle upon Tyne 027D,Investigation complete; no suspect identified
0fa4bd5ee20b22460ff5a953b63dd441f951aa9eb5dccf3cddc3b26eb7169b55,2014-10,Northumbria Police,Northumbria Police,-1.617388,54.975131,On or near PERCY STREET,E01008397,Newcastle upon Tyne 024C,Investigation complete; no suspect identified
455f47929297d79bcf23b7788b0a2e1ab077945f363d3a63c717e96eac807faa,2014-10,Northumbria Police,Northumbria Police,-1.489888,54.955613,On or near HEREFORD WAY,E01008627,South Tyneside 020A,Investigation complete; no suspect identified
bb15d0708a6368913665aa1a5349f4b35ddcd4c077706514d18c52cf49537517,2014-10,Northumbria Police,Northumbria Police,-1.429733,54.989035,On or near KENTON COURT,E01008668,South Tyneside 002E,Investigation complete; no suspect identified
1c15fc0a15a8129fb6b15a715b6fcbbdb6dc7db16a5502002a9d8880beae18e0,2014-10,Northumbria Police,Northumbria Police,-1.634473,55.005027,On or near HALTERBURN CLOSE,E01008356,Newcastle upon Tyne 006C,Suspect charged
35d700c08a08793360c1bc185e4bf4c3af06d00225d1a712ad3ba330b7f4f7a6,2014-10,Northumbria Police,Northumbria Police,-1.558490,54.968057,On or near LICHFIELD AVENUE,E01008389,Newcastle upon Tyne 028B,Investigation complete; no suspect identified
cb069dc7887dd70f04090fd9bf25e3830f114ac1d61c1e82f93898700ca54a0b,2014-10,Northumbria Police,Northumbria Police,-1.496333,54.864661,On or near LOWERSON AVENUE,E01008793,Sunderland 030A,Suspect charged
53b6099e55d4f30bde8946ce5e257665e013e41107b0aa2a4cde3b7d13ef150a,2014-10,Northumbria Police,Northumbria Police,-1.366762,54.966546,On or near ARTHUR STREET,E01008685,South Tyneside 018C,Investigation complete; no suspect identified
f817fb762e4b2baccd0da7a809d199ea0abfb8cd5b5abf6a8afbe4bc27d0aeaf,2014-10,Northumbria Police,Northumbria Police,-1.606142,55.006835,On or near STATION ROAD,E01008418,Newcastle upon Tyne 005C,Investigation complete; no suspect identified
8a85dd435c2cdfda695d6d7b2e2733c72037e9bc63a5b890b4499119a8cf8af3,2014-10,Northumbria Police,Northumbria Police,-1.548386,54.992876,On or near RHEYDT AVENUE,E01008535,North Tyneside 030B,Investigation complete; no suspect identified
7725ae0da7584c30caf0ae47ac1a84a31521f1827437b14cd1c4b76f19ef492e,2014-10,Northumbria Police,Northumbria Police,-1.583128,55.015816,On or near MYRESIDE PLACE,E01008471,North Tyneside 019A,Investigation complete; no suspect identified
e05b3944eabf653d15cd55002ca49fdcdd3be805fb12c1902c721da29e6271ec,2014-10,Northumbria Police,Northumbria Police,-1.435930,55.010757,On or near WALKER PLACE,E01008561,North Tyneside 016C,Investigation complete; no suspect identified
5b60ee4246d42fc131b87bd212287fa1121dc9582695ded1bc497350aac19e8f,2014-10,Northumbria Police,Northumbria Police,-1.517379,55.130695,On or near HAMBLEDON STREET,E01027415,Northumberland 023B,Investigation complete; no suspect identified
65e7bcdd2f2fdea27a1afe27c371e6da7c514cc511916dc27c9e313ad566d686,2014-10,Northumbria Police,Northumbria Police,-1.792722,54.965653,On or near Petrol Station,E01008198,Gateshead 002C,Investigation complete; no suspect identified
937a8c66c9f322cb108cd7f62b21015b60454b31fbae4538fe3acf250021cb03,2014-10,Northumbria Police,Northumbria Police,-1.688359,54.965350,On or near Pedestrian Subway,E01008181,Gateshead 005C,Investigation complete; no suspect identified
6a7de05eb81d471fd85adfac462e835173efadd92118d6081765e1e93d5d3eef,2014-10,Northumbria Police,Northumbria Police,-1.369117,54.906915,On or near ADELAIDE PLACE,E01008702,Sunderland 016A,Investigation complete; no suspect identified
03ea8f2e276ebbf9b1fb61dc2024f9fc49dbfeed1e0619b237122728dbd73a3b,2014-10,Northumbria Police,Northumbria Police,-1.451422,54.962931,On or near CHAUCER AVENUE,E01008607,South Tyneside 016D,Investigation complete; no suspect identified
cc1bf020849d7215241df7efb7bf2f730d642c8aa9f2280305a1f1b2b28a1c9a,2014-10,Northumbria Police,Northumbria Police,-1.683601,54.946745,On or near BANK AVENUE,E01008263,Gateshead 009B,Investigation complete; no suspect identified
4c54c56adfbf761926d635c7bccc7269f995cabaf663fcbcd6364c333f131bfe,2014-10,Northumbria Police,Northumbria Police,-1.552867,54.982109,On or near KEEBLEDALE AVENUE,E01008432,Newcastle upon Tyne 026G,Investigation complete; no suspect identified
26c139d8e139b4f439764fd7438c0601a8a0fd6478a3032ead4f38ada902767d,2014-10,Northumbria Police,Northumbria Police,-1.617745,54.950654,On or near LOBLEY HILL ROAD,E01008170,Gateshead 008C,Investigation complete; no suspect identified
322003f5c9d0f16644156f6c6c304dc6f33df4b87851f80c85233ba018ac0b16,2014-10,Northumbria Police,Northumbria Police,-1.611609,54.994406,On or near HOLMWOOD GROVE,E01008369,Newcastle upon Tyne 013B,Investigation complete; no suspect identified
005e8672cd8d212986087e14d30f44d6198244f3085259ff5e5018145547f343,2014-10,Northumbria Police,Northumbria Police,-1.478919,55.011713,On or near FAWDON PLACE,E01008492,North Tyneside 023E,Investigation complete; no suspect identified
e71e20acf44c422f9b100b45329baa8e635aadebff0181d9bd56b5c85fa7cc01,2014-10,Northumbria Police,Northumbria Police,-1.406652,54.978312,On or near SUMMERHILL ROAD,E01008635,South Tyneside 006A,Investigation complete; no suspect identified
5b4adda4b2284d09952da6d0836e26efd686a6282b4fa78a9d287804088e8a6f,2014-10,Northumbria Police,Northumbria Police,-1.694901,55.002839,On or near REDBURN ROAD,E01008457,Newcastle upon Tyne 004C,Investigation complete; no suspect identified
3f8086d485689233640455b1fbc75a9be0e708d9f2e12d0ce8adec8a7f910628,2014-10,Northumbria Police,Northumbria Police,-1.863087,54.965205,On or near PRINCESS WAY,E01027497,Northumberland 038A,Investigation complete; no suspect identified
0aa4ff6c3eb866db59229c65dbffa58b3efa94c468507f4bac6086072b41c809,2014-10,Northumbria Police,Northumbria Police,-1.583539,55.333319,On or near CHURCH STREET,E01027361,Northumberland 006A,Investigation complete; no suspect identified
72571a1f662a7ee1abc1b06af16bd249580abe0ae7b8758773c7a237deb5d20b,2014-10,Northumbria Police,Northumbria Police,-1.621426,55.002597,On or near CAUSEY STREET,E01008419,Newcastle upon Tyne 006E,Investigation complete; no suspect identified
a454a2e454002dac0f4206fb16aebf0233e3fbb24c9ec1bf3bae4e9434eecbaa,2014-10,Northumbria Police,Northumbria Police,-1.552774,54.972134,On or near HORSLEY TERRACE,E01008426,Newcastle upon Tyne 028C,Investigation complete; no suspect identified
fae59b3632896442b33db2aeb4fef0cf01599c9e900de9e3ed379a374ad5eea2,2014-10,Northumbria Police,Northumbria Police,-1.617134,54.972264,On or near NEWGATE STREET,E01033543,Newcastle upon Tyne 024G,Investigation complete; no suspect identified
91338e6ccf3d311180be8816f3bfc1c89c20672b1b4dd18d96f33f482d746f74,2014-10,Northumbria Police,Northumbria Police,-1.482702,54.854827,On or near COALEY LANE,E01008797,Sunderland 030C,Investigation complete; no suspect identified
e556d141fd9e2681e998e1f831b030e12a64ffcc95cf804cf850811a5f9dd2c4,2014-10,Northumbria Police,Northumbria Police,-1.397295,54.902025,On or near WESTERN HILL,E01008830,Sunderland 018B,Local resolution
e556d141fd9e2681e998e1f831b030e12a64ffcc95cf804cf850811a5f9dd2c4,2014-10,Northumbria Police,Northumbria Police,-1.397295,54.902025,On or near WESTERN HILL,E01008830,Sunderland 018B,Investigation complete; no suspect identified
8c246499570df9a0e6a8704c893e390bb896c9757650f84239bae84d3953132e,2014-10,Northumbria Police,Northumbria Police,-1.414285,54.887488,On or near POWIS SQUARE,E01008828,Sunderland 023F,Investigation complete; no suspect identified
bbf8542627d8f9cf58d3658fea07148e1e6c750bd1e6bd59c5068baa52457267,2014-10,Northumbria Police,Northumbria Police,-1.526622,54.994914,On or near PERCY STREET,E01008572,North Tyneside 029A,Offender given a caution
f7984599e8568ecb1c78defc6c3e79588fda6ceb5eb4f3d107330bab64faba1e,2014-10,Northumbria Police,Northumbria Police,-1.406100,54.903471,On or near SORLEY STREET,E01008704,Sunderland 011B,Investigation complete; no suspect identified
993c5d115f3cd149ac2d2570998ab7a2eea78ebd11b611899954439772431113,2014-10,Northumbria Police,Northumbria Police,-1.489888,54.955613,On or near HEREFORD WAY,E01008627,South Tyneside 020A,Investigation complete; no suspect identified
1be26c60004f0b21d42f36436df4e14fad2c8b41459e2dab2865bc432b955c5a,2014-10,Northumbria Police,Northumbria Police,-1.510565,55.130057,On or near BURT STREET,E01027415,Northumberland 023B,Investigation complete; no suspect identified
8e320a833327a6faf3c97d473523cdc733ceca8fc9f1a058d051eaafeaad084f,2014-10,Northumbria Police,Northumbria Police,-1.687098,54.998955,On or near Petrol Station,E01008445,Newcastle upon Tyne 031D,Investigation complete; no suspect identified
3d58f8cc0fc158f650af916b217dcc090355e612d5a93b0b47d1d0ce00bf03a2,2014-10,Northumbria Police,Northumbria Police,-1.420263,54.993349,On or near HUTTON ROW,E01008595,South Tyneside 001A,Investigation complete; no suspect identified
d113e7ea66bc6cb4055d52512c17d494a199fb5f6c0e92c1dc90e0d0cd701576,2014-10,Northumbria Police,Northumbria Police,-1.601943,54.923923,On or near PADSTOW GARDENS,E01008194,Gateshead 020B,Investigation complete; no suspect identified
e4b71d7f535849ea4a6165fdb59d23e1811be2b4f2fe599139c733ad78d0999b,2014-10,Northumbria Police,Northumbria Police,-1.712159,55.037918,On or near Parking Area,E01008458,Newcastle upon Tyne 004D,Suspect charged
dda059255b007f2293d815c7dc7bb64c5a7206a9e82a3017f0880dcaa790723f,2014-10,Northumbria Police,Northumbria Police,-1.658991,54.969612,On or near ETHEL STREET,E01008291,Newcastle upon Tyne 027D,Investigation complete; no suspect identified
37a85dcd8ec8f774d3085bd44160519a238f415b09ee0126a1e218b651da7770,2014-10,Northumbria Police,Northumbria Police,-1.590902,55.015600,On or near CURLEW CLOSE,E01008514,North Tyneside 019D,Investigation complete; no suspect identified
dce677304edbcfebcdf893e128a7f478e04f73eb0a7b7fe72c6f7637456a727e,2014-10,Northumbria Police,Northumbria Police,-1.539968,54.899333,On or near LUMLEY CLOSE,E01008867,Sunderland 020A,Investigation complete; no suspect identified
d4a749a18f654bcb767f7cd75c85639e82adcbf1762f7956d921ecae3c258dd5,2014-10,Northumbria Police,Northumbria Police,-1.677500,54.971747,On or near SANDOE GARDENS,E01033547,Newcastle upon Tyne 025E,Investigation complete; no suspect identified
8f9c38b61a7562645e51a87323d3517d61baa387a081f446cf7820347e0e168f,2014-10,Northumbria Police,Northumbria Police,-1.553684,55.173149,On or near DEBDON ROAD,E01027533,Northumberland 013A,Investigation complete; no suspect identified
a0ba046376cc30c4ae2d832f504e3d215d94ca0eadb9730af37ba5f2c1c363cf,2014-10,Northumbria Police,Northumbria Police,-1.527419,54.993588,On or near CHARLOTTE STREET,E01008573,North Tyneside 029B,Investigation complete; no suspect identified
9b22c8d313ea25fbbca80a8327269708ca110aaa09dc18da06cce6464d303d05,2014-10,Northumbria Police,Northumbria Police,-1.425390,54.961598,On or near MORELAND ROAD,E01008688,South Tyneside 019A,Investigation complete; no suspect identified
f45ebf17750e5d0682457c7de0664fe25d8226263198fd44a7e388fe7e19df75,2014-10,Northumbria Police,Northumbria Police,-1.399675,54.903457,On or near ST MARK'S ROAD,E01008707,Sunderland 011D,Investigation complete; no suspect identified
f45ebf17750e5d0682457c7de0664fe25d8226263198fd44a7e388fe7e19df75,2014-10,Northumbria Police,Northumbria Police,-1.399675,54.903457,On or near ST MARK'S ROAD,E01008707,Sunderland 011D,Investigation complete; no suspect identified
f45ebf17750e5d0682457c7de0664fe25d8226263198fd44a7e388fe7e19df75,2014-10,Northumbria Police,Northumbria Police,-1.399675,54.903457,On or near ST MARK'S ROAD,E01008707,Sunderland 011D,Investigation complete; no suspect identified
cfcdce2351f83ad6887d74a03563934103775ec0c661166d872ece4923ecb38e,2014-10,Northumbria Police,Northumbria Police,-1.414915,54.906434,On or near MAFEKING STREET,E01008757,Sunderland 015A,Investigation complete; no suspect identified
35b064eb129c007380cf0cf2d43bab57e7a881f4f21e7db5c2ff7c1f262a8676,2014-10,Northumbria Police,Northumbria Police,-1.440857,54.972435,On or near ETHEL TERRACE,E01008590,South Tyneside 011A,Investigation complete; no suspect identified
131a89f55aa4fd5efb522fb7494aad1775f9561dd20efdfff4aa94405427f808,2014-10,Northumbria Police,Northumbria Police,-1.547813,55.173046,On or near HIGHFIELD DRIVE,E01033716,Northumberland 013F,Investigation complete; no suspect identified
ba7a95cd81a352785edb551bc5eb1a5c65d40e4fcb0e52791a2e44d9b57a510c,2014-10,Northumbria Police,Northumbria Police,-1.432569,54.974104,On or near WESTCOTT ROAD,E01008592,South Tyneside 011C,Suspect charged
ba7a95cd81a352785edb551bc5eb1a5c65d40e4fcb0e52791a2e44d9b57a510c,2014-10,Northumbria Police,Northumbria Police,-1.432569,54.974104,On or near WESTCOTT ROAD,E01008592,South Tyneside 011C,Suspect charged
ba7a95cd81a352785edb551bc5eb1a5c65d40e4fcb0e52791a2e44d9b57a510c,2014-10,Northumbria Police,Northumbria Police,-1.432569,54.974104,On or near WESTCOTT ROAD,E01008592,South Tyneside 011C,Suspect charged
e498ba539bd349c50673a25d0e66d15acc2b4265f1eb87a4af805e70001ad9e7,2014-10,Northumbria Police,Northumbria Police,-1.519978,55.121962,On or near ELM TREES,E01027429,Northumberland 024D,Offender given a caution
e498ba539bd349c50673a25d0e66d15acc2b4265f1eb87a4af805e70001ad9e7,2014-10,Northumbria Police,Northumbria Police,-1.519978,55.121962,On or near ELM TREES,E01027429,Northumberland 024D,Investigation complete; no suspect identified
e498ba539bd349c50673a25d0e66d15acc2b4265f1eb87a4af805e70001ad9e7,2014-10,Northumbria Police,Northumbria Police,-1.519978,55.121962,On or near ELM TREES,E01027429,Northumberland 024D,Investigation complete; no suspect identified
9197b752b96940ad26d550ec8c9535644e933d2f07a6deccdd0e4c9a883a514a,2014-10,Northumbria Police,Northumbria Police,-1.579723,54.982475,On or near STANNINGTON PLACE,E01008362,Newcastle upon Tyne 018E,Suspect charged as part of another case
6ff213d768d61f0d9b81440f8f28d970cfd89cca5e994f2798208e71d1decf52,2014-10,Northumbria Police,Northumbria Police,-1.422688,54.863435,On or near MEMBURY CLOSE,E01008808,Sunderland 029E,Investigation complete; no suspect identified
5ae0b628e4b79e579b03dc9dbd4515851b05a818e41919887ba65f605a0b7386,2014-10,Northumbria Police,Northumbria Police,-1.559528,54.964512,On or near BURSTOW AVENUE,E01008390,Newcastle upon Tyne 030A,Investigation complete; no suspect identified
01de2e4735d30f2ea173b1ec5eddda6808338503620868462e79a9827e8db9c2,2014-10,Northumbria Police,Northumbria Police,-1.426453,54.972467,On or near MCANANY AVENUE,E01008592,South Tyneside 011C,Investigation complete; no suspect identified
01de2e4735d30f2ea173b1ec5eddda6808338503620868462e79a9827e8db9c2,2014-10,Northumbria Police,Northumbria Police,-1.426453,54.972467,On or near MCANANY AVENUE,E01008592,South Tyneside 011C,Investigation complete; no suspect identified
9e48619ce13f4ccb5519aae719619e68437cbb967b8471efa0777df744296aba,2014-10,Northumbria Police,Northumbria Police,-1.420391,54.995291,On or near BALTIC COURT,E01008597,South Tyneside 001C,Investigation complete; no suspect identified
06f763dd42c7cf38f610cf6cc8fe84a6f289259d1999799f682f97fdeab2ad38,2014-10,Northumbria Police,Northumbria Police,-1.512729,55.034660,On or near EMMERSON PLACE,E01032648,North Tyneside 011F,Investigation complete; no suspect identified
4924d7eccf5a1550f531ae15a39062bb7e0349bbe069d17199522624569ab7d6,2014-10,Northumbria Police,Northumbria Police,-1.621934,54.968460,On or near WESTMORLAND ROAD,E01033545,Newcastle upon Tyne 024H,Investigation complete; no suspect identified
153f8a889c04e11e5ba710cf26ba2b98f3e6ff649e472aaad36d7eba91ce273a,2014-10,Northumbria Police,Northumbria Police,-1.527846,55.073009,On or near BLYTH STREET,E01027432,Northumberland 032A,Investigation complete; no suspect identified
9edbb0de9e1ca5a4d6773ff70c48d6f3c484679527eb8ceed36366e6f4bf0844,2014-10,Northumbria Police,Northumbria Police,-1.613189,54.969906,On or near COLLINGWOOD STREET,E01033545,Newcastle upon Tyne 024H,Investigation complete; no suspect identified
21129c5ec4e3335a918f18cf874d482cc6b21361a2f1967872ec52d398af464e,2014-10,Northumbria Police,Northumbria Police,-1.525637,55.118075,On or near WORDSWORTH AVENUE,E01027422,Northumberland 024B,Investigation complete; no suspect identified
376f5533eb8174bf42a7f62b54952ea48dff0d80927ecec085faacf7b0d7e177,2014-10,Northumbria Police,Northumbria Police,-1.617134,54.972264,On or near NEWGATE STREET,E01033543,Newcastle upon Tyne 024G,Investigation complete; no suspect identified
5c883922a8d880b52e64b7de531dd82227dd1099ac93e75db4ee1a2f353dcfc5,2014-10,Northumbria Police,Northumbria Police,-1.371040,54.897624,On or near HENDON BURN AVENUE,E01008736,Sunderland 016C,Investigation complete; no suspect identified
52429330cf2e67feaef3cb8d94a294d9a602c334316f365ddc8700672633fa14,2014-10,Northumbria Police,Northumbria Police,-1.659236,54.988636,On or near Petrol Station,E01008451,Newcastle upon Tyne 016C,Investigation complete; no suspect identified
2fc0d0df3ddb4a1c6377d82722c50e21e60841862da9758e0f6c91c73d0a01d1,2014-10,Northumbria Police,Northumbria Police,-1.417304,54.884653,On or near PAIGNTON SQUARE,E01008828,Sunderland 023F,Investigation complete; no suspect identified
2668590de208fa4d5d75a4463a10911e6fcde1db65bcb97d625dfe0faecb1e79,2014-10,Northumbria Police,Northumbria Police,-1.520346,55.033603,On or near ALGERNON DRIVE,E01032647,North Tyneside 011E,Investigation complete; no suspect identified
b5a7b140182eee90e5713b647b9855cb2766be56f66adc0ca493e91527415868,2014-10,Northumbria Police,Northumbria Police,-1.613189,54.969906,On or near COLLINGWOOD STREET,E01033545,Newcastle upon Tyne 024H,Investigation complete; no suspect identified
e154c9d312b92933cc93c71386c3585383023361fce5c7d5dcc40fd86ae3a66e,2014-10,Northumbria Police,Northumbria Police,-1.412170,54.877484,On or near Sports/Recreation Area,E01008809,Sunderland 026E,Investigation complete; no suspect identified
e6146a83409c78f0c30ed186aab8192cb1b85cd06e373ec545184cae205fb71a,2014-10,Northumbria Police,Northumbria Police,-1.611052,54.974419,On or near NEW BRIDGE STREET WEST,E01008397,Newcastle upon Tyne 024C,Investigation complete; no suspect identified
7e76b8d208eba8af1ec7a20e934962a3d40b87bce8c54e1617040a3648556ac8,2014-10,Northumbria Police,Northumbria Police,-1.436138,54.998159,On or near Shopping Area,E01008667,South Tyneside 002D,Suspect charged
fdb7a4a5bde6107fb2a5d7053cf2e7f720960c69a693bd11bccacb96bda61ca4,2014-10,Northumbria Police,Northumbria Police,-1.412170,54.877484,On or near Sports/Recreation Area,E01008809,Sunderland 026E,Investigation complete; no suspect identified
ef6364daea497d5d850a4e3ab7950dc1693ce4745f86c40b7a5a85b1b65094e0,2014-10,Northumbria Police,Northumbria Police,-1.611738,54.969722,On or near ST NICHOLAS' STREET,E01033545,Newcastle upon Tyne 024H,Investigation complete; no suspect identified
c72b959a114e6e798c746d98ff65e6dc9b001f7d8608d72ccdef1adb472b8589,2014-10,Northumbria Police,Northumbria Police,-1.412170,54.877484,On or near Sports/Recreation Area,E01008809,Sunderland 026E,Investigation complete; no suspect identified
8b193a41f85f7127f989cb35258e1a5f7e3c15edaee7409d71856d718c74bbba,2014-10,Northumbria Police,Northumbria Police,-1.613189,54.969906,On or near COLLINGWOOD STREET,E01033545,Newcastle upon Tyne 024H,Investigation complete; no suspect identified
e23bef975f8403ef1fd28dfcd44cc827e5dc8f656aee6383a68e06ebcf2f19a8,2014-10,Northumbria Police,Northumbria Police,-1.412170,54.877484,On or near Sports/Recreation Area,E01008809,Sunderland 026E,Investigation complete; no suspect identified
d63067fc3c5fae515c5d5775b68fa68007a85d2fa13586d76db85719647eb976,2014-10,Northumbria Police,Northumbria Police,-1.485507,54.962379,On or near LEAM LANE,E01008659,South Tyneside 017C,Investigation complete; no suspect identified
d1354bcd8684a374bd063b9576d05573b8f544e884e0aa0ab1530db0cb108f8a,2014-10,Northumbria Police,Northumbria Police,-1.476504,55.000236,On or near KILBURN GARDENS,E01008540,North Tyneside 027B,Investigation complete; no suspect identified
093fed2afbd9da5d5379f3c991c035080504ee091da831c717be201d31757ee4,2014-10,Northumbria Police,Northumbria Police,-1.439249,54.985845,On or near ELIZABETH DIAMOND GARDENS,E01008666,South Tyneside 002C,Offender given a caution
640a41c6050bb8ad3e50f64358c26c6624a5f300921f7eb459bd68ca9f0c795f,2014-10,Northumbria Police,Northumbria Police,-1.538187,54.892820,On or near CHILTERN CLOSE,E01008871,Sunderland 020E,Investigation complete; no suspect identified
3e036e51cfbaccd54f64b18c0b7b6fcaa7823ece212b54815859f637352ad639,2014-10,Northumbria Police,Northumbria Police,-1.439249,54.985845,On or near ELIZABETH DIAMOND GARDENS,E01008666,South Tyneside 002C,Offender given a caution
701922e496a971bcd6f094c0fcc325981baec962c83d440480fe1332343b70d4,2014-10,Northumbria Police,Northumbria Police,-1.538187,54.892820,On or near CHILTERN CLOSE,E01008871,Sunderland 020E,Investigation complete; no suspect identified
e5d98dea62fd3eb7bc23e0c798f78c8c179d70602786ba5944b5b18aa2d2244b,2014-10,Northumbria Police,Northumbria Police,-2.098072,54.972125,On or near Parking Area,E01027494,Northumberland 035G,Investigation complete; no suspect identified
73b4294480fba1ec690d205f43f783e83f575c12a7a4bbdbf29502fe58b88ad8,2014-10,Northumbria Police,Northumbria Police,-1.429277,54.999179,On or near Nightclub,E01008596,South Tyneside 001B,Investigation complete; no suspect identified
68f001f5fad85d936c64345e5901dddece5231c5f303160037bf9d43e9b327c5,2014-10,Northumbria Police,Northumbria Police,-1.561370,54.930190,On or near AYCLIFFE AVENUE,E01008227,Gateshead 021E,Investigation complete; no suspect identified
a2af22908c6a520371fbc0bb220d7fde5f5ef1de527dd599bdf491d05b7c61b7,2014-10,Northumbria Police,Northumbria Police,-1.510661,55.127370,On or near Supermarket,E01027415,Northumberland 023B,Investigation complete; no suspect identified
94c56d3963424f52286106958c8f3baf9f61f3923f2d395858fb71d3c392b046,2014-10,Northumbria Police,Northumbria Police,-1.626074,54.971708,On or near CROSS VILLA PLACE NO 3,E01033554,Newcastle upon Tyne 024I,Suspect charged
51712e4c88566362d54c5a181036ababf780ec7e49b0fbc3d819e18fd0e2e1c5,2014-10,Northumbria Police,Northumbria Police,-1.616721,54.974644,On or near Shopping Area,E01008397,Newcastle upon Tyne 024C,Investigation complete; no suspect identified
5d300d96aedd90bf300627406974c891fe3481f1108e7dc0cb0ca4fcfde44908,2014-10,Northumbria Police,Northumbria Police,-1.428978,54.964059,On or near LAWRENCE AVENUE,E01008692,South Tyneside 019E,Investigation complete; no suspect identified
e8dabb1c1401a89b7a72588f5b0e956fce979bef0f59c2024b815bfda588bc14,2014-10,Northumbria Police,Northumbria Police,-1.425774,54.958715,On or near GIRTIN ROAD,E01008690,South Tyneside 019C,Investigation complete; no suspect identified
e4369815549d5f4f01612a24ae0ea07a9115013d568b3b57d144605a39f374f2,2014-10,Northumbria Police,Northumbria Police,-1.472341,54.831174,On or near CORN MILL DRIVE,E01008747,Sunderland 035D,Investigation complete; no suspect identified
3bc0d7166cd4101c09f74154de171054b647599da76743192172102cdd16839a,2014-10,Northumbria Police,Northumbria Police,-1.648336,54.948365,On or near SCHOOL AVENUE,E01008208,Gateshead 013C,Investigation complete; no suspect identified
065db6ebe0a85ade229e576d165266eb94dac1c2978c69088a72c16944d3991c,2014-10,Northumbria Police,Northumbria Police,-1.687100,54.978673,On or near THORNTREE DRIVE,E01008415,Newcastle upon Tyne 025B,Investigation complete; no suspect identified
06287831c5761b8c312deacf4f768579af06dd5c0c4debd054d05bd53a39741d,2014-10,Northumbria Police,Northumbria Police,-1.446892,55.015256,On or near BELFORD TERRACE,E01008527,North Tyneside 017B,Investigation complete; no suspect identified
301564cb35365c928cc33097474b060d7147dc3145d494b4a9fec28a363317c9,2014-10,Northumbria Police,Northumbria Police,-1.377256,54.930322,On or near SEA ROAD,E01008726,Sunderland 001D,Suspect charged as part of another case
b64cc3ee2c2148fe5c2326e5a5ba205ee1dd0bd0cb3996a24068dba3948dbba5,2014-10,Northumbria Police,Northumbria Police,-1.454848,54.962479,On or near TROUTBECK WAY,E01008605,South Tyneside 016B,Investigation complete; no suspect identified
598e0ce12568e0e64e022b65fd4fa3dffac22314ec6a214384e7d50071d5ac08,2014-10,Northumbria Police,Northumbria Police,-1.379719,54.924358,On or near VIVIAN SQUARE,E01008788,Sunderland 006C,Investigation complete; no suspect identified
7dfe23fd044599a8ca60abe7211700d23299ad13f068d9a940d991b6e158da40,2014-10,Northumbria Police,Northumbria Police,-1.615486,54.948490,On or near BRUNEL STREET,E01008254,Gateshead 010D,Offender given a caution
f7bd30c76dbc0ae9001c5b6c479cbda3cbc5f68ee9f56029dfce60604489918a,2014-10,Northumbria Police,Northumbria Police,-1.427853,54.991579,On or near IMEARY STREET,E01008595,South Tyneside 001A,Suspect charged
f355d6aef53de1229d1066ad84416649a6021bfd5e03bd5a5309042df5c28963,2014-10,Northumbria Police,Northumbria Police,-1.507007,54.916943,On or near SULGRAVE ROAD,E01008855,Sunderland 007A,Investigation complete; no suspect identified
a880ba322784e5840dfb193fb1536b805654c8b5fc7f67629b97ecd49ecfe6db,2014-10,Northumbria Police,Northumbria Police,-1.565220,55.179193,On or near MILBURN ROAD,E01027528,Northumberland 010A,Local resolution
ca6b459bd73d1f2ad4078ddc7ed7fafff75a549349b0aa704190c882f4c967b8,2014-10,Northumbria Police,Northumbria Police,-1.567236,54.950673,On or near WHITEFIELD GROVE,E01008215,Gateshead 003B,Investigation complete; no suspect identified
b3ff2d03f0fcff9583d4daea1967ebf093f62852330e688d20b64735afa65e71,2014-10,Northumbria Police,Northumbria Police,-1.457024,54.817169,On or near TEN FIELDS,E01008748,Sunderland 035E,Local resolution
c1b741b3102ac99fbc9f6ced54abce41fac8104ad39a556b3ad161d54d75e63e,2014-10,Northumbria Police,Northumbria Police,-1.661869,55.004495,On or near Sports/Recreation Area,E01008295,Newcastle upon Tyne 008A,Investigation complete; no suspect identified
f79428b90f5ac65aa2f5b0b0b2e22837df862abfaf0cbd4f3caaf92fc9c39e7e,2014-10,Northumbria Police,Northumbria Police,-1.393450,54.901530,On or near ALBERT COURT,E01008831,Sunderland 013D,Investigation complete; no suspect identified
f405a90d34e8c8c2ac960ac2f783cd0b9fa7dfb4610a138bfb346536c4fa0a80,2014-10,Northumbria Police,Northumbria Police,-1.423057,54.878004,On or near ALNWICK ROAD,E01008776,Sunderland 026B,Offender given a caution
a8706b6ad349b130a00b7749ae55d76950d03ff59d8e5696e3095840fc054cdf,2014-10,Northumbria Police,Northumbria Police,-1.571111,55.133592,On or near ELENBEL AVENUE,E01027550,Northumberland 020E,Investigation complete; no suspect identified
97ca4e42734daa68063df7c94e52ba29d2653d375a4aaaafe4bf4523b346221e,2014-10,Northumbria Police,Northumbria Police,-1.433666,55.005013,On or near GREEN'S PLACE,E01008599,South Tyneside 001E,Investigation complete; no suspect identified
1b84846aabd951cd0e3c6629db3080667f8c41117431ce8cab737bb670231f79,2014-10,Northumbria Police,Northumbria Police,-1.772562,54.973354,On or near GRANGE LONNEN,E01008245,Gateshead 002F,Investigation complete; no suspect identified
85f98deb12a4d4dee947ce424da7f0aea80f6954269e4b999b468457a1704ede,2014-10,Northumbria Police,Northumbria Police,-1.627123,54.966427,On or near Further/Higher Educational Building,E01008438,Newcastle upon Tyne 029G,Investigation complete; no suspect identified
07286e4ec410f0ab5d37558dba1f6340de42ce1a18eac217f87359952eb1f9ec,2014-10,Northumbria Police,Northumbria Police,-1.637205,54.939534,On or near LOBLEY HILL ROAD,E01008261,Gateshead 019C,Investigation complete; no suspect identified
b24ca9c577481eb1ea7ddea33519e33510dda715041284fb00d61273e416f34a,2014-10,Northumbria Police,Northumbria Police,-1.434679,54.972991,On or near FORTH COURT,E01008590,South Tyneside 011A,Investigation complete; no suspect identified
14fd01a220d3e49fef57122c07d01cd6d0f4aeb3d3d910fe5dd6966ea55cadaf,2014-10,Northumbria Police,Northumbria Police,-1.527846,55.073009,On or near BLYTH STREET,E01027432,Northumberland 032A,Suspect charged
14f6811407304a0939f7554d4c4d3d110c2da5eb88c4f56615a006c793555be3,2014-10,Northumbria Police,Northumbria Police,-1.473928,55.078764,On or near ELWIN PLACE,E01027419,Northumberland 030C,Investigation complete; no suspect identified
bd999d571f0d78d5faf884c0d1b9f305f7213239d1435cd673506c991c0dbc03,2014-10,Northumbria Police,Northumbria Police,-1.638215,55.009639,On or near REAY PLACE,E01008356,Newcastle upon Tyne 006C,Investigation complete; no suspect identified
85bc25c6930fbabc920264f06877b1b51ae8eadfeb3061d8a69fac5fe16da931,2014-10,Northumbria Police,Northumbria Police,-1.551259,54.970754,On or near SCROGG ROAD,E01008428,Newcastle upon Tyne 030D,Investigation complete; no suspect identified
a561912e2a9940844996895ee40dbbf890d2a1219bb34aab69d5e7fc06f20df7,2014-10,Northumbria Police,Northumbria Police,-1.596639,54.983116,On or near BACK GOLDSPINK LANE,E01008409,Newcastle upon Tyne 017D,Investigation complete; no suspect identified
3765d07c8922df29f7fe0322e9b6d1c0ffe8950f7d483df631a6748725a5ea87,2014-10,Northumbria Police,Northumbria Police,-1.562831,54.896164,On or near PENSHAW WAY,E01008176,Gateshead 026E,Investigation complete; no suspect identified
90a864baa1f3fa97ff3e534161fcd29d07a7f9579f93e26e406592aa507eb534,2014-10,Northumbria Police,Northumbria Police,-1.609441,54.979384,On or near SANDYFORD ROAD,E01008397,Newcastle upon Tyne 024C,Investigation complete; no suspect identified
c132b58ceecb8c4af4852d3aca88bb9054ca01c8e098c3580d215201c25317dc,2014-10,Northumbria Police,Northumbria Police,-1.608320,54.954892,On or near SEDGEWICK PLACE,E01008169,Gateshead 008B,Investigation complete; no suspect identified
5859efefd0bf3fc541f34fc5ee7adbc2843452da03248941ea676173d0fd29e6,2014-10,Northumbria Police,Northumbria Police,-1.574957,54.924748,On or near SPRINGWELL AVENUE,E01008217,Gateshead 023E,Suspect charged
e28e822fc65bcf63046feda6fe36bb94804ff891f91130d7ca7624954b1a9cde,2014-10,Northumbria Police,Northumbria Police,-1.548799,55.173283,On or near CANTERBURY CLOSE,E01027533,Northumberland 013A,Investigation complete; no suspect identified
30bff2e4d801564ada522621b510c19b9586d1d48eb796b6c2ec0c09f35d6b45,2014-10,Northumbria Police,Northumbria Police,-1.602907,54.981339,On or near Petrol Station,E01008407,Newcastle upon Tyne 023B,Investigation complete; no suspect identified
fdd0d93372bc68748921176476d4a442b01ca8d3f95d568c4f402b1d83074ca3,2014-10,Northumbria Police,Northumbria Police,-1.622121,55.011801,On or near Parking Area,E01008358,Newcastle upon Tyne 002E,Investigation complete; no suspect identified
c9875767dfa03f6305f873194cc2fa55d91450c90681ecc161938fe2f37e8b3b,2014-10,Northumbria Police,Northumbria Police,-1.377925,54.915273,On or near DIXON'S SQUARE,E01008791,Sunderland 006F,Suspect charged
283b30840489edf127173d07c77e36d2ea989be4948bdad489721bac7dda8054,2014-10,Northumbria Police,Northumbria Police,-1.581552,54.970332,On or near Conference/Exhibition Centre,E01008305,Newcastle upon Tyne 026D,Suspect charged
c52b8aae8956314d61113aba0e29c230d2c1af5924a42b2b2e1fe9f185beb7a7,2014-10,Northumbria Police,Northumbria Police,-1.545782,54.974328,On or near BERRY CLOSE,E01008425,Newcastle upon Tyne 030B,Suspect charged
c52b8aae8956314d61113aba0e29c230d2c1af5924a42b2b2e1fe9f185beb7a7,2014-10,Northumbria Police,Northumbria Police,-1.545782,54.974328,On or near BERRY CLOSE,E01008425,Newcastle upon Tyne 030B,Suspect charged
c52b8aae8956314d61113aba0e29c230d2c1af5924a42b2b2e1fe9f185beb7a7,2014-10,Northumbria Police,Northumbria Police,-1.545782,54.974328,On or near BERRY CLOSE,E01008425,Newcastle upon Tyne 030B,Suspect charged
e2720376382bab3e1d174154fbef539fbf8771571ff5b4fb6598f4717db8ce20,2014-10,Northumbria Police,Northumbria Police,-1.470174,54.844510,On or near HILLSIDE WAY,E01008754,Sunderland 034F,Investigation complete; no suspect identified
7582ef2e33f6cd0bc21254a47cdcb714077733b6eadfbde952ee05e573b786aa,2014-10,Northumbria Police,Northumbria Police,-1.530693,55.126829,On or near THORNEYBURN WAY,E01027392,Northumberland 022A,Investigation complete; no suspect identified
aed87615f0f2243744738836a23d975a54555b127719c258361440631e6220eb,2014-10,Northumbria Police,Northumbria Police,-1.449929,55.009312,On or near SIDNEY STREET,E01008524,North Tyneside 022B,Investigation complete; no suspect identified
0dae2330de24236f0af23dd1b5add74677eb7ed217f15a68b108df0aa866d188,2014-10,Northumbria Police,Northumbria Police,-1.400540,54.851457,On or near A19,E01008765,Sunderland 031A,Investigation complete; no suspect identified
f48a0130152046e307152795af005c5982093e9d89b75e67913e7b34bc51a383,2014-10,Northumbria Police,Northumbria Police,-1.612959,54.972619,On or near Nightclub,E01033543,Newcastle upon Tyne 024G,Investigation complete; no suspect identified
5b9e275f153c653ea7997846951c141c9b366eb4488b1401df5bde8c5124f189,2014-10,Northumbria Police,Northumbria Police,-1.404057,54.927760,On or near EXMOUTH SQUARE,E01008712,Sunderland 004A,Investigation complete; no suspect identified
320097ca4471a81ffbf682e109f5ac92a5e99bdf8149193a77a533de4b90e50a,2014-10,Northumbria Police,Northumbria Police,-1.413443,54.875711,On or near SANDOWN GARDENS,E01008809,Sunderland 026E,Investigation complete; no suspect identified
61ab69e99e4aa9668d0882b5c8d850fab387bcf98185e285d1e24195f37b70ec,2014-10,Northumbria Police,Northumbria Police,-1.684482,54.995749,On or near GLANTLEES,E01008445,Newcastle upon Tyne 031D,Investigation complete; no suspect identified
6fe14f09df391013d56f221e3f0c23352e11b71f8bb59072b268c2b1286757f9,2014-10,Northumbria Police,Northumbria Police,-1.656858,54.977972,On or near BAXTER AVENUE,E01008349,Newcastle upon Tyne 019G,Investigation complete; no suspect identified
28dc9de8038d8588e1648310593d941f4f523f5f221f44d65f4600025815b652,2014-10,Northumbria Police,Northumbria Police,-1.613189,54.969906,On or near COLLINGWOOD STREET,E01033545,Newcastle upon Tyne 024H,Investigation complete; no suspect identified
a29ed25fcd1a579cf9a474c6fc1f940bc5db2e33dd89f1bfa8d14d719593d779,2014-10,Northumbria Police,Northumbria Police,-1.448246,54.821820,On or near THE AVENUE,E01008742,Sunderland 035C,Investigation complete; no suspect identified
4351b3a9a6c57a5c059e9c5e972c2d30bc94911638e59c25f65b988f978e0148,2014-10,Northumbria Police,Northumbria Police,-1.480325,54.952463,On or near THE WILLOWS,E01008630,South Tyneside 020D,Investigation complete; no suspect identified
5bf684a19f8e9080af6c724cb1758efc362e8409a1e8f29db6f4ef9a74fb034f,2014-10,Northumbria Police,Northumbria Police,-1.538888,54.985661,On or near PHILIPHAUGH,E01008436,Newcastle upon Tyne 020F,Investigation complete; no suspect identified
67c2309ebc12575265b3cb34a86b16f3a46fd4b4109d10b900fd1c8c28e5bd75,2014-10,Northumbria Police,Northumbria Police,-1.580489,54.973473,On or near BRINKBURN STREET,E01008304,Newcastle upon Tyne 026C,Investigation complete; no suspect identified
82068fc2d533ef2e47088077c3ed3c71c41269e70b31f7fdecbc9103a3b5f080,2014-10,Northumbria Police,Northumbria Police,-1.571509,54.949709,On or near PARK ROW,E01008215,Gateshead 003B,Investigation complete; no suspect identified
1a5eee6cc98a395ca2a8c0212bc5ec3a513396774b6bf56f1c734cf16f6a1f42,2014-10,Northumbria Police,Northumbria Police,-1.533024,55.108480,On or near THE OVAL,E01027426,Northumberland 025B,Investigation complete; no suspect identified
aad387b6c713273845f91efd997558430714e76ff597cd9c4135a16183a5f556,2014-10,Northumbria Police,Northumbria Police,-1.638802,54.972177,On or near KINGSLEY TERRACE,E01008331,Newcastle upon Tyne 029A,Investigation complete; no suspect identified
46d65277e13d2de8b5b2294c1833146504ab7a2ccf9fa077b8bdc53a6aa46a29,2014-10,Northumbria Police,Northumbria Police,-1.441795,54.813325,On or near LYONS AVENUE,E01008744,Sunderland 036B,Investigation complete; no suspect identified
5228b5eab59599c65767483357c0060aa45f8588458e135a1101f15938c9868f,2014-10,Northumbria Police,Northumbria Police,-2.390978,55.003023,On or near Parking Area,E01027484,Northumberland 037A,Investigation complete; no suspect identified
fe3885851b868a99904b61a924b81e0dbd760f52405afd37a9f22dd239d1e2fd,2014-10,Northumbria Police,Northumbria Police,-1.715462,54.978060,On or near MAUD STREET,E01008385,Newcastle upon Tyne 021E,Investigation complete; no suspect identified
617a2859468fd8f8bdcab3458e5e76d756f28b450279c41c0fd4833acca72f87,2014-10,Northumbria Police,Northumbria Police,-1.511953,54.963243,On or near DERWENT AVENUE,E01008644,South Tyneside 015B,Investigation complete; no suspect identified
cfc69200f21f3b097e6a50343e846b5c1053b18e31ede8e3217c3e8e9d577ffa,2014-10,Northumbria Police,Northumbria Police,-1.681378,54.988948,On or near SHAP LANE,E01008350,Newcastle upon Tyne 019H,Investigation complete; no suspect identified
20615854252666dae5fb1e8e147cad8df21992a4d849d619410279495d133be5,2014-10,Northumbria Police,Northumbria Police,-1.396127,54.905039,On or near THE LEAZES,E01008705,Sunderland 013C,Investigation complete; no suspect identified
bf0583ae31ff6f779f425a4bf51c44c1d44ccc797f87c79e69ffad08608d6ec3,2014-10,Northumbria Police,Northumbria Police,-1.654774,54.993207,On or near LINK ROAD,E01008380,Newcastle upon Tyne 008G,Investigation complete; no suspect identified
7127cf4a9526032c243ce2cc236d5b7da5bc31ee8fd86fcb456da6c9ccf51a03,2014-10,Northumbria Police,Northumbria Police,-1.517932,55.126474,On or near HARPER STREET,E01027431,Northumberland 023C,Investigation complete; no suspect identified
2aaf06176145c2fbfb71e115e1c3033d2fd9a600c702153eef24d3e8d7cf3eee,2014-10,Northumbria Police,Northumbria Police,-1.683228,54.950446,On or near BURNS CRESCENT,E01008263,Gateshead 009B,Investigation complete; no suspect identified
deec81650ac6ee51086baf320ee79fbc77172cf990984997fca913af47e683cb,2014-10,Northumbria Police,Northumbria Police,-1.431874,54.973562,On or near NORA STREET,E01008592,South Tyneside 011C,Investigation complete; no suspect identified
a4178faa316ad96f40e3058d2071f5e70e6efbd5459a147e44d7c7e06abd8f78,2014-10,Northumbria Police,Northumbria Police,-1.660090,54.967027,On or near IVEAGH CLOSE,E01008291,Newcastle upon Tyne 027D,Suspect charged
a4178faa316ad96f40e3058d2071f5e70e6efbd5459a147e44d7c7e06abd8f78,2014-10,Northumbria Police,Northumbria Police,-1.660090,54.967027,On or near IVEAGH CLOSE,E01008291,Newcastle upon Tyne 027D,Suspect charged
cabd2879857ce810b7949586e474ec76eceae5ed2cc47c5d7eadea4937c625f9,2014-10,Northumbria Police,Northumbria Police,-1.580218,55.134190,On or near WOOD LANE,E01027519,Northumberland 020D,Investigation complete; no suspect identified
762d9b98334b6ca4af3782017247c7015b2de2e280fd787af46f51b17268ab1b,2014-10,Northumbria Police,Northumbria Police,-1.477102,54.950580,On or near BURN VIEW,E01008630,South Tyneside 020D,Investigation complete; no suspect identified
b820d229c44435bd81414afcbbb375b572a6b0b174f98a1964e1e7d640648c08,2014-10,Northumbria Police,Northumbria Police,-1.890835,54.950244,On or near OAK STREET,E01027508,Northumberland 036C,Investigation complete; no suspect identified
32fca9d44482b0cf629d094d3b786e501822f50b0df470af4d00e48280676697,2014-10,Northumbria Police,Northumbria Police,-1.611154,54.975165,On or near LISLE STREET,E01008397,Newcastle upon Tyne 024C,Investigation complete; no suspect identified
7f911a0abb9a64dbe69b82341c016fcfab61d6fb5b45aac0ce8740b01960e6ea,2014-10,Northumbria Police,Northumbria Police,-1.518994,54.975276,On or near MAY CLOSE,E01008639,South Tyneside 009A,Suspect charged
b13992295720686c18b49db60ce01461aa0e376fad494c2f04aaaf100dfb88ff,2014-10,Northumbria Police,Northumbria Police,-1.684366,54.924785,On or near LAMBLEY CLOSE,E01008273,Gateshead 019F,Investigation complete; no suspect identified
1736ed356662002e65479f54579e782ad41eb976776d3acea030a808dabc6fcc,2014-10,Northumbria Police,Northumbria Police,-1.576854,54.977378,On or near ROBINSON STREET,E01008303,Newcastle upon Tyne 018A,Suspect charged
c775ff139a5abcc1ea1f83d6170d3dee14c3963deb51ac3fc11649d6b3db0f46,2014-10,Northumbria Police,Northumbria Police,-1.424941,54.959151,On or near SARGENT AVENUE,E01008690,South Tyneside 019C,Investigation complete; no suspect identified
2e64bce83a31d7c6535a1ddca61a733721df18840aea1c663cee0ac956f2cba4,2014-10,Northumbria Police,Northumbria Police,-1.562171,55.178059,On or near FOURTH AVENUE,E01027545,Northumberland 010D,Investigation complete; no suspect identified
e73d80064cc698dfc7766183a82dd82d7e6f065b434aed08743cc95f8d535d3a,2014-10,Northumbria Police,Northumbria Police,-1.656937,54.970486,On or near COCHRANE STREET,E01008332,Newcastle upon Tyne 029B,Suspect charged
e73d80064cc698dfc7766183a82dd82d7e6f065b434aed08743cc95f8d535d3a,2014-10,Northumbria Police,Northumbria Police,-1.656937,54.970486,On or near COCHRANE STREET,E01008332,Newcastle upon Tyne 029B,Suspect charged
e73d80064cc698dfc7766183a82dd82d7e6f065b434aed08743cc95f8d535d3a,2014-10,Northumbria Police,Northumbria Police,-1.656937,54.970486,On or near COCHRANE STREET,E01008332,Newcastle upon Tyne 029B,Suspect charged
7af950f7a6427d565e4caf4eec63a57083062ca45a77c5fee56aa965d73f1fc0,2014-10,Northumbria Police,Northumbria Police,-1.478506,54.854063,On or near HILLVIEW CRESCENT,E01008721,Sunderland 032B,Investigation complete; no suspect identified
95abdee52d97f84b6b378e1250f48e4eca054539cdee97c6bf4c95bbaa3b617c,2014-10,Northumbria Police,Northumbria Police,-1.641536,54.975627,On or near CROSSLEY TERRACE,E01008449,Newcastle upon Tyne 022D,Investigation complete; no suspect identified
2319777a434fffc458795557ebc225f1e537e73a87ba1079c184ed1498a63d1a,2014-10,Northumbria Police,Northumbria Police,-1.600626,54.948226,On or near SILVERDALE TERRACE,E01008251,Gateshead 010A,Investigation complete; no suspect identified
38936e90fe0bd42b1752551f7d190c4fc8254fe06d31797de791c98ebe21ea3c,2014-10,Northumbria Police,Northumbria Police,-1.429170,54.884377,On or near TAUNTON SQUARE,E01008829,Sunderland 023G,Investigation complete; no suspect identified
2d82468c698a5794fef229f082d6bb05173ea8cfe3386ab9d45577422d8e85ad,2014-10,Northumbria Police,Northumbria Police,-1.715348,54.976514,On or near NORTHUMBERLAND ROAD,E01008385,Newcastle upon Tyne 021E,Investigation complete; no suspect identified
d6ba419577bff728c540c38a17989acdc2a20f43b38b76425616a94bd15a9c49,2014-10,Northumbria Police,Northumbria Police,-1.554497,55.126945,On or near Supermarket,E01027425,Northumberland 025A,Investigation complete; no suspect identified
27384e8c5f3a8b8d5581c5fc8ed3b921a592918f168b1b6aafdf8c818eb0e340,2014-10,Northumbria Police,Northumbria Police,-1.697547,55.162250,On or near QUEEN'S GARDENS,E01033718,Northumberland 016F,Investigation complete; no suspect identified
2b35666518fee69342baea36b9c9f353734ae7d23981957446f74729997a77a5,2014-10,Northumbria Police,Northumbria Police,-1.568353,55.182852,On or near Supermarket,E01027528,Northumberland 010A,Investigation complete; no suspect identified
899fec46f7eb61903aef4d731a8af9250fa9bdf64d2f4a06db5953eeefe4a506,2014-10,Northumbria Police,Northumbria Police,-1.690830,55.373076,On or near PERCY ROAD,E01027371,Northumberland 006F,Suspect charged
899fec46f7eb61903aef4d731a8af9250fa9bdf64d2f4a06db5953eeefe4a506,2014-10,Northumbria Police,Northumbria Police,-1.690830,55.373076,On or near PERCY ROAD,E01027371,Northumberland 006F,Suspect charged
cc1385d54f34881fe8ecd1c4461b82b22ef01fea78ae387e5f051e5a58d10199,2014-10,Northumbria Police,Northumbria Police,-1.372790,54.897372,On or near HENDON VALLEY ROAD,E01008735,Sunderland 016B,Investigation complete; no suspect identified
37dbeaa93b49afc7fd3cc4f35d4f6a5d928f4db85cbc6097228558aca23766c2,2014-10,Northumbria Police,Northumbria Police,-1.554213,54.973416,On or near CHRISTIE TERRACE,E01008426,Newcastle upon Tyne 028C,Investigation complete; no suspect identified
831f80616647b02680e005f44c4498505d80080b74b91c6da60c0853c646836b,2014-10,Northumbria Police,Northumbria Police,-1.418786,54.974408,On or near MELDON AVENUE,E01008681,South Tyneside 006D,Investigation complete; no suspect identified
52049c51a659217bc49fada0c4e7a1584c0025952dbd625821d3266725003490,2014-10,Northumbria Police,Northumbria Police,-1.550724,54.943047,On or near CHILCROSSE,E01008231,Gateshead 015A,Investigation complete; no suspect identified
f1d612ce2e7e555f56c8cd1ead1a1df2e47e980d6b69412c7ca4ba090cf5b421,2014-10,Northumbria Police,Northumbria Police,-1.615322,54.972222,On or near NUN STREET,E01033543,Newcastle upon Tyne 024G,Suspect charged
e65ea3ba10b2d8073b6c94291f3b89bb6602c680e683650102a7b17431f18476,2014-10,Northumbria Police,Northumbria Police,-1.616721,54.974644,On or near Shopping Area,E01008397,Newcastle upon Tyne 024C,Investigation complete; no suspect identified
33b9ba72a6362306d218b5c34c250eac49bb76ff8c3fde8a93b5172afaec5d4a,2014-10,Northumbria Police,Northumbria Police,-1.684432,54.980221,On or near THORNTREE DRIVE,E01008292,Newcastle upon Tyne 027E,Investigation complete; no suspect identified
10d6a1d8b0ecb8f33aa6ab8aedfa17defd29360a1517667f0a6d8d02c13b305c,2014-10,Northumbria Police,Northumbria Police,-1.532724,54.900087,On or near Supermarket,E01008848,Sunderland 019C,Investigation complete; no suspect identified
b166efc270facb63ecc5c067a18eadb8dae76f61ea46a148bf580b3441cdbacf,2014-10,Northumbria Police,Northumbria Police,-1.476065,55.012267,On or near GUNNERTON PLACE,E01008492,North Tyneside 023E,Investigation complete; no suspect identified
408622cc68e8f1546d9ddc0c183a8ffcc182628593464d2ed1e5667919e6da94,2014-10,Northumbria Police,Northumbria Police,-1.624537,54.975810,On or near Parking Area,E01008395,Newcastle upon Tyne 024B,Investigation complete; no suspect identified
ad89457452508937aa225cfdf6724559a0e196654691124127a910174b778293,2014-10,Northumbria Police,Northumbria Police,-1.456399,54.927385,On or near BINGLEY STREET,E01008698,Sunderland 003A,Investigation complete; no suspect identified
18e19d850888d2508da053684423224d85d01744a389eda8ee7f1039d3ad5e18,2014-10,Northumbria Police,Northumbria Police,-1.388264,54.914454,On or near Sports/Recreation Area,E01008711,Sunderland 005D,Investigation complete; no suspect identified
2019e825af1c36eeb501d72cffcfb602190d578ea876a7f8d4ebb81b67e93e0d,2014-10,Northumbria Police,Northumbria Police,-1.497014,54.877569,On or near TEESDALE AVENUE,E01008800,Sunderland 030D,Investigation complete; no suspect identified
fc8e5d291d38b399ef3fd2d3f2b169716323da1e8a628ac1191fc87dbf04c0ab,2014-10,Northumbria Police,Northumbria Police,-1.672203,54.983388,On or near ST CUTHBERT'S ROAD,E01008343,Newcastle upon Tyne 019A,Investigation complete; no suspect identified
a0bead1014b841ed73419e81aaecbcdd3350af5529ca9271a684eaf42dfe046d,2014-10,Northumbria Police,Northumbria Police,-1.609733,54.986367,On or near BURDON TERRACE,E01008370,Newcastle upon Tyne 017C,Investigation complete; no suspect identified
9b7500611cc1093c4390fd2529cef5a87dff51730160c0da9c782514939be20b,2014-10,Northumbria Police,Northumbria Police,-1.508310,54.964926,On or near THAMES ROAD,E01008645,South Tyneside 015C,Investigation complete; no suspect identified
fd0b422bafab29352227bd1077d055a2690d115e983c772562e79d7630668b4b,2014-10,Northumbria Police,Northumbria Police,-1.372790,54.897372,On or near HENDON VALLEY ROAD,E01008735,Sunderland 016B,Investigation complete; no suspect identified
e7806125ac9143a322288f3f85aff74d496f008815c611d808a1de6dadfcbb7b,2014-10,Northumbria Police,Northumbria Police,-1.560917,54.977529,On or near ROMAN AVENUE,E01008391,Newcastle upon Tyne 026E,Investigation complete; no suspect identified
a5ee4e4153c3a46f01c96881e7a1218f77e85623a1da603738bd91a293889938,2014-10,Northumbria Police,Northumbria Police,-1.416716,54.886466,On or near POLMUIR ROAD,E01008828,Sunderland 023F,Investigation complete; no suspect identified
e8befdf467f6cb2623344ece7505a39dc88b94f286864973e8a4d53093aefe8b,2014-10,Northumbria Police,Northumbria Police,-1.718794,55.006545,On or near MANDARIN CLOSE,E01008448,Newcastle upon Tyne 031G,Offender given a caution
6b8fb3b985335a9bc7c880c1ffeb0086d075465fbf1ceb4657037a34a72162ae,2014-10,Northumbria Police,Northumbria Police,-1.632471,54.975987,On or near HAMILTON CRESCENT,E01008399,Newcastle upon Tyne 024D,Investigation complete; no suspect identified
04ce1e07da383706cd773186065efbf462dd5137fe90ff0f573dbe2baee28582,2014-10,Northumbria Police,Northumbria Police,-1.820681,55.287863,On or near B6344,E01027365,Northumberland 007A,Investigation complete; no suspect identified
0e104aadf18f8ecf50298791fe31110655581177356052d691e005e14c2516df,2014-10,Northumbria Police,Northumbria Police,-1.519771,54.970355,On or near CLENNEL AVENUE,E01008642,South Tyneside 010D,Investigation complete; no suspect identified
209dacaf943439134fb7d78587edee12fbcfc20bbec96500c862b6c4badd0c59,2014-10,Northumbria Police,Northumbria Police,-1.429648,54.926706,On or near RETFORD SQUARE,E01008822,Sunderland 004E,Investigation complete; no suspect identified
4ea5f0cb2c1cefde268fa9e53f542c4befd6011e81ca772b93b1cbd6fb52ef71,2014-10,Northumbria Police,Northumbria Police,-1.653518,54.970252,On or near AXBRIDGE GARDENS,E01008335,Newcastle upon Tyne 029E,Investigation complete; no suspect identified
627d106cecfbfb6bbb465fbcc912b1ef223376a7bc04728c866dbe8b653e2292,2014-10,Northumbria Police,Northumbria Police,-1.638802,54.972177,On or near KINGSLEY TERRACE,E01008331,Newcastle upon Tyne 029A,Local resolution
f8eef97753b12a821ff766b08a9db65f221099af28a053f217d143baacbc69d9,2014-10,Northumbria Police,Northumbria Police,-1.580694,54.905672,On or near LEYBURN PLACE,E01008223,Gateshead 025B,Investigation complete; no suspect identified
3fbc9e0e3049c9484c3c1cacabb9d77e505c9f5b1e4b971d93f8bfca2e3cbc43,2014-10,Northumbria Police,Northumbria Police,-1.616721,54.974644,On or near Shopping Area,E01008397,Newcastle upon Tyne 024C,Investigation complete; no suspect identified
20089517ff01fbaea1d70ead9e9509e15c61d61a0d1733b5580d978da208a00f,2014-10,Northumbria Police,Northumbria Police,-1.543356,54.937538,On or near HOPEDENE,E01008282,Gateshead 015F,Investigation complete; no suspect identified
9492cec6d19d7cabe4c86ddc0f6d55fd22d27ebc0d4d58a6dee316f579abbad8,2014-10,Northumbria Police,Northumbria Police,-1.562578,55.020219,On or near FOREST AVENUE,E01008472,North Tyneside 018B,Local resolution
f516b6070e4b3eebdbaff585a24405a13bd7f22e30863ba0ed16216c23274b6b,2014-10,Northumbria Police,Northumbria Police,-1.639030,54.971118,On or near SCEPTRE STREET,E01008331,Newcastle upon Tyne 029A,Investigation complete; no suspect identified
84d70ac7a2ef1ef449824ccfd88ddfb19d81df499b17d2024d5f49e23604af7d,2014-10,Northumbria Police,Northumbria Police,-1.617134,54.972264,On or near NEWGATE STREET,E01033543,Newcastle upon Tyne 024G,Investigation complete; no suspect identified
1788131cb57d92a5713b29dea08acf979eec8164fca15e31dadec86b4baf4f6c,2014-10,Northumbria Police,Northumbria Police,-2.002716,55.768532,On or near HIDE HILL,E01027377,Northumberland 001B,Suspect charged
48eaa43f22319caf3e7887835f4bf6aeaa2187d48d66a1631f5c54c52b58d050,2014-10,Northumbria Police,Northumbria Police,-1.680367,54.944993,On or near HOLME RISE,E01008267,Gateshead 017A,Investigation complete; no suspect identified
a6b8629afbbbb388d537cb70e8e73cdb467ca3a9f4a1b39172e567a37e61017f,2014-10,Northumbria Police,Northumbria Police,-1.385079,54.904436,On or near MARITIME STREET,E01008703,Sunderland 013B,Investigation complete; no suspect identified
cc9869b9db416567e7d4b93cae36bc2b026948ddb60c53583ed4506518dc515f,2014-10,Northumbria Police,Northumbria Police,-1.602375,54.978246,On or near NAPIER STREET,E01008407,Newcastle upon Tyne 023B,Investigation complete; no suspect identified
f15e048c5f0cbc7ea9fb2368b30fa4b8a288bfce7b397685a9b80697c0eeb9bc,2014-10,Northumbria Police,Northumbria Police,-1.487711,55.087441,On or near FRANKLYN AVENUE,E01027417,Northumberland 030A,Investigation complete; no suspect identified
fd8776b6da0716e82fb93eccb2df2cf2ffd87b49dd27e225215978defd0a63aa,2014-10,Northumbria Police,Northumbria Police,-1.502995,54.839814,On or near DUBMIRE COTTAGES,E01008755,Sunderland 033E,Investigation complete; no suspect identified
7465778f1dabb55c0113882ab2b3ae834b2ae431508970b0a8e1b19ff5b3b055,2014-10,Northumbria Police,Northumbria Police,-1.611738,54.969722,On or near ST NICHOLAS' STREET,E01033545,Newcastle upon Tyne 024H,Investigation complete; no suspect identified
48c1c1811ed1c7fe090d7149b697f5db83b915d616c201b40c6fa1cebbb5c06d,2014-10,Northumbria Police,Northumbria Police,-1.428415,54.957487,On or near LORRAIN ROAD,E01008690,South Tyneside 019C,Investigation complete; no suspect identified
8a8f93c0d3a0c18e7e742df8d3fde62a1a8669d4d4ab7daff97aca676e1ae71a,2014-10,Northumbria Police,Northumbria Police,-1.709917,55.414861,On or near POTTERGATE,E01027358,Northumberland 005A,Investigation complete; no suspect identified
4b6620e4ec15c70184c26108a28eb3ef5cc0d87eff125868e1b7be8cd19e5075,2014-10,Northumbria Police,Northumbria Police,-1.609536,54.948669,On or near BRIGHTON ROAD,E01008254,Gateshead 010D,Investigation complete; no suspect identified
e140d170c543fe4e898aeb8904d69ba57dece954908922ef45a447e3b945ffde,2014-10,Northumbria Police,Northumbria Police,-1.649441,54.975587,On or near LEWIS DRIVE,E01008455,Newcastle upon Tyne 022G,Investigation complete; no suspect identified
06afa23f9b5a3f92623337aa3bd67337ef2fa3319a89412f491a1f78bfdea38b,2014-10,Northumbria Police,Northumbria Police,-1.419936,54.865273,On or near COLLEGE BURN ROAD,E01008770,Sunderland 031C,Investigation complete; no suspect identified
2d0f4dbfc24e52102d6c0aa29759e09e41a5468b0557da0c4a114d0638176a1b,2014-10,Northumbria Police,Northumbria Police,-1.575898,55.183625,On or near HALDANE STREET,E01027529,Northumberland 010B,Investigation complete; no suspect identified
47fe6cee031306db0ba6b9142f4c6bb444d4f8c14bc04dd7adad398f9bc47540,2014-10,Northumbria Police,Northumbria Police,-1.414449,54.994382,On or near GREENSIDE DRIFT,E01008597,South Tyneside 001C,Investigation complete; no suspect identified
8cc4f68e78c0c35931ff87d54501461d164cdd7f07d48af6ca88e03bb02a04ce,2014-10,Northumbria Police,Northumbria Police,-1.713914,54.975972,On or near HIGH ROW,E01008385,Newcastle upon Tyne 021E,Investigation complete; no suspect identified
daa7b1d8ec1165bd8bfefc1da1915d8e930c8f977a38fcb07efe60e01db016ad,2014-10,Northumbria Police,Northumbria Police,-1.661869,55.004495,On or near Sports/Recreation Area,E01008295,Newcastle upon Tyne 008A,Local resolution
818adda817484936247376d6adf2747104a894509cfec14a9510e1262529a73c,2014-10,Northumbria Police,Northumbria Police,-1.421414,54.887171,On or near SOUTHEND ROAD,E01008827,Sunderland 023E,Investigation complete; no suspect identified
36ae109ab84878eac434473e1c87f390630faf78d6f0ec782b1e5cd85d96f8a8,2014-10,Northumbria Police,Northumbria Police,-1.660282,54.970280,On or near ATKINSON TERRACE,E01008291,Newcastle upon Tyne 027D,Investigation complete; no suspect identified
dcbbc34cbdd34308a7ac997caea8aecaffe8c2118934462b3556039e33e5502f,2014-10,Northumbria Police,Northumbria Police,-1.614002,54.976262,On or near Shopping Area,E01008397,Newcastle upon Tyne 024C,Investigation complete; no suspect identified
d9999f1e1d8101d705685f11b01e13ad0838293529ad5477af15a12d2abf60d6,2014-10,Northumbria Police,Northumbria Police,-1.433250,54.982348,On or near WEST PARK ROAD,E01008679,South Tyneside 005A,Investigation complete; no suspect identified
feec64d4d3f111f6d4e88111711c904d4a77fc48d60b0352fa7b42f6b346412a,2014-10,Northumbria Police,Northumbria Police,-1.604153,54.962643,On or near Shopping Area,E01008168,Gateshead 027D,Investigation complete; no suspect identified
7981574d6f18dd39a00edd18e07ad38458086b46ede0d223041b414cb4fb3ebb,2014-10,Northumbria Police,Northumbria Police,-1.377924,54.904219,On or near TAVISTOCK PLACE,E01008836,Sunderland 016F,Investigation complete; no suspect identified
4ec82174cec2c4b6661fc686d5b6349545bc68016f0dd022a80af7f1393d56f1,2014-10,Northumbria Police,Northumbria Police,-1.641536,54.975627,On or near CROSSLEY TERRACE,E01008449,Newcastle upon Tyne 022D,Investigation complete; no suspect identified
86b87e08f0fdaa2d6e993f51b5beb2d8cec6d1f05fc42f3399fc8f4dcdfa3370,2014-10,Northumbria Police,Northumbria Police,-1.551454,54.970009,On or near RYAL TERRACE,E01008426,Newcastle upon Tyne 028C,Investigation complete; no suspect identified
4b1c2584b4045fd6d510b6601fbcfec28974ce3028a348106168f3a5d0d04e9f,2014-10,Northumbria Police,Northumbria Police,-1.770551,54.972524,On or near MAIN ROAD,E01008245,Gateshead 002F,Investigation complete; no suspect identified
3d79be32a70d14b43febe7686d7149abe2738fada3cba13358415bdd7048e944,2014-10,Northumbria Police,Northumbria Police,-1.492278,54.981521,On or near GRANGE PLACE,E01008604,South Tyneside 007B,Investigation complete; no suspect identified
9a9f8096d3109a828583009c7f00452096792f66a1b404fb7e509a001291d503,2014-10,Northumbria Police,Northumbria Police,-1.694771,54.988946,On or near HOTCH PUDDING PLACE,E01008325,Newcastle upon Tyne 015B,Investigation complete; no suspect identified
1e6426eda3465d242d7c623ad0bae9f0166c1f226b5b29e154af3f038704c2e4,2014-10,Northumbria Police,Northumbria Police,-1.368094,54.948310,On or near CHURCH LANE,E01008687,South Tyneside 018E,Investigation complete; no suspect identified
f36072cbf92546ecec511677e87972e9344ae4a027eb16a51215d4f061810582,2014-10,Northumbria Police,Northumbria Police,-1.436204,54.989030,On or near LAYGATE,E01008666,South Tyneside 002C,Suspect charged
f36072cbf92546ecec511677e87972e9344ae4a027eb16a51215d4f061810582,2014-10,Northumbria Police,Northumbria Police,-1.436204,54.989030,On or near LAYGATE,E01008666,South Tyneside 002C,Suspect charged
f9c98b222d57ba56c89cacedc7530cf75baecd5c6cdb41e4c2c77b4d377562f6,2014-10,Northumbria Police,Northumbria Police,-1.568317,54.944522,On or near SUNNINGDALE CLOSE,E01008229,Gateshead 018A,Investigation complete; no suspect identified
4665ecceaa9248f16f7f44d656e946fb2f8fc48f7b2a95fc8d9eb8327f6af91b,2014-10,Northumbria Police,Northumbria Police,-1.623199,55.056906,On or near PATIENCE AVENUE,E01008582,North Tyneside 004E,Investigation complete; no suspect identified
a499ac9e0f9f0c2c0a6aad7bb3f1d6d02df6cac660b725136d6c6b93169332ab,2014-10,Northumbria Police,Northumbria Police,-1.439729,54.890636,On or near GALASHIELS ROAD,E01008732,Sunderland 021D,Investigation complete; no suspect identified
bc11bada7c22c65cc66ffdbdbd74be778a8f970ea43c734b3dd1f69651c09ecc,2014-10,Northumbria Police,Northumbria Police,-1.604153,54.962643,On or near Shopping Area,E01008168,Gateshead 027D,Offender given penalty notice
f2ad62599d5226946171bdc21a275240fe35be75ea4f6c38e925a86cb0e1ccb0,2014-10,Northumbria Police,Northumbria Police,-1.576294,55.029092,On or near COMET ROW,E01008477,North Tyneside 008C,Investigation complete; no suspect identified
e3ae945aa6ddce31ee0890e35298a9b66414d792f3e2592e9fa39ac5b126036c,2014-10,Northumbria Police,Northumbria Police,-1.435258,54.928322,On or near ROCKINGHAM SQUARE,E01008839,Sunderland 003D,Investigation complete; no suspect identified
b508669042fee5a74059f26569640cecd960666483ed09b9fadf7fa16386c13e,2014-10,Northumbria Police,Northumbria Police,-1.500035,54.905502,On or near SUNDERLAND HIGHWAY,E01008850,Sunderland 017D,Suspect charged
b508669042fee5a74059f26569640cecd960666483ed09b9fadf7fa16386c13e,2014-10,Northumbria Police,Northumbria Police,-1.500035,54.905502,On or near SUNDERLAND HIGHWAY,E01008850,Sunderland 017D,Suspect charged
b508669042fee5a74059f26569640cecd960666483ed09b9fadf7fa16386c13e,2014-10,Northumbria Police,Northumbria Police,-1.500035,54.905502,On or near SUNDERLAND HIGHWAY,E01008850,Sunderland 017D,Suspect charged
dc16eef00cde7b47e1aa35cc703003faad6b0184a9fc536e14d394192f51c4be,2014-10,Northumbria Police,Northumbria Police,-1.450290,54.831769,On or near BYER STREET,E01008718,Sunderland 035A,Investigation complete; no suspect identified
1079c634eaafe9f3d0823d57857f2147dc0d90097270c7dcb903518cc7dd906c,2014-10,Northumbria Police,Northumbria Police,-1.397217,54.972982,On or near ASHRIDGE CLOSE,E01008625,South Tyneside 013C,Investigation complete; no suspect identified
067c9323315f5c4a545df6757baaa203bb50c2bcb78c91c6a600867e99799f19,2014-10,Northumbria Police,Northumbria Police,-1.379228,54.905592,On or near FREDERICK STREET,E01008703,Sunderland 013B,Investigation complete; no suspect identified
c63fc4cda518144dc5f7ed3c66bb8079bb88cf0f2679273fe8a43f22994b1c34,2014-10,Northumbria Police,Northumbria Police,-1.617134,54.972264,On or near NEWGATE STREET,E01033543,Newcastle upon Tyne 024G,Investigation complete; no suspect identified
4dcf4366fec6fc0397292a9b2c75d8457ff6e04fedadcf145d75ae60a54bf630,2014-10,Northumbria Police,Northumbria Police,-1.681999,54.953894,On or near CROWLEY ROAD,E01008262,Gateshead 009A,Investigation complete; no suspect identified
90a25e800ef4863ed9775a124011db69bbea7e6c2ac346cf6dc41241c49ba83f,2014-10,Northumbria Police,Northumbria Police,-1.565386,54.967354,On or near STAINES ROAD,E01008301,Newcastle upon Tyne 026A,Investigation complete; no suspect identified
a8782d39d44583d4b070a4570e7256ed83011a10592e5a0c5c729da7e07fca9d,2014-10,Northumbria Police,Northumbria Police,-1.690593,55.008040,On or near EAST THORP,E01008459,Newcastle upon Tyne 004E,Investigation complete; no suspect identified
c6218acaee7bef4a34bd18ffeed595a4a9b80f2b6520db430f66ea6ed0e45098,2014-10,Northumbria Police,Northumbria Police,-1.491600,54.957291,On or near HARBOTTLE CRESCENT,E01008632,South Tyneside 017B,Investigation complete; no suspect identified
6d03d42baa4f839af9e856d6c1ac6db02de1f07aad5dba50d60a3056dea839fc,2014-10,Northumbria Police,Northumbria Police,-1.568918,54.997803,On or near RED HALL DRIVE,E01008316,Newcastle upon Tyne 012C,Investigation complete; no suspect identified
6bd02a32cb4c03fa5402a10796563a0ed8717fcb35635cd225859d58cf4af8b9,2014-10,Northumbria Police,Northumbria Police,-1.397294,54.969900,On or near EASTWAY,E01008624,South Tyneside 018A,Investigation complete; no suspect identified
9bb18a1fcf624c749e29aa3dc501b87e7979e43c17f94ae73dc619de503768e4,2014-10,Northumbria Police,Northumbria Police,-1.515841,54.945169,On or near A194(M),E01008629,South Tyneside 020C,Investigation complete; no suspect identified
b997466826a622c8904ddfb0cf5b6cb8ea21f9e6b2f33a27e31b6ecdeda0cc53,2014-10,Northumbria Police,Northumbria Police,-1.656873,54.976148,On or near WEST ROAD,E01008334,Newcastle upon Tyne 029D,Investigation complete; no suspect identified
71f3a1228874150f9236df9a52670a06e3c0667a24d92ed2d97ff57af0031c39,2014-10,Northumbria Police,Northumbria Police,-1.619632,54.970753,On or near CROSS STREET,E01033554,Newcastle upon Tyne 024I,Investigation complete; no suspect identified
488691f8a3ee9c461a3a57d9294f43cdde5d0592b0538a07191a28232657697f,2014-10,Northumbria Police,Northumbria Police,-1.605619,54.951693,On or near COATSWORTH ROAD,E01008252,Gateshead 010B,Investigation complete; no suspect identified
cbc73225f32714f33b9c4ab4baf2612d6a55573015b15691ea2b5b7af90be430,2014-10,Northumbria Police,Northumbria Police,-1.555952,55.062197,On or near CHESTER GROVE,E01027435,Northumberland 032D,Investigation complete; no suspect identified
ee4370bd61049e899f4bbe7fa0863684d9259bd3c3603a5a76fee1481dee7824,2014-10,Northumbria Police,Northumbria Police,-1.561197,55.176689,On or near FIFTH AVENUE,E01027545,Northumberland 010D,Investigation complete; no suspect identified
be0ab473b99d13232d259ab1e045ebcae22ee7577e1300e0e4321317a253d9c3,2014-10,Northumbria Police,Northumbria Police,-1.786951,54.967126,On or near MAIN STREET,E01008199,Gateshead 002D,Suspect charged
36141d3a20fcc611e289ba61bfe3cff1e84083a6ddfd499d7ada2d40d401a903,2014-10,Northumbria Police,Northumbria Police,-1.441598,54.974164,On or near SOUTH DENE,E01008590,South Tyneside 011A,Investigation complete; no suspect identified
16fb7e960e9e802e55f2c562f382a58f891bf00bcff209af8035ffb0afd9ebbb,2014-10,Northumbria Police,Northumbria Police,-1.397537,54.887846,On or near FROSTERLEY GARDENS,E01008785,Sunderland 022F,Investigation complete; no suspect identified
cfe7007c062d1f35b36c59f4485b6a21a5c5522ebbf932385585666753d394cc,2014-10,Northumbria Police,Northumbria Police,-1.613110,54.952077,On or near BRIGHTON ROAD,E01008171,Gateshead 008D,Investigation complete; no suspect identified
61f6c9ae5038dee66d3385cfaae906d337b9d4be37c0c6721cb9919e80b888d8,2014-10,Northumbria Police,Northumbria Police,-1.690387,55.162564,On or near DUNCAN GARDENS,E01033718,Northumberland 016F,Investigation complete; no suspect identified
cd5d018a1dfa78ddb9c8d8f55e5d86bacc9934ad1cc6ebc9a779ac51b13e9526,2014-10,Northumbria Police,Northumbria Police,-1.565948,54.929641,On or near RYHOPE GARDENS,E01008227,Gateshead 021E,Suspect charged
e94e9dfd32c6d931ff8b7c22c1b400229cf731a85911edf9bc9f7b183a675be1,2014-10,Northumbria Police,Northumbria Police,-1.422688,54.863435,On or near MEMBURY CLOSE,E01008808,Sunderland 029E,Investigation complete; no suspect identified
2ec406438ba5eb2d9b8652419857fc195620f562c2080f586dfd681725a05b35,2014-10,Northumbria Police,Northumbria Police,-1.607747,54.968900,On or near SANDHILL,E01033543,Newcastle upon Tyne 024G,Investigation complete; no suspect identified
442fd90d741283a65dc920a9c6ce793df95225a1ca8f456f4d2f42bee3ddff6a,2014-10,Northumbria Police,Northumbria Police,-1.426348,54.918458,On or near HYLTON PARK ROAD,E01008693,Sunderland 008A,Investigation complete; no suspect identified
34c7f3aaa216c2e4058dc2d4e44b92219c541fd8a7d5afa0ea964cf460c415a2,2014-10,Northumbria Police,Northumbria Police,-1.619265,54.964920,On or near POTTERY LANE,E01033545,Newcastle upon Tyne 024H,Investigation complete; no suspect identified
a8efb163d31b24b82fe547fc5536398ec1ec9dc3a8bc61475734fe21bff5cd3b,2014-10,Northumbria Police,Northumbria Police,-1.639553,54.973806,On or near BISHOP'S AVENUE,E01008449,Newcastle upon Tyne 022D,Investigation complete; no suspect identified
dde5d9b109e821c950056f2958dff0b33aaad17da3526fe009661812cf08ce87,2014-10,Northumbria Police,Northumbria Police,-1.428733,54.886595,On or near TORRENS ROAD,E01008829,Sunderland 023G,Investigation complete; no suspect identified
b305e5e2a8009ef27c113c1c044f0451f4670b4c0552bf334f8da648f9210402,2014-10,Northumbria Police,Northumbria Police,-1.495351,54.962007,On or near FEATHERSTONE GROVE,E01008658,South Tyneside 015F,Investigation complete; no suspect identified
43048008fc2362366746c113dc43a3bcb107dcca10b94f9845933af33a701002,2014-10,Northumbria Police,Northumbria Police,-1.494514,54.975240,On or near VICTORIA TERRACE,E01008657,South Tyneside 009F,Investigation complete; no suspect identified
90c251a8a97bd792fcbfab091272097bbec635bfe0da4a9473e55555c5cadd95,2014-10,Northumbria Police,Northumbria Police,-1.539752,54.957959,On or near WOOD TERRACE,E01008243,Gateshead 003C,Investigation complete; no suspect identified
417fecbaa7fc5d8c4bacfc54f53d2a0408c8d5dd8f140d4faf3185630d32569c,2014-10,Northumbria Police,Northumbria Police,-1.434487,54.957695,On or near MILLAIS GARDENS,E01008689,South Tyneside 019B,Investigation complete; no suspect identified
400f43d433578d9981d1fc66091d924698e891cec710f4a409548a26906ccc3e,2014-10,Northumbria Police,Northumbria Police,-1.386923,54.924664,On or near ELIZABETH STREET,E01008711,Sunderland 005D,Investigation complete; no suspect identified
6559a00b38b58e71285543fdad2ede9f8f4db5d7c83e6a95192422843cf452da,2014-10,Northumbria Police,Northumbria Police,-1.659928,54.969587,On or near GERALD STREET,E01008291,Newcastle upon Tyne 027D,Investigation complete; no suspect identified
daf49dbf72fe02e28c6a4e420f4521ad551f2a224b5b82a3dd63f2be2fd1da0c,2014-10,Northumbria Police,Northumbria Police,-1.676582,54.988719,On or near BUTTERMERE CLOSE,E01008350,Newcastle upon Tyne 019H,Investigation complete; no suspect identified
db3cce4aea5ad28df5b5e7099628c2b981ca81237c1174efc211f9b8335bd527,2014-10,Northumbria Police,Northumbria Police,-1.390314,54.889239,On or near LARKFIELD ROAD,E01008784,Sunderland 022E,Investigation complete; no suspect identified
411e1809deb06837358e82bffe1be97fd686142e514f35318dfeedcc825f29d4,2014-10,Northumbria Police,Northumbria Police,-1.401046,54.983389,On or near ST CUTHBERT'S AVENUE,E01008651,South Tyneside 004D,Investigation complete; no suspect identified
56d56f1cdf6c2948d2b92ecb8556efe1512c62db72fd9ce35e49311ac0e4bd01,2014-10,Northumbria Police,Northumbria Police,-1.584710,54.977693,On or near HEATON PARK ROAD,E01008304,Newcastle upon Tyne 026C,Investigation complete; no suspect identified
e8730d0be1f9e3659ac88fdedb23bb9a2be5efbe91b97309d53c4cf477f3bc8f,2014-10,Northumbria Police,Northumbria Police,-1.614464,54.968814,On or near Pedestrian Subway,E01033545,Newcastle upon Tyne 024H,Investigation complete; no suspect identified
6f1b652bc7b08ee45e3dc75b809d9090c3775db45bcad62584fe50aa67fa4ac7,2014-10,Northumbria Police,Northumbria Police,-1.420391,54.995291,On or near BALTIC COURT,E01008597,South Tyneside 001C,Suspect charged
a162e16a9759cd1a43293973e9ac0ef4d623e98843df3bd0be3f524035c2999d,2014-10,Northumbria Police,Northumbria Police,-1.577718,55.131782,On or near DENE VIEW,E01027519,Northumberland 020D,Investigation complete; no suspect identified
d1c7b5d85e0fcfe12240ae5a9f95a9154741de311f68d505e0833447609d7892,2014-10,Northumbria Police,Northumbria Police,-1.580749,54.900424,On or near EDWARD ROAD,E01008223,Gateshead 025B,Suspect charged as part of another case
682355cbbcb66d0b125b0d4924703be1382340b1aed54f92c79599cee3b32fc2,2014-10,Northumbria Police,Northumbria Police,-1.782727,54.953927,On or near LEAD ROAD,E01008195,Gateshead 002A,Offender given penalty notice
a752513623da4ac4590606e9eab3120950eb36e9ca931dfdc080ce25f6824339,2014-10,Northumbria Police,Northumbria Police,-1.497967,54.842256,On or near BLUMER STREET,E01008755,Sunderland 033E,Investigation complete; no suspect identified
a28e41ce57c108ec954e53457f67465242b8afd88ebe92295b92f6a13ccf2a55,2014-10,Northumbria Police,Northumbria Police,-1.509731,55.185354,On or near WATT'S LANE,E01027541,Northumberland 009A,Suspect charged
8244296494d301228e83b392fa18184b1a98135ac01e83e93836a1b04b5722fb,2014-10,Northumbria Police,Northumbria Police,-1.705220,54.981352,On or near MOORCROFT CLOSE,E01008384,Newcastle upon Tyne 021D,Investigation complete; no suspect identified
ea940f3c66ac598526280e795c1f8f7a7e88e4c793cfbef90e238c4f85041cdc,2014-10,Northumbria Police,Northumbria Police,-1.534357,54.889624,On or near MENDIP DRIVE,E01008871,Sunderland 020E,Investigation complete; no suspect identified
e7f57975cbbc26a734b7fa873dc6f8867f0b0ff11574105ebcf9ea2dd9688962,2014-10,Northumbria Police,Northumbria Police,-1.566925,55.036266,On or near Shopping Area,E01008479,North Tyneside 008D,Investigation complete; no suspect identified
d75fbfa4ea988c562de0dbc65bd5b8dfd7b4d757972b588a9ffb298f1637d8fa,2014-10,Northumbria Police,Northumbria Police,-1.765518,55.026701,On or near BIRNEY EDGE,E01027469,Northumberland 034C,Investigation complete; no suspect identified
eafc2df91baeb78a723b5756a8468eaaeadda2fe3f73e05276ad765fa3d7a5bd,2014-10,Northumbria Police,Northumbria Police,-1.430751,54.998880,On or near Nightclub,E01008596,South Tyneside 001B,Suspect charged
34351c1bfe994454a2cecbd75477c399425a722ce765c9874bd998679dfd47af,2014-10,Northumbria Police,Northumbria Police,-1.617099,54.975966,On or near MORDEN STREET,E01008397,Newcastle upon Tyne 024C,Investigation complete; no suspect identified
a9bf86d817b4509b08d461fe05a464c9bf585ac571f46682f1284882b488c818,2014-10,Northumbria Police,Northumbria Police,-1.580343,54.984409,On or near KING JOHN STREET,E01008362,Newcastle upon Tyne 018E,Investigation complete; no suspect identified
02c23cbe5b8cc1a529aa52efa264bf7edc850ccb6a7004c56bee44158f05598a,2014-10,Northumbria Police,Northumbria Police,-1.393850,54.901901,On or near BURN PARK ROAD,E01008831,Sunderland 013D,Investigation complete; no suspect identified
02c23cbe5b8cc1a529aa52efa264bf7edc850ccb6a7004c56bee44158f05598a,2014-10,Northumbria Police,Northumbria Police,-1.393850,54.901901,On or near BURN PARK ROAD,E01008831,Sunderland 013D,Investigation complete; no suspect identified
419e4005fc711c50b35993c0a141a47fc0992c8e3803df8fca386d5be42254e6,2014-10,Northumbria Police,Northumbria Police,-1.653512,55.174066,On or near A197,E01027462,Northumberland 011B,Investigation complete; no suspect identified
7c9b4d477083a93bc916994e1c59f75bc5721821d4955cb9a9267efd2caa82d7,2014-10,Northumbria Police,Northumbria Police,-1.510565,55.130057,On or near BURT STREET,E01027415,Northumberland 023B,Investigation complete; no suspect identified
ba38639ebe9d5e338d55244c194009f781e5e67e2e028884f232d1b75fb2d03f,2014-10,Northumbria Police,Northumbria Police,-1.466500,55.037863,On or near LENA AVENUE,E01008552,North Tyneside 009A,Investigation complete; no suspect identified
f33ead95cafa3a4feb98090db023f98a7db3c408d7a4dc2873ab915997d493d5,2014-10,Northumbria Police,Northumbria Police,-1.609932,54.993206,On or near BRENTWOOD AVENUE,E01008373,Newcastle upon Tyne 013E,Investigation complete; no suspect identified
18fa30446d3e076a28f7e2c990324f2d5791cfbe9d9f36529c55e3872ebd1685,2014-10,Northumbria Police,Northumbria Police,-1.560069,55.012249,On or near WHITLEY ROAD,E01008473,North Tyneside 018C,Investigation complete; no suspect identified
f4bfdaeb03816a2fcddfe0a4f4ae533e8bd0d1c8b8aeab786766fb0554efa6ca,2014-10,Northumbria Police,Northumbria Police,-1.877176,55.041952,On or near GRANGE AVENUE,E01027472,Northumberland 034E,Investigation complete; no suspect identified
535e82fdc16f4af9b7d0c8200ff195e2fa946d9c86fe7e5a9b2bb5dc4b8f2468,2014-10,Northumbria Police,Northumbria Police,-1.712159,55.037918,On or near Parking Area,E01008458,Newcastle upon Tyne 004D,Local resolution
535e82fdc16f4af9b7d0c8200ff195e2fa946d9c86fe7e5a9b2bb5dc4b8f2468,2014-10,Northumbria Police,Northumbria Police,-1.712159,55.037918,On or near Parking Area,E01008458,Newcastle upon Tyne 004D,Investigation complete; no suspect identified
909d972f63948f54ee2a4d216ec9fdca2ba74ae9649e9eccd47504921ef140b5,2014-10,Northumbria Police,Northumbria Police,-1.466536,55.005674,On or near BAWTRY GROVE,E01008482,North Tyneside 023B,Investigation complete; no suspect identified
c6d1b07503c29359888ad89b4bed58cb088fafd52d6c85c162485eb7ac694cc5,2014-10,Northumbria Police,Northumbria Police,-1.373689,54.902715,On or near BISHOP MORTON GROVE,E01008836,Sunderland 016F,Suspect charged
99b215418eedfbee5e0f371ac20a6e12fbf4dfc9fd9daa7aeefa72209dffc369,2014-10,Northumbria Police,Northumbria Police,-1.446171,55.042598,On or near Supermarket,E01008584,North Tyneside 006A,Investigation complete; no suspect identified
f053294b7d9b09032487b599a5659172700ed5458e4de845e6791cb37170d9ec,2014-10,Northumbria Police,Northumbria Police,-1.602027,55.158705,On or near HIGH STREET,E01027534,Northumberland 017C,Investigation complete; no suspect identified
ec42f61c46840ff7272d674321e92886be5111203a98eade00d6981420ec2b9d,2014-10,Northumbria Police,Northumbria Police,-1.575848,54.890477,On or near RADCLIFFE STREET,E01008174,Gateshead 026C,Investigation complete; no suspect identified
fd318543bd54d150b93b5f8a98453730b8e98e80ffa9201263acc97377ec01ac,2014-10,Northumbria Police,Northumbria Police,-1.590452,54.930813,On or near YEWDALE GARDENS,E01008192,Gateshead 023D,Investigation complete; no suspect identified
ad779f2f4962761e9b664100a4a005d41372d6376759da225822d44d566ebd14,2014-10,Northumbria Police,Northumbria Police,-1.433388,54.983688,On or near RAVENSWORTH TERRACE,E01008683,South Tyneside 005D,Investigation complete; no suspect identified
eb8acb9fce1a8dd594171683d7199fe1b8ddb23ebd524869a54016d76c421dc2,2014-10,Northumbria Police,Northumbria Police,-1.496876,55.083678,On or near THE AVENUE,E01027417,Northumberland 030A,Investigation complete; no suspect identified
92eeee2e98b49442af8f3f234e9a740f99b4e6081f591309ccf097926d4810b6,2014-10,Northumbria Police,Northumbria Police,-1.435692,54.927399,On or near RAMILLIES SQUARE,E01008839,Sunderland 003D,Investigation complete; no suspect identified
d1f52365819f6edde33742aea61ca1e96da89d249c82a7164e1697b65ca8ce26,2014-10,Northumbria Police,Northumbria Police,-1.534633,55.003599,On or near ALLENDALE AVENUE,E01008464,North Tyneside 024C,Investigation complete; no suspect identified
9c78a913e798102137f8249136ec1bd705662b972f13af2b6c90831618ac1951,2014-10,Northumbria Police,Northumbria Police,-1.551259,54.970754,On or near SCROGG ROAD,E01008428,Newcastle upon Tyne 030D,Suspect charged
fd213b252a089049de915481706b3a38ab684801f67d0598e948f1d71d749585,2014-10,Northumbria Police,Northumbria Police,-1.658991,54.969612,On or near ETHEL STREET,E01008291,Newcastle upon Tyne 027D,Investigation complete; no suspect identified
fe1b48ce31251af1a9d05a1d6b2a87e9b6015fcc4f97f025be98b02255d0256c,2014-10,Northumbria Police,Northumbria Police,-1.425218,55.000984,On or near GEORGE SCOTT STREET,E01008598,South Tyneside 001D,Suspect charged
0853257dcb5ba680cb30ecce185d37eaf55bf286e9d8108837fabda0894e1340,2014-10,Northumbria Police,Northumbria Police,-1.699590,54.988311,On or near HARLE CLOSE,E01008330,Newcastle upon Tyne 015G,Investigation complete; no suspect identified
8e4010c922925910224b314bd4bc1d06c1a2cd4e72b0a013183ff214b94accab,2014-10,Northumbria Police,Northumbria Police,-1.543141,55.125789,On or near TYNEDALE DRIVE,E01027425,Northumberland 025A,Local resolution
8e4010c922925910224b314bd4bc1d06c1a2cd4e72b0a013183ff214b94accab,2014-10,Northumbria Police,Northumbria Police,-1.543141,55.125789,On or near TYNEDALE DRIVE,E01027425,Northumberland 025A,Local resolution
3065ba5c9df99dce539a624cfcdaf5a35d298c4928e32cd1029071694e6acfe2,2014-10,Northumbria Police,Northumbria Police,-1.564952,55.125914,On or near HORTON MANOR,E01027425,Northumberland 025A,Investigation complete; no suspect identified
fbe7721a6ac9728727a7e9161c451ba4b7035a2d9e8a3fde22c97d386ca7ee8b,2014-10,Northumbria Police,Northumbria Police,-1.575244,54.983457,On or near HARTFORD STREET,E01008360,Newcastle upon Tyne 018C,Investigation complete; no suspect identified
f36d934546840f3842cb9aeb06d3bd6cd9d0b86dde8bf3c9ada4e64caf8b2b6e,2014-10,Northumbria Police,Northumbria Police,-1.704204,54.989895,On or near RIDSDALE AVENUE,E01008329,Newcastle upon Tyne 015F,Investigation complete; no suspect identified
30b6885496d934529d37d0367aff49190da2745fe26fc367341dc8240299c1dd,2014-10,Northumbria Police,Northumbria Police,-1.434067,54.998716,On or near QUEEN STREET,E01008667,South Tyneside 002D,Investigation complete; no suspect identified
5710600d4528ce984a06fc72bbf7dde89d3d24b78bab0533205d367a0c5b91ac,2014-10,Northumbria Police,Northumbria Police,-1.377594,54.880053,On or near SANDMERE ROAD,E01008780,Sunderland 024D,Investigation complete; no suspect identified
776303df4a08cd909b79d6074959b2b5d0a6cf84e898dcf4fd86ad87bcf05494,2014-10,Northumbria Police,Northumbria Police,-1.445134,55.015760,On or near BLANCHLAND TERRACE,E01008559,North Tyneside 017C,Investigation complete; no suspect identified
f37de1a6d415e0f51a05f1fa2ce627970cfbde3e49929838514e24bb5c070c20,2014-10,Northumbria Police,Northumbria Police,-1.365865,54.893499,On or near COMMERCIAL ROAD,E01008738,Sunderland 016E,Investigation complete; no suspect identified
5f5c534b7ff6dffc8e6a3f04132c20cc31a8893196dfbdbc2f7ac48a6ee0fab7,2014-10,Northumbria Police,Northumbria Police,-1.433731,54.988173,On or near DIXON STREET,E01008666,South Tyneside 002C,Investigation complete; no suspect identified
dac15edac06c648a16ef771c308330545b4866438bb0d96f8c9d41ba86f9e2d4,2014-10,Northumbria Police,Northumbria Police,-1.614445,54.974044,On or near BLACKETT STREET,E01008397,Newcastle upon Tyne 024C,Investigation complete; no suspect identified
795790133ec63763d3e9c236702a5acb2284d6e1a2a13fcbf0a1bf44d5a1ed12,2014-10,Northumbria Police,Northumbria Police,-1.706843,55.409767,On or near SOUTH STREET,E01033717,Northumberland 005E,Investigation complete; no suspect identified
33bc384feae308fe5ad1f3fc4bac4c7a524f8b09f332e7d353f06f2a0ea83499,2014-10,Northumbria Police,Northumbria Police,-1.612931,54.970714,On or near GROAT MARKET,E01033543,Newcastle upon Tyne 024G,Investigation complete; no suspect identified
d7b53e7f061fd6a8dadd8feada679a4edaeb51ccc7824a5b3e285e690a0c8548,2014-10,Northumbria Police,Northumbria Police,-1.682304,54.956761,On or near LONG RIGG ROAD,E01008262,Gateshead 009A,Investigation complete; no suspect identified
9d753c506cb73edae26ed4fcafdede1af0d04e80f4a37aaac22e8ba50d705111,2014-10,Northumbria Police,Northumbria Police,-1.617134,54.972264,On or near NEWGATE STREET,E01033543,Newcastle upon Tyne 024G,Investigation complete; no suspect identified
a90c7fe96a7627b979c88a5d7536dcb29909b696dc08e9675c23b7446a76c3ec,2014-10,Northumbria Police,Northumbria Police,-1.614002,54.976262,On or near Shopping Area,E01008397,Newcastle upon Tyne 024C,Offender given a caution
c456bdf9eaa03ad0411dc1435e76088cb9b0daea900621b622d6ce6c1a0430fb,2014-10,Northumbria Police,Northumbria Police,-1.467487,54.952731,On or near HEDWORTH LANE,E01008611,South Tyneside 021B,Investigation complete; no suspect identified
b113c6512b2f2d38bf79b9a5cc448043cd499475d5c428b2546743b25f3ce3eb,2014-10,Northumbria Police,Northumbria Police,-1.788876,54.969358,On or near GARDEN HOUSE ESTATE,E01008198,Gateshead 002C,Investigation complete; no suspect identified
6d3327d6a7b5bc27751b5f077038f93a6307b218caf675fe45a191014e622824,2014-10,Northumbria Police,Northumbria Police,-1.411017,54.898858,On or near ABINGDON STREET,E01008760,Sunderland 018A,Investigation complete; no suspect identified
23ddc4717c25b31e3ba09164951af8fe39cf12e689b992089f5e9d6d208954d8,2014-10,Northumbria Police,Northumbria Police,-1.645454,54.956444,On or near NEWTON STREET,E01008209,Gateshead 007A,Investigation complete; no suspect identified
7f9a0daf25e64dbeae29572f2e84c17e3f42c890fdf5f0fa05a0d1ff97cee576,2014-10,Northumbria Police,Northumbria Police,-1.823727,55.595406,On or near SOUTH ROAD,E01027374,Northumberland 003A,Offender given a caution
b478462031084aa929d461c374e6db2b482baf94cd97a9b18675827910a091ef,2014-10,Northumbria Police,Northumbria Police,-1.496333,54.864661,On or near LOWERSON AVENUE,E01008793,Sunderland 030A,Investigation complete; no suspect identified
f987933f2bb95ea8c22d00fa796598583fa3e07eb6e5dc1a574b497e65f5e499,2014-10,Northumbria Police,Northumbria Police,-1.370834,54.937792,On or near Parking Area,E01008723,Sunderland 002A,Investigation complete; no suspect identified
dd4cd842321e25c8a2ba99154f072fffca4d66170210d2469653bb868d1d822e,2014-10,Northumbria Police,Northumbria Police,-1.413443,54.875711,On or near SANDOWN GARDENS,E01008809,Sunderland 026E,Investigation complete; no suspect identified
5ac00c73400cad5611640d36f00e0a1f8a0b988f7b9b28cdc0e2a72a02735183,2014-10,Northumbria Police,Northumbria Police,-1.413825,54.876252,On or near SYMINGTON GARDENS,E01008809,Sunderland 026E,Investigation complete; no suspect identified
5de6fc3c01893cfbd029f0f25bde810a906bdc26566f96cb75dd509f04298e63,2014-10,Northumbria Police,Northumbria Police,-1.413443,54.875711,On or near SANDOWN GARDENS,E01008809,Sunderland 026E,Investigation complete; no suspect identified
59ca6317cb821ddfe08253117aa163e179f5e241587d7aee15dc01fb749837ee,2014-10,Northumbria Police,Northumbria Police,-1.440047,54.982388,On or near SOUTH FREDERICK STREET,E01008665,South Tyneside 002B,Investigation complete; no suspect identified
59c77002f557966074c1707f9d0170c4960dd5bc9ca663f6af3e5daadd2340cb,2014-10,Northumbria Police,Northumbria Police,-1.449203,55.041767,On or near Supermarket,E01008585,North Tyneside 006B,Investigation complete; no suspect identified
8bb54637e92b5a88a35ccf88b89daadb82bc8d8d0ce00407cc734abc1e3a358d,2014-10,Northumbria Police,Northumbria Police,-1.457710,55.002769,On or near MINTON COURT,E01008545,North Tyneside 027E,Investigation complete; no suspect identified
5aaffc4557584de258d366c61dd924799b1a3f2a7a54560fdb52e7e0070e963f,2014-10,Northumbria Police,Northumbria Police,-1.823727,55.595406,On or near SOUTH ROAD,E01027374,Northumberland 003A,Investigation complete; no suspect identified
dc9397a494c026010e4444955093c11c2127d85023158d235f5aee6a8c83ecb8,2014-10,Northumbria Police,Northumbria Police,-1.418813,54.888102,On or near DURHAM ROAD,E01008828,Sunderland 023F,Investigation complete; no suspect identified
dc90265fe80d3c502aec45f5ec9e19b34f4a9b0c2e8f07dc940128c2caab2bd3,2014-10,Northumbria Police,Northumbria Police,-1.428163,54.901519,On or near HYLTON ROAD,E01008812,Sunderland 012C,Investigation complete; no suspect identified
77dd87fa5005cb02061cc5e25f1a1d0b94f93b01ae4f9f09bd305480b0620005,2014-10,Northumbria Police,Northumbria Police,-1.430207,55.000873,On or near COSTON DRIVE,E01008596,South Tyneside 001B,Local resolution
77dd87fa5005cb02061cc5e25f1a1d0b94f93b01ae4f9f09bd305480b0620005,2014-10,Northumbria Police,Northumbria Police,-1.430207,55.000873,On or near COSTON DRIVE,E01008596,South Tyneside 001B,Offender given a caution
3d2766ad32ae8b732633220f9257721835b82656a9f231549d5a1dbba82c4e60,2014-10,Northumbria Police,Northumbria Police,-1.613189,54.969906,On or near COLLINGWOOD STREET,E01033545,Newcastle upon Tyne 024H,Investigation complete; no suspect identified
cff044000e1ea11b8c314e3276a617f27c57f8706e63a505c8f8e4a6d92377aa,2014-10,Northumbria Police,Northumbria Police,-1.654336,55.580813,On or near Supermarket,E01027383,Northumberland 003D,Investigation complete; no suspect identified
cd94ae52c84742f158eb02b934c492ed94a251890229839b125ead461aea6a09,2014-10,Northumbria Police,Northumbria Police,-1.621934,54.968460,On or near WESTMORLAND ROAD,E01033545,Newcastle upon Tyne 024H,Investigation complete; no suspect identified
3d009ca9fede90b1146fb749a3a53dd8a3bc046875852dc78aa9b3453058ae1c,2014-10,Northumbria Police,Northumbria Police,-1.574085,54.979211,On or near MILLERS ROAD,E01008392,Newcastle upon Tyne 026F,Local resolution
0ce65a96ca0d2334dba891e982b6c6a3ed7c1ab9497967fc62efc9f94aa2e3e9,2014-10,Northumbria Police,Northumbria Police,-1.514517,55.000627,On or near ESSEX GARDENS,E01008576,North Tyneside 029D,Investigation complete; no suspect identified
8dbb3f66bf5b85ed4588f2210add7a520f1242dc661ab30fdc87cb5afc76f034,2014-10,Northumbria Police,Northumbria Police,-1.529710,54.992824,On or near FERNDALE AVENUE,E01008573,North Tyneside 029B,Investigation complete; no suspect identified
e7854857c9d0f1a8a84086ec9371b1fdcdd0c91eb34f76d4b9d6886f14c4155f,2014-10,Northumbria Police,Northumbria Police,-1.570022,54.979296,On or near A193,E01008392,Newcastle upon Tyne 026F,Local resolution
cdd1fc7627d5aaa22080c35933c0d5088abeaa1d5127610caf867191e4f5ac47,2014-10,Northumbria Police,Northumbria Police,-1.576256,54.922883,On or near LONG BANK,E01008225,Gateshead 021D,Investigation complete; no suspect identified
c02f56aa22d678bc5daa2303bde5ebf6a537d4749f9c2b6a640e4643725a517f,2014-10,Northumbria Police,Northumbria Police,-1.663601,54.999324,On or near SHIPTON LANE,E01008377,Newcastle upon Tyne 008E,Investigation complete; no suspect identified
4510176ffb62bae75414b75baa8ec6e7b79a4b7a38aa08d066f89feb952065f5,2014-10,Northumbria Police,Northumbria Police,-1.668555,54.957641,On or near Shopping Area,E01008262,Gateshead 009A,Local resolution
adef7300ee223e2bbec7e31aab9a0d681316df98ede26d894ede247681e15f7d,2014-10,Northumbria Police,Northumbria Police,-1.584793,54.998443,On or near CRAGSIDE,E01008322,Newcastle upon Tyne 007E,Investigation complete; no suspect identified
93f66259b7baa3678cb4ab4d3d74221b70a0064c337beb255192cd2d33cce524,2014-10,Northumbria Police,Northumbria Police,-1.492996,54.972969,On or near BEDE BURN ROAD,E01008657,South Tyneside 009F,Investigation complete; no suspect identified
5af874ee50cb8043e39a8747730f72b3371592518a78f9170bcea5068c157837,2014-10,Northumbria Police,Northumbria Police,-1.637282,54.948350,On or near APPLETON CLOSE,E01008259,Gateshead 007D,Investigation complete; no suspect identified
f8eecc82fd9b3077aed486d98eab8aef9e507fc736d8d36921fcd614aa8a2ebf,2014-10,Northumbria Police,Northumbria Police,-1.381905,54.917126,On or near Shopping Area,E01008787,Sunderland 006B,Investigation complete; no suspect identified
87e266f53e6c41fc90ef2dbe902c2b03d9ab61ac8981d74f6ad9db5b4f212876,2014-10,Northumbria Police,Northumbria Police,-1.401835,54.966058,On or near SUNNIRISE,E01008622,South Tyneside 013A,Offender given a drugs possession warning
70a72023c2cb6632d7b1085598d8d066a281e56349cf101e44cb84a5031741f5,2014-10,Northumbria Police,Northumbria Police,-1.577913,54.946487,On or near BRETTANBY ROAD,E01008228,Gateshead 012D,Suspect charged
6dea753e1394d7e405a6d86f1ed27540e54d6b3f2078921e0d09244e1d10c18a,2014-10,Northumbria Police,Northumbria Police,-1.574571,54.971718,On or near COMMERCIAL ROAD,E01008302,Newcastle upon Tyne 026B,Offender given a caution
9696691b7785e15ce4d1b520c093b9f981b3dc52f2ac0c3987b8a0cd23b468d4,2014-10,Northumbria Police,Northumbria Police,-1.576639,54.971123,On or near Parking Area,E01008305,Newcastle upon Tyne 026D,Investigation complete; no suspect identified
3003b25d8c36f00d748430c2f6509232827918edaa24be389cf60402afe7409b,2014-10,Northumbria Police,Northumbria Police,-1.571167,55.182530,On or near SOUTH VIEW,E01027529,Northumberland 010B,Suspect charged
cdcfd9b26dffe2c8a7970c4b23cedbc5e34d68fd99a36c9382ef77f16759f032,2014-10,Northumbria Police,Northumbria Police,-2.014211,55.778460,On or near CASTLE DRIVE,E01027378,Northumberland 002A,Investigation complete; no suspect identified
058697e028568ffa6c74931543baf6718b27e53b5474648c74a05d77b682d6a3,2014-10,Northumbria Police,Northumbria Police,-1.445349,55.003593,On or near DUKE STREET,E01008544,North Tyneside 027D,Investigation complete; no suspect identified
6e7c4c0d0aa0980d718ef5d5933cb6ffdcd117ea8ffcf3ed861652da9fa0a998,2014-10,Northumbria Police,Northumbria Police,-1.603407,55.005065,On or near MILL RISE,E01008424,Newcastle upon Tyne 005F,Suspect charged
1928f6955b36f5a139615a6ea96824a5362f3cc89360d1742aa79c07161745a2,2014-10,Northumbria Police,Northumbria Police,-1.748108,54.984180,On or near Parking Area,E01008400,Newcastle upon Tyne 014A,Investigation complete; no suspect identified
07cdda0d421601821ee6e9f90745cc3ff3a7b690975b981ad8e5376c0f4fdd4e,2014-10,Northumbria Police,Northumbria Police,-1.377256,54.930322,On or near SEA ROAD,E01008726,Sunderland 001D,Investigation complete; no suspect identified
e5dfb2149f5272afb8901089ed056c340f939c3fa03780913343dfc490311759,2014-10,Northumbria Police,Northumbria Police,-1.620276,54.968706,On or near SCOTSWOOD ROAD,E01033545,Newcastle upon Tyne 024H,Suspect charged
e5dfb2149f5272afb8901089ed056c340f939c3fa03780913343dfc490311759,2014-10,Northumbria Police,Northumbria Police,-1.620276,54.968706,On or near SCOTSWOOD ROAD,E01033545,Newcastle upon Tyne 024H,Suspect charged
5111fb2a6e8aaeb6ea0c3dc623002f170faa6708f0e26d0a31f8ebd63a33c8db,2014-10,Northumbria Police,Northumbria Police,-1.522170,54.884014,On or near FATFIELD PARK,E01008861,Sunderland 025B,Investigation complete; no suspect identified
947d87f4472a1e74fbc572fe0a57f6b32ae4bc1cc12d6d2fc829009fcf74bd0d,2014-10,Northumbria Police,Northumbria Police,-1.412910,54.886618,On or near PREMIER ROAD,E01008826,Sunderland 023D,Investigation complete; no suspect identified
018c9433cfc0ce7af1a63ed93e65fdc9d3a396cde6a07f840fce6dd60e1cf38a,2014-10,Northumbria Police,Northumbria Police,-1.620276,54.968706,On or near SCOTSWOOD ROAD,E01033545,Newcastle upon Tyne 024H,Suspect charged
018c9433cfc0ce7af1a63ed93e65fdc9d3a396cde6a07f840fce6dd60e1cf38a,2014-10,Northumbria Police,Northumbria Police,-1.620276,54.968706,On or near SCOTSWOOD ROAD,E01033545,Newcastle upon Tyne 024H,Investigation complete; no suspect identified
3a2cc91ae858943dc0925130ca8ff292e74d55ec348ee01c3612aa2ff55ea4b3,2014-10,Northumbria Police,Northumbria Police,-1.412170,54.877484,On or near Sports/Recreation Area,E01008809,Sunderland 026E,Investigation complete; no suspect identified
a4fd84848a45647d2f178fe4b0a8106947d5858a27dcedbdd5fa6abc5b7ac6e7,2014-10,Northumbria Police,Northumbria Police,-1.717127,54.985702,On or near ALDEBURGH AVENUE,E01008381,Newcastle upon Tyne 021A,Investigation complete; no suspect identified
e2f11740645e4aa2de5c84fcf4e18aa8077be473a30c9ecd11db1790642cd9e8,2014-10,Northumbria Police,Northumbria Police,-1.513935,55.126314,On or near ARTHUR STREET,E01027415,Northumberland 023B,Investigation complete; no suspect identified
01c1d304d4392596b3cbe31049e6ec85b33f090a7277ed95e10fa7845e356327,2014-10,Northumbria Police,Northumbria Police,-1.369981,54.886529,On or near WOODSTOCK AVENUE,E01008739,Sunderland 024A,Investigation complete; no suspect identified
14b5875bab7e00ff06b38169bec075d30a42e58ab949be2f30436bdbf55b9148,2014-10,Northumbria Police,Northumbria Police,-1.519176,54.911618,On or near VERMONT,E01008854,Sunderland 009B,Investigation complete; no suspect identified
512959a896f0252866f90c5bfa60b906be74a64a6a511c3e7987058b0d06efec,2014-10,Northumbria Police,Northumbria Police,-1.609455,54.971583,On or near Pedestrian Subway,E01033543,Newcastle upon Tyne 024G,Investigation complete; no suspect identified
b4bac49f717f45bf4cfc4e08b41e3ffb81fc35d56227cba13c1a996aaa91f4d1,2014-10,Northumbria Police,Northumbria Police,-1.618661,54.969402,On or near THOMAS BEWICK SQUARE,E01033545,Newcastle upon Tyne 024H,Investigation complete; no suspect identified
d97c3ee305a78d378513a0e7b13c0c5cb13d18fa4a9ce31675c0a05a169c7b8e,2014-10,Northumbria Police,Northumbria Police,-2.092985,54.967789,On or near CHIRDON CRESCENT,E01027493,Northumberland 035F,Investigation complete; no suspect identified
f50b3d1bdddedca688ae16215c4130d03746f14931d3ec373053a94748443aa2,2014-10,Northumbria Police,Northumbria Police,-1.664379,54.971532,On or near BENWELL GRANGE CLOSE,E01008290,Newcastle upon Tyne 027C,Investigation complete; no suspect identified
86c3e42fa7d439125bd63d8ff998e1ed1f7755ebf5ac8e1442ebabe274d2e263,2014-10,Northumbria Police,Northumbria Police,-1.713914,54.975972,On or near HIGH ROW,E01008385,Newcastle upon Tyne 021E,Suspect charged
86c3e42fa7d439125bd63d8ff998e1ed1f7755ebf5ac8e1442ebabe274d2e263,2014-10,Northumbria Police,Northumbria Police,-1.713914,54.975972,On or near HIGH ROW,E01008385,Newcastle upon Tyne 021E,Suspect charged
f37286295d6dd548a8fa12a54be76b71da767d151e505a9f8924e23c9965ed76,2014-10,Northumbria Police,Northumbria Police,-1.576650,55.152679,On or near FARRIERS COURT,E01027553,Northumberland 017E,Investigation complete; no suspect identified
f9fd1d7f83e47ffabc8650c9d4ad49dd23440119ed4f6d6908f7dcc12fd6e1de,2014-10,Northumbria Police,Northumbria Police,-1.385145,54.904139,On or near Nightclub,E01008836,Sunderland 016F,Investigation complete; no suspect identified
25da85b384218fe05c40ae406eeb8694957545b75c0d66762d384fe530d479db,2014-10,Northumbria Police,Northumbria Police,-1.496333,54.864661,On or near LOWERSON AVENUE,E01008793,Sunderland 030A,Investigation complete; no suspect identified
cb8bdc6087d70f059518d3d2e5bbad2c11d2af015932d9df05e99127faf582d3,2014-10,Northumbria Police,Northumbria Police,-1.426737,54.993137,On or near GRAHAM STREET,E01008595,South Tyneside 001A,Investigation complete; no suspect identified
6e3614267bac88523b8b45ddb8ad66e84700fe3da85dd07b622713cc08ecadd3,2014-10,Northumbria Police,Northumbria Police,-1.543882,55.214852,On or near BOLAND ROAD,E01027451,Northumberland 008E,Investigation complete; no suspect identified
2de8db13df23a850d7267d542b701ed46bce05fd59ed3840dfb1e458b870d2d3,2014-10,Northumbria Police,Northumbria Police,-1.613189,54.969906,On or near COLLINGWOOD STREET,E01033545,Newcastle upon Tyne 024H,Investigation complete; no suspect identified
cbcbd084798c1cd22c85d00a7e7c9419d4cedb20df9b74aab09e30efae50c768,2014-10,Northumbria Police,Northumbria Police,-1.612959,54.972619,On or near Nightclub,E01033543,Newcastle upon Tyne 024G,Investigation complete; no suspect identified
4cf7f584c9c153f24b7edc0017a0f55d87bcd68e15334fb8c4981cca7fd30dd2,2014-10,Northumbria Police,Northumbria Police,-1.640659,54.954875,On or near SEYMOUR STREET,E01008210,Gateshead 007B,Suspect charged
ef0d3f47e346fcf54d50588531799c038d40beb25dbd5c58d7641c2e2bcf93f7,2014-10,Northumbria Police,Northumbria Police,-1.425104,54.863392,On or near MILSTED CLOSE,E01008808,Sunderland 029E,Investigation complete; no suspect identified
265dfd1dd9d5c8160cc70f191520b235ce0df39a578555c5a881dda3ca62355c,2014-10,Northumbria Police,Northumbria Police,-1.565856,55.184236,On or near Parking Area,E01027528,Northumberland 010A,Suspect charged
7ea90f674793d6653af51dd407b831ca3da1ae93fb135564466ee57cc5551378,2014-10,Northumbria Police,Northumbria Police,-1.451422,54.962931,On or near CHAUCER AVENUE,E01008607,South Tyneside 016D,Investigation complete; no suspect identified
6ad5f17ebd33f3cb4a9126d7b518121672a910cc313616514ff7b8f98417bffd,2014-10,Northumbria Police,Northumbria Police,-1.652329,54.972226,On or near NORMOUNT ROAD,E01008335,Newcastle upon Tyne 029E,Investigation complete; no suspect identified
e0cb26615c7698dd3e1cb705664ec7e09a01abb0528ad0cbdb38d2069d4e39cd,2014-10,Northumbria Police,Northumbria Police,-1.453359,54.928378,On or near BAYSWATER SQUARE,E01008838,Sunderland 003C,Investigation complete; no suspect identified
a67e0877a5fb51d591fc53f6c2cded4bbddff00fbcd8911b78a3b4dbb9a29098,2014-10,Northumbria Police,Northumbria Police,-1.689074,54.943587,On or near BULLFINCH DRIVE,E01008266,Gateshead 009E,Investigation complete; no suspect identified
8825cddd10d82dad82bd6619519e1634abd59297789fe93f6a32ba12106f6b47,2014-10,Northumbria Police,Northumbria Police,-1.551259,54.970754,On or near SCROGG ROAD,E01008428,Newcastle upon Tyne 030D,Investigation complete; no suspect identified
b3c1b787c8ba361055caa066f03427d3d4d33e41edfc152977e9ffd2be9bfac5,2014-10,Northumbria Police,Northumbria Police,-1.444202,55.045842,On or near Nightclub,E01008584,North Tyneside 006A,Investigation complete; no suspect identified
b3c1b787c8ba361055caa066f03427d3d4d33e41edfc152977e9ffd2be9bfac5,2014-10,Northumbria Police,Northumbria Police,-1.444202,55.045842,On or near Nightclub,E01008584,North Tyneside 006A,Investigation complete; no suspect identified
b3c1b787c8ba361055caa066f03427d3d4d33e41edfc152977e9ffd2be9bfac5,2014-10,Northumbria Police,Northumbria Police,-1.444202,55.045842,On or near Nightclub,E01008584,North Tyneside 006A,Investigation complete; no suspect identified
3e4e2cca93b1a46ac4826631eeade395598044e5d1babb30f457930536e6561d,2014-10,Northumbria Police,Northumbria Police,-1.515929,55.032722,On or near HEATHFIELD,E01032648,North Tyneside 011F,Suspect charged
3e4e2cca93b1a46ac4826631eeade395598044e5d1babb30f457930536e6561d,2014-10,Northumbria Police,Northumbria Police,-1.515929,55.032722,On or near HEATHFIELD,E01032648,North Tyneside 011F,Suspect charged
8d705f14e79b51c1ac50a910d32f0e8d4bfbe4b83c161e593ebbc1268f26e6b3,2014-10,Northumbria Police,Northumbria Police,-1.469082,54.944282,On or near WITNEY WAY,E01008615,South Tyneside 023B,Investigation complete; no suspect identified
90c2753d5670dbe9832397d9fe6ea3cb4275ab9160123a19553c848d36de20d9,2014-10,Northumbria Police,Northumbria Police,-1.435150,54.961652,On or near GALSWORTHY ROAD,E01008692,South Tyneside 019E,Investigation complete; no suspect identified
fa0f77c5c46d6fd4923eb0e7df4059e05d8510af86b3b90026b2f5e1b8297096,2014-10,Northumbria Police,Northumbria Police,-1.401961,54.899649,On or near OAKLANDS TERRACE,E01008832,Sunderland 018C,Investigation complete; no suspect identified
363e1b7dbd149a09116b47e915bd139d8ed1b76560ef4dbe7e01fde424353d1f,2014-10,Northumbria Police,Northumbria Police,-1.613189,54.969906,On or near COLLINGWOOD STREET,E01033545,Newcastle upon Tyne 024H,Investigation complete; no suspect identified
965e933f040d5e843d20d6fa8fa76a241f8f5f466a584ea86bf3b98906e0d3d6,2014-10,Northumbria Police,Northumbria Police,-1.573621,54.902035,On or near WILSON AVENUE,E01008222,Gateshead 025A,Local resolution
5f5f3921423dd7dd2a7fe3cd77033ffb89caf7a192262d16667c6af63321c3a6,2014-10,Northumbria Police,Northumbria Police,-1.620230,54.971959,On or near Parking Area,E01033543,Newcastle upon Tyne 024G,Investigation complete; no suspect identified
a763c0ea109123a27b84dbc89357617aa18bb6ae96a92b76d8c3144033f07fc1,2014-10,Northumbria Police,Northumbria Police,-1.473645,54.998858,On or near PERCY CRESCENT,E01008541,North Tyneside 027C,Investigation complete; no suspect identified
cf4f3baddbd6363d3b6c255ecd147cc28cafe2b95138f9089868708751b5d3d1,2014-10,Northumbria Police,Northumbria Police,-1.563452,55.036209,On or near STRATFORD CLOSE,E01008505,North Tyneside 012B,Offender given a caution
15f7c332c19ed684a9e82437320826b042a1061a786fbf54f6b59eb7bbc0ca7e,2014-10,Northumbria Police,Northumbria Police,-1.493675,54.997235,On or near STEAD STREET,E01008542,North Tyneside 028B,Investigation complete; no suspect identified
c002e53e9786ccfb9b166aee2f7b5d38aeb6381f89487a3f3d15ce4b55e26364,2014-10,Northumbria Police,Northumbria Police,-1.645188,54.974254,On or near WESTGATE ROAD,E01008333,Newcastle upon Tyne 029C,Investigation complete; no suspect identified
c002e53e9786ccfb9b166aee2f7b5d38aeb6381f89487a3f3d15ce4b55e26364,2014-10,Northumbria Police,Northumbria Police,-1.645188,54.974254,On or near WESTGATE ROAD,E01008333,Newcastle upon Tyne 029C,Investigation complete; no suspect identified
255511f1dbb6ecfbb6802d8186ac737fd6c2dfcdcb688a565ecd845e667a3f87,2014-10,Northumbria Police,Northumbria Police,-1.553570,55.177722,On or near ARIEL STREET,E01027533,Northumberland 013A,Investigation complete; no suspect identified
3bafdc3ff295b3e859d165e18f56d5b46f6b27c3a72e7dd283178aa89efea9a5,2014-10,Northumbria Police,Northumbria Police,-1.430751,54.998880,On or near Nightclub,E01008596,South Tyneside 001B,Investigation complete; no suspect identified
78a1146efafa5867e49a38e7c3bb291830b62ec5d4fc7f51f255f7c6f80c7d8b,2014-10,Northumbria Police,Northumbria Police,-1.757622,54.992394,On or near HAWKWELL CLOSE,E01008400,Newcastle upon Tyne 014A,Investigation complete; no suspect identified
78a1146efafa5867e49a38e7c3bb291830b62ec5d4fc7f51f255f7c6f80c7d8b,2014-10,Northumbria Police,Northumbria Police,-1.757622,54.992394,On or near HAWKWELL CLOSE,E01008400,Newcastle upon Tyne 014A,Investigation complete; no suspect identified
60bbebec7da38f940accf07c68618019154fafba9ee3fb7b42654189f2e90afe,2014-10,Northumbria Police,Northumbria Police,-1.550717,54.960471,On or near Parking Area,E01008427,Newcastle upon Tyne 030C,Local resolution
c8ef15064994f0736ec601397396a1a6399d9e55e35247347cf6a9aab27edf7e,2014-10,Northumbria Police,Northumbria Police,-1.538595,55.175923,On or near MANLEY VIEW,E01033716,Northumberland 013F,Investigation complete; no suspect identified
acd05f4462eee9e683f35e20164be6bbeb633034f9626dabc36f58f9563ae7a1,2014-10,Northumbria Police,Northumbria Police,-1.393157,54.893018,On or near ALEXANDRA PARK,E01008781,Sunderland 022B,Investigation complete; no suspect identified
ebed38342008e1b5aad8f82c696e3c13c8b5e01e7484d4707d3aa22e452bd4e4,2014-10,Northumbria Police,Northumbria Police,-1.481192,54.982175,On or near ABBEY DRIVE,E01008600,South Tyneside 007A,Investigation complete; no suspect identified
8c83a6793f35812de32a4f0c28470a11b3dbdc65cd7aaf1b04aaaa8809bc2c1c,2014-10,Northumbria Police,Northumbria Police,-1.588844,55.085371,On or near Shopping Area,E01027409,Northumberland 029B,Offender given a caution
ee355f192c728c990a0f8cd9986bb0924f8f2d116e9b6050e19e9c00befe2c25,2014-10,Northumbria Police,Northumbria Police,-1.436408,54.957668,On or near HEATON GARDENS,E01008606,South Tyneside 016C,Investigation complete; no suspect identified
777860261da30a8b43124a471f52c051bed04d1188ad653b88ef90634d3638ad,2014-10,Northumbria Police,Northumbria Police,-1.436408,54.957668,On or near HEATON GARDENS,E01008606,South Tyneside 016C,Investigation complete; no suspect identified
d4e80e640a67c9999a4c058915ad5744006ed6227eb2a1c74f3c7d7838db5fc6,2014-10,Northumbria Police,Northumbria Police,-1.436408,54.957668,On or near HEATON GARDENS,E01008606,South Tyneside 016C,Investigation complete; no suspect identified
ca6c998a776986319bbfb3e0c77f6594b48e0644269660a64ed2c27f43f8b2fe,2014-10,Northumbria Police,Northumbria Police,-1.575477,54.956867,On or near GREEN LANE GARDENS,E01008214,Gateshead 003A,Investigation complete; no suspect identified
93c9430a38aa49b1ed30b00f8ef30fa17d0edb9b4e1dabf41002334118384b53,2014-10,Northumbria Police,Northumbria Police,-1.566916,54.970271,On or near NORBURY GROVE,E01008301,Newcastle upon Tyne 026A,Investigation complete; no suspect identified
93c9430a38aa49b1ed30b00f8ef30fa17d0edb9b4e1dabf41002334118384b53,2014-10,Northumbria Police,Northumbria Police,-1.566916,54.970271,On or near NORBURY GROVE,E01008301,Newcastle upon Tyne 026A,Investigation complete; no suspect identified
cb7ac6739c282284a2b1d4e3b0f7c6d784cae3165e369b9ddbd05d9afbfc5b82,2014-10,Northumbria Police,Northumbria Police,-1.570531,54.953534,On or near HELMSDALE AVENUE,E01008215,Gateshead 003B,Investigation complete; no suspect identified
e017665b598323957210613a2c68da69c2e5816d8520fc0fba167fa8a534f323,2014-10,Northumbria Police,Northumbria Police,-1.507528,55.013503,On or near BLACKHILL AVENUE,E01008468,North Tyneside 021D,Investigation complete; no suspect identified
ad561bae7c918116087bcdfb16836947ff9fac6e78eba64c8925f392e8152c9b,2014-10,Northumbria Police,Northumbria Police,-1.439947,54.928910,On or near RAVENSWOOD SQUARE,E01008839,Sunderland 003D,Investigation complete; no suspect identified
eefa653b341a276ee903ae28e88776a4ecb40cd2042cd0f65b6d38c4209d0413,2014-10,Northumbria Police,Northumbria Police,-1.627797,54.998303,On or near OAKFIELD ROAD,E01008423,Newcastle upon Tyne 006G,Investigation complete; no suspect identified
0eb21c032594ce0918a761b7b16dc66e6c2cd4240f0c1d8ae8a5dfcec84e9094,2014-10,Northumbria Police,Northumbria Police,-1.740358,55.325108,On or near KENMORE ROAD,E01027370,Northumberland 006E,Investigation complete; no suspect identified
0f6cf22b325adf86aea9ee1fbe8948105174126550b4e5317b139b48da0be307,2014-10,Northumbria Police,Northumbria Police,-1.740358,55.325108,On or near KENMORE ROAD,E01027370,Northumberland 006E,Investigation complete; no suspect identified
95c5931d7dc64688f1516a6eb6fd86d9cbc93f6b83df63597412982ce4708be2,2014-10,Northumbria Police,Northumbria Police,-1.907715,55.446511,On or near BREAMISH GARDENS,E01027365,Northumberland 007A,Suspect charged
9a236889e52e72b49bc2a2080275bc1512da22d0bae2e6dd82cfc0d8208ef9e2,2014-10,Northumbria Police,Northumbria Police,-1.579168,54.927926,On or near MOSS SIDE,E01008217,Gateshead 023E,Investigation complete; no suspect identified
fa6cac5a8d55a5f544f174945de853a6937e2675c650b178565d39801222f5b4,2014-10,Northumbria Police,Northumbria Police,-1.636937,55.223692,On or near THE CROFT,E01027475,Northumberland 008G,Investigation complete; no suspect identified
11099a1d6eef18c7539a10960838073abf1798a6b40c6acf153a69b87e3f8cc8,2014-10,Northumbria Police,Northumbria Police,-1.397092,54.898870,On or near EVELYN STREET,E01008830,Sunderland 018B,Investigation complete; no suspect identified
a27c94dcd292bcd1091afd32232fb6afbbd95fcacabfe5cfe8e60e409c25672e,2014-10,Northumbria Police,Northumbria Police,-1.582323,54.986366,On or near BURLINGTON GARDENS,E01008365,Newcastle upon Tyne 012F,Investigation complete; no suspect identified
182d57e570b3a4f7585af4564bd76e95af04e82fcfd8fb560083cdddecb505ff,2014-10,Northumbria Police,Northumbria Police,-1.577200,55.045585,On or near KIRKWOOD,E01008478,North Tyneside 002A,Investigation complete; no suspect identified
b62d53d1ad8d02b1bc9f5a311d0e242f741c5823ef0e13446ec620d44e3e09b4,2014-10,Northumbria Police,Northumbria Police,-1.493704,54.991178,On or near ADDISON COURT,E01008543,North Tyneside 028C,Investigation complete; no suspect identified
f5b750b0ff071e63287f967ff52d3c29d8821318f01dd4f4bc38dc8ea418d881,2014-10,Northumbria Police,Northumbria Police,-1.427003,54.960158,On or near TURNER AVENUE,E01008688,South Tyneside 019A,Investigation complete; no suspect identified
91fc408e117d8f53b93c7f5d8b6081e08e3670f10da21af05d68d1ed183c1908,2014-10,Northumbria Police,Northumbria Police,-1.426093,54.862876,On or near MIDSOMER CLOSE,E01008808,Sunderland 029E,Investigation complete; no suspect identified
a51f5dd6f17dbcbd311fae5f775aa3a3456094970fdb2bf473c2b717e0eaadf0,2014-10,Northumbria Police,Northumbria Police,-1.687098,54.998955,On or near Petrol Station,E01008445,Newcastle upon Tyne 031D,Offender given a caution
c72a379a40eda8763de53968debcc2e38a55143658e41ba542ef830b3bb810fd,2014-10,Northumbria Police,Northumbria Police,-1.523778,55.130747,On or near COWPEN ROAD,E01027392,Northumberland 022A,Suspect charged
2206613f303ef81545384f96ebaf4da8c2143d31697867ab971e6b0c3cd7e80f,2014-10,Northumbria Police,Northumbria Police,-1.608133,54.975767,On or near Parking Area,E01008397,Newcastle upon Tyne 024C,Investigation complete; no suspect identified
ee5ab28120a550fae3e842d35d867c859f0a150d2b8454c520fb407de2fb5bca,2014-10,Northumbria Police,Northumbria Police,-1.491600,54.957291,On or near HARBOTTLE CRESCENT,E01008632,South Tyneside 017B,Investigation complete; no suspect identified
1dd9e2ce04af8cadeb6ef5c6cb15430daf81185e8aa50789c9d059b659820459,2014-10,Northumbria Police,Northumbria Police,-1.612740,54.974308,On or near Shopping Area,E01008397,Newcastle upon Tyne 024C,Investigation complete; no suspect identified
5537c89a554e03976437ee86e574468a12008d2f19c863b84f925dd34539807d,2014-10,Northumbria Police,Northumbria Police,-1.425218,55.000984,On or near GEORGE SCOTT STREET,E01008598,South Tyneside 001D,Investigation complete; no suspect identified
9e9d2ff7b0232801ce6ec506cc99858a900fcc74703e09e8623292c589f876da,2014-10,Northumbria Police,Northumbria Police,-1.637618,54.976955,On or near STANTON STREET,E01008396,Newcastle upon Tyne 022B,Investigation complete; no suspect identified
5b340d9b9a66e5d7adfbfae0d93afad9a99313439cb54e43e9347c7b7dd373bf,2014-10,Northumbria Police,Northumbria Police,-1.643107,54.969332,On or near BENTINCK STREET,E01008333,Newcastle upon Tyne 029C,Investigation complete; no suspect identified
ede15e29133d8d7732d3a3376148dcb791e058431a4e05cc76156439e2f72ec7,2014-10,Northumbria Police,Northumbria Police,-1.441003,54.976561,On or near Pedestrian Subway,E01008590,South Tyneside 011A,Investigation complete; no suspect identified
c3a43b3a1d648271af2bdd4613885364a271e3c055b68b8f798503e70292e81e,2014-10,Northumbria Police,Northumbria Police,-1.579259,54.985007,On or near MELDON TERRACE,E01008359,Newcastle upon Tyne 018B,Investigation complete; no suspect identified
b9e58dfc6929c3b258e04b33d23078050a62770ae8877063f657e02e0a20c897,2014-10,Northumbria Police,Northumbria Police,-1.513135,55.030842,On or near BAYFIELD,E01032647,North Tyneside 011E,Investigation complete; no suspect identified
aeed334c51076dc838f3d5d7a39f8de3422f3e5a7280e440faec88ec5a177fb3,2014-10,Northumbria Police,Northumbria Police,-1.412856,54.971818,On or near PRINCE EDWARD ROAD,E01008681,South Tyneside 006D,Suspect charged
493b9d362bc3ced9f40f34e8409bc3e95c096c0126156e258e5be84de9ef9c04,2014-10,Northumbria Police,Northumbria Police,-1.423922,54.983445,On or near HEPSCOTT TERRACE,E01008673,South Tyneside 003A,Investigation complete; no suspect identified
a700811ffba6e10a5b9150e35a42734eb97ffb27cb1e6f71ffaf86650295e81f,2014-10,Northumbria Police,Northumbria Police,-1.521677,54.901922,On or near ABBEY ROAD,E01008844,Sunderland 019B,Investigation complete; no suspect identified
ed78ed5225bafcd7aecda68b685a99c2811990a24ba80bae2b201219ce17fd73,2014-10,Northumbria Police,Northumbria Police,-1.393157,54.893018,On or near ALEXANDRA PARK,E01008781,Sunderland 022B,Investigation complete; no suspect identified
246ad7e06ff92e9f637da5c8c39c62390c0a4d620ab2c52c5567e9125e866a48,2014-10,Northumbria Police,Northumbria Police,-1.547310,55.019112,On or near BELLINGHAM DRIVE,E01008503,North Tyneside 018E,Investigation complete; no suspect identified
e366e08a32dc7c6bb1149dc87f96b6852efd08a53aed70855d3c67fd1e7a1500,2014-10,Northumbria Police,Northumbria Police,-1.519703,54.973482,On or near Parking Area,E01008641,South Tyneside 010C,Investigation complete; no suspect identified
364a9896d4f4aae35c1c639de68aa966441fb6467dcb22d2c2593dc7a9cdbf8a,2014-10,Northumbria Police,Northumbria Police,-1.434635,54.986102,On or near EGLESFIELD ROAD,E01008664,South Tyneside 002A,Suspect charged
720b36c8fe2d6433d88c7564d5e506052e8c22306b951f697346014478fc1186,2014-10,Northumbria Police,Northumbria Police,-1.579144,54.951173,On or near GOWER WALK,E01008165,Gateshead 011A,Local resolution
d4ecc859e4372da706ec8592012033461aadc6425b7864af1118e7a76812c037,2014-10,Northumbria Police,Northumbria Police,-1.430751,54.998880,On or near Nightclub,E01008596,South Tyneside 001B,Investigation complete; no suspect identified
354186f0647c2ddfa7441e25f72e5ddf3c126209cbd27472945c35ffa1fa5135,2014-10,Northumbria Police,Northumbria Police,-1.552625,54.967245,On or near CHALFONT ROAD,E01008427,Newcastle upon Tyne 030C,Investigation complete; no suspect identified
5effddb1db94082ea95f7bdfe019c2f7fe6eb660ac0b257d5c2d53efa82d0c00,2014-10,Northumbria Police,Northumbria Police,-1.561188,54.913889,On or near MOUNT LANE,E01008224,Gateshead 025C,Investigation complete; no suspect identified
b848e01c6fd278609d0e0d916564bbd5542a49bbc67dda182b1cf74a9c817e31,2014-10,Northumbria Police,Northumbria Police,-1.761456,54.973171,On or near TOWER GARDENS,E01008249,Gateshead 001D,Suspect charged
5255564d9f967914ef27434f59577c0efb5add3da478c6b0b216ee2f1dfff237,2014-10,Northumbria Police,Northumbria Police,-1.423729,54.960844,On or near SANDALWOOD,E01008691,South Tyneside 019D,Investigation complete; no suspect identified
4c5020dfbe2eaf81a2c7db9e231e40332d38fd574901d3903a10758b483c3b51,2014-10,Northumbria Police,Northumbria Police,-1.762925,54.973057,On or near LANE HEAD,E01008249,Gateshead 001D,Suspect charged
5d33c3e05af147041d2859317fc59382f91fbdfbf1306cc2406af5b1df527b61,2014-10,Northumbria Police,Northumbria Police,-1.708650,54.982294,On or near ELDON ROAD,E01008382,Newcastle upon Tyne 021B,Investigation complete; no suspect identified
84575c2fd344572460b11ad96fa345f8c78a43381f23241c542bc2fb02416e94,2014-10,Northumbria Police,Northumbria Police,-1.444667,54.944227,On or near EVEREST GROVE,E01008615,South Tyneside 023B,Suspect charged
b282ccf59f947c880951dd793e06c9a07e7eaebcb359ffd672c9375e9662bad7,2014-10,Northumbria Police,Northumbria Police,-1.444667,54.944227,On or near EVEREST GROVE,E01008615,South Tyneside 023B,Suspect charged
19623fa45353b35baf8421490313e95643247f89a94ffb5de8c84f21390ac803,2014-10,Northumbria Police,Northumbria Police,-1.566925,55.036266,On or near Shopping Area,E01008479,North Tyneside 008D,Investigation complete; no suspect identified
7024e443332f32d825bd544f2c8c3bd8aca37167d17ba0474788bb63e5d3f322,2014-10,Northumbria Police,Northumbria Police,-1.434350,54.958593,On or near REMBRANDT AVENUE,E01008689,South Tyneside 019B,Investigation complete; no suspect identified
bce0d30a306d99fdf65f36dda58f3385ba7c7856b2dead60749b9bcd0275a24f,2014-10,Northumbria Police,Northumbria Police,-1.512729,55.034660,On or near EMMERSON PLACE,E01032648,North Tyneside 011F,Investigation complete; no suspect identified
e07a2650546c5143a7b87f49a74b982a6a74d95c5a03cfbbdb366888537c1a8e,2014-10,Northumbria Police,Northumbria Police,-1.596545,55.131144,On or near WEST END FRONT STREET,E01027514,Northumberland 021A,Investigation complete; no suspect identified
e07a2650546c5143a7b87f49a74b982a6a74d95c5a03cfbbdb366888537c1a8e,2014-10,Northumbria Police,Northumbria Police,-1.596545,55.131144,On or near WEST END FRONT STREET,E01027514,Northumberland 021A,Suspect charged
15cdaa1519ca9eaf9dc98f0f9ad50bdc7e2e21280a07eccf9313ba823e6575ea,2014-10,Northumbria Police,Northumbria Police,-1.413322,54.963418,On or near Petrol Station,E01008622,South Tyneside 013A,Investigation complete; no suspect identified
e2df19edc9e6e26e09be9fa51546c66ed8262cfb31b32940de13f1cb93452541,2014-10,Northumbria Police,Northumbria Police,-1.441238,54.810852,On or near LYONS LANE,E01008744,Sunderland 036B,Investigation complete; no suspect identified
db8dad1429c1630787e6dabf3cc6593538de6b059be9656cc08f3d160a176d42,2014-10,Northumbria Police,Northumbria Police,-1.645188,54.974254,On or near WESTGATE ROAD,E01008333,Newcastle upon Tyne 029C,Investigation complete; no suspect identified
f2f983e2dcfd29d6e07ce2e2fe9919261cac594dc87c8b300c78840ea9d55b1b,2014-10,Northumbria Police,Northumbria Police,-1.506390,55.033565,On or near FARNE ROAD,E01008569,North Tyneside 011C,Investigation complete; no suspect identified
108c24c47c5d4a409ff9cff0768675ad7a069da9557e1364346105a0548a0a1e,2014-10,Northumbria Police,Northumbria Police,-1.434350,54.958593,On or near REMBRANDT AVENUE,E01008689,South Tyneside 019B,Investigation complete; no suspect identified
37dc7967e4cb7b56ec5a87efda5a97eafaf10edd749eb8446ae961f182ba2c9b,2014-10,Northumbria Police,Northumbria Police,-1.434350,54.958593,On or near REMBRANDT AVENUE,E01008689,South Tyneside 019B,Investigation complete; no suspect identified
5a5d6c2373a3081d1c62aecf2cbf39fd952923971b24945ed7199bc143266b31,2014-10,Northumbria Police,Northumbria Police,-1.434350,54.958593,On or near REMBRANDT AVENUE,E01008689,South Tyneside 019B,Investigation complete; no suspect identified
4eb5cfc8dc81251913ed46132a72aa3cf54605e3b3e93a0461fc5d2aa86d0602,2014-10,Northumbria Police,Northumbria Police,-1.601804,54.961701,On or near JACKSON STREET,E01008166,Gateshead 027C,Investigation complete; no suspect identified
b48e044f89e2e7dc4583dc3e5807fb16664f6b03e885903c38d067c05e0dfce3,2014-10,Northumbria Police,Northumbria Police,-1.659928,54.969587,On or near GERALD STREET,E01008291,Newcastle upon Tyne 027D,Investigation complete; no suspect identified
780fc52725bb45def68d0059639bc6cef5d98813e5cd626922c02b9da6e87974,2014-10,Northumbria Police,Northumbria Police,-1.518031,55.126061,On or near MARLOW STREET,E01027431,Northumberland 023C,Investigation complete; no suspect identified
1b6ce1bad445e50309fc18703e24ea072a569710f4cec2e451938d6793438952,2014-10,Northumbria Police,Northumbria Police,-1.400144,54.909633,On or near ST CUTHBERT'S TERRACE,E01008700,Sunderland 013A,Investigation complete; no suspect identified
9b890cb7db1681ffefb542b11239ed959675e02009838221329ff8dbcd55ca23,2014-10,Northumbria Police,Northumbria Police,-1.621435,54.969995,On or near PEEL STREET,E01033554,Newcastle upon Tyne 024I,Investigation complete; no suspect identified
ee635c440b43ae09c4a1cc0a01453145fdc477848d8ebfcf180dca9c986e8b65,2014-10,Northumbria Police,Northumbria Police,-1.433828,54.925719,On or near HARTHOPE AVENUE,E01008842,Sunderland 004F,Investigation complete; no suspect identified
ebaff2a786fce5d1c880612f9af3814c1254707cfa248c688154184b02a3eb0e,2014-10,Northumbria Police,Northumbria Police,-1.409008,54.971108,On or near WILLOW GROVE,E01033074,South Tyneside 013E,Investigation complete; no suspect identified
ebaff2a786fce5d1c880612f9af3814c1254707cfa248c688154184b02a3eb0e,2014-10,Northumbria Police,Northumbria Police,-1.409008,54.971108,On or near WILLOW GROVE,E01033074,South Tyneside 013E,Investigation complete; no suspect identified
4ee80ada6e73f0166e43e161a9181c814d9795868e7a97d5b2cb4eea211c78ea,2014-10,Northumbria Police,Northumbria Police,-1.584226,54.976182,On or near CLIFFORD STREET,E01008304,Newcastle upon Tyne 026C,Suspect charged
26b30b38a044d6c0523e60631adfd135542f5ee44662f1b47cefd2f101cb4c51,2014-10,Northumbria Police,Northumbria Police,-1.469985,54.961027,On or near Sports/Recreation Area,E01008603,South Tyneside 014B,Investigation complete; no suspect identified
3c6a5454515aabaa337894babc048557d09402c982a0d19bb61a3567f0ff657a,2014-10,Northumbria Police,Northumbria Police,-1.490948,54.981740,On or near ELLISON STREET,E01008604,South Tyneside 007B,Investigation complete; no suspect identified
42ff0189dc467a9b1f32eb0ca99095b50acfc5288f39692ddb2a896576ed6d6c,2014-10,Northumbria Police,Northumbria Police,-1.494547,55.011149,On or near Shopping Area,E01008491,North Tyneside 015D,Investigation complete; no suspect identified
ade4d93ee8e101cfb712c53e933b28a9e76bdc7d3235ea1f41f49f71d1e32d7d,2014-10,Northumbria Police,Northumbria Police,-1.466348,55.025722,On or near Hospital,E01008556,North Tyneside 013C,Investigation complete; no suspect identified
5383b2e696d57f947103efc896dee8e8152413b294e11a6a2d91d470e7de2d65,2014-10,Northumbria Police,Northumbria Police,-1.737736,54.921299,On or near Parking Area,E01008184,Gateshead 022A,Investigation complete; no suspect identified
482ffd47b05d6c1eaf687b481bc0b272425ff3787936b20d9eed5b38df8d4a6d,2014-10,Northumbria Police,Northumbria Police,-1.630803,54.984168,On or near HUNTER'S PLACE,E01033556,Newcastle upon Tyne 022H,Investigation complete; no suspect identified
a958cd287deabc0af6cb2fe1962d637c5789809fbd27f2b2316ca154c2eaf0a5,2014-10,Northumbria Police,Northumbria Police,-1.542163,54.980731,On or near WAVERDALE AVENUE,E01008436,Newcastle upon Tyne 020F,Investigation complete; no suspect identified
c1b19fc47421e7439456071ff6cf8ada7c51a841255c116e1be12a34e64560ca,2014-10,Northumbria Police,Northumbria Police,-1.585693,54.939873,On or near HEWSON PLACE,E01008219,Gateshead 016A,Investigation complete; no suspect identified
758422faa6377dd788a832efa72e8e56f6845b45482cf151ef8490627286e798,2014-10,Northumbria Police,Northumbria Police,-1.586788,55.084169,On or near DUDLEY LANE,E01027409,Northumberland 029B,Investigation complete; no suspect identified
1ef2e9c68589e05eca154def4261a0d9db9e1b3356dd53e100e501c074ee51d4,2014-10,Northumbria Police,Northumbria Police,-2.002970,55.759529,On or near Parking Area,E01027388,Northumberland 001E,Investigation complete; no suspect identified
64f89cb20d6ecea46560d8db3af6c644e3b09c4bedf1ff4d23a535c8c60f22a7,2014-10,Northumbria Police,Northumbria Police,-2.013294,55.754533,On or near HAWTHORNE CRESCENT,E01027385,Northumberland 001C,Investigation complete; no suspect identified
a6962d4d97295d9de4b21e97c690fcb8dc1c60e1d876102bee1057693dbaeb64,2014-10,Northumbria Police,Northumbria Police,-1.510375,55.125069,On or near MIDDLETON STREET,E01027414,Northumberland 023A,Investigation complete; no suspect identified
b8535bbebe3421ddaa0e31360378672d2782041bbef623a4c96565f22fec2631,2014-10,Northumbria Police,Northumbria Police,-1.390218,54.901810,On or near DERBY STREET,E01008831,Sunderland 013D,Investigation complete; no suspect identified
4fbbdba88b5621aae94c1ce8e493ec845559f620ac97f398df29fd8b367d1aae,2014-10,Northumbria Police,Northumbria Police,-1.448583,54.827924,On or near DOWNS LANE,E01008718,Sunderland 035A,Investigation complete; no suspect identified
791444efabf1a8c39995020ae03215c271dbb748474481c3b439dbfa477f1acd,2014-10,Northumbria Police,Northumbria Police,-1.499336,54.981910,On or near NEWMARCH STREET,E01008604,South Tyneside 007B,Suspect charged
60b689e24e4e7065efb29b1830d1ab00f3890ae7bf608d533a581527c42d526b,2014-10,Northumbria Police,Northumbria Police,-1.619632,54.970753,On or near CROSS STREET,E01033554,Newcastle upon Tyne 024I,Investigation complete; no suspect identified
5f1f041936f689b751d5b1c7a60082154b9db94df9f94152cbf266894698437a,2014-10,Northumbria Police,Northumbria Police,-1.613800,55.132413,On or near MEADOWDALE CRESCENT,E01027522,Northumberland 021E,Investigation complete; no suspect identified
400a91801a7a31573bd813dfd487b87b75cd6c42af209c69ea8fd973340aa130,2014-10,Northumbria Police,Northumbria Police,-1.597286,54.957480,On or near Pedestrian Subway,E01008163,Gateshead 028A,Investigation complete; no suspect identified
400a91801a7a31573bd813dfd487b87b75cd6c42af209c69ea8fd973340aa130,2014-10,Northumbria Police,Northumbria Police,-1.597286,54.957480,On or near Pedestrian Subway,E01008163,Gateshead 028A,Investigation complete; no suspect identified
d0a5b206e3d5ab39a409ce37d4762a9c764171e67127b1cd9fc4cfd366890820,2014-10,Northumbria Police,Northumbria Police,-1.542012,55.234030,On or near ST BARTHOLOMEWS CLOSE,E01027445,Northumberland 008C,Investigation complete; no suspect identified
ef1b0ccd6fd7d94659e50559813cc098cdc84014515bf37f3454044b7e197a56,2014-10,Northumbria Police,Northumbria Police,-1.884936,54.954893,On or near BEWICK GARTH,E01027508,Northumberland 036C,Investigation complete; no suspect identified
96be5ec4828d8da8906095c9aed7c75c113ece085eca44d4542495f61e45a0dd,2014-10,Northumbria Police,Northumbria Police,-1.664974,55.012726,On or near Petrol Station,E01008295,Newcastle upon Tyne 008A,Investigation complete; no suspect identified
ba4f35b8c120c98fa665feb3040ed86b29c1991266f7fb0c9648314344e2ad88,2014-10,Northumbria Police,Northumbria Police,-1.536003,55.001430,On or near Pedestrian Subway,E01008574,North Tyneside 029C,Suspect charged
3d4812c82b946a048e6175304faa31251f25cf594bfe40fb5c99013ceb8c1802,2014-10,Northumbria Police,Northumbria Police,-1.372747,54.930236,On or near MERE KNOLLS ROAD,E01008725,Sunderland 002B,Suspect charged
3d4812c82b946a048e6175304faa31251f25cf594bfe40fb5c99013ceb8c1802,2014-10,Northumbria Police,Northumbria Police,-1.372747,54.930236,On or near MERE KNOLLS ROAD,E01008725,Sunderland 002B,Investigation complete; no suspect identified
d41f7f0e37f97997808c02a222a1f984989b1b5f76cb6bcc758299390ea06a96,2014-10,Northumbria Police,Northumbria Police,-1.579405,54.945630,On or near BRETTANBY ROAD,E01008202,Gateshead 011C,Investigation complete; no suspect identified
03a8404eae03435a83dcfcb4550ebf077d8a837b3df7d4b25e9f24a8388ae912,2014-10,Northumbria Police,Northumbria Police,-1.441949,54.811214,On or near HORNSEY TERRACE,E01008744,Sunderland 036B,Investigation complete; no suspect identified
8f1f40d55a2d59f7e6c224afc524b1dc4e260c69e06e396fb7d939b658357009,2014-10,Northumbria Police,Northumbria Police,-1.638511,54.976661,On or near TAMWORTH ROAD,E01008396,Newcastle upon Tyne 022B,Investigation complete; no suspect identified
51aabf6ae2daab147cdb00b2f2ad0b46eb9d993cef1d654738b38f2a8d89ecf0,2014-10,Northumbria Police,Northumbria Police,-1.515422,55.126572,On or near Parking Area,E01027415,Northumberland 023B,Investigation complete; no suspect identified
e92bb6a1f0b86ae95e8cc55c80535c13b669082ff768b2e65fb809fc14faee17,2014-10,Northumbria Police,Northumbria Police,-1.410632,54.972230,On or near SUNDERLAND ROAD,E01008634,South Tyneside 008B,Suspect charged
6750cada510802046f892749398aa916a430d26fba840f8581df17f8f462db96,2014-10,Northumbria Police,Northumbria Police,-1.712159,55.037918,On or near Parking Area,E01008458,Newcastle upon Tyne 004D,Investigation complete; no suspect identified
24a22ee72bd642e80721fadd716acdc351add32b0e58ce2d220607a8a11faab4,2014-10,Northumbria Police,Northumbria Police,-1.399122,54.983532,On or near COQUET AVENUE,E01008651,South Tyneside 004D,Suspect charged
24a22ee72bd642e80721fadd716acdc351add32b0e58ce2d220607a8a11faab4,2014-10,Northumbria Police,Northumbria Police,-1.399122,54.983532,On or near COQUET AVENUE,E01008651,South Tyneside 004D,Suspect charged
24a22ee72bd642e80721fadd716acdc351add32b0e58ce2d220607a8a11faab4,2014-10,Northumbria Police,Northumbria Police,-1.399122,54.983532,On or near COQUET AVENUE,E01008651,South Tyneside 004D,Suspect charged
24a22ee72bd642e80721fadd716acdc351add32b0e58ce2d220607a8a11faab4,2014-10,Northumbria Police,Northumbria Police,-1.399122,54.983532,On or near COQUET AVENUE,E01008651,South Tyneside 004D,Suspect charged
24a22ee72bd642e80721fadd716acdc351add32b0e58ce2d220607a8a11faab4,2014-10,Northumbria Police,Northumbria Police,-1.399122,54.983532,On or near COQUET AVENUE,E01008651,South Tyneside 004D,Suspect charged
24a22ee72bd642e80721fadd716acdc351add32b0e58ce2d220607a8a11faab4,2014-10,Northumbria Police,Northumbria Police,-1.399122,54.983532,On or near COQUET AVENUE,E01008651,South Tyneside 004D,Suspect charged
a8d7dd330dadd7186f80b773b4484b4a4362d6c4712899b3981406687ff0e725,2014-10,Northumbria Police,Northumbria Police,-1.399534,54.972643,On or near SHILTON CLOSE,E01008625,South Tyneside 013C,Investigation complete; no suspect identified
a8d7dd330dadd7186f80b773b4484b4a4362d6c4712899b3981406687ff0e725,2014-10,Northumbria Police,Northumbria Police,-1.399534,54.972643,On or near SHILTON CLOSE,E01008625,South Tyneside 013C,Investigation complete; no suspect identified
a8d7dd330dadd7186f80b773b4484b4a4362d6c4712899b3981406687ff0e725,2014-10,Northumbria Police,Northumbria Police,-1.399534,54.972643,On or near SHILTON CLOSE,E01008625,South Tyneside 013C,Investigation complete; no suspect identified
a8d7dd330dadd7186f80b773b4484b4a4362d6c4712899b3981406687ff0e725,2014-10,Northumbria Police,Northumbria Police,-1.399534,54.972643,On or near SHILTON CLOSE,E01008625,South Tyneside 013C,Investigation complete; no suspect identified
767e332899e9cce85063b48e9df8f60042407d0e592017f17ec0e63e299a368d,2014-10,Northumbria Police,Northumbria Police,-2.019074,54.970716,On or near STATION ROAD,E01027504,Northumberland 039C,Investigation complete; no suspect identified
c3756f550c40c92b5aaece6c2f8639c4c3ee4aaf5a5cffc3e08df2ca994979d0,2014-10,Northumbria Police,Northumbria Police,-1.582169,54.922931,On or near WAVERLEY ROAD,E01008217,Gateshead 023E,Offender given a caution
c3756f550c40c92b5aaece6c2f8639c4c3ee4aaf5a5cffc3e08df2ca994979d0,2014-10,Northumbria Police,Northumbria Police,-1.582169,54.922931,On or near WAVERLEY ROAD,E01008217,Gateshead 023E,Offender given a caution
52e1bbb3ed5dd24792c04794cd4a9b6d2e33562ce930aa5c6e4a31b840364fa7,2014-10,Northumbria Police,Northumbria Police,-1.444954,55.006135,On or near LOWER RUDYERD STREET,E01008524,North Tyneside 022B,Investigation complete; no suspect identified
ecfa2aebc7de0401b2c083c2dfc9610ee97d54170186e9e82a2bdff4edb7109b,2014-10,Northumbria Police,Northumbria Police,-1.549546,54.988414,On or near BRIARWOOD CRESCENT,E01008434,Newcastle upon Tyne 020D,Investigation complete; no suspect identified
ecfa2aebc7de0401b2c083c2dfc9610ee97d54170186e9e82a2bdff4edb7109b,2014-10,Northumbria Police,Northumbria Police,-1.549546,54.988414,On or near BRIARWOOD CRESCENT,E01008434,Newcastle upon Tyne 020D,Investigation complete; no suspect identified
ecfa2aebc7de0401b2c083c2dfc9610ee97d54170186e9e82a2bdff4edb7109b,2014-10,Northumbria Police,Northumbria Police,-1.549546,54.988414,On or near BRIARWOOD CRESCENT,E01008434,Newcastle upon Tyne 020D,Investigation complete; no suspect identified
12a934719163077e07d2509b77f93aacc179e30ab5c28918788271c59f38728c,2014-10,Northumbria Police,Northumbria Police,-2.176949,55.005186,On or near ST AIDANS PARK,E01027510,Northumberland 040F,Investigation complete; no suspect identified
60b99aaea9c3d920ef0334230d896186adf3605c719a4cf3edbdada7aaa1b827,2014-10,Northumbria Police,Northumbria Police,-1.576639,54.971123,On or near Parking Area,E01008305,Newcastle upon Tyne 026D,Investigation complete; no suspect identified
b9c5f865fd8ccd726cf17f89aa809925f0809be7742ca2b70c8d0e5d445c17ca,2014-10,Northumbria Police,Northumbria Police,-1.442298,54.811854,On or near BOWES AVENUE,E01008744,Sunderland 036B,Investigation complete; no suspect identified
d454c2d8e3ed1834137f7fd6790058c46024cb80271fa94b3951798c72d078c6,2014-10,Northumbria Police,Northumbria Police,-1.395222,54.919602,On or near MAYPOLE CLOSE,E01008709,Sunderland 005B,Investigation complete; no suspect identified
b4b5af72d2fc2eb53a0114eae9b17f8bba12ee59b16b0a54de52545716c09c6f,2014-10,Northumbria Police,Northumbria Police,-1.442722,54.888394,On or near GILBERT SQUARE,E01008733,Sunderland 021E,Investigation complete; no suspect identified
71067ba756e4cef92215607445bcf39738f68ff7e47f559e0cbd0e7ff99d3bdf,2014-10,Northumbria Police,Northumbria Police,-1.460650,55.008578,On or near A193,E01008530,North Tyneside 020D,Investigation complete; no suspect identified
a35b2e79554451a81d4edfe1d6b48560179493b3cd622bc063ae1549df633da0,2014-10,Northumbria Police,Northumbria Police,-1.438325,55.041915,On or near HELENA AVENUE,E01008587,North Tyneside 006C,Investigation complete; no suspect identified
3a166241f7ce1cac806d10d24db44f6089658076f49d0b6098694a74be90b323,2014-10,Northumbria Police,Northumbria Police,-1.418693,54.967865,On or near Sports/Recreation Area,E01008691,South Tyneside 019D,Investigation complete; no suspect identified
7a7bf31c117a214470e0d498e7ccced37613da1d48eddb7a3dacf8bc929ff395,2014-10,Northumbria Police,Northumbria Police,-1.591600,54.971498,On or near HORATIO STREET,E01033548,Newcastle upon Tyne 023G,Offender given a caution
94cf66ec59e288e24f46fb0000dd4cb755d7c61d6c2432aac9395b86a46fb033,2014-10,Northumbria Police,Northumbria Police,-1.494547,55.011149,On or near Shopping Area,E01008491,North Tyneside 015D,Investigation complete; no suspect identified
2d7dc7f63a511d2091a20730e752559a857859934516116c366a1a73ddc504dd,2014-10,Northumbria Police,Northumbria Police,-1.557740,54.969466,On or near ST ANTHONY'S ROAD,E01008389,Newcastle upon Tyne 028B,Investigation complete; no suspect identified
a95988f6a43ee17d7e99fa2d628df35e25a127226a8b2ad9e237a24f06cfc290,2014-10,Northumbria Police,Northumbria Police,-1.760688,55.036630,On or near MIDDLE DRIVE,E01033714,Northumberland 033F,Investigation complete; no suspect identified
5635157ef6d5f2f7444de4f8cf7292af8db1625619d51bf2979e06eefebce2cf,2014-10,Northumbria Police,Northumbria Police,-1.581823,55.058550,On or near WARDLE DRIVE,E01008480,North Tyneside 002B,Offender given a caution
22b79de9f3198986cfba16d0a59c3d1147e061e1d60fb71552778a812c83c110,2014-10,Northumbria Police,Northumbria Police,-1.541046,55.003327,On or near O'HANLON CRESCENT,E01008533,North Tyneside 030A,Suspect charged
c5f89fcbe7925d07473468a13338962f4a6cdbcd2440586b893c0f9df4f3f958,2014-10,Northumbria Police,Northumbria Police,-1.543593,54.988284,On or near ROWANTREE ROAD,E01008434,Newcastle upon Tyne 020D,Investigation complete; no suspect identified
3ec7bd67c96f5f53a581564cfd0c58c51e08c932e90f620c10868c596ffebcc1,2014-10,Northumbria Police,Northumbria Police,-1.614539,54.951165,On or near RAWLING ROAD,E01008170,Gateshead 008C,Investigation complete; no suspect identified
099a23a7448ceaa24a0b6a37eca30eeac403ff5ac4d51e730b0ac9fc73df8c39,2014-10,Northumbria Police,Northumbria Police,-1.699590,54.988311,On or near HARLE CLOSE,E01008330,Newcastle upon Tyne 015G,Investigation complete; no suspect identified
93c00cbdee7f7f29d4bfb18ab04e3fe96b179ec5d6ee431a711c7b9ecd32d6d2,2014-10,Northumbria Police,Northumbria Police,-1.645793,55.015610,On or near ELM GROVE,E01008337,Newcastle upon Tyne 003B,Investigation complete; no suspect identified
d7da19a84dd224cf9a10c8ef818417e1437e2aa61f331fc3df2c861c233ee8ad,2014-10,Northumbria Police,Northumbria Police,-1.595923,54.923669,On or near NEWQUAY GARDENS,E01008194,Gateshead 020B,Investigation complete; no suspect identified
b5eac5d6a9cdffe31762fe46a4b06fbdee24f296160fe0ea0eaadc11b14ed47c,2014-10,Northumbria Police,Northumbria Police,-1.466348,55.025722,On or near Hospital,E01008556,North Tyneside 013C,Investigation complete; no suspect identified
f2c889778c75ca4caa12dd3978f972090ec5cdd5cfb1c9790db54564f147b496,2014-10,Northumbria Police,Northumbria Police,-1.576004,54.989866,On or near STANMORE ROAD,E01008364,Newcastle upon Tyne 018F,Investigation complete; no suspect identified
6c681b0604340fe208687bb48f6e42e6a5cfb801238039266ee197b339ddcf1b,2014-10,Northumbria Police,Northumbria Police,-1.558490,54.968057,On or near LICHFIELD AVENUE,E01008389,Newcastle upon Tyne 028B,Investigation complete; no suspect identified
e372d9e20f82b6a42159d71b92c4fa80440969b40ca44d005b7cb476d02dd515,2014-10,Northumbria Police,Northumbria Police,-1.608789,54.998244,On or near CROSSWAY,E01008371,Newcastle upon Tyne 013C,Investigation complete; no suspect identified
906b9cde9a4dd464fa90a5a82ca2cc1ead4c10e299ca19a8253e59399a3fb746,2014-10,Northumbria Police,Northumbria Police,-1.575240,54.971990,On or near BERESFORD GARDENS,E01008302,Newcastle upon Tyne 026B,Investigation complete; no suspect identified
60fa073603bd4b3424e4422e95508d56779be93f2ff48588adfa9dd71d2d9f70,2014-10,Northumbria Police,Northumbria Police,-1.423327,54.997704,On or near BRODRICK STREET,E01008597,South Tyneside 001C,Investigation complete; no suspect identified
4ba65bc00fadf03c507bf0d22ec16829306f27845821b57eb9905913a890b7b8,2014-10,Northumbria Police,Northumbria Police,-1.458966,54.951256,On or near Sports/Recreation Area,E01008613,South Tyneside 021D,Investigation complete; no suspect identified
40e463589dfd7fee05352630ad8f9bb8ca9e0fb4a4a1d021c6248a9bc7d4348a,2014-10,Northumbria Police,Northumbria Police,-1.609797,55.132769,On or near NETHERDALE,E01027522,Northumberland 021E,Investigation complete; no suspect identified
cea3e3ff2afca90ed5f4b89a11895fb72dc4bb518843d26d7574758298b02ef5,2014-10,Northumbria Police,Northumbria Police,-1.524050,55.180342,On or near CONISTON AVENUE,E01027543,Northumberland 009C,Investigation complete; no suspect identified
ab2ffa22c57aecdc5cf7fec368f36054327a9adcfdafc2c80749aa03da32ecbb,2014-10,Northumbria Police,Northumbria Police,-1.619580,55.004307,On or near Supermarket,E01008419,Newcastle upon Tyne 006E,Investigation complete; no suspect identified
309e554fc90259fe46a1a278d624fa0c674b66136fefda8013e1ec27c798682e,2014-10,Northumbria Police,Northumbria Police,-1.570367,55.183938,On or near Parking Area,E01027529,Northumberland 010B,Investigation complete; no suspect identified
ba4de42e93612c7e64d6f881e2ae4e2d826dad5ffdba9a32b7b30cf2aef4492d,2014-10,Northumbria Police,Northumbria Police,-1.752530,54.991935,On or near HEWLEY CRESCENT,E01008401,Newcastle upon Tyne 014B,Suspect charged
f04f317904d4f486e70502c59881809e146af25203b346b3e84d6d52cd2b2044,2014-10,Northumbria Police,Northumbria Police,-1.688286,54.982882,On or near PAULINE GARDENS,E01008416,Newcastle upon Tyne 025C,Investigation complete; no suspect identified
3cc3c885a0f2148412c332f03eef68b298c01bad539a96ed59686e32c9fc18e5,2014-10,Northumbria Police,Northumbria Police,-1.479822,54.961213,On or near DOVE AVENUE,E01008632,South Tyneside 017B,Suspect charged
31e7d35f1be00e2e70dfa843ee473142e7c9b9dfd98eedf1125adbbf63f5bfda,2014-10,Northumbria Police,Northumbria Police,-1.411034,54.874208,On or near CAVENDISH PLACE,E01008802,Sunderland 029D,Investigation complete; no suspect identified
941ee6aec46f9e3e49fcbdd40fa38b1217c9c86868f098d865f98ef9a646387c,2014-10,Northumbria Police,Northumbria Police,-1.575290,54.974641,On or near MICHAELGATE,E01008305,Newcastle upon Tyne 026D,Investigation complete; no suspect identified
92f64530a52bdf09aa1b647eebb0c1274d51e695e3f9010f60c3580c831f1733,2014-10,Northumbria Police,Northumbria Police,-1.665282,54.988833,On or near BAVINGTON DRIVE,E01008451,Newcastle upon Tyne 016C,Investigation complete; no suspect identified
d1807ae513d6482159ff3c68a42421215d1fb16f51a5a3915c2245a5a0dc6872,2014-10,Northumbria Police,Northumbria Police,-1.690859,54.981532,On or near CASTLENOOK PLACE,E01008416,Newcastle upon Tyne 025C,Investigation complete; no suspect identified
b517122150fd2f9a8f4a1e4cb2c9faef84959bd9a85e72364d86e7a15bcfaeb4,2014-10,Northumbria Police,Northumbria Police,-1.643711,54.969945,On or near DURHAM STREET,E01008333,Newcastle upon Tyne 029C,Investigation complete; no suspect identified
32df1bb02dfc3a8d92aa621f3b9ccd151653737aee971f782c940f2b31545890,2014-10,Northumbria Police,Northumbria Police,-1.594137,54.949220,On or near CONWAY SQUARE,E01008204,Gateshead 011D,Investigation complete; no suspect identified
e669c8e8144cd96fa8cb5452283fda4d4996245f66815499e6cd1bb18b131ea2,2014-10,Northumbria Police,Northumbria Police,-1.426717,54.902303,On or near FRIAR SQUARE,E01008812,Sunderland 012C,Investigation complete; no suspect identified
134312d5964d8edf9b7f7ba70022bb73350c87fb52388a3fc365ec981923d1ac,2014-10,Northumbria Police,Northumbria Police,-1.647857,54.947689,On or near KING GEORGE AVENUE,E01008208,Gateshead 013C,Investigation complete; no suspect identified
1c741dd7bca5492e3735e0f450d3d4fe0b76b48f0e1ea04ce1af5240fe6379a2,2014-10,Northumbria Police,Northumbria Police,-1.602375,54.978246,On or near NAPIER STREET,E01008407,Newcastle upon Tyne 023B,Investigation complete; no suspect identified
d04a5fbec7a4774e47fa4c5b2a4e912254e6f614cd5f8cc9cae9689b3833660e,2014-10,Northumbria Police,Northumbria Police,-1.907497,54.928735,On or near WINSTON WAY,E01027507,Northumberland 039E,Investigation complete; no suspect identified
6efe75a37d55c44ddcfc08b93a51f0f26874752f6b07d0e51bba8f921a4e3d37,2014-10,Northumbria Police,Northumbria Police,-1.622628,55.006087,On or near WOODBINE ROAD,E01008419,Newcastle upon Tyne 006E,Suspect charged
4efb1decee5505a78e40d213b6e8dca725c73a5330a19ea1a846b0248c89fa0a,2014-10,Northumbria Police,Northumbria Police,-1.386732,54.903384,On or near DERWENT STREET,E01008836,Sunderland 016F,Investigation complete; no suspect identified
d1599859fa67944565fbb5de73d5bd87c37fc1c50078e4a94760bc4a52622971,2014-10,Northumbria Police,Northumbria Police,-1.430990,54.989661,On or near Supermarket,E01008668,South Tyneside 002E,Investigation complete; no suspect identified
46ee0928af6a65f077696fd7185e1842a61211818e437ad13679c14470e0953d,2014-10,Northumbria Police,Northumbria Police,-1.565086,54.974857,On or near CANTERBURY STREET,E01008388,Newcastle upon Tyne 028A,Investigation complete; no suspect identified
780e1655819139e454e4d17d8a1e25f7bad42c7de4e92ce15e622369b7b9a83b,2014-10,Northumbria Police,Northumbria Police,-1.597230,54.950552,On or near RABY STREET,E01008203,Gateshead 028B,Investigation complete; no suspect identified
de050a97c39ef4299ede53597206cfe04efea3a00c07e72910c102a2b243e1cb,2014-10,Northumbria Police,Northumbria Police,-1.455943,55.040925,On or near MARMION TERRACE,E01008554,North Tyneside 009C,Investigation complete; no suspect identified
6ff4fddcdb3e2db0a4252df5b2f291764173c94d774b8f8d8d2735da022a98c7,2014-10,Northumbria Police,Northumbria Police,-1.362641,54.875536,On or near PADSTOW CLOSE,E01008764,Sunderland 028B,Investigation complete; no suspect identified
379899c1fe82450b94e60ee9a1cdcb2b978eb40860d03db990af98dbe6893799,2014-10,Northumbria Police,Northumbria Police,-1.565086,54.974857,On or near CANTERBURY STREET,E01008388,Newcastle upon Tyne 028A,Investigation complete; no suspect identified
38fe7e5832a25967b73f3d6839c00de2edf6bef1ff8ba0f00c3255d35e2e748d,2014-10,Northumbria Police,Northumbria Police,-1.521520,54.896737,On or near HENSON CLOSE,E01008843,Sunderland 019A,Investigation complete; no suspect identified
fbb0f467c49e2c00860c89a3383ee13e3c4f1bff7ea15dbdaabe9acf5e7073a8,2014-10,Northumbria Police,Northumbria Police,-1.379035,54.890781,On or near Sports/Recreation Area,E01008740,Sunderland 022A,Investigation complete; no suspect identified
2f63727be0ddda2e62e038de30d3f5e9481d179333c0a34050bcd56ac2c6358a,2014-10,Northumbria Police,Northumbria Police,-1.454564,55.038834,On or near PRIORY AVENUE,E01008554,North Tyneside 009C,Investigation complete; no suspect identified
58172c7284164d707714dba61a21d153555e5de6dcfb96e36ab7fcd5a03a6308,2014-10,Northumbria Police,Northumbria Police,-1.615061,54.975034,On or near Shopping Area,E01008397,Newcastle upon Tyne 024C,Investigation complete; no suspect identified
ae0871175c22cf4f40892a9cf9192f3fc630a18434685f5f206365a6bc8d8c9a,2014-10,Northumbria Police,Northumbria Police,-1.491834,54.874348,On or near WEARDALE CRESCENT,E01008800,Sunderland 030D,Suspect charged
65614234d2ec52ebaf01e02cc7cbcdeac0e571b3b387faf3d84414a3777e21d8,2014-10,Northumbria Police,Northumbria Police,-1.617655,54.925573,On or near MAYORAL WAY,E01008226,Gateshead 025D,Investigation complete; no suspect identified
06e13fb7ea91f1a0975639a4ae6098c3efb7a5334457aa95818cf7a00bbb70ba,2014-10,Northumbria Police,Northumbria Police,-1.602450,54.954810,On or near PRINCE CONSORT ROAD,E01008163,Gateshead 028A,Investigation complete; no suspect identified
be27d1cb36318e167460a96bf0990ecf0bf36a217cef6979253a8b7dfbf0ec91,2014-10,Northumbria Police,Northumbria Police,-1.513935,55.126314,On or near ARTHUR STREET,E01027415,Northumberland 023B,Investigation complete; no suspect identified
b7a908d4db79fc4d920a0c9898c86bf61c04281469c51dae92a10a6212d2f2f4,2014-10,Northumbria Police,Northumbria Police,-1.563529,54.929686,On or near MEDOMSLEY GARDENS,E01008227,Gateshead 021E,Investigation complete; no suspect identified
6ed01156098cae983e19b28e34532ad31ea03101a425154760c5468297bfd91d,2014-10,Northumbria Police,Northumbria Police,-1.520544,55.028769,On or near BENTON ROAD,E01032647,North Tyneside 011E,Investigation complete; no suspect identified
d8cebef8c931eaf336db00b18605992429dca3cc301b032bc18a3e15b2906051,2014-10,Northumbria Police,Northumbria Police,-1.615322,54.972222,On or near NUN STREET,E01033543,Newcastle upon Tyne 024G,Investigation complete; no suspect identified
103facce4fc10f125a2b30625028cf50cc9bd3b197e5623cbfdc6c3b906214fe,2014-10,Northumbria Police,Northumbria Police,-1.509079,55.036298,On or near FORD CRESCENT,E01008567,North Tyneside 007D,Investigation complete; no suspect identified
75e7d3bfa428b4cb471d90a6151127e0dd0d90380fc4fc7fb1786efb50420eaa,2014-10,Northumbria Police,Northumbria Police,-1.682393,54.993030,On or near BIRCHVALE AVENUE,E01008327,Newcastle upon Tyne 015D,Investigation complete; no suspect identified
d2d99d7f168d386a0421ae4444012654edbf5c63ae1443de8384e5ebcce5074a,2014-10,Northumbria Police,Northumbria Police,-1.671422,54.950847,On or near ALEXANDRA DRIVE,E01008265,Gateshead 009D,Investigation complete; no suspect identified
08bd0a02b0f98a131d70703f468cccc469181d96baf1bfd2aae629ce97f2b34c,2014-10,Northumbria Police,Northumbria Police,-1.379180,54.926989,On or near FRIARAGE AVENUE,E01008728,Sunderland 002D,Investigation complete; no suspect identified
39753788638d5325ae98d566b4dd4132b4050f66355921b1b557b5377fc36e4c,2014-10,Northumbria Police,Northumbria Police,-1.735928,54.968671,On or near STELLA LANE,E01008248,Gateshead 001C,Investigation complete; no suspect identified
dbc62f659de3056dc7abbbfc146f8117a4ae71a97455ba49c6f8be79d2a50ed6,2014-10,Northumbria Police,Northumbria Police,-1.622943,54.924097,On or near Shopping Area,E01008226,Gateshead 025D,Suspect charged
cb0e161a9203340d9bf1125fb93923d553c19049e6daedd87dbd4ce1d4d7ba4f,2014-10,Northumbria Police,Northumbria Police,-1.530642,55.115102,On or near HOLYSTONE AVENUE,E01027427,Northumberland 025C,Investigation complete; no suspect identified
cde8ef29859208d745a1efbdbcab3c8664f07bbe4effbe56775581ae4bdbf80f,2014-10,Northumbria Police,Northumbria Police,-1.656873,54.976148,On or near WEST ROAD,E01008334,Newcastle upon Tyne 029D,Investigation complete; no suspect identified
d37505df810c1b5f650659736f95d181f71f6e7c51768332ed2d17c75af38965,2014-10,Northumbria Police,Northumbria Police,-1.436903,54.917807,On or near EAST VIEW,E01008693,Sunderland 008A,Investigation complete; no suspect identified
ec93a29397f41a584a4fcfb3f43dddc86e9db50cfe644b7899ab2893979a6009,2014-10,Northumbria Police,Northumbria Police,-1.372774,54.906431,On or near NORTH DURHAM STREET,E01008703,Sunderland 013B,Investigation complete; no suspect identified
7ab9b686f459f4487a26bdbc5e889b485fbeab2df4462aff62257be7cf2f09ba,2014-10,Northumbria Police,Northumbria Police,-1.461060,55.022320,On or near WESTBURY ROAD,E01008557,North Tyneside 013D,Investigation complete; no suspect identified
4a40a9272c8cdb856677b2e9c2b1365fb3971e828bdc681903cdef830f8c2ebe,2014-10,Northumbria Police,Northumbria Police,-1.648214,55.181994,On or near KIRKHARLE DRIVE,E01027463,Northumberland 011C,Offender given a caution
e9d81d78a08b32365f322c1f1498a81bf5b31b4d3609f9eedd2eef213dad283e,2014-10,Northumbria Police,Northumbria Police,-1.538026,54.955940,On or near DENE GARDENS,E01008243,Gateshead 003C,Investigation complete; no suspect identified
dfd402deb447216f8c7a36608768a7f99a99b370b9e03213a06368f2c6257135,2014-10,Northumbria Police,Northumbria Police,-1.456556,55.008389,On or near SPENCE TERRACE,E01008530,North Tyneside 020D,Investigation complete; no suspect identified
84385df027a08a837c9b5acdd2f52a3976eabfde88c794e66b44087a3b33cf8d,2014-10,Northumbria Police,Northumbria Police,-1.637175,54.972352,On or near GLOUCESTER ROAD,E01008331,Newcastle upon Tyne 029A,Investigation complete; no suspect identified
ea89ad662fe1fae3099093ba3e270b61f2e95d95a4c96d59da5d2d6ae708d056,2014-10,Northumbria Police,Northumbria Police,-1.404550,54.897514,On or near MOUNT ROAD,E01008833,Sunderland 018D,Investigation complete; no suspect identified
3a570c943f863296811fce2cc0651cc5ddbd299b636fc94c64c56db0243ca653,2014-10,Northumbria Police,Northumbria Police,-1.557960,54.973636,On or near LOWTHIAN CRESCENT,E01008426,Newcastle upon Tyne 028C,Investigation complete; no suspect identified
3a570c943f863296811fce2cc0651cc5ddbd299b636fc94c64c56db0243ca653,2014-10,Northumbria Police,Northumbria Police,-1.557960,54.973636,On or near LOWTHIAN CRESCENT,E01008426,Newcastle upon Tyne 028C,Investigation complete; no suspect identified
3a570c943f863296811fce2cc0651cc5ddbd299b636fc94c64c56db0243ca653,2014-10,Northumbria Police,Northumbria Police,-1.557960,54.973636,On or near LOWTHIAN CRESCENT,E01008426,Newcastle upon Tyne 028C,Investigation complete; no suspect identified
3a570c943f863296811fce2cc0651cc5ddbd299b636fc94c64c56db0243ca653,2014-10,Northumbria Police,Northumbria Police,-1.557960,54.973636,On or near LOWTHIAN CRESCENT,E01008426,Newcastle upon Tyne 028C,Investigation complete; no suspect identified
4caf04fb19fcea20843c56629faa3225fa29ca632552ce8c579ffedbd3c068bb,2014-10,Northumbria Police,Northumbria Police,-1.607845,54.957209,On or near AFFLECK STREET,E01008167,Gateshead 008A,Unable to prosecute suspect
dd25d47abd511941b8e515b762cd6312aab9535df7ab49f9589405e34933209d,2014-10,Northumbria Police,Northumbria Police,-1.577226,54.976176,On or near CONYERS ROAD,E01008303,Newcastle upon Tyne 018A,Investigation complete; no suspect identified
83f40435b4776f7a67925acb79b8cf168672c70ac3b4992cfba66e0514f48ccb,2014-10,Northumbria Police,Northumbria Police,-1.430751,54.998880,On or near Nightclub,E01008596,South Tyneside 001B,Investigation complete; no suspect identified
7058bab67256134155ca6122137beae291e4877405b9e692e7e1be58d03c9e7a,2014-10,Northumbria Police,Northumbria Police,-1.559819,55.172057,On or near EIGHTH AVENUE,E01027532,Northumberland 014A,Investigation complete; no suspect identified
76f39f410d676655878600555bd3ca21a4a2c2b6c2e785f7879def585dc9d217,2014-10,Northumbria Police,Northumbria Police,-1.439947,54.928910,On or near RAVENSWOOD SQUARE,E01008839,Sunderland 003D,Investigation complete; no suspect identified
73b6b02c34051e711ce2b861a78839b076daea88ae77b7c7af9c6f9785cff161,2014-10,Northumbria Police,Northumbria Police,-1.675591,54.995412,On or near MELVIN PLACE,E01008298,Newcastle upon Tyne 011C,Investigation complete; no suspect identified
a41b90517a72d805b775f95dc0c32696f27d3b519944b499d89e0ebebdb5c4b3,2014-10,Northumbria Police,Northumbria Police,-1.363167,54.950873,On or near HOLLY AVENUE,E01008687,South Tyneside 018E,Investigation complete; no suspect identified
cf8c33d15fac398e6c7fffab97779bcbd5d36831d70cd38fd874499b5b14b542,2014-10,Northumbria Police,Northumbria Police,-1.580041,54.981901,On or near CARDIGAN TERRACE,E01008362,Newcastle upon Tyne 018E,Investigation complete; no suspect identified
0eb991e79a713afefe1e2cec69271deda55eedb5a4ac2fd95570d2329a66c56e,2014-10,Northumbria Police,Northumbria Police,-1.402465,54.898295,On or near EWING ROAD,E01008833,Sunderland 018D,Investigation complete; no suspect identified
e7174a897da9f29a88410c7c104f09e8187602349ebc4bc9dd8a5f702ccb5d03,2014-10,Northumbria Police,Northumbria Police,-1.597308,54.949069,On or near PERRY STREET,E01008205,Gateshead 028C,Investigation complete; no suspect identified
1e2fecc633e21732996aecd556055ee3ed69b85586663503d3bfeb4f5a5aef06,2014-10,Northumbria Police,Northumbria Police,-1.376733,54.903539,On or near MURTON STREET,E01008836,Sunderland 016F,Investigation complete; no suspect identified
621aaa6a5dbd1a96efd09c64c19517f13a39096736dfc8020e30789d2785ada8,2014-10,Northumbria Police,Northumbria Police,-1.590391,54.979779,On or near STRATFORD ROAD,E01008413,Newcastle upon Tyne 023F,Investigation complete; no suspect identified
c52b1ea6ccef5ea1a72ba5d89278bbd683af37fc040dd7fac1574fe8ac38f322,2014-10,Northumbria Police,Northumbria Police,-1.518641,54.893733,On or near THE POPLARS,E01008843,Sunderland 019A,Investigation complete; no suspect identified
694a787cf4b2b3dd0fabd1fbc72e2ed9b5a7046b72e7a865c75240f450e46d19,2014-10,Northumbria Police,Northumbria Police,-1.554834,55.064125,On or near CARRINGTON CLOSE,E01027435,Northumberland 032D,Investigation complete; no suspect identified
08530be66b38dd25df5e32051d16119d991bdbf03c9393ccfc600223411fc7f4,2014-10,Northumbria Police,Northumbria Police,-1.655752,54.970249,On or near Supermarket,E01008332,Newcastle upon Tyne 029B,Investigation complete; no suspect identified
aa700696fa83b25dc13117a7aec619765b109d3d5c2ec87697b5a9c95eb0cbdc,2014-10,Northumbria Police,Northumbria Police,-1.687591,54.979852,On or near GREENSIDE CRESCENT,E01008415,Newcastle upon Tyne 025B,Investigation complete; no suspect identified
81344ac88b6cd36005a8a493dc14bc5af71f7a770dd90bbe969104ab84377c22,2014-10,Northumbria Police,Northumbria Police,-1.611537,54.971123,On or near Nightclub,E01033543,Newcastle upon Tyne 024G,Investigation complete; no suspect identified
0cda99a87df670fd68aca27fbe74d306d87b5f908c19d3175b658f5b4e1caec1,2014-10,Northumbria Police,Northumbria Police,-1.582263,54.977128,On or near FLORA STREET,E01008303,Newcastle upon Tyne 018A,Investigation complete; no suspect identified
4568d9ec96cb5a66469fe483f5590b4119daf18acc2d3c35391f3c8636170ca1,2014-10,Northumbria Police,Northumbria Police,-1.574085,54.979211,On or near MILLERS ROAD,E01008392,Newcastle upon Tyne 026F,Investigation complete; no suspect identified
b03f69765e4952879dc097ea7979259349b93b7fb666dfadb5550e99cfa6a7bd,2014-10,Northumbria Police,Northumbria Police,-1.375587,54.900011,On or near SALEM STREET,E01008735,Sunderland 016B,Investigation complete; no suspect identified
4f6724c450a1e06b93c43465ceca12a1ba13fa2145a8cdb964f99668a3df687b,2014-10,Northumbria Police,Northumbria Police,-1.411941,54.948899,On or near BYWELL ROAD,E01008621,South Tyneside 022D,Investigation complete; no suspect identified
382915c2185a6be90144510f731313b5d8aa73c95f17d122385b561f4cf633c3,2014-10,Northumbria Police,Northumbria Police,-1.615435,54.971836,On or near Nightclub,E01033543,Newcastle upon Tyne 024G,Investigation complete; no suspect identified
8995f446c27be6527eb8571af21db0b5b59d2b7f0658bdefe1ff3b188c4aa4e7,2014-10,Northumbria Police,Northumbria Police,-1.641536,54.975627,On or near CROSSLEY TERRACE,E01008449,Newcastle upon Tyne 022D,Suspect charged
db96f825ca4882859779d2b8d05130c56741790f72744901fd014c9ae64081ad,2014-10,Northumbria Police,Northumbria Police,-1.692224,55.009419,On or near HAREYDENE,E01008460,Newcastle upon Tyne 004F,Investigation complete; no suspect identified
efa358cde50c95eb0e3e31f85e74104318b4ff8313ace74fcc6724f540f3b014,2014-10,Northumbria Police,Northumbria Police,-1.681739,54.949185,On or near BROOKE AVENUE,E01008263,Gateshead 009B,Investigation complete; no suspect identified
146da788955562451f8857216821a4c53c83646270e4d1fed503be06033f6513,2014-10,Northumbria Police,Northumbria Police,-2.011024,55.783087,On or near ST ANDREW'S ROAD,E01027376,Northumberland 001A,Investigation complete; no suspect identified
ee78a8dd511747a4375a101570b04daa41b3a9eb89efdb386c8c5f8271498fad,2014-10,Northumbria Police,Northumbria Police,-1.617588,54.942512,On or near MARKET WAY,E01008259,Gateshead 007D,Investigation complete; no suspect identified
17e73a13c52698d1e71320ea4288f06d2f60672066df8067292274e1dc6f5a6f,2014-10,Northumbria Police,Northumbria Police,-1.602367,55.285389,On or near OLD SCHOOL CLOSE,E01027444,Northumberland 008B,Investigation complete; no suspect identified
c627eb238f06835085061b52767c36ce9b568e17d8b99ac9a9e8b235b4682639,2014-10,Northumbria Police,Northumbria Police,-1.673395,54.957798,On or near Parking Area,E01008262,Gateshead 009A,Local resolution
62fc11c76b6f1bf06ee631c4cd42606074f346ad08fd26470c37e34d0cac313c,2014-10,Northumbria Police,Northumbria Police,-1.638802,54.972177,On or near KINGSLEY TERRACE,E01008331,Newcastle upon Tyne 029A,Investigation complete; no suspect identified
62fc11c76b6f1bf06ee631c4cd42606074f346ad08fd26470c37e34d0cac313c,2014-10,Northumbria Police,Northumbria Police,-1.638802,54.972177,On or near KINGSLEY TERRACE,E01008331,Newcastle upon Tyne 029A,Investigation complete; no suspect identified
8721b555561dd87a65d44b09e888fe7d7a62dc8266e1c41f3d58b0ad995b1488,2014-10,Northumbria Police,Northumbria Police,-1.690007,55.169159,On or near Parking Area,E01027453,Northumberland 016B,Investigation complete; no suspect identified
afa7ebf8b259ea429a0697147d865341d35e51083a0013b7ad950818bc03c305,2014-10,Northumbria Police,Northumbria Police,-1.428846,54.996490,On or near Parking Area,E01008596,South Tyneside 001B,Investigation complete; no suspect identified
755f26937a730ea1f3f9cf7fbb78c3f57bf4252e6a436380277fa455208c0024,2014-10,Northumbria Police,Northumbria Police,-1.645188,54.974254,On or near WESTGATE ROAD,E01008333,Newcastle upon Tyne 029C,Investigation complete; no suspect identified
7a1903157c37f5c1eb26d73c2b468c42ecd33eec660675e8fdf86dc0a6e2add5,2014-10,Northumbria Police,Northumbria Police,-1.628491,54.970556,On or near WINCHESTER TERRACE,E01008439,Newcastle upon Tyne 024E,Investigation complete; no suspect identified
182ba61f7191d5eff7226779b27f2b224d2c61e0d8475b61ed258aa757203af6,2014-10,Northumbria Police,Northumbria Police,-1.614543,54.981781,On or near KENSINGTON TERRACE,E01008397,Newcastle upon Tyne 024C,Investigation complete; no suspect identified
41ddc7f68a75a2bcc65ffccb59606d3326eac80a5090740e08423c13a1a66163,2014-10,Northumbria Police,Northumbria Police,-1.604123,55.006972,On or near COMMERCIAL ROAD,E01008424,Newcastle upon Tyne 005F,Investigation complete; no suspect identified
8c674437dcb3110f5687b245c19029a4662d6851edbc31f850d2b6a688b0fd6e,2014-10,Northumbria Police,Northumbria Police,-1.465106,55.001552,On or near Pedestrian Subway,E01008541,North Tyneside 027C,Investigation complete; no suspect identified
3b5a8a4ee12e1acce79407f58a7cc84f8d4aeba11a2edcfe5215773aea6641e9,2014-10,Northumbria Police,Northumbria Police,-1.582893,54.960002,On or near Supermarket,E01008214,Gateshead 003A,Investigation complete; no suspect identified
d67f4eb831f359b97f71913eea9382f4373966d778e9ca40cc8370da5ed2dc57,2014-10,Northumbria Police,Northumbria Police,-1.543947,54.944675,On or near THORNE BRAKE,E01008242,Gateshead 015D,Investigation complete; no suspect identified
b6efab32c20db52a1e87c1314068a26ffa1e4c518b191e0ed44bc2d0ba935937,2014-10,Northumbria Police,Northumbria Police,-1.370427,54.896938,On or near TOWER PLACE,E01008736,Sunderland 016C,Investigation complete; no suspect identified
79245e06cfa4c3794d05c6538384c807e2a0ac56da526e0bcf3d456367f23926,2014-10,Northumbria Police,Northumbria Police,-1.614464,54.968814,On or near Pedestrian Subway,E01033545,Newcastle upon Tyne 024H,Offender given a caution
79245e06cfa4c3794d05c6538384c807e2a0ac56da526e0bcf3d456367f23926,2014-10,Northumbria Police,Northumbria Police,-1.614464,54.968814,On or near Pedestrian Subway,E01033545,Newcastle upon Tyne 024H,Investigation complete; no suspect identified
72177efab2af9db66a003330d5474ea73fcb8ccc0abf8312a5d2310b268d1635,2014-10,Northumbria Police,Northumbria Police,-1.614826,54.927738,On or near Shopping Area,E01008259,Gateshead 007D,Investigation complete; no suspect identified
72177efab2af9db66a003330d5474ea73fcb8ccc0abf8312a5d2310b268d1635,2014-10,Northumbria Police,Northumbria Police,-1.614826,54.927738,On or near Shopping Area,E01008259,Gateshead 007D,Investigation complete; no suspect identified
27ed23e51240013c17f54efca4d70f5cddee81ac2e2b539244485bc2f0881a1e,2014-10,Northumbria Police,Northumbria Police,-1.611126,54.947353,On or near FARADAY GROVE,E01008254,Gateshead 010D,Offender given a caution
27ed23e51240013c17f54efca4d70f5cddee81ac2e2b539244485bc2f0881a1e,2014-10,Northumbria Police,Northumbria Police,-1.611126,54.947353,On or near FARADAY GROVE,E01008254,Gateshead 010D,Offender given a caution
cafafae2dcbd329d25dd04b73fbe6bed40ce346d13c48142afa6880fb72c043c,2014-10,Northumbria Police,Northumbria Police,-1.660688,55.007296,On or near HARTBURN WALK,E01008295,Newcastle upon Tyne 008A,Investigation complete; no suspect identified
41633e1a5cc2b43850113ce14d3cc337904a677aea94ce00cb414c6df81a0ec2,2014-10,Northumbria Police,Northumbria Police,-1.425104,54.863392,On or near MILSTED CLOSE,E01008808,Sunderland 029E,Investigation complete; no suspect identified
b4c563c8af2d9e11ae6d7a1c09308bf231018e5d58e4ca7faf12af56b440d785,2014-10,Northumbria Police,Northumbria Police,-1.428593,54.874471,On or near ASTON SQUARE,E01008773,Sunderland 026A,Offender given a caution
e57bd74cb0e86e70bb7569ff42d07212fb7fa2f76782a355135e85ad6c180225,2014-10,Northumbria Police,Northumbria Police,-1.649759,54.973225,On or near WESTERN AVENUE,E01008333,Newcastle upon Tyne 029C,Investigation complete; no suspect identified
439074e874a0f45acbae37d89f7c81cd2d3e9c078dfcfdc6b82f319b9c88f60c,2014-10,Northumbria Police,Northumbria Police,-1.384954,54.900346,On or near STOCKTON ROAD,E01008834,Sunderland 013E,Investigation complete; no suspect identified
43dfa58063bf82779eecd72ef54c1fed4825900b027abba8c4f505a52dc161a4,2014-10,Northumbria Police,Northumbria Police,-1.386333,54.933702,On or near HAWES COURT,E01008722,Sunderland 001B,Investigation complete; no suspect identified
1c5c8eb14900387827143f309abed6906ede155259d540ac389e5c90adb3c46b,2014-10,Northumbria Police,Northumbria Police,-1.542067,54.904014,On or near TOR MERE CLOSE,E01008874,Sunderland 010B,Investigation complete; no suspect identified
8fced6e2b65ea527df4b9767c22dd43aa05de70de5b55691973809fbed98c20b,2014-10,Northumbria Police,Northumbria Police,-1.590772,55.085242,On or near Shopping Area,E01027409,Northumberland 029B,Investigation complete; no suspect identified
42882ec5d402756b6ffdc0b83864d118353b8e80cb1c8a6b11a263f9eaa93d1d,2014-10,Northumbria Police,Northumbria Police,-1.654043,54.967306,On or near MULBEN CLOSE,E01008291,Newcastle upon Tyne 027D,Investigation complete; no suspect identified
79cb79be223fc42c8176b3600f161359eee0c5c09d4142edb22f9f310b1efe89,2014-10,Northumbria Police,Northumbria Police,-1.605008,55.158723,On or near MORPETH CLOSE,E01027530,Northumberland 017A,Investigation complete; no suspect identified
fcece86b521ff5c9144577af8cf942846ad3a130684a8bfccad4d1f3fb76f381,2014-10,Northumbria Police,Northumbria Police,-1.680113,54.992746,On or near WATERBEACH PLACE,E01008350,Newcastle upon Tyne 019H,Investigation complete; no suspect identified
32cd12f4a40cfc6a45172199a45b22e2d256026a293aa9a2dec5546fafd049eb,2014-10,Northumbria Police,Northumbria Police,-1.624282,54.971235,On or near CROSS VILLA PLACE NO 2,E01033554,Newcastle upon Tyne 024I,Suspect charged
70ddc6c447e23076de82587e176a166c240048a832836a7a0cae6c3fceec231b,2014-10,Northumbria Police,Northumbria Police,-1.677435,55.161039,On or near FIFTH AVENUE,E01027461,Northumberland 016E,Investigation complete; no suspect identified
3cb88b85549f6ca8f385550e72d0347c48b1916dd41eff47fbba9475fa817a75,2014-10,Northumbria Police,Northumbria Police,-1.536448,55.174279,On or near THE HOLLOW,E01033716,Northumberland 013F,Investigation complete; no suspect identified
59fe1462d33c622a97cf39695c5d21325600e411f0c247c7909f30ba5377d29c,2014-10,Northumbria Police,Northumbria Police,-1.661329,55.127918,On or near STANNINGTON STATION ROAD,E01027473,Northumberland 015D,Investigation complete; no suspect identified
adda00c89c5c5069ccf5553256e31dd802bfbf8be12dbe67e9c62911f32d311e,2014-10,Northumbria Police,Northumbria Police,-1.671422,54.950847,On or near ALEXANDRA DRIVE,E01008265,Gateshead 009D,Investigation complete; no suspect identified
621d2ad44826ad3623a68562a5ad68fdb9f21db8b9a25e2516c9dcdfd4845c20,2014-10,Northumbria Police,Northumbria Police,-1.665790,55.110192,On or near GREEN CLOSE,E01027473,Northumberland 015D,Investigation complete; no suspect identified
b8dd7c24c2ea3a71ed514fed22f3dbc6a877d53fb14d79f17b7868bddc99cb1c,2014-10,Northumbria Police,Northumbria Police,-1.607845,54.957209,On or near AFFLECK STREET,E01008167,Gateshead 008A,Investigation complete; no suspect identified
c2d718a97cc416472481e65e5dbd66b1af08247a75f9532453d5d08febe83184,2014-10,Northumbria Police,Northumbria Police,-1.515513,54.921758,On or near STEPHENSON ROAD,E01008855,Sunderland 007A,Investigation complete; no suspect identified
6c31b4a7b9280481f64ca5a13a25efc0b06363990292bd9c30da557570980c57,2014-10,Northumbria Police,Northumbria Police,-1.615322,54.972222,On or near NUN STREET,E01033543,Newcastle upon Tyne 024G,Investigation complete; no suspect identified
78a6a972c309dfb86055a45f9d4a413dc005096a90e99f4682b49494dfa1450d,2014-10,Northumbria Police,Northumbria Police,-1.590505,54.985540,On or near WOLSELEY GARDENS,E01008409,Newcastle upon Tyne 017D,Investigation complete; no suspect identified
3f03e12949b90978f72b10bf8222239b2c9264bbd64602501f1404ec2b5cfd19,2014-10,Northumbria Police,Northumbria Police,-1.611154,54.975165,On or near LISLE STREET,E01008397,Newcastle upon Tyne 024C,Investigation complete; no suspect identified
c65d17ada138d1e0e10d3231455887e9449fdc08c4c89fb994fa5cad273adb98,2014-10,Northumbria Police,Northumbria Police,-1.400688,54.907686,On or near WESTBURY STREET,E01008700,Sunderland 013A,Investigation complete; no suspect identified
bf0074414755cdb0f6771308f8dc2286beb907100fe09d9c14fc8edf72635497,2014-10,Northumbria Police,Northumbria Police,-1.604071,54.972537,On or near PANDON BANK,E01033553,Newcastle upon Tyne 023H,Investigation complete; no suspect identified
4fb35e93414c520432548b48172ecef64f3049af4f494132a8ce7e5a61def259,2014-10,Northumbria Police,Northumbria Police,-1.397975,54.895118,On or near Petrol Station,E01008781,Sunderland 022B,Suspect charged
7bb836ff7af419519754c52628553a572ab551c9f3034b2f5cb81652e50e1ac8,2014-10,Northumbria Police,Northumbria Police,-1.426098,54.993035,On or near WHARTON STREET,E01008595,South Tyneside 001A,Investigation complete; no suspect identified
812a05665d20fe9d50058b56e0e7751a0cd62e0d6f67624e22637937abd46454,2014-10,Northumbria Police,Northumbria Police,-1.389587,54.902302,On or near TUNSTALL TERRACE WEST,E01008831,Sunderland 013D,Investigation complete; no suspect identified
9c289808794f9fdcc1195ccacca9ca07100886d181e0de49987f6c086979fac7,2014-10,Northumbria Police,Northumbria Police,-1.623431,54.933687,On or near PRINCESWAY,E01008259,Gateshead 007D,Investigation complete; no suspect identified
8697b64695e0c549bc573f57414ba3d93e01b5c80da0374bd54105258b6c9a08,2014-10,Northumbria Police,Northumbria Police,-1.590902,55.015600,On or near CURLEW CLOSE,E01008514,North Tyneside 019D,Investigation complete; no suspect identified
47fdb4bab03aeac5a147f19163c6be1c448475409ee2e8a8d82e0e7f949848bf,2014-10,Northumbria Police,Northumbria Police,-1.438998,55.039698,On or near EGREMONT PLACE,E01008588,North Tyneside 006D,Investigation complete; no suspect identified
47fdb4bab03aeac5a147f19163c6be1c448475409ee2e8a8d82e0e7f949848bf,2014-10,Northumbria Police,Northumbria Police,-1.438998,55.039698,On or near EGREMONT PLACE,E01008588,North Tyneside 006D,Investigation complete; no suspect identified
8b45841d230713c04baffe0546da22a3cdf2d0220093160bc8ecd8fa33a1e8c0,2014-10,Northumbria Police,Northumbria Police,-1.497924,54.977375,On or near PINE STREET,E01008654,South Tyneside 009D,Investigation complete; no suspect identified
49676abbb944aee217825d7fefebb1fa15260b9e2f18c67fd781804af33e7132,2014-10,Northumbria Police,Northumbria Police,-1.602932,54.964553,On or near SWINBURNE PLACE,E01008166,Gateshead 027C,Investigation complete; no suspect identified
6dc7852dd07768a355a9c6b5f40cc54d95c9b36ae3bdf4a03d09707b68f4742b,2014-10,Northumbria Police,Northumbria Police,-1.599805,54.980529,On or near PORTLAND MEWS,E01008407,Newcastle upon Tyne 023B,Investigation complete; no suspect identified
929d65ab99436326b8606554e626ae526f9689c8dc91b5355a90b2366a3e4444,2014-10,Northumbria Police,Northumbria Police,-1.612279,54.947581,On or near RAYLEIGH GROVE,E01008254,Gateshead 010D,Investigation complete; no suspect identified
7fa9c04b01328083f7a67863803e0b5d772e82b4292b3c6b76d299dce4499483,2014-10,Northumbria Police,Northumbria Police,-1.621934,54.968460,On or near WESTMORLAND ROAD,E01033545,Newcastle upon Tyne 024H,Investigation complete; no suspect identified
6653ceda0b0af542506f8650dddc328041b61c8697986ce7e4b3851f54453d02,2014-10,Northumbria Police,Northumbria Police,-1.560897,55.141032,On or near MOORLAND CRESCENT,E01027550,Northumberland 020E,Suspect charged
6653ceda0b0af542506f8650dddc328041b61c8697986ce7e4b3851f54453d02,2014-10,Northumbria Police,Northumbria Police,-1.560897,55.141032,On or near MOORLAND CRESCENT,E01027550,Northumberland 020E,Suspect charged
586ef7c60b07b6667cea3806248a89edc185069a7f39d390bf8022702573a3ee,2014-10,Northumbria Police,Northumbria Police,-1.641119,54.971537,On or near MILL LANE,E01008331,Newcastle upon Tyne 029A,Investigation complete; no suspect identified
369893a1405dd89086a269f6a4bc9d3846395bf85b545445a88546827604d8d0,2014-10,Northumbria Police,Northumbria Police,-1.440716,55.011786,On or near KING STREET,E01008561,North Tyneside 016C,Suspect charged
0dfaf705848673ff4532365241eaee68a071c024753ce5a37f6853c2eb1148f4,2014-10,Northumbria Police,Northumbria Police,-1.655661,54.971687,On or near BARNESBURY ROAD,E01008332,Newcastle upon Tyne 029B,Investigation complete; no suspect identified
d8185d3365c9072b759421c89f6be29e2237d09ccd74493dcfad66fb9420dd29,2014-10,Northumbria Police,Northumbria Police,-1.482607,54.960794,On or near WYE AVENUE,E01008632,South Tyneside 017B,Investigation complete; no suspect identified
8e1e7cc83aa889ef78d2e9cf47a2e8c1200716d7a611601b97bbcb2ec2b3d408,2014-10,Northumbria Police,Northumbria Police,-1.610635,54.967427,On or near Parking Area,E01033545,Newcastle upon Tyne 024H,Investigation complete; no suspect identified
f17f90b305088eb119280fb3300e2a84d66e681ad20b419905e3d1b5a0b65f5a,2014-10,Northumbria Police,Northumbria Police,-1.580489,54.973473,On or near BRINKBURN STREET,E01008304,Newcastle upon Tyne 026C,Investigation complete; no suspect identified
3df4c9f056b5909ce18ec476caa88d3ec0d07ae5a57f8cfbf354353381890293,2014-10,Northumbria Police,Northumbria Police,-1.573310,54.990423,On or near SACKVILLE ROAD,E01008363,Newcastle upon Tyne 012E,Investigation complete; no suspect identified
1842a1f6675c426ff670213fbdc1927fde7e4d3fe929f362bf988a74f455eff3,2014-10,Northumbria Police,Northumbria Police,-1.473364,55.004832,On or near FORD AVENUE,E01008484,North Tyneside 023C,Investigation complete; no suspect identified
a815e5a97a7dbb9ce280bfd6cbc73f1d5bea1e3b68d3b8cc8f0fcd59226c149f,2014-10,Northumbria Police,Northumbria Police,-1.546644,54.976910,On or near MIDDLE STREET EAST,E01008430,Newcastle upon Tyne 020A,Investigation complete; no suspect identified
27f00aaa90a7c4458c22fdfbb338831912104f2ca1c31309f8ccbb24516278ad,2014-10,Northumbria Police,Northumbria Police,-1.584226,54.976182,On or near CLIFFORD STREET,E01008304,Newcastle upon Tyne 026C,Suspect charged
41ba53a244b80b6ce0a4af13de5d80324e55a96f4184d8aa775d5cc93d5471d8,2014-10,Northumbria Police,Northumbria Police,-1.579404,54.987551,On or near COQUET TERRACE,E01008365,Newcastle upon Tyne 012F,Investigation complete; no suspect identified
e019640ff6b55614415cb135092d01d3d1840ec4c95d3b4f519fa2082d9ec2c5,2014-10,Northumbria Police,Northumbria Police,-1.454567,54.929048,On or near BLACKWOOD ROAD,E01008838,Sunderland 003C,Suspect charged
e019640ff6b55614415cb135092d01d3d1840ec4c95d3b4f519fa2082d9ec2c5,2014-10,Northumbria Police,Northumbria Police,-1.454567,54.929048,On or near BLACKWOOD ROAD,E01008838,Sunderland 003C,Suspect charged
63350fd6a656b686709a324d5afefed71f4b25bce055fcd24b8ed7a643cb61fc,2014-10,Northumbria Police,Northumbria Police,-1.424901,54.894098,On or near SOUTHMAYNE ROAD,E01008758,Sunderland 015B,Investigation complete; no suspect identified
22121a3a90c9091d1ced3cbcc680bba26d576242d870a47634bf2ef763f98954,2014-10,Northumbria Police,Northumbria Police,-1.525269,55.072397,On or near Supermarket,E01027432,Northumberland 032A,Investigation complete; no suspect identified
5a029decbeed36c8fe019203ea17a40380d243c4460e8f0f2559fc322540a867,2014-10,Northumbria Police,Northumbria Police,-1.536580,55.020537,On or near Supermarket,E01008501,North Tyneside 018D,Investigation complete; no suspect identified
72014a8475a84878a47e132ad139237ad69d62001a615eb28eb3238c325df0a8,2014-10,Northumbria Police,Northumbria Police,-1.678014,54.948429,On or near KINGSLEY PLACE,E01008265,Gateshead 009D,Suspect charged
4247a4a4b0e922e0693f735fef36f8360967d4cf8188c35593df6143750b132c,2014-10,Northumbria Police,Northumbria Police,-1.700434,55.401009,On or near Sports/Recreation Area,E01027358,Northumberland 005A,Investigation complete; no suspect identified
a4ea6ec386dd5e8b45a0083012f990e47ae876f0e19abc02dc896ea33f47f1f3,2014-10,Northumbria Police,Northumbria Police,-1.610635,54.967427,On or near Parking Area,E01033545,Newcastle upon Tyne 024H,Investigation complete; no suspect identified
0b704520aebe77394c8da3950b139139e8e41fd0cc76c460c34722e097ee6aa9,2014-10,Northumbria Police,Northumbria Police,-1.578982,54.983065,On or near SECOND AVENUE,E01008362,Newcastle upon Tyne 018E,Investigation complete; no suspect identified
99450c31fcc9b4f4173286e0bac0d89a8e3d254e26bc00b8d5ad32351a99f002,2014-10,Northumbria Police,Northumbria Police,-1.517078,54.963101,On or near BERESFORD AVENUE,E01008643,South Tyneside 015A,Investigation complete; no suspect identified
a50e6901c304c9c6f91812d019d9746ca473c6a5590d5b1c9b2f57f7bc0a51a6,2014-10,Northumbria Police,Northumbria Police,-1.490776,54.980473,On or near Further/Higher Educational Building,E01008604,South Tyneside 007B,Suspect charged
a50e6901c304c9c6f91812d019d9746ca473c6a5590d5b1c9b2f57f7bc0a51a6,2014-10,Northumbria Police,Northumbria Police,-1.490776,54.980473,On or near Further/Higher Educational Building,E01008604,South Tyneside 007B,Suspect charged
597d93e31c462104f81263a7b3368b705dbef1627f9512bb3438e4d9370f67af,2014-10,Northumbria Police,Northumbria Police,-1.525191,54.992986,On or near WESTMORELAND STREET,E01008572,North Tyneside 029A,Investigation complete; no suspect identified
d7fc8aa5f7a38ed395971cb91b06763962ad44aca64929c20986707c5f28c049,2014-10,Northumbria Police,Northumbria Police,-1.687098,54.998955,On or near Petrol Station,E01008445,Newcastle upon Tyne 031D,Investigation complete; no suspect identified
6a98d6a71d1ec778a430484e409a230b99e404f6e7efcae7dba682f3900ce933,2014-10,Northumbria Police,Northumbria Police,-1.405234,54.896637,On or near MOUNT GROVE,E01008833,Sunderland 018D,Investigation complete; no suspect identified
0b92a0540c7ad90deb43c0a4151624accdb61329b9d6ea7bdb0ba130f23c6ab5,2014-10,Northumbria Police,Northumbria Police,-1.372190,54.952968,On or near WELLANDS COURT,E01008686,South Tyneside 018D,Suspect charged
b6e91a592110545d7d86df96039dd7a382920f784f9465220cd6d365e65d97a0,2014-10,Northumbria Police,Northumbria Police,-1.614445,54.974044,On or near BLACKETT STREET,E01008397,Newcastle upon Tyne 024C,Investigation complete; no suspect identified
1f3414d1689cf90ef1e792638df566be1ad6a18f4983612546f4c95d9871750d,2014-10,Northumbria Police,Northumbria Police,-1.427915,54.874989,On or near ANTHONY ROAD,E01008777,Sunderland 026C,Investigation complete; no suspect identified
a457478563854cdb61d1ba4e111c7449d49d4e86cb1cc4683d392c4fcbce2947,2014-10,Northumbria Police,Northumbria Police,-1.618315,54.972879,On or near Supermarket,E01033543,Newcastle upon Tyne 024G,Offender given a caution
37c74552a5982e32d8408cd95dd855c34dbead8e991263693bb55bb243bba87e,2014-10,Northumbria Police,Northumbria Police,-1.633038,54.975575,On or near STANHOPE STREET,E01008399,Newcastle upon Tyne 024D,Investigation complete; no suspect identified
d55ca11616ad7f29b9d5d2df231eca2e49e2d71209c7b8c33ce480e9f51211e8,2014-10,Northumbria Police,Northumbria Police,-1.573651,54.970070,On or near KIRK STREET,E01008305,Newcastle upon Tyne 026D,Investigation complete; no suspect identified
1651361a8680588cbc2592707d4b6b4179e31d929213326bd8f6fd969c76e7a4,2014-10,Northumbria Police,Northumbria Police,-1.541984,55.165180,On or near LINKS VIEW,E01033716,Northumberland 013F,Offender given penalty notice
86dee405041a931a65db6d41bae0aa160e24df7252b588586e18167c3b3729ff,2014-10,Northumbria Police,Northumbria Police,-1.593796,54.950495,On or near NEWMAN PLACE,E01008203,Gateshead 028B,Investigation complete; no suspect identified
610b937bdf7bfa211df9aa45a7d863addc7b38a2e2aff75f0d78e6868af92d7f,2014-10,Northumbria Police,Northumbria Police,-1.683783,55.168011,On or near WELLWOOD GARDENS,E01027452,Northumberland 016A,Investigation complete; no suspect identified
610b937bdf7bfa211df9aa45a7d863addc7b38a2e2aff75f0d78e6868af92d7f,2014-10,Northumbria Police,Northumbria Police,-1.683783,55.168011,On or near WELLWOOD GARDENS,E01027452,Northumberland 016A,Offender given a caution
8dacc2f968cb5a7404adcf74bc47d12190b7cdb0b633e629ff663e200bb0c147,2014-10,Northumbria Police,Northumbria Police,-1.449536,55.006057,On or near STANLEY STREET WEST,E01008544,North Tyneside 027D,Investigation complete; no suspect identified
3225f39142897867dfce458064276c0f04c221446525773998a9c63dd154b86c,2014-10,Northumbria Police,Northumbria Police,-1.366221,54.870819,On or near ROSELEA AVENUE,E01008766,Sunderland 028C,Investigation complete; no suspect identified
d3974068b5ec45b3943969e2214e44b35b8c7b9869a9541c052e275ff16a362f,2014-10,Northumbria Police,Northumbria Police,-1.407739,54.900145,On or near GRETA TERRACE,E01008833,Sunderland 018D,Investigation complete; no suspect identified
15bbfe46afb82bf89cef9c4cd4fa42cccaa2c65c077e43f209a226acb5556cc5,2014-10,Northumbria Police,Northumbria Police,-1.515929,55.032722,On or near HEATHFIELD,E01032648,North Tyneside 011F,Suspect charged
7f150050bc10daf47aab5342f2359acfe58eb07df834b3a0ad0bf5e6709e4108,2014-10,Northumbria Police,Northumbria Police,-1.402941,54.919856,On or near SUNDERLAND ROAD,E01033075,Sunderland 005G,Investigation complete; no suspect identified
49d0e468a2d5e486bfda549cee4a871a6b45d9328552c88a9589534f582d0c3f,2014-10,Northumbria Police,Northumbria Police,-1.375672,54.902581,On or near NORTHCOTE AVENUE,E01008836,Sunderland 016F,Investigation complete; no suspect identified
d387bf346c496ffb37ae26e8953e92d78c1230b086bb0eef4e1839b9ac0f271b,2014-10,Northumbria Police,Northumbria Police,-1.378080,54.905209,On or near FOYLE STREET,E01008703,Sunderland 013B,Investigation complete; no suspect identified
b470757dfaeeae789476eda1adb5cc674339c9904887f386fb206f8d7b41e703,2014-10,Northumbria Police,Northumbria Police,-1.750922,55.001673,On or near A69,E01008443,Newcastle upon Tyne 014G,Investigation complete; no suspect identified
ff0b69cd18c1ec57c08d687f6d0e6e731c10ff08ffee68be6441aac86ac07a25,2014-10,Northumbria Police,Northumbria Police,-1.620821,54.968906,On or near FORTH PLACE,E01033545,Newcastle upon Tyne 024H,Investigation complete; no suspect identified
d12113c9527475b7bf6679b2b7ce944db59ebe60d5bd90138af6ad0af8776b53,2014-10,Northumbria Police,Northumbria Police,-1.381338,54.902224,On or near BURDON ROAD,E01008831,Sunderland 013D,Investigation complete; no suspect identified
4d5fb1e8615c0cdf30ea2d74845a5c8b988d6945e1ab2f52a05a657fad6821d3,2014-10,Northumbria Police,Northumbria Police,-1.451422,54.962931,On or near CHAUCER AVENUE,E01008607,South Tyneside 016D,Investigation complete; no suspect identified
15e2fd516a55f0def26f2639ff1081f69f06d401c626031d35ebd9ee1b8a200e,2014-10,Northumbria Police,Northumbria Police,-1.613189,54.969906,On or near COLLINGWOOD STREET,E01033545,Newcastle upon Tyne 024H,Investigation complete; no suspect identified
86358b30fb2b47f8ae058fca6d8ce0ffb3730040c623355e3cc715bd31ab69a9,2014-10,Northumbria Police,Northumbria Police,-1.379421,54.931573,On or near DENHAM AVENUE,E01008726,Sunderland 001D,Investigation complete; no suspect identified
440b11ed5218a5a96ec8ee7cbeae1f7f07e39ce2de8032c816e9fa05ea30f528,2014-10,Northumbria Police,Northumbria Police,-1.578611,55.317874,On or near A1068,E01027362,Northumberland 006B,Investigation complete; no suspect identified
b5324fe903594b38fdef4da7bb5507a2106e206d8a54d2345af35038f8ab16ce,2014-10,Northumbria Police,Northumbria Police,-1.367932,54.924819,On or near RAVINE TERRACE,E01008792,Sunderland 002E,Investigation complete; no suspect identified
9a9008c3a1d1a566fc4c6d24764bb6a958a2777521196d54ddbee1c1353e7a4f,2014-10,Northumbria Police,Northumbria Police,-1.597109,54.925147,On or near TORQUAY GARDENS,E01008194,Gateshead 020B,Investigation complete; no suspect identified
a04837f1f6faaaa2a99b708575cb9e5d2ac612b0182dea23d02c88473eb102f5,2014-10,Northumbria Police,Northumbria Police,-1.364035,54.882023,On or near RYHOPE ROAD,E01008779,Sunderland 024C,Suspect charged as part of another case
dd1d7b6c95758221774bb34bbe74ad2d2cbbe6ca5b5aca980f5ef05bc9d842bf,2014-10,Northumbria Police,Northumbria Police,-1.579259,54.985007,On or near MELDON TERRACE,E01008359,Newcastle upon Tyne 018B,Investigation complete; no suspect identified
fb4fe1ec12277a49c17d16dba552bcbb2c0983d19198b1ec330b7f03662573f7,2014-10,Northumbria Police,Northumbria Police,-1.450014,54.944808,On or near SHEPHERDS WAY,E01008615,South Tyneside 023B,Investigation complete; no suspect identified
841a91c88543c7953736465bdcd6bbdb50540f61e6f801734142702f6c24cd3b,2014-10,Northumbria Police,Northumbria Police,-1.512853,54.961170,On or near MELROSE AVENUE,E01008645,South Tyneside 015C,Investigation complete; no suspect identified
a210e17e081e4346788b5ede7be53ccd9b1b37394106c9ae1373ca74f66a5ed0,2014-10,Northumbria Police,Northumbria Police,-1.584037,54.918786,On or near WAVERLEY ROAD,E01008224,Gateshead 025C,Investigation complete; no suspect identified
0618274080502a5223d1f841eaf4ec262029b43f9a20b7327f7f80f7c2a76f02,2014-10,Northumbria Police,Northumbria Police,-1.593990,54.948330,On or near LYNNHOLME GARDENS,E01008205,Gateshead 028C,Investigation complete; no suspect identified
01f054a17e137ba1b394ad3c4dd4be44cfe5524821b1f4350ea4abc4e679e819,2014-10,Northumbria Police,Northumbria Police,-1.604018,54.960450,On or near REGENT TERRACE,E01008168,Gateshead 027D,Investigation complete; no suspect identified
81c8deb41f5deab5521de4ae50b9cf65ec68844d21435d381468ce41a12208fb,2014-10,Northumbria Police,Northumbria Police,-1.568296,55.083350,On or near SEA VIEW PARK,E01027395,Northumberland 028A,Suspect charged
7ed17db2dc3c5337386605cf152121914daaaff8a560911bb1247c3e27c5b776,2014-10,Northumbria Police,Northumbria Police,-1.580489,54.973473,On or near BRINKBURN STREET,E01008304,Newcastle upon Tyne 026C,Investigation complete; no suspect identified
604268b5c5d4b07940150bd82c3c6e1009ab85b320cb2c23c08a273f6fc65bfe,2014-10,Northumbria Police,Northumbria Police,-1.577801,55.333336,On or near Police Station,E01027363,Northumberland 006C,Investigation complete; no suspect identified
9de55e193dfa7205bd6dd99e46636a0f02f314de02c256c8eaef738c1826df87,2014-10,Northumbria Police,Northumbria Police,-1.629657,55.017045,On or near Sports/Recreation Area,E01008352,Newcastle upon Tyne 002C,Investigation complete; no suspect identified
7077ab03a96a3e799387926f2f513b0844e490b9992bc113cced1e3e04df77dd,2014-10,Northumbria Police,Northumbria Police,-1.590441,54.988748,On or near BENTON BANK,E01008366,Newcastle upon Tyne 013A,Investigation complete; no suspect identified
ab6019f902e3ab02eccf165af0b8bc224eecf0ed6ba2ff7c6b7e1c389b29eb27,2014-10,Northumbria Police,Northumbria Police,-1.565816,54.976684,On or near GRACE STREET,E01008392,Newcastle upon Tyne 026F,Investigation complete; no suspect identified
d184e2684c7cf682ca1d95a56cf971279ac1b3d75d4121294118d2aff796bd55,2014-10,Northumbria Police,Northumbria Police,-1.423104,54.863796,On or near MELTHAM DRIVE,E01008808,Sunderland 029E,Investigation complete; no suspect identified
e59de98b48b2a54e69c56cf70132be6cb68cb7181be5f53f26582d80a9c056f3,2014-10,Northumbria Police,Northumbria Police,-1.434635,54.986102,On or near EGLESFIELD ROAD,E01008664,South Tyneside 002A,Investigation complete; no suspect identified
e0d6931cf396a7700e7bb6dfff9f9ec897fb487ae7f2279ce399e67db399082d,2014-10,Northumbria Police,Northumbria Police,-1.522200,54.969700,On or near Petrol Station,E01008642,South Tyneside 010D,Suspect charged
5e2e7e28b39e0c685132b5f3d0426cb0bb21c42a614f26dc37e1f860fd52a0c5,2014-10,Northumbria Police,Northumbria Police,-1.512453,55.126991,On or near Parking Area,E01027415,Northumberland 023B,Investigation complete; no suspect identified
abc7d57dcd217075696dec57a62e25da1094c67b1598e82335aafcf38d210b4b,2014-10,Northumbria Police,Northumbria Police,-1.432302,54.986423,On or near BEAUFRONT TERRACE,E01008664,South Tyneside 002A,Suspect charged
5236578d3502e2fa37f24d1dadf6cdb44ec7d96556bc6726ffa51278f40f5c13,2014-10,Northumbria Police,Northumbria Police,-1.470724,55.014140,On or near MOWBRAY ROAD,E01008486,North Tyneside 020A,Offender given a caution
d7f1f83c2c80c53576dde29c53048c91b8c640f6fc8bcba66d1e852397155aa3,2014-10,Northumbria Police,Northumbria Police,-1.437634,54.970551,On or near LANE CORNER,E01008594,South Tyneside 011D,Investigation complete; no suspect identified
4e61aff125d405e1d6d26bea2d34ce944830608afc9b340002e5001609f467c4,2014-10,Northumbria Police,Northumbria Police,-1.482779,54.982649,On or near FRIAR WAY,E01008604,South Tyneside 007B,Investigation complete; no suspect identified
9130c102c3db21f09f7b7a4a43059ed1255a24ed26c09efdb99cc21de51cd14b,2014-10,Northumbria Police,Northumbria Police,-1.468171,55.015602,On or near Supermarket,E01008526,North Tyneside 020C,Investigation complete; no suspect identified
eecce8d945dc8a3e5bf98f0d10ead4c70b46f6f90265752e0577e43da136a41d,2014-10,Northumbria Police,Northumbria Police,-1.462758,54.970117,On or near HENDERSON ROAD,E01008601,South Tyneside 012A,Investigation complete; no suspect identified
38ee33366838fafbf2e3e4188e800b459e469de40f98cd23abd429b33363209a,2014-10,Northumbria Police,Northumbria Police,-1.601912,55.056605,On or near GREEN CRESCENT,E01008583,North Tyneside 002E,Investigation complete; no suspect identified
363703986cf88debd9686a8f30e0bbca608c7abf624c705f5ba27fce554748b3,2014-10,Northumbria Police,Northumbria Police,-1.414148,54.898019,On or near EASTFIELD STREET,E01008759,Sunderland 015C,Suspect charged as part of another case
30f80509a791d4331813fcb95efce79f3894ffdda05f35f3cbc30e0731d60f96,2014-10,Northumbria Police,Northumbria Police,-1.611983,54.973470,On or near HOOD STREET,E01033543,Newcastle upon Tyne 024G,Suspect charged
cc633667bb8b12868a2985a1635f8d17508d0265e164304b272b5fb463d918b5,2014-10,Northumbria Police,Northumbria Police,-1.458461,55.013223,On or near APPLEBY PARK,E01008530,North Tyneside 020D,Investigation complete; no suspect identified
fff85d17473e22cd743378f7648e83cf251b315819d6e355766b9719a49ca4fa,2014-10,Northumbria Police,Northumbria Police,-1.497967,54.842256,On or near BLUMER STREET,E01008755,Sunderland 033E,Investigation complete; no suspect identified
67cb3a0291329a23c2023c754e3a331559cd3d86db0a57876aba576df193b74f,2014-10,Northumbria Police,Northumbria Police,-1.590977,54.920579,On or near Petrol Station,E01008190,Gateshead 023B,Investigation complete; no suspect identified
91ec95fcf438b7cfa13cfad8aede135c98fab6002592b7e9955729b54525a67e,2014-10,Northumbria Police,Northumbria Police,-1.441926,54.868180,On or near MEADOW LANE,E01008775,Sunderland 029C,Investigation complete; no suspect identified
8bc0957d24e9e18649bf36f803c63df5fe7eee62d901a24760b6fc995cfe3304,2014-10,Northumbria Police,Northumbria Police,-1.666382,54.974979,On or near LISMORE PLACE,E01008289,Newcastle upon Tyne 027B,Investigation complete; no suspect identified
7e13c09677cea63caf321701d8b10fc7bc6c3fe073ee9f6ad2fd8c8531bb4cc2,2014-10,Northumbria Police,Northumbria Police,-1.470222,55.008305,On or near OSWIN TERRACE,E01008481,North Tyneside 023A,Investigation complete; no suspect identified
68ea1f85127ad0e10c8ba29e992d50de9067d74422f44172c0c0bb805105dd81,2014-10,Northumbria Police,Northumbria Police,-1.527336,54.978032,On or near PRINCE CONSORT ROAD,E01008638,South Tyneside 010A,Offender given a caution
68a31cd5afd2bcc0c36f3406e1ce946a6f4cc045e6bd54a2af50f42790e1df82,2014-10,Northumbria Police,Northumbria Police,-1.402941,54.919856,On or near SUNDERLAND ROAD,E01033075,Sunderland 005G,Suspect charged
68a31cd5afd2bcc0c36f3406e1ce946a6f4cc045e6bd54a2af50f42790e1df82,2014-10,Northumbria Police,Northumbria Police,-1.402941,54.919856,On or near SUNDERLAND ROAD,E01033075,Sunderland 005G,Suspect charged
22e166c6cf80d791d238b8033c8e664b9fea129e355efbc07ea7d40269ca5bff,2014-10,Northumbria Police,Northumbria Police,-1.549595,55.144495,On or near HAVELOCK CRESCENT,E01027552,Northumberland 020G,Investigation complete; no suspect identified
8411db5673171ffc49b8fe63a868de8967744049c2834efec90f6010de0ab961,2014-10,Northumbria Police,Northumbria Police,-1.451109,54.904491,On or near VIOLET STREET,E01008811,Sunderland 014B,Suspect charged as part of another case
d055d1b227f180aaebad47301405ef7565714fc479d82085b54175b9269cee00,2014-10,Northumbria Police,Northumbria Police,-1.596563,54.992246,On or near THE GROVE,E01008366,Newcastle upon Tyne 013A,Investigation complete; no suspect identified
b324975fa77bd60f485680e124f7f31d7c40c6f310b89a58e7455a6f66705fb8,2014-10,Northumbria Police,Northumbria Police,-1.377924,54.904219,On or near TAVISTOCK PLACE,E01008836,Sunderland 016F,Suspect charged
d2a560e22db92bcd409702dfff8d15bca4f88d014b75bb08c60888e44e6acd41,2014-10,Northumbria Police,Northumbria Police,-1.385669,54.895344,On or near WEST LAWN,E01008735,Sunderland 016B,Investigation complete; no suspect identified
49bc83cf0377f9090626ac12a246e32bcc040a50fe7d9b408c6b28a27a5a735b,2014-10,Northumbria Police,Northumbria Police,-1.385155,54.906557,On or near Supermarket,E01008703,Sunderland 013B,Investigation complete; no suspect identified
10a073253e6432ea46058f142175f1d110381da3ef22df2e0af65fadc17568e0,2014-10,Northumbria Police,Northumbria Police,-1.633983,54.943784,On or near CHILTERN GARDENS,E01008260,Gateshead 019B,Investigation complete; no suspect identified
b369c1b002c3a2211a730eef0d85ed9f833bcb36eaf9b5dd1945a56446a1b450,2014-10,Northumbria Police,Northumbria Police,-1.419756,54.986229,On or near Further/Higher Educational Building,E01008673,South Tyneside 003A,Investigation complete; no suspect identified
00bfccf6c53f910fddf8665ee4782efeda2c8d2edd80c897143c7002f23acc65,2014-10,Northumbria Police,Northumbria Police,-1.691267,54.977237,On or near DORSET ROAD,E01008415,Newcastle upon Tyne 025B,Investigation complete; no suspect identified
bf76243fdc47dbba3797a89cec41da6ffaf1fbae85a47de4029b3ba22af19239,2014-10,Northumbria Police,Northumbria Police,-1.581478,55.085651,On or near EAST VIEW AVENUE,E01027409,Northumberland 029B,Investigation complete; no suspect identified
e3871e75f1f6b54edf79f6e11ee397da9c21e3da5efa0f5ce0308a52172e6f43,2014-10,Northumbria Police,Northumbria Police,-1.574939,54.966445,On or near DOBSON CRESCENT,E01008301,Newcastle upon Tyne 026A,Investigation complete; no suspect identified
9beae7e4a828836e49ae1ce17603b33038e008bbc0aad3770e090049c82d2ffc,2014-10,Northumbria Police,Northumbria Police,-1.551427,54.898091,On or near FEATHERSTONE,E01008868,Sunderland 020B,Investigation complete; no suspect identified
a1d92a1f1bbbd965f4de994793f2a4708aa3cec0aed5d3c4a24306ebe6bd6080,2014-10,Northumbria Police,Northumbria Police,-1.712159,55.037918,On or near Parking Area,E01008458,Newcastle upon Tyne 004D,Investigation complete; no suspect identified
a626421ed5519c2810868cd68439ec7a4e8e5fa6fd66f1dc24dd0762f7fcd608,2014-10,Northumbria Police,Northumbria Police,-1.576942,54.934802,On or near HEDGEHOPE,E01008221,Gateshead 021C,Investigation complete; no suspect identified
ef370bd2cc171ee1ae302e9b3a0870ac389b63b2aef7c4ba42b1adb583124cfc,2014-10,Northumbria Police,Northumbria Police,-1.577274,54.943322,On or near ST ALBAN'S PLACE,E01008228,Gateshead 012D,Investigation complete; no suspect identified
32bb33a411958c6c9e576c185cc2e1a671fe339beb3c11339baca16bdc6cbcf3,2014-10,Northumbria Police,Northumbria Police,-1.445804,55.009113,On or near Shopping Area,E01008524,North Tyneside 022B,Offender given a caution
83929be0cf6cb1bec1f5568db04c2d7e241bea8a26fc6a25a0240994d6b1ef62,2014-10,Northumbria Police,Northumbria Police,-1.599166,54.936459,On or near ELDER GROVE,E01008239,Gateshead 020D,Investigation complete; no suspect identified
5b31472d1e14d848a11723abcdab66a53094368602f6df844772c3f57a4cceed,2014-10,Northumbria Police,Northumbria Police,-1.534319,54.902421,On or near Parking Area,E01008844,Sunderland 019B,Suspect charged as part of another case
7ef60db8c39aa5f9632ae8d78e8ef97684d46fbfa1412e4ea1fc0b4061d560d0,2014-10,Northumbria Police,Northumbria Police,-1.434798,54.889885,On or near GOOLE ROAD,E01008732,Sunderland 021D,Local resolution
32f86d57c23f4d9ae8d66fe96ffc7d23f3c317941aa980a521f1f0313b187178,2014-10,Northumbria Police,Northumbria Police,-1.381452,54.909072,On or near BRIDGE CRESCENT,E01008703,Sunderland 013B,Investigation complete; no suspect identified
93d9803e998bb4fb32959c96352589f8de3f4aa717b1f7e90da581239656410a,2014-10,Northumbria Police,Northumbria Police,-1.501811,54.865178,On or near GAINSBOROUGH CRESCENT,E01008795,Sunderland 030B,Investigation complete; no suspect identified
17b4ca591a988b8e099877ead31f762ab1ddfa1654817ecf8d8139da36c3dc14,2014-10,Northumbria Police,Northumbria Police,-1.382451,54.906974,On or near STATION STREET,E01008703,Sunderland 013B,Investigation complete; no suspect identified
0da38ace512903a787a2d44b4ab485e95c5d5bf15b91040407ea61bbae38e566,2014-10,Northumbria Police,Northumbria Police,-1.506226,54.969231,On or near CONISTON AVENUE,E01008656,South Tyneside 015E,Investigation complete; no suspect identified
0a6c3566e55af0c8fd116c9e11c0e08d0dbf90dafca91a1e5957dd5dc181d46d,2014-10,Northumbria Police,Northumbria Police,-1.564001,55.040381,On or near Pedestrian Subway,E01008504,North Tyneside 002C,Suspect charged
0580cfe95f2f5a30e669401136938c47d5c2a528aac3642c3bfba5663c9909c2,2014-10,Northumbria Police,Northumbria Police,-1.664457,54.986584,On or near HEATHERSLAW ROAD,E01008451,Newcastle upon Tyne 016C,Investigation complete; no suspect identified
0c47f6515b29f46f8d3b199062a0b99a85e4a6ee2a0c7779c07edaa9ed52d81a,2014-10,Northumbria Police,Northumbria Police,-1.649759,54.973225,On or near WESTERN AVENUE,E01008333,Newcastle upon Tyne 029C,Investigation complete; no suspect identified
dbc6e65719d9158794511cf95a04d56fcee3cdee4a337d7d7e0d13bec0badf56,2014-10,Northumbria Police,Northumbria Police,-1.753370,54.918474,On or near WINGROVE,E01008184,Gateshead 022A,Investigation complete; no suspect identified
0baeac9b75952f9c8cd44aa6102b609b2827d646b25e1392ca1e24ff3c429833,2014-10,Northumbria Police,Northumbria Police,-1.461333,54.834829,On or near LINGFIELD,E01008716,Sunderland 034C,Investigation complete; no suspect identified
be75d599f7dc63c5347cd8b8040bb5c3b7dff0a22a52c18b082685b0b946900f,2014-10,Northumbria Police,Northumbria Police,-1.359730,54.870381,On or near BYONY TOFT,E01008769,Sunderland 028E,Investigation complete; no suspect identified
eebce16624d4b44d793f0ce20810a24dfe0a52af3ea94ce9eb4b08f9ecce99c6,2014-10,Northumbria Police,Northumbria Police,-1.686676,54.980982,On or near DUCHESS DRIVE,E01008416,Newcastle upon Tyne 025C,Investigation complete; no suspect identified
b065154e03a8371f4f6ad5daf7e35d69e76b555647cb7482836561118c7cc92f,2014-10,Northumbria Police,Northumbria Police,-1.654458,54.973616,On or near HAMPSTEAD ROAD,E01008332,Newcastle upon Tyne 029B,Investigation complete; no suspect identified
b47544f50d2d08a5e128c47edb388b73605acd0729bf6e21f3d6ff6f4eb18d7e,2014-10,Northumbria Police,Northumbria Police,-1.434798,54.889885,On or near GOOLE ROAD,E01008732,Sunderland 021D,Local resolution
9043dd814b46c6347d4b7bececd1720595f4b517a3785fafe639f3a8bd4f80b7,2014-10,Northumbria Police,Northumbria Police,-1.684668,54.954045,On or near BREWERY BANK,E01008262,Gateshead 009A,Investigation complete; no suspect identified
431f29c91b92c9fd89e3b2f4e959f48d53f6c2b4a42bdb5ef242d2aa7717fd5f,2014-10,Northumbria Police,Northumbria Police,-1.549332,54.933525,On or near CLAYPATH,E01008285,Gateshead 018E,Suspect charged
431f29c91b92c9fd89e3b2f4e959f48d53f6c2b4a42bdb5ef242d2aa7717fd5f,2014-10,Northumbria Police,Northumbria Police,-1.549332,54.933525,On or near CLAYPATH,E01008285,Gateshead 018E,Suspect charged
431f29c91b92c9fd89e3b2f4e959f48d53f6c2b4a42bdb5ef242d2aa7717fd5f,2014-10,Northumbria Police,Northumbria Police,-1.549332,54.933525,On or near CLAYPATH,E01008285,Gateshead 018E,Suspect charged
431f29c91b92c9fd89e3b2f4e959f48d53f6c2b4a42bdb5ef242d2aa7717fd5f,2014-10,Northumbria Police,Northumbria Police,-1.549332,54.933525,On or near CLAYPATH,E01008285,Gateshead 018E,Suspect charged
431f29c91b92c9fd89e3b2f4e959f48d53f6c2b4a42bdb5ef242d2aa7717fd5f,2014-10,Northumbria Police,Northumbria Police,-1.549332,54.933525,On or near CLAYPATH,E01008285,Gateshead 018E,Suspect charged
431f29c91b92c9fd89e3b2f4e959f48d53f6c2b4a42bdb5ef242d2aa7717fd5f,2014-10,Northumbria Police,Northumbria Police,-1.549332,54.933525,On or near CLAYPATH,E01008285,Gateshead 018E,Suspect charged
431f29c91b92c9fd89e3b2f4e959f48d53f6c2b4a42bdb5ef242d2aa7717fd5f,2014-10,Northumbria Police,Northumbria Police,-1.549332,54.933525,On or near CLAYPATH,E01008285,Gateshead 018E,Suspect charged
431f29c91b92c9fd89e3b2f4e959f48d53f6c2b4a42bdb5ef242d2aa7717fd5f,2014-10,Northumbria Police,Northumbria Police,-1.549332,54.933525,On or near CLAYPATH,E01008285,Gateshead 018E,Suspect charged
fe6c81d6fbde64368cb65cf962db2a93977b7f11b8badd72171f98a1416dbfcd,2014-10,Northumbria Police,Northumbria Police,-1.716215,54.964322,On or near LYNWOOD AVENUE,E01008177,Gateshead 005A,Investigation complete; no suspect identified
dbd7176372952ceef7a03eb8cc578306146a0bec7555ca76b3ac42714c245e7a,2014-10,Northumbria Police,Northumbria Police,-1.674337,54.939738,On or near CORNMOOR ROAD,E01008267,Gateshead 017A,Investigation complete; no suspect identified
ea93cf9b061b301ebd68516c7fd21a38aa32a4ebac29862f74c99b6ad37d104f,2014-10,Northumbria Police,Northumbria Police,-1.668623,55.000650,On or near RAWLSTON WAY,E01008296,Newcastle upon Tyne 011A,Investigation complete; no suspect identified
f309b1199ff34b2983539aafe542ff8590826eb4d3122449422a1eff940bc5aa,2014-10,Northumbria Police,Northumbria Police,-1.461768,55.020858,On or near BEACH ROAD,E01008526,North Tyneside 020C,Investigation complete; no suspect identified
a33ec56f604f0879f5334377bfef7d10a0f0396f1f28e73079e4169a05280b3d,2014-10,Northumbria Police,Northumbria Police,-1.580218,55.134190,On or near WOOD LANE,E01027519,Northumberland 020D,Suspect charged
73a665946420fc514b83598df1a9c99c86285b752632a6958176edcd69863f3d,2014-10,Northumbria Police,Northumbria Police,-1.572595,54.969510,On or near JANET STREET,E01008301,Newcastle upon Tyne 026A,Suspect charged
73a665946420fc514b83598df1a9c99c86285b752632a6958176edcd69863f3d,2014-10,Northumbria Police,Northumbria Police,-1.572595,54.969510,On or near JANET STREET,E01008301,Newcastle upon Tyne 026A,Suspect charged
73a665946420fc514b83598df1a9c99c86285b752632a6958176edcd69863f3d,2014-10,Northumbria Police,Northumbria Police,-1.572595,54.969510,On or near JANET STREET,E01008301,Newcastle upon Tyne 026A,Suspect charged
73a665946420fc514b83598df1a9c99c86285b752632a6958176edcd69863f3d,2014-10,Northumbria Police,Northumbria Police,-1.572595,54.969510,On or near JANET STREET,E01008301,Newcastle upon Tyne 026A,Suspect charged
ad02fed4fa9b1efe62c3a2f1a1efdee055d6473e8b0c91003000111e274ccbf7,2014-10,Northumbria Police,Northumbria Police,-1.445281,55.045856,On or near BROOK STREET,E01008584,North Tyneside 006A,Investigation complete; no suspect identified
83fdb3e8dfce40934cda48bee227f7aa7f0e7fd7976c4e8b382eb4e319da5d47,2014-10,Northumbria Police,Northumbria Police,-1.609740,54.969527,On or near SIDE,E01033543,Newcastle upon Tyne 024G,Investigation complete; no suspect identified
e7964aaeb9832855adebe10a4926640ecb4c7b4dce2d01369661d29decf2e006,2014-10,Northumbria Police,Northumbria Police,-1.461393,55.044140,On or near HARTLEY AVENUE,E01008520,North Tyneside 003A,Investigation complete; no suspect identified
a81b12941f2d879e7198a01e074917f7c1fc0e4df47e8860e63edc8d66080f04,2014-10,Northumbria Police,Northumbria Police,-1.490929,54.959715,On or near Petrol Station,E01008659,South Tyneside 017C,Local resolution
ce3cdfc3e895d34b8b9b780587f7a15b0f0b713b48c666eced2fade4033e1106,2014-10,Northumbria Police,Northumbria Police,-1.473645,54.998858,On or near PERCY CRESCENT,E01008541,North Tyneside 027C,Offender given a caution
2ae86997780e4631a0cab9ddd0e95a91277d3c3636d20140fe7b7163d6e7693d,2014-10,Northumbria Police,Northumbria Police,-1.490929,54.959715,On or near Petrol Station,E01008659,South Tyneside 017C,Offender given a caution
2ae86997780e4631a0cab9ddd0e95a91277d3c3636d20140fe7b7163d6e7693d,2014-10,Northumbria Police,Northumbria Police,-1.490929,54.959715,On or near Petrol Station,E01008659,South Tyneside 017C,Offender given a caution
1c6182d6fffc269ea62ba8418717fab9dd58c8ccbf1552cf2b77c6eebe88c7a9,2014-10,Northumbria Police,Northumbria Police,-1.499164,54.966866,On or near BARNS CLOSE,E01008656,South Tyneside 015E,Investigation complete; no suspect identified
4c5ad977d91af85213493a11b27e558c038e2058cd98bff0a9350e647d95eeaa,2014-10,Northumbria Police,Northumbria Police,-1.609377,54.968276,On or near Nightclub,E01033543,Newcastle upon Tyne 024G,Investigation complete; no suspect identified
edf35b68c3dcca3699c66d5b8918c53fe183ababfc6cc2714136df0a49189daa,2014-10,Northumbria Police,Northumbria Police,-1.403532,54.918942,On or near MOUNT PLEASANT,E01033075,Sunderland 005G,Investigation complete; no suspect identified
fa2d6034e20f7701a1eea96473a600881a2cbc05d1d45d5ea8be3275f5c772d8,2014-10,Northumbria Police,Northumbria Police,-1.523994,55.119138,On or near NEWSHAM ROAD,E01027422,Northumberland 024B,Investigation complete; no suspect identified
b95d3fb7420b5ab54ab7684dc84c3819d1e8f7d6969c59eab9b3ccc4e80c2a48,2014-10,Northumbria Police,Northumbria Police,-1.579259,54.985007,On or near MELDON TERRACE,E01008359,Newcastle upon Tyne 018B,Investigation complete; no suspect identified
2035db25292d077f868748b3a71c4d97a6bad5b595b4d324661f74e2664005b6,2014-10,Northumbria Police,Northumbria Police,-1.413887,54.998620,On or near SEA ROAD,E01008597,South Tyneside 001C,Local resolution
eff18d2d45bfd125432406131347b849fce46e9495782dc10e9a4b10ffd969a2,2014-10,Northumbria Police,Northumbria Police,-2.259062,54.896215,On or near Bus/Coach Station,E01027478,Northumberland 040B,Investigation complete; no suspect identified
48cce3bf829663e5cef652b565287c7d7d974a5f92e1ece3ffe42ecf14bc97fe,2014-10,Northumbria Police,Northumbria Police,-1.563820,55.180850,On or near SECOND AVENUE,E01027546,Northumberland 010E,Investigation complete; no suspect identified
ad5980bfa4e62d4a70fd8b64d05ce91b71f3355984428a5f382ab932bfd4bf36,2014-10,Northumbria Police,Northumbria Police,-1.458350,54.970349,On or near SIMONSIDE HALL,E01008672,South Tyneside 012D,Investigation complete; no suspect identified
1e941890ecd146513672f4f3d8af094b227a39a669450c5e38dad6c2cc411c32,2014-10,Northumbria Police,Northumbria Police,-1.614472,54.971249,On or near BIGG MARKET,E01033543,Newcastle upon Tyne 024G,Investigation complete; no suspect identified
2683132a45a7d76632f6cf6608fb0055a77d6bb1c06aac015acceaafa41c4e3b,2014-10,Northumbria Police,Northumbria Police,-1.571742,55.183098,On or near Shopping Area,E01027529,Northumberland 010B,Suspect charged
b4b15295f4fafc22514b18d04fd7291ecdcdbe7e02c3ee18b8448a3e2b46b816,2014-10,Northumbria Police,Northumbria Police,-1.522778,54.971032,On or near ALFRED STREET,E01008642,South Tyneside 010D,Investigation complete; no suspect identified
01cf7d0f99ae887d0f076460117c7f458f2e28381466b51a00a48f0eced0c9df,2014-10,Northumbria Police,Northumbria Police,-2.098511,54.966337,On or near Park/Open Space,E01027494,Northumberland 035G,Investigation complete; no suspect identified
eb7b1cf07ecc282475cca7c23baa18b19891cf0190afd19a139b1bf66ac47b83,2014-10,Northumbria Police,Northumbria Police,-1.400688,54.907686,On or near WESTBURY STREET,E01008700,Sunderland 013A,Investigation complete; no suspect identified
d57e399ab296653c6488bec92f08cc12255903d61045837d7650170009330de5,2014-10,Northumbria Police,Northumbria Police,-1.597961,54.946214,On or near SUMMERFIELD ROAD,E01008205,Gateshead 028C,Investigation complete; no suspect identified
c56a26bd096b5b088f9973bf7080433950c65a35535ba1d71852db8796476e4c,2014-10,Northumbria Police,Northumbria Police,-1.433790,54.997286,On or near Shopping Area,E01008667,South Tyneside 002D,Offender given a caution
c56a26bd096b5b088f9973bf7080433950c65a35535ba1d71852db8796476e4c,2014-10,Northumbria Police,Northumbria Police,-1.433790,54.997286,On or near Shopping Area,E01008667,South Tyneside 002D,Offender given a caution
9eb3d4826b87f44bcd77e0d27a40b5ae2fd3d34ff56d266603de1edcab6fa226,2014-10,Northumbria Police,Northumbria Police,-1.686107,54.945700,On or near GEORGE STREET,E01008266,Gateshead 009E,Investigation complete; no suspect identified
be84c9169230ea28472ba4a6930a743713057fd06b2ce9b3bdc558a847678d2e,2014-10,Northumbria Police,Northumbria Police,-1.745186,54.969418,On or near HEXHAM OLD ROAD,E01008249,Gateshead 001D,Investigation complete; no suspect identified
cc3f07ab09abd4f028313b0c4958425912a5939cb7922886efc9d2d4c279711f,2014-10,Northumbria Police,Northumbria Police,-1.585999,55.090825,On or near NEWLYN DRIVE,E01027404,Northumberland 028E,Investigation complete; no suspect identified
dc156ff62a187725f54d9655ca2a01e8c2a8caaa71460b8808802c3ed8b998e3,2014-10,Northumbria Police,Northumbria Police,-1.383910,54.904331,On or near HOLMESIDE,E01008703,Sunderland 013B,Suspect charged
f953c168bb88e9c5b128e83647a8c92d80938cfae02474385fdbeac7cf645de4,2014-10,Northumbria Police,Northumbria Police,-1.390787,54.981846,On or near HERTFORD AVENUE,E01008649,South Tyneside 004C,Investigation complete; no suspect identified
f44f8ea90b3ff28e1e53e03573191efe028cb91d48a34a495d0ba6b473dd8916,2014-10,Northumbria Police,Northumbria Police,-1.405355,54.879887,On or near DENE STREET,E01008809,Sunderland 026E,Investigation complete; no suspect identified
add8012ac80feb205fd203dc00f1a54d3ffd87309d7fe30ac80aebb65be53217,2014-10,Northumbria Police,Northumbria Police,-1.583914,55.133214,On or near BELLINGHAM COURT,E01027515,Northumberland 020A,Investigation complete; no suspect identified
1800c1181289db45c798bc975db42eeec5378ff9724e1484b90ab395aa1b6f67,2014-10,Northumbria Police,Northumbria Police,-1.476772,54.849697,On or near HYLTON STREET,E01008753,Sunderland 033D,Suspect charged
7aff24ef9fb77abe849eff685be3f42d9d79a6433479b9c575e713298e02e781,2014-10,Northumbria Police,Northumbria Police,-1.691703,55.400861,On or near Petrol Station,E01027358,Northumberland 005A,Suspect charged as part of another case
e22406644244a1d9d8b6738b3eff4d64920b05368fc0d0769520908cf025bf31,2014-10,Northumbria Police,Northumbria Police,-1.690095,55.167901,On or near Shopping Area,E01027453,Northumberland 016B,Investigation complete; no suspect identified
5de2b798f2ea66760fd5cb88b2b625b219ff58ff57132925b13a28afc421eaa1,2014-10,Northumbria Police,Northumbria Police,-1.844555,54.963232,On or near BROOMHILL ROAD,E01027498,Northumberland 038B,Investigation complete; no suspect identified
f57a99d029f907d76062c1f893f75b452788ae5518551c0fc3d0232f1123c194,2014-10,Northumbria Police,Northumbria Police,-1.682550,54.953365,On or near NAPIER ROAD,E01008262,Gateshead 009A,Suspect charged
b8010f9f68373367eb136869682818558ab7a33ab22ce50eb2ad179ed6c27798,2014-10,Northumbria Police,Northumbria Police,-1.592391,55.127851,On or near MILLFIELD NORTH,E01027514,Northumberland 021A,Investigation complete; no suspect identified
8b14b0c914a28c2ceb625f21161a0397c1af541166d7126b633d1ade5c1ea8eb,2014-10,Northumbria Police,Northumbria Police,-1.608236,55.005296,On or near BALMORAL TERRACE,E01008418,Newcastle upon Tyne 005C,Investigation complete; no suspect identified
a7a95a7ac74fbeb6f173fe8b7847ac1bf484f18306eaf207f42379857b7941c4,2014-10,Northumbria Police,Northumbria Police,-1.449341,55.011160,On or near FRANK PLACE,E01008529,North Tyneside 022D,Investigation complete; no suspect identified
8d487f37c7cd74e691ca61f729630b68071ddc224ddd7ea24af0091fa697d9e4,2014-10,Northumbria Police,Northumbria Police,-1.470174,54.844510,On or near HILLSIDE WAY,E01008754,Sunderland 034F,Investigation complete; no suspect identified
f925e8e7cd618d98e506b34231639115429b0653780321f4b4743ce86213775e,2014-10,Northumbria Police,Northumbria Police,-1.441192,55.010179,On or near PEARSON PLACE,E01008561,North Tyneside 016C,Investigation complete; no suspect identified
9eb273a56a5355a898fcaccf8c0c946fdf5ffaf917eee1bf3d1fffba74ccfc69,2014-10,Northumbria Police,Northumbria Police,-1.579280,55.133836,On or near WARNHEAD ROAD,E01027519,Northumberland 020D,Offender given a caution
907462be52e72bf4798d9c408220f03a7abfdde9fdbe4f106449740622a5939e,2014-10,Northumbria Police,Northumbria Police,-1.600898,55.150712,On or near KINGS PARK,E01027531,Northumberland 017B,Investigation complete; no suspect identified
8adc515d18ea1f61a003b9a764a371c973b677a7fac38af89f56bfb66a8c2cc4,2014-10,Northumbria Police,Northumbria Police,-1.372113,54.895796,On or near CAPULET TERRACE,E01008737,Sunderland 016D,Investigation complete; no suspect identified
81ca43a2fd9d3fe2d5db316af4d5702063489eaa156f91a10ee0a45c099bbaf0,2014-10,Northumbria Police,Northumbria Police,-1.656699,54.974593,On or near STRATHMORE CRESCENT,E01008332,Newcastle upon Tyne 029B,Investigation complete; no suspect identified
68a1feee9c22dca739911760adf846391f1441d3f1d7753c79f0d54756dad33b,2014-10,Northumbria Police,Northumbria Police,-1.653518,54.970252,On or near AXBRIDGE GARDENS,E01008335,Newcastle upon Tyne 029E,Investigation complete; no suspect identified
9109f75c5f75188a2dc40d04cfcbdf16193e4531cdc63a77b329dde8766681b6,2014-10,Northumbria Police,Northumbria Police,-1.636893,54.975973,On or near BEACONSFIELD STREET,E01008396,Newcastle upon Tyne 022B,Offender given a caution
4c0a91e09b99744b35b8deecaec272154bd2b4ee6d6a0c386393665e7ad95e03,2014-10,Northumbria Police,Northumbria Police,-1.444305,54.885562,On or near GOLDSMITH ROAD,E01008734,Sunderland 021F,Investigation complete; no suspect identified
e568339ec70187c6ebee4c9a883ce6282e162aecbc0587410500e19f23fc9aad,2014-10,Northumbria Police,Northumbria Police,-1.641536,54.975627,On or near CROSSLEY TERRACE,E01008449,Newcastle upon Tyne 022D,Investigation complete; no suspect identified
a023012e1f4ecf72f4f2fe4121e9a9403c0c9b789279de78e2421f067e5d1e46,2014-10,Northumbria Police,Northumbria Police,-1.574085,54.979211,On or near MILLERS ROAD,E01008392,Newcastle upon Tyne 026F,Investigation complete; no suspect identified
7df6128543d392d2de68ca5559dd765f8b4bcf5dbcbf7d96f78d9373a3219577,2014-10,Northumbria Police,Northumbria Police,-1.439285,54.806924,On or near DORSET STREET,E01008744,Sunderland 036B,Investigation complete; no suspect identified
d254aeee9cc79122345c0ad735987f9ca966ff2e48e798b3531119afb6a6d998,2014-10,Northumbria Police,Northumbria Police,-1.652215,54.974625,On or near BENWELL GROVE,E01008335,Newcastle upon Tyne 029E,Investigation complete; no suspect identified
7202a7daf60d5e77aceb4f488a3dc4bfc5c40b5afe7191e36c6d388794be70c6,2014-10,Northumbria Police,Northumbria Police,-1.756257,55.060381,On or near Police Station,E01033714,Northumberland 033F,Investigation complete; no suspect identified
47e783032bf3552c382c6e8a40fad133fc6eb96827075181ee563f123a24245f,2014-10,Northumbria Police,Northumbria Police,-1.708829,55.412432,On or near CLAYPORT SQUARE,E01033715,Northumberland 005D,Investigation complete; no suspect identified
b81cd3d8ead10fb0d9a235f649fd4d5496f72c2c70148259afcc86b7b364c262,2014-10,Northumbria Police,Northumbria Police,-1.578619,55.007291,On or near Petrol Station,E01008320,Newcastle upon Tyne 007C,Investigation complete; no suspect identified
64f1fab567deaf3669e0eb1dc1a1aa7ca2e5e51b0af8a90eba0aa2f870e07400,2014-10,Northumbria Police,Northumbria Police,-1.541834,54.902521,On or near STRIDINGEDGE,E01008874,Sunderland 010B,Investigation complete; no suspect identified
917c6215fcbda9679909ccc386cc856dbdc8fd3cd58169e3ec15f2a848c06542,2014-10,Northumbria Police,Northumbria Police,-1.371913,54.925693,On or near PARK GATE,E01008792,Sunderland 002E,Offender given a caution
a7bca877c154676063031166aa0da0284afad08dc1538b69a4badb3a50fb5bd3,2014-10,Northumbria Police,Northumbria Police,-1.551221,54.934871,On or near GLYNFELLIS,E01008285,Gateshead 018E,Investigation complete; no suspect identified
606b289c21864c146a470cb554bc7beed910df7fe0212604cf41c568997e1ee7,2014-10,Northumbria Police,Northumbria Police,-1.593682,54.957109,On or near WORDSWORTH STREET,E01008162,Gateshead 027A,Investigation complete; no suspect identified
606b289c21864c146a470cb554bc7beed910df7fe0212604cf41c568997e1ee7,2014-10,Northumbria Police,Northumbria Police,-1.593682,54.957109,On or near WORDSWORTH STREET,E01008162,Gateshead 027A,Suspect charged
f8dbb299313505fa3022b7cdef611d78a1203ab620edcf22a441b3e35e234adf,2014-10,Northumbria Police,Northumbria Police,-1.684711,55.002409,On or near KIDLANDLEE GREEN,E01008456,Newcastle upon Tyne 004B,Suspect charged
777411d09d94303321268af24513acac2a5769a976c1255abd2c04600fb55972,2014-10,Northumbria Police,Northumbria Police,-1.617241,54.969164,On or near NEVILLE STREET,E01033545,Newcastle upon Tyne 024H,Investigation complete; no suspect identified
44c1669cf11994dbbb6041944911ab8b958a3933c8dc2db5a6383d9634b1a81f,2014-10,Northumbria Police,Northumbria Police,-1.380942,54.916861,On or near Supermarket,E01008787,Sunderland 006B,Investigation complete; no suspect identified
fc53ccaae644f0c8d2ac7bb225f4de2a625595db34510cfe3dccf4fb3d774087,2014-10,Northumbria Police,Northumbria Police,-1.426138,54.960577,On or near HORTON AVENUE,E01008688,South Tyneside 019A,Offender given a caution
3fd1adce406360806bbfa316e15a70d5f5285b44b42ab55771d274a423d632cb,2014-10,Northumbria Police,Northumbria Police,-1.603476,54.956827,On or near PRINCE CONSORT ROAD,E01008168,Gateshead 027D,Suspect charged
5f312b2f4715138bd196bbb36db12ba2a030e33c9c6815431e5fabe084d39d24,2014-10,Northumbria Police,Northumbria Police,-1.903185,55.307868,On or near BEECHCROFT,E01027369,Northumberland 007C,Investigation complete; no suspect identified
2ac128664517e34503dcedeb946740eaef287d9291f74053c58b98cc3731c706,2014-10,Northumbria Police,Northumbria Police,-1.440731,54.808144,On or near BRICK GARTH,E01008744,Sunderland 036B,Offender given a caution
8b6903a25d3170aabc62d92dbd60fbc9ce3e9adf005c0e05ae4a9bbadd261201,2014-10,Northumbria Police,Northumbria Police,-1.586120,54.952995,On or near HUMBER GARDENS,E01008165,Gateshead 011A,Investigation complete; no suspect identified
93d137648a083ccc7496248ba4c76f40bcf0ea4389b18f805e38574b8e9fac97,2014-10,Northumbria Police,Northumbria Police,-1.433790,54.997286,On or near Shopping Area,E01008667,South Tyneside 002D,Investigation complete; no suspect identified
93d137648a083ccc7496248ba4c76f40bcf0ea4389b18f805e38574b8e9fac97,2014-10,Northumbria Police,Northumbria Police,-1.433790,54.997286,On or near Shopping Area,E01008667,South Tyneside 002D,Investigation complete; no suspect identified
2c0d03d0823d1736482a2136476adf1a379379a7a14e962b73c252493064839f,2014-10,Northumbria Police,Northumbria Police,-1.653139,54.972534,On or near FAIRHOLM ROAD,E01008332,Newcastle upon Tyne 029B,Investigation complete; no suspect identified
562b28dcce9daab8c04efa0a09feb3763c807253275cf43909faab2b7ca01c86,2014-10,Northumbria Police,Northumbria Police,-1.617134,54.972264,On or near NEWGATE STREET,E01033543,Newcastle upon Tyne 024G,Investigation complete; no suspect identified
4095580ee1ca877e3d5f6809fcbe30665bc299a8318d0570fab095eabeeeef2c,2014-10,Northumbria Police,Northumbria Police,-1.616367,54.949472,On or near HEDLEY STREET,E01008170,Gateshead 008C,Investigation complete; no suspect identified
3ee1f0be9d02b35701014f9d2161fdc2b4906f95d93ab7fdd8d2c57155d65d95,2014-10,Northumbria Police,Northumbria Police,-1.572927,55.138361,On or near Petrol Station,E01027517,Northumberland 020B,Investigation complete; no suspect identified
bff2ff0e80c7f8e14da50e435f3fad28f6791eaca4f9fe4409edd3f411b94ef0,2014-10,Northumbria Police,Northumbria Police,-1.512558,55.185302,On or near WOODHORN LANE,E01027541,Northumberland 009A,Investigation complete; no suspect identified
3f4b1049deb16d0a9b4a672243b063735babfdd05dd2e83287ea210507a09ab2,2014-10,Northumbria Police,Northumbria Police,-1.529189,55.111996,On or near PLESSEY ROAD,E01027427,Northumberland 025C,Investigation complete; no suspect identified
16bbb89e087be492c8fd6112d9b6dfef82a3e8b68be0148fcbd1ee6492fc1a05,2014-10,Northumbria Police,Northumbria Police,-1.580074,54.977237,On or near SHIELDS ROAD,E01008303,Newcastle upon Tyne 018A,Investigation complete; no suspect identified
74261691a7cd5a9bc3e95d6ce0d620ae3a26a929ab18acee0096da3c0a7c50d7,2014-10,Northumbria Police,Northumbria Police,-1.394170,54.902405,On or near DURHAM ROAD,E01008831,Sunderland 013D,Investigation complete; no suspect identified
b627c116dcf82a809040e6614341266b7fc56e1296c06688a5b6a6eb5c18bd30,2014-10,Northumbria Police,Northumbria Police,-1.445442,55.008150,On or near Shopping Area,E01008524,North Tyneside 022B,Suspect charged
d916ec77c003bb7ad7438e93b7a50ca65723c570185392f9cbd4bea9613c8767,2014-10,Northumbria Police,Northumbria Police,-1.600005,55.163155,On or near PARKWAY,E01027534,Northumberland 017C,Investigation complete; no suspect identified
a8aebaf2cf04313c54d6458bd11c00e6007faf4a17eaeb708137623a9b14eba0,2014-10,Northumbria Police,Northumbria Police,-1.385956,54.903119,On or near OLIVE STREET,E01008831,Sunderland 013D,Investigation complete; no suspect identified
8964d58a840b8e54919668a82b80c0595595f92609b8d747820a64acddf52f77,2014-10,Northumbria Police,Northumbria Police,-1.605141,54.965396,On or near MIRK LANE,E01008166,Gateshead 027C,Investigation complete; no suspect identified
01cc640dd1de05d0856ec0d1de9d79d467fe7d231300c13fde2d0ee3bd92fad4,2014-10,Northumbria Police,Northumbria Police,-1.405897,54.922575,On or near GORDON TERRACE,E01033075,Sunderland 005G,Investigation complete; no suspect identified
dd87ce087d805b1f442ed6bcf5af2e8f2680e357ec01a49fa569f35823c91cdc,2014-10,Northumbria Police,Northumbria Police,-1.412854,54.908698,On or near DUNCAN STREET,E01008701,Sunderland 011A,Investigation complete; no suspect identified
bea8979d473d0f32bbcf29fec1eb9b3f266e4cbeaa381f247b350d357062a463,2014-10,Northumbria Police,Northumbria Police,-1.623169,54.963314,On or near ARENA WAY,E01008438,Newcastle upon Tyne 029G,Offender given a caution
01d4a048276e3f43105b0e450c791bbd58276a153230b6c4f52f88013efb3825,2014-10,Northumbria Police,Northumbria Police,-1.605549,54.981222,On or near ARCHBOLD TERRACE,E01008407,Newcastle upon Tyne 023B,Suspect charged
122b9361eeb8a2232e6e2d41ce44fdf9a245a77e174243776ac8dc7f930b3b2f,2014-10,Northumbria Police,Northumbria Police,-1.652380,54.975425,On or near WEST ROAD,E01008455,Newcastle upon Tyne 022G,Local resolution
21eb1147b03e5951e419a9354affdaeb4a84f5cdcdb9a07e49a0a9f639a5d40c,2014-10,Northumbria Police,Northumbria Police,-1.575202,55.163377,On or near DEREHAM TERRACE,E01027553,Northumberland 017E,Investigation complete; no suspect identified
458c189388b3144ad16fd8e6effee8006d2e1cf733f3e6793a88a29c8c569c68,2014-10,Northumbria Police,Northumbria Police,-1.375166,54.885927,On or near VICTORIA AVENUE WEST,E01008779,Sunderland 024C,Investigation complete; no suspect identified
c53c3903ed9f314fba29204e2f2132c7661a4f02b44533918b484b7d48f8045a,2014-10,Northumbria Police,Northumbria Police,-1.495052,55.010765,On or near MALLARD WAY,E01008491,North Tyneside 015D,Investigation complete; no suspect identified
988f5aa50efc0119b304995d1e96e0d2289eabf8111638ac06ad1e6a0255690c,2014-10,Northumbria Police,Northumbria Police,-1.541142,54.937314,On or near SHERATON,E01008284,Gateshead 014B,Investigation complete; no suspect identified
5768a41831745aad65dda469e0c289ba716c573adb8c61f12ef8efe7e9da70cd,2014-10,Northumbria Police,Northumbria Police,-1.428593,54.927321,On or near RETFORD ROAD,E01008822,Sunderland 004E,Suspect charged
1de8ecfd4949fc3aab5a15ddf4321d1515e9ab2e0c1b5c3ff9b6fded29ae303a,2014-10,Northumbria Police,Northumbria Police,-1.614002,54.976262,On or near Shopping Area,E01008397,Newcastle upon Tyne 024C,Offender given a caution
5938b00d6f6dbebf6877eac0ff2ca44945074f4543f052bda20db8c53fdda905,2014-10,Northumbria Police,Northumbria Police,-1.575290,54.974641,On or near MICHAELGATE,E01008305,Newcastle upon Tyne 026D,Investigation complete; no suspect identified
204151e4925a8ca007449234e6d1c6fac88b6c6661e66a6bddf1c1c31bb13fd0,2014-10,Northumbria Police,Northumbria Police,-1.715348,54.976514,On or near NORTHUMBERLAND ROAD,E01008385,Newcastle upon Tyne 021E,Investigation complete; no suspect identified
9c0cadc0a76b984365ef3ce2dc269e332ce8fc25ee8593371b51f0c390f848af,2014-10,Northumbria Police,Northumbria Police,-1.546265,55.035427,On or near B1317,E01008507,North Tyneside 012D,Investigation complete; no suspect identified
1a9ea50cf7fbe27bd24ba626766a6b19defa1d622ac53e7d0068ad6a1e13ece7,2014-10,Northumbria Police,Northumbria Police,-1.517105,54.976437,On or near TROILUS GARDENS,E01008639,South Tyneside 009A,Investigation complete; no suspect identified
47eed58b081979e5429229f3501ccc0a38e1ea8a0cec2353ab33a0466ef61c1c,2014-10,Northumbria Police,Northumbria Police,-1.605721,54.965254,On or near WELLINGTON STREET,E01008166,Gateshead 027C,Investigation complete; no suspect identified
7397ff076e98b9e3855cc744fc7f0cba90ad581c3ece96e76283d3f20148e6b1,2014-10,Northumbria Police,Northumbria Police,-1.481577,54.991109,On or near LESBURY STREET,E01008540,North Tyneside 027B,Investigation complete; no suspect identified
991c7a2c8bd94e43ab56ba10d5bfa6d9e4cbdf6bb8dd7fc5e80b89b869b0f2be,2014-10,Northumbria Police,Northumbria Police,-1.615800,54.976160,On or near PERCY STREET,E01008397,Newcastle upon Tyne 024C,Investigation complete; no suspect identified
496e774c1d7d1d936d4bfff02b43c0f54989f6615a313b49d3cadb53c24d6709,2014-10,Northumbria Police,Northumbria Police,-1.578252,55.042300,On or near ALLANVILLE,E01008476,North Tyneside 008B,Investigation complete; no suspect identified
82f911893505d5e4d6912ba6e9b4b078af4f159effbfcd1a613eaf7ebe198938,2014-10,Northumbria Police,Northumbria Police,-1.454835,54.815595,On or near BEDALE STREET,E01008743,Sunderland 036A,Investigation complete; no suspect identified
8dba1775d661ae947e0ad70f092cd0750a53a86a6c9aad90dc70bc6635438f8c,2014-10,Northumbria Police,Northumbria Police,-1.617134,54.972264,On or near NEWGATE STREET,E01033543,Newcastle upon Tyne 024G,Suspect charged
855e48ffadd31f8e2e7520097a1718b4f3d08a0e821dbf39e7b0ceef26b69958,2014-10,Northumbria Police,Northumbria Police,-1.535777,55.003424,On or near TYNEDALE AVENUE,E01008464,North Tyneside 024C,Investigation complete; no suspect identified
855e48ffadd31f8e2e7520097a1718b4f3d08a0e821dbf39e7b0ceef26b69958,2014-10,Northumbria Police,Northumbria Police,-1.535777,55.003424,On or near TYNEDALE AVENUE,E01008464,North Tyneside 024C,Suspect charged
84f9adfd9b2e818492bc25283978b1120bc1722e48d87d2a9a0f29025b141d4c,2014-10,Northumbria Police,Northumbria Police,-1.619486,54.969629,On or near CLAYTON STREET WEST,E01033545,Newcastle upon Tyne 024H,Investigation complete; no suspect identified
fce256ad5b69c3a659a31c72054f943f7aa0a4658e77943bd6cc7e59e6520427,2014-10,Northumbria Police,Northumbria Police,-1.861535,54.962291,On or near DENE GROVE,E01027497,Northumberland 038A,Investigation complete; no suspect identified
2d8d45985330db08f7f3d074c571e35c3f59d41ca0b41c878d7faa7f13b9c38d,2014-10,Northumbria Police,Northumbria Police,-1.655752,54.970249,On or near Supermarket,E01008332,Newcastle upon Tyne 029B,Suspect charged
2dede063f5194163b619e62dd10350bbeca95fde88604edd50d81064b854e982,2014-10,Northumbria Police,Northumbria Police,-1.430887,54.805618,On or near COTHERSTONE COURT,E01008746,Sunderland 036D,Investigation complete; no suspect identified
e4cc60aa72851df5dd2681b31461675dd5d53c4032ab379285d8414e016c2e77,2014-10,Northumbria Police,Northumbria Police,-1.519177,55.142941,On or near WEST BRIDGE STREET,E01027552,Northumberland 020G,Investigation complete; no suspect identified
b503ad233ff07f27543b42ff4e5880b70e9123f3ecaf47d8f4b0add5f0448946,2014-10,Northumbria Police,Northumbria Police,-1.383910,54.904331,On or near HOLMESIDE,E01008703,Sunderland 013B,Offender given a caution
4eb6ba6d21d768cee67f2d6acd9ec0054d6b05dc203a1cf8a579216532f73cb4,2014-10,Northumbria Police,Northumbria Police,-1.577712,55.331376,On or near MELROSE GARDENS,E01027362,Northumberland 006B,Investigation complete; no suspect identified
64fa51d50b9ac953781b2df38cfd2ea2b345eaafc278a373b86feea4d7e4637a,2014-10,Northumbria Police,Northumbria Police,-1.379985,54.907070,On or near FREDERICK ROAD,E01008703,Sunderland 013B,Investigation complete; no suspect identified
55f3ae1f03f911b18457d1daea62f9b22fa95dc11af591fe24ee5a5af007134d,2014-10,Northumbria Police,Northumbria Police,-1.842793,54.950497,On or near MOOR ROAD,E01027499,Northumberland 038C,Investigation complete; no suspect identified
89d255fba1217fe5bdda81796e7b2c07819be3be5ac35cef9fa31a50e9fee3eb,2014-10,Northumbria Police,Northumbria Police,-1.529878,54.989140,On or near BUDDLE STREET,E01008575,North Tyneside 030E,Investigation complete; no suspect identified
88899e77433fe8f7da51b8a41039ead70614e1a8b798ebd433ec3e7e326ce301,2014-10,Northumbria Police,Northumbria Police,-1.612740,54.974308,On or near Shopping Area,E01008397,Newcastle upon Tyne 024C,Investigation complete; no suspect identified
2a35870797b9f00f97bf3428e8b5b375c14155d6186f6f077d87c9131a63a936,2014-10,Northumbria Police,Northumbria Police,-1.430202,54.961432,On or near ROMNEY AVENUE,E01008688,South Tyneside 019A,Investigation complete; no suspect identified
1355385fbc9dc48c78ef4bca1545a93c872001fb572bde69401bdb62c8ac62cc,2014-10,Northumbria Police,Northumbria Police,-1.516992,55.130316,On or near SALISBURY STREET,E01027415,Northumberland 023B,Investigation complete; no suspect identified
a95115dd9a7b05089994e2d5fff6cc1fb711c84f7274410f7b971b666b5b66cc,2014-10,Northumbria Police,Northumbria Police,-1.576169,55.017266,On or near BASINGSTOKE PLACE,E01008471,North Tyneside 019A,Investigation complete; no suspect identified
b9b1f93a265d066dc6242b8940e4610f31129b0d9607b236621d68aafc4e7bdc,2014-10,Northumbria Police,Northumbria Police,-1.434781,54.976793,On or near RICHMOND ROAD,E01008591,South Tyneside 011B,Investigation complete; no suspect identified
5c344aa11f60d46c1754f4de8a5b77c6296dcf50789bc8cbe3670cfd3e435cd7,2014-10,Northumbria Police,Northumbria Police,-1.403532,54.918942,On or near MOUNT PLEASANT,E01033075,Sunderland 005G,Investigation complete; no suspect identified
d722bb5694c104b0dd5e256f3b2f8656fe13342dcb11c1068cef4033c4ae7ae0,2014-10,Northumbria Police,Northumbria Police,-1.578944,54.953860,On or near OBAN STREET,E01008164,Gateshead 027B,Suspect charged
d722bb5694c104b0dd5e256f3b2f8656fe13342dcb11c1068cef4033c4ae7ae0,2014-10,Northumbria Police,Northumbria Police,-1.578944,54.953860,On or near OBAN STREET,E01008164,Gateshead 027B,Suspect charged
f2607a9a95d91f74f1ddd4f6a528c03eee5f36805b7d82b6741c1257ca119945,2014-10,Northumbria Police,Northumbria Police,-1.424537,54.977553,On or near HAWESWATER CLOSE,E01008680,South Tyneside 005B,Offender given a caution
781549dcc6ebb1dc682326b1fca46e186bc94fc12b2e82dcac7219538ebda6e4,2014-10,Northumbria Police,Northumbria Police,-1.501012,55.000536,On or near MALVERN ROAD,E01008509,North Tyneside 026B,Investigation complete; no suspect identified
b2a8bb2fd9976f9ff89b7ce2b380facd2eace59b18222ebdc48f8e8ba9f50b67,2014-10,Northumbria Police,Northumbria Police,-1.617258,54.970746,On or near FALCONAR'S COURT,E01033543,Newcastle upon Tyne 024G,Investigation complete; no suspect identified
47c42f94e2d8cbc6250bb4e4581583a3376fda1002ce3d9d077a8c67c12f7f91,2014-10,Northumbria Police,Northumbria Police,-1.435570,55.037562,On or near JOHN STREET,E01008496,North Tyneside 010B,Investigation complete; no suspect identified
723bc60f1cbded213a4a9dfbf31e85a3c10a13963fa5522d307c1627e70faece,2014-10,Northumbria Police,Northumbria Police,-1.369669,54.894516,On or near HYDE STREET,E01008738,Sunderland 016E,Investigation complete; no suspect identified
a490c53a0960caba5bede56b13c28b49c73efadb9c1b02bfe621422558993bc8,2014-10,Northumbria Police,Northumbria Police,-1.685174,55.059041,On or near PRESTWICK CARR ROAD,E01008306,Newcastle upon Tyne 001B,Investigation complete; no suspect identified
478ee6b641df1ae1a04d646679835a2c41fa1f186de447f5ec89f746f6c961a2,2014-10,Northumbria Police,Northumbria Police,-1.611977,54.974045,On or near Shopping Area,E01033543,Newcastle upon Tyne 024G,Investigation complete; no suspect identified
de913fa9e42fd59292db4eab002d991c1e9a6777e934ed25a0adc7a79c406c64,2014-10,Northumbria Police,Northumbria Police,-1.615061,54.975034,On or near Shopping Area,E01008397,Newcastle upon Tyne 024C,Investigation complete; no suspect identified
f076bba7d337752dd072b1f2150e6ed431d1b35985cd425330b051b0daed0a63,2014-10,Northumbria Police,Northumbria Police,-1.423154,54.975929,On or near TEMPLE PARK ROAD,E01008682,South Tyneside 005C,Investigation complete; no suspect identified
58a4fb4cf4dec990633c080f5c7034e2e89f51075fa556f074374719f83db84e,2014-10,Northumbria Police,Northumbria Police,-1.573792,54.940497,On or near SEA VIEW,E01008229,Gateshead 018A,Investigation complete; no suspect identified
b48d53aac41e0e8ed13128c05e25db7d1bc5774733e7b009b749607db4d7e02a,2014-10,Northumbria Police,Northumbria Police,-1.426138,54.960577,On or near HORTON AVENUE,E01008688,South Tyneside 019A,Offender given a caution
cce5e5fd42d03f6dd7523840fcb9ded6f0a98eeb9ca46bf239c8493179d97632,2014-10,Northumbria Police,Northumbria Police,-1.723850,54.948640,On or near BORROWDALE CRESCENT,E01008276,Gateshead 005D,Investigation complete; no suspect identified
30236f2890e58017ec9b43de063e9cb42c47728fe0f530225859f99938bbb3d5,2014-10,Northumbria Police,Northumbria Police,-1.766108,54.922516,On or near NORTH VIEW,E01008183,Gateshead 024A,Investigation complete; no suspect identified
d7e0a600178ac3cd7e835803f6c3313caa2d0837441239da3abe21098404b357,2014-10,Northumbria Police,Northumbria Police,-1.487485,54.981276,On or near MONKTON ROAD,E01008604,South Tyneside 007B,Investigation complete; no suspect identified
f505e616bb976c53271490848b03e3ac0d0c971f0030b757363a938ee73303da,2014-10,Northumbria Police,Northumbria Police,-1.510661,55.127370,On or near Supermarket,E01027415,Northumberland 023B,Investigation complete; no suspect identified
f843289ab2949b05074b5d8eb5a386a923da69ce1c4cc7197594907fc27c776f,2014-10,Northumbria Police,Northumbria Police,-1.578352,54.973097,On or near RABY STREET,E01008305,Newcastle upon Tyne 026D,Investigation complete; no suspect identified
860dc03c2dd0a2b1eb13d4912b42f1a05272624b1034594475c18bc9ea6844d3,2014-10,Northumbria Police,Northumbria Police,-1.510311,55.118733,On or near BOHEMIA TERRACE,E01027441,Northumberland 023D,Offender given a caution
6504473654675b926c75d0deabd997239ebcdc1a45d94a6fb7d81819017bcd88,2014-10,Northumbria Police,Northumbria Police,-1.601772,55.292962,On or near DRURIDGE AVENUE,E01027444,Northumberland 008B,Offender given a caution
4d10345a7a91e070b0b68c997d9c19ce4a527a67b399ae9946cf9606af9a4432,2014-10,Northumbria Police,Northumbria Police,-1.430906,54.994558,On or near Petrol Station,E01008667,South Tyneside 002D,Suspect charged
4d10345a7a91e070b0b68c997d9c19ce4a527a67b399ae9946cf9606af9a4432,2014-10,Northumbria Police,Northumbria Police,-1.430906,54.994558,On or near Petrol Station,E01008667,South Tyneside 002D,Suspect charged
4d10345a7a91e070b0b68c997d9c19ce4a527a67b399ae9946cf9606af9a4432,2014-10,Northumbria Police,Northumbria Police,-1.430906,54.994558,On or near Petrol Station,E01008667,South Tyneside 002D,Suspect charged
4d10345a7a91e070b0b68c997d9c19ce4a527a67b399ae9946cf9606af9a4432,2014-10,Northumbria Police,Northumbria Police,-1.430906,54.994558,On or near Petrol Station,E01008667,South Tyneside 002D,Suspect charged
4d10345a7a91e070b0b68c997d9c19ce4a527a67b399ae9946cf9606af9a4432,2014-10,Northumbria Police,Northumbria Police,-1.430906,54.994558,On or near Petrol Station,E01008667,South Tyneside 002D,Investigation complete; no suspect identified
4d10345a7a91e070b0b68c997d9c19ce4a527a67b399ae9946cf9606af9a4432,2014-10,Northumbria Police,Northumbria Police,-1.430906,54.994558,On or near Petrol Station,E01008667,South Tyneside 002D,Suspect charged
4d10345a7a91e070b0b68c997d9c19ce4a527a67b399ae9946cf9606af9a4432,2014-10,Northumbria Police,Northumbria Police,-1.430906,54.994558,On or near Petrol Station,E01008667,South Tyneside 002D,Suspect charged
4d10345a7a91e070b0b68c997d9c19ce4a527a67b399ae9946cf9606af9a4432,2014-10,Northumbria Police,Northumbria Police,-1.430906,54.994558,On or near Petrol Station,E01008667,South Tyneside 002D,Suspect charged
4d10345a7a91e070b0b68c997d9c19ce4a527a67b399ae9946cf9606af9a4432,2014-10,Northumbria Police,Northumbria Police,-1.430906,54.994558,On or near Petrol Station,E01008667,South Tyneside 002D,Suspect charged
6dd95d721df04a8bff331c46b5dd0764c9496928d825ced9ab6541df63364155,2014-10,Northumbria Police,Northumbria Police,-1.576639,54.971123,On or near Parking Area,E01008305,Newcastle upon Tyne 026D,Investigation complete; no suspect identified
24d375098e4fc8342cdabde0daa7b689a35ae8d555499c55753e1bd90e0e0f44,2014-10,Northumbria Police,Northumbria Police,-1.382499,54.904854,On or near WATERLOO PLACE,E01008703,Sunderland 013B,Investigation complete; no suspect identified
37c4cdecdc26daecdb69c6a65ca23b4e7ac7395af0cde1771c984c518190c3a0,2014-10,Northumbria Police,Northumbria Police,-1.388123,54.917562,On or near HOOD CLOSE,E01008708,Sunderland 005A,Investigation complete; no suspect identified
bdbd717edd1a50d10727e5495f6ac84f12e9be0eab0383db94af801318fad63d,2014-10,Northumbria Police,Northumbria Police,-1.587358,54.932744,On or near CARLISLE PLACE,E01008221,Gateshead 021C,Investigation complete; no suspect identified
533213653ec2ede109881e4b95662bb5df07dd1d589a260ba147328ee9eb0591,2014-10,Northumbria Police,Northumbria Police,-1.636893,54.975973,On or near BEACONSFIELD STREET,E01008396,Newcastle upon Tyne 022B,Suspect charged
2ca6fe57dab3da91411da99589fee086a5e09fd91f98a6957cf9b713dbceb48a,2014-10,Northumbria Police,Northumbria Police,-1.440459,55.040415,On or near ALGERNON PLACE,E01008588,North Tyneside 006D,Investigation complete; no suspect identified
74c21b76cda0818e1ef8e649a414a287a88fecd007a1d8dceacea6b3df520a3b,2014-10,Northumbria Police,Northumbria Police,-1.560327,55.180092,On or near THIRD AVENUE,E01027546,Northumberland 010E,Investigation complete; no suspect identified
9bf92cc19978ef5b04c8a84ec4d8fcb2d9cbc24a4b3a77d55c3934ce145e4b3d,2014-10,Northumbria Police,Northumbria Police,-1.599484,54.961037,On or near CHANDLESS STREET,E01008166,Gateshead 027C,Investigation complete; no suspect identified
aaf63801165556311d2f512421db77b17518c5ff15dcd162e823c1c8a69e8a16,2014-10,Northumbria Police,Northumbria Police,-1.617134,54.972264,On or near NEWGATE STREET,E01033543,Newcastle upon Tyne 024G,Offender given a caution
7eca4f0f930a56dd9bce0a7178273ed9ea10e7ab16cb47563d602a217d0142a1,2014-10,Northumbria Police,Northumbria Police,-1.658134,54.969367,On or near CLARA STREET,E01008291,Newcastle upon Tyne 027D,Investigation complete; no suspect identified
ebe49107b84ccd44d98793cf8c3fd5636c8ddf911c2aa9ca8a26c8232a028a3f,2014-10,Northumbria Police,Northumbria Police,-1.612959,54.972619,On or near Nightclub,E01033543,Newcastle upon Tyne 024G,Investigation complete; no suspect identified
9e8c976c19ec238757e8e83c72726da264751ac7c73f6ac1f9252e96c0b37f2c,2014-10,Northumbria Police,Northumbria Police,-1.566925,55.036266,On or near Shopping Area,E01008479,North Tyneside 008D,Investigation complete; no suspect identified
d367354f9841e825c7f9c5232753e6bfe755c4c2aaeaa460ad85c7b2afed9c67,2014-10,Northumbria Police,Northumbria Police,-1.476946,54.856662,On or near FRONT STREET,E01008720,Sunderland 032A,Offender given a caution
1418c12fe19a9a44a4a1584ad6f3eb9f27aa2ef10ae76c4676fcf19ef0f1898b,2014-10,Northumbria Police,Northumbria Police,-1.846967,54.961546,On or near HOLYOAKE STREET,E01027498,Northumberland 038B,Investigation complete; no suspect identified
57e8e41ab2d2ccac67252cb7163836b441684f79e8d342a430da6ef9d4a11683,2014-10,Northumbria Police,Northumbria Police,-1.536516,54.941951,On or near RIDGEWAY,E01008284,Gateshead 014B,Investigation complete; no suspect identified
389c69ca5062ca126008c9fb6118efab38e9b31bdfadae1bb331f0d328a9c8d8,2014-10,Northumbria Police,Northumbria Police,-1.577718,55.131782,On or near DENE VIEW,E01027519,Northumberland 020D,Investigation complete; no suspect identified
c20b4ea87133b3a0f80c91cf1e132a3af6ce256f3a16af745f9e513ca3a98706,2014-10,Northumbria Police,Northumbria Police,-1.687575,54.987885,On or near WHITBECK ROAD,E01008345,Newcastle upon Tyne 019C,Investigation complete; no suspect identified
46d8dca8a74e2677ddfa25a47e1b9d6875be5fab90e41c004023cfac43b16d9f,2014-10,Northumbria Police,Northumbria Police,-1.583192,54.909940,On or near NEWCASTLE BANK,E01008224,Gateshead 025C,Investigation complete; no suspect identified
b80f7574ac9685baa644f797f8763a55a6150924805127fa4f4a5423d68800b7,2014-10,Northumbria Police,Northumbria Police,-1.454323,55.008154,On or near HOPPER STREET,E01008483,North Tyneside 022A,Suspect charged
b80f7574ac9685baa644f797f8763a55a6150924805127fa4f4a5423d68800b7,2014-10,Northumbria Police,Northumbria Police,-1.454323,55.008154,On or near HOPPER STREET,E01008483,North Tyneside 022A,Suspect charged
19f82f736635cbabb84af528e0f49d2d10dc56f82ef0558078661d2bd8d96458,2014-10,Northumbria Police,Northumbria Police,-1.413322,54.963418,On or near Petrol Station,E01008622,South Tyneside 013A,Suspect charged
172979877a38bb7b65ac0cbad75671c2b767fe940e728a970623651f5c464d80,2014-10,Northumbria Police,Northumbria Police,-1.530693,55.126829,On or near THORNEYBURN WAY,E01027392,Northumberland 022A,Investigation complete; no suspect identified
40ea0938d5a0645431abd2a15193d5ae2269fe0e43ea7c0d0fac21b1bc5b57aa,2014-10,Northumbria Police,Northumbria Police,-1.512729,55.034660,On or near EMMERSON PLACE,E01032648,North Tyneside 011F,Investigation complete; no suspect identified
c39215e52f012930eab5495d71ffecca10a5a4ecff40d32991d9cfb59320409c,2014-10,Northumbria Police,Northumbria Police,-1.448887,55.010026,On or near BEDFORD STREET,E01008524,North Tyneside 022B,Investigation complete; no suspect identified
548017fe882566851cf82d9be26ff17b467462f54ba58e93bfd4a7d7081aa0cb,2014-10,Northumbria Police,Northumbria Police,-1.612740,54.974308,On or near Shopping Area,E01008397,Newcastle upon Tyne 024C,Investigation complete; no suspect identified
ea985c0cbc1cb29ba855fb15ae8e74b88010658f7b0cafa15540ddb990d139f1,2014-10,Northumbria Police,Northumbria Police,-1.585442,55.011295,On or near LUTTERWORTH CLOSE,E01032650,North Tyneside 019G,Offender given a caution
a87842302af8a238bf034ad7586cd21af84ab8319d968119f6020aba86f9670a,2014-10,Northumbria Police,Northumbria Police,-1.605357,54.949770,On or near EASTBOURNE AVENUE,E01008252,Gateshead 010B,Investigation complete; no suspect identified
48592cef708a3c582d0a4e12c1a0b030fb4b849000254f26a234abdda06d1cee,2014-10,Northumbria Police,Northumbria Police,-1.683371,55.178469,On or near Hospital,E01027457,Northumberland 011A,Investigation complete; no suspect identified
21a97b0da637ad40c7e5446dc09c17ff1268bb021aade117f54b058ec53b379a,2014-10,Northumbria Police,Northumbria Police,-1.603576,55.159168,On or near FRONT STREET,E01027530,Northumberland 017A,Investigation complete; no suspect identified
b96aabc777c68b0dd8b92a16ebf3c72c9dbd50a91e1732b3068cd16b33b494f1,2014-10,Northumbria Police,Northumbria Police,-1.458433,54.947937,On or near JOHN STREET,E01008613,South Tyneside 021D,Offender given a caution
91dcdb109f003ebf311b7a7d4d8a889323ac1515e24871ac76a05b2bc5fad62e,2014-10,Northumbria Police,Northumbria Police,-1.437702,54.998095,On or near Shopping Area,E01008667,South Tyneside 002D,Investigation complete; no suspect identified
7f51b55b0a7d404d1539e530de32ae0b9d4dd831a6f3fef13f2efa09fbe85490,2014-10,Northumbria Police,Northumbria Police,-1.440383,54.984035,On or near GOMPERTZ GARDENS,E01008665,South Tyneside 002B,Investigation complete; no suspect identified
7f51b55b0a7d404d1539e530de32ae0b9d4dd831a6f3fef13f2efa09fbe85490,2014-10,Northumbria Police,Northumbria Police,-1.440383,54.984035,On or near GOMPERTZ GARDENS,E01008665,South Tyneside 002B,Suspect charged
bff324ada6a4a16c4eb36f090d250f6822c58958b8cf6da1fdccc6fb07cb0050,2014-10,Northumbria Police,Northumbria Police,-1.412641,54.905165,On or near PEACOCK STREET WEST,E01008701,Sunderland 011A,Investigation complete; no suspect identified
a2aa04df37e5df36bc1721a084d3f588f6de2140bd6cd7970fb71bc6d148e7de,2014-10,Northumbria Police,Northumbria Police,-1.831848,54.961841,On or near BELL VIEW,E01027498,Northumberland 038B,Investigation complete; no suspect identified
5d9f1fb67a142386d85186f4dbecc05ac4b3536fdd035b001a0744e0d9d123e4,2014-10,Northumbria Police,Northumbria Police,-1.612959,54.972619,On or near Nightclub,E01033543,Newcastle upon Tyne 024G,Investigation complete; no suspect identified
05d0a9b2c49f16fe48bb3ec25ae05ee6ee1a13e2568a15af6819c449fb74c964,2014-10,Northumbria Police,Northumbria Police,-1.659676,54.971689,On or near NICHOL STREET,E01008334,Newcastle upon Tyne 029D,Offender given a caution
3ef9f42ccc5ae57959475ac049c1585fd414aa0992fe20cdc1069477b360b118,2014-10,Northumbria Police,Northumbria Police,-1.367572,54.884072,On or near OSWALD TERRACE,E01008779,Sunderland 024C,Investigation complete; no suspect identified
3ef9f42ccc5ae57959475ac049c1585fd414aa0992fe20cdc1069477b360b118,2014-10,Northumbria Police,Northumbria Police,-1.367572,54.884072,On or near OSWALD TERRACE,E01008779,Sunderland 024C,Investigation complete; no suspect identified
056a7cd248663e8f443c3946cd35ae52b819091ad5a992528209a5aaebed30ae,2014-10,Northumbria Police,Northumbria Police,-1.599078,54.949965,On or near DURHAM ROAD,E01008203,Gateshead 028B,Investigation complete; no suspect identified
44152b8ace58ab9360a8104ba312607e1d751b5b5ef0765eb1afdf8c590b2384,2014-10,Northumbria Police,Northumbria Police,-1.604018,54.960450,On or near REGENT TERRACE,E01008168,Gateshead 027D,Investigation complete; no suspect identified
983883e0f7a776cbaa9e4c7e59193bc7f29a0afac9063f88c1509025e2d435aa,2014-10,Northumbria Police,Northumbria Police,-1.597091,54.973862,On or near RED BARNS,E01008406,Newcastle upon Tyne 023A,Offender given a caution
6a9fe5c5ba6defc8077868dfb36232993678f21ef280b2f0ff05fbef7a380d10,2014-10,Northumbria Police,Northumbria Police,-1.519703,54.973482,On or near Parking Area,E01008641,South Tyneside 010C,Investigation complete; no suspect identified
4631ae4f563ed0cbf1736c3af4013bd740228db3f471e27539f4d803442ed8bc,2014-10,Northumbria Police,Northumbria Police,-1.436903,54.917807,On or near EAST VIEW,E01008693,Sunderland 008A,Investigation complete; no suspect identified
95d89f0ad94903b92a6fc654eeee1b3c18414004a3a3ea52db42e3414273ef03,2014-10,Northumbria Police,Northumbria Police,-1.489239,54.955044,On or near DON DIXON DRIVE,E01008629,South Tyneside 020C,Suspect charged
95d89f0ad94903b92a6fc654eeee1b3c18414004a3a3ea52db42e3414273ef03,2014-10,Northumbria Police,Northumbria Police,-1.489239,54.955044,On or near DON DIXON DRIVE,E01008629,South Tyneside 020C,Local resolution
f07edb5b8bd70e2ff78935d930f4f7513bb6339bcaa288a8b74795605941958b,2014-10,Northumbria Police,Northumbria Police,-1.403189,54.901003,On or near WOLSELEY TERRACE,E01008832,Sunderland 018C,Investigation complete; no suspect identified
ae299e9b1c2ebe5ab1441b8183c698e37153e23bf7283a3b0cc01aa564fc5968,2014-10,Northumbria Police,Northumbria Police,-1.665965,54.957446,On or near Parking Area,E01008262,Gateshead 009A,Suspect charged
203a6889ff9053a39e89852541012f6960d643f4a9d27b282d020b8b28f15adb,2014-10,Northumbria Police,Northumbria Police,-1.524100,54.975521,On or near MARINA VIEW,E01008640,South Tyneside 010B,Investigation complete; no suspect identified
80e50869e1d2a96ddfad810fd26c796d365889986f3661d549e05757b4ab7153,2014-10,Northumbria Police,Northumbria Police,-1.583532,55.080958,On or near Parking Area,E01027411,Northumberland 029C,Investigation complete; no suspect identified
fc4f634e6a20cc3062b2af210fe3401dea2a84214a4786ef1866c16134d96bf0,2014-10,Northumbria Police,Northumbria Police,-1.600509,54.948945,On or near EDENDALE TERRACE,E01008251,Gateshead 010A,Investigation complete; no suspect identified
ee4311a9db3e08827676e565b5cb7fede9c307e20f2a995dc3f4aeaea4635163,2014-10,Northumbria Police,Northumbria Police,-1.600509,54.948945,On or near EDENDALE TERRACE,E01008251,Gateshead 010A,Investigation complete; no suspect identified
3e942fd20b93c0576ba36003b0413ec29061da21a4f368047d2e65c0c6a49d18,2014-10,Northumbria Police,Northumbria Police,-1.713418,54.986430,On or near RESIDA CLOSE,E01008381,Newcastle upon Tyne 021A,Offender given a caution
d2a6645668dd7b182113ea551dccfaa035ba991ac4c32593ba701907fd034193,2014-10,Northumbria Police,Northumbria Police,-1.538062,55.131027,On or near JOHN STREET,E01027392,Northumberland 022A,Investigation complete; no suspect identified
af893792c723f4359be5ca795fcdd9cd5faf5087fbd485484415988ff4c08be9,2014-10,Northumbria Police,Northumbria Police,-1.450232,54.816509,On or near STATION ROAD,E01008742,Sunderland 035C,Investigation complete; no suspect identified
ed327b1ff1d92227959248a5a48685f65f160cecb85528d7d468f65ecd95c908,2014-10,Northumbria Police,Northumbria Police,-1.377256,54.930322,On or near SEA ROAD,E01008726,Sunderland 001D,Investigation complete; no suspect identified
fb01a28c70e97934676c2822cb81b0496fe2320a33da053eebaeaadfdb97464d,2014-10,Northumbria Police,Northumbria Police,-1.382615,54.902383,On or near Parking Area,E01008831,Sunderland 013D,Offender given a caution
98e736ad015ce4dcfd123498319818f925d576418cc5192a65d76dadbd52566c,2014-10,Northumbria Police,Northumbria Police,-1.612425,54.968088,On or near CLAVERING PLACE,E01033543,Newcastle upon Tyne 024G,Investigation complete; no suspect identified
199310a8586573171c39e38e8bd7e1cceec0962fb3fa843b8032c1db7c28f1da,2014-10,Northumbria Police,Northumbria Police,-1.422362,54.927687,On or near ROEDEAN ROAD,E01008822,Sunderland 004E,Investigation complete; no suspect identified
1f8c46b267d2ff928db87d089edbbcf2221984bf9237a613699131ea25a16d7c,2014-10,Northumbria Police,Northumbria Police,-1.444667,54.944227,On or near EVEREST GROVE,E01008615,South Tyneside 023B,Suspect charged
2757858d1192671c49b67b0f86ee8c3cfbb4631b8322427c2118b535a3246a2f,2014-10,Northumbria Police,Northumbria Police,-1.651772,54.986126,On or near REDEWATER ROAD,E01008452,Newcastle upon Tyne 016D,Investigation complete; no suspect identified
90cead34a375fcd0a51eece044c4a624c26a0f2250378f7521e02710147e549f,2014-10,Northumbria Police,Northumbria Police,-1.661869,55.004495,On or near Sports/Recreation Area,E01008295,Newcastle upon Tyne 008A,Investigation complete; no suspect identified
2995ee84eb87ca63c0346e6b5a7de18508145304e437a5896dfedd509c103f51,2014-10,Northumbria Police,Northumbria Police,-1.505860,54.977408,On or near WINDSOR CRESCENT,E01008655,South Tyneside 009E,Investigation complete; no suspect identified
ce4225ff09749955968a8927b9de17a5bba51c564a32eb2328c35a4a4680c053,2014-10,Northumbria Police,Northumbria Police,-1.384522,54.916385,On or near ABBS STREET,E01008711,Sunderland 005D,Investigation complete; no suspect identified
76a3f46cfd7d7b5d229b73c65a36cec2ee09f3ca408b47caee0b1c89a3ffd498,2014-10,Northumbria Police,Northumbria Police,-1.583532,55.080958,On or near Parking Area,E01027411,Northumberland 029C,Investigation complete; no suspect identified
4203786421c97195482bef3060c67c6da7ffeb3d538c38016d82e1348531c7ad,2014-10,Northumbria Police,Northumbria Police,-1.397907,54.919498,On or near SOUTHWICK ROAD,E01008709,Sunderland 005B,Investigation complete; no suspect identified
e692c655d6ec649978de88f6b440ec543e711158e885f622b9c6316494f87632,2014-10,Northumbria Police,Northumbria Police,-1.845506,54.959621,On or near PRIESTCLOSE ROAD,E01027500,Northumberland 038D,Investigation complete; no suspect identified
223a912156f4e5cd3211885e4146105c9f2487794c067c1fa17a95aff10d5a5e,2014-10,Northumbria Police,Northumbria Police,-1.515462,55.127165,On or near DELAVAL TERRACE,E01027415,Northumberland 023B,Suspect charged
e45fb4f6b5645d2bf771be1f2ffc5394a78cc2e5f06309ed4d5202fff4b7cee9,2014-10,Northumbria Police,Northumbria Police,-1.375722,54.933639,On or near DYKELANDS ROAD,E01008725,Sunderland 002B,Investigation complete; no suspect identified
bfd4f3b00fbe091e11cf9e2822a3c7dd7f819caeac700aed77ffa122ac571215,2014-10,Northumbria Police,Northumbria Police,-1.527521,54.902305,On or near BYLAND COURT,E01008844,Sunderland 019B,Suspect charged
02ac574157e0cdf2cbe4b2f53721767744054410a61dcaafa073efba02b7658a,2014-10,Northumbria Police,Northumbria Police,-1.570759,55.185440,On or near LINTONVILLE TERRACE,E01027529,Northumberland 010B,Investigation complete; no suspect identified
f8291a32087816c5f7ef020fdf65a115d53c6c7a7f4ee553783141f129b9c6ce,2014-10,Northumbria Police,Northumbria Police,-1.604153,54.962643,On or near Shopping Area,E01008168,Gateshead 027D,Investigation complete; no suspect identified
4cfd67ac58495e7cf222734bee2173433597626033a57653084a536f9489780a,2014-10,Northumbria Police,Northumbria Police,-1.513011,54.895157,On or near BEECH SQUARE,E01008851,Sunderland 017E,Offender given a caution
fbaff216f0eec0f3249fd7c3e03e289e05c4fde076e043a99dd777ce5d904862,2014-10,Northumbria Police,Northumbria Police,-1.580749,54.900424,On or near EDWARD ROAD,E01008223,Gateshead 025B,Investigation complete; no suspect identified
b919538e13970dea436ad3676421287ccf5adeb653ea9f87e36535c5a83d3a18,2014-10,Northumbria Police,Northumbria Police,-1.588952,54.947819,On or near ROMFORD PLACE,E01008204,Gateshead 011D,Investigation complete; no suspect identified
653f1ae670178080e9d997248383ec2783b95ca1c95b4803585405adc708b558,2014-10,Northumbria Police,Northumbria Police,-1.397023,54.983845,On or near AMBLE AVENUE,E01008651,South Tyneside 004D,Investigation complete; no suspect identified
f91052b34aa072ec482c5e9bdef52711a5031edfcc6eca2d41a0dd4b09f21166,2014-10,Northumbria Police,Northumbria Police,-1.688780,55.022099,On or near SOUTH DRIVE,E01008458,Newcastle upon Tyne 004D,Investigation complete; no suspect identified
5e5ee77e7d98cb2332d9a666b2462f797c2abb1bee8e4e5a664554e5989f28d8,2014-10,Northumbria Police,Northumbria Police,-1.697374,55.000374,On or near CHIPCHASE CRESCENT,E01008441,Newcastle upon Tyne 031A,Suspect charged
def7f3a4bde66f8b105a486afe48a1f8cb8845b5efff09142182c6076a8b4886,2014-10,Northumbria Police,Northumbria Police,-1.696347,54.991376,On or near BROKENHEUGH,E01008325,Newcastle upon Tyne 015B,Suspect charged
f565f0c28d99a09cfcee16e2b79756bc25190bdd089847a631ddba58fd3c5fed,2014-10,Northumbria Police,Northumbria Police,-1.435398,54.984092,On or near GRACE COURT,E01008666,South Tyneside 002C,Offender given a caution
0abd0e5cf0fc373905c44a26ff352347f3a2620ac22d5bed1b6087e335c5a1fb,2014-10,Northumbria Police,Northumbria Police,-1.464360,54.995321,On or near Shopping Area,E01008541,North Tyneside 027C,Investigation complete; no suspect identified
b176c52e5b80e02e2f4328b2a7a77b6fe272a22b0318cc5676d46263fc5ee46f,2014-10,Northumbria Police,Northumbria Police,-1.554211,54.905820,On or near CRAGGYKNOWE,E01008873,Sunderland 010A,Investigation complete; no suspect identified
cb78484e3ff8bf35eaa1c49e1662bb1b67acca1c8899c89327de66b40e2540ad,2014-10,Northumbria Police,Northumbria Police,-1.539453,55.076900,On or near WHEATFIELDS,E01027433,Northumberland 032B,Investigation complete; no suspect identified
3dcac8aab450e043c2d5492e0b05af9ab0cf56aa656f2140aea4fe004661a45d,2014-10,Northumbria Police,Northumbria Police,-1.579989,54.898489,On or near PINE STREET,E01008175,Gateshead 026D,Suspect charged
3dcac8aab450e043c2d5492e0b05af9ab0cf56aa656f2140aea4fe004661a45d,2014-10,Northumbria Police,Northumbria Police,-1.579989,54.898489,On or near PINE STREET,E01008175,Gateshead 026D,Investigation complete; no suspect identified
e021595f4e2bade84a5d3988a3c9ecde9a3bd1517ac9bcb236ae08a2777ff034,2014-10,Northumbria Police,Northumbria Police,-1.490266,55.025716,On or near WARENTON PLACE,E01008552,North Tyneside 009A,Investigation complete; no suspect identified
fcb912bb36df70fdbd39099ed4bc42febe599f122e3e645b489d61f164758de5,2014-10,Northumbria Police,Northumbria Police,-1.600509,54.948945,On or near EDENDALE TERRACE,E01008251,Gateshead 010A,Offender given a caution
69a1555e72bd1ed95d3684eaec0d099787fa6d4f53cdd4069bf316df83cd8827,2014-10,Northumbria Police,Northumbria Police,-1.518702,54.960520,On or near COLLEGE ROAD,E01008644,South Tyneside 015B,Investigation complete; no suspect identified
86712129dc5ee99e6d0e7b2f3bfe5b08d93a939f71a15aab52ad802188b4e4bf,2014-10,Northumbria Police,Northumbria Police,-1.535133,54.991488,On or near Supermarket,E01008536,North Tyneside 030C,Investigation complete; no suspect identified
8b106bfbf75b8283f5e037af533099dcfea329a38c3d4c621f2d58bf63836c94,2014-10,Northumbria Police,Northumbria Police,-1.506403,55.028730,On or near BRUNSWICK SQUARE,E01008569,North Tyneside 011C,Offender given a caution
30f77483fde55a5116d803fb80b0fd92de16b54530ad834e65b5b11383083a26,2014-10,Northumbria Police,Northumbria Police,-1.618837,54.970526,On or near CLAYTON STREET WEST,E01033543,Newcastle upon Tyne 024G,Investigation complete; no suspect identified
baa7a94e97b0eff7809675ea2cfe4d2c00e9715639a5bfad7a39e2b9bc982168,2014-10,Northumbria Police,Northumbria Police,-1.632944,54.999550,On or near KENTON ROAD,E01008423,Newcastle upon Tyne 006G,Investigation complete; no suspect identified
ce16536d5d3dbc555c65ba8203949322bf1764a23a2f2bd30bedeef2b7625e3c,2014-10,Northumbria Police,Northumbria Police,-1.706132,54.984858,On or near NORWOOD ROAD,E01008384,Newcastle upon Tyne 021D,Offender given a caution
8525b01deb923f434ea9bad4c29387de5a13f13f63a10a5bfa7bdc71b05ac77c,2014-10,Northumbria Police,Northumbria Police,-1.706132,54.984858,On or near NORWOOD ROAD,E01008384,Newcastle upon Tyne 021D,Offender given a caution
47a8c3e9d069ec5e75d6fab786294f9a9ea7023a389e04c5089737f162ff04d4,2014-10,Northumbria Police,Northumbria Police,-1.706132,54.984858,On or near NORWOOD ROAD,E01008384,Newcastle upon Tyne 021D,Offender given a caution
e079e5dccbb0bf805489f2aa005c01f1c26ac8ffe85a546814e99394fd55c87b,2014-10,Northumbria Police,Northumbria Police,-1.380267,54.915123,On or near ROKER AVENUE,E01008791,Sunderland 006F,Suspect charged as part of another case
c974e4ecf0a005813df2b8b53ccfbd087010d0aa0a7c9140ca8ceb43a4a03e3e,2014-10,Northumbria Police,Northumbria Police,-1.687431,55.171273,On or near OLYMPIA GARDENS,E01027457,Northumberland 011A,Investigation complete; no suspect identified
ca8eaab87c1e62564510ec959d3e4ba33c3bd6ac61deae12526c2147ed1a1721,2014-10,Northumbria Police,Northumbria Police,-1.534366,54.907822,On or near Parking Area,E01008874,Sunderland 010B,Investigation complete; no suspect identified
979ad30dbcf7245907af4f5f4db39b4cb70a0cae36f7edbb77f29d2bab673214,2014-10,Northumbria Police,Northumbria Police,-1.534379,54.990406,On or near FRANK STREET,E01008575,North Tyneside 030E,Offender given a caution
a85b72eb754ec2e643bdbdad0e355169d563e931a492d3bdf96fae9bb950afb1,2014-10,Northumbria Police,Northumbria Police,-1.602496,54.962754,On or near Parking Area,E01008166,Gateshead 027C,Suspect charged
4a2e1b36cf84e2d5da7b279160825a36d4b3f1ea043e402dbd597b37aa072bdb,2014-10,Northumbria Police,Northumbria Police,-2.098586,54.965106,On or near HACKWOOD GLADE,E01027494,Northumberland 035G,Investigation complete; no suspect identified
9c41c90c085f5a96f7e25c2ebe24081f0a61f94a75935bf3c42a86afb4f5c7c3,2014-10,Northumbria Police,Northumbria Police,-1.447484,55.008618,On or near Supermarket,E01008524,North Tyneside 022B,Suspect charged
9c41c90c085f5a96f7e25c2ebe24081f0a61f94a75935bf3c42a86afb4f5c7c3,2014-10,Northumbria Police,Northumbria Police,-1.447484,55.008618,On or near Supermarket,E01008524,North Tyneside 022B,Suspect charged
a70bf16f57afbd65af230c549c3814b5cd7a74c32452078c394f160756272ee4,2014-10,Northumbria Police,Northumbria Police,-1.501359,54.976266,On or near FROBISHER STREET,E01008654,South Tyneside 009D,Investigation complete; no suspect identified
e44b508156fa978d2175bf3eece5e03872d3a26696153199c1ba7d7b721b5510,2014-10,Northumbria Police,Northumbria Police,-1.639470,54.974264,On or near CROYDON ROAD,E01008398,Newcastle upon Tyne 022C,Investigation complete; no suspect identified
c57dfda98d82cefa2909c27e0436598574cac510f85db66311088261589bfcc7,2014-10,Northumbria Police,Northumbria Police,-1.577002,55.004949,On or near CARNOUSTIE CLOSE,E01008323,Newcastle upon Tyne 007F,Investigation complete; no suspect identified
72b11f9f1504551701dd922e8bcf7c05e245ffe9a016ce6f0cac0c668a268afd,2014-10,Northumbria Police,Northumbria Police,-1.612740,54.974308,On or near Shopping Area,E01008397,Newcastle upon Tyne 024C,Local resolution
72b11f9f1504551701dd922e8bcf7c05e245ffe9a016ce6f0cac0c668a268afd,2014-10,Northumbria Police,Northumbria Police,-1.612740,54.974308,On or near Shopping Area,E01008397,Newcastle upon Tyne 024C,Offender given a caution
eed6818acc3edac33ce5cc8ddbe8877b310347aeaaf85427c3202a8b457597a8,2014-10,Northumbria Police,Northumbria Police,-1.755060,54.922755,On or near BARKWOOD ROAD,E01008185,Gateshead 022B,Investigation complete; no suspect identified
eed6818acc3edac33ce5cc8ddbe8877b310347aeaaf85427c3202a8b457597a8,2014-10,Northumbria Police,Northumbria Police,-1.755060,54.922755,On or near BARKWOOD ROAD,E01008185,Gateshead 022B,Investigation complete; no suspect identified
19c45f608f68c240137f2f841ff36a2bf8d66db29d33df546a7de513107be12d,2014-10,Northumbria Police,Northumbria Police,-1.385142,54.901309,On or near Theatre/Concert Hall,E01008831,Sunderland 013D,Offender given a drugs possession warning
d5f0ebd5bc94ea21d0037e384c7434ae6c7dfc7c922d13591f50840acb8c61a7,2014-10,Northumbria Police,Northumbria Police,-1.617134,54.972264,On or near NEWGATE STREET,E01033543,Newcastle upon Tyne 024G,Suspect charged
d3f99a7beb93bc5bd6d02d2d2280d1235cc1cc0eeb1608f02e3981d2889fa024,2014-10,Northumbria Police,Northumbria Police,-1.617134,54.972264,On or near NEWGATE STREET,E01033543,Newcastle upon Tyne 024G,Suspect charged
d3f99a7beb93bc5bd6d02d2d2280d1235cc1cc0eeb1608f02e3981d2889fa024,2014-10,Northumbria Police,Northumbria Police,-1.617134,54.972264,On or near NEWGATE STREET,E01033543,Newcastle upon Tyne 024G,Suspect charged
1569f2c108a76cfb2d26d8325b7dcd3c6bed78b8b06b10dd1206fe9862e14e10,2014-10,Northumbria Police,Northumbria Police,-1.697873,54.933877,On or near REDHILL DRIVE,E01008272,Gateshead 019E,Investigation complete; no suspect identified
85f5ab7aac07bd8657a1fce4cfb1c6e400cdcceb641aafb17010fbfa4ac99e31,2014-10,Northumbria Police,Northumbria Police,-1.363439,54.884194,On or near AYSGARTH AVENUE,E01008741,Sunderland 024B,Investigation complete; no suspect identified
75850b05d4d164cc5eba9b1a4d30563b88d6c572e3b7844a9276d536c5bfb65d,2014-10,Northumbria Police,Northumbria Police,-1.624533,55.048256,On or near Supermarket,E01008577,North Tyneside 004A,Investigation complete; no suspect identified
75850b05d4d164cc5eba9b1a4d30563b88d6c572e3b7844a9276d536c5bfb65d,2014-10,Northumbria Police,Northumbria Police,-1.624533,55.048256,On or near Supermarket,E01008577,North Tyneside 004A,Investigation complete; no suspect identified
bbc483c9b9f7e3e184c9d53447068a13148b01af7710cbeff2b26f55babdbab7,2014-10,Northumbria Police,Northumbria Police,-1.416686,54.903675,On or near Sports/Recreation Area,E01008757,Sunderland 015A,Investigation complete; no suspect identified
f0e18b1d97d20b4a383a843694bcee24508384e21a127ef769498cb2d320a2ab,2014-10,Northumbria Police,Northumbria Police,-1.770556,55.335745,On or near ALNWICK FORDS,E01027370,Northumberland 006E,Investigation complete; no suspect identified
8c52ab995552318cf5454ba945e218b529a4a78610b2fa054a1d2fa714e98e71,2014-10,Northumbria Police,Northumbria Police,-1.489224,54.979693,On or near HIBERNIAN ROAD,E01008600,South Tyneside 007A,Investigation complete; no suspect identified
45431fd2f5333866ef4c06fade3ae76c7bfca4ab7be98ce0cf9c883c513e8266,2014-10,Northumbria Police,Northumbria Police,-1.656255,54.989985,On or near Pedestrian Subway,E01008380,Newcastle upon Tyne 008G,Investigation complete; no suspect identified
401532b83a76ead2d30a413b3e9534b4b6473505737c8a093ae6c9d13ea42a31,2014-10,Northumbria Police,Northumbria Police,-1.577563,54.933690,On or near SUNDEW ROAD,E01008221,Gateshead 021C,Suspect charged
982a9ac232489cebf29b0ac8a6fbd4fafe374d6af8498b1abaf9c32732b8f6d1,2014-10,Northumbria Police,Northumbria Police,-1.491731,54.841601,On or near Petrol Station,E01008750,Sunderland 033A,Suspect charged as part of another case
072b9c751e469afd5d2b97184c07c963a9306810ade3a7993eed989f0a31044e,2014-10,Northumbria Police,Northumbria Police,-1.481359,54.868462,On or near B1286,E01008801,Sunderland 030E,Suspect charged
98d5a936b57455d4bece2ec6aacbe96068b5bcecb316a1c4cb065d279fc7f5ff,2014-10,Northumbria Police,Northumbria Police,-1.697630,54.993231,On or near Supermarket,E01008325,Newcastle upon Tyne 015B,Investigation complete; no suspect identified
eb84e3a90572d3403b957411bfbd0b5655b9e46eb7e3baf5dd70a42c9e1a34bc,2014-10,Northumbria Police,Northumbria Police,-1.448597,54.929651,On or near HYLTON LANE,E01008837,Sunderland 003B,Investigation complete; no suspect identified
216c0d2dacedf45704576f37389747246d587a49c4ed85ee21cb68e828bff4f4,2014-10,Northumbria Police,Northumbria Police,-1.529164,54.951278,On or near PARKLANDS,E01008287,Gateshead 014D,Investigation complete; no suspect identified
95e8a4089ce5d37ebac7383a677235b526ae5e1329b1163120642d01b6ad4d9a,2014-10,Northumbria Police,Northumbria Police,-1.488513,54.998732,On or near FIRTREES AVENUE,E01008542,North Tyneside 028B,Investigation complete; no suspect identified
c419914f275073dfa77308bf50682a53aa4a965af92bc9f93852b3732bab5f5f,2014-10,Northumbria Police,Northumbria Police,-1.648896,54.971820,On or near VENTNOR AVENUE,E01008335,Newcastle upon Tyne 029E,Investigation complete; no suspect identified
7632e3475a27337130e2306446ae3c9a16c07b956d4dbd90e19fa66ae63bee81,2014-10,Northumbria Police,Northumbria Police,-1.376141,54.897444,On or near TOWARD ROAD,E01008735,Sunderland 016B,Investigation complete; no suspect identified
512b917b7285ff72ff80c64033b5fd8a763d3106bc57a21491cb2902fbd02b47,2014-10,Northumbria Police,Northumbria Police,-1.674759,54.953300,On or near MARKET LANE,E01008262,Gateshead 009A,Investigation complete; no suspect identified
2ece215ab3183af55cd8a74b1d8109685063791b68d4930bca3ce08b8e62d786,2014-10,Northumbria Police,Northumbria Police,-1.385556,54.932512,On or near AMBLESIDE TERRACE,E01008722,Sunderland 001B,Investigation complete; no suspect identified
ffd15624bd72e91a3c2b2959c888d3573a30a109ec067bde28274b5c47bf2eaa,2014-10,Northumbria Police,Northumbria Police,-1.414358,54.910394,On or near ANCONA STREET,E01008701,Sunderland 011A,Suspect charged
4c5f624504403cbeb90907e059ac6580e9d924122b73f0739814004e2d9f0208,2014-10,Northumbria Police,Northumbria Police,-1.515843,55.069682,On or near RYAL CLOSE,E01027421,Northumberland 030E,Investigation complete; no suspect identified
60dce0104478fa34b948f1fcd0985c4f1ed0bf4774206b20c2de1b083960ac3c,2014-10,Northumbria Police,Northumbria Police,-1.536580,55.020537,On or near Supermarket,E01008501,North Tyneside 018D,Investigation complete; no suspect identified
a23f55bff3986cabc9174673ad6f2debdc91cae6117d30837c821a541a6ede51,2014-10,Northumbria Police,Northumbria Police,-1.602496,54.962754,On or near Parking Area,E01008166,Gateshead 027C,Suspect charged
42e7db8e6f332c8851c1be75476b7ffeaec57986e3845a2e894f30ee13a931de,2014-10,Northumbria Police,Northumbria Police,-1.455817,54.970508,On or near BLYTON AVENUE,E01008672,South Tyneside 012D,Investigation complete; no suspect identified
6b44acfc8c43fd77ae141b7ea4f927b272adff4493532771c81f86c71ea15662,2014-10,Northumbria Police,Northumbria Police,-1.680662,54.996494,On or near WELLFIELD LANE,E01008445,Newcastle upon Tyne 031D,Investigation complete; no suspect identified
ad73ca54e9a6160f6aea38fee8f9919a67da55de71a8c5c7b9910f0b0e3d0a34,2014-10,Northumbria Police,Northumbria Police,-1.547817,54.985146,On or near WESTBURY AVENUE,E01008435,Newcastle upon Tyne 020E,Investigation complete; no suspect identified
1241672c81ace164431c7e816de5e725a918bc78dd50ca00ec94c93ffbf90218,2014-10,Northumbria Police,Northumbria Police,-1.536580,55.020537,On or near Supermarket,E01008501,North Tyneside 018D,Investigation complete; no suspect identified
8faebb390da0265e981037af7f27d3293de95b9d9f68f522aef74e367113bfdb,2014-10,Northumbria Police,Northumbria Police,-1.442950,55.040202,On or near STATION SQUARE,E01008588,North Tyneside 006D,Suspect charged
feb66344850d151256e2e9fcd0a28b3f532d44f7bf7ef09bcb04ef2de65be0ca,2014-10,Northumbria Police,Northumbria Police,-1.647767,54.999171,On or near MONTPELLIER PLACE,E01008379,Newcastle upon Tyne 008F,Investigation complete; no suspect identified
d0407cc71a4dc61b71485b63a5400e3ce12797c6d01f82996261bb84ece0c5c0,2014-10,Northumbria Police,Northumbria Police,-1.541969,55.023900,On or near ROSEBERRY GRANGE,E01008503,North Tyneside 018E,Investigation complete; no suspect identified
d0407cc71a4dc61b71485b63a5400e3ce12797c6d01f82996261bb84ece0c5c0,2014-10,Northumbria Police,Northumbria Police,-1.541969,55.023900,On or near ROSEBERRY GRANGE,E01008503,North Tyneside 018E,Investigation complete; no suspect identified
d0407cc71a4dc61b71485b63a5400e3ce12797c6d01f82996261bb84ece0c5c0,2014-10,Northumbria Police,Northumbria Police,-1.541969,55.023900,On or near ROSEBERRY GRANGE,E01008503,North Tyneside 018E,Investigation complete; no suspect identified
d0407cc71a4dc61b71485b63a5400e3ce12797c6d01f82996261bb84ece0c5c0,2014-10,Northumbria Police,Northumbria Police,-1.541969,55.023900,On or near ROSEBERRY GRANGE,E01008503,North Tyneside 018E,Investigation complete; no suspect identified
735f4e56de9daa7ce49d5c66a7e759cf37ebe1e5285a3cf0537e0c0bc08e2bc5,2014-10,Northumbria Police,Northumbria Police,-1.541969,55.023900,On or near ROSEBERRY GRANGE,E01008503,North Tyneside 018E,Investigation complete; no suspect identified
e72853053741c60e95379bed595f292919ef4db3705aa97e060ea34160905264,2014-10,Northumbria Police,Northumbria Police,-1.581533,55.069872,On or near WINDBURGH DRIVE,E01027407,Northumberland 031C,Investigation complete; no suspect identified
63e550cd1e76409f1987f60910cf4cee78e2d9b4c78974061f5751d9beb93f0d,2014-10,Northumbria Police,Northumbria Police,-1.568544,54.965622,On or near THE ROPERY,E01008301,Newcastle upon Tyne 026A,Investigation complete; no suspect identified
0d4b3ff6e973830f402bd53e5dfb66831dc78d912d8a5e249eed702eed53b286,2014-10,Northumbria Police,Northumbria Police,-1.414256,54.907788,On or near ST LUKE'S TERRACE,E01008757,Sunderland 015A,Investigation complete; no suspect identified
7092042e314205c7f9a5174c64fd7cea10c08e1106230f959373f6c1831a451d,2014-10,Northumbria Police,Northumbria Police,-1.690095,55.167901,On or near Shopping Area,E01027453,Northumberland 016B,Investigation complete; no suspect identified
8c5b955e922090f377d3e81cb5156e1285f90cd46823784cf4b8f8d6627c32a3,2014-10,Northumbria Police,Northumbria Police,-1.849908,54.964497,On or near CARNABY CLOSE,E01027497,Northumberland 038A,Investigation complete; no suspect identified
7680d45b508a34c029e22e182e1628d4a98182a6e95eaad6790e521b5d6b0234,2014-10,Northumbria Police,Northumbria Police,-1.464331,54.838895,On or near HALL LANE,E01008715,Sunderland 034B,Investigation complete; no suspect identified
ad268531583df81feced00e64730c1a6f6ed245d0ea3a8d6cb76b7c17c2fa777,2014-10,Northumbria Police,Northumbria Police,-1.583612,54.938824,On or near QUEEN ELIZABETH AVENUE,E01008219,Gateshead 016A,Investigation complete; no suspect identified
9b67bd20630e53d9ab721c9d1b46ee1ba2b140d5266ee63a0f348418cfe06753,2014-10,Northumbria Police,Northumbria Police,-1.719610,54.954517,On or near PARKSIDE AVENUE,E01008280,Gateshead 004E,Investigation complete; no suspect identified
445cb8b37b2a89f58dc0d48c4dc89fca194c06f5a2fa483bb6bd542b778ef185,2014-10,Northumbria Police,Northumbria Police,-1.378401,54.902568,On or near TOWARD ROAD,E01008836,Sunderland 016F,Investigation complete; no suspect identified
1dfd75bde24d88e42b2aac92cb39e0cc58d870fb47d94bb58a2448d6cbd3129a,2014-10,Northumbria Police,Northumbria Police,-1.416321,54.928907,On or near WITNEY CLOSE,E01008821,Sunderland 004D,Investigation complete; no suspect identified
5af2fa71b465f967f0c671b78469c268fd37c0cf340e8150807c88271e839672,2014-10,Northumbria Police,Northumbria Police,-1.519703,54.973482,On or near Parking Area,E01008641,South Tyneside 010C,Investigation complete; no suspect identified
7a813c5b2eb1d8053c90365f15f6631d61a482daf300d3b17a853622d32678e3,2014-10,Northumbria Police,Northumbria Police,-1.606039,54.985393,On or near ESLINGTON TERRACE,E01008370,Newcastle upon Tyne 017C,Investigation complete; no suspect identified
982aefc4c784c2de4779c5ca740e00d50c5441d6f8dbe9c2cd3c71435c80ae45,2014-10,Northumbria Police,Northumbria Police,-1.642323,54.957324,On or near KINGFISHER COURT,E01008209,Gateshead 007A,Offender given a caution
982aefc4c784c2de4779c5ca740e00d50c5441d6f8dbe9c2cd3c71435c80ae45,2014-10,Northumbria Police,Northumbria Police,-1.642323,54.957324,On or near KINGFISHER COURT,E01008209,Gateshead 007A,Suspect charged
86a00efb8ed1b2549ace27920ab3be9b073c30e346068ec18a1a988d03d0b70a,2014-10,Northumbria Police,Northumbria Police,-1.419756,54.986229,On or near Further/Higher Educational Building,E01008673,South Tyneside 003A,Offender given a caution
1ba6bc1bd9733eea0b224264ad635288a7ab03bc6178f1b34c52ed534a3b05fa,2014-10,Northumbria Police,Northumbria Police,-1.372414,54.917554,On or near BRANDLING STREET SOUTH,E01008787,Sunderland 006B,Investigation complete; no suspect identified
d21f43057e1b96e228a958362ddbcd24c90e53b075615a9e99200726e13efb5e,2014-10,Northumbria Police,Northumbria Police,-1.472027,54.970912,On or near PORLOCK ROAD,E01008601,South Tyneside 012A,Investigation complete; no suspect identified
4be1f656fe84e9221c8fc316dd3067a1ed95c3377393921c97d337fbfc9c4321,2014-10,Northumbria Police,Northumbria Police,-1.446147,54.983081,On or near TEMPLE TOWN,E01008671,South Tyneside 012C,Investigation complete; no suspect identified
9d65c56540870cc42b564111b688ac34b31aac6bbe31dfe79c9db311d1772e1f,2014-10,Northumbria Police,Northumbria Police,-1.383595,54.913747,On or near BACK NORTH BRIDGE STREET,E01008791,Sunderland 006F,Investigation complete; no suspect identified
7f18a9573647d71ea0d0d3b10f3fb5618a892a2c2a3b2c5232ad3921890c32a6,2014-10,Northumbria Police,Northumbria Police,-1.572595,54.969510,On or near JANET STREET,E01008301,Newcastle upon Tyne 026A,Investigation complete; no suspect identified
7119b8df0a57a6697e0f7258b67b68a92056e8fda0a6e90bb81959d7e07d17cc,2014-10,Northumbria Police,Northumbria Police,-1.658434,54.992839,On or near BRIERYSIDE,E01008300,Newcastle upon Tyne 016A,Investigation complete; no suspect identified
839a9017f58e7c7ec6c3e4c0e1caf401e43c049f3dcd2916f695ce8bcf9e1451,2014-10,Northumbria Police,Northumbria Police,-1.611983,54.973470,On or near HOOD STREET,E01033543,Newcastle upon Tyne 024G,Suspect charged
c82d2419d4d626246a0a7d9097d2b39ffda15a6411641e5569ce836adeccc84c,2014-10,Northumbria Police,Northumbria Police,-1.656873,54.976148,On or near WEST ROAD,E01008334,Newcastle upon Tyne 029D,Investigation complete; no suspect identified
2562ea0c40c865ae3c2eceb3a94570a78134cbdf35afb9304f38a1118402db60,2014-10,Northumbria Police,Northumbria Police,-1.669999,54.989232,On or near SILVER LONNEN,E01008451,Newcastle upon Tyne 016C,Investigation complete; no suspect identified
9b39bf540d09d55f3138393b8d376d49ccdc17df36e8120ed007df770cf8c1d2,2014-10,Northumbria Police,Northumbria Police,-1.691345,54.973185,On or near BANKSIDE ROAD,E01033547,Newcastle upon Tyne 025E,Investigation complete; no suspect identified
1715b65db03e57c2c664d3a5bcf7fb0d7b46706454bb1026ecebeeb1b34f3913,2014-10,Northumbria Police,Northumbria Police,-1.577226,54.976176,On or near CONYERS ROAD,E01008303,Newcastle upon Tyne 018A,Investigation complete; no suspect identified
279338034026ddbb8bc18e7a3888253ada609ad93dd49d9df3192e6acde1f01f,2014-10,Northumbria Police,Northumbria Police,-1.626893,54.957539,On or near CHRISTMAS PLACE,E01008258,Gateshead 007C,Investigation complete; no suspect identified
28cfc03ee503c701c50abc2deec09d34e4f2267dd1abc1aa4cb0cc97c3ed8a4c,2014-10,Northumbria Police,Northumbria Police,-1.418749,54.950971,On or near WEST DRIVE,E01008620,South Tyneside 023D,Investigation complete; no suspect identified
376e23f92d0c30f32fca00f70f1ffbdcaa66fbdec68a93802afe6041b05549ec,2014-10,Northumbria Police,Northumbria Police,-1.585109,55.086005,On or near Parking Area,E01027409,Northumberland 029B,Investigation complete; no suspect identified
e1e1bb9838f98d7e983848a832063223e79e089c08d303e481a7600c0e033705,2014-10,Northumbria Police,Northumbria Police,-1.683798,55.003170,On or near YETHOLM PLACE,E01008457,Newcastle upon Tyne 004C,Investigation complete; no suspect identified
69029677fd8a019e1624abf71e5cb5fc1ee3f1205efb90ff07b2c306553de2b7,2014-10,Northumbria Police,Northumbria Police,-1.683067,54.984827,On or near KESWICK GROVE,E01008344,Newcastle upon Tyne 019B,Investigation complete; no suspect identified
1c4ed7b7e6385fd96c559cbb7da9896cff0d2603f29761653ece93746aec1c2f,2014-10,Northumbria Police,Northumbria Police,-1.591397,55.008431,On or near LEALHOLM ROAD,E01008321,Newcastle upon Tyne 007D,Investigation complete; no suspect identified
a74c7ecef664972d1f0b9a280946916ef76d46477f676cce55f940ea4420f9f4,2014-10,Northumbria Police,Northumbria Police,-1.400863,54.982049,On or near CHEVIOT ROAD,E01008651,South Tyneside 004D,Investigation complete; no suspect identified
97dc820558e329e9ac61e22df34cd89f1078dee2121b2b6fd4256944ce284053,2014-10,Northumbria Police,Northumbria Police,-1.469486,55.009614,On or near CENTRAL AVENUE,E01008481,North Tyneside 023A,Investigation complete; no suspect identified
1082f461bb43aeca9e60dcff1d6509c99934eb23bb32adfe6703fe737085dd8f,2014-10,Northumbria Police,Northumbria Police,-1.520888,54.909342,On or near SPOUT LANE,E01008853,Sunderland 009A,Investigation complete; no suspect identified
0e7d5ee676d176c5c42fe4f73ce96f30a6e3ef1c8fc335762a2796a663b7b555,2014-10,Northumbria Police,Northumbria Police,-1.585892,54.941752,On or near TRIBUNE PLACE,E01008201,Gateshead 011B,Investigation complete; no suspect identified
23a74f1a202af09cfd5f0516795cf922a379a096ebfd80f07d7295f028f609ea,2014-10,Northumbria Police,Northumbria Police,-1.668577,54.981536,On or near LEMINGTON GARDENS,E01008347,Newcastle upon Tyne 019E,Investigation complete; no suspect identified
56284bd18f8079475b77556c1ee56b71ad56041fc91f130d14f974d70ffa7ec2,2014-10,Northumbria Police,Northumbria Police,-1.383171,54.863933,On or near BURDON LANE,E01008766,Sunderland 028C,Investigation complete; no suspect identified
34e641783cdb51df5ef28952df7eb933cfbfdbac2718a8edac150a0b07e5c0b8,2014-10,Northumbria Police,Northumbria Police,-1.711346,54.961507,On or near BIRCH ROAD,E01008178,Gateshead 004A,Investigation complete; no suspect identified
3a9a500f31329e96fb4a28c7d218386888ffd3e516ce700a586cd55dddc01710,2014-10,Northumbria Police,Northumbria Police,-1.554152,54.987362,On or near IVY ROAD,E01008433,Newcastle upon Tyne 020C,Investigation complete; no suspect identified
35e7691844a110475ac942c3de491a18c83cb65a5904d841cd419e77f078a168,2014-10,Northumbria Police,Northumbria Police,-1.554152,54.987362,On or near IVY ROAD,E01008433,Newcastle upon Tyne 020C,Investigation complete; no suspect identified
ab85bc735e79c1fdb95faee93fd9788966b1aebd619c0fd95a1974535654516e,2014-10,Northumbria Police,Northumbria Police,-1.414678,54.905588,On or near HAZLEDENE TERRACE,E01008757,Sunderland 015A,Suspect charged
ab85bc735e79c1fdb95faee93fd9788966b1aebd619c0fd95a1974535654516e,2014-10,Northumbria Police,Northumbria Police,-1.414678,54.905588,On or near HAZLEDENE TERRACE,E01008757,Sunderland 015A,Investigation complete; no suspect identified
84c953da4f0645c18b2b27b11a60f161b84b26790064cc98983dac1afc8b8033,2014-10,Northumbria Police,Northumbria Police,-1.532306,54.989931,On or near STATION ROAD,E01008575,North Tyneside 030E,Investigation complete; no suspect identified
84c953da4f0645c18b2b27b11a60f161b84b26790064cc98983dac1afc8b8033,2014-10,Northumbria Police,Northumbria Police,-1.532306,54.989931,On or near STATION ROAD,E01008575,North Tyneside 030E,Suspect charged
84c953da4f0645c18b2b27b11a60f161b84b26790064cc98983dac1afc8b8033,2014-10,Northumbria Police,Northumbria Police,-1.532306,54.989931,On or near STATION ROAD,E01008575,North Tyneside 030E,Suspect charged
2299baf7dc2ff5a36b30362ebe7b00620ce910bc607480dd49904c52174f5f2e,2014-10,Northumbria Police,Northumbria Police,-1.837955,54.961786,On or near WEST WYLAM DRIVE,E01027498,Northumberland 038B,Investigation complete; no suspect identified
15d6fb19a882de34b43ddf3d2f5bfd2f8f9caf2625cb60e8ba9e6a33f5a17043,2014-10,Northumbria Police,Northumbria Police,-1.574560,54.972743,On or near CLYDESDALE ROAD,E01008302,Newcastle upon Tyne 026B,Offender given a caution
cc29fa1eca79fe353e5ac76845510e3600fa4a1abf8e00b2f3536e89c75df190,2014-10,Northumbria Police,Northumbria Police,-1.450916,55.005722,On or near COACH LANE,E01008544,North Tyneside 027D,Investigation complete; no suspect identified
a1440fc8eaf90beb57e72f4c6aef78a4cc1d5e5b9fbbe592f09d0aef0661d020,2014-10,Northumbria Police,Northumbria Police,-1.563973,55.034297,On or near GARTH THIRTY THREE,E01008505,North Tyneside 012B,Investigation complete; no suspect identified
163477ae109089d048077ddfed696ad7c22d4cd6ad376872862895e00cb34638,2014-10,Northumbria Police,Northumbria Police,-1.483875,54.983723,On or near PEARSON PLACE,E01008604,South Tyneside 007B,Investigation complete; no suspect identified
45f35e56c263d78e16d7653825f22d3b1435e8ef75422f09a6ba93b967885086,2014-10,Northumbria Police,Northumbria Police,-1.434679,54.972991,On or near FORTH COURT,E01008590,South Tyneside 011A,Investigation complete; no suspect identified
ec45bd6395fe12023e938915c7b49e49f66295ebc4a4407b069b87811ca35615,2014-10,Northumbria Police,Northumbria Police,-1.585320,55.089798,On or near NEEDHAM PLACE,E01027404,Northumberland 028E,Investigation complete; no suspect identified
3472c2e2b87ecf6ce42ee39b6a8dcc00558e838f9f4797d5c0ff7397e27f4a1e,2014-10,Northumbria Police,Northumbria Police,-1.685316,54.987053,On or near HAYDON PLACE,E01008345,Newcastle upon Tyne 019C,Investigation complete; no suspect identified
0a230e7c2a9ef8ecabf6c80dd7cb165bfc3c0e61b923e9d633aeacdd729e45f1,2014-10,Northumbria Police,Northumbria Police,-1.683231,54.997831,On or near GARTHFIELD CORNER,E01008445,Newcastle upon Tyne 031D,Investigation complete; no suspect identified
805cb69b311e97cfe29e9079b06ff800961deb57ca6df11492da78daaffd4f21,2014-10,Northumbria Police,Northumbria Police,-1.801753,55.670345,On or near PRIOR LANE,E01027380,Northumberland 002C,Investigation complete; no suspect identified
28d8ad876158df4bf414944ea5c30ce5287b726f77135504914ebe8afe2c5eaa,2014-10,Northumbria Police,Northumbria Police,-1.553372,55.126582,On or near CHASE FARM DRIVE,E01027425,Northumberland 025A,Investigation complete; no suspect identified
d11db3441c98bf88b03552d02489496540e55b20d83a85717617e4804c208bbe,2014-10,Northumbria Police,Northumbria Police,-1.523923,55.113270,On or near Petrol Station,E01027430,Northumberland 024E,Investigation complete; no suspect identified
cdf636262e07425e8c2f31575b2e02409f46556ae6fc292fdc414cf81400ff73,2014-10,Northumbria Police,Northumbria Police,-1.441682,54.943323,On or near DIPE LANE,E01008617,South Tyneside 023C,Investigation complete; no suspect identified
88f1b87179d99184e3e08dbc5f2b06e12eaf3b55dc4c98199b47b155cc6adabb,2014-10,Northumbria Police,Northumbria Police,-1.368507,54.919942,On or near HARBOUR VIEW,E01008789,Sunderland 006D,Investigation complete; no suspect identified
d65b7017143235d9ddd7200b824ceb9c9f85a2fc2e55e85e81ba1d03e7187556,2014-10,Northumbria Police,Northumbria Police,-1.437359,54.994705,On or near STATION ROAD,E01008667,South Tyneside 002D,Investigation complete; no suspect identified
3143d96bf0cd160951105ba1f372c36ad874084c6bfacf5f15a4fc9b9fe883ee,2014-10,Northumbria Police,Northumbria Police,-1.612959,54.972619,On or near Nightclub,E01033543,Newcastle upon Tyne 024G,Investigation complete; no suspect identified
6da243daee0af9c142203f8c0cebf828fdefaaa3e4d85734a639673997209cc3,2014-10,Northumbria Police,Northumbria Police,-1.727321,54.957104,On or near JOBLING AVENUE,E01008280,Gateshead 004E,Investigation complete; no suspect identified
2380319c581c59dacaa6808b22afc7b279a31e929934f22231ce696037b5d291,2014-10,Northumbria Police,Northumbria Police,-1.501772,55.007297,On or near INGRAM CLOSE,E01008512,North Tyneside 026D,Offender given a caution
9b44c68e48903e0ff6e1c65b32deaed53377544583d9d2b99e1320713ebba632,2014-10,Northumbria Police,Northumbria Police,-1.584932,55.086427,On or near SMITHY SQUARE,E01027409,Northumberland 029B,Investigation complete; no suspect identified
ae773a6c29bed6877d5444a29957c67031e15982faefcfc3f58166d025f3f516,2014-10,Northumbria Police,Northumbria Police,-1.605905,54.992717,On or near Supermarket,E01008372,Newcastle upon Tyne 013D,Investigation complete; no suspect identified
caa4c77744479ad49bea1655b66a40d93e9452a791896e3b54154845db31dc18,2014-10,Northumbria Police,Northumbria Police,-1.605905,54.992717,On or near Supermarket,E01008372,Newcastle upon Tyne 013D,Investigation complete; no suspect identified
4049cc3194ff919fc5e3a736c5923300c1f9a38c37b8cc6524668e56ceed2488,2014-10,Northumbria Police,Northumbria Police,-1.634473,55.005027,On or near HALTERBURN CLOSE,E01008356,Newcastle upon Tyne 006C,Offender given a caution
8494eb61a91b18757f89910a3e3b36cf75b1dacf7c6ffad2a749c93e0557ed40,2014-10,Northumbria Police,Northumbria Police,-1.502179,55.118377,On or near CHAMBERLAIN STREET,E01027441,Northumberland 023D,Investigation complete; no suspect identified
92d062f0f59ccf585930c6db25cdaa4b7d8690b10c87c0dae258a3030b16b4c1,2014-10,Northumbria Police,Northumbria Police,-2.003879,55.769790,On or near MARYGATE,E01027377,Northumberland 001B,Investigation complete; no suspect identified
48252482ba06c13c86824741b09504668a88460a0361774d3901b9085d13bb24,2014-10,Northumbria Police,Northumbria Police,-1.633814,54.964075,On or near HORNBEAM PLACE,E01008438,Newcastle upon Tyne 029G,Investigation complete; no suspect identified
6e5c437abc6bc6739ea058a4046c0cfec386acad8f05b1c8a43e40d34568a72c,2014-10,Northumbria Police,Northumbria Police,-1.472566,54.846156,On or near SUNRISE LANE,E01008754,Sunderland 034F,Investigation complete; no suspect identified
1ebb2fea4d874015a53a10ee0d2bf40aef79ccfc585ba67fb4343726d0abbb6f,2014-10,Northumbria Police,Northumbria Police,-1.509253,55.119385,On or near ARCADIA TERRACE,E01027441,Northumberland 023D,Investigation complete; no suspect identified
a1782004bc6fbb80d4e5bdc499fa45ce741d68b83e9aaaf293a4da525e179aaa,2014-10,Northumbria Police,Northumbria Police,-1.621476,54.968971,On or near SUNDERLAND STREET,E01033545,Newcastle upon Tyne 024H,Investigation complete; no suspect identified
8f306b9ee20eb617f8c6115609ebad5201c42a7d5fa4b4ee2fb046cf6f120a13,2014-10,Northumbria Police,Northumbria Police,-1.574344,55.090650,On or near PORTLAND GARDENS,E01027405,Northumberland 028F,Investigation complete; no suspect identified
eb0b3726206cb491e673e309cede6236c913a01d259412e55d6f13e3221718e9,2014-10,Northumbria Police,Northumbria Police,-1.575290,54.974641,On or near MICHAELGATE,E01008305,Newcastle upon Tyne 026D,Investigation complete; no suspect identified
9b24d574076f0beb985bf26bf23bec3c51c0aa00440683768ee5a1bc84f7b3c2,2014-10,Northumbria Police,Northumbria Police,-1.554497,55.126945,On or near Supermarket,E01027425,Northumberland 025A,Investigation complete; no suspect identified
ff6f87e4f96db3286935fb3ec71d44089122338396a76c876f26b95b011fcc1f,2014-10,Northumbria Police,Northumbria Police,-1.617092,54.902656,On or near Sports/Recreation Area,E01008226,Gateshead 025D,Investigation complete; no suspect identified
8b3adb1406438ee622169c283cc7beba9775e6d8da88f6412028ac3b7feea0a0,2014-10,Northumbria Police,Northumbria Police,-1.622131,54.954109,On or near DERWENTWATER ROAD,E01008257,Gateshead 008E,Investigation complete; no suspect identified
b47ce61e937d467128fda684da6f167d6dbf352a71acc059de54e9d14bdf2abc,2014-10,Northumbria Police,Northumbria Police,-1.470178,55.034203,On or near MOUNT CLOSE,E01008552,North Tyneside 009A,Investigation complete; no suspect identified
ade36a1c8f730bfb26222a5fd7b9ca3eb69379c0198ed9c6d8dddbc14b3e8513,2014-10,Northumbria Police,Northumbria Police,-1.500208,54.975848,On or near HOWE STREET,E01008654,South Tyneside 009D,Investigation complete; no suspect identified
b9b23c3826afb1e71e9b5e89004885c308d69313a5a67c2f2bb74dc5de00ae61,2014-10,Northumbria Police,Northumbria Police,-1.612959,54.972619,On or near Nightclub,E01033543,Newcastle upon Tyne 024G,Investigation complete; no suspect identified
9751c7b5d103d6341c8fcbe7e27a3515021ce211585cd99d10179ab946f3e1e1,2014-10,Northumbria Police,Northumbria Police,-1.617120,54.978617,On or near EDWARD'S WALK,E01008397,Newcastle upon Tyne 024C,Investigation complete; no suspect identified
979d864360fd0d67b56b21918f571e86ea7965ad5a5867933905579e2e1ab732,2014-10,Northumbria Police,Northumbria Police,-1.560789,55.060848,On or near REID'S LANE,E01027435,Northumberland 032D,Investigation complete; no suspect identified
6d833898bef1cbdf120bbfe0526cdead2c46c2cf501182069b7ee2d4e4269411,2014-10,Northumbria Police,Northumbria Police,-1.571591,55.091646,On or near HUMSFORD GROVE,E01027399,Northumberland 028D,Investigation complete; no suspect identified
bbddf26887c55752ecc1797230b1b17a34877e513dfe4feda92c19c0481f4a60,2014-10,Northumbria Police,Northumbria Police,-1.575475,54.977823,On or near GLENDALE TERRACE,E01008392,Newcastle upon Tyne 026F,Investigation complete; no suspect identified
5b571e2d39c595854c7efd5938700115ae883c07ad0854820796bcd6c27c3f4e,2014-10,Northumbria Police,Northumbria Police,-1.573912,55.084142,On or near VILLAGE ROAD,E01027397,Northumberland 028C,Investigation complete; no suspect identified
5d3aa75f1784a06e0ca3ed594ae4851c85f1b27207a869a327eac028232eeeb8,2014-10,Northumbria Police,Northumbria Police,-2.270005,55.276831,On or near Parking Area,E01027503,Northumberland 019C,Investigation complete; no suspect identified
2711bfeec887e98d2ccf2b2aad693175fc6442afc3e02f6b0337924174e2b05e,2014-10,Northumbria Police,Northumbria Police,-1.624282,54.971235,On or near CROSS VILLA PLACE NO 2,E01033554,Newcastle upon Tyne 024I,Suspect charged
9d51ab6d2b26e4f25467b002341fd130538f5c8a436d741bd4d84a2cf1f2135f,2014-10,Northumbria Police,Northumbria Police,-1.562237,55.078754,On or near WELDON ROAD,E01027395,Northumberland 028A,Investigation complete; no suspect identified
bbafab87b974a8936866654777926c88c86146fa34d67636e9439b8b8ab8f831,2014-10,Northumbria Police,Northumbria Police,-2.255059,55.143010,On or near CROSS STREET,E01027479,Northumberland 019A,Investigation complete; no suspect identified
937d9646b2a1001134948b20c17afb639a55850fa1ec82d5823de68916e76e8f,2014-10,Northumbria Police,Northumbria Police,-1.405240,54.972383,On or near PRINCE EDWARD ROAD,E01033074,South Tyneside 013E,Investigation complete; no suspect identified
88278bccf8ea54ed6bdee0513ab7cdc919ffd027a178d7101b1d63c87a2bb013,2014-10,Northumbria Police,Northumbria Police,-1.503739,54.973292,On or near BEDE WALK,E01008655,South Tyneside 009E,Investigation complete; no suspect identified
208f98229283120906c4030be138657023ceaed25fdd6ec4a98dac1754eb02d6,2014-10,Northumbria Police,Northumbria Police,-1.494547,55.011149,On or near Shopping Area,E01008491,North Tyneside 015D,Local resolution
5f91a9a38a8c17eeecf6a482e27e7aca3bf2cf8c5b277b3cb8c3097fdf754c8d,2014-10,Northumbria Police,Northumbria Police,-1.586985,54.976757,On or near Petrol Station,E01008304,Newcastle upon Tyne 026C,Investigation complete; no suspect identified
9d9fe4148cf3589f8927a69348f9ab8af6eb30863f4e7d8a14533347b490ef16,2014-10,Northumbria Police,Northumbria Police,-1.455728,55.016419,On or near ANCROFT AVENUE,E01008526,North Tyneside 020C,Investigation complete; no suspect identified
2a3cb3e4a1857736ba59d004f2110e6dd6e9d325634ad1988e51ea676480b38e,2014-10,Northumbria Police,Northumbria Police,-1.575754,54.883045,On or near YORK ROAD,E01008174,Gateshead 026C,Investigation complete; no suspect identified
e54672344ea9c37619caffc013d18994ee33c9864974e375393c9189a02353c9,2014-10,Northumbria Police,Northumbria Police,-1.586514,55.130500,On or near Sports/Recreation Area,E01027515,Northumberland 020A,Local resolution
941f818e0a0d5a82111c5c95d8c1e452f85b592b110233289da9575682397a61,2014-10,Northumbria Police,Northumbria Police,-1.475398,55.020297,On or near ST AIDAN'S CLOSE,E01008489,North Tyneside 015B,Investigation complete; no suspect identified
4c32391b2fad501762f416ada5e9a8f5e28cfd02f72d9a39e699296ead9a1d99,2014-10,Northumbria Police,Northumbria Police,-1.383341,54.907887,On or near Shopping Area,E01008703,Sunderland 013B,Suspect charged
e39f56f83df0b9cae38d985557691c74bb6b5b541ff954dab7b39c86c4e5b13e,2014-10,Northumbria Police,Northumbria Police,-1.549595,55.144495,On or near HAVELOCK CRESCENT,E01027552,Northumberland 020G,Investigation complete; no suspect identified
97ddac0d82e946ee5f2332304a016a510c25ea58810bc5b4fe95e8e56888df87,2014-10,Northumbria Police,Northumbria Police,-1.573336,54.903948,On or near SELKIRK CRESCENT,E01008222,Gateshead 025A,Offender given a caution
97ddac0d82e946ee5f2332304a016a510c25ea58810bc5b4fe95e8e56888df87,2014-10,Northumbria Police,Northumbria Police,-1.573336,54.903948,On or near SELKIRK CRESCENT,E01008222,Gateshead 025A,Investigation complete; no suspect identified
ad263b133ce3b411e645c28256943820fdb7ed54b9923ccd87f86537334c00b3,2014-10,Northumbria Police,Northumbria Police,-1.716051,54.994210,On or near ARNCLIFFE GARDENS,E01008328,Newcastle upon Tyne 015E,Investigation complete; no suspect identified
f932e00f9838c752d96766063ec712fd5f259daa9b817da48dfd264b43b07dd2,2014-10,Northumbria Police,Northumbria Police,-1.515748,54.972406,On or near PARK ROAD,E01008641,South Tyneside 010C,Investigation complete; no suspect identified
864eaafa4483af3cd6afccdbaa5409655ee2d66448bff668a7ba52c96d964aea,2014-10,Northumbria Police,Northumbria Police,-1.435930,55.010757,On or near WALKER PLACE,E01008561,North Tyneside 016C,Investigation complete; no suspect identified
2240d1abefe783fc92b135689ad640b8589a638b3e90ec72d6d75fdf6e045a16,2014-10,Northumbria Police,Northumbria Police,-1.610716,55.085083,On or near EASTBOURNE GARDENS,E01027412,Northumberland 029D,Offender given a caution
e56465fe163cd9d7ee8da911fb22e9d40273d5c1aab01ee43f9fb55bbf05c7c3,2014-10,Northumbria Police,Northumbria Police,-1.662201,54.981734,On or near OLIVE PLACE,E01008348,Newcastle upon Tyne 019F,Investigation complete; no suspect identified
ca22e50e9af9aa09f94e72197c137679eeea4bef4e117c10ec1d6794c7f31854,2014-10,Northumbria Police,Northumbria Police,-1.662424,54.983029,On or near LONNEN AVENUE,E01008346,Newcastle upon Tyne 019D,Suspect charged
b485b88d2f4ea1c96ff02f89cd042b80495e3a4777431d7afcc9a64ca6f48df2,2014-10,Northumbria Police,Northumbria Police,-1.662424,54.983029,On or near LONNEN AVENUE,E01008346,Newcastle upon Tyne 019D,Suspect charged
e5048cb82b8d9ad859fadb68fc899dfe540cb7e991108f2f7cfb1f9568162ace,2014-10,Northumbria Police,Northumbria Police,-1.599309,54.978605,On or near Parking Area,E01008406,Newcastle upon Tyne 023A,Suspect charged
e5048cb82b8d9ad859fadb68fc899dfe540cb7e991108f2f7cfb1f9568162ace,2014-10,Northumbria Police,Northumbria Police,-1.599309,54.978605,On or near Parking Area,E01008406,Newcastle upon Tyne 023A,Investigation complete; no suspect identified
e2432c425d0ae45e226fbe5478d2bdf2f916fd18338ee86cf6f484b0ecd56166,2014-10,Northumbria Police,Northumbria Police,-1.666590,54.981917,On or near TWO BALL LONNEN,E01008346,Newcastle upon Tyne 019D,Suspect charged
7275392d00733711dd7ac8975d703f374d4a34fff4731d4393dff3b55062aba5,2014-10,Northumbria Police,Northumbria Police,-1.649441,54.975587,On or near LEWIS DRIVE,E01008455,Newcastle upon Tyne 022G,Investigation complete; no suspect identified
7247422bd629dd820338a8f09b97ef536ba0816d4d44b8acfcb2be3a85c1ac0f,2014-10,Northumbria Police,Northumbria Police,-1.489810,54.983964,On or near ELLISON PLACE,E01008604,South Tyneside 007B,Investigation complete; no suspect identified
cd7db268d668e38fa9ffd9073c50ea96109c6628c2996d848471a87a2f55fadc,2014-10,Northumbria Police,Northumbria Police,-1.445541,55.042891,On or near YORK ROAD,E01008584,North Tyneside 006A,Suspect charged
7489ceb811b3ecd3a054d92eff13550f37763acc9dc5824fda9a928899ea2954,2014-10,Northumbria Police,Northumbria Police,-1.616405,54.950371,On or near SALTWELL ROAD,E01008170,Gateshead 008C,Investigation complete; no suspect identified
7489ceb811b3ecd3a054d92eff13550f37763acc9dc5824fda9a928899ea2954,2014-10,Northumbria Police,Northumbria Police,-1.616405,54.950371,On or near SALTWELL ROAD,E01008170,Gateshead 008C,Investigation complete; no suspect identified
df4de933ae0734f89f3f992a4c9580d158a423d4d2a3dc09c3acb3acc5a0adb4,2014-10,Northumbria Police,Northumbria Police,-1.526402,55.042738,On or near TELFORD CLOSE,E01008565,North Tyneside 007C,Offender given a caution
5b11a21291a1940e5478b325fe9230f4f4e84cb32b2987f4537862330f98dc1f,2014-10,Northumbria Police,Northumbria Police,-1.612959,54.972619,On or near Nightclub,E01033543,Newcastle upon Tyne 024G,Suspect charged
907473fd84fd9766b915cada3a8c31a3c3338ec3e3645217feb85b3fa8e9f3e2,2014-10,Northumbria Police,Northumbria Police,-1.445541,55.042891,On or near YORK ROAD,E01008584,North Tyneside 006A,Investigation complete; no suspect identified
fd9b14cf311d386388ec1d0b9a2dc1df450f1637deac29eadafc6e418aa3b184,2014-10,Northumbria Police,Northumbria Police,-1.556955,54.979761,On or near BARET ROAD,E01008391,Newcastle upon Tyne 026E,Investigation complete; no suspect identified
fd583e427dcfa40b552990ca9bc820207d24f96b2cec7ad2ab3df801e547b6fa,2014-10,Northumbria Police,Northumbria Police,-1.457477,54.890204,On or near A19,E01008730,Sunderland 021B,Offender given a drugs possession warning
dc8b33b40ad2df9dcf415e897d44b6610ae1f284188080e148a5c3e7c7ac17f5,2014-10,Northumbria Police,Northumbria Police,-1.526231,54.993547,On or near DURHAM STREET,E01008573,North Tyneside 029B,Suspect charged
37c35f66ce5e2c14d051af0c486e2276011be3440f5d246d32dd12228985c41a,2014-10,Northumbria Police,Northumbria Police,-1.397295,54.902025,On or near WESTERN HILL,E01008830,Sunderland 018B,Investigation complete; no suspect identified
d35b19bd08de37fda35ca7862dcf099c8d42306c1709510113b00f72fd5c4668,2014-10,Northumbria Police,Northumbria Police,-1.645802,55.019906,On or near BELSAY GARDENS,E01008342,Newcastle upon Tyne 003G,Investigation complete; no suspect identified
e438fd64f7852fb88febbcb6abe6f8a4fb37c5eb47a2189af5f49127e567b7d9,2014-10,Northumbria Police,Northumbria Police,-1.472602,54.968749,On or near CHILLINGHAM TERRACE,E01008601,South Tyneside 012A,Offender given a caution
7b4d480d5160108978904f9100a3c4b77683fade853450ea2290411f4e84d1f6,2014-10,Northumbria Police,Northumbria Police,-1.638866,54.968493,On or near ELSWICK ROAD,E01008438,Newcastle upon Tyne 029G,Investigation complete; no suspect identified
7603c42ebaa675c3c733123b560a82e889cacec1a4857fb24edeaf9e0baa3a2c,2014-10,Northumbria Police,Northumbria Police,-1.677110,54.987175,On or near ALLONBY WAY,E01008344,Newcastle upon Tyne 019B,Suspect charged
ad9b0e33547d67954e55d5fec0b539d8297e0521d8e2392653e79c582b4bfbe9,2014-10,Northumbria Police,Northumbria Police,-1.680007,55.000249,On or near Police Station,E01008298,Newcastle upon Tyne 011C,Investigation complete; no suspect identified
38fa143261ce95f8983ae73ec28798dc60e42ff1a400229f4c3ffd9d25309b5d,2014-10,Northumbria Police,Northumbria Police,-1.491834,54.874348,On or near WEARDALE CRESCENT,E01008800,Sunderland 030D,Suspect charged
86e80233df0a9c938939c1e5bbaa0af758043d396ef9362cb68ad6f71a80796f,2014-10,Northumbria Police,Northumbria Police,-1.611516,54.971617,On or near GREY STREET,E01033543,Newcastle upon Tyne 024G,Investigation complete; no suspect identified
2eb77a526e8a08e586adcb36287e83a3175816a5f001a556e42ec1749032efee,2014-10,Northumbria Police,Northumbria Police,-1.634757,54.965147,On or near PARK ROAD,E01008438,Newcastle upon Tyne 029G,Investigation complete; no suspect identified
8c5f8b5050e9a76868ad4357d699e482649ffcee38f1a8748cd4a90ae494f0aa,2014-10,Northumbria Police,Northumbria Police,-1.554213,54.973416,On or near CHRISTIE TERRACE,E01008426,Newcastle upon Tyne 028C,Investigation complete; no suspect identified
cad50f790dc7fe06bbec7ea954f28e123fb09f3d737f9b75a32926d473f37cd6,2014-10,Northumbria Police,Northumbria Police,-1.385155,54.906557,On or near Supermarket,E01008703,Sunderland 013B,Investigation complete; no suspect identified
555528cab86e9b307b7896ea1ff2da19dffe33e9a4997be30cdf47800b16397c,2014-10,Northumbria Police,Northumbria Police,-1.423116,54.996023,On or near BRIGHT STREET,E01008597,South Tyneside 001C,Investigation complete; no suspect identified
3a79e87255d53139b86cac58d3efede3ff0a1c6dae7af05983d3f4f6bf47c8fb,2014-10,Northumbria Police,Northumbria Police,-1.480803,54.991708,On or near CHATTON STREET,E01008540,North Tyneside 027B,Investigation complete; no suspect identified
c94d975960ca0b4bbcd4ce1bdfb900cce2e86d1b1b980ccfbffac3fb76d31480,2014-10,Northumbria Police,Northumbria Police,-1.458461,55.013223,On or near APPLEBY PARK,E01008530,North Tyneside 020D,Investigation complete; no suspect identified
0b864e0358a5996a2a0703620287fc81d491d2dc679a21b8d246231ac611fffe,2014-10,Northumbria Police,Northumbria Police,-1.657815,54.970138,On or near ADELAIDE TERRACE,E01008332,Newcastle upon Tyne 029B,Investigation complete; no suspect identified
a17e72b80e6b1c96f5702e830e07f102d5528b15fb28cb92cf503189df41aea4,2014-10,Northumbria Police,Northumbria Police,-1.508176,54.977120,On or near TENNYSON AVENUE,E01008653,South Tyneside 009C,Investigation complete; no suspect identified
8da0464712042c92e4e5a67a55b71f1cac1c8a3eadec8a1de8f766b2f98bae52,2014-10,Northumbria Police,Northumbria Police,-1.644332,55.016307,On or near PARK AVENUE,E01008337,Newcastle upon Tyne 003B,Offender given a caution
76ef7f1af99edab82fd7cfdd9fccce27c40a58f32ce4496ad728769d48f611f8,2014-10,Northumbria Police,Northumbria Police,-1.612740,54.974308,On or near Shopping Area,E01008397,Newcastle upon Tyne 024C,Investigation complete; no suspect identified
b7533e9777f379a6f0a4793e746e13d772dbf61691d74b38546b9777266669ef,2014-10,Northumbria Police,Northumbria Police,-1.658991,54.969612,On or near ETHEL STREET,E01008291,Newcastle upon Tyne 027D,Investigation complete; no suspect identified
7a41541a13d82b71e15d887628db1e42a7d4b8f2c743eede7c6f829a71c71dc3,2014-10,Northumbria Police,Northumbria Police,-1.513477,54.966421,On or near MOUNTBATTEN AVENUE,E01008646,South Tyneside 015D,Investigation complete; no suspect identified
f36a4ed4936148b7999ee61f7c68eedae0828145cc02e2a76259de9bcec132cf,2014-10,Northumbria Police,Northumbria Police,-1.578968,55.008352,On or near Supermarket,E01008320,Newcastle upon Tyne 007C,Investigation complete; no suspect identified
95d8584302da26f1e976143951001d8bc5ba1ef3a3f5682ea6f632eeaed096ab,2014-10,Northumbria Police,Northumbria Police,-1.762749,54.976409,On or near CROSS DRIVE,E01008250,Gateshead 001E,Investigation complete; no suspect identified
92c9ebecc09c5c29643a1418039f72346152f49ce7d314123f87a9b789e9ee19,2014-10,Northumbria Police,Northumbria Police,-1.617388,54.975131,On or near PERCY STREET,E01008397,Newcastle upon Tyne 024C,Investigation complete; no suspect identified
09299eaca53ac6ba49d845b981f001d86da637d98ede658a1cb3e4897478c27a,2014-10,Northumbria Police,Northumbria Police,-1.617134,54.972264,On or near NEWGATE STREET,E01033543,Newcastle upon Tyne 024G,Investigation complete; no suspect identified
874e21a0ea65f7bad51b19f793fcbf7e61fec837d192a8ee134c27b1f78d02f8,2014-10,Northumbria Police,Northumbria Police,-1.621749,54.953182,On or near BENSHAM CRESCENT,E01008257,Gateshead 008E,Investigation complete; no suspect identified
4b35025daad15156e2e840b9fbf61262434975b7e3107fc5b423dfffaebf2944,2014-10,Northumbria Police,Northumbria Police,-1.526906,54.990683,On or near HOLLY AVENUE,E01008572,North Tyneside 029A,Suspect charged
4b35025daad15156e2e840b9fbf61262434975b7e3107fc5b423dfffaebf2944,2014-10,Northumbria Police,Northumbria Police,-1.526906,54.990683,On or near HOLLY AVENUE,E01008572,North Tyneside 029A,Suspect charged
4b35025daad15156e2e840b9fbf61262434975b7e3107fc5b423dfffaebf2944,2014-10,Northumbria Police,Northumbria Police,-1.526906,54.990683,On or near HOLLY AVENUE,E01008572,North Tyneside 029A,Investigation complete; no suspect identified
fba6b17cb36569ef73daf4facb99579394f5229fe08934592c01192b7b12e048,2014-10,Northumbria Police,Northumbria Police,-1.643107,54.969332,On or near BENTINCK STREET,E01008333,Newcastle upon Tyne 029C,Investigation complete; no suspect identified
536f2fca92c6720157b762b8b290d09d5c95ed05f2391185fad77253b5603204,2014-10,Northumbria Police,Northumbria Police,-1.453899,55.039353,On or near KINGSLEY AVENUE,E01008554,North Tyneside 009C,Offender given a caution
536f2fca92c6720157b762b8b290d09d5c95ed05f2391185fad77253b5603204,2014-10,Northumbria Police,Northumbria Police,-1.453899,55.039353,On or near KINGSLEY AVENUE,E01008554,North Tyneside 009C,Investigation complete; no suspect identified
536f2fca92c6720157b762b8b290d09d5c95ed05f2391185fad77253b5603204,2014-10,Northumbria Police,Northumbria Police,-1.453899,55.039353,On or near KINGSLEY AVENUE,E01008554,North Tyneside 009C,Investigation complete; no suspect identified
bb255d5cf880b028c8b9d1234336ecb3961370a66a0f899bece07ccaa296df3b,2014-10,Northumbria Police,Northumbria Police,-1.434249,54.875612,On or near FARRINGTON AVENUE,E01008778,Sunderland 026D,Investigation complete; no suspect identified
575408f1b37fda0e50d9fc0109b3b6aba045ad4bff5a53905f0bbed002e3bc3d,2014-10,Northumbria Police,Northumbria Police,-1.378607,54.898346,On or near MOWBRAY ROAD,E01008735,Sunderland 016B,Investigation complete; no suspect identified
e13856de9a2986a04b9ea2b909390e2701a96e4726862d0dd336fc70c5080854,2014-10,Northumbria Police,Northumbria Police,-1.586120,54.952995,On or near HUMBER GARDENS,E01008165,Gateshead 011A,Investigation complete; no suspect identified
d3a57bffaf57bb67594399a21e18b0f9581bed78fabf259f0b489b0c2ffdc64d,2014-10,Northumbria Police,Northumbria Police,-1.540342,55.130559,On or near COWPEN ROAD,E01027424,Northumberland 022D,Investigation complete; no suspect identified
6e20ff1b4f581835a9dcc1bce57c8d0207e0a77750bb4a4920117c7f6829f914,2014-10,Northumbria Police,Northumbria Police,-1.514702,54.908760,On or near INDUSTRIAL ROAD,E01008853,Sunderland 009A,Investigation complete; no suspect identified
090e93c0753668309ad0f34bf36d32e60f31579413b507dcaa2b6dc4f5726e13,2014-10,Northumbria Police,Northumbria Police,-1.657792,54.980149,On or near PALM AVENUE,E01008348,Newcastle upon Tyne 019F,Investigation complete; no suspect identified
0513d32e826bd3f50ce95721f3f9e628302b05d56560fb8807c921bd5c4d4601,2014-10,Northumbria Police,Northumbria Police,-1.577200,55.045585,On or near KIRKWOOD,E01008478,North Tyneside 002A,Investigation complete; no suspect identified
12ddfa8c71df4a985fc7f67e2e52886cbab78049db39805a24d1f2547ce7660c,2014-10,Northumbria Police,Northumbria Police,-1.584829,55.332021,On or near WELLWOOD STREET,E01027361,Northumberland 006A,Suspect charged
2ea392836021cfe54371ea24ee42e8736683f44b36599771bf019318295e2bd4,2014-10,Northumbria Police,Northumbria Police,-1.477881,54.956703,On or near HEATHWAY,E01008628,South Tyneside 020B,Investigation complete; no suspect identified
ac21ad2aac86b9fe2dd019c4e3b2de1033d3142469f73ab15c5ef25b85f9f04f,2014-10,Northumbria Police,Northumbria Police,-1.403474,54.978764,On or near FELTON AVENUE,E01008636,South Tyneside 008C,Suspect charged
f14c1ac86118f5b59f93504809cd774faba345026845dce89ddbcb8f68f6bbe8,2014-10,Northumbria Police,Northumbria Police,-1.575240,54.971990,On or near BERESFORD GARDENS,E01008302,Newcastle upon Tyne 026B,Local resolution
57a8e5b9599119be9d8ee097006ed30685b2952379eff5e002f8d48841db146a,2014-10,Northumbria Police,Northumbria Police,-1.516751,55.124277,On or near ROSEBERY AVENUE,E01027431,Northumberland 023C,Investigation complete; no suspect identified
c6ff7990a2794a6befa3bd23e7bd95a6e00d3c6063c12ee3a2b68ca1f24d857d,2014-10,Northumbria Police,Northumbria Police,-1.579055,54.896869,On or near WEST STREET,E01008175,Gateshead 026D,Investigation complete; no suspect identified
c6ff7990a2794a6befa3bd23e7bd95a6e00d3c6063c12ee3a2b68ca1f24d857d,2014-10,Northumbria Police,Northumbria Police,-1.579055,54.896869,On or near WEST STREET,E01008175,Gateshead 026D,Investigation complete; no suspect identified
c9423c2f9c78c16f06587115ea7ce636f707f32b03fdce6a8b34df393184ac1f,2014-10,Northumbria Police,Northumbria Police,-1.492199,54.997732,On or near TIMLIN GARDENS,E01008542,North Tyneside 028B,Suspect charged
09b6922b921e19aad8bd83c1da36c9d9eaba86279e9822b1929d749a75275026,2014-10,Northumbria Police,Northumbria Police,-1.436707,54.976487,On or near STANHOPE ROAD,E01008591,South Tyneside 011B,Investigation complete; no suspect identified
632cecafb40ccc6fc3b0ade81ec6569cbb4879135bc4d0e39ef9e5ea9ed47df5,2014-10,Northumbria Police,Northumbria Police,-1.509941,54.996430,On or near PRIORS WAY,E01008571,North Tyneside 028D,Investigation complete; no suspect identified
5fa9e4d8740e484c4c75225f94680f05f02e154faeeb3244371cebd79bbe79a6,2014-10,Northumbria Police,Northumbria Police,-1.508933,55.006059,On or near GIBSON STREET,E01008512,North Tyneside 026D,Investigation complete; no suspect identified
16d0cda50be6d09be632f7d59a2c0ed847835ed1ebff7c2a114c5dd8858f7845,2014-10,Northumbria Police,Northumbria Police,-1.601565,54.974775,On or near BACK NEW BRIDGE STREET,E01008406,Newcastle upon Tyne 023A,Investigation complete; no suspect identified
77f02ad71b18d6ee8169aa14761a00a53bbb16115ddf23bcec107df74f0ca879,2014-10,Northumbria Police,Northumbria Police,-1.613189,54.969906,On or near COLLINGWOOD STREET,E01033545,Newcastle upon Tyne 024H,Investigation complete; no suspect identified
1b0431889c439ad90317a5bfc6ca8be800f31fde53542ad70c4d8ba98f4173cc,2014-10,Northumbria Police,Northumbria Police,-1.373260,54.881118,On or near Supermarket,E01008780,Sunderland 024D,Offender given penalty notice
c731c22d1fa927ecc3c6ade474eaa3bb2dfab4ebe3b83f5ce656727c4c73624c,2014-10,Northumbria Police,Northumbria Police,-1.532336,55.041180,On or near Parking Area,E01008565,North Tyneside 007C,Investigation complete; no suspect identified
54ff69c329e0171d5a516d6de6702f5c20b128d9a6ee58080bf8cba0c50068d0,2014-10,Northumbria Police,Northumbria Police,-1.655752,54.970249,On or near Supermarket,E01008332,Newcastle upon Tyne 029B,Investigation complete; no suspect identified
4c8a8503fb2acd73dcc87bc9ac60618a337b91f11da13387fa5d00fda65069ce,2014-10,Northumbria Police,Northumbria Police,-1.668240,55.013032,On or near KINGSTON PARK AVENUE,E01008294,Newcastle upon Tyne 001A,Investigation complete; no suspect identified
6b0ecb182e5f86c1bed0e1f12a8ab9f251d2bce3020ce8c33b03dde907af8054,2014-10,Northumbria Police,Northumbria Police,-1.615061,54.975034,On or near Shopping Area,E01008397,Newcastle upon Tyne 024C,Investigation complete; no suspect identified
dfedb7eb28f357c5bc51024e046b3382723b16c6e6b10ed563ba7efea7fb7271,2014-10,Northumbria Police,Northumbria Police,-1.612959,54.972619,On or near Nightclub,E01033543,Newcastle upon Tyne 024G,Offender given a caution
ccde91877638a5d3ba5b67434d86cc92caa957a98eb5afc71d9853b43af21886,2014-10,Northumbria Police,Northumbria Police,-1.536605,54.995303,On or near PARK VIEW,E01008536,North Tyneside 030C,Investigation complete; no suspect identified
e5403048a62826cf572b2e628a6fe63224755d01c8d0ce68b31844f3e4f810b4,2014-10,Northumbria Police,Northumbria Police,-1.588240,55.165470,On or near GLENDALE AVENUE,E01027554,Northumberland 017F,Investigation complete; no suspect identified
e617c16061fb381cb046252c2edb850ec10cf3feffc064cbd2ef5a704511ce18,2014-10,Northumbria Police,Northumbria Police,-1.368061,54.864781,On or near Hospital,E01008768,Sunderland 028D,Investigation complete; no suspect identified
5dc91165500bf0f27f7242b956b1f75c00bf23ebe56c75d2acac020dd52f2091,2014-10,Northumbria Police,Northumbria Police,-1.524424,54.991716,On or near MYRTLE GROVE,E01008572,North Tyneside 029A,Investigation complete; no suspect identified
3e5bab6772f0c66f46d9121f4bfe58ee2feacffb1104a0c517665c5121ad8743,2014-10,Northumbria Police,Northumbria Police,-1.481796,55.015355,On or near PONTELAND CLOSE,E01008491,North Tyneside 015D,Investigation complete; no suspect identified
72a3c612853f43eff6bb772c09746c08c9108cc139691a53cddd9862d9096f69,2014-10,Northumbria Police,Northumbria Police,-1.427494,54.866244,On or near MAIDSTONE CLOSE,E01008808,Sunderland 029E,Investigation complete; no suspect identified
c062bbecd90685b8af21b023f4d245d81fc01d373ea78dd9a0c616e56c1b564e,2014-10,Northumbria Police,Northumbria Police,-1.549268,55.167956,On or near FREEMAN WAY,E01027532,Northumberland 014A,Investigation complete; no suspect identified
1f29aef95ec038a4dab8389d2e24c963dda71e285bd60292a19c61f1032a6986,2014-10,Northumbria Police,Northumbria Police,-1.582016,54.964825,On or near Parking Area,E01008166,Gateshead 027C,Investigation complete; no suspect identified
cb7d97a173329d335fbed4c8be23d1312c6aefd1ddeefa700300d2a23bb1d435,2014-10,Northumbria Police,Northumbria Police,-1.466536,55.005674,On or near BAWTRY GROVE,E01008482,North Tyneside 023B,Investigation complete; no suspect identified
dee401af402a79563874f797f46988804b05aaaa3033d02a7d89d161c2f6d3b6,2014-10,Northumbria Police,Northumbria Police,-1.582016,54.964825,On or near Parking Area,E01008166,Gateshead 027C,Investigation complete; no suspect identified
2c5b1413e5301e52a23a93c309b1b9ae813ba9e7b34e99a607a114c532a162b5,2014-10,Northumbria Police,Northumbria Police,-1.620276,54.968706,On or near SCOTSWOOD ROAD,E01033545,Newcastle upon Tyne 024H,Investigation complete; no suspect identified
f5b5d592972fd95e25569172c6980eee6414bfd484deeba4ce64dd78aa8c77a1,2014-10,Northumbria Police,Northumbria Police,-1.440842,54.918355,On or near CASTLE VIEW,E01008693,Sunderland 008A,Investigation complete; no suspect identified
dcf30b72b8cdbb08b9b490599de83492e78ddcc6710efe95e1b9a3973e4555e5,2014-10,Northumbria Police,Northumbria Police,-1.577718,55.131782,On or near DENE VIEW,E01027519,Northumberland 020D,Investigation complete; no suspect identified
bfec57f222eeec33a84d1981c64300dbef98ac4e83b007737372c70ace4b0611,2014-10,Northumbria Police,Northumbria Police,-1.502466,54.892994,On or near WILDEN ROAD,E01008850,Sunderland 017D,Investigation complete; no suspect identified
75f4e02f67764a2cdbaf667cb0751d678cba1bdede588859db380ad60440cf30,2014-10,Northumbria Police,Northumbria Police,-1.416677,54.995956,On or near NORTH MAIN COURT,E01008597,South Tyneside 001C,Investigation complete; no suspect identified
eb2524443195fdd6d519d0985063c54ce3373c5e8f1150eebd65b9b9466c1dcd,2014-10,Northumbria Police,Northumbria Police,-1.468663,54.810121,On or near YORK STREET,E01008744,Sunderland 036B,Investigation complete; no suspect identified
9cb557d39633ed84b287bf495ac5913542fd0da896fa8cd98942a35be3904ec9,2014-10,Northumbria Police,Northumbria Police,-1.613245,54.955861,On or near THE MILL,E01008170,Gateshead 008C,Investigation complete; no suspect identified
aa8be0800c6c284d1e37db752dbc61185056e08fe658b2f48291ad844c900029,2014-10,Northumbria Police,Northumbria Police,-1.599859,54.987674,On or near OSBORNE AVENUE,E01008367,Newcastle upon Tyne 017A,Investigation complete; no suspect identified
6ea5faff76ffb0282b291fca178d7c6021bcc8f9dae3f76aa63ab2755e6b5f6f,2014-10,Northumbria Police,Northumbria Police,-1.420426,55.001545,On or near Parking Area,E01008598,South Tyneside 001D,Investigation complete; no suspect identified
2c8fd57af469a438fd9e6f8731a0f649b22946ed94e8e54f5ccf4efb02f0aa2d,2014-10,Northumbria Police,Northumbria Police,-1.687575,54.987885,On or near WHITBECK ROAD,E01008345,Newcastle upon Tyne 019C,Investigation complete; no suspect identified
0fb205f03286b7e019bacd94901598835bb71eea48c41f4cb467b198e776368d,2014-10,Northumbria Police,Northumbria Police,-1.653585,55.004292,On or near MAYWOOD CLOSE,E01008375,Newcastle upon Tyne 008C,Investigation complete; no suspect identified
9bc7bdb374475fd21d714b4403b5d68042423d16f9e8774ad9b60f96111baf70,2014-10,Northumbria Police,Northumbria Police,-1.677556,54.962779,On or near RIVERSIDE WAY,E01008262,Gateshead 009A,Investigation complete; no suspect identified
102788cea67cbb52940c4d635dd8b99977eebab47c358cea517c967ad89237af,2014-10,Northumbria Police,Northumbria Police,-1.595838,55.163869,On or near MELDON GARDENS,E01027534,Northumberland 017C,Investigation complete; no suspect identified
47e12324f2866d7b7a21074beed41dabc6db76c27079e633d64c9c3b13c4a144,2014-10,Northumbria Police,Northumbria Police,-1.723899,54.991720,On or near Pedestrian Subway,E01008402,Newcastle upon Tyne 014C,Local resolution
81f22cafa909b977b9a085b3160762520ada0f3c51761708df411709f5b599bb,2014-10,Northumbria Police,Northumbria Police,-1.723899,54.991720,On or near Pedestrian Subway,E01008402,Newcastle upon Tyne 014C,Local resolution
81f22cafa909b977b9a085b3160762520ada0f3c51761708df411709f5b599bb,2014-10,Northumbria Police,Northumbria Police,-1.723899,54.991720,On or near Pedestrian Subway,E01008402,Newcastle upon Tyne 014C,Local resolution
925b4382130c63a42c624205cbef602815714ed6785025f670e85bad4a2e4f22,2014-10,Northumbria Police,Northumbria Police,-2.005505,55.770059,On or near Nightclub,E01027377,Northumberland 001B,Investigation complete; no suspect identified
b6b4bfbcb6baba7368e78fc9bf17fa257c878fd7d77ae4e96900fc8934c8708c,2014-10,Northumbria Police,Northumbria Police,-1.649171,54.977950,On or near HADRIAN ROAD,E01008455,Newcastle upon Tyne 022G,Suspect charged
dc9be803c90908c83baea5d23b7ad8b18f28ea9b1af435f2572a76b9ff2d7463,2014-10,Northumbria Police,Northumbria Police,-1.543545,54.953930,On or near Supermarket,E01008244,Gateshead 003D,Investigation complete; no suspect identified
d15d71018c3e01c9f89369636e725d79857285edccfb8f0ce41d5ed5f95a4462,2014-10,Northumbria Police,Northumbria Police,-1.665282,54.988833,On or near BAVINGTON DRIVE,E01008451,Newcastle upon Tyne 016C,Investigation complete; no suspect identified
2246fcea65f144f29e3356eb939e5411c7c27c407fca1909f7ea3f7cdc7b0150,2014-10,Northumbria Police,Northumbria Police,-1.574957,54.924748,On or near SPRINGWELL AVENUE,E01008217,Gateshead 023E,Investigation complete; no suspect identified
1d6468372f2a084feb4f0cbf8227d969ce5044ea011c64eea4ae701212ed7705,2014-10,Northumbria Police,Northumbria Police,-1.598777,55.013200,On or near BYLAND ROAD,E01008513,North Tyneside 019C,Investigation complete; no suspect identified
df05f24c58a7dc9969ad3d6f0694e07476a3c4361163e6c8eebb3843861a6188,2014-10,Northumbria Police,Northumbria Police,-1.416998,55.002940,On or near Theme/Adventure Park,E01008597,South Tyneside 001C,Offender given a caution
c0bd2d2d2ddb9f98e18f6fed836da9a41ded8590b07008f420859a65829880ad,2014-10,Northumbria Police,Northumbria Police,-1.534365,54.898368,On or near Parking Area,E01008848,Sunderland 019C,Investigation complete; no suspect identified
f4b310b919b0513f8f7ef7f4a3594944a17eb787f11e2e00ea375efaec8b2e3e,2014-10,Northumbria Police,Northumbria Police,-1.391772,54.903202,On or near Further/Higher Educational Building,E01008831,Sunderland 013D,Investigation complete; no suspect identified
d66fa81e29fd6384e7183870d087b356375c09856d3fea66663f5d826eb988b1,2014-10,Northumbria Police,Northumbria Police,-1.475122,54.953932,On or near BRAYSIDE,E01008630,South Tyneside 020D,Investigation complete; no suspect identified
38c2f9a5d1b22fca481948936519804f6cf85f3a4c9b44795eb1a7b457f6ac70,2014-10,Northumbria Police,Northumbria Police,-1.421410,54.926586,On or near RAMSGATE ROAD,E01008822,Sunderland 004E,Suspect charged
83aeddfee6324749520a6a4230b793187caca551ca53e0c771c779bde1bbfc2d,2014-10,Northumbria Police,Northumbria Police,-1.533888,54.882946,On or near HOLLY CRESCENT,E01008865,Sunderland 025F,Suspect charged
83aeddfee6324749520a6a4230b793187caca551ca53e0c771c779bde1bbfc2d,2014-10,Northumbria Police,Northumbria Police,-1.533888,54.882946,On or near HOLLY CRESCENT,E01008865,Sunderland 025F,Investigation complete; no suspect identified
a643659be3f6867b4f7caa47a6eecda305fa5fda07f3aa22b5af872bd4327348,2014-10,Northumbria Police,Northumbria Police,-1.381905,54.917126,On or near Shopping Area,E01008787,Sunderland 006B,Investigation complete; no suspect identified
853f1c4d2b9f00304fd82375ed4521de5184f3142996f95d353333b0f09487b8,2014-10,Northumbria Police,Northumbria Police,-1.381905,54.917126,On or near Shopping Area,E01008787,Sunderland 006B,Investigation complete; no suspect identified
c6f31ddc3fb340c8274a47367c3f0ff94faf4194b514bc4b47962d948a8fe5a1,2014-10,Northumbria Police,Northumbria Police,-1.381905,54.917126,On or near Shopping Area,E01008787,Sunderland 006B,Investigation complete; no suspect identified
a69495c768c0450fb9a411fa4cc3baca60e80fc072f61f93ded5de05bfefe15a,2014-10,Northumbria Police,Northumbria Police,-1.481925,54.956792,On or near GLENSIDE,E01008628,South Tyneside 020B,Investigation complete; no suspect identified
6b3e356601ee9954fb84fbcde8f3457c4ba406e904df471cffbfbd89a207bfe7,2014-10,Northumbria Police,Northumbria Police,-1.679240,54.986651,On or near SLATYFORD LANE,E01008344,Newcastle upon Tyne 019B,Investigation complete; no suspect identified
2532680201adc22a55785134252174efa0827a6d58cd109e08b1dd7443fa0102,2014-10,Northumbria Police,Northumbria Police,-1.366549,54.897592,On or near LEWIS CRESCENT,E01008736,Sunderland 016C,Investigation complete; no suspect identified
d341eb3ebeb3da43037569dfe574d38483d9f17c48d9191b3ad52e9e4a515118,2014-10,Northumbria Police,Northumbria Police,-1.465106,55.001552,On or near Pedestrian Subway,E01008541,North Tyneside 027C,Offender given a caution
7bd16639f8f98e164e917733e10f2f2d40011ccb4463e36f4d542abf3c9566f0,2014-10,Northumbria Police,Northumbria Police,-1.755821,54.995599,On or near Parking Area,E01008405,Newcastle upon Tyne 014F,Investigation complete; no suspect identified
621cd26d2e2e6a64a8225c1b95c302cd3852cd7b712ccf3f81e5c4c6d119d473,2014-10,Northumbria Police,Northumbria Police,-1.566558,54.978924,On or near BROUGH PARK WAY,E01008392,Newcastle upon Tyne 026F,Suspect charged
b24bada225300989cd22fe419153cb85e8645f50be8566d34eb2363d4a909052,2014-10,Northumbria Police,Northumbria Police,-1.659965,54.976273,On or near Petrol Station,E01008334,Newcastle upon Tyne 029D,Investigation complete; no suspect identified
b24bada225300989cd22fe419153cb85e8645f50be8566d34eb2363d4a909052,2014-10,Northumbria Police,Northumbria Police,-1.659965,54.976273,On or near Petrol Station,E01008334,Newcastle upon Tyne 029D,Investigation complete; no suspect identified
14994a527cf7c76a3fc6fe05cd8d0c2bf56f792b55b4a1b2ad6b538cae270eb5,2014-10,Northumbria Police,Northumbria Police,-1.798853,55.671544,On or near SANDHAM LANE,E01027380,Northumberland 002C,Investigation complete; no suspect identified
14994a527cf7c76a3fc6fe05cd8d0c2bf56f792b55b4a1b2ad6b538cae270eb5,2014-10,Northumbria Police,Northumbria Police,-1.798853,55.671544,On or near SANDHAM LANE,E01027380,Northumberland 002C,Investigation complete; no suspect identified
bfe5ce0fc74a238b4bf7377f062af1acee3b48fd6626a1b53296921693445556,2014-10,Northumbria Police,Northumbria Police,-1.659676,54.971689,On or near NICHOL STREET,E01008334,Newcastle upon Tyne 029D,Investigation complete; no suspect identified
259603c9965e88d530cf3f6261db2827d0ce3fcd7d4326f27c15129e7bc1ef9a,2014-10,Northumbria Police,Northumbria Police,-1.413837,54.951640,On or near SOUTH DRIVE,E01008621,South Tyneside 022D,Investigation complete; no suspect identified
08ac29a18fdba5f1e28c48cd63acc730f1c90d8040edf3d3f6d5acdb069c8c12,2014-10,Northumbria Police,Northumbria Police,-1.580218,55.134190,On or near WOOD LANE,E01027519,Northumberland 020D,Investigation complete; no suspect identified
d657b499160d7f8900cf6520e349da2786d7d69db81ececcfdc4316332b73e5e,2014-10,Northumbria Police,Northumbria Police,-1.616754,54.985868,On or near Park/Open Space,E01008397,Newcastle upon Tyne 024C,Offender given a caution
153d20d0ecb7535ee66dbe5d57d57938c8205260c9bac9acf9155b8abbb4c6ef,2014-10,Northumbria Police,Northumbria Police,-1.511335,55.012961,On or near ASHBURN ROAD,E01008461,North Tyneside 021A,Suspect charged
63304aa29a28a1e90640affdf3b213b6fd35a5506374fdf37a0f981eef70c6cd,2014-10,Northumbria Police,Northumbria Police,-1.842737,54.964928,On or near TOWNELEY COURT,E01027498,Northumberland 038B,Investigation complete; no suspect identified
63304aa29a28a1e90640affdf3b213b6fd35a5506374fdf37a0f981eef70c6cd,2014-10,Northumbria Police,Northumbria Police,-1.842737,54.964928,On or near TOWNELEY COURT,E01027498,Northumberland 038B,Investigation complete; no suspect identified
63304aa29a28a1e90640affdf3b213b6fd35a5506374fdf37a0f981eef70c6cd,2014-10,Northumbria Police,Northumbria Police,-1.842737,54.964928,On or near TOWNELEY COURT,E01027498,Northumberland 038B,Investigation complete; no suspect identified
c38c5a12a81d4f7c8fb02dcc2cead02d72fa42204b2652614948af19970a6674,2014-10,Northumbria Police,Northumbria Police,-1.448000,54.894628,On or near DARTINGTON CLOSE,E01008729,Sunderland 021A,Investigation complete; no suspect identified
a51ea187181d8c133e773752d3883fe3d662fd2633abdf1451998d7c7ad6c00e,2014-10,Northumbria Police,Northumbria Police,-1.558203,54.888779,On or near Petrol Station,E01008172,Gateshead 026A,Investigation complete; no suspect identified
9f12f61e6b12a63b9481a2f93775b10b13796083dab7a243d421e0bf9755adf3,2014-10,Northumbria Police,Northumbria Police,-1.809059,54.919724,On or near TAY STREET,E01008186,Gateshead 024B,Investigation complete; no suspect identified
b025cacedae6c585c10a9cdc63a67f81ed1927637349b2ad5ddb76f6e06c129e,2014-10,Northumbria Police,Northumbria Police,-1.571742,55.183098,On or near Shopping Area,E01027529,Northumberland 010B,Investigation complete; no suspect identified
78cf5cfb9d8692c616e8177e84035df5825e49ffd48ff97b8876c053244db1a6,2014-10,Northumbria Police,Northumbria Police,-1.637959,54.972040,On or near NORMANTON TERRACE,E01008331,Newcastle upon Tyne 029A,Investigation complete; no suspect identified
a0c16ded143f16ae9bdebbe2c065cc650f33deb0b85f088381300808bb3b145b,2014-10,Northumbria Police,Northumbria Police,-1.577274,54.943322,On or near ST ALBAN'S PLACE,E01008228,Gateshead 012D,Investigation complete; no suspect identified
342ea8401f43008e3b2cff58b744ffa467b1a63c3200bf4261f0305ef8aa3836,2014-10,Northumbria Police,Northumbria Police,-1.369669,54.894516,On or near HYDE STREET,E01008738,Sunderland 016E,Investigation complete; no suspect identified
342ea8401f43008e3b2cff58b744ffa467b1a63c3200bf4261f0305ef8aa3836,2014-10,Northumbria Police,Northumbria Police,-1.369669,54.894516,On or near HYDE STREET,E01008738,Sunderland 016E,Investigation complete; no suspect identified
ecbf446549f112b26e70a40ec7626254ff6d17ba7cc69d0168bf98d9dfcb81f9,2014-10,Northumbria Police,Northumbria Police,-1.470312,54.968245,On or near ETAL CRESCENT,E01008602,South Tyneside 014A,Investigation complete; no suspect identified
a931259cd2e91675722f208659a1a2d4b6794542a5f2837beab4c6ac47350f03,2014-10,Northumbria Police,Northumbria Police,-1.562720,54.929396,On or near LANCHESTER AVENUE,E01008227,Gateshead 021E,Investigation complete; no suspect identified
d77aaf5f25e6e5229dbe3970de3b1554afadd39ed8129f101c491976d50372fb,2014-10,Northumbria Police,Northumbria Police,-1.612126,54.997562,On or near JESMOND DENE ROAD,E01008369,Newcastle upon Tyne 013B,Suspect charged
d77aaf5f25e6e5229dbe3970de3b1554afadd39ed8129f101c491976d50372fb,2014-10,Northumbria Police,Northumbria Police,-1.612126,54.997562,On or near JESMOND DENE ROAD,E01008369,Newcastle upon Tyne 013B,Suspect charged
d77aaf5f25e6e5229dbe3970de3b1554afadd39ed8129f101c491976d50372fb,2014-10,Northumbria Police,Northumbria Police,-1.612126,54.997562,On or near JESMOND DENE ROAD,E01008369,Newcastle upon Tyne 013B,Investigation complete; no suspect identified
67b11b1a8ae09136df516de4ff3b8a3704a121ed9463e6fd348a5d00769f934f,2014-10,Northumbria Police,Northumbria Police,-1.416716,54.886466,On or near POLMUIR ROAD,E01008828,Sunderland 023F,Suspect charged
67b11b1a8ae09136df516de4ff3b8a3704a121ed9463e6fd348a5d00769f934f,2014-10,Northumbria Police,Northumbria Police,-1.416716,54.886466,On or near POLMUIR ROAD,E01008828,Sunderland 023F,Suspect charged
d568afa30d6d3d26648a6d8d5fe4f8e320c4e2926ba68d62a30fada99603ac3f,2014-10,Northumbria Police,Northumbria Police,-1.437359,54.994705,On or near STATION ROAD,E01008667,South Tyneside 002D,Suspect charged
836bd48398784990e64a8fe1c96e2da14e5452caad9e244e05682a4a552a594f,2014-10,Northumbria Police,Northumbria Police,-1.564093,55.177419,On or near MILBURN ROAD,E01027545,Northumberland 010D,Investigation complete; no suspect identified
7702d438595d8599942847ef2de120eaa35f8a8545566e583c16dbb21df3cb28,2014-10,Northumbria Police,Northumbria Police,-1.458433,54.947937,On or near JOHN STREET,E01008613,South Tyneside 021D,Offender given a caution
6903a77bcb4756f8600c67078a499ea7c98f8ff0890d7602cf620b9f6b182afd,2014-10,Northumbria Police,Northumbria Police,-1.655752,54.970249,On or near Supermarket,E01008332,Newcastle upon Tyne 029B,Investigation complete; no suspect identified
ab5f762d2afdc7cfdb861d9814186bbcd33a0749014510cc3bc76d8a927d29be,2014-10,Northumbria Police,Northumbria Police,-1.612959,54.972619,On or near Nightclub,E01033543,Newcastle upon Tyne 024G,Investigation complete; no suspect identified
0732f3565dbc0c184fcb8cd0cd23c9bfbfe89adecb267a8cae7fe694dc0ab856,2014-10,Northumbria Police,Northumbria Police,-1.431398,54.990706,On or near VICTORIA ROAD,E01008667,South Tyneside 002D,Investigation complete; no suspect identified
ffbdc987f6d296f2d773c8d1eb8f45a3186b8d588e8f2401aa4a7cc5a58b1b91,2014-10,Northumbria Police,Northumbria Police,-1.609740,54.969527,On or near SIDE,E01033543,Newcastle upon Tyne 024G,Investigation complete; no suspect identified
01f50399b2f921ee711261f52362dbbd76215306e86b0dea9a555250fc9eb074,2014-10,Northumbria Police,Northumbria Police,-1.382499,54.904854,On or near WATERLOO PLACE,E01008703,Sunderland 013B,Investigation complete; no suspect identified
65e9537ebe5b2f57a974b7bc9b0856b9b28af2012557d72b0836568d3a1a90c7,2014-10,Northumbria Police,Northumbria Police,-1.613189,54.969906,On or near COLLINGWOOD STREET,E01033545,Newcastle upon Tyne 024H,Investigation complete; no suspect identified
4d65adc6b26a2b3a17265fc54c5c85008ab494b846aed021397c7188906c4bf3,2014-10,Northumbria Police,Northumbria Police,-1.588028,55.029052,On or near THE CHASE,E01008516,North Tyneside 014D,Investigation complete; no suspect identified
2c930e86e54b6577b9415ebccf53ebf60280c9dad51fe8f0b4fc92dbe19405df,2014-10,Northumbria Police,Northumbria Police,-1.686196,54.998378,On or near BRIARSIDE,E01008445,Newcastle upon Tyne 031D,Investigation complete; no suspect identified
675d7db2ca51cee571dc9c66f5858f0edfc78c80acbbde516dd51a320629abc1,2014-10,Northumbria Police,Northumbria Police,-1.443865,55.041877,On or near VICTORIA MEWS,E01008588,North Tyneside 006D,Investigation complete; no suspect identified
003cd393a208850c75a57393943bdac5ca4c206d409e95032362095291a87697,2014-10,Northumbria Police,Northumbria Police,-1.739403,55.521091,On or near AVENUE ROAD,E01027384,Northumberland 003E,Investigation complete; no suspect identified
417c0919ea225d27be8a6fb324c3c2c19d890b55263ab330de59f634a8195420,2014-10,Northumbria Police,Northumbria Police,-1.475420,54.997041,On or near ST LUKE'S ROAD,E01008540,North Tyneside 027B,Suspect charged
8cc81489646a3616b91301e64b3072f443c9209a220cb4d669841ddb6f937c43,2014-10,Northumbria Police,Northumbria Police,-1.673959,54.971117,On or near DELAVAL ROAD,E01033547,Newcastle upon Tyne 025E,Investigation complete; no suspect identified
8b0aaaa880953b2557ab0afdeeaa1a17f275a7e202fd5ae2e2301c82d690259b,2014-10,Northumbria Police,Northumbria Police,-1.604887,54.964272,On or near Parking Area,E01008168,Gateshead 027D,Investigation complete; no suspect identified
35349ad03d3583e93d888dc3d79160910d207d5126013023d3ea1591a389acdd,2014-10,Northumbria Police,Northumbria Police,-1.576848,54.977990,On or near SHIELDS LANE,E01008303,Newcastle upon Tyne 018A,Suspect charged
0d431da774c5f5d626bf4d8ba51ed635354ea9e1f487ee65f273fef3ce7b459a,2014-10,Northumbria Police,Northumbria Police,-1.517387,55.120972,On or near FIFTH AVENUE,E01027431,Northumberland 023C,Investigation complete; no suspect identified
bf8ee94b67cd405ff96cf2e80ff4122f328ccaeedfdb12e9280f3ab006726920,2014-10,Northumbria Police,Northumbria Police,-1.574466,55.138213,On or near WALLINGTON CLOSE,E01027517,Northumberland 020B,Investigation complete; no suspect identified
b799ed803b42e9d3dc35a45178b31617121536fbc74c1c18fe27b46d25dd668a,2014-10,Northumbria Police,Northumbria Police,-1.447438,54.820594,On or near URWIN STREET,E01008742,Sunderland 035C,Investigation complete; no suspect identified
81096c3992de3bff5f92f763f62db491cee89361f8027fe0ae6975262950a3ac,2014-10,Northumbria Police,Northumbria Police,-1.393701,54.904542,On or near WHARNCLIFFE STREET,E01008705,Sunderland 013C,Suspect charged
121eef4c31cbf8298717a0178151f85feff1bd2b9954ba325652a0937ebaa807,2014-10,Northumbria Police,Northumbria Police,-1.451385,54.999999,On or near NORTHUMBRIAN WAY,E01008539,North Tyneside 027A,Investigation complete; no suspect identified
d7551e51703c30b74be378d6ef748c1300d46e4b4b5fc40f59219776c194ba28,2014-10,Northumbria Police,Northumbria Police,-1.656793,54.980047,On or near GREYWOOD AVENUE,E01008349,Newcastle upon Tyne 019G,Investigation complete; no suspect identified
649fdeab43d7efb8a36c28d56b6de1cfb4b6b74671f717f0a1b742e88c54b77e,2014-10,Northumbria Police,Northumbria Police,-1.519703,54.973482,On or near Parking Area,E01008641,South Tyneside 010C,Investigation complete; no suspect identified
ff0840e56c1b271cc0d010a203ee0e804f34759babdb704e4ce3560fc7a7e050,2014-10,Northumbria Police,Northumbria Police,-1.708893,54.981082,On or near Sports/Recreation Area,E01008382,Newcastle upon Tyne 021B,Suspect charged
ff0840e56c1b271cc0d010a203ee0e804f34759babdb704e4ce3560fc7a7e050,2014-10,Northumbria Police,Northumbria Police,-1.708893,54.981082,On or near Sports/Recreation Area,E01008382,Newcastle upon Tyne 021B,Suspect charged
ff0840e56c1b271cc0d010a203ee0e804f34759babdb704e4ce3560fc7a7e050,2014-10,Northumbria Police,Northumbria Police,-1.708893,54.981082,On or near Sports/Recreation Area,E01008382,Newcastle upon Tyne 021B,Suspect charged
57ded7144b7d3a0a902ece7ec3880dece60e1f404a98fc3b1eff4970adea549e,2014-10,Northumbria Police,Northumbria Police,-1.402017,54.906434,On or near Supermarket,E01008706,Sunderland 011C,Suspect charged
3f1d4d57fb4776b1dbefef5608305586c05584ca73189e1bd8a72f1934ef6153,2014-10,Northumbria Police,Northumbria Police,-1.611154,54.975165,On or near LISLE STREET,E01008397,Newcastle upon Tyne 024C,Investigation complete; no suspect identified
41552d772612424f8089981f4f1181d4de08096b526ae951afaec4d5606f7881,2014-10,Northumbria Police,Northumbria Police,-1.400688,54.907686,On or near WESTBURY STREET,E01008700,Sunderland 013A,Investigation complete; no suspect identified
441633e73a285286c3fba01ab97cb4baa4678a2bff764111f1c89044dbdcdd90,2014-10,Northumbria Police,Northumbria Police,-1.381905,54.917126,On or near Shopping Area,E01008787,Sunderland 006B,Investigation complete; no suspect identified
deb1856a01398d936a4c0179d150416f4965703b45870a94b11898f4e4c30269,2014-10,Northumbria Police,Northumbria Police,-1.421651,54.945710,On or near GLENCOURSE,E01008620,South Tyneside 023D,Investigation complete; no suspect identified
2ad55ff90429b7a1a6d0faf8315b5274c8cf801eb5d573eec266bdce1c02f747,2014-10,Northumbria Police,Northumbria Police,-1.429001,54.995493,On or near BEACH ROAD,E01008595,South Tyneside 001A,Suspect charged
2ad55ff90429b7a1a6d0faf8315b5274c8cf801eb5d573eec266bdce1c02f747,2014-10,Northumbria Police,Northumbria Police,-1.429001,54.995493,On or near BEACH ROAD,E01008595,South Tyneside 001A,Suspect charged
7a08546fcf22057afdf84d40ace0eaf1fdf1d1e1459901267cec1c5f50d9b728,2014-10,Northumbria Police,Northumbria Police,-1.473342,55.023182,On or near FALMOUTH ROAD,E01008489,North Tyneside 015B,Offender given a caution
0026c7cf97b2a53e6774c39ac87987e36b052bb203da19790a192aae03106581,2014-10,Northumbria Police,Northumbria Police,-1.438708,54.809294,On or near PEMBERTON BANK,E01008744,Sunderland 036B,Investigation complete; no suspect identified
a995866e30bf581edbb330dc4b3b70120293a8aa7cae2688f250d928d9daf321,2014-10,Northumbria Police,Northumbria Police,-1.421651,54.945710,On or near GLENCOURSE,E01008620,South Tyneside 023D,Suspect charged
b36f04a6995700c1b6978f768d2acdd319ceac72fed5b8ec9e5fe92964b75bc7,2014-10,Northumbria Police,Northumbria Police,-1.431183,54.959468,On or near WHITELEAS WAY,E01008689,South Tyneside 019B,Investigation complete; no suspect identified
bd42a7d226c9c4f659ff334fe777702d12d90cff18effc22040b5aea545b3c5c,2014-10,Northumbria Police,Northumbria Police,-1.496391,54.867510,On or near Pedestrian Subway,E01008793,Sunderland 030A,Investigation complete; no suspect identified
2ad2ddbe93b4e43d1ea4e6b9fee04e798333e69b232806cf27bca1f004e2cca2,2014-10,Northumbria Police,Northumbria Police,-1.429277,54.999179,On or near Nightclub,E01008596,South Tyneside 001B,Offender given a caution
cb9567566079fec6c01f0f9bb3c0241f7d97b973bd29fecde5462fd52217eb20,2014-10,Northumbria Police,Northumbria Police,-1.639337,54.952463,On or near Supermarket,E01008210,Gateshead 007B,Investigation complete; no suspect identified
077543530cac36b074f2b99d6adff50ff58993e6132d49ef5b7902b30b2c119f,2014-10,Northumbria Police,Northumbria Police,-1.491223,54.982218,On or near Parking Area,E01008604,South Tyneside 007B,Investigation complete; no suspect identified
514f6b6705d4653f57545490cc91aa92011bc0da82044ec2b71a41f0176762b7,2014-10,Northumbria Police,Northumbria Police,-1.411226,54.988201,On or near NORTHFIELD ROAD,E01008648,South Tyneside 004B,Investigation complete; no suspect identified
a4891140c9ad3847a38bd0cd7eb31b00a8e6123eaf1bd2cb0e051355fa17ab35,2014-10,Northumbria Police,Northumbria Police,-1.539453,55.076900,On or near WHEATFIELDS,E01027433,Northumberland 032B,Investigation complete; no suspect identified
d461d13ff04a004bd129fdaaee0c466e7a4be10fb68ce891478f258ebace7ae5,2014-10,Northumbria Police,Northumbria Police,-1.548304,54.965351,On or near BURWOOD CLOSE,E01008427,Newcastle upon Tyne 030C,Investigation complete; no suspect identified
3bd081462c37e4fdd5a1989b5873e02910ade4585a43ea933616b8ea0d48029e,2014-10,Northumbria Police,Northumbria Police,-1.611729,54.994964,On or near MILDMAY ROAD,E01008369,Newcastle upon Tyne 013B,Investigation complete; no suspect identified
a42a24e67851cd19f8d4cd75a5be21be9dfa3664e11a5f191341417231a0b120,2014-10,Northumbria Police,Northumbria Police,-1.403920,54.960245,On or near THORNLEIGH GARDENS,E01008619,South Tyneside 022C,Investigation complete; no suspect identified
f0b86118af0c5dee463fd449b31aaa345ee46217c77da57571bec72f29bdf063,2014-10,Northumbria Police,Northumbria Police,-1.601922,54.989289,On or near FERN AVENUE,E01008368,Newcastle upon Tyne 017B,Investigation complete; no suspect identified
a12b7a503ae7e20df7e54dacdaf78d688c7db5534770e52a3eb50c1790fe3c0a,2014-10,Northumbria Police,Northumbria Police,-1.613189,54.969906,On or near COLLINGWOOD STREET,E01033545,Newcastle upon Tyne 024H,Investigation complete; no suspect identified
3cbd9fe9a88e4eec4bf35342b72e744a3c11e076a31a9cba9007073352f20cac,2014-10,Northumbria Police,Northumbria Police,-1.505860,54.977408,On or near WINDSOR CRESCENT,E01008655,South Tyneside 009E,Investigation complete; no suspect identified
60cdabd8ae20808e595be1a37d2f07007e5596b3415a29b235374f347af8811a,2014-10,Northumbria Police,Northumbria Police,-1.429730,54.958383,On or near SUTHERLAND COURT,E01008689,South Tyneside 019B,Investigation complete; no suspect identified
56169379d702d4c35a8cc766b371050ad7bc5e2b410fe12e3b81234e36c5fec1,2014-10,Northumbria Police,Northumbria Police,-1.439067,54.961841,On or near DEFOE AVENUE,E01008609,South Tyneside 016E,Investigation complete; no suspect identified
c8c8c3f8af59df25e112886902b5cd4d9705b59881678487690a797229f078e3,2014-10,Northumbria Police,Northumbria Police,-1.638768,54.970703,On or near BRITANNIA PLACE,E01008331,Newcastle upon Tyne 029A,Investigation complete; no suspect identified
102535b30518c1b2ca9b918f2355cd989e68c5d0baacf5860125b35ffa3a0999,2014-10,Northumbria Police,Northumbria Police,-2.008375,55.772871,On or near CASTLEGATE,E01027378,Northumberland 002A,Offender given a caution
50588264ac9018954766f3bd12afdd27634bfa2e5ff516eed43d850bd105b359,2014-10,Northumbria Police,Northumbria Police,-1.617092,54.902656,On or near Sports/Recreation Area,E01008226,Gateshead 025D,Investigation complete; no suspect identified
4f05e4e836d8e1d25361aba3b34c47c830464a9f55cd497a5147da86e1acc09c,2014-10,Northumbria Police,Northumbria Police,-1.614472,54.971249,On or near BIGG MARKET,E01033543,Newcastle upon Tyne 024G,Investigation complete; no suspect identified
660bce41111cf3dc16b5ea97eaf2aabab3d0cb4b243d28c2fb88552b3b432553,2014-10,Northumbria Police,Northumbria Police,-1.675467,54.944783,On or near Park/Open Space,E01008267,Gateshead 017A,Investigation complete; no suspect identified
ff11995ed48c41f679fa4106a2c417f40bd96526da131073c1da2b1081855240,2014-10,Northumbria Police,Northumbria Police,-1.434584,54.996427,On or near Parking Area,E01008667,South Tyneside 002D,Investigation complete; no suspect identified
88b452f6e6ded34bfbda129744f7b99fcdaecdd5ee9033dc9836ff69acf90109,2014-10,Northumbria Police,Northumbria Police,-1.790075,54.967087,On or near DALE STREET,E01008199,Gateshead 002D,Investigation complete; no suspect identified
6d58b4fa4d86b1ae11270b2a8d0bf878e2baab23098d07606a59a6ce27cc5ca8,2014-10,Northumbria Police,Northumbria Police,-1.437359,54.994705,On or near STATION ROAD,E01008667,South Tyneside 002D,Investigation complete; no suspect identified
c18fc15f6c85311d56201faaa097b5c2d61267cf4dfae7e4d6c15e8d9d7c2f73,2014-10,Northumbria Police,Northumbria Police,-1.423605,54.881098,On or near NORTH MOOR LANE,E01008776,Sunderland 026B,Investigation complete; no suspect identified
37253bc3124002cf2db33dc529cd68549a7d999693c11a239a3790ddfe3fc0b3,2014-10,Northumbria Police,Northumbria Police,-1.491223,54.982218,On or near Parking Area,E01008604,South Tyneside 007B,Suspect charged
37253bc3124002cf2db33dc529cd68549a7d999693c11a239a3790ddfe3fc0b3,2014-10,Northumbria Police,Northumbria Police,-1.491223,54.982218,On or near Parking Area,E01008604,South Tyneside 007B,Suspect charged
37253bc3124002cf2db33dc529cd68549a7d999693c11a239a3790ddfe3fc0b3,2014-10,Northumbria Police,Northumbria Police,-1.491223,54.982218,On or near Parking Area,E01008604,South Tyneside 007B,Suspect charged
17baffd3b299fc05112c684d5bd81470fef8a0a34679403aaf6c12123cbc20cb,2014-10,Northumbria Police,Northumbria Police,-1.398419,54.903981,On or near TINTERN STREET,E01008706,Sunderland 011C,Investigation complete; no suspect identified
9345cd7a84beb8823ddbb9340c35683d6c46f1dfc57d8c3400f6558365c85006,2014-10,Northumbria Police,Northumbria Police,-1.707392,55.410191,On or near PERCY TERRACE,E01033717,Northumberland 005E,Investigation complete; no suspect identified
d404e52dbb12351b8cabc00b92ab5dc9ddc9306c93b42188733131dc769f60e4,2014-10,Northumbria Police,Northumbria Police,-1.430837,54.873368,On or near APPLEBY ROAD,E01008773,Sunderland 026A,Investigation complete; no suspect identified
7c90de25e963418be55ee13e99aa07711798dc049d3d34b7f00781b64b3722d4,2014-10,Northumbria Police,Northumbria Police,-1.385583,54.898983,On or near LORNE TERRACE,E01008834,Sunderland 013E,Investigation complete; no suspect identified
41494ded134728ecad86cea9f0beb16c23fa6b8fe77b36d0816b1810d809bc9f,2014-10,Northumbria Police,Northumbria Police,-1.450328,54.817489,On or near CLAUDE STREET,E01008742,Sunderland 035C,Investigation complete; no suspect identified
bb370a9aee79722b52029f35068b7216f9dbdf30a642ed3ef214403749db7b43,2014-10,Northumbria Police,Northumbria Police,-1.614126,54.977988,On or near BARRAS BRIDGE,E01008397,Newcastle upon Tyne 024C,Investigation complete; no suspect identified
1b071be7107de0a97b24ed3a96c7f642333cb96534992adc37ecd4e3427c19d6,2014-10,Northumbria Police,Northumbria Police,-1.386732,54.903384,On or near DERWENT STREET,E01008836,Sunderland 016F,Offender given a caution
b5f87b64b9fe40c0db3552efc6e83234c64131e1ecc803b3d0c8c9f8a12b1fe5,2014-10,Northumbria Police,Northumbria Police,-1.524953,54.978652,On or near PRICE STREET,E01008640,South Tyneside 010B,Offender given a caution
7fe80aaef7dbc7f55e003f29c202445d62aff1c0098ae83501460fc916c3ff2e,2014-10,Northumbria Police,Northumbria Police,-1.611738,54.969722,On or near ST NICHOLAS' STREET,E01033545,Newcastle upon Tyne 024H,Suspect charged
3f75f6df21842ed497b34d027877b343c66b87980b4190f4c9117c62b974c0c1,2014-10,Northumbria Police,Northumbria Police,-1.404657,54.904021,On or near CLIFFORD STREET,E01008706,Sunderland 011C,Investigation complete; no suspect identified
bd350a8b1484aa0fe9bec33b4c4857165b77f79002591d9b4cae86e3988c82d7,2014-10,Northumbria Police,Northumbria Police,-1.611983,54.973470,On or near HOOD STREET,E01033543,Newcastle upon Tyne 024G,Investigation complete; no suspect identified
bd350a8b1484aa0fe9bec33b4c4857165b77f79002591d9b4cae86e3988c82d7,2014-10,Northumbria Police,Northumbria Police,-1.611983,54.973470,On or near HOOD STREET,E01033543,Newcastle upon Tyne 024G,Investigation complete; no suspect identified
bd350a8b1484aa0fe9bec33b4c4857165b77f79002591d9b4cae86e3988c82d7,2014-10,Northumbria Police,Northumbria Police,-1.611983,54.973470,On or near HOOD STREET,E01033543,Newcastle upon Tyne 024G,Investigation complete; no suspect identified
f261e52c3de392e18148da34efedc0cc7be6d4836d73e54bbf0e02ee875cbf69,2014-10,Northumbria Police,Northumbria Police,-1.460650,55.008578,On or near A193,E01008530,North Tyneside 020D,Suspect charged
f261e52c3de392e18148da34efedc0cc7be6d4836d73e54bbf0e02ee875cbf69,2014-10,Northumbria Police,Northumbria Police,-1.460650,55.008578,On or near A193,E01008530,North Tyneside 020D,Suspect charged
f261e52c3de392e18148da34efedc0cc7be6d4836d73e54bbf0e02ee875cbf69,2014-10,Northumbria Police,Northumbria Police,-1.460650,55.008578,On or near A193,E01008530,North Tyneside 020D,Suspect charged
8a817f7bc9e5ca95aebc328f3dd8dd929389b505fb747fa1accd6d525df07e5b,2014-10,Northumbria Police,Northumbria Police,-1.647638,55.015616,On or near STRATHEARN WAY,E01008337,Newcastle upon Tyne 003B,Investigation complete; no suspect identified
63b1da1b15602912ca6d25f0c35b1b97ee815cda03bfe9a707a68568f1612532,2014-10,Northumbria Police,Northumbria Police,-1.485226,54.821749,On or near CORRIGHAN TERRACE,E01008747,Sunderland 035D,Investigation complete; no suspect identified
5f5124788470e1a035c1e684b5f271920952c18c06cff61f9074b4b824e2bad2,2014-10,Northumbria Police,Northumbria Police,-1.382499,54.904854,On or near WATERLOO PLACE,E01008703,Sunderland 013B,Investigation complete; no suspect identified
de2bf36249b464aee170b348667e615da29b4ebf28080dbc7773d06ec5c91191,2014-10,Northumbria Police,Northumbria Police,-1.680813,54.971549,On or near HAIG CRESCENT,E01033547,Newcastle upon Tyne 025E,Investigation complete; no suspect identified
416154e964d87ac416e2cddb65020950620ffe46a7fd892b7df0aa9f17d4ad8c,2014-10,Northumbria Police,Northumbria Police,-1.617134,54.972264,On or near NEWGATE STREET,E01033543,Newcastle upon Tyne 024G,Investigation complete; no suspect identified
01239da157341349d7f633838a6adc319963f20ae8180f27bac63f1cda3910d6,2014-10,Northumbria Police,Northumbria Police,-1.614464,54.968814,On or near Pedestrian Subway,E01033545,Newcastle upon Tyne 024H,Suspect charged
4c5bbace391d783bf10ac079327ba00e0e0d207122c94ca2f0a946f6a294bb35,2014-10,Northumbria Police,Northumbria Police,-1.655752,54.970249,On or near Supermarket,E01008332,Newcastle upon Tyne 029B,Investigation complete; no suspect identified
a1b6c48716f991461b736d654fa0d404c75bbb667eebfcde26a72b0e4c539a23,2014-10,Northumbria Police,Northumbria Police,-1.409144,54.985271,On or near HIGHFIELD ROAD,E01008650,South Tyneside 006B,Investigation complete; no suspect identified
924d64c6efcab3e01351c0f6635e180607073f54b002bdf146bd3b5b6e968492,2014-10,Northumbria Police,Northumbria Police,-1.462486,54.948395,On or near Parking Area,E01008613,South Tyneside 021D,Investigation complete; no suspect identified
9a2ee47434c69f6597f9f9e891ba85027096622549479696082e7aa677d4910d,2014-10,Northumbria Police,Northumbria Police,-1.606340,54.949782,On or near WESTBOURNE AVENUE,E01008253,Gateshead 010C,Investigation complete; no suspect identified
5731d4647ca0d84846c4ba088a0d8baa3f403e888824f3c701df042c03b71710,2014-10,Northumbria Police,Northumbria Police,-1.383910,54.904331,On or near HOLMESIDE,E01008703,Sunderland 013B,Investigation complete; no suspect identified
4d3608a307fb2f06f9171c63920cfb443e9766e0827045fbf5695f6bf134004d,2014-10,Northumbria Police,Northumbria Police,-1.386805,54.906817,On or near CROWTREE ROAD,E01008703,Sunderland 013B,Suspect charged
4d3608a307fb2f06f9171c63920cfb443e9766e0827045fbf5695f6bf134004d,2014-10,Northumbria Police,Northumbria Police,-1.386805,54.906817,On or near CROWTREE ROAD,E01008703,Sunderland 013B,Investigation complete; no suspect identified
4d3608a307fb2f06f9171c63920cfb443e9766e0827045fbf5695f6bf134004d,2014-10,Northumbria Police,Northumbria Police,-1.386805,54.906817,On or near CROWTREE ROAD,E01008703,Sunderland 013B,Investigation complete; no suspect identified
4d3608a307fb2f06f9171c63920cfb443e9766e0827045fbf5695f6bf134004d,2014-10,Northumbria Police,Northumbria Police,-1.386805,54.906817,On or near CROWTREE ROAD,E01008703,Sunderland 013B,Investigation complete; no suspect identified
4d3608a307fb2f06f9171c63920cfb443e9766e0827045fbf5695f6bf134004d,2014-10,Northumbria Police,Northumbria Police,-1.386805,54.906817,On or near CROWTREE ROAD,E01008703,Sunderland 013B,Suspect charged
4d3608a307fb2f06f9171c63920cfb443e9766e0827045fbf5695f6bf134004d,2014-10,Northumbria Police,Northumbria Police,-1.386805,54.906817,On or near CROWTREE ROAD,E01008703,Sunderland 013B,Investigation complete; no suspect identified
62625c5d18c9269eacca804e84787ff8da9a217825fcbace7d82341fda4400da,2014-10,Northumbria Police,Northumbria Police,-1.475195,55.035843,On or near CAULDWELL AVENUE,E01008521,North Tyneside 005C,Investigation complete; no suspect identified
605952fca5b885a416abb5b1bdd3d45c37ca3228bcc001fdfe03a67b991eba0b,2014-10,Northumbria Police,Northumbria Police,-1.409683,54.923986,On or near ELMWOOD AVENUE,E01008817,Sunderland 004B,Investigation complete; no suspect identified
bd05749c343c47d8f18503bfd6acec7b2fe6464aa0c21ab93791dcc1bd019b0b,2014-10,Northumbria Police,Northumbria Police,-1.580202,55.015959,On or near ASHDOWN CLOSE,E01008474,North Tyneside 019B,Investigation complete; no suspect identified
fd2885f04fce6c5766c3180ba0ad3e88542ab87905f8641686646f3e44066d08,2014-10,Northumbria Police,Northumbria Police,-1.407703,54.904755,On or near WILLMORE STREET,E01008704,Sunderland 011B,Suspect charged
fd2885f04fce6c5766c3180ba0ad3e88542ab87905f8641686646f3e44066d08,2014-10,Northumbria Police,Northumbria Police,-1.407703,54.904755,On or near WILLMORE STREET,E01008704,Sunderland 011B,Suspect charged
fd2885f04fce6c5766c3180ba0ad3e88542ab87905f8641686646f3e44066d08,2014-10,Northumbria Police,Northumbria Police,-1.407703,54.904755,On or near WILLMORE STREET,E01008704,Sunderland 011B,Suspect charged
9da45caef90a368a8855e1f725502a3d22197e81659ceb60c26748e533e4e27e,2014-10,Northumbria Police,Northumbria Police,-1.420787,54.904800,On or near GENERAL HAVELOCK ROAD,E01008756,Sunderland 012A,Investigation complete; no suspect identified
06ae8a89a5da99b3b754b31773bd07b1429cb0d7cbbecd5b2ac53c5045f17a93,2014-10,Northumbria Police,Northumbria Police,-1.436812,54.927647,On or near RAWMARSH ROAD,E01008839,Sunderland 003D,Local resolution
5f7333dca5c6eee9cdb118955449d7d95864be39945cad16708748f309891575,2014-10,Northumbria Police,Northumbria Police,-1.418813,54.888102,On or near DURHAM ROAD,E01008828,Sunderland 023F,Suspect charged
aebdff120f954a90d75940b1f8d7f71d4bc6a67c07314b5ed3b85be8537aeea8,2014-10,Northumbria Police,Northumbria Police,-1.707038,55.413254,On or near MARKET PLACE,E01027359,Northumberland 005B,Offender given a caution
e00e630ea84928bd6653f68073fc6486b41353b516cbbfcac84993fd2d5670ed,2014-10,Northumbria Police,Northumbria Police,-1.415663,54.903247,On or near WESTWOOD STREET,E01008759,Sunderland 015C,Investigation complete; no suspect identified
6896da1292f1c00e5b76e298e437d7ee36d9d3d07fd175718ebe0f010d369385,2014-10,Northumbria Police,Northumbria Police,-1.415663,54.903247,On or near WESTWOOD STREET,E01008759,Sunderland 015C,Investigation complete; no suspect identified
3514614e01aaf24ffcb305162d73831218dc465ccd5f918bc22e136df051db17,2014-10,Northumbria Police,Northumbria Police,-1.472566,54.846156,On or near SUNRISE LANE,E01008754,Sunderland 034F,Investigation complete; no suspect identified
5a6a4379462b35cd6ab414105325417be3d2bd1a0a3dc8f91da29e88a3f6fcfc,2014-10,Northumbria Police,Northumbria Police,-1.572431,54.981946,On or near BACK CHAPMAN STREET,E01008392,Newcastle upon Tyne 026F,Investigation complete; no suspect identified
770bf8d1d20a812e166fe1aacfe58ca14bc4a820fa2261a84d646d71b1a68055,2014-10,Northumbria Police,Northumbria Police,-1.450752,54.915785,On or near SHANNON CLOSE,E01008696,Sunderland 008D,Investigation complete; no suspect identified
43d1078a54179e32ec3ee15d0abd8983829a9b924cc167a733dc8d7cb712c774,2014-10,Northumbria Police,Northumbria Police,-1.586483,54.980027,On or near HEATON PARK ROAD,E01008413,Newcastle upon Tyne 023F,Suspect charged
6bbe86a7a8d6b1048a907b4aadb5b34b6ca674b74c26cbfc51abb4a89a606db1,2014-10,Northumbria Police,Northumbria Police,-1.630860,54.971165,On or near ELSWICK ROAD,E01008439,Newcastle upon Tyne 024E,Investigation complete; no suspect identified
058999afebe43e8376d8c628612354aa2147bd34949b250acab68d9c4c8a5e6e,2014-10,Northumbria Police,Northumbria Police,-1.555457,55.129483,On or near AVONDALE AVENUE,E01027424,Northumberland 022D,Offender given a caution
de5293f76b4883c2864375e1413adb8c16494c345a1d87435fadd445b9493f0c,2014-10,Northumbria Police,Northumbria Police,-1.599461,54.993190,On or near REID PARK ROAD,E01008371,Newcastle upon Tyne 013C,Investigation complete; no suspect identified
f8bae95978b954fb3a9acc08013889c4d6089a9dc514125bb266ff25642be11f,2014-10,Northumbria Police,Northumbria Police,-1.507084,55.126215,On or near CARLTON STREET,E01027414,Northumberland 023A,Investigation complete; no suspect identified
cdf1044074780c823fc910758e2dedd0de24da09e4ee45ba18912a66af8c58a8,2014-10,Northumbria Police,Northumbria Police,-1.373260,54.881118,On or near Supermarket,E01008780,Sunderland 024D,Investigation complete; no suspect identified
adfbe4027f0512e3712dfd98458bd6d94446393ef13beb2294341263685b6181,2014-10,Northumbria Police,Northumbria Police,-1.709169,55.161280,On or near RAYNES CLOSE,E01027455,Northumberland 018A,Investigation complete; no suspect identified
034d1e94e97f352bc733b55f21e01adf8acc781a230380f9036ed7cf801a6a92,2014-10,Northumbria Police,Northumbria Police,-1.696117,54.988770,On or near LINDISFARNE CLOSE,E01008330,Newcastle upon Tyne 015G,Investigation complete; no suspect identified
8908717346c83f4a9842bc238227992259bd64799aed1b7fdd2e2cec1164e273,2014-10,Northumbria Police,Northumbria Police,-1.436805,54.968364,On or near STRATHMORE GARDENS,E01008594,South Tyneside 011D,Investigation complete; no suspect identified
40a52d8dafb47143b9225ff8931e782c352fcaa0d8471621a700bebff036e411,2014-10,Northumbria Police,Northumbria Police,-1.578573,55.165275,On or near WEST FORD ROAD,E01027553,Northumberland 017E,Investigation complete; no suspect identified
f7be6c1bd1f55a4b3e74f9e2ab5cf5600788fcdfc4b28b31817f4074cda15953,2014-10,Northumbria Police,Northumbria Police,-1.535140,55.128751,On or near THE ORCHARDS,E01027392,Northumberland 022A,Investigation complete; no suspect identified
8c48ef566857d364b4ba109b4d6fba9343d8699b1954bb004b105320a042ae5c,2014-10,Northumbria Police,Northumbria Police,-1.493998,54.978976,On or near RAILWAY STREET,E01008660,South Tyneside 007C,Investigation complete; no suspect identified
c5fe297b16a9801e5bb07f130deb18581a9578da03b0da899259a2a43c44ab78,2014-10,Northumbria Police,Northumbria Police,-1.621664,54.975558,On or near Sports/Recreation Area,E01008397,Newcastle upon Tyne 024C,Suspect charged
c5fe297b16a9801e5bb07f130deb18581a9578da03b0da899259a2a43c44ab78,2014-10,Northumbria Police,Northumbria Police,-1.621664,54.975558,On or near Sports/Recreation Area,E01008397,Newcastle upon Tyne 024C,Investigation complete; no suspect identified
fc29e6a3467e533ededd873774d6535c6558e6f8cd2c34b51d70c2de29b365d7,2014-10,Northumbria Police,Northumbria Police,-1.512666,55.126273,On or near WATERLOO ROAD,E01027415,Northumberland 023B,Investigation complete; no suspect identified
ab1f516bbc5aa3fffc4e5f366b7eb055a402ba988a1c3850a5693aa186aeae36,2014-10,Northumbria Police,Northumbria Police,-1.429648,54.926706,On or near RETFORD SQUARE,E01008822,Sunderland 004E,Investigation complete; no suspect identified
6acea40a916431af9c9dfd412ceefabe6042ff9b261f949b9addbc66c275e90f,2014-10,Northumbria Police,Northumbria Police,-1.614002,54.976262,On or near Shopping Area,E01008397,Newcastle upon Tyne 024C,Investigation complete; no suspect identified
63a7122e3cb082716c80ef572d10212b561ea612887f929ef7cbf82168615b55,2014-10,Northumbria Police,Northumbria Police,-1.568311,55.140187,On or near STATION ROAD,E01027551,Northumberland 020F,Offender given a caution
61d9039dd247f941f37a959f07b9b642547539f62ae44ed120f904d16aaf3a27,2014-10,Northumbria Police,Northumbria Police,-1.591674,54.958100,On or near SHELLEY DRIVE,E01008162,Gateshead 027A,Investigation complete; no suspect identified
8e5fe72e45b3618a4c7909c6846dc446f19fe7113333c4ed76d0227e19a1a2cf,2014-10,Northumbria Police,Northumbria Police,-1.586985,54.976757,On or near Petrol Station,E01008304,Newcastle upon Tyne 026C,Investigation complete; no suspect identified
23c8e279d16e31a4b9a3afb109b2cfe1b0fc3bf196ad71a7eb9af6374d36737e,2014-10,Northumbria Police,Northumbria Police,-1.398908,54.899454,On or near EDEN HOUSE ROAD,E01008830,Sunderland 018B,Investigation complete; no suspect identified
e7f22cfb26d344e2042c6b4132f4f53efb11f0e31617a3e5a52bb6e15ecade9f,2014-10,Northumbria Police,Northumbria Police,-1.506226,54.969231,On or near CONISTON AVENUE,E01008656,South Tyneside 015E,Investigation complete; no suspect identified
41bcc233e822b51127f017ae075f290d398a633439c86723182f038d7409f507,2014-10,Northumbria Police,Northumbria Police,-1.398433,54.913525,On or near Bus/Coach Station,E01008700,Sunderland 013A,Investigation complete; no suspect identified
68827abf3bd868d71a727ab66014fb927f61bb5b06c0fa527fc9680cccf3b2cc,2014-10,Northumbria Police,Northumbria Police,-1.509984,54.905551,On or near A1231,E01008853,Sunderland 009A,Investigation complete; no suspect identified
652ce7e4242e3e0a1209caad1314b8154eca9fbe569ae11b54b7380f6d6bdd54,2014-10,Northumbria Police,Northumbria Police,-1.386612,54.898953,On or near AZALEA TERRACE SOUTH,E01008834,Sunderland 013E,Investigation complete; no suspect identified
16655b1e992f2ddda713db4b800f4842245c991dfdb0d654935f6085ef9acad8,2014-10,Northumbria Police,Northumbria Police,-1.616754,54.985868,On or near Park/Open Space,E01008397,Newcastle upon Tyne 024C,Suspect charged
16655b1e992f2ddda713db4b800f4842245c991dfdb0d654935f6085ef9acad8,2014-10,Northumbria Police,Northumbria Police,-1.616754,54.985868,On or near Park/Open Space,E01008397,Newcastle upon Tyne 024C,Suspect charged
a9f43dae0468be7fdfc747ccc2a741807a4ce872a80772200abc5c9285eb78ed,2014-10,Northumbria Police,Northumbria Police,-1.578982,54.983065,On or near SECOND AVENUE,E01008362,Newcastle upon Tyne 018E,Investigation complete; no suspect identified
031d47b69af0237d9e1b4176b453cb73a4d30bd1676d88e0506895dd02b2670b,2014-10,Northumbria Police,Northumbria Police,-1.646321,55.017787,On or near CAIRNS WAY,E01008337,Newcastle upon Tyne 003B,Investigation complete; no suspect identified
4f6c8f36d8075af6aad177748029c252e0670d2e2809881778f11ded2b11060d,2014-10,Northumbria Police,Northumbria Police,-1.404152,54.951943,On or near LABURNUM GROVE,E01008619,South Tyneside 022C,Investigation complete; no suspect identified
c2a687092182cbf1b3eae9d56e95d7dda9a83bd533f40bcbe3d8525423613dcc,2014-10,Northumbria Police,Northumbria Police,-1.427304,54.956583,On or near LANDSEER GARDENS,E01008690,South Tyneside 019C,Investigation complete; no suspect identified
76759a53addbf71a2620d0fa6d3b3a23ec5ed7ca3ea3229859878874961948f2,2014-10,Northumbria Police,Northumbria Police,-1.515713,55.120696,On or near ROWAN COURT,E01027429,Northumberland 024D,Investigation complete; no suspect identified
9ddb622e32588399246d4c2715c3c1a1d2037ef8077b4a8d01eb8d11ee3f6e76,2014-10,Northumbria Police,Northumbria Police,-1.487038,54.977069,On or near ELBERFELD COURT,E01008661,South Tyneside 007D,Suspect charged
f85887add8ad37490fcbe296eea205e3984013bacb5c41357ee29dfec31c7907,2014-10,Northumbria Police,Northumbria Police,-1.603579,54.971789,On or near TOWER STREET,E01033553,Newcastle upon Tyne 023H,Investigation complete; no suspect identified
931169a4d41db8cd3fa0fcca9d676dab4ac738926253e24bf6800427313e06af,2014-10,Northumbria Police,Northumbria Police,-1.608246,54.970537,On or near CITY ROAD,E01033553,Newcastle upon Tyne 023H,Investigation complete; no suspect identified
b15cff03a8ecd272775ed03bde3042b2f2e4a066e846058f8013783d8bf716c1,2014-10,Northumbria Police,Northumbria Police,-1.388104,54.926063,On or near LAMARA DRIVE,E01008713,Sunderland 001A,Investigation complete; no suspect identified
53deb2e56fa2b8b177512d072f9f951d124a03c28171a994481594294c77c8ae,2014-10,Northumbria Police,Northumbria Police,-1.552514,55.062984,On or near MAIN STREET NORTH,E01027435,Northumberland 032D,Investigation complete; no suspect identified
8964b9c5694b889c885bc08c8f4036633be0f276bdc7a8a9c931145e29d26bd0,2014-10,Northumbria Police,Northumbria Police,-1.631828,55.065119,On or near A19,E01008582,North Tyneside 004E,Investigation complete; no suspect identified
3b2ed16f531e1b30d5282aef81e854f0abf6af34384ebc5f0421d7f1ff0fec72,2014-10,Northumbria Police,Northumbria Police,-1.403639,54.885324,On or near NURSERY CLOSE,E01008782,Sunderland 022C,Investigation complete; no suspect identified
3d977bd806b8c1f6cce3bc875d7f9cf657f9ab015faa9f976a3c7c4ce875aea3,2014-10,Northumbria Police,Northumbria Police,-1.570780,55.025425,On or near GLEBE ROAD,E01008499,North Tyneside 014B,Suspect charged
e1254cbd7fc8f7a77ce21461744d110eee48f8fcdfb8e1dcff14eb8e5223ecb1,2014-10,Northumbria Police,Northumbria Police,-1.648628,54.979296,On or near WINGROVE GARDENS,E01008455,Newcastle upon Tyne 022G,Suspect charged
9e364515fe18e064302d572a4fa8dc22729fae7d891d09a354c59d66e06f9e26,2014-10,Northumbria Police,Northumbria Police,-1.632422,54.971134,On or near MILL FARM CLOSE,E01008439,Newcastle upon Tyne 024E,Investigation complete; no suspect identified
78897d287aeb8a91b14997b61f477ae6c3a6c755743b92abcc642d7e919cac05,2014-10,Northumbria Police,Northumbria Police,-1.424901,54.894098,On or near SOUTHMAYNE ROAD,E01008758,Sunderland 015B,Investigation complete; no suspect identified
e08649dc859f348ea32f5fbf678e6e9103342a73511b95bb14c3a810cddd84b5,2014-10,Northumbria Police,Northumbria Police,-1.637051,54.968838,On or near PARK CLOSE,E01008439,Newcastle upon Tyne 024E,Offender given a caution
28c19467d807f1b22287cb61b44cffef42a820e714aaf30ef350336d89958fa5,2014-10,Northumbria Police,Northumbria Police,-1.536739,54.903526,On or near ASHGILL,E01008874,Sunderland 010B,Suspect charged
37c20284c6f5cb0c6709dd9056476f61856aa93811ff8a6bf0e2f4843d6fdfec,2014-10,Northumbria Police,Northumbria Police,-1.521778,55.085422,On or near HASTINGS GARDENS,E01027418,Northumberland 030B,Investigation complete; no suspect identified
757796185a06638beb65b638abe880d9bfa4f915b18166445bc089c7a30c9575,2014-10,Northumbria Police,Northumbria Police,-1.582370,55.181958,On or near INSTITUTE ROAD,E01027524,Northumberland 012A,Offender given a caution
139f2e40b445ddfa6eccce2b60fac0b0b09c99d522cc109061a34bec1731f426,2014-10,Northumbria Police,Northumbria Police,-1.433790,54.997286,On or near Shopping Area,E01008667,South Tyneside 002D,Investigation complete; no suspect identified
b4c33fe27318484d6afb78f313100e7ac3fc6f8a42a38fcc56326224cf024649,2014-10,Northumbria Police,Northumbria Police,-1.411045,54.902300,On or near KAYLL ROAD,E01008759,Sunderland 015C,Investigation complete; no suspect identified
34c15e9a643dde6f270daeddac2ac706e0023e62ae346c54b98a39818c425c3b,2014-10,Northumbria Police,Northumbria Police,-1.675442,54.922649,On or near Supermarket,E01008272,Gateshead 019E,Suspect charged as part of another case
e97c1f0619b73d9b05dfc6a8d035102f312670853d02e88f61e8e642383e500d,2014-10,Northumbria Police,Northumbria Police,-1.441774,54.945723,On or near WESTERN TERRACE,E01008617,South Tyneside 023C,Investigation complete; no suspect identified
f36d03c1f843c3c7780258e8140c55c6f661ff7fb206feafe303abb5e53ccc5c,2014-10,Northumbria Police,Northumbria Police,-1.644599,54.948902,On or near Supermarket,E01008211,Gateshead 013D,Suspect charged
61096f8271c27933512b8cbcd0403554ce183883374a3d0c27f504d666e4fbc3,2014-10,Northumbria Police,Northumbria Police,-1.564641,55.161740,On or near CHURCH AVENUE,E01027552,Northumberland 020G,Investigation complete; no suspect identified
cabf757eb84532208e9b24aa734eb9c8faae1f8b59cabab062daade239218455,2014-10,Northumbria Police,Northumbria Police,-1.394937,54.969834,On or near FELLSIDE,E01008624,South Tyneside 018A,Investigation complete; no suspect identified
5a186e9f5b5256f25fdb19b2a669124b7ebf5554f10539b4dfe282ea2d0a4a66,2014-10,Northumbria Police,Northumbria Police,-1.515841,54.945169,On or near A194(M),E01008629,South Tyneside 020C,Investigation complete; no suspect identified
945b434644fc79da41a66ef961c86125709bb2ddeeb9f076a8cfc859183c4e57,2014-10,Northumbria Police,Northumbria Police,-1.507215,55.124427,On or near OXFORD STREET,E01027414,Northumberland 023A,Suspect charged
08c5c4466667f63d74cef0da81cdc1638235a1bd968f4a41639c4ec9c5800316,2014-10,Northumbria Police,Northumbria Police,-1.448583,54.827924,On or near DOWNS LANE,E01008718,Sunderland 035A,Investigation complete; no suspect identified
9eadc98402f5e4fb0d4dc77195cdaa55bd32c3e94352126f878fdbdb375a89b6,2014-10,Northumbria Police,Northumbria Police,-1.577483,54.996351,On or near Petrol Station,E01008314,Newcastle upon Tyne 012A,Investigation complete; no suspect identified
5ffe102f11d23b5f7484bcf16c9cc75884c244d4b7c7378f966ca8d6034c1da2,2014-10,Northumbria Police,Northumbria Police,-1.383910,54.904331,On or near HOLMESIDE,E01008703,Sunderland 013B,Investigation complete; no suspect identified
8b04d37f96b104a1c02c51a27af0794028adda851e0d82f9bc733776665b95d3,2014-10,Northumbria Police,Northumbria Police,-1.562171,55.178059,On or near FOURTH AVENUE,E01027545,Northumberland 010D,Offender given a caution
d73aa4d71a1fc5866baa7b9649063dc1f870862dc80a5717b859e9a0645403d1,2014-10,Northumbria Police,Northumbria Police,-1.672722,54.992546,On or near AINSLIE PLACE,E01008299,Newcastle upon Tyne 011D,Investigation complete; no suspect identified
4e73901999c50696b9bd0fe065efb04979041982754afb831a7c2b44f58e18f0,2014-10,Northumbria Police,Northumbria Police,-1.621934,54.968460,On or near WESTMORLAND ROAD,E01033545,Newcastle upon Tyne 024H,Investigation complete; no suspect identified
6445f1a22d540008e3ff8641970fef3450f94d5bc71a921be74c2f98555a53f9,2014-10,Northumbria Police,Northumbria Police,-1.683083,54.962937,On or near CLASPER WAY,E01008181,Gateshead 005C,Local resolution
7ca3f938b372f3b71fa88bd38ec89e554db3250f682748e94f70921f8a8b9d1b,2014-10,Northumbria Police,Northumbria Police,-1.668382,54.976755,On or near ADAIR AVENUE,E01008289,Newcastle upon Tyne 027B,Investigation complete; no suspect identified
cc55978d60ecaad2540f66ae95fcc99c6bbe5e2d5242dc00b8ab40ac0c67dbd9,2014-10,Northumbria Police,Northumbria Police,-1.412856,54.971818,On or near PRINCE EDWARD ROAD,E01008681,South Tyneside 006D,Investigation complete; no suspect identified
c7b6e3b0365cf8cbc0e6f97a9884297cd7617aae7dd57930ea4d7b9099437ec8,2014-10,Northumbria Police,Northumbria Police,-1.509055,55.123985,On or near RICHARD STREET,E01027414,Northumberland 023A,Suspect charged
050725e8733bbc211e3402fb49c00ca730b2b6ede781479aeb73ca008a908636,2014-10,Northumbria Police,Northumbria Police,-1.383910,54.904331,On or near HOLMESIDE,E01008703,Sunderland 013B,Investigation complete; no suspect identified
e185b91a1a8a23fcd77ed05b433dc5b338467fcc58be826f08fcf82da466d670,2014-10,Northumbria Police,Northumbria Police,-1.378495,54.906604,On or near WEST SUNNISIDE,E01008703,Sunderland 013B,Investigation complete; no suspect identified
43fa3891141509a1150e8d5f989cfc493d9b22d6b358f3e0a242e1e4406625b9,2014-10,Northumbria Police,Northumbria Police,-1.611628,54.951937,On or near GOSCHEN STREET,E01008171,Gateshead 008D,Investigation complete; no suspect identified
ceb04757e940b99575e29c19b2ddc6e745824d8e5c16fcc047927fc95dbfcb86,2014-10,Northumbria Police,Northumbria Police,-1.422420,54.988992,On or near ST MICHAEL'S AVENUE,E01008676,South Tyneside 003C,Investigation complete; no suspect identified
7d12e1a50399adc0295fe0bc4a58b4ac3422bb75d449706f8061548a8daf2ade,2014-10,Northumbria Police,Northumbria Police,-1.612279,54.947581,On or near RAYLEIGH GROVE,E01008254,Gateshead 010D,Investigation complete; no suspect identified
665c45b41379889e66ac8b10cbf8cb841e113a4bd024941d5eecec476417dee8,2014-10,Northumbria Police,Northumbria Police,-1.574085,54.979211,On or near MILLERS ROAD,E01008392,Newcastle upon Tyne 026F,Investigation complete; no suspect identified
0751aff7ac4e7ed4bf9351c73879d7d3aa86f4eb0fb336ee88aa291d9d5f7f24,2014-10,Northumbria Police,Northumbria Police,-1.610666,55.007865,On or near ST JAMES STREET,E01008354,Newcastle upon Tyne 005B,Suspect charged
2cf8691c584416acfd295adbd82ffbac7bc2067bc7685528d46f95f8db63df3c,2014-10,Northumbria Police,Northumbria Police,-1.578094,55.176461,On or near Parking Area,E01027536,Northumberland 012E,Investigation complete; no suspect identified
6d7be1357df53bba4646e06da5036f994da2575644b417fcf5934b205f04e355,2014-10,Northumbria Police,Northumbria Police,-1.583820,54.989705,On or near HOLDERNESS ROAD,E01008365,Newcastle upon Tyne 012F,Investigation complete; no suspect identified
faab3ffdc40feac1a99f74b8da21204fd31cb2a8f8eba8bbd762e939ee7bbff2,2014-10,Northumbria Police,Northumbria Police,-1.431879,54.873507,On or near AVONMOUTH SQUARE,E01008773,Sunderland 026A,Investigation complete; no suspect identified
8883ddb4bf98ee3c78cc1798028ee15969b022544f7ef7dcd0196664afcb13ea,2014-10,Northumbria Police,Northumbria Police,-1.574095,55.180356,On or near KENILWORTH ROAD,E01027529,Northumberland 010B,Investigation complete; no suspect identified
03e60a97963a24d36c45f1a16b895df8f82d2e76c2301d31f4d11ca225d77ff4,2014-10,Northumbria Police,Northumbria Police,-1.584037,54.918786,On or near WAVERLEY ROAD,E01008224,Gateshead 025C,Suspect charged
ea35a23986b6eedbdfc78451e1f7b0586d48ff62247900f93c6abe2a078461ff,2014-10,Northumbria Police,Northumbria Police,-1.395070,54.898546,On or near ASHWOOD TERRACE,E01008835,Sunderland 022G,Investigation complete; no suspect identified
ca593c5de6789beb09d4bb119552404235c63ba3b4b0315c2ce760e4bf70d32f,2014-10,Northumbria Police,Northumbria Police,-1.565568,55.176112,On or near TITCHFIELD TERRACE,E01027537,Northumberland 014B,Investigation complete; no suspect identified
b63d862b6a256ee5a341b6169287efb84d30447abb6abea1a05660e570d6f754,2014-10,Northumbria Police,Northumbria Police,-1.582370,55.181958,On or near INSTITUTE ROAD,E01027524,Northumberland 012A,Offender given a caution
4f0b50c5e0c36e05954ab24c774b8e763a54aeafb221c4dc5af20a5f8393dc35,2014-10,Northumbria Police,Northumbria Police,-1.454174,54.943065,On or near ST NICHOLAS ROAD,E01008615,South Tyneside 023B,Investigation complete; no suspect identified
b878463c3930e024086c72d7611338b880ab50bc3556a9595270b6c2685b5ba1,2014-10,Northumbria Police,Northumbria Police,-1.491865,54.873081,On or near AVONDALE AVENUE,E01008800,Sunderland 030D,Suspect charged
cd6ef3d018f6a4521011260c986561695143f88c862054d516c4a96c965a3b40,2014-10,Northumbria Police,Northumbria Police,-1.567987,55.020409,On or near STATION ROAD,E01008470,North Tyneside 014A,Investigation complete; no suspect identified
cd6ef3d018f6a4521011260c986561695143f88c862054d516c4a96c965a3b40,2014-10,Northumbria Police,Northumbria Police,-1.567987,55.020409,On or near STATION ROAD,E01008470,North Tyneside 014A,Investigation complete; no suspect identified
8db8400b892fe419884230a9c8be1fdf8bb8dc1486d4cb854c636bbbf5989dc6,2014-10,Northumbria Police,Northumbria Police,-1.570620,54.974481,On or near BOTHAL STREET,E01008302,Newcastle upon Tyne 026B,Investigation complete; no suspect identified
864cc6a8a969571e10a6f2b68d5a0e21fd31e3b8903d7963fb4e72dea36940c8,2014-10,Northumbria Police,Northumbria Police,-1.396387,54.900125,On or near OAKWOOD STREET,E01008830,Sunderland 018B,Investigation complete; no suspect identified
f7780c08446ee87c121251a105870fb5333e2b920980a2d381a03ecd01f84f2e,2014-10,Northumbria Police,Northumbria Police,-1.656442,54.993679,On or near GREENHILL VIEW,E01008380,Newcastle upon Tyne 008G,Suspect charged
f5aba9ac87c97f4c61c512b02dde45a2b5328e3da3b0346b5a04b772c85825ad,2014-10,Northumbria Police,Northumbria Police,-1.496074,54.864202,On or near MAPLE TERRACE,E01008793,Sunderland 030A,Suspect charged
f5aba9ac87c97f4c61c512b02dde45a2b5328e3da3b0346b5a04b772c85825ad,2014-10,Northumbria Police,Northumbria Police,-1.496074,54.864202,On or near MAPLE TERRACE,E01008793,Sunderland 030A,Suspect charged
f5aba9ac87c97f4c61c512b02dde45a2b5328e3da3b0346b5a04b772c85825ad,2014-10,Northumbria Police,Northumbria Police,-1.496074,54.864202,On or near MAPLE TERRACE,E01008793,Sunderland 030A,Investigation complete; no suspect identified
35376db7e1a4691e97b55d470c462340964e2ac74d25d12b8109d77c7d1bef6b,2014-10,Northumbria Police,Northumbria Police,-1.440475,54.896436,On or near Shopping Area,E01008810,Sunderland 014A,Investigation complete; no suspect identified
51fe096b25e4ddfe9e2e03ef3e66bc93eeea71680d4eea2d56b12adfa6cf3624,2014-10,Northumbria Police,Northumbria Police,-1.709623,55.416109,On or near BAILIFFGATE,E01027358,Northumberland 005A,Investigation complete; no suspect identified
f302d914237eca9e7c3456c4d6eeefd2daf49ff2a0afe2a120f4c5c6919b7f45,2014-10,Northumbria Police,Northumbria Police,-1.561571,54.934666,On or near WHITE OAKS,E01008232,Gateshead 018C,Investigation complete; no suspect identified
fec22622ffa56f7bb164d9309ad44ab18ecd71287d8b2580a2adb0cb2b8d1592,2014-10,Northumbria Police,Northumbria Police,-1.439139,54.974656,On or near Parking Area,E01008591,South Tyneside 011B,Investigation complete; no suspect identified
d1fbc08440cb55ed078f13fafdfbd70da9fdddf444daf91700146a1ae9e579d2,2014-10,Northumbria Police,Northumbria Police,-1.586514,55.130500,On or near Sports/Recreation Area,E01027515,Northumberland 020A,Local resolution
37f7445bc214545139abe164457a85e667ee9fce3334d0a4e32b10453bf56b03,2014-10,Northumbria Police,Northumbria Police,-1.503463,54.994427,On or near ROSEHILL ROAD,E01008543,North Tyneside 028C,Investigation complete; no suspect identified
2df82dbe633c8d884f7872272bbb8f323694a117ee71741f0ccf7c615baebd4b,2014-10,Northumbria Police,Northumbria Police,-1.708365,54.989330,On or near THE GROVE,E01008329,Newcastle upon Tyne 015F,Investigation complete; no suspect identified
1f94445309e0264dcaff556219714e1d832323929fd551fd817754b9f00ebcd5,2014-10,Northumbria Police,Northumbria Police,-1.506190,55.127478,On or near BRIDGE STREET,E01027442,Northumberland 023E,Investigation complete; no suspect identified
9605071bdcd0e679acecdaffd433ba42ac554d7bff7095946b5dcf300b848f3a,2014-10,Northumbria Police,Northumbria Police,-2.101224,54.970837,On or near Supermarket,E01027490,Northumberland 035C,Suspect charged
f1b7aee196cbad72830ecd7b27d4eba05dd3906dac583f671adbc311c3c81ac9,2014-10,Northumbria Police,Northumbria Police,-1.705538,55.413233,On or near BONDGATE WITHIN,E01027358,Northumberland 005A,Offender given a caution
f1b7aee196cbad72830ecd7b27d4eba05dd3906dac583f671adbc311c3c81ac9,2014-10,Northumbria Police,Northumbria Police,-1.705538,55.413233,On or near BONDGATE WITHIN,E01027358,Northumberland 005A,Investigation complete; no suspect identified
f1b7aee196cbad72830ecd7b27d4eba05dd3906dac583f671adbc311c3c81ac9,2014-10,Northumbria Police,Northumbria Police,-1.705538,55.413233,On or near BONDGATE WITHIN,E01027358,Northumberland 005A,Investigation complete; no suspect identified
16cd58ac5d598cf8cd2210fe1660330e3489db1c4dcee0f73ce5928c4507521a,2014-10,Northumbria Police,Northumbria Police,-1.570780,55.025425,On or near GLEBE ROAD,E01008499,North Tyneside 014B,Investigation complete; no suspect identified
b0ede1ee8d6aeaa707a69ebb2d705e36b2e4865d5cb7f011399cbbae4f40a960,2014-10,Northumbria Police,Northumbria Police,-1.635961,54.952938,On or near CLOCKMILL ROAD,E01008210,Gateshead 007B,Investigation complete; no suspect identified
2b312e47874ed46e9e949368380cf57185d8389a5903ed983fd84475e4550d9b,2014-10,Northumbria Police,Northumbria Police,-1.454838,54.922840,On or near COOK SQUARE,E01008695,Sunderland 008C,Investigation complete; no suspect identified
8fc8accf7443082c35f0c92e2712de4060f06fc894663b713949e7df2cfe303f,2014-10,Northumbria Police,Northumbria Police,-1.496829,55.012498,On or near THE SILVERLINK,E01008491,North Tyneside 015D,Investigation complete; no suspect identified
07e27bb01e8a7d13bc276cb22316e6de56e2cf60150093a709045ef1b775d17d,2014-10,Northumbria Police,Northumbria Police,-1.555988,54.942806,On or near Sports/Recreation Area,E01008229,Gateshead 018A,Offender given a caution
ddbab2287bdb647ed715c79011031dac7427d6b023968465a83d36e24d1c73ee,2014-10,Northumbria Police,Northumbria Police,-1.572927,55.138361,On or near Petrol Station,E01027517,Northumberland 020B,Investigation complete; no suspect identified
72bb207c81b48ef7990b87645bf15524e729679e19da3bc19563439a2be05a5b,2014-10,Northumbria Police,Northumbria Police,-1.544748,54.897158,On or near Parking Area,E01008869,Sunderland 020C,Suspect charged
b7d8aaa3e1560f94c35673b52419e360cd7d44aed796646dd0db1b2d7d95305e,2014-10,Northumbria Police,Northumbria Police,-1.570610,54.951988,On or near PROVIDENCE PLACE,E01008212,Gateshead 012A,Investigation complete; no suspect identified
5d051be43769d779fe6325740ce7209ba517ee57cc0b82014a6b68432d218160,2014-10,Northumbria Police,Northumbria Police,-1.517379,55.130695,On or near HAMBLEDON STREET,E01027415,Northumberland 023B,Investigation complete; no suspect identified
e4de2540aae6bfcde7e21f98c7f857fa2dd78a3d87e622714b4bc67964cee559,2014-10,Northumbria Police,Northumbria Police,-1.523778,55.130747,On or near COWPEN ROAD,E01027392,Northumberland 022A,Investigation complete; no suspect identified
bf2eb2a398d4009bd1f7784c6847d3f17c1a04dd9b7526807993cb6737dc3f2f,2014-10,Northumbria Police,Northumbria Police,-1.601804,54.961701,On or near JACKSON STREET,E01008166,Gateshead 027C,Suspect charged
355826bc5007fd6db423d711f2b653f63d88d006255eef3b76c4ef941f668ae3,2014-10,Northumbria Police,Northumbria Police,-1.558912,55.184508,On or near CASTLE TERRACE,E01027539,Northumberland 010C,Investigation complete; no suspect identified
1383b07e93b50e5f0cdec8a35220eac7c5bcf205b0f9eb06d059a2f4f0470e5c,2014-10,Northumbria Police,Northumbria Police,-1.629227,54.973730,On or near MANSFIELD PLACE,E01008399,Newcastle upon Tyne 024D,Investigation complete; no suspect identified
c0cfb1c196a86b62f81310061f20c66102b4851ec54add5bae83b006d8510080,2014-10,Northumbria Police,Northumbria Police,-1.619676,55.005737,On or near Parking Area,E01008419,Newcastle upon Tyne 006E,Investigation complete; no suspect identified
e675ac754a4dfb0e5a2576d5b6111693726bdbb07bae265f9b6dc64515535de1,2014-10,Northumbria Police,Northumbria Police,-1.655411,54.993676,On or near WHITETHORN CRESCENT,E01008380,Newcastle upon Tyne 008G,Investigation complete; no suspect identified
65e2c1740cb0993aa5c37359e64b3b569dee126017fb390bfa8940b2eb66ebf1,2014-10,Northumbria Police,Northumbria Police,-1.614464,54.968814,On or near Pedestrian Subway,E01033545,Newcastle upon Tyne 024H,Investigation complete; no suspect identified
1384c58785fc8428774c9e9e3b07beaeae33a29491f4873ed099d56900af779f,2014-10,Northumbria Police,Northumbria Police,-1.617134,54.972264,On or near NEWGATE STREET,E01033543,Newcastle upon Tyne 024G,Investigation complete; no suspect identified
d1ddeb0167f13f47c8362ea39f52d0c8b19b3e08e14c9bd8e9138a0734e722fb,2014-10,Northumbria Police,Northumbria Police,-1.366566,54.885604,On or near WESTMINSTER TERRACE,E01008741,Sunderland 024B,Offender given a caution
4d2b8909863dd60f1487041e374e51768b1e604bb1835b34f4cfa22b57e138a1,2014-10,Northumbria Police,Northumbria Police,-1.551259,54.970754,On or near SCROGG ROAD,E01008428,Newcastle upon Tyne 030D,Suspect charged
14c161483f2960dd17748e56b926b5eedef209a6ae92b811ad8c3c1db9ac68b8,2014-10,Northumbria Police,Northumbria Police,-1.688927,54.976692,On or near YEWCROFT AVENUE,E01008415,Newcastle upon Tyne 025B,Investigation complete; no suspect identified
99435337e4ec7682b076da8f87cf2b43cf5fc10d941228ccdcdd38e044668a9a,2014-10,Northumbria Police,Northumbria Police,-1.551259,54.970754,On or near SCROGG ROAD,E01008428,Newcastle upon Tyne 030D,Suspect charged
7bd64bb5658c72eb12d5777ece12814a9210c6127e94e0406b906dead836921c,2014-10,Northumbria Police,Northumbria Police,-1.671806,55.125871,On or near Petrol Station,E01027473,Northumberland 015D,Investigation complete; no suspect identified
a80f7ad64046baee8366fabf606bfa1f19581f3232ae69adb0987a57384a86eb,2014-10,Northumbria Police,Northumbria Police,-1.401479,54.893284,On or near Petrol Station,E01008781,Sunderland 022B,Suspect charged
ebaf3e75102fd4eddf58d47199d30b6b53493e87f57fb736e36b4466600ffd13,2014-10,Northumbria Police,Northumbria Police,-1.637175,54.972352,On or near GLOUCESTER ROAD,E01008331,Newcastle upon Tyne 029A,Investigation complete; no suspect identified
425c290245446c0d1714c60a7e6baa36874f6f87a4077c5952a1b5feb9f026ce,2014-10,Northumbria Police,Northumbria Police,-1.403989,54.896451,On or near CHATSWORTH CRESCENT,E01008833,Sunderland 018D,Investigation complete; no suspect identified
992a31c36617ff441e1065504831658cec523131282ffc747f5e1c3e71a4076d,2014-10,Northumbria Police,Northumbria Police,-1.478787,55.007426,On or near NORHAM ROAD,E01008481,North Tyneside 023A,Investigation complete; no suspect identified
83bfe7245b050ad8a2fa053a393def60d4e7e01cd82e48425ad94a5a714f606f,2014-10,Northumbria Police,Northumbria Police,-1.648227,55.196570,On or near LONGHIRST VILLAGE,E01027463,Northumberland 011C,Investigation complete; no suspect identified
5f28e04eba6bb7f8d9d14431d274e3abfdd6ffd686571db32226c07d565f3ef9,2014-10,Northumbria Police,Northumbria Police,-1.365865,54.893499,On or near COMMERCIAL ROAD,E01008738,Sunderland 016E,Investigation complete; no suspect identified
cf89078205d87db2598fe844ce8848e0691117178a6845f8dc1250491508fd9b,2014-10,Northumbria Police,Northumbria Police,-1.538953,55.154466,On or near Park/Open Space,E01027552,Northumberland 020G,Investigation complete; no suspect identified
c09f7f3ff3b493de1ec236b8b17b39844c778a51a36f778d4674942366a36826,2014-10,Northumbria Police,Northumbria Police,-1.479345,54.980020,On or near ST PAUL'S ROAD,E01008600,South Tyneside 007A,Investigation complete; no suspect identified
99b3eeb421a8fc96d49cbc51be0a1997abb76364dce1a88456bb49372eddf71f,2014-10,Northumbria Police,Northumbria Police,-1.577563,54.933690,On or near SUNDEW ROAD,E01008221,Gateshead 021C,Investigation complete; no suspect identified
0f978787ba31e780cab5486bdfec66b8c0f4a93cbe8d90e0b99fceda6f1df2a8,2014-10,Northumbria Police,Northumbria Police,-1.402941,54.919856,On or near SUNDERLAND ROAD,E01033075,Sunderland 005G,Suspect charged
f8e9086bee9e317044b5fbf6e730855bfde873392f99d681923481113cd326c0,2014-10,Northumbria Police,Northumbria Police,-1.668240,55.013032,On or near KINGSTON PARK AVENUE,E01008294,Newcastle upon Tyne 001A,Investigation complete; no suspect identified
24746059a69eeb8914d31e93affbdcda953f1e884443728fe430ce37782950c7,2014-10,Northumbria Police,Northumbria Police,-1.629643,54.965868,On or near KYLE CLOSE,E01008438,Newcastle upon Tyne 029G,Investigation complete; no suspect identified
919ac64ddb1b6095c581922a66c16ce9fdced3e8251549af6dd55ff946578068,2014-10,Northumbria Police,Northumbria Police,-1.611738,54.969722,On or near ST NICHOLAS' STREET,E01033545,Newcastle upon Tyne 024H,Offender given a caution
f4b561cc6037cdb6b88fd3540e0b153301603cc2696c49a5b8f62f250604deda,2014-10,Northumbria Police,Northumbria Police,-1.619580,55.004307,On or near Supermarket,E01008419,Newcastle upon Tyne 006E,Investigation complete; no suspect identified
18c83ed97f46a1de09170d40d0de259eeed3b7033e230a8e79a639ac717bf54e,2014-10,Northumbria Police,Northumbria Police,-1.495656,54.968847,On or near WOOD TERRACE,E01008657,South Tyneside 009F,Investigation complete; no suspect identified
f523ff07f5e6afc0fc55de2bb891aa51e7dab9df35bdd2300124b08396b7a8f5,2014-10,Northumbria Police,Northumbria Police,-1.491223,54.982218,On or near Parking Area,E01008604,South Tyneside 007B,Investigation complete; no suspect identified
052f3852a9b6e746a39e661a137d52069afe8e6982409249a960906d99eb9491,2014-10,Northumbria Police,Northumbria Police,-1.390130,54.936516,On or near WASDALE COURT,E01008724,Sunderland 001C,Investigation complete; no suspect identified
58a3740fc5dbd405b438bbfc44732c013a822b62160ce1ca732e2c084e07003a,2014-10,Northumbria Police,Northumbria Police,-1.402529,54.973997,On or near RUSSELL AVENUE,E01008633,South Tyneside 008A,Investigation complete; no suspect identified
9c8764c9d391d1df56cb751b0548a28da7daecb04281e7ea1c8b8aa54bc90718,2014-10,Northumbria Police,Northumbria Police,-1.580427,54.982342,On or near ROXBURGH PLACE,E01008362,Newcastle upon Tyne 018E,Suspect charged
501efa284186f438dc6ff5a0e749568f3dbf4fedfbe3a3e6ba1c395d4011aa3e,2014-10,Northumbria Police,Northumbria Police,-1.704046,55.412115,On or near HOTSPUR STREET,E01033715,Northumberland 005D,Offender given a caution
e9ae08eb9c78205277328e85ef554b6d9e8d2d29245a88f7df94ad4f7eef7166,2014-10,Northumbria Police,Northumbria Police,-1.609843,54.970228,On or near DEAN STREET,E01033543,Newcastle upon Tyne 024G,Investigation complete; no suspect identified
e9ae08eb9c78205277328e85ef554b6d9e8d2d29245a88f7df94ad4f7eef7166,2014-10,Northumbria Police,Northumbria Police,-1.609843,54.970228,On or near DEAN STREET,E01033543,Newcastle upon Tyne 024G,Investigation complete; no suspect identified
701305dd10c3f4c8c7a9d9f4d31b751a6226c43aa91ca59d9e168d9f65a719b0,2014-10,Northumbria Police,Northumbria Police,-1.548846,55.003482,On or near MAIN CRESCENT,E01008532,North Tyneside 025B,Suspect charged
4a27ab6cc679baa19643a4c65a8d97e0f573da1c1d6f6fad06831d44f97ddb76,2014-10,Northumbria Police,Northumbria Police,-1.744208,54.919192,On or near Supermarket,E01008184,Gateshead 022A,Offender given a caution
1d74b72d8be89eca42f5822de731091fb42ab6e95cc5539bcc19603c4982b3f2,2014-10,Northumbria Police,Northumbria Police,-1.495656,54.968847,On or near WOOD TERRACE,E01008657,South Tyneside 009F,Investigation complete; no suspect identified
85bd79e10805610354e2873b506a59ba0a9755399c0836f288ff94568ce58972,2014-10,Northumbria Police,Northumbria Police,-1.607514,54.955914,On or near VILLA PLACE,E01008167,Gateshead 008A,Investigation complete; no suspect identified
29ef4e3820b90c9ee3f717f3cc7f86d2ca01ac5802f5dfce0bb67b188bd093c3,2014-10,Northumbria Police,Northumbria Police,-1.505819,54.964197,On or near CORNWALL ROAD,E01008645,South Tyneside 015C,Investigation complete; no suspect identified
b0742aed5ac74d3e4a717f455606ec35aefaf2d15d546fa26c207539cbf5abf5,2014-10,Northumbria Police,Northumbria Police,-1.462305,55.008747,On or near THORNCLIFFE PLACE,E01008482,North Tyneside 023B,Investigation complete; no suspect identified
af7636a20a5eb3bf5197bef619574dd1d502c7bb848b9ea7d2a608daaa499918,2014-10,Northumbria Police,Northumbria Police,-1.623199,55.056906,On or near PATIENCE AVENUE,E01008582,North Tyneside 004E,Investigation complete; no suspect identified
6c354b01059ff77a15fb5992f7e4a6f7d985909bba7a93083aa4f92079c48cba,2014-10,Northumbria Police,Northumbria Police,-1.547029,55.172917,On or near SALISBURY CLOSE,E01033716,Northumberland 013F,Investigation complete; no suspect identified
ed1e842ea97794519ab0c9109a513bda16d77dca3b448e28bb0724f20b88287e,2014-10,Northumbria Police,Northumbria Police,-1.617134,54.972264,On or near NEWGATE STREET,E01033543,Newcastle upon Tyne 024G,Investigation complete; no suspect identified
64712a33b9c5fdeb84595486590d19be42495bd3f6309e69260511da67cd4e94,2014-10,Northumbria Police,Northumbria Police,-1.479345,54.980020,On or near ST PAUL'S ROAD,E01008600,South Tyneside 007A,Suspect charged
b7430998734c871dfa0ad4aa277660d2190f6683dcefcdd5b1175d52335c9872,2014-10,Northumbria Police,Northumbria Police,-1.552965,55.035155,On or near GARTH TWENTY SEVEN,E01008506,North Tyneside 012C,Suspect charged
b7430998734c871dfa0ad4aa277660d2190f6683dcefcdd5b1175d52335c9872,2014-10,Northumbria Police,Northumbria Police,-1.552965,55.035155,On or near GARTH TWENTY SEVEN,E01008506,North Tyneside 012C,Suspect charged
48fb30bd72c30d7294ff6ed42f005b1ec7fa7cb04de1d6a239a79df752600c7d,2014-10,Northumbria Police,Northumbria Police,-1.495656,54.968847,On or near WOOD TERRACE,E01008657,South Tyneside 009F,Investigation complete; no suspect identified
3eaf6e9b829f0d9e67c74dd78a4fe6abd414cee45bc596bbaed9ec14e7403f1e,2014-10,Northumbria Police,Northumbria Police,-1.706843,55.409767,On or near SOUTH STREET,E01033717,Northumberland 005E,Offender given a caution
3eaf6e9b829f0d9e67c74dd78a4fe6abd414cee45bc596bbaed9ec14e7403f1e,2014-10,Northumbria Police,Northumbria Police,-1.706843,55.409767,On or near SOUTH STREET,E01033717,Northumberland 005E,Offender given a caution
3eaf6e9b829f0d9e67c74dd78a4fe6abd414cee45bc596bbaed9ec14e7403f1e,2014-10,Northumbria Police,Northumbria Police,-1.706843,55.409767,On or near SOUTH STREET,E01033717,Northumberland 005E,Investigation complete; no suspect identified
8ad847d61f7c5b925602923ac87094906518145af71e9f01a15c2bc2b3666b9a,2014-10,Northumbria Police,Northumbria Police,-1.411045,54.902300,On or near KAYLL ROAD,E01008759,Sunderland 015C,Offender given a caution
14be03b6b1ca1ad99c19fca71a25eb5ea33a959b4c97753ba7765242064917d4,2014-10,Northumbria Police,Northumbria Police,-1.611184,54.970394,On or near Nightclub,E01033543,Newcastle upon Tyne 024G,Investigation complete; no suspect identified
c594c10f3966a6d67012ecec88d56e3ba0fc6e2d18bc074f36c319651426168e,2014-10,Northumbria Police,Northumbria Police,-1.696980,54.979956,On or near WOOD GROVE,E01008415,Newcastle upon Tyne 025B,Investigation complete; no suspect identified
7e5592d748b1f1e1832e682f8853b000db4fc3953626d1b5dd88b0b03e404033,2014-10,Northumbria Police,Northumbria Police,-1.443865,55.041877,On or near VICTORIA MEWS,E01008588,North Tyneside 006D,Investigation complete; no suspect identified
196e843d8fe79aade39c00152d1e3aca1992d78d0f39b93923dfbcf77cf51baf,2014-10,Northumbria Police,Northumbria Police,-1.507042,55.125765,On or near CROWN STREET,E01027414,Northumberland 023A,Offender given a caution
3ade282633e27ad51714cdaa877b60aa818c32d4c03afa5921b42a52665ef50d,2014-10,Northumbria Police,Northumbria Police,-1.612931,54.970714,On or near GROAT MARKET,E01033543,Newcastle upon Tyne 024G,Offender given a caution
fbf489c30881f50ac6206893fdea6664880a7e2b484d95764ef2226982fd2d17,2014-10,Northumbria Police,Northumbria Police,-1.607170,54.949578,On or near WINDSOR AVENUE,E01008253,Gateshead 010C,Investigation complete; no suspect identified
70853b8cff09ef709ebc7e32a39bfd4be8bfd34bc0fe894b2aca53d0e01fe15c,2014-10,Northumbria Police,Northumbria Police,-1.378515,54.889080,On or near Sports/Recreation Area,E01008740,Sunderland 022A,Investigation complete; no suspect identified
5dc2a8038c5a65fcfbe1545a4f2e62b2194f10d3a82fe0010fb22ce06501fbe9,2014-10,Northumbria Police,Northumbria Police,-1.686575,54.983893,On or near KENLEY ROAD,E01008345,Newcastle upon Tyne 019C,Offender given a caution
763145b2dde22fa78f6aeec2960e147eddb47036c5ac1803681c095534f4c0a2,2014-10,Northumbria Police,Northumbria Police,-1.615815,54.971325,On or near Shopping Area,E01033543,Newcastle upon Tyne 024G,Investigation complete; no suspect identified
7dbac35707e33dc0276edb6d28a58e03b871db0454c35559041a7f6b94407970,2014-10,Northumbria Police,Northumbria Police,-1.572702,54.977023,On or near UNION ROAD,E01008392,Newcastle upon Tyne 026F,Investigation complete; no suspect identified
2a02d0f637019c0cfae62569d11a1650b5fefc1ac704e37412212e8619a96282,2014-10,Northumbria Police,Northumbria Police,-1.544046,54.995233,On or near ELTRINGHAM CLOSE,E01008535,North Tyneside 030B,Suspect charged
2a02d0f637019c0cfae62569d11a1650b5fefc1ac704e37412212e8619a96282,2014-10,Northumbria Police,Northumbria Police,-1.544046,54.995233,On or near ELTRINGHAM CLOSE,E01008535,North Tyneside 030B,Investigation complete; no suspect identified
57b3e88c407ae2d04938663978fa8b33146b120a5f15d4e30e9eb9f4c2f2232a,2014-10,Northumbria Police,Northumbria Police,-1.494268,54.840470,On or near THE FOLDS,E01008750,Sunderland 033A,Investigation complete; no suspect identified
96cb9a0cb8f463ec1c808db2763473a9005a94682c3f386c36cf9216f0abb36c,2014-10,Northumbria Police,Northumbria Police,-1.477447,54.869713,On or near LANTON STREET,E01032483,Sunderland 032F,Suspect charged
6123fd4d6616bc6e9d269fdbb82c30d4a08cef96e55e89738cf54bdcad5c7afc,2014-10,Northumbria Police,Northumbria Police,-1.436565,55.037998,On or near MARDEN CRESCENT,E01008587,North Tyneside 006C,Investigation complete; no suspect identified
624c2ae3e8605b63149550641b80437008476359a2e7c5be387a46098db78415,2014-10,Northumbria Police,Northumbria Police,-1.600912,54.950824,On or near SHIPCOTE LANE,E01008252,Gateshead 010B,Offender given a caution
9586abcbbe99e524e7111fa9913b38510c057c19c25499edbe3c9e7559708645,2014-10,Northumbria Police,Northumbria Police,-1.486117,54.979500,On or near MONKTON TERRACE,E01008600,South Tyneside 007A,Investigation complete; no suspect identified
b8f04367677f93aabbdc26df6198f49a0312bf6a7ace9fd5fd2366f2e4a0036c,2014-10,Northumbria Police,Northumbria Police,-1.486572,54.967065,On or near RABY GARDENS,E01008662,South Tyneside 017D,Investigation complete; no suspect identified
1e33c0161f6344ff2e2088144d33d0185ed3f443c741423e8d316b560077a72e,2014-10,Northumbria Police,Northumbria Police,-1.565415,54.928426,On or near BRANDON GARDENS,E01008227,Gateshead 021E,Investigation complete; no suspect identified
1e33c0161f6344ff2e2088144d33d0185ed3f443c741423e8d316b560077a72e,2014-10,Northumbria Police,Northumbria Police,-1.565415,54.928426,On or near BRANDON GARDENS,E01008227,Gateshead 021E,Investigation complete; no suspect identified
b9614e6e0dccb007553fb54a0c468cc7ddcfa0a791c6944a216e657a9c92a960,2014-10,Northumbria Police,Northumbria Police,-1.525637,55.118075,On or near WORDSWORTH AVENUE,E01027422,Northumberland 024B,Suspect charged
e0f8ef0f5cb5696b7ec554f6ba0c5f0915699fac508d9e5545fc976bb71570cc,2014-10,Northumbria Police,Northumbria Police,-1.570599,55.140410,On or near BLENHEIM DRIVE,E01027517,Northumberland 020B,Investigation complete; no suspect identified
ee3fe8d09b7456200eeca06a3ea96f2989f12d42700467ed56224ab538ef1e16,2014-10,Northumbria Police,Northumbria Police,-1.570599,55.140410,On or near BLENHEIM DRIVE,E01027517,Northumberland 020B,Investigation complete; no suspect identified
ca13d66f3e3b3f25f256fc1d55bf05b0a4c80dfae2819c35441c661b013582ce,2014-10,Northumbria Police,Northumbria Police,-1.707014,55.412302,On or near ST MICHAEL'S LANE,E01033715,Northumberland 005D,Local resolution
ca13d66f3e3b3f25f256fc1d55bf05b0a4c80dfae2819c35441c661b013582ce,2014-10,Northumbria Police,Northumbria Police,-1.707014,55.412302,On or near ST MICHAEL'S LANE,E01033715,Northumberland 005D,Investigation complete; no suspect identified
ca13d66f3e3b3f25f256fc1d55bf05b0a4c80dfae2819c35441c661b013582ce,2014-10,Northumbria Police,Northumbria Police,-1.707014,55.412302,On or near ST MICHAEL'S LANE,E01033715,Northumberland 005D,Investigation complete; no suspect identified
ca13d66f3e3b3f25f256fc1d55bf05b0a4c80dfae2819c35441c661b013582ce,2014-10,Northumbria Police,Northumbria Police,-1.707014,55.412302,On or near ST MICHAEL'S LANE,E01033715,Northumberland 005D,Investigation complete; no suspect identified
358de1ff9955a933f99c021eae2b4264cbfd9c019bb24232548246bb3aeb5db9,2014-10,Northumbria Police,Northumbria Police,-1.577200,55.045585,On or near KIRKWOOD,E01008478,North Tyneside 002A,Investigation complete; no suspect identified
8c3602492d8dc88d4e8168b82868cc3fe0e24e734fdce217714e55b7ffbdd8e0,2014-10,Northumbria Police,Northumbria Police,-1.541863,54.905442,On or near DRUMALDRACE,E01008875,Sunderland 010C,Suspect charged
2ee52a2d386089076cf610ecf2c9c04d0e3d5a7af3d31f6171ba799ce4570278,2014-10,Northumbria Police,Northumbria Police,-1.510973,54.916591,On or near BRACKLEY,E01008855,Sunderland 007A,Investigation complete; no suspect identified
16dbf6fd09736ebc345e2bfc6604156cc7f73957d14fb3956f451de7e0437fbb,2014-10,Northumbria Police,Northumbria Police,-1.689114,54.978840,On or near HOWLETT HALL ROAD,E01008416,Newcastle upon Tyne 025C,Suspect charged
ab148e26f773761b58605a6e661101ecb8519ae25a374b8f329f15d65bb1d61f,2014-10,Northumbria Police,Northumbria Police,-1.582893,54.960002,On or near Supermarket,E01008214,Gateshead 003A,Investigation complete; no suspect identified
f55f15e6558b2379ce9fd27381d1408bb30223c259e78b3796f4510b65c2cc99,2014-10,Northumbria Police,Northumbria Police,-1.364035,54.882023,On or near RYHOPE ROAD,E01008779,Sunderland 024C,Investigation complete; no suspect identified
7d1318b015f663a8d11955a9b9d941242be57e51540cd1fdb6ec1a85f96fc1a6,2014-10,Northumbria Police,Northumbria Police,-1.593403,54.975485,On or near BYKER BRIDGE,E01008406,Newcastle upon Tyne 023A,Investigation complete; no suspect identified
5eeb61cea6a9382765ad96780bfc0e5be003e70d3c0cdf11e6599b98970514c2,2014-10,Northumbria Police,Northumbria Police,-1.613189,54.969906,On or near COLLINGWOOD STREET,E01033545,Newcastle upon Tyne 024H,Investigation complete; no suspect identified
38bf4dc21ae4f46d3afe987251d635454ca419776cf5d4ec7b5d5ff68dd3e90b,2014-10,Northumbria Police,Northumbria Police,-1.579754,55.013918,On or near ELMSFORD GROVE,E01008474,North Tyneside 019B,Investigation complete; no suspect identified
bde588be92d73a739069fce6ee199e4639e916794d5d5b3f444aa8c9eaeec34e,2014-10,Northumbria Police,Northumbria Police,-1.439387,54.946710,On or near HARDIE DRIVE,E01008617,South Tyneside 023C,Local resolution
183638367e5520eed7612b06397dc4bdc16289f5cc9233e9422b271fd303688a,2014-10,Northumbria Police,Northumbria Police,-1.418890,54.988876,On or near HORSLEY HILL ROAD,E01008677,South Tyneside 003D,Investigation complete; no suspect identified
7ed7b7d482e8129fab46103c32d36af25dc415e5a529d2ca4c82e905aa490c7c,2014-10,Northumbria Police,Northumbria Police,-1.434154,55.010282,On or near FISH QUAY,E01008561,North Tyneside 016C,Investigation complete; no suspect identified
6e69f52744a1356a90924974469e56cc640895e36a9b706006547e6660d9ab89,2014-10,Northumbria Police,Northumbria Police,-1.421651,54.945710,On or near GLENCOURSE,E01008620,South Tyneside 023D,Investigation complete; no suspect identified
69742be8a9d2a0a70f92ec208c0ee480c9f131aee309d53b2f72e9c1b57533c6,2014-10,Northumbria Police,Northumbria Police,-1.657427,54.971611,On or near BOND COURT,E01008332,Newcastle upon Tyne 029B,Investigation complete; no suspect identified
0073e5cc07d7d0950bd25e88ab5d6cffcee3817c26e0b033948ea3787ad78dc1,2014-10,Northumbria Police,Northumbria Police,-1.584226,54.976182,On or near CLIFFORD STREET,E01008304,Newcastle upon Tyne 026C,Suspect charged
9f6cc86cdf21e143d54d77f49d43748bad61102fa8c3a3af3091a1a036881a60,2014-10,Northumbria Police,Northumbria Police,-1.706843,55.409767,On or near SOUTH STREET,E01033717,Northumberland 005E,Offender given a caution
9f6cc86cdf21e143d54d77f49d43748bad61102fa8c3a3af3091a1a036881a60,2014-10,Northumbria Police,Northumbria Police,-1.706843,55.409767,On or near SOUTH STREET,E01033717,Northumberland 005E,Investigation complete; no suspect identified
9f6cc86cdf21e143d54d77f49d43748bad61102fa8c3a3af3091a1a036881a60,2014-10,Northumbria Police,Northumbria Police,-1.706843,55.409767,On or near SOUTH STREET,E01033717,Northumberland 005E,Investigation complete; no suspect identified
1e45ad9e9ed4bdafc691994404bbeeb9bc96357f9fd7cd8bd009ba559c0bb868,2014-10,Northumbria Police,Northumbria Police,-1.704898,55.410095,On or near THE AVENUE,E01033715,Northumberland 005D,Offender given a caution
1e45ad9e9ed4bdafc691994404bbeeb9bc96357f9fd7cd8bd009ba559c0bb868,2014-10,Northumbria Police,Northumbria Police,-1.704898,55.410095,On or near THE AVENUE,E01033715,Northumberland 005D,Investigation complete; no suspect identified
1e45ad9e9ed4bdafc691994404bbeeb9bc96357f9fd7cd8bd009ba559c0bb868,2014-10,Northumbria Police,Northumbria Police,-1.704898,55.410095,On or near THE AVENUE,E01033715,Northumberland 005D,Investigation complete; no suspect identified
6950bd5b08a0d0cc3d381160a8285a0626f28c00e2061f31fada54401a74c1a9,2014-10,Northumbria Police,Northumbria Police,-1.376526,54.892746,On or near Petrol Station,E01008740,Sunderland 022A,Suspect charged as part of another case
58198257771fbbb23500a847d8b95069b4ddfb371f61782a07b405a63e6a976b,2014-10,Northumbria Police,Northumbria Police,-1.582279,54.936411,On or near Sports/Recreation Area,E01008219,Gateshead 016A,Investigation complete; no suspect identified
49842415ea4fdb38963856de9d095d329f443025364a9934b86e6c6280aafd55,2014-10,Northumbria Police,Northumbria Police,-1.620889,54.963271,On or near SHOT FACTORY LANE,E01008438,Newcastle upon Tyne 029G,Offender given a caution
1bb75abd2597fbd4857f10318b77edb8d195c5a4dc9aa9da00f2ae3c2c851d08,2014-10,Northumbria Police,Northumbria Police,-1.627291,55.244914,On or near GRANGEWOOD,E01027475,Northumberland 008G,Investigation complete; no suspect identified
b0d2920ff176a2c9b93a1890954ed4895c29238567860953b156b1375334840d,2014-10,Northumbria Police,Northumbria Police,-1.606340,54.949782,On or near WESTBOURNE AVENUE,E01008253,Gateshead 010C,Investigation complete; no suspect identified
3572bb59d2492ff35fe9abd72725eef69cefe1f1791046b5c882e98237768d56,2014-10,Northumbria Police,Northumbria Police,-1.539102,54.901442,On or near SUNDERLAND HIGHWAY,E01008867,Sunderland 020A,Suspect charged
fa68dc7cbf8e626856be5c321fa255360c67499a0c41b69cf47abde9083d15d5,2014-10,Northumbria Police,Northumbria Police,-1.539102,54.901442,On or near SUNDERLAND HIGHWAY,E01008867,Sunderland 020A,Suspect charged
125df950b2349414fe4bb25dd9ea308ccb506f03e44f3105d190042ad459ac0d,2014-10,Northumbria Police,Northumbria Police,-1.465427,54.993852,On or near HAYHOLE ROAD,E01008539,North Tyneside 027A,Investigation complete; no suspect identified
24256cd1ef29ec8290f2494d99e73e6b45176d0582e2a316ff5e54af58d9354f,2014-10,Northumbria Police,Northumbria Police,-1.479577,54.841037,On or near THE OVAL,E01008749,Sunderland 034E,Investigation complete; no suspect identified
5f1803d7faf56614778c50a3aad968642f2db33f8367c4d479dad4e723993db0,2014-10,Northumbria Police,Northumbria Police,-1.448093,54.825019,On or near MARKET STREET,E01008719,Sunderland 035B,Investigation complete; no suspect identified
d5a494076d0fda49de0cc15c625e8ba63ed998147794611f9eea9c7dea1c947a,2014-10,Northumbria Police,Northumbria Police,-1.407387,54.994213,On or near Sports/Recreation Area,E01008648,South Tyneside 004B,Investigation complete; no suspect identified
0034d9f12e000b56433848aa3f0e0ed8c5a327a76e5a0eba89a73582c8a4cd8e,2014-10,Northumbria Police,Northumbria Police,-1.580565,54.954162,On or near ST JAMES COURT,E01008164,Gateshead 027B,Investigation complete; no suspect identified
4597512e4ba93c692685c214cfa82a100bfb4426fddde2485a903e9e70f3687e,2014-10,Northumbria Police,Northumbria Police,-1.506697,55.109221,On or near TERN CLOSE,E01027440,Northumberland 026D,Investigation complete; no suspect identified
e1ddfc6804ef9a19e7e35d28f4f1d83e1f4cd4562b0a2ce32aa5099884092036,2014-10,Northumbria Police,Northumbria Police,-1.534611,54.890623,On or near CAPLESTONE CLOSE,E01008871,Sunderland 020E,Investigation complete; no suspect identified
b0ab75893a9d8a7cef49c2bc131f53d58704485a21ef0bd9cce69f9e822175d4,2014-10,Northumbria Police,Northumbria Police,-1.435398,54.984092,On or near GRACE COURT,E01008666,South Tyneside 002C,Investigation complete; no suspect identified
2234754ddeaa3a962f78bfdcf5fb9d3b9560dfa7ba79ae4d19d8c389072a2ff3,2014-10,Northumbria Police,Northumbria Police,-1.674874,54.942822,On or near MILLFIELD ROAD,E01008267,Gateshead 017A,Investigation complete; no suspect identified
8948324c94158e61a4797e9dbc63aa3927c12c53d84ce69fab1ce61aec574423,2014-10,Northumbria Police,Northumbria Police,-1.488555,54.980634,On or near Shopping Area,E01008600,South Tyneside 007A,Suspect charged
1a475dc2f3f40b85ca8b86634f4958c525c56b3f37c93d65af125bf32f306383,2014-10,Northumbria Police,Northumbria Police,-1.604498,54.970444,On or near PANDON,E01033553,Newcastle upon Tyne 023H,Suspect charged
1a475dc2f3f40b85ca8b86634f4958c525c56b3f37c93d65af125bf32f306383,2014-10,Northumbria Police,Northumbria Police,-1.604498,54.970444,On or near PANDON,E01033553,Newcastle upon Tyne 023H,Suspect charged
d3bfa0fa3aa996c0f382b2f24fed9ff92b9a4159fe136e7f06cd7d7686779223,2014-10,Northumbria Police,Northumbria Police,-1.431963,54.989414,On or near FROST MEWS,E01008664,South Tyneside 002A,Suspect charged
513e85e17163f4f3bbc616635a4d0ee401d3153d3dab6e701514bb502fbd5ca0,2014-10,Northumbria Police,Northumbria Police,-1.434990,54.899538,On or near PALGROVE ROAD,E01008813,Sunderland 014C,Offender given a caution
155661bda9b9456a50dd81aac3c81b5b9565b7079fee4cabb68a05f8436bed5e,2014-10,Northumbria Police,Northumbria Police,-1.538852,54.986038,On or near GEORGE ROAD,E01008436,Newcastle upon Tyne 020F,Suspect charged
155661bda9b9456a50dd81aac3c81b5b9565b7079fee4cabb68a05f8436bed5e,2014-10,Northumbria Police,Northumbria Police,-1.538852,54.986038,On or near GEORGE ROAD,E01008436,Newcastle upon Tyne 020F,Investigation complete; no suspect identified
155661bda9b9456a50dd81aac3c81b5b9565b7079fee4cabb68a05f8436bed5e,2014-10,Northumbria Police,Northumbria Police,-1.538852,54.986038,On or near GEORGE ROAD,E01008436,Newcastle upon Tyne 020F,Investigation complete; no suspect identified
0d4d47eb8ac192b78386f3b6b1bcabbec105255cfe18b2174f49a029fada6cee,2014-10,Northumbria Police,Northumbria Police,-1.431927,55.032926,On or near BEVERLEY TERRACE,E01008496,North Tyneside 010B,Investigation complete; no suspect identified
a1a9f6f92eff8fd43b3d79d3f3d1d5e777a5acbcd65bde142998cc1c708b0cc4,2014-10,Northumbria Police,Northumbria Police,-1.706843,55.409767,On or near SOUTH STREET,E01033717,Northumberland 005E,Offender given a caution
a1a9f6f92eff8fd43b3d79d3f3d1d5e777a5acbcd65bde142998cc1c708b0cc4,2014-10,Northumbria Police,Northumbria Police,-1.706843,55.409767,On or near SOUTH STREET,E01033717,Northumberland 005E,Offender given a caution
a1a9f6f92eff8fd43b3d79d3f3d1d5e777a5acbcd65bde142998cc1c708b0cc4,2014-10,Northumbria Police,Northumbria Police,-1.706843,55.409767,On or near SOUTH STREET,E01033717,Northumberland 005E,Offender given a caution
ce3cd20a4361edaac85d8b9d13b40d0e337001510c355a98d8bf8192f6864d91,2014-10,Northumbria Police,Northumbria Police,-1.418749,54.950971,On or near WEST DRIVE,E01008620,South Tyneside 023D,Investigation complete; no suspect identified
b46e8fda600a9230134b75f0c88b18d0471ae224c1091c938511fcaf3d4b79d4,2014-10,Northumbria Police,Northumbria Police,-1.756262,54.992410,On or near THE BY-WAY,E01008400,Newcastle upon Tyne 014A,Investigation complete; no suspect identified
5c73bcc74f44a9a620d6f205475bbecf197084f5f58cc2946a6fdafd199fad20,2014-10,Northumbria Police,Northumbria Police,-1.510625,55.123866,On or near HAUGHTON TERRACE,E01027414,Northumberland 023A,Investigation complete; no suspect identified
c372916ce1d123116f36f0a00bbfe27a0f23ec51eb5a2a0aac8bae36f372eb64,2014-10,Northumbria Police,Northumbria Police,-1.519703,54.973482,On or near Parking Area,E01008641,South Tyneside 010C,Investigation complete; no suspect identified
a6dccaa9c3010bc62322c5df8cd9c96ffcbfc226da06348369aa46d099e32d89,2014-10,Northumbria Police,Northumbria Police,-1.427957,54.804859,On or near SOUTH HETTON ROAD,E01008746,Sunderland 036D,Investigation complete; no suspect identified
353351d629f0e7b93ae5991314cdd9da05b3e516cd14b852af384b03b1a52ef0,2014-10,Northumbria Police,Northumbria Police,-1.560959,54.967914,On or near SPRINGWELL AVENUE,E01008389,Newcastle upon Tyne 028B,Offender given a caution
288115f372742f2313d4aa4c571dc700ec99bbce4cd14cfbaf15565675b5f323,2014-10,Northumbria Police,Northumbria Police,-1.454844,55.036616,On or near HILLHEADS ROAD,E01008554,North Tyneside 009C,Investigation complete; no suspect identified
481b7a210568c93309f65833f055413de1102766889430b8a234bb744748b68e,2014-10,Northumbria Police,Northumbria Police,-1.598862,54.935604,On or near Parking Area,E01008239,Gateshead 020D,Suspect charged
eead2f993d9bc2023ffe7a683a7d3f36c267d567d29d6022564e662a6a9b2886,2014-10,Northumbria Police,Northumbria Police,-1.450084,55.004828,On or near COACH LANE,E01008545,North Tyneside 027E,Investigation complete; no suspect identified
eead2f993d9bc2023ffe7a683a7d3f36c267d567d29d6022564e662a6a9b2886,2014-10,Northumbria Police,Northumbria Police,-1.450084,55.004828,On or near COACH LANE,E01008545,North Tyneside 027E,Investigation complete; no suspect identified
2602de879eb1078f48ba458a564bab04f9898eb7db698207c01e2393f7981fe4,2014-10,Northumbria Police,Northumbria Police,-1.561299,54.975418,On or near ALFRED STREET,E01008391,Newcastle upon Tyne 026E,Investigation complete; no suspect identified
cfad24443fba728d0d02e1af315e7c9b0aecb31f4c88c0218873f5eecfbce9bb,2014-10,Northumbria Police,Northumbria Police,-1.530571,54.992683,On or near CORONATION STREET,E01008573,North Tyneside 029B,Investigation complete; no suspect identified
cfad24443fba728d0d02e1af315e7c9b0aecb31f4c88c0218873f5eecfbce9bb,2014-10,Northumbria Police,Northumbria Police,-1.530571,54.992683,On or near CORONATION STREET,E01008573,North Tyneside 029B,Investigation complete; no suspect identified
5e4646c6a69ff6b4c7eb0222519066ad7773b7fa709666e12c16e5e54e8e1916,2014-10,Northumbria Police,Northumbria Police,-1.604954,54.992489,On or near ACORN ROAD,E01008372,Newcastle upon Tyne 013D,Suspect charged as part of another case
7bbaf0c8da6ae6624bf8cfd02cb26724824443846e2a739cf4d155d84d060d18,2014-10,Northumbria Police,Northumbria Police,-1.540786,54.953551,On or near LYONS COURT,E01008244,Gateshead 003D,Investigation complete; no suspect identified
408c54b7f4d7262b1182d81a5641113a9ad167e72d4f7394bc54719733997e50,2014-10,Northumbria Police,Northumbria Police,-1.614445,54.974044,On or near BLACKETT STREET,E01008397,Newcastle upon Tyne 024C,Suspect charged
408c54b7f4d7262b1182d81a5641113a9ad167e72d4f7394bc54719733997e50,2014-10,Northumbria Police,Northumbria Police,-1.614445,54.974044,On or near BLACKETT STREET,E01008397,Newcastle upon Tyne 024C,Suspect charged
913262209215beba5313f0da3249fe30f4bb53e8b84a777ef4a2166dfde553d5,2014-10,Northumbria Police,Northumbria Police,-1.419189,54.877141,On or near ALDENHAM ROAD,E01008777,Sunderland 026C,Investigation complete; no suspect identified
dbcd43e67ab12a109566114be4c207f367418693b63a55b03af939b5db962f24,2014-10,Northumbria Police,Northumbria Police,-1.599166,54.936459,On or near ELDER GROVE,E01008239,Gateshead 020D,Suspect charged as part of another case
eb8255a66f8ddb1b68d4feb53af4da54b3e8afc138bf9d5d90072f0a6e2e491e,2014-10,Northumbria Police,Northumbria Police,-1.654510,54.954763,On or near BLENHEIM PLACE,E01008208,Gateshead 013C,Investigation complete; no suspect identified
6c73aba8923d3486c5671196ac34102442a982cbc3785c93c8b4ad47111e2541,2014-10,Northumbria Police,Northumbria Police,-1.614543,54.981781,On or near KENSINGTON TERRACE,E01008397,Newcastle upon Tyne 024C,Investigation complete; no suspect identified
65786d6f6efc521778dc16a00e14a714a3b9c230a3878e5eebed71fd69c2f038,2014-10,Northumbria Police,Northumbria Police,-1.440530,54.871112,On or near AMELIA GARDENS,E01008772,Sunderland 029A,Suspect charged
4b94895a1eaa925a29c163c44242163de297552e5b566833206810f3f797e628,2014-10,Northumbria Police,Northumbria Police,-1.601308,54.958177,On or near HIGH WEST STREET,E01008168,Gateshead 027D,Suspect charged
fa72d107d004a0c3afd68c50857e6ee8c826ae9d7ef78ae3fd8eeb51c60413e7,2014-10,Northumbria Police,Northumbria Police,-1.488555,54.980634,On or near Shopping Area,E01008600,South Tyneside 007A,Investigation complete; no suspect identified
b3648aabaa054b1305d256090414bd5a67ed6fbb099cc2a74c300ce615a6e4f1,2014-10,Northumbria Police,Northumbria Police,-1.525191,54.992986,On or near WESTMORELAND STREET,E01008572,North Tyneside 029A,Investigation complete; no suspect identified
187c643bdaf971d677e66eae88bafe8fb1da9467ab9bdf8d5e35f3cc38f2fc0c,2014-10,Northumbria Police,Northumbria Police,-1.540265,54.978684,On or near WHARFEDALE PLACE,E01008430,Newcastle upon Tyne 020A,Suspect charged
187c643bdaf971d677e66eae88bafe8fb1da9467ab9bdf8d5e35f3cc38f2fc0c,2014-10,Northumbria Police,Northumbria Police,-1.540265,54.978684,On or near WHARFEDALE PLACE,E01008430,Newcastle upon Tyne 020A,Suspect charged
a306e7cae59bafd62bc88c203a582b39e9ede0342cb8a8c1cbb21224bc07a523,2014-10,Northumbria Police,Northumbria Police,-1.520023,54.905987,On or near Pedestrian Subway,E01008844,Sunderland 019B,Investigation complete; no suspect identified
d7cf83e5c9e09def0b4a9525964599bc70e1b4a8a8ba2a635482f63256870fd1,2014-10,Northumbria Police,Northumbria Police,-1.561370,54.930190,On or near AYCLIFFE AVENUE,E01008227,Gateshead 021E,Offender given a caution
0afdf7f912a1b576d83ac21b71f0998bb759ea9c18aaab3fa7bd4f76a4e02ea3,2014-10,Northumbria Police,Northumbria Police,-1.580218,55.134190,On or near WOOD LANE,E01027519,Northumberland 020D,Investigation complete; no suspect identified
0afdf7f912a1b576d83ac21b71f0998bb759ea9c18aaab3fa7bd4f76a4e02ea3,2014-10,Northumbria Police,Northumbria Police,-1.580218,55.134190,On or near WOOD LANE,E01027519,Northumberland 020D,Investigation complete; no suspect identified
0afdf7f912a1b576d83ac21b71f0998bb759ea9c18aaab3fa7bd4f76a4e02ea3,2014-10,Northumbria Police,Northumbria Police,-1.580218,55.134190,On or near WOOD LANE,E01027519,Northumberland 020D,Investigation complete; no suspect identified
0c2e5efe87964a41fc4cff53d1869f496d1de2884f9349404ec717dfef324cb0,2014-10,Northumbria Police,Northumbria Police,-2.101224,54.970837,On or near Supermarket,E01027490,Northumberland 035C,Investigation complete; no suspect identified
97b37257553b71a0a4c174d7b31a85212348d65579ed54dda8758571b74527d8,2014-10,Northumbria Police,Northumbria Police,-1.507448,54.915264,On or near MARLBOROUGH ROAD,E01008854,Sunderland 009B,Local resolution
46cbd5fe51ee415bf7bfea23728cbb7f33bc407f339c2006fe3667e05c896b4c,2014-10,Northumbria Police,Northumbria Police,-1.525269,55.072397,On or near Supermarket,E01027432,Northumberland 032A,Offender given a caution
8dda83601d58042892079e3d45762a032355745be7b337677300817728f14542,2014-10,Northumbria Police,Northumbria Police,-1.577563,54.933690,On or near SUNDEW ROAD,E01008221,Gateshead 021C,Investigation complete; no suspect identified
258037fcef12a4abffa0a8be81e9332075cde6c58bc5e665435bbf250acad8a0,2014-10,Northumbria Police,Northumbria Police,-1.448987,54.924000,On or near COTSWOLD ROAD,E01008694,Sunderland 008B,Investigation complete; no suspect identified
13160654b97f879e799a95128a5db6755d84e2cb2cd5d4d089658dc8b8d428da,2014-10,Northumbria Police,Northumbria Police,-1.680835,54.953001,On or near RICHMOND AVENUE,E01008262,Gateshead 009A,Suspect charged
770e1e812e5e6c3a56da975342df7628e9deee673c76b6594f1f79bcdf810930,2014-10,Northumbria Police,Northumbria Police,-1.617134,54.972264,On or near NEWGATE STREET,E01033543,Newcastle upon Tyne 024G,Investigation complete; no suspect identified
a3184742623ce6db4103d5b2bc85bce80a93bc62d4647c381eff79a2e0ea4a38,2014-10,Northumbria Police,Northumbria Police,-1.505860,54.977408,On or near WINDSOR CRESCENT,E01008655,South Tyneside 009E,Investigation complete; no suspect identified
857a5ca52333b1f2626873d822ae2b89db9a977b76c67d6d5c643392de8b0f0e,2014-10,Northumbria Police,Northumbria Police,-1.620276,54.968706,On or near SCOTSWOOD ROAD,E01033545,Newcastle upon Tyne 024H,Investigation complete; no suspect identified
12a9ca04af350618cdef886310c7b08a798d23f77a57358574502f1fc8633bb7,2014-10,Northumbria Police,Northumbria Police,-1.493611,54.981203,On or near GRANGE ROAD WEST,E01008604,South Tyneside 007B,Investigation complete; no suspect identified
a8fecc4c432ed03038123360d14798dca6995907e06e50b332f195bcb5cfca29,2014-10,Northumbria Police,Northumbria Police,-1.436204,54.989030,On or near LAYGATE,E01008666,South Tyneside 002C,Investigation complete; no suspect identified
a8fecc4c432ed03038123360d14798dca6995907e06e50b332f195bcb5cfca29,2014-10,Northumbria Police,Northumbria Police,-1.436204,54.989030,On or near LAYGATE,E01008666,South Tyneside 002C,Suspect charged
fd3d5ead79d7ecd960e613ba6d7f204240e27f78caf166aa46ec3f0b1e5627d5,2014-10,Northumbria Police,Northumbria Police,-1.477447,54.869713,On or near LANTON STREET,E01032483,Sunderland 032F,Investigation complete; no suspect identified
06145edffd92735cc749a2e253d1972b86a315efa83a47f9978a3cb3046dce0c,2014-10,Northumbria Police,Northumbria Police,-1.479822,54.961213,On or near DOVE AVENUE,E01008632,South Tyneside 017B,Investigation complete; no suspect identified
82145943baaba5b298203389c2afda7f827cc0279eea9d4fea7b7a26d3c8e7f1,2014-10,Northumbria Police,Northumbria Police,-1.455817,54.970508,On or near BLYTON AVENUE,E01008672,South Tyneside 012D,Investigation complete; no suspect identified
4093cefb87ffa77ac017d62b94b6121fd013a2d0bb8935d072f31aecc26c013c,2014-10,Northumbria Police,Northumbria Police,-1.592506,55.131931,On or near Parking Area,E01027516,Northumberland 021B,Investigation complete; no suspect identified
a43f135447d4f736e285280fcca63ab855fdc8933bc8db0a474bd9f7af747868,2014-10,Northumbria Police,Northumbria Police,-1.687592,55.168802,On or near Parking Area,E01027453,Northumberland 016B,Offender given a caution
c1789c7d6c8883136ca04b6532cc394fb1cc2f79e08f7bc5c9775af22669cf19,2014-10,Northumbria Police,Northumbria Police,-1.583532,55.080958,On or near Parking Area,E01027411,Northumberland 029C,Investigation complete; no suspect identified
76153284012d7d0fd68015a3eff980b9b4f16b4eee0948e4c962251f1bc8ecf2,2014-10,Northumbria Police,Northumbria Police,-1.468184,54.976853,On or near ABBOTSWAY,E01008600,South Tyneside 007A,Investigation complete; no suspect identified
ceeaa393a9c7768991245484f12ecc503ca718d73a834636e5da94d3c17a4ad5,2014-10,Northumbria Police,Northumbria Police,-1.413608,54.902995,On or near ERITH TERRACE,E01008759,Sunderland 015C,Investigation complete; no suspect identified
8458448a2fb5c4dc82dccb138ff97b67f9e18617d12bff32a720e3cf6b8b7290,2014-10,Northumbria Police,Northumbria Police,-1.576848,54.977990,On or near SHIELDS LANE,E01008303,Newcastle upon Tyne 018A,Investigation complete; no suspect identified
e68fb627b68de8a608cac748320445d60fed4c57dc58a9fcb7a0c21ca0636b2c,2014-10,Northumbria Police,Northumbria Police,-1.507528,55.013503,On or near BLACKHILL AVENUE,E01008468,North Tyneside 021D,Suspect charged
8b007e2543a341f411fff82d26ca2fa8c6266a762389db938024c133fea6af1c,2014-10,Northumbria Police,Northumbria Police,-1.656937,54.970486,On or near COCHRANE STREET,E01008332,Newcastle upon Tyne 029B,Investigation complete; no suspect identified
8b007e2543a341f411fff82d26ca2fa8c6266a762389db938024c133fea6af1c,2014-10,Northumbria Police,Northumbria Police,-1.656937,54.970486,On or near COCHRANE STREET,E01008332,Newcastle upon Tyne 029B,Investigation complete; no suspect identified
cf9ee05788ee223d8c1c32830c087369c916a3b3f0c8e076b9589ce71ad3ff1d,2014-10,Northumbria Police,Northumbria Police,-1.637175,54.972352,On or near GLOUCESTER ROAD,E01008331,Newcastle upon Tyne 029A,Investigation complete; no suspect identified
36388db4d50b54a6672ff62850110ec773afd91d6f4d64f8be39861df89ca0e5,2014-10,Northumbria Police,Northumbria Police,-1.385342,54.897347,On or near THE AVENUE,E01008834,Sunderland 013E,Investigation complete; no suspect identified
46a28ef5900c65eca5a8761573a569afed841bb79823801aa77b95e176177d6a,2014-10,Northumbria Police,Northumbria Police,-1.399609,54.892179,On or near GRANBY CLOSE,E01008785,Sunderland 022F,Investigation complete; no suspect identified
43348307795a45f5e73e67a8c06f7d128a00d755cf3104ff93321d13c424f292,2014-10,Northumbria Police,Northumbria Police,-2.103324,54.870054,On or near Park/Open Space,E01027505,Northumberland 040E,Investigation complete; no suspect identified
3f353c729287d8d470b2cb4c769e0cbbca984836cb7b982b0ec1825b6d6e1859,2014-10,Northumbria Police,Northumbria Police,-1.420301,54.989647,On or near WESTOE AVENUE,E01008675,South Tyneside 003B,Investigation complete; no suspect identified
335c9ecba1d53c182c06e755c2c0369fe20d1c757a689b5adb3b088e7aef780a,2014-10,Northumbria Police,Northumbria Police,-1.420301,54.989647,On or near WESTOE AVENUE,E01008675,South Tyneside 003B,Investigation complete; no suspect identified
5e449968116e49494027d7b6cf574a357da79c5f6fdb8a33e125974db1443d72,2014-10,Northumbria Police,Northumbria Police,-1.654510,54.954763,On or near BLENHEIM PLACE,E01008208,Gateshead 013C,Investigation complete; no suspect identified
dcf99ac82d9f54210953bd6c2016e6b4bf594e2d1040e976a61fff77a11da780,2014-10,Northumbria Police,Northumbria Police,-1.397984,54.904914,On or near CHESTER TERRACE NORTH,E01008705,Sunderland 013C,Suspect charged
882e6b74352afddb7a2f7495764fcabe2b59c421630e844959aaf7a183228ec3,2014-10,Northumbria Police,Northumbria Police,-1.662800,54.975418,On or near BROOMRIDGE AVENUE,E01008334,Newcastle upon Tyne 029D,Suspect charged
77b748028557394244e1c17f64e43e9efa0570ea6f28484a0a582b915e9a8d02,2014-10,Northumbria Police,Northumbria Police,-1.611628,54.951937,On or near GOSCHEN STREET,E01008171,Gateshead 008D,Investigation complete; no suspect identified
e63bbd6ad553774604b97ac5bc0eb3964c084f8d3acc80e835174a7bccc13c1f,2014-10,Northumbria Police,Northumbria Police,-1.524897,55.007255,On or near BEAUFORT GARDENS,E01008462,North Tyneside 024A,Suspect charged
76aba21b72b7b4a6f663139dad194469f673057a855f70c08a5e20161064ac53,2014-10,Northumbria Police,Northumbria Police,-1.690652,54.992189,On or near DARDEN LOUGH,E01008327,Newcastle upon Tyne 015D,Investigation complete; no suspect identified
9eed1f49e99142905dd9f2fb14f79b74fb8eee7232977295ae1639f3634eeff9,2014-10,Northumbria Police,Northumbria Police,-1.427101,55.001577,On or near ST AIDAN'S ROAD,E01008598,South Tyneside 001D,Suspect charged
e4aef771324cc1ec9d52383aaf205fc577062372457e52dc81a2cd1057fdd80a,2014-10,Northumbria Police,Northumbria Police,-1.384148,54.907163,On or near YORK STREET,E01008703,Sunderland 013B,Suspect charged
ebcc630de4cb66427c5c1c45b4f4b7e99ec2694a1257330530493f18dfabafad,2014-10,Northumbria Police,Northumbria Police,-1.377875,54.906367,On or near NORFOLK STREET,E01008703,Sunderland 013B,Investigation complete; no suspect identified
790358ee0b0b15d7a4110da2815068ed4a53feb908a5ac029986e3a7c9065d2d,2014-10,Northumbria Police,Northumbria Police,-1.426605,54.994700,On or near SALISBURY STREET,E01008595,South Tyneside 001A,Investigation complete; no suspect identified
66cb8941665c3addd8f060167379db9d3580cb5ec5cc1bc9a2cadd5462ee7086,2014-10,Northumbria Police,Northumbria Police,-1.571144,54.948800,On or near COLDWELL STREET,E01008215,Gateshead 003B,Suspect charged
e97a099dbdf03f1c1d28e3022ad22037949b04c98553c934f75476c913d53249,2014-10,Northumbria Police,Northumbria Police,-1.388582,54.903788,On or near Further/Higher Educational Building,E01008831,Sunderland 013D,Investigation complete; no suspect identified
2ff717626c7bdb1cd3511aa3b9d85c7f1c6e3b6c98dd925a20857e504aa5dc5c,2014-10,Northumbria Police,Northumbria Police,-1.707124,55.131891,On or near THE DRIVE,E01027473,Northumberland 015D,Investigation complete; no suspect identified
703c549956178f3628f1f0fd94c383aef17c1d5199ffd8e1593979754ab8d331,2014-10,Northumbria Police,Northumbria Police,-1.621934,54.968460,On or near WESTMORLAND ROAD,E01033545,Newcastle upon Tyne 024H,Investigation complete; no suspect identified
364c0e1911c095430bc8ceb7977ecacaf0211e6cccaed4ffe1c4b053d7f9aaba,2014-10,Northumbria Police,Northumbria Police,-1.528889,54.990834,On or near VINE STREET,E01008572,North Tyneside 029A,Suspect charged
364c0e1911c095430bc8ceb7977ecacaf0211e6cccaed4ffe1c4b053d7f9aaba,2014-10,Northumbria Police,Northumbria Police,-1.528889,54.990834,On or near VINE STREET,E01008572,North Tyneside 029A,Suspect charged
364c0e1911c095430bc8ceb7977ecacaf0211e6cccaed4ffe1c4b053d7f9aaba,2014-10,Northumbria Police,Northumbria Police,-1.528889,54.990834,On or near VINE STREET,E01008572,North Tyneside 029A,Suspect charged
deba63cf1ab5db2d1921916366cd29b34b4d3aec646380ca6fbffc24d7d9b281,2014-10,Northumbria Police,Northumbria Police,-1.405234,54.896637,On or near MOUNT GROVE,E01008833,Sunderland 018D,Investigation complete; no suspect identified
2c48fdec005a535c733fb5a30c257606a1c00e66f23f4ee02e3951aadda87843,2014-10,Northumbria Police,Northumbria Police,-1.530112,55.074752,On or near OVINGHAM WAY,E01027433,Northumberland 032B,Investigation complete; no suspect identified
1663c601f37e28b3d9f2d679733cb6dc2ffc93f559ee636c0b2194714f62ace7,2014-10,Northumbria Police,Northumbria Police,-1.442528,55.043489,On or near SOUTH PARADE,E01008584,North Tyneside 006A,Investigation complete; no suspect identified
ec7a6c0ded325c854ab0ac4a4dc0561ec7791e5507476ed50df957803f1f3d93,2014-10,Northumbria Police,Northumbria Police,-1.577274,54.943322,On or near ST ALBAN'S PLACE,E01008228,Gateshead 012D,Investigation complete; no suspect identified
8baaa6f41002a8b469ba265d342e598c414d922736ae1101e2e5def4b3704aa7,2014-10,Northumbria Police,Northumbria Police,-1.591211,54.952922,On or near MOUNT PLEASENT GARDENS,E01008165,Gateshead 011A,Investigation complete; no suspect identified
e5bfa042b8fdf25443d54ed8cff0d158efd2d63d90c6fdae3fc257cb05cf6b6e,2014-10,Northumbria Police,Northumbria Police,-1.680905,54.946145,On or near BACK ROW,E01008263,Gateshead 009B,Offender given a caution
e5bfa042b8fdf25443d54ed8cff0d158efd2d63d90c6fdae3fc257cb05cf6b6e,2014-10,Northumbria Police,Northumbria Police,-1.680905,54.946145,On or near BACK ROW,E01008263,Gateshead 009B,Offender given a caution
13d671502b98e90f9cdeb3f3b280806e0f5f29da9279146e1732cb63c4a1d78c,2014-10,Northumbria Police,Northumbria Police,-1.442604,54.913942,On or near WESSINGTON WAY,E01008697,Sunderland 008E,Investigation complete; no suspect identified
999ee048358c235a1d37f246d4b096755ecd8363de4de84ee90081b3fa830a4b,2014-10,Northumbria Police,Northumbria Police,-1.402941,54.919856,On or near SUNDERLAND ROAD,E01033075,Sunderland 005G,Suspect charged
338f6b57066dd52e099261f9d4e8f5edca60c9056fe7c525ef289bd844a86d00,2014-10,Northumbria Police,Northumbria Police,-1.372113,54.895796,On or near CAPULET TERRACE,E01008737,Sunderland 016D,Investigation complete; no suspect identified
6e4d81111f20db559d5cf753be5a313b3cb428362943ee1b1360e7c6dd3a8642,2014-10,Northumbria Police,Northumbria Police,-1.615365,54.971045,On or near GRAINGER STREET,E01033543,Newcastle upon Tyne 024G,Suspect charged
cb6a0b356515220867cb2c7bcff3af229291ad455f35d47dfcbd37b4b7858002,2014-10,Northumbria Police,Northumbria Police,-1.580980,54.977339,On or near EDWIN STREET,E01008303,Newcastle upon Tyne 018A,Investigation complete; no suspect identified
53a3f65e13f96f0a40474258b3c4a1996f2604be9b158c910f68ba8d693b0223,2014-10,Northumbria Police,Northumbria Police,-1.501012,55.000536,On or near MALVERN ROAD,E01008509,North Tyneside 026B,Offender given a caution
2ede4829b6ffa3b5d263f9135c904658284c8aa605affae200c3addacaba4149,2014-10,Northumbria Police,Northumbria Police,-1.577274,54.943322,On or near ST ALBAN'S PLACE,E01008228,Gateshead 012D,Investigation complete; no suspect identified
31d4596920e74a12de281ac72a38cd9b3633ee7a7406b9a22eaefab48d46b1a5,2014-10,Northumbria Police,Northumbria Police,-1.378157,54.883992,On or near HILL VIEW ROAD,E01008780,Sunderland 024D,Offender given a caution
f3211de290c6c742d193d6629fe8fa91155b8946d25236c7f670bcc1809f6b6a,2014-10,Northumbria Police,Northumbria Police,-1.570022,54.979296,On or near A193,E01008392,Newcastle upon Tyne 026F,Suspect charged
10f1393b7d74e342d87dbcb3d5a32f600df2a93cc738a4a07a5c04d6eb41a3f8,2014-10,Northumbria Police,Northumbria Police,-1.382352,54.914424,On or near NORTH BRIDGE STREET,E01008791,Sunderland 006F,Investigation complete; no suspect identified
ec58bce26fa3b3a2fd528a9f43f73c0fe899c8f61019d0d5d45a99928913ad52,2014-10,Northumbria Police,Northumbria Police,-1.576942,54.934802,On or near HEDGEHOPE,E01008221,Gateshead 021C,Offender given a caution
4537604956b8c2b8a5fd7910da0daa5b68f48b4449499aeb4241d1c1f474d0e8,2014-10,Northumbria Police,Northumbria Police,-1.591042,55.054124,On or near B1321,E01008578,North Tyneside 002D,Offender given a caution
94a5431fef6b9ef0b7eba1db22adef8f43d9fdb150de53ef8e2afd7b3423b6a4,2014-10,Northumbria Police,Northumbria Police,-1.662813,54.999978,On or near KELVEDON AVENUE,E01008377,Newcastle upon Tyne 008E,Investigation complete; no suspect identified
9c72d18e7d23e432b2720bf6ee486b6df4554979b4a9628dbe7169d07cf28c54,2014-10,Northumbria Police,Northumbria Police,-1.381338,54.902224,On or near BURDON ROAD,E01008831,Sunderland 013D,Suspect charged
22c895621a7d99f4c2a0b5f04ac315d943cbd639c3643bf4e8f69bb9d614a997,2014-10,Northumbria Police,Northumbria Police,-1.629294,54.973209,On or near COTTENHAM CHARE,E01008399,Newcastle upon Tyne 024D,Suspect charged
22c895621a7d99f4c2a0b5f04ac315d943cbd639c3643bf4e8f69bb9d614a997,2014-10,Northumbria Police,Northumbria Police,-1.629294,54.973209,On or near COTTENHAM CHARE,E01008399,Newcastle upon Tyne 024D,Suspect charged
f4a548b93a467736154c4178692810ad7fc265c494d6893e763cf8467f5be24b,2014-10,Northumbria Police,Northumbria Police,-1.510142,54.913119,On or near USWORTH STATION ROAD,E01008859,Sunderland 009E,Offender given a caution
7b49b1e837119f2589e4b5acc06cddc738d0cc94eb15f7c2d86565c34f00f9ff,2014-10,Northumbria Police,Northumbria Police,-1.604018,54.960450,On or near REGENT TERRACE,E01008168,Gateshead 027D,Suspect charged
efa4bf735abcb38c782388f0f33c140fd43d13719487e5266b9e8b27b06c35f0,2014-10,Northumbria Police,Northumbria Police,-1.401416,54.903834,On or near HOUGHTON STREET,E01008707,Sunderland 011D,Investigation complete; no suspect identified
073696b9ff682001ed173960828bae09bf5c2d5163659e0bbb6f3034b9bfd492,2014-10,Northumbria Police,Northumbria Police,-1.550523,54.941474,On or near BLEACHFELD,E01008231,Gateshead 015A,Investigation complete; no suspect identified
48a720294f23b2089f123ab751bcf5bb66fd4fc3621464b1b240ac0d87acedc6,2014-10,Northumbria Police,Northumbria Police,-1.440731,54.808144,On or near BRICK GARTH,E01008744,Sunderland 036B,Investigation complete; no suspect identified
bd43ef40a19ab67534cb8431ee5825b7797d5bb17ff16b726cf3375921f3de7b,2014-10,Northumbria Police,Northumbria Police,-1.667082,54.945092,On or near DEVON AVENUE,E01008264,Gateshead 009C,Investigation complete; no suspect identified
9367a410e3c41192632b4024ce8ab041fd780dd38b09135f4f25cc9d026d6bdc,2014-10,Northumbria Police,Northumbria Police,-1.619676,55.005737,On or near Parking Area,E01008419,Newcastle upon Tyne 006E,Investigation complete; no suspect identified
3072df6e05cff6311a205a850e30c8bb0ef0be76332289b9e87ffa23edf9794e,2014-10,Northumbria Police,Northumbria Police,-1.527419,54.993588,On or near CHARLOTTE STREET,E01008573,North Tyneside 029B,Investigation complete; no suspect identified
4aaf4fb473ae9f69cf66747bec0abdd66da4ab7e888a18f53b9fafea391505fe,2014-10,Northumbria Police,Northumbria Police,-1.601565,54.974775,On or near BACK NEW BRIDGE STREET,E01008406,Newcastle upon Tyne 023A,Suspect charged
e72833ce7ab20c9650f49d2dd05e8f8edf7a8390bb021ce93c3c49aeaa093571,2014-10,Northumbria Police,Northumbria Police,-1.510311,55.118733,On or near BOHEMIA TERRACE,E01027441,Northumberland 023D,Investigation complete; no suspect identified
6e1e17940f2ed45683738fb6f56f9edb899b31e0c1e594406ddbc03aec11df91,2014-10,Northumbria Police,Northumbria Police,-1.866332,54.956824,On or near RIDSDALE,E01027502,Northumberland 038F,Local resolution
5873850b6900ff8c67923855cadfadb45c954adba385490cf3b3fa28775b46c4,2014-10,Northumbria Police,Northumbria Police,-1.576639,54.971123,On or near Parking Area,E01008305,Newcastle upon Tyne 026D,Investigation complete; no suspect identified
e50f49f4d80f496efc6a2e1b5278427cdf1235aa9e5f0beaa649a3ebc292837f,2014-10,Northumbria Police,Northumbria Police,-1.544046,54.995233,On or near ELTRINGHAM CLOSE,E01008535,North Tyneside 030B,Investigation complete; no suspect identified
261579737c4aa5f665518b0e28e732b05b7a89e60772de6f7d42b72af8f10306,2014-10,Northumbria Police,Northumbria Police,-1.662813,54.999978,On or near KELVEDON AVENUE,E01008377,Newcastle upon Tyne 008E,Investigation complete; no suspect identified
2d6c810da71cfbd8dccaec8987da001bf571672cc411af8ce160d361a8d5794e,2014-10,Northumbria Police,Northumbria Police,-1.377618,54.904847,On or near BOROUGH ROAD,E01008836,Sunderland 016F,Investigation complete; no suspect identified
580127f0b32d65816ba6fbc31ae97d84c6a86c5faaaf8330fd027d4f8900ec0b,2014-10,Northumbria Police,Northumbria Police,-1.502648,54.865514,On or near BRENTWOOD ROAD,E01008795,Sunderland 030B,Offender given a caution
580127f0b32d65816ba6fbc31ae97d84c6a86c5faaaf8330fd027d4f8900ec0b,2014-10,Northumbria Police,Northumbria Police,-1.502648,54.865514,On or near BRENTWOOD ROAD,E01008795,Sunderland 030B,Offender given a caution
ab16149a8517d5e30c485440074ccc42c2e9dc871b209b6afebc4e851aaafe74,2014-10,Northumbria Police,Northumbria Police,-1.568353,55.182852,On or near Supermarket,E01027528,Northumberland 010A,Offender given a caution
9a4e4c9f1c8e942734c45527b2b1ced8a06c5576408b3349666f8d0f2e2ff513,2014-10,Northumbria Police,Northumbria Police,-1.568353,55.182852,On or near Supermarket,E01027528,Northumberland 010A,Suspect charged
e9f81e07308c4fe5b117aa91633be68cb69e23e5e8a9a709c2f8ea91146eb878,2014-10,Northumbria Police,Northumbria Police,-1.605357,54.949770,On or near EASTBOURNE AVENUE,E01008252,Gateshead 010B,Suspect charged
3fa1680e0087b185ef9f7ab37baa7bd3ec3955a07605542fc34f6fb7a4f2ffdc,2014-10,Northumbria Police,Northumbria Police,-1.423543,55.017538,On or near FRONT STREET,E01008560,North Tyneside 016B,Investigation complete; no suspect identified
9d577c62c2ac1e50e914f2bbc50c5577fd2a9a17aea78cb06dfe9b8043ba7b9b,2014-10,Northumbria Police,Northumbria Police,-1.589809,54.995530,On or near SOUTHLANDS,E01008315,Newcastle upon Tyne 012B,Investigation complete; no suspect identified
2f9898e25c7fa59ac3297823523bc90e5c6990d15c0948027267decfe8e7f82c,2014-10,Northumbria Police,Northumbria Police,-1.656873,54.976148,On or near WEST ROAD,E01008334,Newcastle upon Tyne 029D,Investigation complete; no suspect identified
159622fc9bb68d813a37abcd1fed1f7c45d741d2bde8e8c3365217abb52f14da,2014-10,Northumbria Police,Northumbria Police,-1.665793,55.012072,On or near Shopping Area,E01008295,Newcastle upon Tyne 008A,Investigation complete; no suspect identified
62f67adc2f192eec6c084e1ef41e92a1def5068e590cbbe3d18f1bb47d90a9c4,2014-10,Northumbria Police,Northumbria Police,-1.520448,55.127212,On or near SWEETHOPE AVENUE,E01027391,Northumberland 024A,Investigation complete; no suspect identified
62f67adc2f192eec6c084e1ef41e92a1def5068e590cbbe3d18f1bb47d90a9c4,2014-10,Northumbria Police,Northumbria Police,-1.520448,55.127212,On or near SWEETHOPE AVENUE,E01027391,Northumberland 024A,Investigation complete; no suspect identified
62f67adc2f192eec6c084e1ef41e92a1def5068e590cbbe3d18f1bb47d90a9c4,2014-10,Northumbria Police,Northumbria Police,-1.520448,55.127212,On or near SWEETHOPE AVENUE,E01027391,Northumberland 024A,Investigation complete; no suspect identified
c40c5202dc30ee05a7633ac95be52eded38d52b31804958b358623755c1b3d3e,2014-10,Northumbria Police,Northumbria Police,-1.661890,54.996354,On or near MIDDLE GARTH,E01008377,Newcastle upon Tyne 008E,Investigation complete; no suspect identified
9965aeee4495f6fab917c21e271b2d3f1c686be3031a021ce258a3d0992c7045,2014-10,Northumbria Police,Northumbria Police,-2.100348,54.970452,On or near Shopping Area,E01027494,Northumberland 035G,Offender given a caution
4ff47698bb5ec5c3b8bb14cd4d57f0b8faec939119254b57fb64dcd714a9079c,2014-10,Northumbria Police,Northumbria Police,-1.602647,54.952241,On or near ST ALBAN'S TERRACE,E01008252,Gateshead 010B,Investigation complete; no suspect identified
7b94b32b6fce1a7aa36165eab188b3f376cec79ebbf9a249f27b25ef689ac762,2014-10,Northumbria Police,Northumbria Police,-1.455835,55.005016,On or near FINCHDALE CLOSE,E01008485,North Tyneside 023D,Investigation complete; no suspect identified
e56629905dd95c3f17eec14f1db99cf6be94579c8015a52f1f597a403336d4db,2014-10,Northumbria Police,Northumbria Police,-1.430237,54.986549,On or near Supermarket,E01008668,South Tyneside 002E,Investigation complete; no suspect identified
7f8d78f91baf3c2c03cb95fe61b89169ca5214ef7498508cf29ae6ea571dd10f,2014-10,Northumbria Police,Northumbria Police,-1.588844,55.085371,On or near Shopping Area,E01027409,Northumberland 029B,Investigation complete; no suspect identified
8b4adf01a7287cee9ebcab6fb3c956c040120b5664edb2c3b54238eebd19700b,2014-10,Northumbria Police,Northumbria Police,-1.621824,54.971811,On or near BATH LANE,E01033554,Newcastle upon Tyne 024I,Investigation complete; no suspect identified
cfd4e7acb7e11c407c253b60548bcf9cc675102be6969ccc8b0a06a19f49c9ac,2014-10,Northumbria Police,Northumbria Police,-1.568544,54.965622,On or near THE ROPERY,E01008301,Newcastle upon Tyne 026A,Investigation complete; no suspect identified
dfb9ce96c7b01f4b1ce175ef4d4334369e27bd7fce9d7e86159d45556cd6a6d5,2014-10,Northumbria Police,Northumbria Police,-1.425218,55.000984,On or near GEORGE SCOTT STREET,E01008598,South Tyneside 001D,Investigation complete; no suspect identified
dfb9ce96c7b01f4b1ce175ef4d4334369e27bd7fce9d7e86159d45556cd6a6d5,2014-10,Northumbria Police,Northumbria Police,-1.425218,55.000984,On or near GEORGE SCOTT STREET,E01008598,South Tyneside 001D,Investigation complete; no suspect identified
b536626169df74af07c618a666981cb4c8965a7cfb742c2c118269396b48e557,2014-10,Northumbria Police,Northumbria Police,-1.426348,54.918458,On or near HYLTON PARK ROAD,E01008693,Sunderland 008A,Investigation complete; no suspect identified
4e44ab27056c69a8a8d362dbe44e36cf5dc18308385d3c6112d2d737eb24f086,2014-10,Northumbria Police,Northumbria Police,-1.517932,55.126474,On or near HARPER STREET,E01027431,Northumberland 023C,Suspect charged
d4f81fbf340c41fb9255a8adb6af33f0918b8a5e70a50cb322210377966f4b8b,2014-10,Northumbria Police,Northumbria Police,-1.638633,54.956136,On or near RAILWAY STREET,E01008210,Gateshead 007B,Investigation complete; no suspect identified
6c23cccd86bb1be52b9746ee1be24d38685a30c4a4b6c7b23e71b1c7cb6b0d01,2014-10,Northumbria Police,Northumbria Police,-1.801643,55.669967,On or near CHURCH LANE,E01027380,Northumberland 002C,Investigation complete; no suspect identified
22e224f0ded96677b4fcd90e774d9d46a35fe6f2c6e9ea296f48e3b95b6803be,2014-10,Northumbria Police,Northumbria Police,-1.552175,55.185912,On or near WOODHORN VILLAS,E01027540,Northumberland 013B,Investigation complete; no suspect identified
d5adf830ef69d6ec4586c137feab8bdf8ff8a9aff45a4104ba9bd2b84a04a086,2014-10,Northumbria Police,Northumbria Police,-1.668240,55.013032,On or near KINGSTON PARK AVENUE,E01008294,Newcastle upon Tyne 001A,Investigation complete; no suspect identified
7bf999d4e7e067cba77bd3bba30e2c99086e5f8c65f3442fcb18363300412c9a,2014-10,Northumbria Police,Northumbria Police,-1.687403,55.166834,On or near CHANTRY PLACE,E01027453,Northumberland 016B,Investigation complete; no suspect identified
bd2957fa19c1fa96a23f356180fe7e7964c5280255ec7868db458b9440268d6e,2014-10,Northumbria Police,Northumbria Police,-1.657427,54.971611,On or near BOND COURT,E01008332,Newcastle upon Tyne 029B,Investigation complete; no suspect identified
38e49f72476adf6e1a2327518fa9e3bca1a5af53ec588340c6d044df6f1c7bea,2014-10,Northumbria Police,Northumbria Police,-1.575244,54.983457,On or near HARTFORD STREET,E01008360,Newcastle upon Tyne 018C,Investigation complete; no suspect identified
f3f7457d71d57931c6d7c2fc2672bc108245ce3588d4b25fceef9e9241f323ff,2014-10,Northumbria Police,Northumbria Police,-1.572467,54.985918,On or near ROTHBURY TERRACE,E01008360,Newcastle upon Tyne 018C,Investigation complete; no suspect identified
d345c54b7b14859533517740149ed12e3be584e9fef0c4d449e9b113696d2366,2014-10,Northumbria Police,Northumbria Police,-1.572467,54.985918,On or near ROTHBURY TERRACE,E01008360,Newcastle upon Tyne 018C,Local resolution
047217c123285ab2f98fb862ecf6a52ac21625b1ed59e92f0d979ce9b99014d5,2014-10,Northumbria Police,Northumbria Police,-1.571975,54.985188,On or near MARLEEN AVENUE,E01008360,Newcastle upon Tyne 018C,Local resolution
210b3c3855905f10298862a276662a1e064d1efc7a34a726ce21ab4869e71bbb,2014-10,Northumbria Police,Northumbria Police,-1.575087,54.986430,On or near SIMONSIDE TERRACE,E01008361,Newcastle upon Tyne 018D,Investigation complete; no suspect identified
210b3c3855905f10298862a276662a1e064d1efc7a34a726ce21ab4869e71bbb,2014-10,Northumbria Police,Northumbria Police,-1.575087,54.986430,On or near SIMONSIDE TERRACE,E01008361,Newcastle upon Tyne 018D,Investigation complete; no suspect identified
210b3c3855905f10298862a276662a1e064d1efc7a34a726ce21ab4869e71bbb,2014-10,Northumbria Police,Northumbria Police,-1.575087,54.986430,On or near SIMONSIDE TERRACE,E01008361,Newcastle upon Tyne 018D,Investigation complete; no suspect identified
210b3c3855905f10298862a276662a1e064d1efc7a34a726ce21ab4869e71bbb,2014-10,Northumbria Police,Northumbria Police,-1.575087,54.986430,On or near SIMONSIDE TERRACE,E01008361,Newcastle upon Tyne 018D,Investigation complete; no suspect identified
210b3c3855905f10298862a276662a1e064d1efc7a34a726ce21ab4869e71bbb,2014-10,Northumbria Police,Northumbria Police,-1.575087,54.986430,On or near SIMONSIDE TERRACE,E01008361,Newcastle upon Tyne 018D,Investigation complete; no suspect identified
210b3c3855905f10298862a276662a1e064d1efc7a34a726ce21ab4869e71bbb,2014-10,Northumbria Police,Northumbria Police,-1.575087,54.986430,On or near SIMONSIDE TERRACE,E01008361,Newcastle upon Tyne 018D,Investigation complete; no suspect identified
e89ffc8f773e8e3f7a7e6b8018e5700f0d3618d1d1c927161c5489aaa61ce82c,2014-10,Northumbria Police,Northumbria Police,-2.341781,54.907594,On or near COMMON BANK,E01027512,Northumberland 037E,Investigation complete; no suspect identified
f4e1e2af8624a2605bb03140ef02aab31cd6ad4c323936b79bcb6abdc9740887,2014-10,Northumbria Police,Northumbria Police,-1.624648,55.035919,On or near Petrol Station,E01033551,Newcastle upon Tyne 002G,Investigation complete; no suspect identified
fe5bcb44e989a341a16251cc936eb8d4747dff948479ee2082333debae9efb68,2014-10,Northumbria Police,Northumbria Police,-1.553366,55.021597,On or near ROCKET WAY,E01008502,North Tyneside 014C,Suspect charged
9e985c8bf41f6870d3c35f50b1179b845fc622e30c0efc75d48b47722736fe1c,2014-10,Northumbria Police,Northumbria Police,-1.525269,54.991611,On or near COACH ROAD,E01008573,North Tyneside 029B,Offender given a caution
ddeba1b78732a9f942baff41db5171225a0ea5dfd6cef5a3e4f91d1be7fe741f,2014-10,Northumbria Police,Northumbria Police,-1.523582,54.916317,On or near PARK GROVE,E01008858,Sunderland 009D,Offender given penalty notice
0c5c35e63d86517fd977ac19ae05526a758222e0ce7076ceed883d9b580cf0c1,2014-10,Northumbria Police,Northumbria Police,-1.475766,55.002884,On or near MINDRUM TERRACE,E01008484,North Tyneside 023C,Suspect charged
a61a236d76e3da5094ae1ba6bfc8b00349ff6d9bfd18e112739f5df211a78701,2014-10,Northumbria Police,Northumbria Police,-1.403189,54.901003,On or near WOLSELEY TERRACE,E01008832,Sunderland 018C,Investigation complete; no suspect identified
66d26eada42a97a4f6f599bb0edd34af91f878057575714b3bd1d3cc5a801b57,2014-10,Northumbria Police,Northumbria Police,-1.429211,54.894712,On or near Petrol Station,E01008758,Sunderland 015B,Suspect charged
b03382ad906061d1fc160db28aa6dcf6cc5053be4409953b83456c5e478c9dbc,2014-10,Northumbria Police,Northumbria Police,-1.381278,54.900058,On or near PARK ROAD,E01008834,Sunderland 013E,Investigation complete; no suspect identified
81312bba9a905f20786dc5b61fb3401dc7caa474729fa86fd76bd7d7581fcad7,2014-10,Northumbria Police,Northumbria Police,-1.378842,54.908385,On or near WILLIAM STREET,E01008703,Sunderland 013B,Suspect charged
d788524fbed59e0bd2c018b9233b583b011ca980f2ab2737e1d6a2562a2aff5f,2014-10,Northumbria Police,Northumbria Police,-1.433193,54.975311,On or near BROWNLOW ROAD,E01008592,South Tyneside 011C,Investigation complete; no suspect identified
6805d1dacd7ca0b6e86c84ce25585d18b671e4f6d5ecbecac29ef5589a60da03,2014-10,Northumbria Police,Northumbria Police,-1.562580,54.978352,On or near ORPINGTON AVENUE,E01008391,Newcastle upon Tyne 026E,Investigation complete; no suspect identified
6805d1dacd7ca0b6e86c84ce25585d18b671e4f6d5ecbecac29ef5589a60da03,2014-10,Northumbria Police,Northumbria Police,-1.562580,54.978352,On or near ORPINGTON AVENUE,E01008391,Newcastle upon Tyne 026E,Investigation complete; no suspect identified
b60a83a7a9163000a6ab5da712f302f6a09906bc5db1aea94a79ac11b01367a1,2014-10,Northumbria Police,Northumbria Police,-1.552989,55.024525,On or near BEAL DRIVE,E01008502,North Tyneside 014C,Suspect charged
cf77394266e2f3b3298d3d0e2d4df1e043bd01bcbfcb395575e2fac16411365d,2014-10,Northumbria Police,Northumbria Police,-1.530070,55.155843,On or near Sports/Recreation Area,E01027552,Northumberland 020G,Investigation complete; no suspect identified
8f4fcb6429a3265600f7119edbdc1fb2d650931ff8ccba3212aea611784b3141,2014-10,Northumbria Police,Northumbria Police,-1.575475,54.977823,On or near GLENDALE TERRACE,E01008392,Newcastle upon Tyne 026F,Investigation complete; no suspect identified
e773fab42ba1a51047bd418bd5e0b86a2ecc3cde80afd160d454c556e9b47c35,2014-10,Northumbria Police,Northumbria Police,-1.437502,54.892728,On or near Petrol Station,E01008731,Sunderland 021C,Suspect charged
e773fab42ba1a51047bd418bd5e0b86a2ecc3cde80afd160d454c556e9b47c35,2014-10,Northumbria Police,Northumbria Police,-1.437502,54.892728,On or near Petrol Station,E01008731,Sunderland 021C,Investigation complete; no suspect identified
df9e37841ef65707d1e9d719bbec138ef270cf4bb07f139a5e517b99d085ba56,2014-10,Northumbria Police,Northumbria Police,-1.416677,54.995956,On or near NORTH MAIN COURT,E01008597,South Tyneside 001C,Local resolution
682eae60177a251c2e0fdc360ea853f95478adf29815c383f03b7d039ffb2d74,2014-10,Northumbria Police,Northumbria Police,-1.534379,54.990406,On or near FRANK STREET,E01008575,North Tyneside 030E,Suspect charged
8944dfef95212b3fcee1ed5bc94b6ba7a67f8940961077a2d1421de175de4f69,2014-10,Northumbria Police,Northumbria Police,-1.450595,54.890695,On or near Pedestrian Subway,E01008729,Sunderland 021A,Suspect charged
2b2475c850e210e185d64e77b404a002f1ace5e2b0212fbf9518070165c7b319,2014-10,Northumbria Police,Northumbria Police,-1.622615,54.967464,On or near Bus/Coach Station,E01033545,Newcastle upon Tyne 024H,Investigation complete; no suspect identified
bcb77b962edbb06f2a184ae076ebde32d7caaae9f73f39ac1b8e086afcc5a164,2014-10,Northumbria Police,Northumbria Police,-1.690366,54.978520,On or near HOWDENE ROAD,E01008415,Newcastle upon Tyne 025B,Investigation complete; no suspect identified
f3267b155743ecb195e76828e036c0f15076e74f175804ace216b9a5fcfb8ab5,2014-10,Northumbria Police,Northumbria Police,-1.690080,54.987263,On or near TEBAY DRIVE,E01008327,Newcastle upon Tyne 015D,Investigation complete; no suspect identified
f3267b155743ecb195e76828e036c0f15076e74f175804ace216b9a5fcfb8ab5,2014-10,Northumbria Police,Northumbria Police,-1.690080,54.987263,On or near TEBAY DRIVE,E01008327,Newcastle upon Tyne 015D,Investigation complete; no suspect identified
7c2222d766b2a9e63aa3f128a4dcfcaf33bfe2886ccf43978ee453cb876ac3fa,2014-10,Northumbria Police,Northumbria Police,-1.418213,54.866945,On or near PLANE TREE COURT,E01008802,Sunderland 029D,Offender given a caution
b4fe7456aa737f80f2e2b7e83bc0139cd85d754befb23ea55f61fb7a9483ae66,2014-10,Northumbria Police,Northumbria Police,-1.574466,55.138213,On or near WALLINGTON CLOSE,E01027517,Northumberland 020B,Investigation complete; no suspect identified
864a96ec808620b48771d33cab4db76760f0a099f36579595dac43216a2545e6,2014-10,Northumbria Police,Northumbria Police,-1.365691,54.921446,On or near A183,E01008789,Sunderland 006D,Investigation complete; no suspect identified
291a70a1f3ce8e5c7a9acba0e0404cc8227ffd9672a5ef4437d2a22e8cd97739,2014-10,Northumbria Police,Northumbria Police,-1.491505,55.019242,On or near ELM ROAD,E01008491,North Tyneside 015D,Investigation complete; no suspect identified
327271b1db71d58f1d0c2a8c0322b751ca0e95a128e4017310518d9e67b556eb,2014-10,Northumbria Police,Northumbria Police,-1.450522,55.001433,On or near LAWSON STREET WEST,E01008545,North Tyneside 027E,Investigation complete; no suspect identified
16e9e609a6f98eb19be0416e69c47a428c760d0ecc3d371348deaf21412a2d1b,2014-10,Northumbria Police,Northumbria Police,-1.386034,54.904180,On or near VINE PLACE,E01008703,Sunderland 013B,Suspect charged
1900250b691479b2a089c0b7bb6773328f2937f84a9c940878c6b2fa3721b6dd,2014-10,Northumbria Police,Northumbria Police,-1.583241,54.991293,On or near STEPHENSON ROAD,E01008365,Newcastle upon Tyne 012F,Suspect charged
683c95692d9a0b4753bbb422a8c9e0ebf315b0a121ea8705ddec6f7cceecb2ca,2014-10,Northumbria Police,Northumbria Police,-1.429369,54.943059,On or near ALISON DRIVE,E01008617,South Tyneside 023C,Investigation complete; no suspect identified
311dff5dad481540575820976e90b51231d4790b781b42e278bf8df08e674770,2014-10,Northumbria Police,Northumbria Police,-1.595656,55.127529,On or near HOTSPUR AVENUE,E01027514,Northumberland 021A,Offender given penalty notice
3502597b6fc1c12401b967416d735215818e488b894cf02f12eed2230cbdfe5b,2014-10,Northumbria Police,Northumbria Police,-1.616721,54.974644,On or near Shopping Area,E01008397,Newcastle upon Tyne 024C,Suspect charged
3502597b6fc1c12401b967416d735215818e488b894cf02f12eed2230cbdfe5b,2014-10,Northumbria Police,Northumbria Police,-1.616721,54.974644,On or near Shopping Area,E01008397,Newcastle upon Tyne 024C,Suspect charged
3502597b6fc1c12401b967416d735215818e488b894cf02f12eed2230cbdfe5b,2014-10,Northumbria Police,Northumbria Police,-1.616721,54.974644,On or near Shopping Area,E01008397,Newcastle upon Tyne 024C,Suspect charged
41987742005990b32e79fa5d9f51e97aa0ae0edc39801198b889be09422b5d92,2014-10,Northumbria Police,Northumbria Police,-1.487773,55.024897,On or near Supermarket,E01008488,North Tyneside 015A,Investigation complete; no suspect identified
df93d62428be301d61919476551b6d213ef057d85153acd86e70a3f3b5fe23d8,2014-10,Northumbria Police,Northumbria Police,-1.609455,54.971583,On or near Pedestrian Subway,E01033543,Newcastle upon Tyne 024G,Suspect charged
df93d62428be301d61919476551b6d213ef057d85153acd86e70a3f3b5fe23d8,2014-10,Northumbria Police,Northumbria Police,-1.609455,54.971583,On or near Pedestrian Subway,E01033543,Newcastle upon Tyne 024G,Suspect charged
e95aea99b1a19eb6823fc5c0d22f2f9f9d8b1a9482eafa32415bc6cdc35a4f65,2014-10,Northumbria Police,Northumbria Police,-1.612740,54.974308,On or near Shopping Area,E01008397,Newcastle upon Tyne 024C,Investigation complete; no suspect identified
5c6422e0efaee60443677795d7f95f148f4aa64f4a8968d4ae90fdccde985094,2014-10,Northumbria Police,Northumbria Police,-1.581805,55.130906,On or near KNOX ROAD,E01027519,Northumberland 020D,Suspect charged
7c9b5c70c370b634d00e51ff52dd8bfd03d4ffcf8b81b58353f91007970fdfa9,2014-10,Northumbria Police,Northumbria Police,-1.657815,54.970138,On or near ADELAIDE TERRACE,E01008332,Newcastle upon Tyne 029B,Suspect charged
e39e0dc4654935993610326fec44edc42bb9845d42769d7b4f98a202bb1df888,2014-10,Northumbria Police,Northumbria Police,-1.611154,54.975165,On or near LISLE STREET,E01008397,Newcastle upon Tyne 024C,Investigation complete; no suspect identified
d42571321549f48bd2c789908229ad9a438f7c8710fbc81f36e543fe8f4a6ecd,2014-10,Northumbria Police,Northumbria Police,-1.614472,54.971249,On or near BIGG MARKET,E01033543,Newcastle upon Tyne 024G,Investigation complete; no suspect identified
8426a69bae2d2e32b2f0c2c6f2e00c4113677029a33b605c6c8724db9d2b4273,2014-10,Northumbria Police,Northumbria Police,-1.751094,54.996704,On or near BRAMPTON GARDENS,E01008405,Newcastle upon Tyne 014F,Investigation complete; no suspect identified
58a64c44dafb7e51180ab2b22b37fc5c4f18abcd3084b16e415a1e57e22ebc41,2014-10,Northumbria Police,Northumbria Police,-1.615322,54.972222,On or near NUN STREET,E01033543,Newcastle upon Tyne 024G,Investigation complete; no suspect identified
73574ab9a22e5532d0463a903293edb23d7e0f64e43c2bf9559b062306271b08,2014-10,Northumbria Police,Northumbria Police,-1.656820,54.989681,On or near Pedestrian Subway,E01008450,Newcastle upon Tyne 016B,Investigation complete; no suspect identified
97b3bf2c017a53b3da817ca30bc24ec97558a0d953998549d4b6b739ca08a73a,2014-10,Northumbria Police,Northumbria Police,-1.462758,54.970117,On or near HENDERSON ROAD,E01008601,South Tyneside 012A,Investigation complete; no suspect identified
8b0b1aa17ffeaff40e801f720693d363ad8c78c3a6398055d485748245e022ae,2014-10,Northumbria Police,Northumbria Police,-1.486117,54.979500,On or near MONKTON TERRACE,E01008600,South Tyneside 007A,Suspect charged
f247b95222fd641792eeb920a626fe097281c0f458d6e80e8bce9fdfc150b9bb,2014-10,Northumbria Police,Northumbria Police,-1.623100,54.967421,On or near CHURCHILL STREET,E01033545,Newcastle upon Tyne 024H,Investigation complete; no suspect identified
23354c62a516760e01c62485f36de133bbe47006135d85963bfc4a3e05bb1acb,2014-10,Northumbria Police,Northumbria Police,-1.481901,54.984111,On or near WATSON STREET,E01008604,South Tyneside 007B,Investigation complete; no suspect identified
4a72de1b5bee9f3a8273952d30ba73d496b4916ea30f5479388c1a0f52feae98,2014-10,Northumbria Police,Northumbria Police,-1.596686,55.131145,On or near WEST END FRONT STREET,E01027514,Northumberland 021A,Suspect charged
af3bd1dee39acbf3c8fa9698272b9b43ca6e2581eef57fd826c74e4fef614e78,2014-10,Northumbria Police,Northumbria Police,-1.531236,55.111249,On or near Supermarket,E01027427,Northumberland 025C,Suspect charged
242b8c27003fa8c083d2cf92c48d7b2806b2b1313c036677524f92b28e3f3c64,2014-10,Northumbria Police,Northumbria Police,-2.461890,54.972958,On or near COMBHILL TERRACE,E01027487,Northumberland 037D,Investigation complete; no suspect identified
fc02e924242a2ac30f88e9834bd12f43a5a43ea2432c4b14b295a3c74037ae54,2014-10,Northumbria Police,Northumbria Police,-1.531678,54.901485,On or near Parking Area,E01008848,Sunderland 019C,Suspect charged
c011bf9c562553c9969d6e7c6c38d9c359dd6ebe0a036cfa37e564955ae00df5,2014-10,Northumbria Police,Northumbria Police,-1.504000,54.875962,On or near STATION ROAD,E01008799,Sunderland 025A,Suspect charged
2fb2128ad47734cdd70627699a526d4c94d5292f6ffbfcbf9709559004a2e001,2014-10,Northumbria Police,Northumbria Police,-1.656820,54.989681,On or near Pedestrian Subway,E01008450,Newcastle upon Tyne 016B,Investigation complete; no suspect identified
0069ba33d344b6c4726254668946a3233d0a3c9e20d852140555608262b7d694,2014-10,Northumbria Police,Northumbria Police,-1.511048,54.888571,On or near BRINKBURN,E01008862,Sunderland 025C,Investigation complete; no suspect identified
c6de3ae5712ff5ef3dbfe096ef7f639289c9902d958f36b46318191f72c303cb,2014-10,Northumbria Police,Northumbria Police,-1.450019,55.007299,On or near WATERVILLE TERRACE,E01008544,North Tyneside 027D,Suspect charged
fd8da3a4c1e513048b526ca4dd9ad4cdb4b43fb520f7cddf3e5fb2339f713209,2014-10,Northumbria Police,Northumbria Police,-1.416998,55.002940,On or near Theme/Adventure Park,E01008597,South Tyneside 001C,Investigation complete; no suspect identified
0e81e7dd745a4a46a6b737adc57b9e743790a5c923f0ef4cc76236c233d95d09,2014-10,Northumbria Police,Northumbria Police,-1.778212,55.036753,On or near THE CRESCENT,E01027471,Northumberland 034D,Offender given a drugs possession warning
02001c33064f204655272ec5cff76d5a22a676707a157c325b077c8df2477a5d,2014-10,Northumbria Police,Northumbria Police,-1.682304,54.956761,On or near LONG RIGG ROAD,E01008262,Gateshead 009A,Suspect charged
02001c33064f204655272ec5cff76d5a22a676707a157c325b077c8df2477a5d,2014-10,Northumbria Police,Northumbria Police,-1.682304,54.956761,On or near LONG RIGG ROAD,E01008262,Gateshead 009A,Suspect charged
4f31edfc37ce50f79a28a4f5a79823a5676272c160e76d0cc6c6f35a75891eb4,2014-10,Northumbria Police,Northumbria Police,-1.429211,54.894712,On or near Petrol Station,E01008758,Sunderland 015B,Suspect charged
616eee028a92b53e56b29102b730bae9a0e1845f56839bee11b64df89ca8ad96,2014-10,Northumbria Police,Northumbria Police,-1.441515,54.824575,On or near Parking Area,E01008742,Sunderland 035C,Suspect charged
6a2c9bdc34081a527c23da8255d6b8d66f9618ff68bedf0b08c9df0a2ef494e3,2014-10,Northumbria Police,Northumbria Police,-1.679240,54.986651,On or near SLATYFORD LANE,E01008344,Newcastle upon Tyne 019B,Suspect charged
6a2c9bdc34081a527c23da8255d6b8d66f9618ff68bedf0b08c9df0a2ef494e3,2014-10,Northumbria Police,Northumbria Police,-1.679240,54.986651,On or near SLATYFORD LANE,E01008344,Newcastle upon Tyne 019B,Suspect charged
6a2c9bdc34081a527c23da8255d6b8d66f9618ff68bedf0b08c9df0a2ef494e3,2014-10,Northumbria Police,Northumbria Police,-1.679240,54.986651,On or near SLATYFORD LANE,E01008344,Newcastle upon Tyne 019B,Suspect charged
6a2c9bdc34081a527c23da8255d6b8d66f9618ff68bedf0b08c9df0a2ef494e3,2014-10,Northumbria Police,Northumbria Police,-1.679240,54.986651,On or near SLATYFORD LANE,E01008344,Newcastle upon Tyne 019B,Suspect charged
6a2c9bdc34081a527c23da8255d6b8d66f9618ff68bedf0b08c9df0a2ef494e3,2014-10,Northumbria Police,Northumbria Police,-1.679240,54.986651,On or near SLATYFORD LANE,E01008344,Newcastle upon Tyne 019B,Suspect charged
d2b4a665edcf1294d4aadd4118ab2dd99c3d04e810ba97279f8cb200364cd252,2014-10,Northumbria Police,Northumbria Police,-1.711474,54.963241,On or near LUCY STREET,E01008177,Gateshead 005A,Investigation complete; no suspect identified
c7dd84c1cfdcc92ec7d32d94c45181eaa0a9dc7f79824c3b9af30ebbf83f405c,2014-10,Northumbria Police,Northumbria Police,-1.439026,55.000716,On or near LONG ROW,E01008667,South Tyneside 002D,Suspect charged
9831189c502298eaf4c1475d29cadb0a3220c7743a6ffbf098a9ac2281856a7d,2014-10,Northumbria Police,Northumbria Police,-1.533632,55.116857,On or near BEADNELL ROAD,E01027428,Northumberland 025D,Offender given a caution
fb196776566f0b020094e3132a3a57217fa117df8ee861688f9f5a2e8385f460,2014-10,Northumbria Police,Northumbria Police,-1.390130,54.898314,On or near THORNHILL PARK,E01008834,Sunderland 013E,Suspect charged as part of another case
43f0546a10de849911f2e0f9480d3e1082a2dd95902ab658a22a8188d97b0b03,2014-10,Northumbria Police,Northumbria Police,-1.470174,54.844510,On or near HILLSIDE WAY,E01008754,Sunderland 034F,Investigation complete; no suspect identified
2c39f6b529a59db313723064613b9dff6b5fe61a7cbe81b4f5dde5f4cdb2a4a6,2014-10,Northumbria Police,Northumbria Police,-1.430166,54.883384,On or near TRURO ROAD,E01008829,Sunderland 023G,Offender given a caution
26b3e0aa7e282c9279d0910e720e3b4cf124e6c6e146d623990ffd7f549b5594,2014-10,Northumbria Police,Northumbria Police,-1.762925,54.973057,On or near LANE HEAD,E01008249,Gateshead 001D,Investigation complete; no suspect identified
03a3eb1d3c75969c0b54c0878dbf5b62a609b065812a639645d380120270015d,2014-10,Northumbria Police,Northumbria Police,-1.440861,54.925976,On or near RENNIE ROAD,E01008841,Sunderland 003F,Investigation complete; no suspect identified
df6ab4c86a1de8c7061dd07d6fcb1f7fdec796d38da59c346c0e9616a1eaa0d5,2014-10,Northumbria Police,Northumbria Police,-1.400434,54.902724,On or near PENSHER STREET,E01008707,Sunderland 011D,Investigation complete; no suspect identified
146e360806deea62510b43ad7c1779eb9806de79559c51eabc24ea4fed417825,2014-10,Northumbria Police,Northumbria Police,-1.612959,54.972619,On or near Nightclub,E01033543,Newcastle upon Tyne 024G,Investigation complete; no suspect identified
f3c9a5f80b6b65232b9c003360a319bdc4d3e05d5c42d35ee7179ca168eaf8b2,2014-10,Northumbria Police,Northumbria Police,-1.611080,55.160540,On or near RIVERSIDE AVENUE,E01027530,Northumberland 017A,Investigation complete; no suspect identified
35e99276dd3ca8fdd76cb5631d65b8fbb1eb0f4007beaa07b8bf993af10ec7e7,2014-10,Northumbria Police,Northumbria Police,-1.411045,54.902300,On or near KAYLL ROAD,E01008759,Sunderland 015C,Offender given a caution
8a7280887fb7d134cfeb1673db50b6df5fb766c714c446a220d4d991ce3d6a32,2014-10,Northumbria Police,Northumbria Police,-1.419906,54.908597,On or near WILFRED STREET,E01008762,Sunderland 012B,Suspect charged
c0d9dcd2a29baaab86f8d8024c6d0c7149cc9d96c448e53f5cce4ae0fbdd5e98,2014-10,Northumbria Police,Northumbria Police,-1.509079,55.036298,On or near FORD CRESCENT,E01008567,North Tyneside 007D,Investigation complete; no suspect identified
131ef5e5ed0e9cbde358165231c0a1b9e5215c40cd1a4668215752c3effd20a4,2014-10,Northumbria Police,Northumbria Police,-1.371669,54.894239,On or near TEL-EL-KEBIR ROAD,E01008737,Sunderland 016D,Investigation complete; no suspect identified
63f7061059ec9d2fd9ba41bd561979f2614f7b814e95ced754cb2bd36ba829bd,2014-10,Northumbria Police,Northumbria Police,-1.375543,54.908871,On or near RUSSELL STREET,E01008703,Sunderland 013B,Suspect charged
a023ffee1a455e7173d1035e8e1bb797108c2bd2a18a9f35f9cb2a1f34307f8a,2014-10,Northumbria Police,Northumbria Police,-1.725908,54.981256,On or near ELLINGTON CLOSE,E01008404,Newcastle upon Tyne 014E,Investigation complete; no suspect identified
7dfc9849dc6ea2bcf80360149643d9c8bca4d64eb5c0596a7cd4fd9fab98f682,2014-10,Northumbria Police,Northumbria Police,-1.687592,55.168802,On or near Parking Area,E01027453,Northumberland 016B,Suspect charged
f53e524dad37a3f09b6c3acc0e778c466afb221202d02b2d21ab79b7d84b832c,2014-10,Northumbria Police,Northumbria Police,-1.569607,54.974280,On or near GILLIES STREET,E01008302,Newcastle upon Tyne 026B,Suspect charged
44e6be4b749de0c471d5fc82c89ded642cf7047c134c4345d3d8246a666ff4a8,2014-10,Northumbria Police,Northumbria Police,-1.571475,54.880873,On or near CUMBERLAND PLACE,E01008173,Gateshead 026B,Investigation complete; no suspect identified
57f6d9b7b415853490e4df98d9d7c49684b500ae8e597b7bd0a458eaa55e596c,2014-10,Northumbria Police,Northumbria Police,-1.620276,54.968706,On or near SCOTSWOOD ROAD,E01033545,Newcastle upon Tyne 024H,Investigation complete; no suspect identified
cf5ddcaf8e6d02aa882aebf82c367df8dc7aa06f4dd38664717ea38500a770c2,2014-10,Northumbria Police,Northumbria Police,-1.579771,55.082563,On or near NORTHUMBRIAN ROAD,E01027397,Northumberland 028C,Suspect charged
cf5ddcaf8e6d02aa882aebf82c367df8dc7aa06f4dd38664717ea38500a770c2,2014-10,Northumbria Police,Northumbria Police,-1.579771,55.082563,On or near NORTHUMBRIAN ROAD,E01027397,Northumberland 028C,Investigation complete; no suspect identified
cf5ddcaf8e6d02aa882aebf82c367df8dc7aa06f4dd38664717ea38500a770c2,2014-10,Northumbria Police,Northumbria Police,-1.579771,55.082563,On or near NORTHUMBRIAN ROAD,E01027397,Northumberland 028C,Investigation complete; no suspect identified
e7f13f60bf498a846e893689ae4b1ba89115263ea360293c8cfe86a94435306c,2014-10,Northumbria Police,Northumbria Police,-1.445898,55.031795,On or near ELLERSMERE GARDENS,E01008498,North Tyneside 010D,Suspect charged
92cd0999b9c4891c7f48a243bf38abca9e032833e4b6ce8b3e6194510eea4c65,2014-10,Northumbria Police,Northumbria Police,-1.637015,54.965918,On or near Shopping Area,E01008437,Newcastle upon Tyne 029F,Investigation complete; no suspect identified
02d15b398ea1f60501c45028380daeb98764a3d534429dcd2be32c5898c22300,2014-10,Northumbria Police,Northumbria Police,-1.500453,54.976271,On or near GLADSTONE STREET,E01008654,South Tyneside 009D,Investigation complete; no suspect identified
a550765b344c1a3e3ea4f1d6662a380b8445651e65365db39fc358060a6d981b,2014-10,Northumbria Police,Northumbria Police,-1.634168,54.964633,On or near WHITEBEAM PLACE,E01008438,Newcastle upon Tyne 029G,Investigation complete; no suspect identified
642cb6297c034c5d131c593ea1bbc6415b3a303d1712a0ca4ad045a0f851c5dc,2014-10,Northumbria Police,Northumbria Police,-1.744305,54.982680,On or near DERWENT AVENUE,E01008400,Newcastle upon Tyne 014A,Suspect charged
f14771b7a8311e4c19dcfdcd260bf987ff281bee2df319888c645ff8d7e1e397,2014-10,Northumbria Police,Northumbria Police,-1.665922,54.981412,On or near Supermarket,E01008346,Newcastle upon Tyne 019D,Investigation complete; no suspect identified
cf2a5dfee50aec5a833a72a05817032362445e6a6738cd74d6e12f5fc7d285a9,2014-10,Northumbria Police,Northumbria Police,-1.426453,54.972467,On or near MCANANY AVENUE,E01008592,South Tyneside 011C,Investigation complete; no suspect identified
d28441abe49c8199ec500aba739dbec308be55b7eb382fb6362f02c8bf637cec,2014-10,Northumbria Police,Northumbria Police,-1.482151,54.863802,On or near PHILADELPHIA LANE,E01032483,Sunderland 032F,Suspect charged
16950c3d313fd38e0197501081e8ee0f510bd8fd995e68016bacf8ae8a89b9b9,2014-10,Northumbria Police,Northumbria Police,-1.614405,54.950482,On or near SALTWELL STREET,E01008171,Gateshead 008D,Investigation complete; no suspect identified
5bbe2cce4910270fe93a94c370e67d24bf04e09863a305b6dc40948e3030a62d,2014-10,Northumbria Police,Northumbria Police,-1.614405,54.950482,On or near SALTWELL STREET,E01008171,Gateshead 008D,Investigation complete; no suspect identified
002f3f22a76b3d15262ac135cc9d22d3b059c702481394efa099f2e42c1eb241,2014-10,Northumbria Police,Northumbria Police,-1.549546,54.988414,On or near BRIARWOOD CRESCENT,E01008434,Newcastle upon Tyne 020D,Suspect charged
476a7532ea50704481b3dea95e74b19cfac624079e7861d5ccddcbab9ce45a67,2014-10,Northumbria Police,Northumbria Police,-1.530617,55.127970,On or near EARL'S GARDENS,E01027391,Northumberland 024A,Investigation complete; no suspect identified
c422701167cf92ade6634192803abdd3b54057d16d0907f659e64089128d6d02,2014-10,Northumbria Police,Northumbria Police,-1.442604,54.913942,On or near WESSINGTON WAY,E01008697,Sunderland 008E,Suspect charged
0d0ea23fce37aef4f3940a14b5f6446dc0756d58f1bac33ab0bfb7cb4aa6e67a,2014-10,Northumbria Police,Northumbria Police,-1.380861,54.904881,On or near Further/Higher Educational Building,E01008703,Sunderland 013B,Investigation complete; no suspect identified
e4c0c4b128de2948a8d439b1d44baa4ccffb4e7f2a1d4eb420f5179366bcda08,2014-10,Northumbria Police,Northumbria Police,-1.512729,55.034660,On or near EMMERSON PLACE,E01032648,North Tyneside 011F,Suspect charged
d1179b06a5d176b41d78054248b7d7bef64688741b3dcc8486ac7f869c6aa6e3,2014-10,Northumbria Police,Northumbria Police,-1.612959,54.972619,On or near Nightclub,E01033543,Newcastle upon Tyne 024G,Investigation complete; no suspect identified
3df948c118b45ed7a5cf59a024b398f21b3a0b1de4a9d6eb337b3e73e19dee7d,2014-10,Northumbria Police,Northumbria Police,-1.423543,55.017538,On or near FRONT STREET,E01008560,North Tyneside 016B,Investigation complete; no suspect identified
5837e5687cfddadf8ba9d64fd2c9410bf567186ce913d53804c27aa86e0a5224,2014-10,Northumbria Police,Northumbria Police,-1.546070,55.213144,On or near FENHAM ROAD,E01027451,Northumberland 008E,Investigation complete; no suspect identified
1fc571b2f7143c38d08996e6c6557f0a57a186004e9a0f408d73fd31c6cbb43e,2014-10,Northumbria Police,Northumbria Police,-1.620300,54.951246,On or near TEMPLE GREEN,E01008257,Gateshead 008E,Suspect charged
1fc571b2f7143c38d08996e6c6557f0a57a186004e9a0f408d73fd31c6cbb43e,2014-10,Northumbria Police,Northumbria Police,-1.620300,54.951246,On or near TEMPLE GREEN,E01008257,Gateshead 008E,Investigation complete; no suspect identified
1fc571b2f7143c38d08996e6c6557f0a57a186004e9a0f408d73fd31c6cbb43e,2014-10,Northumbria Police,Northumbria Police,-1.620300,54.951246,On or near TEMPLE GREEN,E01008257,Gateshead 008E,Investigation complete; no suspect identified
2150f02739d4f928b4f04b67576db3d1e3fe91a06e03b63f7e7ed34c2359db2a,2014-10,Northumbria Police,Northumbria Police,-1.440475,54.896436,On or near Shopping Area,E01008810,Sunderland 014A,Suspect charged
9391a3b626b9e4bfa70558725473304f325d922fc82b43d7fd6ef7255d8ea3c6,2014-10,Northumbria Police,Northumbria Police,-1.488220,54.981199,On or near Supermarket,E01008604,South Tyneside 007B,Investigation complete; no suspect identified
a5834ca34d4e0aa777161f300ab35e686dc56a5758d69bc5a721a4a6838aa194,2014-10,Northumbria Police,Northumbria Police,-1.661168,55.013479,On or near Supermarket,E01008295,Newcastle upon Tyne 008A,Offender given penalty notice
20d6d405ba515021ec015981370dbe16fe76d109a9961cc5ead28998f2c03855,2014-10,Northumbria Police,Northumbria Police,-1.520355,54.914768,On or near VIOLA STREET,E01008858,Sunderland 009D,Investigation complete; no suspect identified
161e77402d3b6daf5a256dd8583682afdbb5cd11f8bd107205706d179d4446c1,2014-10,Northumbria Police,Northumbria Police,-1.621709,55.005689,On or near IVY ROAD,E01008419,Newcastle upon Tyne 006E,Investigation complete; no suspect identified
b7eaab1cfc4f0d3d4ebfe3e6a47851d2daa8be529012a70ceb6ed70c9f37cc17,2014-10,Northumbria Police,Northumbria Police,-1.586985,54.976757,On or near Petrol Station,E01008304,Newcastle upon Tyne 026C,Suspect charged
01afe511afbf0e0e326a86cb93e26986ee1015ead46ed196d3a180f595c891f3,2014-10,Northumbria Police,Northumbria Police,-1.548148,55.002994,On or near BIGGES GARDENS,E01008532,North Tyneside 025B,Suspect charged
8e5ec4b620dba770eb7d9fa8aca76b770c483dd015df8ea9ef41c291e39c5953,2014-10,Northumbria Police,Northumbria Police,-1.416686,54.903675,On or near Sports/Recreation Area,E01008757,Sunderland 015A,Investigation complete; no suspect identified
3ca30ce83e58df19bda882ddc9470614ee0cd3791bf167b0e0d27c68a2837771,2014-10,Northumbria Police,Northumbria Police,-1.440475,54.896436,On or near Shopping Area,E01008810,Sunderland 014A,Investigation complete; no suspect identified
25c39925183f38f46d74e63d0fa5f7955e56a4ecf45d8e1d67f137ee74be2140,2014-10,Northumbria Police,Northumbria Police,-1.762925,54.973057,On or near LANE HEAD,E01008249,Gateshead 001D,Investigation complete; no suspect identified
979ee3b694479be341de5c04b20ed67143528e8c857ad29c483745be9975c9fe,2014-10,Northumbria Police,Northumbria Police,-1.473926,54.963030,On or near LODORE GROVE,E01008631,South Tyneside 017A,Investigation complete; no suspect identified
2be600f6cb7c2ee586d584a888567964bd121943edd9d7cc358b86c18ed8fb02,2014-10,Northumbria Police,Northumbria Police,-2.003879,55.769790,On or near MARYGATE,E01027377,Northumberland 001B,Suspect charged
2be600f6cb7c2ee586d584a888567964bd121943edd9d7cc358b86c18ed8fb02,2014-10,Northumbria Police,Northumbria Police,-2.003879,55.769790,On or near MARYGATE,E01027377,Northumberland 001B,Suspect charged
9337ce0e8f7149501ec6dadf879fec15228356595d6e367db41b8ba5e473b196,2014-10,Northumbria Police,Northumbria Police,-1.488513,54.998732,On or near FIRTREES AVENUE,E01008542,North Tyneside 028B,Offender given a caution
a10e6ce4fe8d0e0215955db20d3f87e8015a2f4feea2ccbe480c9d4518108155,2014-10,Northumbria Police,Northumbria Police,-1.689703,55.001802,On or near TREVELYAN DRIVE,E01008456,Newcastle upon Tyne 004B,Suspect charged
a10e6ce4fe8d0e0215955db20d3f87e8015a2f4feea2ccbe480c9d4518108155,2014-10,Northumbria Police,Northumbria Police,-1.689703,55.001802,On or near TREVELYAN DRIVE,E01008456,Newcastle upon Tyne 004B,Investigation complete; no suspect identified
11ae4ca12c46fd714669153794128a5e7fe6f005e6b8e5e4f6d691311ffaf1f7,2014-10,Northumbria Police,Northumbria Police,-1.638768,54.970703,On or near BRITANNIA PLACE,E01008331,Newcastle upon Tyne 029A,Investigation complete; no suspect identified
d1141782d2447a59e7d2fbc0b4544b81483a9d98a1e6c979beb0a43c00943a34,2014-10,Northumbria Police,Northumbria Police,-1.619994,54.925733,On or near OCTAVIAN WAY,E01008226,Gateshead 025D,Suspect charged
d1141782d2447a59e7d2fbc0b4544b81483a9d98a1e6c979beb0a43c00943a34,2014-10,Northumbria Police,Northumbria Police,-1.619994,54.925733,On or near OCTAVIAN WAY,E01008226,Gateshead 025D,Suspect charged
acd87ac2d58acf3871d21eabcc80b39f8af8c8df2573cdce9f9630563a513dbe,2014-10,Northumbria Police,Northumbria Police,-1.401500,54.921295,On or near GOSCHEN STREET,E01033075,Sunderland 005G,Investigation complete; no suspect identified
1341830537c61ce73e5a06a62acfa42308339335f0628d738fe11ebe22c1e179,2014-10,Northumbria Police,Northumbria Police,-1.426348,54.918458,On or near HYLTON PARK ROAD,E01008693,Sunderland 008A,Investigation complete; no suspect identified
7370f967a8f93711128370a8c68663dbe050c63d2f937055e0a24cf0c162fce6,2014-10,Northumbria Police,Northumbria Police,-1.436707,54.976487,On or near STANHOPE ROAD,E01008591,South Tyneside 011B,Investigation complete; no suspect identified
d247271b206725452a9d7f7f419708ce06cce79259b01b8a9cd69e04a8b0d9e5,2014-10,Northumbria Police,Northumbria Police,-1.376526,54.892746,On or near Petrol Station,E01008740,Sunderland 022A,Investigation complete; no suspect identified
37fbb2c5d5d2cb2cdd65285db99e75697900df4a9503cc9a74f89df8f51daec0,2014-10,Northumbria Police,Northumbria Police,-1.416686,54.903675,On or near Sports/Recreation Area,E01008757,Sunderland 015A,Investigation complete; no suspect identified
ddcf33943d8bbcc23208e2b07550bb6816117b4fb05350bac0288a3b47969b53,2014-10,Northumbria Police,Northumbria Police,-1.437502,54.892728,On or near Petrol Station,E01008731,Sunderland 021C,Investigation complete; no suspect identified
cbff829b7ac3276cfc0afba2ef36b65e639ecfe5aadc504542b819bf223a1e5a,2014-10,Northumbria Police,Northumbria Police,-1.436163,54.997477,On or near EAST STREET,E01008667,South Tyneside 002D,Suspect charged
be6b9ad671332af1ba82cc0d4978762e991b1d030adcc6541fa0f449acaf30de,2014-10,Northumbria Police,Northumbria Police,-1.748367,54.970350,On or near CLIFTON CLOSE,E01008246,Gateshead 001A,Investigation complete; no suspect identified
df22f15aee03ae85cc9bf0956a7058fb44dc76683399dbb79ce9092985580cb0,2014-10,Northumbria Police,Northumbria Police,-1.648618,54.982244,On or near HARTBURN PLACE,E01008453,Newcastle upon Tyne 022E,Investigation complete; no suspect identified
85d55d516ed6c25fdd8fa408756b458cdd0b907c075622215f76f7791e9d41e8,2014-10,Northumbria Police,Northumbria Police,-1.535004,55.025635,On or near WESLEY WAY,E01008501,North Tyneside 018D,Investigation complete; no suspect identified
58f5ee032407fad3baf20b14a2b5161587159bb8e764599f24b19c3a1f785f24,2014-10,Northumbria Police,Northumbria Police,-1.488679,54.963552,On or near CHIPCHASE TERRACE,E01008659,South Tyneside 017C,Investigation complete; no suspect identified
c58193d95eed60a155ee44a05fdfdc52803def963ea635651f7903108ac852f2,2014-10,Northumbria Police,Northumbria Police,-1.501811,54.865178,On or near GAINSBOROUGH CRESCENT,E01008795,Sunderland 030B,Investigation complete; no suspect identified
e8cc68596eda0d00986a75664e6a795400fe656b89f6fb1b3d4f4f978b0411cd,2014-10,Northumbria Police,Northumbria Police,-1.503630,55.110080,On or near ROTARY WAY,E01027440,Northumberland 026D,Investigation complete; no suspect identified
35841b774f151d69dba1b5d1ab265aef4f24ba8896726d7419c87a88eeeae87e,2014-10,Northumbria Police,Northumbria Police,-2.102517,55.335602,On or near RICHARDSON LANE,E01027373,Northumberland 007D,Suspect charged
35841b774f151d69dba1b5d1ab265aef4f24ba8896726d7419c87a88eeeae87e,2014-10,Northumbria Police,Northumbria Police,-2.102517,55.335602,On or near RICHARDSON LANE,E01027373,Northumberland 007D,Investigation complete; no suspect identified
35841b774f151d69dba1b5d1ab265aef4f24ba8896726d7419c87a88eeeae87e,2014-10,Northumbria Police,Northumbria Police,-2.102517,55.335602,On or near RICHARDSON LANE,E01027373,Northumberland 007D,Suspect charged
35841b774f151d69dba1b5d1ab265aef4f24ba8896726d7419c87a88eeeae87e,2014-10,Northumbria Police,Northumbria Police,-2.102517,55.335602,On or near RICHARDSON LANE,E01027373,Northumberland 007D,Investigation complete; no suspect identified
35841b774f151d69dba1b5d1ab265aef4f24ba8896726d7419c87a88eeeae87e,2014-10,Northumbria Police,Northumbria Police,-2.102517,55.335602,On or near RICHARDSON LANE,E01027373,Northumberland 007D,Suspect charged
efddd51e727c42accf795331f325c1a89ebaa52075d1451d4ce604ab05dde423,2014-10,Northumbria Police,Northumbria Police,-1.574085,54.979211,On or near MILLERS ROAD,E01008392,Newcastle upon Tyne 026F,Local resolution
a0b77cc6f07765759920cc173d3f057411836f8901af7aed829af7d079702ab7,2014-10,Northumbria Police,Northumbria Police,-1.546288,54.984889,On or near VAUXHALL ROAD,E01008435,Newcastle upon Tyne 020E,Investigation complete; no suspect identified
24f769f749690e39b0419d5a78994895d66310952f353ae7cd7f3d1dd404c430,2014-10,Northumbria Police,Northumbria Police,-1.442604,54.913942,On or near WESSINGTON WAY,E01008697,Sunderland 008E,Investigation complete; no suspect identified
5a98a6f2ae285f2f7992ba4a54e15e4160e6890294f6831d4c1e72391d5d8456,2014-10,Northumbria Police,Northumbria Police,-1.617099,54.975966,On or near MORDEN STREET,E01008397,Newcastle upon Tyne 024C,Suspect charged
fbe15ddc05d07efac140a42aad36bbebed42b0bf56fd5770a4b61672ded0ce1e,2014-10,Northumbria Police,Northumbria Police,-1.453212,54.858616,On or near Petrol Station,E01032483,Sunderland 032F,Investigation complete; no suspect identified
7a3b9b5beb4b63dbe3d194f90e91f7a3e1058669ff1e1ee793c2251a7d4d09d7,2014-10,Northumbria Police,Northumbria Police,-1.581732,54.983084,On or near HEATON ROAD,E01008412,Newcastle upon Tyne 023E,Investigation complete; no suspect identified
acdd4f56c9641c19660652130db15979e34b7d049422963d4e2d05650981ffbe,2014-10,Northumbria Police,Northumbria Police,-1.707793,55.413651,On or near FENKLE STREET,E01027359,Northumberland 005B,Investigation complete; no suspect identified
acdd4f56c9641c19660652130db15979e34b7d049422963d4e2d05650981ffbe,2014-10,Northumbria Police,Northumbria Police,-1.707793,55.413651,On or near FENKLE STREET,E01027359,Northumberland 005B,Offender given a caution
d2bb5e869528a4bac69a1885295497bb58a2035bb055efdfc3744e49e2904cd7,2014-10,Northumbria Police,Northumbria Police,-1.441746,54.896981,On or near PARKHURST ROAD,E01008810,Sunderland 014A,Investigation complete; no suspect identified
ca8ea0da6ceacea1c6c043ff95fd7a05471a22bb7fb5179d4de5a5c2a9354766,2014-10,Northumbria Police,Northumbria Police,-1.593951,55.080697,On or near MORWICK CLOSE,E01027410,Northumberland 031E,Investigation complete; no suspect identified
e2bb82a6982bcb9df347c57afc0e4e82878ae22962545678c0722d50a207a298,2014-10,Northumbria Police,Northumbria Police,-1.585145,54.955130,On or near JOHN STREET,E01008164,Gateshead 027B,Investigation complete; no suspect identified
4a8b481898889d927ec916f2ed4076e7841a722e62206f0a72b3584b5612d216,2014-10,Northumbria Police,Northumbria Police,-1.454323,55.008154,On or near HOPPER STREET,E01008483,North Tyneside 022A,Investigation complete; no suspect identified
e9479ee013913838d00f315e0f49d06f9563485ccafa19f48d6ca8f3d35d9a42,2014-10,Northumbria Police,Northumbria Police,-1.548435,54.974580,On or near INGRAM TERRACE,E01008429,Newcastle upon Tyne 028D,Suspect charged
e9479ee013913838d00f315e0f49d06f9563485ccafa19f48d6ca8f3d35d9a42,2014-10,Northumbria Police,Northumbria Police,-1.548435,54.974580,On or near INGRAM TERRACE,E01008429,Newcastle upon Tyne 028D,Suspect charged
96dc096ead942008f1b7489cbc651bbb83df2fdb83824389a1f2e7e1eb772c6c,2014-10,Northumbria Police,Northumbria Police,-1.626998,54.974838,On or near SPRING GARDEN LANE,E01033554,Newcastle upon Tyne 024I,Suspect charged
250ee213938fe9b7b5c917ddbc55d9ac439961db06c0611f0402161f1a33c36a,2014-10,Northumbria Police,Northumbria Police,-1.612931,54.970714,On or near GROAT MARKET,E01033543,Newcastle upon Tyne 024G,Suspect charged
aabba8bfed8ed0f4b337fad9fae774c7520709dbc4ce72d21e665ce2b835c235,2014-10,Northumbria Police,Northumbria Police,-1.653518,54.970252,On or near AXBRIDGE GARDENS,E01008335,Newcastle upon Tyne 029E,Suspect charged
aabba8bfed8ed0f4b337fad9fae774c7520709dbc4ce72d21e665ce2b835c235,2014-10,Northumbria Police,Northumbria Police,-1.653518,54.970252,On or near AXBRIDGE GARDENS,E01008335,Newcastle upon Tyne 029E,Suspect charged
a44f333e735e0d4ac8a7616fcb8de1e4b666ec525b5652c367c752427acd26d8,2014-10,Northumbria Police,Northumbria Police,-1.434271,55.024220,On or near BROADWAY,E01008562,North Tyneside 016D,Investigation complete; no suspect identified
4331faeebf89886f85c7870c183f653af602e19e9f3129fbecf7a99b200a1991,2014-10,Northumbria Police,Northumbria Police,-1.640047,55.014569,On or near HEDDON CLOSE,E01008336,Newcastle upon Tyne 003A,Investigation complete; no suspect identified
cc509f3d9b9aa1c1c017f65ff308970549e9e39d0c2886628cd7611e1346916e,2014-10,Northumbria Police,Northumbria Police,-1.607169,54.986502,On or near KINGSLAND,E01008370,Newcastle upon Tyne 017C,Suspect charged
f2d54cf925b4d0cc31cec24389a3e2d1b36a9d772fc482e484104d46a3220afd,2014-10,Northumbria Police,Northumbria Police,-1.429277,54.999179,On or near Nightclub,E01008596,South Tyneside 001B,Investigation complete; no suspect identified
a025f5cca9039a568c47c2bcda9aa6721fd265341343a69693e3e07e37d07878,2014-10,Northumbria Police,Northumbria Police,-1.672907,54.956350,On or near Parking Area,E01008262,Gateshead 009A,Investigation complete; no suspect identified
188e1f7ab17ab2897fb59ee5549f039e2adf1d471aa61714bea15fa95a016271,2014-10,Northumbria Police,Northumbria Police,-1.547817,54.985146,On or near WESTBURY AVENUE,E01008435,Newcastle upon Tyne 020E,Offender given a caution
dd56dce20036bdb4b01645792ebf9a59ac6be281393a28b35213151aaa8f7d6c,2014-10,Northumbria Police,Northumbria Police,-1.582169,54.922931,On or near WAVERLEY ROAD,E01008217,Gateshead 023E,Investigation complete; no suspect identified
29f4f7aa2d3d2d7c6205cbf5956fe824dd615cd3f007df326d01a03dc1b3f993,2014-10,Northumbria Police,Northumbria Police,-1.430751,54.998880,On or near Nightclub,E01008596,South Tyneside 001B,Investigation complete; no suspect identified
5bb26fe3e9d7e567ea61978ff29d3319fad87887c5db0781429798eb475201ec,2014-10,Northumbria Police,Northumbria Police,-1.450618,54.974906,On or near ELSWICK WAY,E01008672,South Tyneside 012D,Investigation complete; no suspect identified
5bb26fe3e9d7e567ea61978ff29d3319fad87887c5db0781429798eb475201ec,2014-10,Northumbria Police,Northumbria Police,-1.450618,54.974906,On or near ELSWICK WAY,E01008672,South Tyneside 012D,Investigation complete; no suspect identified
5bb26fe3e9d7e567ea61978ff29d3319fad87887c5db0781429798eb475201ec,2014-10,Northumbria Police,Northumbria Police,-1.450618,54.974906,On or near ELSWICK WAY,E01008672,South Tyneside 012D,Investigation complete; no suspect identified
06c4df7b0d09de1087f178acd092dd1443f8eaf71aaded19a69d9f9523cdf52a,2014-10,Northumbria Police,Northumbria Police,-1.566098,55.034565,On or near WHITE SWAN CLOSE,E01008505,North Tyneside 012B,Local resolution
9e20436bf042d383d07ac24c5c46f79cebc5a662fea28c8af8d643a3af0fbf3d,2014-10,Northumbria Police,Northumbria Police,-1.580693,55.177144,On or near GREEN LANE,E01027524,Northumberland 012A,Investigation complete; no suspect identified
122c59b612b5ec29c9e227dee2d7135c1c6701d357efea8370d64331c985214c,2014-10,Northumbria Police,Northumbria Police,-1.443865,55.041877,On or near VICTORIA MEWS,E01008588,North Tyneside 006D,Suspect charged
1fe6e5c762e73f969cc74d2dca57ea8fecfd2f795b634acacb92705b3cb8b5b4,2014-10,Northumbria Police,Northumbria Police,-1.517686,55.131253,On or near PORTLAND STREET,E01027416,Northumberland 022C,Investigation complete; no suspect identified
b7acfa016aafecdd80073c4e0e3c2394396bc4ef463ba729cc85377747853838,2014-10,Northumbria Police,Northumbria Police,-1.613189,54.969906,On or near COLLINGWOOD STREET,E01033545,Newcastle upon Tyne 024H,Investigation complete; no suspect identified
e91c0a2e401158aaa9a55ba45b64ac8716fe546ee8d806d9f63faee52c7c91c3,2014-10,Northumbria Police,Northumbria Police,-1.614445,54.974044,On or near BLACKETT STREET,E01008397,Newcastle upon Tyne 024C,Offender given a caution
cf5f40f2e31d141b23affa2c7edad83619f5dabd99dd078de0d54ce034216c9a,2014-10,Northumbria Police,Northumbria Police,-1.625811,54.949627,On or near ACORN AVENUE,E01008259,Gateshead 007D,Suspect charged
c2929327e0b7d0b5356d0495f2a5f2f3bf943d0630890b9005e69b6663db0a65,2014-10,Northumbria Police,Northumbria Police,-1.544748,54.897158,On or near Parking Area,E01008869,Sunderland 020C,Suspect charged
6cac4b270e446b2c61904bdd8a62a643754844ec24aab08e8e13de5983539959,2014-10,Northumbria Police,Northumbria Police,-1.610659,55.129654,On or near Sports/Recreation Area,E01027523,Northumberland 021F,Investigation complete; no suspect identified
03a4ccdd2ad833a88d1b3329af51c7caa760df38aca521cecb94942e3a72b3e4,2014-10,Northumbria Police,Northumbria Police,-1.656944,55.006324,On or near BALMAIN ROAD,E01008339,Newcastle upon Tyne 003D,Investigation complete; no suspect identified
03a4ccdd2ad833a88d1b3329af51c7caa760df38aca521cecb94942e3a72b3e4,2014-10,Northumbria Police,Northumbria Police,-1.656944,55.006324,On or near BALMAIN ROAD,E01008339,Newcastle upon Tyne 003D,Investigation complete; no suspect identified
412bf4195e2e023829c8790c4b485171a5fa3743cf96cfe5b951e95cc2f16da1,2014-10,Northumbria Police,Northumbria Police,-1.574085,54.979211,On or near MILLERS ROAD,E01008392,Newcastle upon Tyne 026F,Investigation complete; no suspect identified
e3509c67d960cd56284b222b30154799645fa9bef6c26be3497530028b755363,2014-10,Northumbria Police,Northumbria Police,-1.551259,54.970754,On or near SCROGG ROAD,E01008428,Newcastle upon Tyne 030D,Investigation complete; no suspect identified
08bad1df752c642a963a6da90a247b54ed7296b6444dee088cf60a69cd56e907,2014-10,Northumbria Police,Northumbria Police,-1.401140,54.866728,On or near MONKSWOOD SQUARE,E01033077,Sunderland 027F,Investigation complete; no suspect identified
0a8e97a91c1e84cf7161b45c24bf88fef2ab5b95801a47bb19cf33f946f4d396,2014-10,Northumbria Police,Northumbria Police,-1.369669,54.894516,On or near HYDE STREET,E01008738,Sunderland 016E,Investigation complete; no suspect identified
0a8e97a91c1e84cf7161b45c24bf88fef2ab5b95801a47bb19cf33f946f4d396,2014-10,Northumbria Police,Northumbria Police,-1.369669,54.894516,On or near HYDE STREET,E01008738,Sunderland 016E,Investigation complete; no suspect identified
0a8e97a91c1e84cf7161b45c24bf88fef2ab5b95801a47bb19cf33f946f4d396,2014-10,Northumbria Police,Northumbria Police,-1.369669,54.894516,On or near HYDE STREET,E01008738,Sunderland 016E,Investigation complete; no suspect identified
c254ac11e38c14fd3a9a48a7797a7b0e976a5d74a632da01febeee92e38a067a,2014-10,Northumbria Police,Northumbria Police,-1.569126,55.138770,On or near CHERRYTREE COURT,E01027517,Northumberland 020B,Investigation complete; no suspect identified
fbbfa416f672f674e1f3da92c4599fe4a09a096edf8a883f67de77f5340f9725,2014-10,Northumbria Police,Northumbria Police,-1.686112,55.165366,On or near CASTLE SQUARE,E01027453,Northumberland 016B,Suspect charged
fbbfa416f672f674e1f3da92c4599fe4a09a096edf8a883f67de77f5340f9725,2014-10,Northumbria Police,Northumbria Police,-1.686112,55.165366,On or near CASTLE SQUARE,E01027453,Northumberland 016B,Investigation complete; no suspect identified
c735a1385f5ad17782667aea3db85460b1c5029b212c6abf2850143a05c44f2c,2014-10,Northumbria Police,Northumbria Police,-1.506737,54.979810,On or near RALPH STREET,E01008652,South Tyneside 009B,Investigation complete; no suspect identified
51a0ec14bbb006be313e6dde2b475dc63d09e49884618d32d28bd07fd180c544,2014-10,Northumbria Police,Northumbria Police,-1.401479,54.893284,On or near Petrol Station,E01008781,Sunderland 022B,Suspect charged
1338060d731e6408c1f2c7ec1e67f3456e43556f694d8ef0422b57b75a3c3bf6,2014-10,Northumbria Police,Northumbria Police,-1.397975,54.895118,On or near Petrol Station,E01008781,Sunderland 022B,Suspect charged
e81bbe64da46ec09a37365b3acb8cbb4c210959cee4f99201c71f2b633736c87,2014-10,Northumbria Police,Northumbria Police,-1.540184,55.004941,On or near MCILVENNA GARDENS,E01008532,North Tyneside 025B,Suspect charged
e7d34f184f171786c3736360906c548937ffa9b03e16660a0056a1155987f42a,2014-10,Northumbria Police,Northumbria Police,-1.497880,54.979657,On or near BIRCH STREET,E01008654,South Tyneside 009D,Investigation complete; no suspect identified
e1ae1e2bab0f8d2bff9e9a7dff5c7b0fa935254769ba0639c3e2d4b65b745537,2014-10,Northumbria Police,Northumbria Police,-1.426708,54.885381,On or near TORONTO ROAD,E01008829,Sunderland 023G,Investigation complete; no suspect identified
c8ba8aaed16e417e1decad160647065e82c275b006dfc6ade82982858d393b6c,2014-10,Northumbria Police,Northumbria Police,-1.598862,54.935604,On or near Parking Area,E01008239,Gateshead 020D,Suspect charged
c8ba8aaed16e417e1decad160647065e82c275b006dfc6ade82982858d393b6c,2014-10,Northumbria Police,Northumbria Police,-1.598862,54.935604,On or near Parking Area,E01008239,Gateshead 020D,Suspect charged
c8ba8aaed16e417e1decad160647065e82c275b006dfc6ade82982858d393b6c,2014-10,Northumbria Police,Northumbria Police,-1.598862,54.935604,On or near Parking Area,E01008239,Gateshead 020D,Suspect charged
90992ca3f9cc99d90dada20369cf28f833901b4cced06e3df12eb466dfb3169c,2014-10,Northumbria Police,Northumbria Police,-1.442030,54.977949,On or near WHITEHEAD STREET,E01008671,South Tyneside 012C,Suspect charged
405b4f44756129b18b655d58331041e32d852b5613373ff6d8f7dce3df031eae,2014-10,Northumbria Police,Northumbria Police,-1.654336,55.580813,On or near Supermarket,E01027383,Northumberland 003D,Investigation complete; no suspect identified
f8ff09e5bec5013c2775b5408ff49ac2413de24552ac6b9544b8a3596b3220f5,2014-10,Northumbria Police,Northumbria Police,-1.363985,54.875256,On or near BURLAWN CLOSE,E01008764,Sunderland 028B,Investigation complete; no suspect identified
b9164fe06be2623e6189037dad44a6fe9769e4fe131dfecb31f4ae75c809fa5e,2014-10,Northumbria Police,Northumbria Police,-1.471288,54.974836,On or near Sports/Recreation Area,E01008601,South Tyneside 012A,Investigation complete; no suspect identified
24a81445c7883aa02413205b0bb2ce2aa6577775c2b01c571ab7217217edab59,2014-10,Northumbria Police,Northumbria Police,-1.611977,54.974045,On or near Shopping Area,E01033543,Newcastle upon Tyne 024G,Investigation complete; no suspect identified
b5014771c11973846e0277916dc70407c1efdf078311ac7a59086ebef962a4fd,2014-10,Northumbria Police,Northumbria Police,-1.397716,54.971996,On or near COLLIN AVENUE,E01008625,South Tyneside 013C,Investigation complete; no suspect identified
69fbecfd33a44c87c857849a476907e3abc3c3999b28f0135623ff180e740449,2014-10,Northumbria Police,Northumbria Police,-1.407365,54.972385,On or near Supermarket,E01008634,South Tyneside 008B,Investigation complete; no suspect identified
517ad26638fe2ff8ec7f773914a32e321b3ccf7929aa6fa592202ebe97d03f80,2014-10,Northumbria Police,Northumbria Police,-1.547817,54.985146,On or near WESTBURY AVENUE,E01008435,Newcastle upon Tyne 020E,Investigation complete; no suspect identified
e0519ea2507b1ab7d4a09956ccb01639b09afa624bf3de7a947dd340fd2975b3,2014-10,Northumbria Police,Northumbria Police,-1.680291,54.992081,On or near CROMDALE PLACE,E01008350,Newcastle upon Tyne 019H,Investigation complete; no suspect identified
1f736a796cd97c852d80fbda2166cb67eba249a4419bc7a856e5b6cf95930e79,2014-10,Northumbria Police,Northumbria Police,-1.428318,54.908241,On or near ST LUKE'S ROAD,E01008762,Sunderland 012B,Suspect charged
cf4149339412bb7fb7137dde5b29a68cd665ffca99c03d7bea3a1e3a5dd7f51d,2014-10,Northumbria Police,Northumbria Police,-1.466705,54.970502,On or near DUNSTANBURGH COURT,E01008601,South Tyneside 012A,Investigation complete; no suspect identified
f21995520272d42811c3fb53ff0349f80522b7700d6ec787fb723434304db077,2014-10,Northumbria Police,Northumbria Police,-1.824613,54.977152,On or near CHURCH ROAD,E01027513,Northumberland 036D,Investigation complete; no suspect identified
20c075e2ad960ad3099399b4a17253f2c9ee24ec09cb4dcef230d8767bafe191,2014-10,Northumbria Police,Northumbria Police,-1.404576,54.900003,On or near GENERAL GRAHAM STREET,E01008832,Sunderland 018C,Investigation complete; no suspect identified
5f7d01ceaddbb517aa0703845c5841d0faa20023131cb15a36a7cf3f78a0bdcb,2014-10,Northumbria Police,Northumbria Police,-1.429418,54.981539,On or near WANTAGE STREET,E01008679,South Tyneside 005A,Investigation complete; no suspect identified
a43955ad65877dd19bf7843af1c78e0e0a85aad4741963c1ad5fe5151d8d7ba1,2014-10,Northumbria Police,Northumbria Police,-1.604786,54.963427,On or near Pedestrian Subway,E01008168,Gateshead 027D,Suspect charged
d0ca2c770dc05b06d9a5bdc1dfccd69e4c9b54c2f2ff2a335d3ef6e0ff5ae53a,2014-10,Northumbria Police,Northumbria Police,-1.593355,54.921423,On or near Supermarket,E01008189,Gateshead 023A,Suspect charged
94b720f13a6cdf44df290c6b19b599162db785351dc292bdb3d6e7154fc1c426,2014-10,Northumbria Police,Northumbria Police,-1.450173,55.045231,On or near COQUET AVENUE,E01008586,North Tyneside 009E,Investigation complete; no suspect identified
f82240187787bde8af5b3b4f3edca14914d6e5768321482e09feceea20fb90f0,2014-10,Northumbria Police,Northumbria Police,-1.631529,54.968004,On or near WEST PARADE,E01008439,Newcastle upon Tyne 024E,Investigation complete; no suspect identified
54ec4a3766549913e9528627c8bd93b1908fdca475e8d9850fa469369ddde99f,2014-10,Northumbria Police,Northumbria Police,-1.539913,54.978035,On or near WESTERDALE PLACE,E01008430,Newcastle upon Tyne 020A,Suspect charged
d958047a93871ab50eabb62e293a8286b74717dc16f5ef030388dca530e60a5b,2014-10,Northumbria Police,Northumbria Police,-1.706843,55.409767,On or near SOUTH STREET,E01033717,Northumberland 005E,Offender given a caution
d958047a93871ab50eabb62e293a8286b74717dc16f5ef030388dca530e60a5b,2014-10,Northumbria Police,Northumbria Police,-1.706843,55.409767,On or near SOUTH STREET,E01033717,Northumberland 005E,Investigation complete; no suspect identified
d958047a93871ab50eabb62e293a8286b74717dc16f5ef030388dca530e60a5b,2014-10,Northumbria Police,Northumbria Police,-1.706843,55.409767,On or near SOUTH STREET,E01033717,Northumberland 005E,Investigation complete; no suspect identified
082773fe1031d8523a6f9b648510409bd7a7b14484ef530fd63fc2ea008df7f0,2014-10,Northumbria Police,Northumbria Police,-1.572756,54.969043,On or near HARBOTTLE COURT,E01008301,Newcastle upon Tyne 026A,Investigation complete; no suspect identified
f12f8c54e30ecf6a42355fb29900a1ae0d13f99df2fbd7362062f6b53dd56234,2014-10,Northumbria Police,Northumbria Police,-1.482779,54.982649,On or near FRIAR WAY,E01008604,South Tyneside 007B,Suspect charged
f12f8c54e30ecf6a42355fb29900a1ae0d13f99df2fbd7362062f6b53dd56234,2014-10,Northumbria Police,Northumbria Police,-1.482779,54.982649,On or near FRIAR WAY,E01008604,South Tyneside 007B,Suspect charged
f12f8c54e30ecf6a42355fb29900a1ae0d13f99df2fbd7362062f6b53dd56234,2014-10,Northumbria Police,Northumbria Police,-1.482779,54.982649,On or near FRIAR WAY,E01008604,South Tyneside 007B,Suspect charged
860b18641a6a56bef75e83f9a75f5db6f327429ecd119320c8a08bf287733167,2014-10,Northumbria Police,Northumbria Police,-1.441793,54.872169,On or near Petrol Station,E01008772,Sunderland 029A,Investigation complete; no suspect identified
1aa0da502289c75e5db78cc5b57cd6f8999301b2e2e13356a03ebc6f503cc793,2014-10,Northumbria Police,Northumbria Police,-1.369470,54.890292,On or near PERCY TERRACE SOUTH,E01008739,Sunderland 024A,Investigation complete; no suspect identified
5bc63a46528f95eea27e57ca899b39a40e1d02cbebe0690ea508780f2893265e,2014-10,Northumbria Police,Northumbria Police,-1.432929,55.019568,On or near ASHLEIGH GROVE,E01008563,North Tyneside 017D,Investigation complete; no suspect identified
5a15ec8ce96f7ba6ef708f0462c9dfddc6559c8e9ac5544d5c2a8a2cad6e8549,2014-10,Northumbria Police,Northumbria Police,-1.622943,54.924097,On or near Shopping Area,E01008226,Gateshead 025D,Investigation complete; no suspect identified
2f140c011049718449ac681d63d79fe65254305a4a9a42a30c30cf8ff2f75569,2014-10,Northumbria Police,Northumbria Police,-1.624533,55.048256,On or near Supermarket,E01008577,North Tyneside 004A,Suspect charged
cfdbf395598f7c798689d543d5a2bb9981873dc9bbc75d077c411944d1011389,2014-10,Northumbria Police,Northumbria Police,-1.656873,54.976148,On or near WEST ROAD,E01008334,Newcastle upon Tyne 029D,Investigation complete; no suspect identified
cf5c5b6113ec8de40527a914d66e39a8983e3640a133e478d02d487b6403d2b6,2014-10,Northumbria Police,Northumbria Police,-1.716752,54.961214,On or near HARRIET STREET,E01008178,Gateshead 004A,Investigation complete; no suspect identified
dfc71e8ab01927e5823f7d1f4beac01f0aa090974d7e1f4267c19505341f7890,2014-10,Northumbria Police,Northumbria Police,-1.486572,54.967065,On or near RABY GARDENS,E01008662,South Tyneside 017D,Investigation complete; no suspect identified
096b14daee3d4d7b41c2ec5110533af1e256187ae917cfacaf8a7bf7c1693020,2014-10,Northumbria Police,Northumbria Police,-1.519015,54.964412,On or near JOHNSTON AVENUE,E01008643,South Tyneside 015A,Investigation complete; no suspect identified
dff2324fd37b042079fc23475a637e5bc235222d8a31802802262b0af89227c5,2014-10,Northumbria Police,Northumbria Police,-1.444202,55.045842,On or near Nightclub,E01008584,North Tyneside 006A,Suspect charged
ec1af102478158d5de30421390349e4c05b36a287e8f14a9bedf92948ee98ca3,2014-10,Northumbria Police,Northumbria Police,-1.688931,54.980215,On or near WHICKHAM VIEW,E01008415,Newcastle upon Tyne 025B,Investigation complete; no suspect identified
79282aa549d114921b09189f1dcc9131dd5ba6c294a093749cdd1b7547d5f178,2014-10,Northumbria Police,Northumbria Police,-1.458966,54.951256,On or near Sports/Recreation Area,E01008613,South Tyneside 021D,Investigation complete; no suspect identified
595cab3943de0f3dc04793ea85d589a98f6888c90ad0fd02b6f62751090e7a27,2014-10,Northumbria Police,Northumbria Police,-1.591042,55.054124,On or near B1321,E01008578,North Tyneside 002D,Offender given a caution
a49c5de374c1d66477d6b37b9bec365e662dae94c96c6f0d73b0505c20963430,2014-10,Northumbria Police,Northumbria Police,-1.586289,55.162930,On or near Petrol Station,E01027534,Northumberland 017C,Investigation complete; no suspect identified
abfaeabaf648a26e463edfd5d56f21905d5e83dfe910a75ab43151d899c30804,2014-10,Northumbria Police,Northumbria Police,-1.726884,54.954785,On or near Supermarket,E01008280,Gateshead 004E,Suspect charged
abfaeabaf648a26e463edfd5d56f21905d5e83dfe910a75ab43151d899c30804,2014-10,Northumbria Police,Northumbria Police,-1.726884,54.954785,On or near Supermarket,E01008280,Gateshead 004E,Investigation complete; no suspect identified
ac759af1af5226eb23f0d65bad4ae06a2a1520e875f7812d0f80b65ca84c2a70,2014-10,Northumbria Police,Northumbria Police,-1.575087,54.986430,On or near SIMONSIDE TERRACE,E01008361,Newcastle upon Tyne 018D,Investigation complete; no suspect identified
8a4b5ee62dedd55a7f0be1889afb613a11ad05a41910b57746264832c2ebc7d0,2014-10,Northumbria Police,Northumbria Police,-1.572467,54.985918,On or near ROTHBURY TERRACE,E01008360,Newcastle upon Tyne 018C,Investigation complete; no suspect identified
b7fc488f77cd56cf4e22f97e98ba19c367446ea44ce99aa274a3814788b5b22b,2014-10,Northumbria Police,Northumbria Police,-1.436302,54.974203,On or near TEES COURT,E01008592,South Tyneside 011C,Investigation complete; no suspect identified
b7fc488f77cd56cf4e22f97e98ba19c367446ea44ce99aa274a3814788b5b22b,2014-10,Northumbria Police,Northumbria Police,-1.436302,54.974203,On or near TEES COURT,E01008592,South Tyneside 011C,Investigation complete; no suspect identified
b7fc488f77cd56cf4e22f97e98ba19c367446ea44ce99aa274a3814788b5b22b,2014-10,Northumbria Police,Northumbria Police,-1.436302,54.974203,On or near TEES COURT,E01008592,South Tyneside 011C,Suspect charged
b5bdf8e9152f12d537ec80a501172f9e57b4f420929d8adfe51d7622d198b9c2,2014-10,Northumbria Police,Northumbria Police,-1.431829,54.918098,On or near Supermarket,E01008693,Sunderland 008A,Suspect charged
b5bdf8e9152f12d537ec80a501172f9e57b4f420929d8adfe51d7622d198b9c2,2014-10,Northumbria Police,Northumbria Police,-1.431829,54.918098,On or near Supermarket,E01008693,Sunderland 008A,Suspect charged
0dee50968b9c803bcccbd71dee3952af12fc0eaada242131bf4ac3c8e4dd2a5d,2014-10,Northumbria Police,Northumbria Police,-1.431829,54.918098,On or near Supermarket,E01008693,Sunderland 008A,Suspect charged
0dee50968b9c803bcccbd71dee3952af12fc0eaada242131bf4ac3c8e4dd2a5d,2014-10,Northumbria Police,Northumbria Police,-1.431829,54.918098,On or near Supermarket,E01008693,Sunderland 008A,Offender given a caution
12f5ff7e312864c065e0d95f7f156577da71f97f2fd44b10ed24558c324c58d4,2014-10,Northumbria Police,Northumbria Police,-1.448000,54.894628,On or near DARTINGTON CLOSE,E01008729,Sunderland 021A,Investigation complete; no suspect identified
4d3d879988bc6a99fce359f48c22e14a8d15e541437f31fa7b429e8de3de005a,2014-10,Northumbria Police,Northumbria Police,-1.600912,54.950824,On or near SHIPCOTE LANE,E01008252,Gateshead 010B,Offender given a caution
1e271505fe7c7b0cd89b563e819721b1cc9391a6ad35eb6fb6f046312881dff9,2014-10,Northumbria Police,Northumbria Police,-1.380942,54.916861,On or near Supermarket,E01008787,Sunderland 006B,Suspect charged as part of another case
9e2b19499cf8efb3083061a9ccd8279073abc0fc4e47af74d9a94c6f4716d454,2014-10,Northumbria Police,Northumbria Police,-1.555457,55.129483,On or near AVONDALE AVENUE,E01027424,Northumberland 022D,Investigation complete; no suspect identified
9bcd2b600765fed41a27032d63dcaf4bcc4560ad81fb43d6a425c2f31abe947f,2014-10,Northumbria Police,Northumbria Police,-1.568311,55.140187,On or near STATION ROAD,E01027551,Northumberland 020F,Local resolution
83064a010e05298c69a047cfb543ca66902f60b1776ae565bfa12f3f5ee7d1f3,2014-10,Northumbria Police,Northumbria Police,-1.624533,55.048256,On or near Supermarket,E01008577,North Tyneside 004A,Suspect charged
47a737b19394ecf786a9a034d8b1f0a08d4ac0fda739f91aa77294278727bc78,2014-10,Northumbria Police,Northumbria Police,-1.587358,54.932744,On or near CARLISLE PLACE,E01008221,Gateshead 021C,Investigation complete; no suspect identified
1e3b6e64dfeb070921a9ebc331137c4bd343a9523420a76edcbdb23367c37ad4,2014-10,Northumbria Police,Northumbria Police,-1.522093,55.035371,On or near MEADOW VALE,E01032647,North Tyneside 011E,Investigation complete; no suspect identified
bfc0f0aabf9a4e7c87ffc4702442c78f1e80ffc90816d481ba46a9281089bec2,2014-10,Northumbria Police,Northumbria Police,-1.611977,54.974045,On or near Shopping Area,E01033543,Newcastle upon Tyne 024G,Investigation complete; no suspect identified
e9a13b2b3b935a64a4f785f8db2760e24528ed81b11f73e0803b8684fe575301,2014-10,Northumbria Police,Northumbria Police,-1.496333,54.864661,On or near LOWERSON AVENUE,E01008793,Sunderland 030A,Investigation complete; no suspect identified
d077f34bd64d39e5113c6c93e56e27d42af18a487e5f87aa0a79914d1b50a9ca,2014-10,Northumbria Police,Northumbria Police,-1.420391,54.995291,On or near BALTIC COURT,E01008597,South Tyneside 001C,Investigation complete; no suspect identified
d5fa52f086c234bfc2ff38d1ba4b0b8bc11b1ab7de5b8e0949fee9902ec043ba,2014-10,Northumbria Police,Northumbria Police,-1.565220,55.179193,On or near MILBURN ROAD,E01027528,Northumberland 010A,Suspect charged
565addfef3ae6ec62c1fdfcf8cb91e9acabfe77aa89c74168a633b9b180d25bc,2014-10,Northumbria Police,Northumbria Police,-1.508348,55.038497,On or near Petrol Station,E01008565,North Tyneside 007C,Suspect charged
61f963381eda2da52ddc52b3eef4ae76d24d8796031c062fb5915c80b6ecb97e,2014-10,Northumbria Police,Northumbria Police,-1.420954,54.927932,On or near RUPERT SQUARE,E01008822,Sunderland 004E,Investigation complete; no suspect identified
317a16994d1d33f13858ca25e047f68b885f440c18640ebd7eec8755d44cec92,2014-10,Northumbria Police,Northumbria Police,-1.572148,55.026256,On or near CHERWELL SQUARE,E01008499,North Tyneside 014B,Investigation complete; no suspect identified
9a2ff8fcb41a2bd04585b0f20a9eff592b44614ca1f16e32d1b26230f7601510,2014-10,Northumbria Police,Northumbria Police,-1.386923,54.924664,On or near ELIZABETH STREET,E01008711,Sunderland 005D,Investigation complete; no suspect identified
97ad0932773b9b0bb63811a4ba13b65644f644577eefc03abf1c9642efc1d577,2014-10,Northumbria Police,Northumbria Police,-1.744208,54.919192,On or near Supermarket,E01008184,Gateshead 022A,Investigation complete; no suspect identified
f45e2a6308d89f3f53c580f0783c63846958f76079b88f4c91c609a161c089ae,2014-10,Northumbria Police,Northumbria Police,-1.428943,54.865127,On or near MORVAL CLOSE,E01008808,Sunderland 029E,Investigation complete; no suspect identified
6aba2aa214c5df7566873417550cf717d4a70ef7826944121fceadaf53229aa1,2014-10,Northumbria Police,Northumbria Police,-1.394899,54.908879,On or near ALLIANCE PLACE,E01008700,Sunderland 013A,Investigation complete; no suspect identified
eb1021adb3331cab254183691047f8025cc32c09c9d6a4c029c757c5d29b2cdf,2014-10,Northumbria Police,Northumbria Police,-1.449232,54.960872,On or near PRIESTLEY COURT,E01008606,South Tyneside 016C,Investigation complete; no suspect identified
5d88e3cb72c0f1368383fa2b20841ac4d863d4a3ab2f8e275743771d7389e41e,2014-10,Northumbria Police,Northumbria Police,-1.479822,54.961213,On or near DOVE AVENUE,E01008632,South Tyneside 017B,Investigation complete; no suspect identified
5d88e3cb72c0f1368383fa2b20841ac4d863d4a3ab2f8e275743771d7389e41e,2014-10,Northumbria Police,Northumbria Police,-1.479822,54.961213,On or near DOVE AVENUE,E01008632,South Tyneside 017B,Offender given a drugs possession warning
6d484615c1e676abde0481e0f9ec14513a63b3c29108776ce8565c898977697a,2014-10,Northumbria Police,Northumbria Police,-1.433719,55.000107,On or near MILE END ROAD,E01008667,South Tyneside 002D,Investigation complete; no suspect identified
1e42d936e5b8bb069e2804e941690c84efd83cc04ce8b8c03e63578fc4471e72,2014-10,Northumbria Police,Northumbria Police,-1.509731,55.185354,On or near WATT'S LANE,E01027541,Northumberland 009A,Suspect charged
1e42d936e5b8bb069e2804e941690c84efd83cc04ce8b8c03e63578fc4471e72,2014-10,Northumbria Police,Northumbria Police,-1.509731,55.185354,On or near WATT'S LANE,E01027541,Northumberland 009A,Investigation complete; no suspect identified
68223c6de4c88fe9c9f1751a6ffde12b358c07b76b0a59169309bd8a991b4257,2014-10,Northumbria Police,Northumbria Police,-1.637121,54.974886,On or near LONGLEY STREET,E01008398,Newcastle upon Tyne 022C,Suspect charged
a01bd20a93590ef0eefed85e340f54f9767fde33f41a84cba974e1ee52acf77e,2014-10,Northumbria Police,Northumbria Police,-1.538669,54.977464,On or near WELBECK ROAD,E01008429,Newcastle upon Tyne 028D,Suspect charged
dc4a63cd31917ad747c85d253ad0d1912ee62b03fc61924a9012fe3f1de1a0df,2014-10,Northumbria Police,Northumbria Police,-1.611738,54.969722,On or near ST NICHOLAS' STREET,E01033545,Newcastle upon Tyne 024H,Investigation complete; no suspect identified
dd6a921832f37a3881c6666464ac8cbb01fd1f251796426cdaafe66f42405cc7,2014-10,Northumbria Police,Northumbria Police,-1.403673,54.875637,On or near MARY STREET,E01008803,Sunderland 027A,Investigation complete; no suspect identified
17b82775e8d1d7a48ccab5540bf543c4b6aac6db51e1f39e4cdcd9fa042d5fa6,2014-10,Northumbria Police,Northumbria Police,-1.451406,55.030544,On or near LORTON AVENUE,E01008498,North Tyneside 010D,Investigation complete; no suspect identified
95ba75412ca9768618cbdff8cc23e7c76f65aa97404a1be61747dc138f7e0e6a,2014-10,Northumbria Police,Northumbria Police,-1.384148,54.907163,On or near YORK STREET,E01008703,Sunderland 013B,Investigation complete; no suspect identified
a6348040cddf0f00196cf6fd5cf5e31cd4a5b493e2c792c5300817eff0c06d9d,2014-10,Northumbria Police,Northumbria Police,-1.584936,55.057267,On or near CHARLES DRIVE,E01008478,North Tyneside 002A,Investigation complete; no suspect identified
a729b857b6bcec7b609969a90aa8304d3d1216cd62e8ab0f124e9828046c0b1f,2014-10,Northumbria Police,Northumbria Police,-1.459374,54.963901,On or near TASMANIA ROAD,E01008608,South Tyneside 014C,Investigation complete; no suspect identified
c2c882c351432f667561a315016b6ed9bb55b983a000a3f22c186f3551e218c2,2014-10,Northumbria Police,Northumbria Police,-1.490929,54.959715,On or near Petrol Station,E01008659,South Tyneside 017C,Offender given a caution
7cdba43758158cb24ce74c84a4e4b25e39181dfbbbddd4a2b23e2c4ada999934,2014-10,Northumbria Police,Northumbria Police,-1.613189,54.969906,On or near COLLINGWOOD STREET,E01033545,Newcastle upon Tyne 024H,Suspect charged
7cdba43758158cb24ce74c84a4e4b25e39181dfbbbddd4a2b23e2c4ada999934,2014-10,Northumbria Police,Northumbria Police,-1.613189,54.969906,On or near COLLINGWOOD STREET,E01033545,Newcastle upon Tyne 024H,Suspect charged
f91160cf56e77ee9223b24dbd883d26495773e1abb8cf4d12637e33b92b448c2,2014-10,Northumbria Police,Northumbria Police,-1.517654,54.994547,On or near CHURCH BANK,E01008571,North Tyneside 028D,Suspect charged
f91160cf56e77ee9223b24dbd883d26495773e1abb8cf4d12637e33b92b448c2,2014-10,Northumbria Police,Northumbria Police,-1.517654,54.994547,On or near CHURCH BANK,E01008571,North Tyneside 028D,Investigation complete; no suspect identified
1254743b215339c5c3f59576f6021c904025a1283ed3ca3bf7b6eddd6c37e94e,2014-10,Northumbria Police,Northumbria Police,-1.522666,54.946202,On or near Petrol Station,E01008283,Gateshead 014A,Suspect charged
e40d9cf4c8cfb857954cb034b15f59aad82d09233b7817e4cc0020d8a11d17d5,2014-10,Northumbria Police,Northumbria Police,-1.439650,54.889629,On or near GILLINGHAM ROAD,E01008732,Sunderland 021D,Suspect charged
adb14b9eab7943bfe93ef501369a8611deebc5bb94addf7292c9151fb92c64d5,2014-10,Northumbria Police,Northumbria Police,-1.440475,54.896436,On or near Shopping Area,E01008810,Sunderland 014A,Investigation complete; no suspect identified
54ff83a812e9917c1a82217efd030d41e740e0cef7bcbc0c3ac50779fd3c3ce1,2014-10,Northumbria Police,Northumbria Police,-1.421760,54.971870,On or near LAPWING COURT,E01008682,South Tyneside 005C,Suspect charged
03744e41ca5216e50b3e6c4ad15c87d005f35e86ceb0a430672fe1911b00d4a8,2014-10,Northumbria Police,Northumbria Police,-1.411045,54.902300,On or near KAYLL ROAD,E01008759,Sunderland 015C,Suspect charged
03744e41ca5216e50b3e6c4ad15c87d005f35e86ceb0a430672fe1911b00d4a8,2014-10,Northumbria Police,Northumbria Police,-1.411045,54.902300,On or near KAYLL ROAD,E01008759,Sunderland 015C,Suspect charged
9ef85bcdc1b8900cbdf1b46dc297da86149c0e0a6d9dace30e057442b4934c4f,2014-10,Northumbria Police,Northumbria Police,-1.468171,55.015602,On or near Supermarket,E01008526,North Tyneside 020C,Investigation complete; no suspect identified
7f0723e59f0c608c14f8a5fce5bde1bd0fdc9acce80687124e71b1ea551f9bd4,2014-10,Northumbria Police,Northumbria Police,-1.465427,54.963263,On or near Supermarket,E01008603,South Tyneside 014B,Suspect charged
88e530ad65c95a396f0ede1bc3626c3f222dcf1997e5f7928996e83179f5cad5,2014-10,Northumbria Police,Northumbria Police,-1.602907,54.981339,On or near Petrol Station,E01008407,Newcastle upon Tyne 023B,Suspect charged
88e530ad65c95a396f0ede1bc3626c3f222dcf1997e5f7928996e83179f5cad5,2014-10,Northumbria Police,Northumbria Police,-1.602907,54.981339,On or near Petrol Station,E01008407,Newcastle upon Tyne 023B,Suspect charged
fc081a71805545eb19afa8f8bbfc5cdb1e185e9196e7a26f6cd48310172a28ae,2014-10,Northumbria Police,Northumbria Police,-2.016873,55.777201,On or near CASTLE TERRACE,E01027378,Northumberland 002A,Investigation complete; no suspect identified
86db1e742641ee3571ccca020d10af109a66f218e6737c7a1a7a6090d28f6365,2014-10,Northumbria Police,Northumbria Police,-1.637189,54.967401,On or near WARRINGTON ROAD,E01008438,Newcastle upon Tyne 029G,Suspect charged
c7a8884e1cd7336ab66b690655add8b99d59f84c231e072d5a6bec7297018125,2014-10,Northumbria Police,Northumbria Police,-1.583002,55.085216,On or near PARADISE ROW,E01027409,Northumberland 029B,Suspect charged
c7a8884e1cd7336ab66b690655add8b99d59f84c231e072d5a6bec7297018125,2014-10,Northumbria Police,Northumbria Police,-1.583002,55.085216,On or near PARADISE ROW,E01027409,Northumberland 029B,Suspect charged
676a11eb512674ff278a02dc095d3f8e997a64d3faeb57359ccfc0e9343be54e,2014-10,Northumbria Police,Northumbria Police,-1.534379,54.990406,On or near FRANK STREET,E01008575,North Tyneside 030E,Investigation complete; no suspect identified
218ee8a5397ffafdebaf1d328207d6cc9c5eb9cb98dbf619cc637d2b238f81d1,2014-10,Northumbria Police,Northumbria Police,-1.495013,54.959076,On or near SCARBOROUGH PARADE,E01008658,South Tyneside 015F,Investigation complete; no suspect identified
450f23353048562a72ffd2c8b916aa95a26353b74d6b24b83862960580083d2d,2014-10,Northumbria Police,Northumbria Police,-1.503952,55.010586,On or near MIDDLE ENGINE LANE,E01008468,North Tyneside 021D,Investigation complete; no suspect identified
64e130a21c58016c363f6575ddd798500a1362213bc5d7e4c198c65b4eec2e99,2014-10,Northumbria Police,Northumbria Police,-1.707013,55.408070,On or near HOPE HOUSE LANE,E01033717,Northumberland 005E,Investigation complete; no suspect identified
7ec0c85eb9a6cdbb20a65e954b8c1245343f132f0c866c355ac3fdc46fae45cc,2014-10,Northumbria Police,Northumbria Police,-1.377925,54.915273,On or near DIXON'S SQUARE,E01008791,Sunderland 006F,Investigation complete; no suspect identified
e915922a452695851c1a9b1d890387d45578ccbfb24b46dcf9640f8b2d0e6261,2014-10,Northumbria Police,Northumbria Police,-1.643107,54.969332,On or near BENTINCK STREET,E01008333,Newcastle upon Tyne 029C,Suspect charged
e2732b12afb9e89b0912715423c77fe893c628b9b249ab658b9e0b6f327e0dde,2014-10,Northumbria Police,Northumbria Police,-1.544823,54.954186,On or near JOICEY STREET,E01008244,Gateshead 003D,Suspect charged
f56634f1b124a3cd470bc96a0cbc5c5fd96653ee2367538256090e72ea966cdb,2014-10,Northumbria Police,Northumbria Police,-1.697630,54.993231,On or near Supermarket,E01008325,Newcastle upon Tyne 015B,Suspect charged
7a3ae0759e4d637a412b9d3bd2fe218ee7fe948292da25817175740b8a43cb23,2014-10,Northumbria Police,Northumbria Police,-1.584298,55.102276,On or near KESTON DRIVE,E01027402,Northumberland 027C,Investigation complete; no suspect identified
50e6a55dd5fba8312119c37e9c37d0151359b5007b010a52374ccd6acf300c10,2014-10,Northumbria Police,Northumbria Police,-1.442849,54.979768,On or near GREATHEAD STREET,E01008671,South Tyneside 012C,Suspect charged
f2f92437bf95b04b0b58fa3da7dbd2be3d3b07cea8fcdc7274eba344f1e7b37e,2014-10,Northumbria Police,Northumbria Police,-1.545025,54.955616,On or near ROTHBURY AVENUE,E01008244,Gateshead 003D,Suspect charged
db41fb22404fedf00f0e358631b7ccf75b3041f4ceab4422acdbf7cdd5838a98,2014-10,Northumbria Police,Northumbria Police,-1.502179,55.118377,On or near CHAMBERLAIN STREET,E01027441,Northumberland 023D,Investigation complete; no suspect identified
131ea651145f5972f9e97d83db01a2fe0838418521fc1eb4b61372daf7fbcb87,2014-10,Northumbria Police,Northumbria Police,-1.638866,54.968493,On or near ELSWICK ROAD,E01008438,Newcastle upon Tyne 029G,Investigation complete; no suspect identified
4cfeed5c497e73844e1ce15065f3d4321df5ca5c2b5d402bd56a512ddd81db86,2014-10,Northumbria Police,Northumbria Police,-1.618573,54.972026,On or near DISPENSARY LANE,E01033543,Newcastle upon Tyne 024G,Investigation complete; no suspect identified
d39b247e2b8e74303ebe45690cbd0be63fc2d768eb8d075e906cf74275997a08,2014-10,Northumbria Police,Northumbria Police,-1.617134,54.972264,On or near NEWGATE STREET,E01033543,Newcastle upon Tyne 024G,Investigation complete; no suspect identified
6029ceee51d073c67290aab1813036c62161d9a0e09973a2da0e11ec3698d50d,2014-10,Northumbria Police,Northumbria Police,-1.641119,54.971537,On or near MILL LANE,E01008331,Newcastle upon Tyne 029A,Offender given a caution
148c4e11ce1e1b45d4fbe5b893b1049ad531fa7b29bb2509bd39dbe72223bee6,2014-10,Northumbria Police,Northumbria Police,-1.582893,54.960002,On or near Supermarket,E01008214,Gateshead 003A,Investigation complete; no suspect identified
13ca6e9abee1d4ad11d8b623fa05c2fb30922e10e5811b933854c6fb65428725,2014-10,Northumbria Police,Northumbria Police,-1.595036,55.184193,On or near DEVON CLOSE,E01027525,Northumberland 012B,Offender given a caution
fc5b2b02a060229f4c4d63210c89ea9fe1c0227129c87bfbc6405160cb0452bf,2014-10,Northumbria Police,Northumbria Police,-1.460001,54.946255,On or near LAWSON COURT,E01008613,South Tyneside 021D,Investigation complete; no suspect identified
b3cb9252b37d3a7512112ee4c70087c0bdde959d011cc845b3cce8dd2b915d21,2014-10,Northumbria Police,Northumbria Police,-1.531682,54.991187,On or near CHESTNUT STREET,E01008573,North Tyneside 029B,Investigation complete; no suspect identified
343feafb76aef1b19f5045dfe1272db38440bdac2b9e30697c20e044728ee558,2014-10,Northumbria Police,Northumbria Police,-1.626957,55.001176,On or near ELMFIELD SQUARE,E01008420,Newcastle upon Tyne 005D,Investigation complete; no suspect identified
d00319575fe188fba8d9b1745d3ccba8ea26483d2e6e08e140fde29fb9f6d4b4,2014-10,Northumbria Police,Northumbria Police,-1.490839,55.008878,On or near ORION WAY,E01008481,North Tyneside 023A,Suspect charged
a8c30a5d032b75a89659b99a9659bc30266b2ba27771d6ea7d5165ac8447f828,2014-10,Northumbria Police,Northumbria Police,-1.403049,54.870368,On or near CAMBRIDGE ROAD,E01033077,Sunderland 027F,Suspect charged
5acfdfb3872dc1f4419c1b7b3f72a38c9768e4bdf06d306ec79ff1c69ec343a4,2014-10,Northumbria Police,Northumbria Police,-1.539666,54.912164,On or near ROSSE CLOSE,E01008879,Sunderland 010D,Suspect charged
049b599232bce51270c30b1ed2953fc80a5e1746804231ace76b774e1a74a6b1,2014-10,Northumbria Police,Northumbria Police,-1.430614,54.985310,On or near SOUTHEY STREET,E01008683,South Tyneside 005D,Investigation complete; no suspect identified
e3ab205eb92225f0d3219cb49b62d6eb6cd6d91c5091deee45bbf0a196b04616,2014-10,Northumbria Police,Northumbria Police,-1.686085,54.988592,On or near TIRRIL PLACE,E01008345,Newcastle upon Tyne 019C,Investigation complete; no suspect identified
bde1d1001771bf05cb225f5022f562fd32cdc4fa1ed8f62b1b8cad6e3f567afb,2014-10,Northumbria Police,Northumbria Police,-1.438417,54.974850,On or near STODDART STREET,E01008591,South Tyneside 011B,Investigation complete; no suspect identified
4bda283fff92716cac3bc64f34939dfcd5fb93596e51d28c7f94cc2415a71068,2014-10,Northumbria Police,Northumbria Police,-1.540490,54.900018,On or near COMPTON COURT,E01008867,Sunderland 020A,Investigation complete; no suspect identified
23a0f981f9c5ad93e192257d2a681d1647bcd8aebaec0ab3f532dee04c88b5d8,2014-10,Northumbria Police,Northumbria Police,-1.371237,54.937004,On or near Petrol Station,E01008723,Sunderland 002A,Investigation complete; no suspect identified
15b8f30aadf6d0512cdf16e52a62caab82507167af94593143bff8b34bb715c0,2014-10,Northumbria Police,Northumbria Police,-1.512453,55.126991,On or near Parking Area,E01027415,Northumberland 023B,Suspect charged
962170234389a3121f5d2c5b5efadcf589d52f157b66c30d99ce906d45fefdb6,2014-10,Northumbria Police,Northumbria Police,-1.425338,54.873234,On or near ASHWELL ROAD,E01008773,Sunderland 026A,Suspect charged
962170234389a3121f5d2c5b5efadcf589d52f157b66c30d99ce906d45fefdb6,2014-10,Northumbria Police,Northumbria Police,-1.425338,54.873234,On or near ASHWELL ROAD,E01008773,Sunderland 026A,Suspect charged
9d54adfeaa358bfda0381db477ac6e5384da4d3bb92317b4732fbaaf3fc04765,2014-10,Northumbria Police,Northumbria Police,-1.582206,54.953997,On or near HOWARD STREET,E01008164,Gateshead 027B,Investigation complete; no suspect identified
362595a737f7f861c9f1321c5f8eae2647541056195feab297d0c3c72eca8406,2014-10,Northumbria Police,Northumbria Police,-1.378495,54.906604,On or near WEST SUNNISIDE,E01008703,Sunderland 013B,Investigation complete; no suspect identified
3a06edc1bc72eb459f93313b6d025cdd880126a93d10c68ca05f7f25dfbf6e9f,2014-10,Northumbria Police,Northumbria Police,-1.619988,54.972758,On or near Nightclub,E01033543,Newcastle upon Tyne 024G,Investigation complete; no suspect identified
c4ed996e1e17ab9beb7ed7757b71ed040afbcea27fdb05ad9a8004874374f8ba,2014-10,Northumbria Police,Northumbria Police,-1.428718,54.992329,On or near ELIZABETH STREET,E01008668,South Tyneside 002E,Suspect charged
26f7e7734477f2d555b351fb822eba067b8c263fff99a11fa5e058367cddc6dc,2014-10,Northumbria Police,Northumbria Police,-1.640113,54.970573,On or near SCEPTRE PLACE,E01008331,Newcastle upon Tyne 029A,Investigation complete; no suspect identified
426e95f02e521b4fdcb4d62f5ded4266e7265252b8ba8398a6205b338e7231ec,2014-10,Northumbria Police,Northumbria Police,-1.468087,54.964065,On or near ABERDEEN DRIVE,E01008603,South Tyneside 014B,Investigation complete; no suspect identified
426e95f02e521b4fdcb4d62f5ded4266e7265252b8ba8398a6205b338e7231ec,2014-10,Northumbria Police,Northumbria Police,-1.468087,54.964065,On or near ABERDEEN DRIVE,E01008603,South Tyneside 014B,Suspect charged
6f5b2d76e899b95c32f09945411eef3de7415595a7670226554ceb4effcd6475,2014-10,Northumbria Police,Northumbria Police,-1.674713,54.991770,On or near FULWELL GREEN,E01008299,Newcastle upon Tyne 011D,Investigation complete; no suspect identified
b570b2b86da7b5a9bcf57832eb9a04ef56ffbbb70f05d8d6c4711a85abb7e96f,2014-10,Northumbria Police,Northumbria Police,-1.452770,54.969488,On or near Supermarket,E01008669,South Tyneside 012B,Investigation complete; no suspect identified
9e245f7c52038a67abc2a0c52d0918e1d77e7909318e857b1c80406bbe083366,2014-10,Northumbria Police,Northumbria Police,-1.368906,54.892437,On or near ST ALBAN'S STREET,E01008738,Sunderland 016E,Investigation complete; no suspect identified
e8d9905a7df6679257c827bf9e24bb888c044e0ce0aea0bba8999d2b8d4c5889,2014-10,Northumbria Police,Northumbria Police,-1.716981,54.995308,On or near Shopping Area,E01008447,Newcastle upon Tyne 031F,Investigation complete; no suspect identified
d6ad84436a36c312715c771767fb94d06b6542d4d5ef6afb13ba4062d2a1927a,2014-10,Northumbria Police,Northumbria Police,-1.520888,54.909342,On or near SPOUT LANE,E01008853,Sunderland 009A,Investigation complete; no suspect identified
1dcb199bae307dae120fba71665490b35c33644aa05ad9cfe7582a7632277b5a,2014-10,Northumbria Police,Northumbria Police,-1.673905,54.998975,On or near REDCLIFFE WAY,E01008298,Newcastle upon Tyne 011C,Investigation complete; no suspect identified
9c374def2ff3f47ec17e5b888047dcbca773626eb597b0adc0db3baa9c4dd3d1,2014-10,Northumbria Police,Northumbria Police,-1.654390,55.181464,On or near MITFORD AVENUE,E01027462,Northumberland 011B,Suspect charged
3fbde95b40a9c21aca0bca690d81391e3b1bf034f2bfc4c7d57585fd63d61783,2014-10,Northumbria Police,Northumbria Police,-1.611738,54.969722,On or near ST NICHOLAS' STREET,E01033545,Newcastle upon Tyne 024H,Suspect charged
bb62479542f379ec8ca20fb8b1a93664723b9fe6f629eff2ef17021d2feda45d,2014-10,Northumbria Police,Northumbria Police,-1.611738,54.969722,On or near ST NICHOLAS' STREET,E01033545,Newcastle upon Tyne 024H,Suspect charged
7a6bec5cee099e3f191d3627555d621dcf2693f61fa1aadab114414e91f722f6,2014-10,Northumbria Police,Northumbria Police,-1.611738,54.969722,On or near ST NICHOLAS' STREET,E01033545,Newcastle upon Tyne 024H,Suspect charged
c46f1a11576cd530315cd5737a78151b13729522d9a1b191b3a9cff041c3473c,2014-10,Northumbria Police,Northumbria Police,-1.611738,54.969722,On or near ST NICHOLAS' STREET,E01033545,Newcastle upon Tyne 024H,Suspect charged
7c23b02faa6248c28ef84122c9efb3f86f48f066098d4e5b293ac5fc3c34ae65,2014-10,Northumbria Police,Northumbria Police,-1.611738,54.969722,On or near ST NICHOLAS' STREET,E01033545,Newcastle upon Tyne 024H,Suspect charged
7c23b02faa6248c28ef84122c9efb3f86f48f066098d4e5b293ac5fc3c34ae65,2014-10,Northumbria Police,Northumbria Police,-1.611738,54.969722,On or near ST NICHOLAS' STREET,E01033545,Newcastle upon Tyne 024H,Investigation complete; no suspect identified
7c23b02faa6248c28ef84122c9efb3f86f48f066098d4e5b293ac5fc3c34ae65,2014-10,Northumbria Police,Northumbria Police,-1.611738,54.969722,On or near ST NICHOLAS' STREET,E01033545,Newcastle upon Tyne 024H,Investigation complete; no suspect identified
8e0048214b201b2eadf7c0984247d2cca5d1334efe09554fdbf286d309ecd103,2014-10,Northumbria Police,Northumbria Police,-1.512352,55.023219,On or near QUICKSILVER WAY,E01008570,North Tyneside 011D,Investigation complete; no suspect identified
dfd1f4ea511664bf00404913cd3f3bde06231d500f45881930b861770308e038,2014-10,Northumbria Police,Northumbria Police,-1.509055,55.123985,On or near RICHARD STREET,E01027414,Northumberland 023A,Investigation complete; no suspect identified
0673f0602b0626417bea8c5905b25cd9090a271fbd07a2f0194c891a27622a07,2014-10,Northumbria Police,Northumbria Police,-1.612359,54.952227,On or near BALFOUR STREET,E01008171,Gateshead 008D,Suspect charged
f53bfc342dc5e614265da01441fbd25c0e6871a8c8da178e653216d4e9c7497e,2014-10,Northumbria Police,Northumbria Police,-1.539666,54.912164,On or near ROSSE CLOSE,E01008879,Sunderland 010D,Suspect charged
5d362cffe05f897a2ce67b41832153d9b57df00a1bdbf53024606a829cab69b5,2014-10,Northumbria Police,Northumbria Police,-1.597095,55.134085,On or near OAKAPPLE CLOSE,E01027516,Northumberland 021B,Investigation complete; no suspect identified
a4020e90c45a45b5684e024f3506e1d6ddeb1b37bc737de6ddfbe96d108a5617,2014-10,Northumbria Police,Northumbria Police,-1.611738,54.969722,On or near ST NICHOLAS' STREET,E01033545,Newcastle upon Tyne 024H,Suspect charged
a4020e90c45a45b5684e024f3506e1d6ddeb1b37bc737de6ddfbe96d108a5617,2014-10,Northumbria Police,Northumbria Police,-1.611738,54.969722,On or near ST NICHOLAS' STREET,E01033545,Newcastle upon Tyne 024H,Suspect charged
644e3fffee9aab52c2cfa4d6a94df68123b94eb1ee8e4f05d4c87e06068dcce9,2014-10,Northumbria Police,Northumbria Police,-1.440475,54.896436,On or near Shopping Area,E01008810,Sunderland 014A,Investigation complete; no suspect identified
763ad3cd6791f3651905a445ec70bac134703976e418a437ff84235ab343a2b4,2014-10,Northumbria Police,Northumbria Police,-1.621136,54.903810,On or near ASHVALE AVENUE,E01008226,Gateshead 025D,Investigation complete; no suspect identified
bf5b5ab4e1684cd04d38a80559c7b45758aa90ed37e9c8b5f8ac8e721353febd,2014-10,Northumbria Police,Northumbria Police,-1.403532,54.918942,On or near MOUNT PLEASANT,E01033075,Sunderland 005G,Investigation complete; no suspect identified
ef1a1089deb6646fea22acd80769a7eb4d8d5c93db1b16d894f475db4841b138,2014-10,Northumbria Police,Northumbria Police,-1.621934,54.968460,On or near WESTMORLAND ROAD,E01033545,Newcastle upon Tyne 024H,Suspect charged
ef1a1089deb6646fea22acd80769a7eb4d8d5c93db1b16d894f475db4841b138,2014-10,Northumbria Police,Northumbria Police,-1.621934,54.968460,On or near WESTMORLAND ROAD,E01033545,Newcastle upon Tyne 024H,Suspect charged
96b3f1a756cc123f8abe4277a6ced857144501585b2dbdccc6b362edabeb6158,2014-10,Northumbria Police,Northumbria Police,-2.004051,55.154528,On or near EASTLANDS,E01027479,Northumberland 019A,Investigation complete; no suspect identified
4fc637b781cb6cd31553a01a2cea7149418901a3076a20d795b4fcdfbc8af9a1,2014-10,Northumbria Police,Northumbria Police,-1.415888,54.895224,On or near ETTRICK GROVE,E01008761,Sunderland 015D,Investigation complete; no suspect identified
acec0b549b65a44216230fe0152cf73f1fc8f2f569ef0adf8923b601aa20b63f,2014-10,Northumbria Police,Northumbria Police,-1.494135,54.971833,On or near REDE STREET,E01008657,South Tyneside 009F,Investigation complete; no suspect identified
58d1beb0fd762210c3bcc66d6f63ab6407bf1fd333b8eefd4d7c8b646e9ba9dc,2014-10,Northumbria Police,Northumbria Police,-1.601188,54.954528,On or near HARTINGTON STREET,E01008163,Gateshead 028A,Investigation complete; no suspect identified
b59661e7a29c0eb43fcac2b2874caa7b6a36309deb39107ba52641c75bd21745,2014-10,Northumbria Police,Northumbria Police,-1.517491,55.182545,On or near CLEVELAND TERRACE,E01027544,Northumberland 009D,Investigation complete; no suspect identified
68c41d558b771a4808e8d6663f73a2d22ba35261fa2dbee89e76231e4b5dc0e0,2014-10,Northumbria Police,Northumbria Police,-1.587885,54.994167,On or near Further/Higher Educational Building,E01008315,Newcastle upon Tyne 012B,Suspect charged
d4423edda4a47b3d98efe0cedd13a1ee884aabae067624fef1f5b88d23dae600,2014-10,Northumbria Police,Northumbria Police,-1.772562,54.973354,On or near GRANGE LONNEN,E01008245,Gateshead 002F,Offender given a caution
d4423edda4a47b3d98efe0cedd13a1ee884aabae067624fef1f5b88d23dae600,2014-10,Northumbria Police,Northumbria Police,-1.772562,54.973354,On or near GRANGE LONNEN,E01008245,Gateshead 002F,Offender given a caution
d4423edda4a47b3d98efe0cedd13a1ee884aabae067624fef1f5b88d23dae600,2014-10,Northumbria Police,Northumbria Police,-1.772562,54.973354,On or near GRANGE LONNEN,E01008245,Gateshead 002F,Offender given a caution
804dd52faec66908fb83e3466aa6dced89416efa61aa01cb9e1d1f9d60e01233,2014-10,Northumbria Police,Northumbria Police,-1.371389,54.897185,On or near BAMBRO' STREET,E01008736,Sunderland 016C,Investigation complete; no suspect identified
ad84d45867c304725cd49026102337321cdc79327eba9fd1a3d411bc8600a7f8,2014-10,Northumbria Police,Northumbria Police,-1.392416,54.918455,On or near BYRON STREET,E01008709,Sunderland 005B,Offender given a drugs possession warning
6104c512763c601303a3419dbbda017490bd23276d25bf049ffe73a2a9d468c0,2014-10,Northumbria Police,Northumbria Police,-1.440837,54.969380,On or near SWALLOW TAIL COURT,E01008594,South Tyneside 011D,Investigation complete; no suspect identified
c91231bcf52ee2e5c7d644fb9cb21c0532f1a71411dad8df343459b1366b7eaa,2014-10,Northumbria Police,Northumbria Police,-1.534379,54.990406,On or near FRANK STREET,E01008575,North Tyneside 030E,Suspect charged
59f7c12211844f588fedc22493a6ce106e69d217af659df1e457a30983149ca5,2014-10,Northumbria Police,Northumbria Police,-1.628304,54.953571,On or near ABBEYFIELD CLOSE,E01008258,Gateshead 007C,Investigation complete; no suspect identified
bd2cd6c2597bbed229b7146ffa142892585ce696553e0f00581e437636b6966d,2014-10,Northumbria Police,Northumbria Police,-1.655065,54.977437,On or near SHIPLEY AVENUE,E01008349,Newcastle upon Tyne 019G,Investigation complete; no suspect identified
8a5c69811081e2f81c8112b542d5e9519e78357deca235e62e2d14d2491d0e7d,2014-10,Northumbria Police,Northumbria Police,-1.548148,55.002994,On or near BIGGES GARDENS,E01008532,North Tyneside 025B,Suspect charged
8a5c69811081e2f81c8112b542d5e9519e78357deca235e62e2d14d2491d0e7d,2014-10,Northumbria Police,Northumbria Police,-1.548148,55.002994,On or near BIGGES GARDENS,E01008532,North Tyneside 025B,Suspect charged
6f37f9267ffee243141e9d2039246166ed2b4de0bc7571c2caf5f6949d6d6d13,2014-10,Northumbria Police,Northumbria Police,-1.618773,54.922871,On or near Parking Area,E01008226,Gateshead 025D,Investigation complete; no suspect identified
3b44903f3a1828456af173b730221267d02cacfd1767257919bc506cefed93a6,2014-10,Northumbria Police,Northumbria Police,-1.387978,54.903462,On or near ALBION PLACE,E01008831,Sunderland 013D,Investigation complete; no suspect identified
84118c3c89ed7e5bf6c1165f22fad8123e3141959a24221fede9eea86d11e17d,2014-10,Northumbria Police,Northumbria Police,-1.550917,55.037790,On or near DARDEN CLOSE,E01008504,North Tyneside 002C,Investigation complete; no suspect identified
a257b681e5f631972eda582b502c20c67021304b01caf7a4c79f7262cfbcd1c5,2014-10,Northumbria Police,Northumbria Police,-1.600562,55.135606,On or near FORUM COURT,E01027520,Northumberland 021C,Suspect charged
af73582b4f314a64823ffd82ab2badeeba76f9ba6c80f63b804b8dc54341a527,2014-10,Northumbria Police,Northumbria Police,-1.434584,54.996427,On or near Parking Area,E01008667,South Tyneside 002D,Suspect charged
1f8366b8a6bf26c97379c78c20552d3052cae157ce5923b9d25a86d706ed50ca,2014-10,Northumbria Police,Northumbria Police,-1.615061,54.975034,On or near Shopping Area,E01008397,Newcastle upon Tyne 024C,Suspect charged
2698dcb2d0a871610fa82df6d9e933d2c96a4cb04920acd32c61f4a5f50d92ca,2014-10,Northumbria Police,Northumbria Police,-1.690683,54.990131,On or near CORSENSIDE,E01008327,Newcastle upon Tyne 015D,Investigation complete; no suspect identified
65720ee270bd3ca0984c1dd73e09aeaf33a62242aa6221e35d4899301f93fc26,2014-10,Northumbria Police,Northumbria Police,-1.391179,54.908420,On or near Parking Area,E01008700,Sunderland 013A,Investigation complete; no suspect identified
65720ee270bd3ca0984c1dd73e09aeaf33a62242aa6221e35d4899301f93fc26,2014-10,Northumbria Police,Northumbria Police,-1.391179,54.908420,On or near Parking Area,E01008700,Sunderland 013A,Investigation complete; no suspect identified
3ff4ceb94a299cbd61ed3733b73d2a9ddbbeba9365a00a38be8d2f27e9dc00b2,2014-10,Northumbria Police,Northumbria Police,-1.522643,54.888842,On or near Sports/Recreation Area,E01008850,Sunderland 017D,Local resolution
e3da25951e47588610ac84e9e4a434a563ea0269e14f95c97421eee7e9ec72cc,2014-10,Northumbria Police,Northumbria Police,-1.582263,54.977128,On or near FLORA STREET,E01008303,Newcastle upon Tyne 018A,Suspect charged
9a7137c6342b3b3f8fc6d7b0e1308d1ea5a3b748f51b72324dd0c57a9a18d3ee,2014-10,Northumbria Police,Northumbria Police,-1.376350,54.880918,On or near ELLESMERE COURT,E01008780,Sunderland 024D,Suspect charged as part of another case
b0a52ed6543da2604268b13938249054e9135e80bf26340b9cfa56d4526c654a,2014-10,Northumbria Police,Northumbria Police,-1.534365,54.898368,On or near Parking Area,E01008848,Sunderland 019C,Investigation complete; no suspect identified
cdf69d8e336c7021d5d568810cc39b7a045452b3e5191dc17d097b0c46495f55,2014-10,Northumbria Police,Northumbria Police,-1.665388,55.006167,On or near MALLOWBURN CRESCENT,E01008295,Newcastle upon Tyne 008A,Investigation complete; no suspect identified
097630d58ef110b923ff9b9b82ed6b1809895145ddbc9fa54e603b155e12011e,2014-10,Northumbria Police,Northumbria Police,-1.603407,55.005065,On or near MILL RISE,E01008424,Newcastle upon Tyne 005F,Suspect charged
8422a2648621e364b56f5dd293974aa58c316601f1851f5c4fa8ed6283dbeb74,2014-10,Northumbria Police,Northumbria Police,-1.361766,54.880600,On or near MILLTHORP CLOSE,E01008741,Sunderland 024B,Suspect charged as part of another case
ce55c220813f86468ee1afbe6c794dfb34c87b1f195ed062497b4e3745be4dc3,2014-10,Northumbria Police,Northumbria Police,-2.096104,54.972360,On or near Sports/Recreation Area,E01027494,Northumberland 035G,Suspect charged
61e1b6253d31d28fab7caa0ce11fc1f3fdc600903c3ac4b8f075b1c190b6be8b,2014-10,Northumbria Police,Northumbria Police,-1.376962,54.900854,On or near PEEL STREET,E01008834,Sunderland 013E,Suspect charged
76990a3e296268ff07248b74a58ed45bfdacbef5a547315c6c3869caf7fe97cb,2014-10,Northumbria Police,Northumbria Police,-1.446737,54.888934,On or near GARTLAND ROAD,E01008729,Sunderland 021A,Investigation complete; no suspect identified
fbe6a0f995077cb9d9a7443da408174463f39daa58b6cea2a8672d4640ff6be0,2014-10,Northumbria Police,Northumbria Police,-1.406222,54.928049,On or near EAMES COURT,E01008712,Sunderland 004A,Suspect charged
1b1a37a2b93ba300b42b5f8f9c5c4d580766087eb6eb1762d2cc9b8e909de9db,2014-10,Northumbria Police,Northumbria Police,-1.629874,55.003611,On or near THORNFIELD ROAD,E01008421,Newcastle upon Tyne 006F,Suspect charged
b490de0eb0244d7335e17e5cc2616e0282c8231ffd3e10697991733ccc5c9d28,2014-10,Northumbria Police,Northumbria Police,-1.529878,54.989140,On or near BUDDLE STREET,E01008575,North Tyneside 030E,Investigation complete; no suspect identified
44e10049ed70080a01064c325c930422580c6262287b296061230cdf569305f4,2014-10,Northumbria Police,Northumbria Police,-1.422369,54.903217,On or near FORDHAM SQUARE,E01008756,Sunderland 012A,Suspect charged
81c76b364f7ec19e60f2469d42ec3e0c773c96abd88f53fdac916a8360b0c81d,2014-10,Northumbria Police,Northumbria Police,-1.445541,55.042891,On or near YORK ROAD,E01008584,North Tyneside 006A,Investigation complete; no suspect identified
a5739cec202f2a034a549dcf754dc13818ca4814d2fa12d2db3e2a88aedcfbcb,2014-10,Northumbria Police,Northumbria Police,-1.438688,54.973369,On or near STRAKER TERRACE,E01008590,South Tyneside 011A,Investigation complete; no suspect identified
a36f0dc80595f93f957b1735a62715c31f233fa03feac5de2127c0483c647e30,2014-10,Northumbria Police,Northumbria Police,-1.623571,54.980470,On or near RICHARDSON ROAD,E01008395,Newcastle upon Tyne 024B,Investigation complete; no suspect identified
a36f0dc80595f93f957b1735a62715c31f233fa03feac5de2127c0483c647e30,2014-10,Northumbria Police,Northumbria Police,-1.623571,54.980470,On or near RICHARDSON ROAD,E01008395,Newcastle upon Tyne 024B,Investigation complete; no suspect identified
a36f0dc80595f93f957b1735a62715c31f233fa03feac5de2127c0483c647e30,2014-10,Northumbria Police,Northumbria Police,-1.623571,54.980470,On or near RICHARDSON ROAD,E01008395,Newcastle upon Tyne 024B,Investigation complete; no suspect identified
4d18b63c3faa874d25501ad3804d51a848287a9f6ead313e161c9c49c201cbbe,2014-10,Northumbria Police,Northumbria Police,-1.433531,54.863522,On or near Bus/Coach Station,E01008775,Sunderland 029C,Investigation complete; no suspect identified
030b143ecdb4ea5309ed6a1d07f1d94e6fd6608f5a3cd90288a65cd2c38724ab,2014-10,Northumbria Police,Northumbria Police,-1.505827,55.037373,On or near Sports/Recreation Area,E01008567,North Tyneside 007D,Offender given a caution
030b143ecdb4ea5309ed6a1d07f1d94e6fd6608f5a3cd90288a65cd2c38724ab,2014-10,Northumbria Police,Northumbria Police,-1.505827,55.037373,On or near Sports/Recreation Area,E01008567,North Tyneside 007D,Offender given a caution
09194bf3136b54cb80a33d1b328044cb65bf9fbabc19dd4ef3e1b7c2a00c5a00,2014-10,Northumbria Police,Northumbria Police,-1.659965,54.976273,On or near Petrol Station,E01008334,Newcastle upon Tyne 029D,Local resolution
3ffdc499ce5b493fff50d5e77c6d14aaf6debaf01e5e14a361508b2eda572d51,2014-10,Northumbria Police,Northumbria Police,-1.368232,54.926573,On or near DAVID GARDENS,E01008792,Sunderland 002E,Suspect charged
baead8d5b6bc0c798990f1113037fc46dff7b8b9b7bca833900fb42c69816709,2014-10,Northumbria Police,Northumbria Police,-1.514247,55.026857,On or near TURNER STREET,E01008570,North Tyneside 011D,Investigation complete; no suspect identified
fed35226c536e4f173045b46b750b8bda0ff7dc688bc64c7d747e6938daf2ec9,2014-10,Northumbria Police,Northumbria Police,-1.389994,54.977475,On or near WALWORTH AVENUE,E01008637,South Tyneside 008D,Investigation complete; no suspect identified
dc007d36ee37f8b627a14e6ce5b785ff3f6215b5b48ff377993f755d075d6e12,2014-10,Northumbria Police,Northumbria Police,-1.393450,54.901530,On or near ALBERT COURT,E01008831,Sunderland 013D,Investigation complete; no suspect identified
8e6842699025cf37576f8bce99c6b31832f7ac1491fbf99c8692d78fbdac6046,2014-10,Northumbria Police,Northumbria Police,-1.429923,54.964647,On or near MANET GARDENS,E01008692,South Tyneside 019E,Investigation complete; no suspect identified
f94e912f7dbc63656c1247650b68541848199a7d8d1f05cd5139b1ed98ea87f3,2014-10,Northumbria Police,Northumbria Police,-1.429170,54.884377,On or near TAUNTON SQUARE,E01008829,Sunderland 023G,Suspect charged
7d233650d25261740b97ed10806471a03190b996fdf5dd765e758719d3360c6d,2014-10,Northumbria Police,Northumbria Police,-1.791637,54.964115,On or near BANK TOP,E01008198,Gateshead 002C,Offender given a caution
f651d46ff69eb5d4ad123fd57eabc74329ba3ccfbff4e2bd6bc18d63e2022829,2014-10,Northumbria Police,Northumbria Police,-1.432707,54.945465,On or near Parking Area,E01008617,South Tyneside 023C,Investigation complete; no suspect identified
d27c60d3970f12801ba6a8fe31b02d5c2e436383191b0148d2d08d82323a2fb7,2014-10,Northumbria Police,Northumbria Police,-1.662904,54.987325,On or near OVINGTON GROVE,E01008451,Newcastle upon Tyne 016C,Investigation complete; no suspect identified
25b6dbd5b596febefd292d3c26104455faefaa5e10bd599188ad750e4182fca3,2014-10,Northumbria Police,Northumbria Police,-1.566051,54.917213,On or near THOMAS STREET,E01008225,Gateshead 021D,Investigation complete; no suspect identified
1d20310f516b30f672b3d90f70f6f17c279056df024ad37fb5bdd9e3b1e12acc,2014-10,Northumbria Police,Northumbria Police,-1.770556,55.335745,On or near ALNWICK FORDS,E01027370,Northumberland 006E,Suspect charged
f852cce67bc9fa0c8424beb400d1e95c5c52f2277145ce24da97dd0da362fa4d,2014-10,Northumbria Police,Northumbria Police,-1.786951,54.967126,On or near MAIN STREET,E01008199,Gateshead 002D,Offender given a caution
712706ba3b0663a7eb75e8dd81f362b59b5fedb3fc5ce4e6529f3f117d2c8b57,2014-10,Northumbria Police,Northumbria Police,-1.517968,55.130041,On or near DURBAN STREET,E01027416,Northumberland 022C,Suspect charged
8ac794295e51cb920c7316935479bd99275cbdb84e0b8b8e131f14122d930205,2014-10,Northumbria Police,Northumbria Police,-1.600435,54.972228,On or near GRENVILLE TERRACE,E01033548,Newcastle upon Tyne 023G,Suspect charged
8ac794295e51cb920c7316935479bd99275cbdb84e0b8b8e131f14122d930205,2014-10,Northumbria Police,Northumbria Police,-1.600435,54.972228,On or near GRENVILLE TERRACE,E01033548,Newcastle upon Tyne 023G,Investigation complete; no suspect identified
273360f1bd556757f6b71e00f9ab91d02da28eff657cf046344547f664f2f139,2014-10,Northumbria Police,Northumbria Police,-1.501071,54.961680,On or near CAMPBELL PARK ROAD,E01008658,South Tyneside 015F,Investigation complete; no suspect identified
4ceb83ffbee76e4e8027eb16d0b63b1099d0adb9d1f5394ba33a7edc5b62fdb0,2014-10,Northumbria Police,Northumbria Police,-1.792248,54.997158,On or near Petrol Station,E01027449,Northumberland 034A,Investigation complete; no suspect identified
4ceb83ffbee76e4e8027eb16d0b63b1099d0adb9d1f5394ba33a7edc5b62fdb0,2014-10,Northumbria Police,Northumbria Police,-1.792248,54.997158,On or near Petrol Station,E01027449,Northumberland 034A,Offender given a drugs possession warning
4ceb83ffbee76e4e8027eb16d0b63b1099d0adb9d1f5394ba33a7edc5b62fdb0,2014-10,Northumbria Police,Northumbria Police,-1.792248,54.997158,On or near Petrol Station,E01027449,Northumberland 034A,Investigation complete; no suspect identified
d1c32b51f882c00e47b5e47371143570b244b7dd0f4919de2d8f15f84653781d,2014-10,Northumbria Police,Northumbria Police,-1.424451,54.898275,On or near HEATH SQUARE,E01008758,Sunderland 015B,Investigation complete; no suspect identified
464b0dcf3d6f7c180abab58adfe6df42b37742122dc7e9979740767c1579015d,2014-10,Northumbria Police,Northumbria Police,-1.415207,54.991752,On or near ST VINCENT STREET,E01008648,South Tyneside 004B,Investigation complete; no suspect identified
b2f84af90c8aeb65a45bf38ce671ea5ac47179904adcfb365d081fba1907842c,2014-10,Northumbria Police,Northumbria Police,-1.630380,54.972359,On or near TINDAL STREET,E01008398,Newcastle upon Tyne 022C,Suspect charged
30b6bb10582d8d548535a958fcc273cef9a753792bd0aa2117bb5b156feaa4bd,2014-10,Northumbria Police,Northumbria Police,-1.495052,55.010765,On or near MALLARD WAY,E01008491,North Tyneside 015D,Suspect charged
1101f49333402db09c9586c521c76906fdf63cc3e2b04e2429b02fe81e0d5f6c,2014-10,Northumbria Police,Northumbria Police,-1.562237,55.078754,On or near WELDON ROAD,E01027395,Northumberland 028A,Suspect charged
6d10943537e08e644afe31600404adc3f3a02ea572c2d1990016bae7538a692f,2014-10,Northumbria Police,Northumbria Police,-1.595717,55.293769,On or near LADYBURN WAY,E01027443,Northumberland 008A,Suspect charged
f9425ffe053edeb6a22fc5e95ae7e5a936e02f20bf5b0b86f07bf148dddfe67b,2014-10,Northumbria Police,Northumbria Police,-1.653518,54.970252,On or near AXBRIDGE GARDENS,E01008335,Newcastle upon Tyne 029E,Suspect charged
f9425ffe053edeb6a22fc5e95ae7e5a936e02f20bf5b0b86f07bf148dddfe67b,2014-10,Northumbria Police,Northumbria Police,-1.653518,54.970252,On or near AXBRIDGE GARDENS,E01008335,Newcastle upon Tyne 029E,Suspect charged
bc5d92864fd0167b6151645ddd485e8b984bad52bddd0aecc627fd5c63aff4cd,2014-10,Northumbria Police,Northumbria Police,-1.591042,55.054124,On or near B1321,E01008578,North Tyneside 002D,Investigation complete; no suspect identified
f4f5f1723afdb9a9f2197813443a860939f9530a04443a6bbe9f010e7ea90bdd,2014-10,Northumbria Police,Northumbria Police,-1.421410,54.926586,On or near RAMSGATE ROAD,E01008822,Sunderland 004E,Investigation complete; no suspect identified
5c4053ea9ffca8487ecf20c230c465d703f81cf71faeb3da1de318072991f742,2014-10,Northumbria Police,Northumbria Police,-1.579055,54.896869,On or near WEST STREET,E01008175,Gateshead 026D,Suspect charged
9c59a3d2e58d42db4f5bd6364a905627130c876ffcb8fa90879a6d776837b586,2014-10,Northumbria Police,Northumbria Police,-1.579055,54.896869,On or near WEST STREET,E01008175,Gateshead 026D,Investigation complete; no suspect identified
4a190999b6bbc458a5dbd111ca28cee9314cebfee0a51f100f44255b69c02178,2014-10,Northumbria Police,Northumbria Police,-1.569953,54.922843,On or near GALLOPING GREEN FARM CLOSE,E01008225,Gateshead 021D,Investigation complete; no suspect identified
1a5c24611ae60d4cb8c70d940cf6a30a01382d86c3c07da6d544515665472842,2014-10,Northumbria Police,Northumbria Police,-1.581038,55.106794,On or near SCOTT STREET,E01027398,Northumberland 029A,Suspect charged
ac6bce4d8ff3c614622b9e9c7de1475a29fe9556d14acf432fe3d34c50dd50c5,2014-10,Northumbria Police,Northumbria Police,-1.588113,54.955014,On or near MOORE STREET,E01008164,Gateshead 027B,Investigation complete; no suspect identified
034e28b2489b7b9fba67c727956e63d3ad1f0192a6a1abf6e3cb399ef2ad8230,2014-10,Northumbria Police,Northumbria Police,-1.574379,54.985422,On or near Sports/Recreation Area,E01008361,Newcastle upon Tyne 018D,Investigation complete; no suspect identified
729e0814b72eed969c7f718105ed2dcb38c9df9a2383f7e8ade84bac03c0ce83,2014-10,Northumbria Police,Northumbria Police,-1.604153,54.962643,On or near Shopping Area,E01008168,Gateshead 027D,Investigation complete; no suspect identified
729e0814b72eed969c7f718105ed2dcb38c9df9a2383f7e8ade84bac03c0ce83,2014-10,Northumbria Police,Northumbria Police,-1.604153,54.962643,On or near Shopping Area,E01008168,Gateshead 027D,Investigation complete; no suspect identified
41a8fd6ddc56fce65acd616bbe4cf96b14e39c6909597433e41c791529db584e,2014-10,Northumbria Police,Northumbria Police,-1.605193,55.007937,On or near WILLIAM STREET,E01008424,Newcastle upon Tyne 005F,Investigation complete; no suspect identified
0d8701e221cdf136b2e53885a75ab822d4be6e0bf2338d17470cd80b3fb6d2b5,2014-10,Northumbria Police,Northumbria Police,-1.402914,54.920610,On or near THE KING'S ROAD,E01033075,Sunderland 005G,Investigation complete; no suspect identified
e82f8d91bc7e7e0c3c80eaaf323ca2b3fe0a8ef2d76d4dfe5dae21aa34439531,2014-10,Northumbria Police,Northumbria Police,-2.494378,54.897462,On or near EALS BANK,E01027512,Northumberland 037E,Investigation complete; no suspect identified
adc5928d6e08ce011c58e9d32dbd8ce7de4e4ca5fd546ffefa7cb5f35437e7a1,2014-10,Northumbria Police,Northumbria Police,-1.475420,54.997041,On or near ST LUKE'S ROAD,E01008540,North Tyneside 027B,Suspect charged
adc5928d6e08ce011c58e9d32dbd8ce7de4e4ca5fd546ffefa7cb5f35437e7a1,2014-10,Northumbria Police,Northumbria Police,-1.475420,54.997041,On or near ST LUKE'S ROAD,E01008540,North Tyneside 027B,Suspect charged
2c3a733ec76294f28a9fe9005cfaddfc10106797208e266e4fb7040bb1e0462b,2014-10,Northumbria Police,Northumbria Police,-1.475420,54.997041,On or near ST LUKE'S ROAD,E01008540,North Tyneside 027B,Investigation complete; no suspect identified
2c3a733ec76294f28a9fe9005cfaddfc10106797208e266e4fb7040bb1e0462b,2014-10,Northumbria Police,Northumbria Police,-1.475420,54.997041,On or near ST LUKE'S ROAD,E01008540,North Tyneside 027B,Investigation complete; no suspect identified
2c3a733ec76294f28a9fe9005cfaddfc10106797208e266e4fb7040bb1e0462b,2014-10,Northumbria Police,Northumbria Police,-1.475420,54.997041,On or near ST LUKE'S ROAD,E01008540,North Tyneside 027B,Suspect charged
8d99a7c35669827a43a6f65d6764650829bd664f534d1322bae6fac3125e77b6,2014-10,Northumbria Police,Northumbria Police,-1.418551,54.983087,On or near CEMETERY APPROACH,E01008674,South Tyneside 006C,Investigation complete; no suspect identified
7aa81f8a1b77abe17f7610a53d0ac9a7c46e1550565dfa30c9d9d287c14492d2,2014-10,Northumbria Police,Northumbria Police,-1.560994,54.950417,On or near BONDENE AVENUE,E01008216,Gateshead 012C,Investigation complete; no suspect identified
7aa81f8a1b77abe17f7610a53d0ac9a7c46e1550565dfa30c9d9d287c14492d2,2014-10,Northumbria Police,Northumbria Police,-1.560994,54.950417,On or near BONDENE AVENUE,E01008216,Gateshead 012C,Investigation complete; no suspect identified
7aa81f8a1b77abe17f7610a53d0ac9a7c46e1550565dfa30c9d9d287c14492d2,2014-10,Northumbria Police,Northumbria Police,-1.560994,54.950417,On or near BONDENE AVENUE,E01008216,Gateshead 012C,Investigation complete; no suspect identified
7aa81f8a1b77abe17f7610a53d0ac9a7c46e1550565dfa30c9d9d287c14492d2,2014-10,Northumbria Police,Northumbria Police,-1.560994,54.950417,On or near BONDENE AVENUE,E01008216,Gateshead 012C,Investigation complete; no suspect identified
7aa81f8a1b77abe17f7610a53d0ac9a7c46e1550565dfa30c9d9d287c14492d2,2014-10,Northumbria Police,Northumbria Police,-1.560994,54.950417,On or near BONDENE AVENUE,E01008216,Gateshead 012C,Investigation complete; no suspect identified
e06d3cd0a830652e77e24f28ffe3e8e7e02f507a7a04c64a123c6a7a8a29f292,2014-10,Northumbria Police,Northumbria Police,-1.668084,54.961738,On or near DELTA BANK ROAD,E01008209,Gateshead 007A,Investigation complete; no suspect identified
e06d3cd0a830652e77e24f28ffe3e8e7e02f507a7a04c64a123c6a7a8a29f292,2014-10,Northumbria Police,Northumbria Police,-1.668084,54.961738,On or near DELTA BANK ROAD,E01008209,Gateshead 007A,Investigation complete; no suspect identified
a871899529038c73f9999a6299391f431c2502cbdc528f72483e39065058069d,2014-10,Northumbria Police,Northumbria Police,-1.553950,54.933650,On or near WEALCROFT,E01008285,Gateshead 018E,Investigation complete; no suspect identified
a871899529038c73f9999a6299391f431c2502cbdc528f72483e39065058069d,2014-10,Northumbria Police,Northumbria Police,-1.553950,54.933650,On or near WEALCROFT,E01008285,Gateshead 018E,Investigation complete; no suspect identified
2434b8ec26942c88362e7a7f1302200427a79921d93b4b00cfdaed1c87045047,2014-10,Northumbria Police,Northumbria Police,-1.370834,54.937792,On or near Parking Area,E01008723,Sunderland 002A,Investigation complete; no suspect identified
571d34b8ab60baa5c9bdc5eb2ab7c52834bb83acaa43f7f6f6adcca3545b946d,2014-10,Northumbria Police,Northumbria Police,-1.381498,54.898945,On or near BURDON ROAD,E01008834,Sunderland 013E,Investigation complete; no suspect identified
571d34b8ab60baa5c9bdc5eb2ab7c52834bb83acaa43f7f6f6adcca3545b946d,2014-10,Northumbria Police,Northumbria Police,-1.381498,54.898945,On or near BURDON ROAD,E01008834,Sunderland 013E,Investigation complete; no suspect identified
5596386022042b68bf97eeb22a5aa88e09b7e1b0adf1d1353c5df7995effabc8,2014-10,Northumbria Police,Northumbria Police,-1.380886,54.913419,On or near DUNDAS STREET,E01008791,Sunderland 006F,Suspect charged
ae31f24f131a0505d414be42c82de8f4d65d48cb0ba1278066659f32dcf89528,2014-10,Northumbria Police,Northumbria Police,-1.580427,54.982342,On or near ROXBURGH PLACE,E01008362,Newcastle upon Tyne 018E,Investigation complete; no suspect identified
41d794f1b6e3746dae1cc223c16deaf71c097d1a5f5df04b600b537946db88a4,2014-10,Northumbria Police,Northumbria Police,-1.625822,54.971976,On or near CORPORATION STREET,E01033554,Newcastle upon Tyne 024I,Investigation complete; no suspect identified
5673aa7c4bc6618adc8e89bfabbb286fb90a6aeb8523303cbfca5292cac24da5,2014-10,Northumbria Police,Northumbria Police,-1.753132,54.998145,On or near FINCHALE GARDENS,E01008405,Newcastle upon Tyne 014F,Investigation complete; no suspect identified
cf126429cae6b4a1dca27e2d3a9cf8efa5a398a0fcba3e3c89a80b039b7eb99d,2014-10,Northumbria Police,Northumbria Police,-1.657659,55.021539,On or near HEPBURN AVENUE,E01008311,Newcastle upon Tyne 001E,Investigation complete; no suspect identified
59472f8a00afd3294c37e6e4108dd9ebc38a6a4e694b856a1e4fcf9ee8db8ce6,2014-10,Northumbria Police,Northumbria Police,-1.516076,54.959431,On or near Petrol Station,E01008644,South Tyneside 015B,Investigation complete; no suspect identified
c7dcc5e93757418818220c4138b1010c4e16d9e27ab016145c91a2981626a437,2014-10,Northumbria Police,Northumbria Police,-1.602452,55.006832,On or near A191,E01008424,Newcastle upon Tyne 005F,Suspect charged
c7dcc5e93757418818220c4138b1010c4e16d9e27ab016145c91a2981626a437,2014-10,Northumbria Police,Northumbria Police,-1.602452,55.006832,On or near A191,E01008424,Newcastle upon Tyne 005F,Suspect charged
35841b774f151d69dba1b5d1ab265aef4f24ba8896726d7419c87a88eeeae87e,2014-10,Northumbria Police,Northumbria Police,-2.102517,55.335602,On or near RICHARDSON LANE,E01027373,Northumberland 007D,Investigation complete; no suspect identified
35841b774f151d69dba1b5d1ab265aef4f24ba8896726d7419c87a88eeeae87e,2014-10,Northumbria Police,Northumbria Police,-2.102517,55.335602,On or near RICHARDSON LANE,E01027373,Northumberland 007D,Suspect charged
35841b774f151d69dba1b5d1ab265aef4f24ba8896726d7419c87a88eeeae87e,2014-10,Northumbria Police,Northumbria Police,-2.102517,55.335602,On or near RICHARDSON LANE,E01027373,Northumberland 007D,Investigation complete; no suspect identified
35841b774f151d69dba1b5d1ab265aef4f24ba8896726d7419c87a88eeeae87e,2014-10,Northumbria Police,Northumbria Police,-2.102517,55.335602,On or near RICHARDSON LANE,E01027373,Northumberland 007D,Investigation complete; no suspect identified
15824fc60919543ea6bc37ab8fffe91e6507b49b21be198b14376ca61e06d221,2014-10,Northumbria Police,Northumbria Police,-1.522778,54.971032,On or near ALFRED STREET,E01008642,South Tyneside 010D,Investigation complete; no suspect identified
15824fc60919543ea6bc37ab8fffe91e6507b49b21be198b14376ca61e06d221,2014-10,Northumbria Police,Northumbria Police,-1.522778,54.971032,On or near ALFRED STREET,E01008642,South Tyneside 010D,Investigation complete; no suspect identified
ce6a30d63d99b82201e8fd9eba2ad2f22c2dc4830e6acc78f73fa4b2e57f1797,2014-10,Northumbria Police,Northumbria Police,-1.603407,55.005065,On or near MILL RISE,E01008424,Newcastle upon Tyne 005F,Investigation complete; no suspect identified
6d9c5394ecc4c6f5a22107729cee8ac63fde453b249ef9bd0e5de07aa218f79c,2014-10,Northumbria Police,Northumbria Police,-1.510142,54.913119,On or near USWORTH STATION ROAD,E01008859,Sunderland 009E,Investigation complete; no suspect identified
6d9c5394ecc4c6f5a22107729cee8ac63fde453b249ef9bd0e5de07aa218f79c,2014-10,Northumbria Police,Northumbria Police,-1.510142,54.913119,On or near USWORTH STATION ROAD,E01008859,Sunderland 009E,Investigation complete; no suspect identified
86be5de82fb49235b62151dbae40a233f200ddca4e9668f84849ac9aec993231,2014-10,Northumbria Police,Northumbria Police,-1.510142,54.913119,On or near USWORTH STATION ROAD,E01008859,Sunderland 009E,Offender given a caution
a56b29dd09d3a7a1c986a2d0cc11f61603126b7ef2c32032f98e26164b9a7656,2014-10,Northumbria Police,Northumbria Police,-1.420389,55.017136,On or near PIER ROAD,E01008558,North Tyneside 016A,Investigation complete; no suspect identified
a4bbb72f69bd685373013979a0d21b2110bb71727be65209893e8969cbbdcb9e,2014-10,Northumbria Police,Northumbria Police,-1.458657,55.023064,On or near HEYBROOK AVENUE,E01008557,North Tyneside 013D,Suspect charged
4e3110b869ace738ab347b6de8828ac9488c6bc236502d643a6232ef7b7aa06f,2014-10,Northumbria Police,Northumbria Police,-1.415293,54.910489,On or near MERLE TERRACE,E01008701,Sunderland 011A,Investigation complete; no suspect identified
5d854596475f630eb7b5b043870e62c38373d5466db5b0658cfcb422cec8fe0b,2014-10,Northumbria Police,Northumbria Police,-1.450899,54.823558,On or near EDWARD STREET,E01008719,Sunderland 035B,Investigation complete; no suspect identified
a65718a9e5798da12828679c30cb32f904377c39847e47e7557f129a4be1d768,2014-10,Northumbria Police,Northumbria Police,-1.622628,55.006087,On or near WOODBINE ROAD,E01008419,Newcastle upon Tyne 006E,Investigation complete; no suspect identified
38ecc76d1b46bc23c04dc79249d2ee966155e9bf9b75dee96674349a835215a3,2014-10,Northumbria Police,Northumbria Police,-1.618321,54.970578,On or near FENKLE STREET,E01033543,Newcastle upon Tyne 024G,Suspect charged
94007f3975bb0e5a87bab21dfdf36fe737961fa3884ae0f58d97e901211bf6c7,2014-10,Northumbria Police,Northumbria Police,-1.451552,54.821332,On or near PEMBERTON STREET,E01008742,Sunderland 035C,Investigation complete; no suspect identified
05e156129c8612ea7a28aa746cb2f306d8b2c59e6bd9f278db71c44ea82e1183,2014-10,Northumbria Police,Northumbria Police,-1.637015,54.965918,On or near Shopping Area,E01008437,Newcastle upon Tyne 029F,Suspect charged
1978055544d0a654acdd5dacfff8e0fcb212406fc5b414b5b3dc137a8695bcf7,2014-10,Northumbria Police,Northumbria Police,-1.532724,54.900087,On or near Supermarket,E01008848,Sunderland 019C,Suspect charged
6df464dd43cf28ace31b95b67327a469eae02cae30baadf09aa4ff60b03c4e12,2014-10,Northumbria Police,Northumbria Police,-1.432996,54.998154,On or near SMITHY STREET,E01008667,South Tyneside 002D,Suspect charged
92679c7fe60d302f8fe2641f51332dc25cc7cbc17193508d7fd9b4a37b118d2f,2014-10,Northumbria Police,Northumbria Police,-1.446171,55.042598,On or near Supermarket,E01008584,North Tyneside 006A,Investigation complete; no suspect identified
642a44c62bc42e5866b3b4d07faa009fe7fa7f2e43843696bad66ed4e0bc4429,2014-10,Northumbria Police,Northumbria Police,-1.384328,54.894358,On or near CORBY HALL DRIVE,E01008740,Sunderland 022A,Investigation complete; no suspect identified
1ff594e7b7adde40f43eeed271918eb60c8f2cc3940641d2eb775dfd8bd0fdfa,2014-10,Northumbria Police,Northumbria Police,-1.574485,54.880731,On or near CHESHIRE AVENUE,E01008173,Gateshead 026B,Investigation complete; no suspect identified
8af2b9483715c2ec0036a708177dc7b1f0977a80fb51d8688368864d7de8e6e2,2014-10,Northumbria Police,Northumbria Police,-1.581973,55.057670,On or near ANNITSFORD DRIVE,E01008480,North Tyneside 002B,Investigation complete; no suspect identified
8af2b9483715c2ec0036a708177dc7b1f0977a80fb51d8688368864d7de8e6e2,2014-10,Northumbria Police,Northumbria Police,-1.581973,55.057670,On or near ANNITSFORD DRIVE,E01008480,North Tyneside 002B,Investigation complete; no suspect identified
8af2b9483715c2ec0036a708177dc7b1f0977a80fb51d8688368864d7de8e6e2,2014-10,Northumbria Police,Northumbria Police,-1.581973,55.057670,On or near ANNITSFORD DRIVE,E01008480,North Tyneside 002B,Investigation complete; no suspect identified
8af2b9483715c2ec0036a708177dc7b1f0977a80fb51d8688368864d7de8e6e2,2014-10,Northumbria Police,Northumbria Police,-1.581973,55.057670,On or near ANNITSFORD DRIVE,E01008480,North Tyneside 002B,Investigation complete; no suspect identified
8af2b9483715c2ec0036a708177dc7b1f0977a80fb51d8688368864d7de8e6e2,2014-10,Northumbria Police,Northumbria Police,-1.581973,55.057670,On or near ANNITSFORD DRIVE,E01008480,North Tyneside 002B,Investigation complete; no suspect identified
c7755b26093188696191a4f71e1461c78541970dda71bda94ab811fefb1a9ae8,2014-10,Northumbria Police,Northumbria Police,-1.597091,54.973862,On or near RED BARNS,E01008406,Newcastle upon Tyne 023A,Investigation complete; no suspect identified
5d93f08abea5860ae3d92ecda14ef42a099f6ec5e454e4673bf77d8277fdc29b,2014-10,Northumbria Police,Northumbria Police,-1.507556,55.007429,On or near COAST ROAD,E01008461,North Tyneside 021A,Investigation complete; no suspect identified
5d93f08abea5860ae3d92ecda14ef42a099f6ec5e454e4673bf77d8277fdc29b,2014-10,Northumbria Police,Northumbria Police,-1.507556,55.007429,On or near COAST ROAD,E01008461,North Tyneside 021A,Suspect charged
4ca86a7589b03bf9a3810a96cdbb775b3cadac624aed52dde8ff0dcaacc6dfe4,2014-10,Northumbria Police,Northumbria Police,-1.439947,54.928910,On or near RAVENSWOOD SQUARE,E01008839,Sunderland 003D,Investigation complete; no suspect identified
28f5e01360a9ba25294e4d7821ee02e30002bd65ad91dbbb5681ccfbe742f886,2014-10,Northumbria Police,Northumbria Police,-1.632624,54.966075,On or near GLOUCESTER WAY,E01008438,Newcastle upon Tyne 029G,Investigation complete; no suspect identified
28f5e01360a9ba25294e4d7821ee02e30002bd65ad91dbbb5681ccfbe742f886,2014-10,Northumbria Police,Northumbria Police,-1.632624,54.966075,On or near GLOUCESTER WAY,E01008438,Newcastle upon Tyne 029G,Investigation complete; no suspect identified
28f5e01360a9ba25294e4d7821ee02e30002bd65ad91dbbb5681ccfbe742f886,2014-10,Northumbria Police,Northumbria Police,-1.632624,54.966075,On or near GLOUCESTER WAY,E01008438,Newcastle upon Tyne 029G,Investigation complete; no suspect identified
28f5e01360a9ba25294e4d7821ee02e30002bd65ad91dbbb5681ccfbe742f886,2014-10,Northumbria Police,Northumbria Police,-1.632624,54.966075,On or near GLOUCESTER WAY,E01008438,Newcastle upon Tyne 029G,Investigation complete; no suspect identified
28f5e01360a9ba25294e4d7821ee02e30002bd65ad91dbbb5681ccfbe742f886,2014-10,Northumbria Police,Northumbria Police,-1.632624,54.966075,On or near GLOUCESTER WAY,E01008438,Newcastle upon Tyne 029G,Investigation complete; no suspect identified
a89f4cb4d0c6e4a1ca368410e6fadb79f9c6e71257ef0bb39b05eaed141597d3,2014-10,Northumbria Police,Northumbria Police,-1.641128,55.003924,On or near Petrol Station,E01008374,Newcastle upon Tyne 008B,Investigation complete; no suspect identified
249ee2a4a440a90ea39db4ff410c92a2f22ac69e96867e6a42616d0335cae9aa,2014-10,Northumbria Police,Northumbria Police,-1.558317,54.985256,On or near Parking Area,E01008433,Newcastle upon Tyne 020C,Investigation complete; no suspect identified
8df2f062e8aea6ed9fe96f6f78650e5a6785b449252ea8a2ac88c52f2f0490e9,2014-10,Northumbria Police,Northumbria Police,-1.367788,54.874233,On or near RIDLEY AVENUE,E01008764,Sunderland 028B,Investigation complete; no suspect identified
11eecec813f3bc0c4b4ceeeebde1d34e6e02c35e33df8e271b10d5ac9d36e804,2014-10,Northumbria Police,Northumbria Police,-1.614472,54.971249,On or near BIGG MARKET,E01033543,Newcastle upon Tyne 024G,Investigation complete; no suspect identified
a8172d6b36e600ec9f3f99a591fe590e80a17e786464a7536a97112da35069c2,2014-10,Northumbria Police,Northumbria Police,-1.462370,54.837655,On or near LAWNSWOOD,E01008715,Sunderland 034B,Investigation complete; no suspect identified
bf2f677e3ecdb2512ac6aa48a5ac714473e09413ddffaf9acd91a09a51b19d33,2014-10,Northumbria Police,Northumbria Police,-1.535245,54.904545,On or near FELLSIDE COURT,E01008874,Sunderland 010B,Investigation complete; no suspect identified
c60e50d7e9e10d18257c38e31bc377f5241d43e6c3d68971ee4fa831b9c5c13f,2014-10,Northumbria Police,Northumbria Police,-1.612931,54.970714,On or near GROAT MARKET,E01033543,Newcastle upon Tyne 024G,Suspect charged
c34a4a1d4d2cc3078c9aab521a7a337650978c7104af0ffbe0d72a56407c1312,2014-10,Northumbria Police,Northumbria Police,-1.614472,54.971249,On or near BIGG MARKET,E01033543,Newcastle upon Tyne 024G,Suspect charged
c34a4a1d4d2cc3078c9aab521a7a337650978c7104af0ffbe0d72a56407c1312,2014-10,Northumbria Police,Northumbria Police,-1.614472,54.971249,On or near BIGG MARKET,E01033543,Newcastle upon Tyne 024G,Suspect charged
4bda377f65d6154154df749487c4cc7448bed1a7a6f1038843e854c69143bb7c,2014-10,Northumbria Police,Northumbria Police,-1.443897,55.007909,On or near CAMDEN STREET,E01008524,North Tyneside 022B,Investigation complete; no suspect identified
e376a10c5881f68713f439168a382f1358809e399f1ca6fc86d78dbb74124ca2,2014-10,Northumbria Police,Northumbria Police,-1.539666,54.912164,On or near ROSSE CLOSE,E01008879,Sunderland 010D,Suspect charged
6141a5f959dff6634f32591b5df9572f3c0b8fed04b37736cd41671d538992ea,2014-10,Northumbria Police,Northumbria Police,-1.723248,54.954525,On or near RAMSAY STREET,E01008280,Gateshead 004E,Offender given a caution
48fb6c13e5e7a25aac53f5655f8cebdc26052e4a46741ad923ca25c377eeb87d,2014-10,Northumbria Police,Northumbria Police,-2.016209,55.335797,On or near Park/Open Space,E01027373,Northumberland 007D,Investigation complete; no suspect identified
a4fb03595b261b6207adcdd5a314ec0d0a65810809a0cf05b52d6127b5303181,2014-10,Northumbria Police,Northumbria Police,-1.380861,54.904881,On or near Further/Higher Educational Building,E01008703,Sunderland 013B,Investigation complete; no suspect identified
53a96c2c753d2d6ccfe8dc15161e2ee44fc1631f7b74cb6cb3c07ea8520f49af,2014-10,Northumbria Police,Northumbria Police,-1.613189,54.969906,On or near COLLINGWOOD STREET,E01033545,Newcastle upon Tyne 024H,Investigation complete; no suspect identified
4dca9a86dff733468d1de81e0bdcba10050d16039917c7c7910010e4f3ab2f50,2014-10,Northumbria Police,Northumbria Police,-1.438375,55.033890,On or near LONGSTON AVENUE,E01008497,North Tyneside 010C,Investigation complete; no suspect identified
a0ba2e92fdf37938576114e7e47d29eee09f06d00733fafcdb126d4af0aebcd2,2014-10,Northumbria Police,Northumbria Police,-1.609740,54.969527,On or near SIDE,E01033543,Newcastle upon Tyne 024G,Suspect charged
6bc4b0b1c7772cb818e694039eb8dd152ffbfa3dce0a4de5119ce6ad2888941d,2014-10,Northumbria Police,Northumbria Police,-1.518994,54.975276,On or near MAY CLOSE,E01008639,South Tyneside 009A,Suspect charged
b0410a677014dfd5f12b13c2ab525abd428a7e4ee84f7b3effb4c44c5109f9ce,2014-10,Northumbria Police,Northumbria Police,-1.739237,54.983451,On or near MANOR GROVE,E01008404,Newcastle upon Tyne 014E,Investigation complete; no suspect identified
0ca241aea9b27db99a23870ab62235fc03faf91a198d8ba28b454fb688ed2bed,2014-10,Northumbria Police,Northumbria Police,-1.387210,54.976634,On or near PRINCE EDWARD ROAD EAST,E01008637,South Tyneside 008D,Investigation complete; no suspect identified
bb8cbe18442063932c38a8ffd7f6b5ec7736bb46d8892e9a0945183331bcfb2b,2014-10,Northumbria Police,Northumbria Police,-1.687575,54.987885,On or near WHITBECK ROAD,E01008345,Newcastle upon Tyne 019C,Investigation complete; no suspect identified
365e22eb25de95fb171e3a168be2e31a20ff8ec91e5c8b8befb205e418e2277f,2014-10,Northumbria Police,Northumbria Police,-1.459607,54.947700,On or near ARNOLD STREET,E01008613,South Tyneside 021D,Suspect charged
15e2623a570b95cf1ed0f8862d649d520d26b885c0d02de673c00526a345703d,2014-10,Northumbria Police,Northumbria Police,-1.459663,54.965637,On or near Pedestrian Subway,E01008670,South Tyneside 014D,Suspect charged
15e2623a570b95cf1ed0f8862d649d520d26b885c0d02de673c00526a345703d,2014-10,Northumbria Police,Northumbria Police,-1.459663,54.965637,On or near Pedestrian Subway,E01008670,South Tyneside 014D,Investigation complete; no suspect identified
e147f0180c83128ad3befd512356cca4c88e145118593324d2b14087dcbc52c5,2014-10,Northumbria Police,Northumbria Police,-1.622943,54.924097,On or near Shopping Area,E01008226,Gateshead 025D,Suspect charged
427bb4d33a1bfb9abf5cab4005f7a1bbe2063e0e877e623a9ea4b6108d4f6db0,2014-10,Northumbria Police,Northumbria Police,-1.405633,54.908717,On or near SHEPHERD STREET,E01008700,Sunderland 013A,Investigation complete; no suspect identified
72f9f31844abac69e5c6e64628146f9265fa6322055e7e022ffc16acff874fc2,2014-10,Northumbria Police,Northumbria Police,-1.500985,55.007752,On or near TIVERTON CLOSE,E01008512,North Tyneside 026D,Suspect charged
ffb6c605c1c9db182bbe91d05723c1b2f4eb9e0eee889a48747366ca1c2028ab,2014-10,Northumbria Police,Northumbria Police,-1.500985,55.007752,On or near TIVERTON CLOSE,E01008512,North Tyneside 026D,Suspect charged
ffb6c605c1c9db182bbe91d05723c1b2f4eb9e0eee889a48747366ca1c2028ab,2014-10,Northumbria Police,Northumbria Police,-1.500985,55.007752,On or near TIVERTON CLOSE,E01008512,North Tyneside 026D,Suspect charged
928082e2d278b9df78da5e85889275b834a89a16d04361afa1d3490b41446d8b,2014-10,Northumbria Police,Northumbria Police,-1.865186,54.958782,On or near CRANBROOK DRIVE,E01027502,Northumberland 038F,Investigation complete; no suspect identified
228aa2efc6caae151acc92d46cfbdc668f11ffe55ae275ccfee881044c58fe66,2014-10,Northumbria Police,Northumbria Police,-1.470805,55.004426,On or near WALLSEND ROAD,E01008482,North Tyneside 023B,Suspect charged
228aa2efc6caae151acc92d46cfbdc668f11ffe55ae275ccfee881044c58fe66,2014-10,Northumbria Police,Northumbria Police,-1.470805,55.004426,On or near WALLSEND ROAD,E01008482,North Tyneside 023B,Suspect charged
228aa2efc6caae151acc92d46cfbdc668f11ffe55ae275ccfee881044c58fe66,2014-10,Northumbria Police,Northumbria Police,-1.470805,55.004426,On or near WALLSEND ROAD,E01008482,North Tyneside 023B,Suspect charged
d02a3d0f09520ec93d2d0c537bcffc58716a2bd4af36f57f8f970b56f10d27e2,2014-10,Northumbria Police,Northumbria Police,-1.542012,55.234030,On or near ST BARTHOLOMEWS CLOSE,E01027445,Northumberland 008C,Investigation complete; no suspect identified
3302bdda9d3ff9cb1e12a14d9638d189b54535eaf5611f00fd579fe72d7adeab,2014-10,Northumbria Police,Northumbria Police,-1.464348,54.975120,On or near CUTHBERT COURT,E01008600,South Tyneside 007A,Suspect charged
733a4062ce4e32133bd5512245270be5028faff24f8e3429a5ca23b738ecf5b2,2014-10,Northumbria Police,Northumbria Police,-1.511471,54.996598,On or near BISHOPS CLOSE,E01008571,North Tyneside 028D,Suspect charged
733a4062ce4e32133bd5512245270be5028faff24f8e3429a5ca23b738ecf5b2,2014-10,Northumbria Police,Northumbria Police,-1.511471,54.996598,On or near BISHOPS CLOSE,E01008571,North Tyneside 028D,Suspect charged
428ff46b535b9cb2605c1c0b540577a1a98edf40f2e80f94060e3780218da591,2014-10,Northumbria Police,Northumbria Police,-1.519015,54.964412,On or near JOHNSTON AVENUE,E01008643,South Tyneside 015A,Investigation complete; no suspect identified
97b366245bc3c0a7677a54a085df1430520e30ed563b6057b215f68b6a4ff603,2014-10,Northumbria Police,Northumbria Police,-1.691052,54.992963,On or near HAWKSLEY,E01008324,Newcastle upon Tyne 015A,Suspect charged
bb39006dbe9a5059795bac76ee2074640d770e109aa7777988fb6579cc4b70f2,2014-10,Northumbria Police,Northumbria Police,-1.613189,54.969906,On or near COLLINGWOOD STREET,E01033545,Newcastle upon Tyne 024H,Suspect charged
4697b57da9bb8d7fd34503f1ebaf20b2ebb1f2f5dff463079e1bad720619d0b8,2014-10,Northumbria Police,Northumbria Police,-1.569203,54.957986,On or near BATH ROAD,E01008215,Gateshead 003B,Investigation complete; no suspect identified
e345f79dd2c03f89e330159450ceaf09ae4a8dbb82a37e4bf5a1d7259af14d2c,2014-10,Northumbria Police,Northumbria Police,-1.604581,54.995372,On or near NEWBROUGH CRESCENT,E01008371,Newcastle upon Tyne 013C,Investigation complete; no suspect identified
e846921c683aee5a217444da45a21ec9e71d62c6715ad2f0ef0bd6c9f98087c6,2014-10,Northumbria Police,Northumbria Police,-1.397995,54.980498,On or near MARSDEN LANE,E01008636,South Tyneside 008C,Suspect charged
ef0255bbbd86a15b853a452b6ad436e67a7e3e6fc2c55e3d6a047c1b3e153350,2014-10,Northumbria Police,Northumbria Police,-1.454193,54.813597,On or near CLYDESDALE STREET,E01008743,Sunderland 036A,Suspect charged
fc1a4de3e8c93e0435ad80d9524becdda5ea81dba3fca23217a2821b99d9574f,2014-10,Northumbria Police,Northumbria Police,-1.386633,54.899609,On or near BELVEDERE ROAD,E01008834,Sunderland 013E,Suspect charged
96198d938c93baceb62c0ca3e42070f65786d6b565d2c495397f647672b36d71,2014-10,Northumbria Police,Northumbria Police,-1.655661,54.971687,On or near BARNESBURY ROAD,E01008332,Newcastle upon Tyne 029B,Investigation complete; no suspect identified
96198d938c93baceb62c0ca3e42070f65786d6b565d2c495397f647672b36d71,2014-10,Northumbria Police,Northumbria Police,-1.655661,54.971687,On or near BARNESBURY ROAD,E01008332,Newcastle upon Tyne 029B,Investigation complete; no suspect identified
96198d938c93baceb62c0ca3e42070f65786d6b565d2c495397f647672b36d71,2014-10,Northumbria Police,Northumbria Police,-1.655661,54.971687,On or near BARNESBURY ROAD,E01008332,Newcastle upon Tyne 029B,Investigation complete; no suspect identified
96198d938c93baceb62c0ca3e42070f65786d6b565d2c495397f647672b36d71,2014-10,Northumbria Police,Northumbria Police,-1.655661,54.971687,On or near BARNESBURY ROAD,E01008332,Newcastle upon Tyne 029B,Investigation complete; no suspect identified
96198d938c93baceb62c0ca3e42070f65786d6b565d2c495397f647672b36d71,2014-10,Northumbria Police,Northumbria Police,-1.655661,54.971687,On or near BARNESBURY ROAD,E01008332,Newcastle upon Tyne 029B,Investigation complete; no suspect identified
96198d938c93baceb62c0ca3e42070f65786d6b565d2c495397f647672b36d71,2014-10,Northumbria Police,Northumbria Police,-1.655661,54.971687,On or near BARNESBURY ROAD,E01008332,Newcastle upon Tyne 029B,Investigation complete; no suspect identified
2124e977d01e6d3e6c7de18509d3d81a84df955283672da9b7e08c3de07b15e5,2014-10,Northumbria Police,Northumbria Police,-1.520613,55.118720,On or near FOURTEENTH AVENUE,E01027430,Northumberland 024E,Investigation complete; no suspect identified
3202525d656af9a56a0255f17edd265bd8426c9dbfe1165c15f957eac518bf1b,2014-10,Northumbria Police,Northumbria Police,-1.601580,54.978019,On or near SHIELD STREET,E01008406,Newcastle upon Tyne 023A,Investigation complete; no suspect identified
8e30330e002493e94f25ac55a42705f99186fd2dbdb02fcc4fa014372687d15b,2014-10,Northumbria Police,Northumbria Police,-1.399122,54.983532,On or near COQUET AVENUE,E01008651,South Tyneside 004D,Investigation complete; no suspect identified
8e30330e002493e94f25ac55a42705f99186fd2dbdb02fcc4fa014372687d15b,2014-10,Northumbria Police,Northumbria Police,-1.399122,54.983532,On or near COQUET AVENUE,E01008651,South Tyneside 004D,Investigation complete; no suspect identified
5156c908055c6e734971405e7f464b7db3897b02c51cc0586442569e51ce2596,2014-10,Northumbria Police,Northumbria Police,-1.571335,55.026163,On or near RUSKIN AVENUE,E01008499,North Tyneside 014B,Suspect charged
1f1bcf29743c19cc79bf5ab4d45087b59d8218516f71030981a96d2d5037b47a,2014-10,Northumbria Police,Northumbria Police,-1.611600,54.972624,On or near SHAKESPEARE STREET,E01033543,Newcastle upon Tyne 024G,Suspect charged
548f7e2458f520445af1419852a43fbdabe5f55715c67feedbb16294b9dcb9fe,2014-10,Northumbria Police,Northumbria Police,-1.396382,54.919257,On or near LEE STREET,E01008709,Sunderland 005B,Suspect charged
2db9a47f05e25c9c338116e3aac62876145e66a0e4b39cadb6f2b9ebbd274588,2014-10,Northumbria Police,Northumbria Police,-1.452154,54.997514,On or near THE HAVEN,E01008539,North Tyneside 027A,Investigation complete; no suspect identified
dfc405ddc72ef0ddbbd29e1b7c40f5ec878231f96917c879c1b662a1b0d094e9,2014-10,Northumbria Police,Northumbria Police,-1.667522,55.162091,On or near COOPIES HAUGH,E01027452,Northumberland 016A,Investigation complete; no suspect identified
26b44b2403170ce6a240420e9108977fc1944a0af66ce17673fcb92a2342c8eb,2014-10,Northumbria Police,Northumbria Police,-1.582263,54.977128,On or near FLORA STREET,E01008303,Newcastle upon Tyne 018A,Investigation complete; no suspect identified
7e51d7b132540114d50598560972ebd83d4dfe62ec9e2a03558cfb224765576e,2014-10,Northumbria Police,Northumbria Police,-1.621086,54.973876,On or near Parking Area,E01008397,Newcastle upon Tyne 024C,Local resolution
6ed503f54180c44dc8fbbadbe8787e3d85330f7c42eaea60b4015f275eb1e7cb,2014-10,Northumbria Police,Northumbria Police,-1.585991,54.976188,On or near Parking Area,E01008304,Newcastle upon Tyne 026C,Investigation complete; no suspect identified
58fccc5355b1710af241e6763a341fafcaeb13344a5acc6a0addb2e169c81780,2014-10,Northumbria Police,Northumbria Police,-1.491859,54.972659,On or near WELLESLEY STREET,E01008660,South Tyneside 007C,Suspect charged
56338d2ca482370d2a15f789aec448a2059a630358b3791327491a421c41cc85,2014-10,Northumbria Police,Northumbria Police,-1.496649,54.996897,On or near HAZELWOOD TERRACE,E01008542,North Tyneside 028B,Investigation complete; no suspect identified
6434f2b4e9665d6ca037c69f9baf5899fa35c2e6e0bd25fbdf735ebd2f8628a7,2014-10,Northumbria Police,Northumbria Police,-1.480187,55.010334,On or near SIMONBURN AVENUE,E01008492,North Tyneside 023E,Investigation complete; no suspect identified
73d3ab774e4147675a4f6da675af5b0524e021a598c0aeca03a2704a8f2db41c,2014-10,Northumbria Police,Northumbria Police,-1.412170,54.877484,On or near Sports/Recreation Area,E01008809,Sunderland 026E,Investigation complete; no suspect identified
73d3ab774e4147675a4f6da675af5b0524e021a598c0aeca03a2704a8f2db41c,2014-10,Northumbria Police,Northumbria Police,-1.412170,54.877484,On or near Sports/Recreation Area,E01008809,Sunderland 026E,Investigation complete; no suspect identified
73d3ab774e4147675a4f6da675af5b0524e021a598c0aeca03a2704a8f2db41c,2014-10,Northumbria Police,Northumbria Police,-1.412170,54.877484,On or near Sports/Recreation Area,E01008809,Sunderland 026E,Investigation complete; no suspect identified
73d3ab774e4147675a4f6da675af5b0524e021a598c0aeca03a2704a8f2db41c,2014-10,Northumbria Police,Northumbria Police,-1.412170,54.877484,On or near Sports/Recreation Area,E01008809,Sunderland 026E,Investigation complete; no suspect identified
9cac4d9050ff1263eb1671d68e040af09e4d9398e87ca05c7f8177cd3c927ecf,2014-10,Northumbria Police,Northumbria Police,-1.592971,54.979617,On or near WARWICK STREET,E01008410,Newcastle upon Tyne 023D,Investigation complete; no suspect identified
7170e45384c786c30a74815875d953d445d68910835b3758aa5a6b7961a69cb0,2014-10,Northumbria Police,Northumbria Police,-1.532724,54.900087,On or near Supermarket,E01008848,Sunderland 019C,Investigation complete; no suspect identified
d02602cd97db519f8b337f6a6945c75faeb1a76f44b9fc112524e1eeff15567f,2014-10,Northumbria Police,Northumbria Police,-1.570163,55.014405,On or near BEECH GROVE,E01008473,North Tyneside 018C,Investigation complete; no suspect identified
9910dec38302e6e117528f2183f78f62c96d06e9e327a51a2c12bdfc2c2d4fcf,2014-10,Northumbria Police,Northumbria Police,-1.610293,54.954315,On or near CROMWELL TERRACE,E01008169,Gateshead 008B,Offender given a caution
5855db2526c9827e0e295e09f498779f5c541e7ac1c567ae61dbe221c3f18249,2014-10,Northumbria Police,Northumbria Police,-1.439565,55.013623,On or near COBURG STREET,E01008559,North Tyneside 017C,Suspect charged
bdc4bba9f0b14fa7cffc72f1c0ead035121a4d9ccf4b27cd31c190e85796aaca,2014-10,Northumbria Police,Northumbria Police,-1.675913,54.996194,On or near ABERCROMBIE PLACE,E01008298,Newcastle upon Tyne 011C,Suspect charged
a5b2dad24b7e4f44b94149776cf30f66a4afab760a5753db9fd60ffb371b3ae5,2014-10,Northumbria Police,Northumbria Police,-1.368476,54.898033,On or near BARNABAS PLACE,E01008736,Sunderland 016C,Investigation complete; no suspect identified
ddd8ca5ecca5845cbcb3decfebc01411fce4ba7ed34412a0853338cc17b3b7d9,2014-10,Northumbria Police,Northumbria Police,-1.456354,55.011722,On or near LANSDOWNE TERRACE,E01008528,North Tyneside 022C,Suspect charged
1a0dfd53a133ed52e61850470477dc64a1c42a2c2c4b3f4a53db28a3b483dc4c,2014-10,Northumbria Police,Northumbria Police,-1.677429,54.992280,On or near FINSMERE PLACE,E01008350,Newcastle upon Tyne 019H,Investigation complete; no suspect identified
174dc29b72cdc92faa8092697576848cc9dd8030bc46139f329ca5467c78e7bc,2014-10,Northumbria Police,Northumbria Police,-1.425218,55.000984,On or near GEORGE SCOTT STREET,E01008598,South Tyneside 001D,Suspect charged
81292653525e0c7c11874f6f964d265b5770d965fb33eb5b3593adadd0e45464,2014-10,Northumbria Police,Northumbria Police,-1.975163,54.945590,On or near CHURCH CLOSE,E01027504,Northumberland 039C,Investigation complete; no suspect identified
17fe0b834dd66b86384f611c258f4405cff5d7850805b52efb35930750f7ea3c,2014-10,Northumbria Police,Northumbria Police,-1.656937,54.970486,On or near COCHRANE STREET,E01008332,Newcastle upon Tyne 029B,Investigation complete; no suspect identified
43ea8041959e795a068786bba9b0afea920f6b858f4f8bf0ab9814fb2e58b7d8,2014-10,Northumbria Police,Northumbria Police,-1.613800,55.132413,On or near MEADOWDALE CRESCENT,E01027522,Northumberland 021E,Suspect charged
1a44d2d28a96fd704d3b8232bd0a41cc253ecb3230de8f61eaadc8a7fc8ba1ad,2014-10,Northumbria Police,Northumbria Police,-1.438708,54.809294,On or near PEMBERTON BANK,E01008744,Sunderland 036B,Offender given a caution
1a44d2d28a96fd704d3b8232bd0a41cc253ecb3230de8f61eaadc8a7fc8ba1ad,2014-10,Northumbria Police,Northumbria Police,-1.438708,54.809294,On or near PEMBERTON BANK,E01008744,Sunderland 036B,Offender given a caution
1a3b97e56e6f9732950784a64e1c40084ddb6980030f2f60d9e8cd0342f09891,2014-10,Northumbria Police,Northumbria Police,-1.572336,55.329983,On or near CHARLES ROAD,E01027363,Northumberland 006C,Investigation complete; no suspect identified
09bd6c0c931e2a6c51f45d7b4d528919b55d2e5a2ab39dd417e5ddea275a836b,2014-10,Northumbria Police,Northumbria Police,-1.494547,55.011149,On or near Shopping Area,E01008491,North Tyneside 015D,Investigation complete; no suspect identified
3401ce68d2085dae8e9c59552477e509908f7fe15f6680b631e963f0127e829e,2014-10,Northumbria Police,Northumbria Police,-1.558496,54.943219,On or near MILLBROOK,E01008229,Gateshead 018A,Investigation complete; no suspect identified
d1c68b433f2d84f138bb5c87c082620c6c9f476e6afb26bc9434f37765dabcfc,2014-10,Northumbria Police,Northumbria Police,-1.517238,55.035738,On or near HARLOW AVENUE,E01032648,North Tyneside 011F,Suspect charged
d3676b69d091973ba9ceff81a353fa68cce107b8852f3871111881fba775c6af,2014-10,Northumbria Police,Northumbria Police,-1.687682,54.992280,On or near ESHOTT CLOSE,E01008324,Newcastle upon Tyne 015A,Suspect charged
d3676b69d091973ba9ceff81a353fa68cce107b8852f3871111881fba775c6af,2014-10,Northumbria Police,Northumbria Police,-1.687682,54.992280,On or near ESHOTT CLOSE,E01008324,Newcastle upon Tyne 015A,Suspect charged
d3676b69d091973ba9ceff81a353fa68cce107b8852f3871111881fba775c6af,2014-10,Northumbria Police,Northumbria Police,-1.687682,54.992280,On or near ESHOTT CLOSE,E01008324,Newcastle upon Tyne 015A,Suspect charged
d3676b69d091973ba9ceff81a353fa68cce107b8852f3871111881fba775c6af,2014-10,Northumbria Police,Northumbria Police,-1.687682,54.992280,On or near ESHOTT CLOSE,E01008324,Newcastle upon Tyne 015A,Suspect charged
44a5fb09cf1d7a8ecb605502beb37f54f13314cd7704405b2d5f854ffdf3c2f0,2014-10,Northumbria Police,Northumbria Police,-1.572927,55.138361,On or near Petrol Station,E01027517,Northumberland 020B,Suspect charged
288d9d6902bea7bb88c0e12b8338345adbc31634ea3bec46d404b008c2f87288,2014-10,Northumbria Police,Northumbria Police,-1.379186,54.896174,On or near ASHBURNE COURT,E01008735,Sunderland 016B,Suspect charged
288d9d6902bea7bb88c0e12b8338345adbc31634ea3bec46d404b008c2f87288,2014-10,Northumbria Police,Northumbria Police,-1.379186,54.896174,On or near ASHBURNE COURT,E01008735,Sunderland 016B,Suspect charged
288d9d6902bea7bb88c0e12b8338345adbc31634ea3bec46d404b008c2f87288,2014-10,Northumbria Police,Northumbria Police,-1.379186,54.896174,On or near ASHBURNE COURT,E01008735,Sunderland 016B,Suspect charged
288d9d6902bea7bb88c0e12b8338345adbc31634ea3bec46d404b008c2f87288,2014-10,Northumbria Police,Northumbria Police,-1.379186,54.896174,On or near ASHBURNE COURT,E01008735,Sunderland 016B,Suspect charged
288d9d6902bea7bb88c0e12b8338345adbc31634ea3bec46d404b008c2f87288,2014-10,Northumbria Police,Northumbria Police,-1.379186,54.896174,On or near ASHBURNE COURT,E01008735,Sunderland 016B,Suspect charged
288d9d6902bea7bb88c0e12b8338345adbc31634ea3bec46d404b008c2f87288,2014-10,Northumbria Police,Northumbria Police,-1.379186,54.896174,On or near ASHBURNE COURT,E01008735,Sunderland 016B,Suspect charged
288d9d6902bea7bb88c0e12b8338345adbc31634ea3bec46d404b008c2f87288,2014-10,Northumbria Police,Northumbria Police,-1.379186,54.896174,On or near ASHBURNE COURT,E01008735,Sunderland 016B,Suspect charged
288d9d6902bea7bb88c0e12b8338345adbc31634ea3bec46d404b008c2f87288,2014-10,Northumbria Police,Northumbria Police,-1.379186,54.896174,On or near ASHBURNE COURT,E01008735,Sunderland 016B,Suspect charged
288d9d6902bea7bb88c0e12b8338345adbc31634ea3bec46d404b008c2f87288,2014-10,Northumbria Police,Northumbria Police,-1.379186,54.896174,On or near ASHBURNE COURT,E01008735,Sunderland 016B,Suspect charged
03e9f03e656d0b869f1a22513fe2d45dfd4b50c60df6b778c3fa1ab4f40ed70f,2014-10,Northumbria Police,Northumbria Police,-1.621803,54.949175,On or near VICTORIA ROAD,E01008257,Gateshead 008E,Suspect charged
af07eb3ba4f9871d23a13bcb8e725b54f0a35a3782317e52b7a49d006c47144d,2014-10,Northumbria Police,Northumbria Police,-1.538420,54.986935,On or near EASTFIELD AVENUE,E01008575,North Tyneside 030E,Investigation complete; no suspect identified
81da3da1314f15b2f0363823a8ea74e469c709ce420148281414e69a4c44fd46,2014-10,Northumbria Police,Northumbria Police,-1.597091,54.973862,On or near RED BARNS,E01008406,Newcastle upon Tyne 023A,Suspect charged
81da3da1314f15b2f0363823a8ea74e469c709ce420148281414e69a4c44fd46,2014-10,Northumbria Police,Northumbria Police,-1.597091,54.973862,On or near RED BARNS,E01008406,Newcastle upon Tyne 023A,Suspect charged
81da3da1314f15b2f0363823a8ea74e469c709ce420148281414e69a4c44fd46,2014-10,Northumbria Police,Northumbria Police,-1.597091,54.973862,On or near RED BARNS,E01008406,Newcastle upon Tyne 023A,Investigation complete; no suspect identified
81da3da1314f15b2f0363823a8ea74e469c709ce420148281414e69a4c44fd46,2014-10,Northumbria Police,Northumbria Police,-1.597091,54.973862,On or near RED BARNS,E01008406,Newcastle upon Tyne 023A,Investigation complete; no suspect identified
5e5fb129bba3b305ea88fec0036dd01ed3e5cc3ab0257c2e394ac66319c7983e,2014-10,Northumbria Police,Northumbria Police,-1.622448,54.978598,On or near Park/Open Space,E01008395,Newcastle upon Tyne 024B,Investigation complete; no suspect identified
5e5fb129bba3b305ea88fec0036dd01ed3e5cc3ab0257c2e394ac66319c7983e,2014-10,Northumbria Police,Northumbria Police,-1.622448,54.978598,On or near Park/Open Space,E01008395,Newcastle upon Tyne 024B,Investigation complete; no suspect identified
b2d1d2db75d99aba69256802cbd95dccf0029ae9b4d30f41d49604b921c3c221,2014-10,Northumbria Police,Northumbria Police,-1.380186,54.911258,On or near PALMER'S HILL ROAD,E01008791,Sunderland 006F,Suspect charged
431555e7f1b02db1bb83493f6786dbcecf9c7b02680e0e46b1796333affa0548,2014-10,Northumbria Police,Northumbria Police,-1.425761,54.907079,On or near FELSTEAD CRESCENT,E01008762,Sunderland 012B,Investigation complete; no suspect identified
ceeb400fe4deeaace37bd9f8f61cbe83ac40879064dea8b58f2032e5a6839c7c,2014-10,Northumbria Police,Northumbria Police,-1.599859,54.987674,On or near OSBORNE AVENUE,E01008367,Newcastle upon Tyne 017A,Suspect charged
ceeb400fe4deeaace37bd9f8f61cbe83ac40879064dea8b58f2032e5a6839c7c,2014-10,Northumbria Police,Northumbria Police,-1.599859,54.987674,On or near OSBORNE AVENUE,E01008367,Newcastle upon Tyne 017A,Suspect charged
0c3be4235bc46e4d669dcc60ccd8bca46ba5c6d66ffeeb76b72a486715297197,2014-10,Northumbria Police,Northumbria Police,-1.767397,54.996646,On or near INGLETON DRIVE,E01008403,Newcastle upon Tyne 014D,Suspect charged
0c3be4235bc46e4d669dcc60ccd8bca46ba5c6d66ffeeb76b72a486715297197,2014-10,Northumbria Police,Northumbria Police,-1.767397,54.996646,On or near INGLETON DRIVE,E01008403,Newcastle upon Tyne 014D,Suspect charged
0c3be4235bc46e4d669dcc60ccd8bca46ba5c6d66ffeeb76b72a486715297197,2014-10,Northumbria Police,Northumbria Police,-1.767397,54.996646,On or near INGLETON DRIVE,E01008403,Newcastle upon Tyne 014D,Investigation complete; no suspect identified
a7d595ef94dec84f2654b1a1a2e6b4d1e53f8038d3e8e20274108692579ac94e,2014-10,Northumbria Police,Northumbria Police,-1.567951,54.949499,On or near STAINTON DRIVE,E01008216,Gateshead 012C,Investigation complete; no suspect identified
e24a69c9268f5b0db29896b79d81df55a88ff74bbe088cb997b9835fa811a47e,2014-10,Northumbria Police,Northumbria Police,-1.380336,54.919769,On or near BURSCOUGH CRESCENT,E01008787,Sunderland 006B,Suspect charged
503096631b099fc604cdccae1fbfee62e101c1ec51fd5ef5fe009a8f4ba1e436,2014-10,Northumbria Police,Northumbria Police,-1.612740,54.974308,On or near Shopping Area,E01008397,Newcastle upon Tyne 024C,Investigation complete; no suspect identified
2824225e369431423c7cf06b37c99915e41c4917b060e7913e2eff1230d8b4f9,2014-10,Northumbria Police,Northumbria Police,-1.381156,54.883585,On or near HALIDON ROAD,E01008780,Sunderland 024D,Investigation complete; no suspect identified
2a565f1878f01be615571e4ff6a77399ba85f69ac65bb6f6e3038395f75871d4,2014-10,Northumbria Police,Northumbria Police,-1.621934,54.968460,On or near WESTMORLAND ROAD,E01033545,Newcastle upon Tyne 024H,Investigation complete; no suspect identified
820a1859463adffd6a877daed83e3e1bcb59ece06c3b68447f76f9386b5eae35,2014-10,Northumbria Police,Northumbria Police,-1.444423,54.981168,On or near DEVONSHIRE STREET,E01008671,South Tyneside 012C,Offender given a caution
0bc6edbfdb1dea4ae762b7d070c3f99ff0b4e14f51cb0606436a81c93604ea2c,2014-10,Northumbria Police,Northumbria Police,-1.603970,55.285673,On or near SWARLAND TERRACE,E01027444,Northumberland 008B,Suspect charged
a7af0d6a6e53df74f6f6b27a6fc4ef5726efafa1353824ab0c2daff3d3e45897,2014-10,Northumbria Police,Northumbria Police,-1.529815,54.947704,On or near LINGEY GARDENS,E01008286,Gateshead 014C,Investigation complete; no suspect identified
f07599a9a652396408b33ace42860283c62d3276a8f436439cde291f863e47c7,2014-10,Northumbria Police,Northumbria Police,-1.610047,54.923257,On or near ELEVENTH AVENUE,E01008226,Gateshead 025D,Suspect charged
07707ec133ccfca4a5cc489930e9367d41092bb6322833a0222b47ba13cbd4ac,2014-10,Northumbria Police,Northumbria Police,-1.372345,54.902933,On or near WYLAM GROVE,E01008836,Sunderland 016F,Investigation complete; no suspect identified
3596ba87ccf41716f699e352df8f6b48769cd3c9fcdf5df264c44fa0b20d9259,2014-10,Northumbria Police,Northumbria Police,-1.639652,55.011593,On or near JUBILEE ROAD,E01008336,Newcastle upon Tyne 003A,Investigation complete; no suspect identified
123af0b5d32b1a723fa6425f92cddad2bb10f3c736a104a79f4a7aae920e1fba,2014-10,Northumbria Police,Northumbria Police,-1.517933,55.066509,On or near ALLERDEAN CLOSE,E01027434,Northumberland 032C,Investigation complete; no suspect identified
4c1f556b49155e658628f028b4a7a7e7df8634841ef44b38d8cc894d29ff447b,2014-10,Northumbria Police,Northumbria Police,-1.595036,55.184193,On or near DEVON CLOSE,E01027525,Northumberland 012B,Investigation complete; no suspect identified
5a5d033fbc986a7ac95e65b84f342d1aeb9cab8a03049f64f2f2a44146e73103,2014-10,Northumbria Police,Northumbria Police,-1.607560,54.975271,On or near DURANT ROAD,E01033543,Newcastle upon Tyne 024G,Suspect charged
bb83e636e88e908d344122847c53e18aa3b84664ee974a120cc9e8537b0f0ea3,2014-10,Northumbria Police,Northumbria Police,-1.592959,54.957628,On or near BEDE COURT,E01008162,Gateshead 027A,Investigation complete; no suspect identified
8caf9fdd071a1b2ffdfacd31fd82d048771c1b1ceea7eabfe41798ed607d32de,2014-10,Northumbria Police,Northumbria Police,-1.508855,54.848348,On or near Sports/Recreation Area,E01020590,County Durham 015A,Suspect charged
a775c51c7b757deca6e2c3e2e64f0258c04b38fa2f452165a4f87917fddd88dc,2014-10,Northumbria Police,Northumbria Police,-1.508855,54.848348,On or near Sports/Recreation Area,E01020590,County Durham 015A,Investigation complete; no suspect identified
7a2ee27637b0f70584c24ba1c718970927352438abc4c6f605473588357913be,2014-10,Northumbria Police,Northumbria Police,-1.604460,54.947331,On or near SALTWELL VIEW,E01008255,Gateshead 010E,Investigation complete; no suspect identified
f743946b462d0c86c5cd5effe9a6c9c77fde48c07c3fd2cbcefc4a51ed89bd76,2014-10,Northumbria Police,Northumbria Police,-1.569751,54.949128,On or near Supermarket,E01008215,Gateshead 003B,Suspect charged
09f8f44d2b1222164bab391e36a89e88b80538d1c7fb4ac32ca0ab999d932b9b,2014-10,Northumbria Police,Northumbria Police,-1.577656,55.042406,On or near HALL DRIVE,E01008476,North Tyneside 008B,Local resolution
657eed9624f55088996ea66cf499ee7b74ae1940dbe248b0f2887b4f3b8cda6d,2014-10,Northumbria Police,Northumbria Police,-1.430529,54.985804,On or near STANHOPE PARADE,E01008678,South Tyneside 003E,Investigation complete; no suspect identified
01855fdf4cd1b2544f81724821353bf0031b929556a92018619613863ad9137a,2014-10,Northumbria Police,Northumbria Police,-1.577220,54.987202,On or near CHILLINGHAM ROAD,E01008361,Newcastle upon Tyne 018D,Offender given a caution
23deed372fa55a0311ee1d80e4c2f30807b1d2559f128d3f254a91d8fb9e5b9e,2014-10,Northumbria Police,Northumbria Police,-1.424546,55.019555,On or near LATIMER STREET,E01008560,North Tyneside 016B,Suspect charged as part of another case
680da52a077010d774458614dde07880c3b770c6f53089a58ae0bc0375799944,2014-10,Northumbria Police,Northumbria Police,-1.535269,54.948560,On or near HARVEY CRESCENT,E01008287,Gateshead 014D,Suspect charged
8e9c456d284b9af87475108f2f8cc3bd40ed5e611c7e053ddb01572575afb90b,2014-10,Northumbria Police,Northumbria Police,-1.450450,55.003248,On or near ELSDON STREET,E01008545,North Tyneside 027E,Investigation complete; no suspect identified
8e9c456d284b9af87475108f2f8cc3bd40ed5e611c7e053ddb01572575afb90b,2014-10,Northumbria Police,Northumbria Police,-1.450450,55.003248,On or near ELSDON STREET,E01008545,North Tyneside 027E,Investigation complete; no suspect identified
8a41a4357f4e4372637ba45f6d4bd19718cf8292aec6c7475084efbe1d5d6de1,2014-10,Northumbria Police,Northumbria Police,-1.380186,54.911258,On or near PALMER'S HILL ROAD,E01008791,Sunderland 006F,Suspect charged as part of another case
33ee8a6b1241b30c7ba9cc5c548cfb6a0e4f7418f71003ec2f33f94b5d164f6c,2014-10,Northumbria Police,Northumbria Police,-1.432578,54.898053,On or near HOLLINSIDE SQUARE,E01008810,Sunderland 014A,Investigation complete; no suspect identified
8035d923cfe3f164c5747ea59ea74f4889175f15a967ed7fef2a5d68e3f4cef5,2014-10,Northumbria Police,Northumbria Police,-1.511953,54.963243,On or near DERWENT AVENUE,E01008644,South Tyneside 015B,Investigation complete; no suspect identified
18746c7058ca97e557f8bd1fd21278833d4f5a86acc6affee3de367b133a279e,2014-10,Northumbria Police,Northumbria Police,-1.564869,54.951546,On or near Petrol Station,E01008215,Gateshead 003B,Investigation complete; no suspect identified
b87de96c2b6317f75ff9dc44dd6b140ee6f8d7c660f6cd74921f1ea4395234da,2014-10,Northumbria Police,Northumbria Police,-1.446171,55.042598,On or near Supermarket,E01008584,North Tyneside 006A,Suspect charged as part of another case
7fba711fe7f46dd7f314afb34a46e8fd42676a70be5cbff762627c8121386375,2014-10,Northumbria Police,Northumbria Police,-1.451056,55.043581,On or near PARK VIEW,E01008586,North Tyneside 009E,Suspect charged as part of another case
6a152ddcf9f2cf29e1f6958d69641c733698ae0051db1534b51eeca1c1b4eec7,2014-10,Northumbria Police,Northumbria Police,-1.453495,55.044940,On or near THE AVENUE,E01008586,North Tyneside 009E,Suspect charged as part of another case
fd7f92bfdb7cac371f1147d94d28e85432f9f99539aad1e214085b72f4583ee5,2014-10,Northumbria Police,Northumbria Police,-1.602659,55.085569,On or near LADYKIRK WAY,E01027413,Northumberland 029E,Investigation complete; no suspect identified
8d30f6ac89dd635640822f617d93ad2215aa2563af08337da72110c279cb9148,2014-10,Northumbria Police,Northumbria Police,-1.610716,55.085083,On or near EASTBOURNE GARDENS,E01027412,Northumberland 029D,Suspect charged
8d30f6ac89dd635640822f617d93ad2215aa2563af08337da72110c279cb9148,2014-10,Northumbria Police,Northumbria Police,-1.610716,55.085083,On or near EASTBOURNE GARDENS,E01027412,Northumberland 029D,Suspect charged
75022eb4919993148254273752c12e1f398bb80363b04bcc0caba026e2432009,2014-10,Northumbria Police,Northumbria Police,-1.370221,54.900091,On or near EMMA COURT,E01008736,Sunderland 016C,Investigation complete; no suspect identified
6e98a255fd262214b9be11768ddb60b1fec0cd52c18c0a0e630d8039b573fe0a,2014-10,Northumbria Police,Northumbria Police,-1.532306,54.989931,On or near STATION ROAD,E01008575,North Tyneside 030E,Offender fined
c1c737543b2f2d6ae907305c14ae2b1f7fb4ef1ae0cbc2d616d4a88f582bcf6c,2014-10,Northumbria Police,Northumbria Police,-1.382449,54.928488,On or near MAYSWOOD ROAD,E01008728,Sunderland 002D,Offender fined
697f772c4dadd9138e93895d49f3a00922085cbdf2f4977d2c6e20a8c144de16,2014-10,Northumbria Police,Northumbria Police,-1.611977,54.974045,On or near Shopping Area,E01033543,Newcastle upon Tyne 024G,Offender sent to prison
3eba3bd6e8094fdf578249c9910a5a61fc455f7d85b7b36736f504b5f2dfcd94,2014-10,Northumbria Police,Northumbria Police,-1.565175,55.180514,On or near SECOND AVENUE,E01027528,Northumberland 010A,Offender given community sentence
5c0e354bfa8d567fe66a952801eae2e0dc69546d4fe373bbaa00ec8f4cba9c28,2014-10,Northumbria Police,Northumbria Police,-1.687266,55.009559,On or near BLUEBELL DENE,E01008459,Newcastle upon Tyne 004E,Defendant found not guilty
3dfa0b104dffef3c3f7e4dc4478b91aca7cc3bfa0380f60980e1645e34453ce4,2014-10,Northumbria Police,Northumbria Police,-1.392965,54.900611,On or near ASHWOOD STREET,E01008831,Sunderland 013D,Offender given suspended prison sentence
15ca0027c0e38ae3acdf29f1b7f8787bdae6705c0a4d1f0fa90175fda35a10a9,2014-10,Northumbria Police,Northumbria Police,-1.380861,54.904881,On or near Further/Higher Educational Building,E01008703,Sunderland 013B,Offender given community sentence
43fda50d2baccae1bf75410c035709ddebd0cf8f1aefb2fc4de6d5f13dfd9a49,2014-10,Northumbria Police,Northumbria Police,-1.582893,54.960002,On or near Supermarket,E01008214,Gateshead 003A,Offender given community sentence
ea4efa06827baf6c4e32cc2831d9e4edf26186e4a5a8c6e9ce584254816112ec,2014-10,Northumbria Police,Northumbria Police,-1.668555,54.957641,On or near Shopping Area,E01008262,Gateshead 009A,Offender given community sentence
4f688c2b79b7a6e0976e123216c7b8694ef1186c84b5795cc47e092f2a9f6704,2014-10,Northumbria Police,Northumbria Police,-1.674713,54.991770,On or near FULWELL GREEN,E01008299,Newcastle upon Tyne 011D,Offender fined
c91231bcf52ee2e5c7d644fb9cb21c0532f1a71411dad8df343459b1366b7eaa,2014-10,Northumbria Police,Northumbria Police,-1.534379,54.990406,On or near FRANK STREET,E01008575,North Tyneside 030E,Offender given conditional discharge
4231ae869e380781221687eeaacf6e99896dccd3be2b1059a5e14f687114e203,2014-10,Northumbria Police,Northumbria Police,-1.512453,55.126991,On or near Parking Area,E01027415,Northumberland 023B,Offender sent to prison
f45ea673c75ebed70fd5a7e96c9f454af05efdb1f9161dd8458411e06667bd94,2014-10,Northumbria Police,Northumbria Police,-1.659676,54.971689,On or near NICHOL STREET,E01008334,Newcastle upon Tyne 029D,Court case unable to proceed
09883dbf9c6c70bbef75f296959742862ccd9df6947b1c6867b6869de53b978e,2014-10,Northumbria Police,Northumbria Police,-2.467521,54.969567,On or near PARK AVENUE,E01027485,Northumberland 037B,Defendant found not guilty
25441b1924d1379ef856d59241142573a2ff6f412044f28a017cfbebe4c60090,2014-10,Northumbria Police,Northumbria Police,-1.652582,54.970151,On or near BRANCEPETH AVENUE,E01008335,Newcastle upon Tyne 029E,Offender given suspended prison sentence
50c952cb543116d95b1c684d4e4e4af0388f7f16f8b06364c8e08600ffe104a8,2014-10,Northumbria Police,Northumbria Police,-1.424537,54.977553,On or near HAWESWATER CLOSE,E01008680,South Tyneside 005B,Offender given community sentence
e5a96664d1b5460bd65529e37121f664b9ebf9761c313b7df4017932b7e54eb2,2014-10,Northumbria Police,Northumbria Police,-1.575947,55.085758,On or near THORNLEY AVENUE,E01027396,Northumberland 028B,Offender given suspended prison sentence
53f567c29419704b1ae0d7c3152555bae682a31d37637a0705b70687f05232fa,2014-10,Northumbria Police,Northumbria Police,-1.468171,55.015602,On or near Supermarket,E01008526,North Tyneside 020C,Offender given suspended prison sentence
79f964a3e126a437289fe0004d2acf64c13222c31870c0e494e91da49aab0c20,2014-10,Northumbria Police,Northumbria Police,-1.380942,54.916861,On or near Supermarket,E01008787,Sunderland 006B,Offender given suspended prison sentence
795416b5bb8fbaa1d68a6cfbdf3351691e76d95b27f8cb62254ec622c8cf398c,2014-10,Northumbria Police,Northumbria Police,-1.534365,54.898368,On or near Parking Area,E01008848,Sunderland 019C,Offender given conditional discharge
68a374a4b54d052d78515066a2a41c3f2ff8388ddf0dad7da10ea2e3bc659251,2014-10,Northumbria Police,Northumbria Police,-1.508675,55.126886,On or near HAVELOCK STREET,E01027415,Northumberland 023B,Offender given suspended prison sentence
79c68af7b9671bf81ab87b550e999d5c7a1c8bc2d665a1348b4c544687889ed3,2014-10,Northumbria Police,Northumbria Police,-1.494268,54.840470,On or near THE FOLDS,E01008750,Sunderland 033A,Offender sent to prison
b0e58a3464bcba3fd6fed595cf6d2497037be09181b534f404d267b25f4d432d,2014-10,Northumbria Police,Northumbria Police,-1.574466,55.138213,On or near WALLINGTON CLOSE,E01027517,Northumberland 020B,Offender sent to prison
711dab20f67d29f6ed7dbc78328f4d254599cb070c6389611ec54fb96e80aa69,2014-10,Northumbria Police,Northumbria Police,-1.686196,54.998378,On or near BRIARSIDE,E01008445,Newcastle upon Tyne 031D,Offender ordered to pay compensation
ff0202d2b9a93068d6a752fcb9de9fb950f838a36654c22ac96c88fb411fe858,2014-10,Northumbria Police,Northumbria Police,-1.495730,54.865602,On or near WRIGHT TERRACE,E01008793,Sunderland 030A,Defendant found not guilty
42f0e0a6634b2cd938c86790bce8469496d245b8d777b0864a1515250ac82e4d,2014-10,Northumbria Police,Northumbria Police,-1.377551,54.903103,On or near LAURA STREET,E01008836,Sunderland 016F,Offender sent to prison
3e8c54d1ba720cbb492b7ed38f5d83fdfc8779e28b0825ec62741f236b437e4d,2014-10,Northumbria Police,Northumbria Police,-1.469877,55.013156,On or near WILLOUGHBY ROAD,E01008486,North Tyneside 020A,Offender given community sentence
7dc3db8b7a6f0e618309228ca25b02793de331e2c55981d1e281b3587f1e2fe2,2014-10,Northumbria Police,Northumbria Police,-1.683502,54.995163,On or near WEST DENTON WAY,E01008445,Newcastle upon Tyne 031D,Court case unable to proceed
9a007dc091f77e6aa2bb30540883c2b5e9c22dd48f092c0ade830ce40b58f8f2,2014-10,Northumbria Police,Northumbria Police,-1.618626,54.974704,On or near Parking Area,E01008397,Newcastle upon Tyne 024C,Offender given community sentence
8be59f507604e4dc2ae7ec42403047e4ac8cf12777803c2abddc70cdd7e2b8ce,2014-10,Northumbria Police,Northumbria Police,-1.459828,55.036018,On or near ROKER AVENUE,E01008555,North Tyneside 009D,Court case unable to proceed
9422f57f8ba868fb50042e66cb0da35d2796198c08fa1c14d9ca169d6a5d6abe,2014-10,Northumbria Police,Northumbria Police,-1.519461,55.008168,On or near BUXTON CLOSE,E01008463,North Tyneside 024B,Court case unable to proceed
20e9fd344489cdf2574d87a0519beb9294e79740013d4b3c2341f29c158bbaa6,2014-10,Northumbria Police,Northumbria Police,-1.611154,54.975165,On or near LISLE STREET,E01008397,Newcastle upon Tyne 024C,Offender given conditional discharge
8b8522455db7250f6176bed08df461d3971b03aaf01f704fe991d4b8ca60af1b,2014-10,Northumbria Police,Northumbria Police,-1.612959,54.972619,On or near Nightclub,E01033543,Newcastle upon Tyne 024G,Offender given community sentence
28b1afa0b3fa54584cb461acb3c33bb0e75f87e467e7e0085e4fc21bbe5bb1fe,2014-10,Northumbria Police,Northumbria Police,-1.381905,54.917126,On or near Shopping Area,E01008787,Sunderland 006B,Offender given conditional discharge
324ede375da93e27250bf6a137ede97ddf6c6d10d288c425527a5addb931e4f9,2014-10,Northumbria Police,Northumbria Police,-1.387324,54.905453,On or near Sports/Recreation Area,E01008703,Sunderland 013B,Offender given suspended prison sentence
046d99eb88023491d044ba7adc2e89c006e08e102189f15529210195767b8ed3,2014-10,Northumbria Police,Northumbria Police,-1.608599,54.972785,On or near CARLIOL SQUARE,E01033543,Newcastle upon Tyne 024G,Court case unable to proceed
174d488caae7e87a68cd3fc9963cdc6aee15c65040754b3ec34212e21bd64079,2014-10,Northumbria Police,Northumbria Police,-1.555333,55.180101,On or near ARIEL STREET,E01027545,Northumberland 010D,Offender sent to prison
4ceffaef7912d6a3f6887b459729f191225e4f57e1233fc4a620689a6f90fbfc,2014-10,Northumbria Police,Northumbria Police,-1.382451,54.906974,On or near STATION STREET,E01008703,Sunderland 013B,Offender given suspended prison sentence
dba4addb0349946364c20087d7f6b5e65593a86772f8fd409b6f6879ccf3f53b,2014-10,Northumbria Police,Northumbria Police,-1.630380,54.972359,On or near TINDAL STREET,E01008398,Newcastle upon Tyne 022C,Offender deprived of property
17e8a4e1c994208955ca9e33114b7bd026350c1f0e312b7953d5f247fa763d75,2014-10,Northumbria Police,Northumbria Police,-1.401479,54.893284,On or near Petrol Station,E01008781,Sunderland 022B,Defendant found not guilty
f2350478392da826a09520f47819a92effe6787245f3ac07953a59782de41b21,2014-10,Northumbria Police,Northumbria Police,-1.433719,55.000107,On or near MILE END ROAD,E01008667,South Tyneside 002D,Court case unable to proceed
974190924a004e9faff0e046262ff6bc63bb841e93ea359b76391ee541160008,2014-10,Northumbria Police,Northumbria Police,-1.446171,55.042598,On or near Supermarket,E01008584,North Tyneside 006A,Offender given conditional discharge
494f5ee005bb22ef44f14026fc726255021047583e3d5146618406c302164cff,2014-10,Northumbria Police,Northumbria Police,-1.450450,55.003248,On or near ELSDON STREET,E01008545,North Tyneside 027E,Offender given suspended prison sentence
f14d82ee03a93726300b301b360855ab847647dd30c804a6bd6e146d8ac74c6c,2014-10,Northumbria Police,Northumbria Police,-1.540957,54.993298,On or near WESTFIELD PARK,E01008537,North Tyneside 030D,Offender fined
83733996c1b0915850b1717c61f34e3862c0c150c7ff1e1e2ff6a050b2b9783a,2014-10,Northumbria Police,Northumbria Police,-1.430751,54.998880,On or near Nightclub,E01008596,South Tyneside 001B,Offender fined
3821e476a10ad931e527b1d8e3024d75ebda1ce10df1e819948a2a495c669db6,2014-10,Northumbria Police,Northumbria Police,-1.530556,54.991290,On or near PARK ROAD,E01008573,North Tyneside 029B,Offender sent to prison
ac051833cb771b1582f6c977c5bdc6129eabcd32d3980986881aece2e9b70d9b,2014-10,Northumbria Police,Northumbria Police,-1.609733,54.986367,On or near BURDON TERRACE,E01008370,Newcastle upon Tyne 017C,Offender given community sentence
f0785a5411be86f5f5398302a277404c8ea4bda35b4b17feea2f35f9934c7b27,2014-10,Northumbria Police,Northumbria Police,-1.571742,55.183098,On or near Shopping Area,E01027529,Northumberland 010B,Offender sent to prison
bd7e6f6a9f75e469fd7c7ffc4ddecdb494b4453f35251fd01284180fe7c0e096,2014-10,Northumbria Police,Northumbria Police,-1.610818,54.976009,On or near NORTH STREET,E01008397,Newcastle upon Tyne 024C,Offender otherwise dealt with
2e1382dd4f4cd14ba6ea3c6b73969df332dac63efff7379d2c0e55b42d4d926b,2014-10,Northumbria Police,Northumbria Police,-1.437702,54.998095,On or near Shopping Area,E01008667,South Tyneside 002D,Offender given conditional discharge
8408197d6c08f0cfa4845bb6ea271fd537c57e8f241d95faffea126cd43befb0,2014-10,Northumbria Police,Northumbria Police,-1.435197,54.987291,On or near ST JUDE'S TERRACE,E01008664,South Tyneside 002A,Offender given community sentence
04a8b89ee24bf772a87cc31cc08dc7316938ac26c057920f2feb84f075fe1ad7,2014-10,Northumbria Police,Northumbria Police,-1.452770,54.969488,On or near Supermarket,E01008669,South Tyneside 012B,Offender sent to prison
d406f70eb2c004eead76e959c938c02ba1adf3af2f5234eb2a399cffd99fe97f,2014-10,Northumbria Police,Northumbria Police,-1.526804,55.118826,On or near SOUTHEND AVENUE,E01027422,Northumberland 024B,Offender fined
638e030cecf71cbdf0a1b3b20f5b0abc3fbd78c6bab56cfd16d5120f68a2143b,2014-10,Northumbria Police,Northumbria Police,-1.508348,55.038497,On or near Petrol Station,E01008565,North Tyneside 007C,Offender given conditional discharge
cb4d437414bb78268f46a8c9e38f2b0bf7d3a4cac89700f2530a8e43a0130dfe,2014-10,Northumbria Police,Northumbria Police,-1.576430,54.970197,On or near GARMONDSWAY,E01008305,Newcastle upon Tyne 026D,Defendant found not guilty
65e702bb902cd093ae4c7b64f1d3b8f354ebc6c26768ffab9bbeb37bda4454ab,2014-10,Northumbria Police,Northumbria Police,-1.482377,54.851015,On or near FAIRBAIRN DRIVE,E01008751,Sunderland 033B,Offender given community sentence
e1ec1edefc1d1a6cc6c2cf9929d232c89023cc69bdd0c72a7a32999f2deedf69,2014-10,Northumbria Police,Northumbria Police,-1.598252,54.956127,On or near CAMILLA STREET,E01008163,Gateshead 028A,Defendant found not guilty
d650b2b07c0c7a62e13b4c2307cdd66278d606dc46107dcb146359cd79b1de35,2014-10,Northumbria Police,Northumbria Police,-1.512453,55.126991,On or near Parking Area,E01027415,Northumberland 023B,Offender given suspended prison sentence
d3763d0913ba3afdd18f2c93b2c292ba1ba26bd5211f335077fef80d9bf2a05c,2014-10,Northumbria Police,Northumbria Police,-1.466705,54.970502,On or near DUNSTANBURGH COURT,E01008601,South Tyneside 012A,Offender given conditional discharge
bbc7035df98f4f2f052e27a0e8efeac00813a765ca6f0d97d6d836c04546c325,2014-10,Northumbria Police,Northumbria Police,-1.821870,54.919025,On or near WHITTONSTALL ROAD,E01008186,Gateshead 024B,Defendant found not guilty
95183d996e0a4b70882718bf0946dc589c4407873923f20b642b0e0bda30689a,2014-10,Northumbria Police,Northumbria Police,-1.647899,55.180358,On or near PEGSWOOD PRECINCT,E01027462,Northumberland 011B,Offender given conditional discharge
b07b3a33e19fd135d410cc73872d1d42ced5bbdab3821eca98b2f65153b39be8,2014-10,Northumbria Police,Northumbria Police,-1.530453,54.913019,On or near ALBANY WAY,E01008860,Sunderland 009F,Offender sent to prison
9e907520b523c27b512b707d9f96e1c39e6eef754db82f9f8a3b70c9641797c2,2014-10,Northumbria Police,Northumbria Police,-1.477447,54.869713,On or near LANTON STREET,E01032483,Sunderland 032F,Offender sent to prison
4bdbd7be6dd3af9850190fb19d69e27e214a0ff76848822bfef68ae74c637013,2014-10,Northumbria Police,Northumbria Police,-1.676281,54.989204,On or near MARDALE ROAD,E01008350,Newcastle upon Tyne 019H,Offender given conditional discharge
4b971111603165c2f105eb6cc8ed79aed08b6b9960158ae5aa0eb3f297427137,2014-10,Northumbria Police,Northumbria Police,-1.386034,54.904180,On or near VINE PLACE,E01008703,Sunderland 013B,Offender given community sentence
6799162f5f504e1adbd03e9cc760b959282be919048b2ad787de59c08895e3c1,2014-10,Northumbria Police,Northumbria Police,-1.543074,55.123390,On or near SWALEDALE AVENUE,E01027425,Northumberland 025A,Offender sent to prison
5df0171bf46a84f7a3d238e4aa9d05db72529abb582ae99657f90e5b167b29a5,2014-10,Northumbria Police,Northumbria Police,-1.572143,54.957610,On or near GEORGE SMITH GARDENS,E01008214,Gateshead 003A,Court case unable to proceed
ba2e64b09c528dd0852a3cf67438064a88db9d9d8b7ce17648d8cd8097159b2b,2014-10,Northumbria Police,Northumbria Police,-1.510696,55.128314,On or near REGENT STREET,E01027415,Northumberland 023B,Offender sent to prison
03744e41ca5216e50b3e6c4ad15c87d005f35e86ceb0a430672fe1911b00d4a8,2014-10,Northumbria Police,Northumbria Police,-1.411045,54.902300,On or near KAYLL ROAD,E01008759,Sunderland 015C,Defendant found not guilty
abc94536afce0c3205f4aa76061c469d7ce00a42c2048810ed435c78ca549a3e,2014-10,Northumbria Police,Northumbria Police,-1.381905,54.917126,On or near Shopping Area,E01008787,Sunderland 006B,Offender given conditional discharge
5a8fbb9ace99d1748106da825d4e3a96b500b0e23647bb8a8c412df939ff36e0,2014-10,Northumbria Police,Northumbria Police,-1.570759,55.185440,On or near LINTONVILLE TERRACE,E01027529,Northumberland 010B,Offender given conditional discharge
9f2d1b65806071eece7af867d3ecc1d9ea275eb1b6ffa751873d0630814bd49d,2014-10,Northumbria Police,Northumbria Police,-1.436872,54.984800,On or near ALICE STREET,E01008666,South Tyneside 002C,Defendant found not guilty
aae199dcf7738fb80416b2b9c4792cdb75800558dbf2d12dd5eea0f2549e1510,2014-10,Northumbria Police,Northumbria Police,-1.576491,55.044594,On or near KIRKLANDS,E01008478,North Tyneside 002A,Offender fined
f2d1b98941efef5125961435ad0d41d5a5be8c3f7b600c41a6a1f94dd8937dff,2014-10,Northumbria Police,Northumbria Police,-1.386034,54.904180,On or near VINE PLACE,E01008703,Sunderland 013B,Offender given conditional discharge
447bd796b9253c970728a3e623168105c8e7685b1ce28f7a9491306008eb0afc,2014-10,Northumbria Police,Northumbria Police,-1.404657,54.904021,On or near CLIFFORD STREET,E01008706,Sunderland 011C,Defendant found not guilty
4f4e514526f948a2d8670c0b2d9e6b9128b540352255bc557d1f2f37ebfa0eed,2014-10,Northumbria Police,Northumbria Police,-1.688931,54.980215,On or near WHICKHAM VIEW,E01008415,Newcastle upon Tyne 025B,Defendant found not guilty
5699503453e03091c200f1e83f4becc880118c41ab8506e3c3df449335291bf3,2014-10,Northumbria Police,Northumbria Police,-1.607034,54.953918,On or near WINDERMERE STREET,E01008169,Gateshead 008B,Offender sent to prison
0c31416e9023449f3d479a92ad0f943d7b8e14d3b2e56bbef7266485dc3acdba,2014-10,Northumbria Police,Northumbria Police,-1.436707,54.976487,On or near STANHOPE ROAD,E01008591,South Tyneside 011B,Defendant found not guilty
3bb4e086a64333480d96ae1a0eab4d4a818e721fae793ff3cd6e691cf024a2f1,2014-10,Northumbria Police,Northumbria Police,-1.568353,55.182852,On or near Supermarket,E01027528,Northumberland 010A,Offender otherwise dealt with
1a621371a261af3d834729ecf38ded561f113e4c0ded7080e4bbd130328a8acb,2014-10,Northumbria Police,Northumbria Police,-1.503952,55.010586,On or near MIDDLE ENGINE LANE,E01008468,North Tyneside 021D,Offender sent to prison
02fc10b09d9e4f3b7abd93af65898105ad8373fb05e3f0e990449e7b8ccc1a16,2014-10,Northumbria Police,Northumbria Police,-1.613189,54.969906,On or near COLLINGWOOD STREET,E01033545,Newcastle upon Tyne 024H,Offender fined
a726fca81b029b5b27ab8f7cafb92fc062b446408743c4ed23dae35e7da27e4e,2014-10,Northumbria Police,Northumbria Police,-1.726615,54.950722,On or near THIRLMERE CRESCENT,E01008276,Gateshead 005D,Defendant found not guilty
1b8428c72f8e385f48f5a687a8178720c477576d62a1399c37b1098329624356,2014-10,Northumbria Police,Northumbria Police,-1.430990,54.989661,On or near Supermarket,E01008668,South Tyneside 002E,Offender otherwise dealt with
6d8cb5beef6863cb7ed06a7a82da16a4675032a02a9d2bd826c17b1323982295,2014-10,Northumbria Police,Northumbria Police,-1.488778,54.998778,On or near TYNEMOUTH ROAD,E01008510,North Tyneside 026C,Offender given conditional discharge
67c39295eea26af802710e3cbd8505adbdd48827f01417e570cff2911c8a6c13,2014-10,Northumbria Police,Northumbria Police,-1.616721,54.974644,On or near Shopping Area,E01008397,Newcastle upon Tyne 024C,Offender sent to prison
bc1956fc0e4a0ffd3a6fb36e87497cfab827cf4b8408e1c407a07e903dbbaa06,2014-10,Northumbria Police,Northumbria Police,-1.664013,54.968628,On or near MACDONALD ROAD,E01008290,Newcastle upon Tyne 027C,Defendant found not guilty
ab96105296b0048ca508e903c09572924cffef29fb354bc9b0875e62d6961ca1,2014-10,Northumbria Police,Northumbria Police,-1.618837,54.970526,On or near CLAYTON STREET WEST,E01033543,Newcastle upon Tyne 024G,Offender sent to prison
ef7d671bb41b31b925ea087678bd4d3b51d988292721c85c0b7944a645272983,2014-10,Northumbria Police,Northumbria Police,-1.566925,55.036266,On or near Shopping Area,E01008479,North Tyneside 008D,Offender given conditional discharge
78fa236140ad97ef97eaa8d80d8eb772da6d3b0525ab81096374e12527233743,2014-10,Northumbria Police,Northumbria Police,-1.586985,54.976757,On or near Petrol Station,E01008304,Newcastle upon Tyne 026C,Offender given conditional discharge
ca354731351e692eac7bf9902545a2526f0dcd7c25c3f990a2ca3d2151d5b519,2014-10,Northumbria Police,Northumbria Police,-1.615061,54.975034,On or near Shopping Area,E01008397,Newcastle upon Tyne 024C,Offender given suspended prison sentence
c5b5b13207ce544ff10c39b2386c270f956aab4fc5635c097892154a1ce66613,2014-10,Northumbria Police,Northumbria Police,-1.586841,55.101853,On or near DAYLESFORD ROAD,E01027402,Northumberland 027C,Court case unable to proceed
2f4fd235d142079f91cddb2e81225ec031507f4b0738734a905c4fb580a8228e,2014-10,Northumbria Police,Northumbria Police,-1.519606,55.179103,On or near NORTH SEATON ROAD,E01027544,Northumberland 009D,Offender given suspended prison sentence
65a46d87ff7999b3dcfd2653b0525287fdbb8052897d2048d2d5671cf8d12362,2014-10,Northumbria Police,Northumbria Police,-1.579217,54.956134,On or near PENSHER STREET,E01008214,Gateshead 003A,Offender fined
91174f9cb0b398bf72489e2817bb195df366d01032b8179fcb2e0eedaa3dbd9d,2014-10,Northumbria Police,Northumbria Police,-1.610047,54.923257,On or near ELEVENTH AVENUE,E01008226,Gateshead 025D,Offender otherwise dealt with
117152393766a8630fcfdc53943c9ef816069c63e328f4465b4d8ed4a65c3132,2014-10,Northumbria Police,Northumbria Police,-1.447150,55.010135,On or near NORTHUMBERLAND PLACE,E01008524,North Tyneside 022B,Offender fined
3638e1df073c3c3b99e28a2745810bc525fe21b8f379da88b817d2704306edb6,2014-10,Northumbria Police,Northumbria Police,-1.521865,54.912437,On or near Supermarket,E01008853,Sunderland 009A,Offender given conditional discharge
e25fb0c2d7815243c98f591055f491827bb39ec6164d3e87a1cdc55cb671f083,2014-10,Northumbria Police,Northumbria Police,-1.577226,54.976176,On or near CONYERS ROAD,E01008303,Newcastle upon Tyne 018A,Offender given community sentence
d894b297ccc31261fb015506fa0e39def390f0f834318c4d65dd92726c7f4403,2014-10,Northumbria Police,Northumbria Police,-1.669005,54.990281,On or near SPRINGFIELD ROAD,E01008297,Newcastle upon Tyne 011B,Defendant found not guilty
dc1c705e89c7c0fc79307ced4b6ebef6b102ab1f26ab5980d7fba0ab8485bd43,2014-10,Northumbria Police,Northumbria Police,-1.464525,54.845411,On or near Parking Area,E01008715,Sunderland 034B,Offender deprived of property
1140d6bffe9a76503bb2990bab5fe298dd0bf857fc97d2f2e6a579eb1a2d0722,2014-10,Northumbria Police,Northumbria Police,-1.546644,54.976910,On or near MIDDLE STREET EAST,E01008430,Newcastle upon Tyne 020A,Offender given suspended prison sentence
4866ac9b6b78108521e304ab527a8d7701ce9c1220c347682a81291b4c5dab03,2014-10,Northumbria Police,Northumbria Police,-1.460975,55.007663,On or near LILBURN STREET,E01008482,North Tyneside 023B,Defendant found not guilty
d60c3e734926dd78a0ba2cf0aff190d64f2cc89b1a133a9599b8237c4fbcb197,2014-10,Northumbria Police,Northumbria Police,-1.573651,54.970070,On or near KIRK STREET,E01008305,Newcastle upon Tyne 026D,Court case unable to proceed
5156c908055c6e734971405e7f464b7db3897b02c51cc0586442569e51ce2596,2014-10,Northumbria Police,Northumbria Police,-1.571335,55.026163,On or near RUSKIN AVENUE,E01008499,North Tyneside 014B,Offender given community sentence
c6bc36c939e6df9e0f96c53c4b1fb04129baae77ccebf2448c1e1516008b991f,2014-10,Northumbria Police,Northumbria Police,-1.444423,54.981168,On or near DEVONSHIRE STREET,E01008671,South Tyneside 012C,Offender sent to prison
702a59343173b9d957b95d8e7670d21d3b07ac097770fe24c8a6c08b41d6c0b1,2014-10,Northumbria Police,Northumbria Police,-1.567642,55.021990,On or near WEST VIEW,E01008470,North Tyneside 014A,Offender sent to prison
bcbb66902e7a34ec98ab5366324c85853f1a06cd497eb4d37629414e86b249d2,2014-10,Northumbria Police,Northumbria Police,-1.617134,54.972264,On or near NEWGATE STREET,E01033543,Newcastle upon Tyne 024G,Offender fined
62e4bdcff8b604713324f3aa04657510171b6d8e88a70fd11645db7e629a4fef,2014-10,Northumbria Police,Northumbria Police,-1.689711,54.954112,On or near THE COVERS,E01008262,Gateshead 009A,Offender given community sentence
6df129a14764b95bec3a263ef6c5e1d960e84039aecf0a1281ed7a3c60584362,2014-10,Northumbria Police,Northumbria Police,-1.359591,54.868358,On or near STATION ROAD,E01008768,Sunderland 028D,Offender fined
6d7c778c61a7ccf738adee9a4cb16a755bb5ee0547ceddfdbddbea721d362fe1,2014-10,Northumbria Police,Northumbria Police,-1.437261,54.974881,On or near BURNHAM STREET,E01008591,South Tyneside 011B,Offender sent to prison
75da94c523606305a469f43d47216f9da6be584e4d306f38bb03650636268b2d,2014-10,Northumbria Police,Northumbria Police,-1.647231,54.976515,On or near AGRICOLA ROAD,E01008449,Newcastle upon Tyne 022D,Offender given conditional discharge
e3b62e4f01403ceb226ef3523aea674fa365ddb4caa9e5fc9daf76edfcbc2dc4,2014-10,Northumbria Police,Northumbria Police,-1.574770,55.044588,On or near EASTWOOD CLOSE,E01008475,North Tyneside 008A,Offender given community sentence
ea4efa06827baf6c4e32cc2831d9e4edf26186e4a5a8c6e9ce584254816112ec,2014-10,Northumbria Police,Northumbria Police,-1.668555,54.957641,On or near Shopping Area,E01008262,Gateshead 009A,Offender sent to prison
dbf03aa385a48207483b6c46167dce5eede455b65e02e540e83bc1a58e9bf209,2014-10,Northumbria Police,Northumbria Police,-1.504726,55.013716,On or near A19,E01008488,North Tyneside 015A,Defendant found not guilty
0e5772bb61d7356d9be04a25812f619d04dcf9629467f1c38d8959525ddc67a1,2014-10,Northumbria Police,Northumbria Police,-1.637015,54.965918,On or near Shopping Area,E01008437,Newcastle upon Tyne 029F,Offender given conditional discharge
a471d21e9cc9cb90ec5fdb8703f360b085b26c2f221b3428b3e1b32c866f9cc4,2014-10,Northumbria Police,Northumbria Police,-1.743879,54.983272,On or near CONSTON CLOSE,E01008400,Newcastle upon Tyne 014A,Defendant found not guilty
d4f7c6cd97a2d704e63bfa5168cc232f306ed7034a825f1174f903f24531834a,2014-10,Northumbria Police,Northumbria Police,-1.428664,55.023655,On or near PARKSIDE,E01008562,North Tyneside 016D,Offender given conditional discharge
9f03ca3fa5c823a9075d159b270fe55f40169b628ab1a21d003fb291f12bda8d,2014-10,Northumbria Police,Northumbria Police,-1.699303,54.993199,On or near Shopping Area,E01008325,Newcastle upon Tyne 015B,Offender given absolute discharge
2c38a274cab214a9a753ce319dfeca5c2865bc10c4ffc782df87fba397367acd,2014-10,Northumbria Police,Northumbria Police,-1.543074,55.123390,On or near SWALEDALE AVENUE,E01027425,Northumberland 025A,Offender sent to prison
4512b639374cddf197b633e8d0cb2f390a878f49a9e98ff36b9c8699b9da704b,2014-10,Northumbria Police,Northumbria Police,-1.520775,55.186350,On or near OSWALD ROAD,E01027542,Northumberland 009B,Defendant found not guilty
0ff3a394fbd9651fa5dbce04e99bd16dcce02794d3bf9bc159ff8075024b02cb,2014-10,Northumbria Police,Northumbria Police,-1.420057,54.885071,On or near PURLEY SQUARE,E01008827,Sunderland 023E,Offender given conditional discharge
81cb204aab667d7fd71c0ac3286bf228d1146eb765b0a984777d2c2850351f80,2014-10,Northumbria Police,Northumbria Police,-1.536580,55.020537,On or near Supermarket,E01008501,North Tyneside 018D,Offender sent to prison
4051eb2b6821e934ef7311a5f9c3c0507c87678850a426ed45ffb2d30730d663,2014-10,Northumbria Police,Northumbria Police,-1.366566,54.885604,On or near WESTMINSTER TERRACE,E01008741,Sunderland 024B,Court case unable to proceed
b207a5487fc63fe96334bda403b650fd9aff23059ff36ab9d304d47d87a5a813,2014-10,Northumbria Police,Northumbria Police,-1.619499,55.006302,On or near NORTH CROSS STREET,E01008419,Newcastle upon Tyne 006E,Defendant found not guilty
bc1956fc0e4a0ffd3a6fb36e87497cfab827cf4b8408e1c407a07e903dbbaa06,2014-10,Northumbria Police,Northumbria Police,-1.664013,54.968628,On or near MACDONALD ROAD,E01008290,Newcastle upon Tyne 027C,Defendant found not guilty
bbd68268adff753d13efdd2a17230f36653b394c46822fe046db80303b18b7f0,2014-10,Northumbria Police,Northumbria Police,-1.753550,54.968222,On or near CROFT CLOSE,E01008247,Gateshead 001B,Defendant found not guilty
996d78af70bc207e0fb5d62e0fbf2929e5b94234f6a8159628c3609caeeefd65,2014-10,Northumbria Police,Northumbria Police,-1.596003,54.956119,On or near CEMETERY ROAD,E01008163,Gateshead 028A,Offender sent to prison
30186681f21d26f61c5a8408471b25fde1ebf75eff8bc19084d6d7dcd2420f8f,2014-10,Northumbria Police,Northumbria Police,-1.614445,54.974044,On or near BLACKETT STREET,E01008397,Newcastle upon Tyne 024C,Defendant found not guilty
63779f2ce403eec80240295ed48d0ca8e916fc1c874baa5001d796c28672942d,2014-10,Northumbria Police,Northumbria Police,-1.591407,55.012079,On or near WEST FARM AVENUE,E01032649,North Tyneside 019F,Offender fined
75e82eeccfe4885d3ee81349a717c8c878c3b15bbed17151b6d22e53cff229fa,2014-10,Northumbria Police,Northumbria Police,-1.647231,54.976515,On or near AGRICOLA ROAD,E01008449,Newcastle upon Tyne 022D,Offender given community sentence
3bc7848e79b58058a98e121f34ef82254fac1fdfaf04e91f10c7f6769a6bedc0,2014-10,Northumbria Police,Northumbria Police,-1.653089,55.016449,On or near WHITELEES COURT,E01008338,Newcastle upon Tyne 003C,Offender sent to prison
102429bff805604f325d954979d76eaad3a061f5344b5181f64c0316947393d8,2014-10,Northumbria Police,Northumbria Police,-1.584242,55.095590,On or near Supermarket,E01027404,Northumberland 028E,Offender sent to prison
18fee2b4bdfad8d2e5ef5115244882844e3cb036949539812df3d1b1cd53decf,2014-10,Northumbria Police,Northumbria Police,-1.602258,54.953722,On or near WHITEHALL ROAD,E01008163,Gateshead 028A,Defendant found not guilty
8360101acd554594c29697e03961fef53994acbc91d5ef405cf98e66c19465e0,2014-10,Northumbria Police,Northumbria Police,-1.586985,54.976757,On or near Petrol Station,E01008304,Newcastle upon Tyne 026C,Offender given community sentence
20b6972ac0ca6093f2f87062ceb5e2ef462eaab1ed77d5813a76c943bd3a8a41,2014-10,Northumbria Police,Northumbria Police,-2.094372,54.966637,On or near GREEN BANK,E01027493,Northumberland 035F,Offender sent to prison
d0193ee55bfc45498993e18241c8efa2fd629aa9a6a472b5ca10310cb7df01aa,2014-10,Northumbria Police,Northumbria Police,-1.606861,54.995622,On or near TAVISTOCK ROAD,E01008372,Newcastle upon Tyne 013D,Defendant found not guilty
f5aba9ac87c97f4c61c512b02dde45a2b5328e3da3b0346b5a04b772c85825ad,2014-10,Northumbria Police,Northumbria Police,-1.496074,54.864202,On or near MAPLE TERRACE,E01008793,Sunderland 030A,Offender given community sentence
5a00571a1c87b5e519bd89838e3ee2e79eb54dec57bd5362ac0476abf781407e,2014-10,Northumbria Police,Northumbria Police,-1.433396,54.998632,On or near Hospital,E01008667,South Tyneside 002D,Offender sent to prison
db9a139d835bba895f11e988becf71715b8ad2eb44ac536363a4b430aecf31ac,2014-10,Northumbria Police,Northumbria Police,-1.549480,54.963612,On or near WINDHILL ROAD,E01008427,Newcastle upon Tyne 030C,Offender sent to prison
8cb1a9d6a6310f212cc5f21e1203e9050f73cbad0adc4593d5db19a6ffe9b11e,2014-10,Northumbria Police,Northumbria Police,-1.612740,54.974308,On or near Shopping Area,E01008397,Newcastle upon Tyne 024C,Offender given conditional discharge
d38b44d7eb90e198e1cf08cb69bffaceb5d63600f840259c5c23af00209e33f1,2014-10,Northumbria Police,Northumbria Police,-1.447225,55.039960,On or near A193,E01008589,North Tyneside 006E,Offender given conditional discharge
c86706f0bb0166441a312fe75cb461ceafed2e88aac4fe65d307c220eed33b2b,2014-10,Northumbria Police,Northumbria Police,-1.397134,54.973332,On or near CARDEN AVENUE,E01008625,South Tyneside 013C,Court case unable to proceed
800ea099b7222d08b13e08c68bde234014bf324411f4885ce3e288f29821cd7d,2014-10,Northumbria Police,Northumbria Police,-1.471987,55.006120,On or near BIDDLESTONE CRESCENT,E01008484,North Tyneside 023C,Offender sent to prison
9f3717f78446f19e9682e217d45a249710313c7dd8e8184393ecad1b926ac9d0,2014-10,Northumbria Police,Northumbria Police,-1.431874,54.973562,On or near NORA STREET,E01008592,South Tyneside 011C,Offender fined
e32b426b2745c39e1e640142d26824b6cbd6bffe4d45def6ff1b620d3dc49bbe,2014-10,Northumbria Police,Northumbria Police,-1.569843,55.139231,On or near Supermarket,E01027517,Northumberland 020B,Offender given suspended prison sentence
5ddb03c34883681129ef034f15374d0658a8ade601e583f3324ee7ea8d651b88,2014-10,Northumbria Police,Northumbria Police,-1.644599,54.948902,On or near Supermarket,E01008211,Gateshead 013D,Offender given conditional discharge
7d7e53e8f3cdaf7e01be7ec554b9cb4ad7c7aecced2c01f819562279f53f5120,2014-10,Northumbria Police,Northumbria Police,-1.403532,54.918942,On or near MOUNT PLEASANT,E01033075,Sunderland 005G,Offender given conditional discharge
f4857e9875ee38cf11ab658c37d5ff6f7314d6f6c3922b7dff38963e84355ee0,2014-10,Northumbria Police,Northumbria Police,-1.655661,54.971687,On or near BARNESBURY ROAD,E01008332,Newcastle upon Tyne 029B,Defendant found not guilty
761ddb311e64990d4c9c3f72dd2cbbf1767d4ecf9e251c0b29ea1bf7af857137,2014-10,Northumbria Police,Northumbria Police,-1.654653,54.967218,On or near TEINDLAND CLOSE,E01008291,Newcastle upon Tyne 027D,Defendant found not guilty
8948324c94158e61a4797e9dbc63aa3927c12c53d84ce69fab1ce61aec574423,2014-10,Northumbria Police,Northumbria Police,-1.488555,54.980634,On or near Shopping Area,E01008600,South Tyneside 007A,Defendant found not guilty
b113d6f0e72e12ff250838644fc098bd02048a9806813679d087cfce20e75e58,2014-10,Northumbria Police,Northumbria Police,-1.508675,55.126886,On or near HAVELOCK STREET,E01027415,Northumberland 023B,Offender sent to prison
7091c536dc3a696167b969bd7083c6be65d6f03251a10ac8caf1a9a2ad0a7e36,2014-10,Northumbria Police,Northumbria Police,-1.366787,54.886387,On or near REGENT TERRACE,E01008739,Sunderland 024A,Offender fined
eb1fda0686836d570480f5638efe6cb5859b572fe6d053f3281fb547aaa3c3c4,2014-10,Northumbria Police,Northumbria Police,-1.419622,54.913134,On or near Shopping Area,E01008762,Sunderland 012B,Offender given conditional discharge
4756c00974770e15cab8ce42a22630125b770b9a4089e11329cbd8e85e759b7a,2014-10,Northumbria Police,Northumbria Police,-1.617134,54.972264,On or near NEWGATE STREET,E01033543,Newcastle upon Tyne 024G,Offender given conditional discharge
9977a4d6d2c3e82648750cc5440645d3cdbcb255675720228a6208e07af97be8,2014-10,Northumbria Police,Northumbria Police,-1.503952,55.010586,On or near MIDDLE ENGINE LANE,E01008468,North Tyneside 021D,Offender sent to prison
2c9ad5a82a35014b047ade326c14e96f53fbbf5a9d30b1bb4aa495e9d9a1a928,2014-10,Northumbria Police,Northumbria Police,-1.742277,55.174852,On or near DARK LANE,E01027447,Northumberland 015A,Court case unable to proceed
93785e51c407a3b73419f0123cfbf5c2aba32035bbed6ca1a5435b296e9e2fa7,2014-10,Northumbria Police,Northumbria Police,-1.613192,54.954953,On or near RECTORY PLACE,E01008170,Gateshead 008C,Defendant found not guilty
a18228b30b7cd40cfbac5e97b3509638496f904f05d9f77bddd9337656fed059,2014-10,Northumbria Police,Northumbria Police,-1.560234,55.022862,On or near CRESCENT WAY NORTH,E01008502,North Tyneside 014C,Offender sent to prison
78b13458aa86bb760aa1ab4f63cd2937f2968f31d601db53c234334c779709b4,2014-10,Northumbria Police,Northumbria Police,-1.585779,54.954225,On or near KING EDWARD PLACE,E01008164,Gateshead 027B,Offender given community sentence
8f0db7ca20d207a5b38762cd935b4a6b4492e00309cebf1cac2b1aa022cff750,2014-10,Northumbria Police,Northumbria Police,-1.409144,54.985271,On or near HIGHFIELD ROAD,E01008650,South Tyneside 006B,Offender sent to prison
e4aef771324cc1ec9d52383aaf205fc577062372457e52dc81a2cd1057fdd80a,2014-10,Northumbria Police,Northumbria Police,-1.384148,54.907163,On or near YORK STREET,E01008703,Sunderland 013B,Offender given suspended prison sentence
61fdb00705e31d9ff5a3513a7c56b60dfc006a8d4e04e0d870e3fba141a5f927,2014-10,Northumbria Police,Northumbria Police,-1.590672,54.939854,On or near FLORENCE AVENUE,E01008236,Gateshead 016C,Defendant found not guilty
157ef50cff360d945a06be7efef968907a7d940a597155595fbdec048ae73400,2014-10,Northumbria Police,Northumbria Police,-1.707946,55.158995,On or near GORSEWAY,E01027455,Northumberland 018A,Offender given conditional discharge
f1d612ce2e7e555f56c8cd1ead1a1df2e47e980d6b69412c7ca4ba090cf5b421,2014-10,Northumbria Police,Northumbria Police,-1.615322,54.972222,On or near NUN STREET,E01033543,Newcastle upon Tyne 024G,Offender fined
509275631f0fa24e021f40ea729c8b05305a5616bc6e34ea7d678fdaed85f3d9,2014-10,Northumbria Police,Northumbria Police,-1.659711,54.997094,On or near MURRAYFIELD ROAD,E01008377,Newcastle upon Tyne 008E,Defendant found not guilty
5b5c2b12de5dd4f037f8b13a4cc03dad30295814f9c78efc29791a06569d4de2,2014-10,Northumbria Police,Northumbria Police,-1.659236,54.988636,On or near Petrol Station,E01008451,Newcastle upon Tyne 016C,Offender given conditional discharge
61a5652d800ca59ec3be5f87ceb8e7f5eb6075b0915a6fd23f37f8f7beb4342d,2014-10,Northumbria Police,Northumbria Police,-1.523778,55.130747,On or near COWPEN ROAD,E01027392,Northumberland 022A,Offender given suspended prison sentence
e827a94a4d77aabc9c9b40b5c72dea64d1c5e9a5fd146f80a8f6044b26dac47c,2014-10,Northumbria Police,Northumbria Police,-1.591397,55.008431,On or near LEALHOLM ROAD,E01008321,Newcastle upon Tyne 007D,Offender sent to prison
2981779245c643a6577dbb8bfa90c7b97b7073d33074fc46af13b21d1b421429,2014-10,Northumbria Police,Northumbria Police,-1.427424,54.868993,On or near B1286,E01008808,Sunderland 029E,Defendant found not guilty
5615b7308f7305e1f0fd943bccee50ab4ce08598a73b0440607d4d5ccc306d4d,2014-10,Northumbria Police,Northumbria Police,-1.635408,55.012255,On or near Supermarket,E01008353,Newcastle upon Tyne 006A,Offender given community sentence
e2d805292912ce461130e97a47805ead1d4ee4a97e904cfac46a91fe224c2645,2014-10,Northumbria Police,Northumbria Police,-1.578639,55.096389,On or near Sports/Recreation Area,E01027401,Northumberland 027B,Offender given community sentence
b956f8215195c232c7690d76021b7f8822c8890d71e760664e48538947a430a8,2014-10,Northumbria Police,Northumbria Police,-1.653139,54.972534,On or near FAIRHOLM ROAD,E01008332,Newcastle upon Tyne 029B,Defendant found not guilty
38ff1350f3a1189bbfff6efac2019cd0fedd1551b4148cfec426bdf189f1d0df,2014-10,Northumbria Police,Northumbria Police,-1.574085,54.979211,On or near MILLERS ROAD,E01008392,Newcastle upon Tyne 026F,Offender given conditional discharge
e26cc17f11dc565d55900b60ab7141710de7c3011f196705df053c7b4185a2bd,2014-10,Northumbria Police,Northumbria Police,-1.445903,55.005357,On or near WALDO STREET,E01008524,North Tyneside 022B,Offender fined
7bb14a32dab270a9e632af3b6e6267e8c656c3af93687b88adcd28535d825c46,2014-10,Northumbria Police,Northumbria Police,-1.386612,54.898953,On or near AZALEA TERRACE SOUTH,E01008834,Sunderland 013E,Defendant found not guilty
fef72306a6d47ec1e8f8fe7c921c9b21b9baab825cb7e24792d18eba579e7a34,2014-10,Northumbria Police,Northumbria Police,-1.578310,54.889039,On or near Sports/Recreation Area,E01008174,Gateshead 026C,Offender given suspended prison sentence
fe99f74cb00982c5b3ff12b7cc6053562b4b9cf8046a2d34b7962c2764716895,2014-10,Northumbria Police,Northumbria Police,-1.443777,55.043746,On or near NORTH PARADE,E01008584,North Tyneside 006A,Offender sent to prison
781091e36a3e1b4c131f8593a7bdfdb9160e71043c6af66cd560635abd8158bd,2014-10,Northumbria Police,Northumbria Police,-1.511471,54.996598,On or near BISHOPS CLOSE,E01008571,North Tyneside 028D,Offender given suspended prison sentence
d3aeee411cd86bf89e4c29d42c1e10c61a1d419c5f2c3352898a0dba2ba16a58,2014-10,Northumbria Police,Northumbria Police,-1.637015,54.965918,On or near Shopping Area,E01008437,Newcastle upon Tyne 029F,Offender given conditional discharge
ce1283f1444b474fee1c5748486d523fa54b72df83fa8a4a03fe9468752e2e52,2014-10,Northumbria Police,Northumbria Police,-1.391310,54.917273,On or near KEIR HARDIE WAY,E01008711,Sunderland 005D,Offender given community sentence
fe90e4b611521e85dd5c2b2234b6e14833582380e4a976ae941bca882620259f,2014-10,Northumbria Police,Northumbria Police,-1.550356,54.939676,On or near THE PADDOCK,E01008231,Gateshead 015A,Offender fined
e447ac03a1f498d6c4e48265d77c4117a5b02a7ea31238b7b8ad4be160d425de,2014-10,Northumbria Police,Northumbria Police,-1.587416,54.978862,On or near MALCOLM STREET,E01008413,Newcastle upon Tyne 023F,Offender sent to prison
3faabc2d69bb049f74fa9fbdb5c1c82706e1198e7d327f846a9b43180a0eb241,2014-10,Northumbria Police,Northumbria Police,-1.619128,55.014164,On or near HAREWOOD ROAD,E01008358,Newcastle upon Tyne 002E,Offender given community sentence
a5bc7d10922d56d84665d746361fd3cb2eebf1eca24896e614b69d338c705ea5,2014-10,Northumbria Police,Northumbria Police,-1.376971,54.894195,On or near Park/Open Space,E01008737,Sunderland 016D,Offender fined
a9d1bca267471097f5f4b472117efc7484f88bcaf00e3f5af080b065495b879b,2014-10,Northumbria Police,Northumbria Police,-1.619903,55.013187,On or near Supermarket,E01008358,Newcastle upon Tyne 002E,Offender sent to prison
fc3e7429121ee68da1db2a0ed3627c88ef91e44803ffdc549cec6bfb1ed1af7b,2014-10,Northumbria Police,Northumbria Police,-1.677429,54.992280,On or near FINSMERE PLACE,E01008350,Newcastle upon Tyne 019H,Offender given suspended prison sentence
185e1220d06312fa1ba384e108aa0e153f04d0156080c057be4bd94c638be877,2014-10,Northumbria Police,Northumbria Police,-1.687746,54.973858,On or near BROADMEAD WAY,E01033547,Newcastle upon Tyne 025E,Offender given absolute discharge
bcd7dd327f84d057d12d45c5efa77618a2b0441b39edd4a3f2fd57e40acdf0b4,2014-10,Northumbria Police,Northumbria Police,-1.678667,54.956608,On or near MARCONI WAY,E01008262,Gateshead 009A,Offender fined
e48df6b2ee4144564a1c13aa5e7d56384d57d4602bde20cb1c1e1ef99eaf455e,2014-10,Northumbria Police,Northumbria Police,-1.629670,54.976562,On or near JEFFERSON PLACE,E01008395,Newcastle upon Tyne 024B,Offender given community sentence
bc6ecfba03aad303c506c8e18c2c7c763cc5adbe8efbd80147a82bce2755d591,2014-10,Northumbria Police,Northumbria Police,-1.536013,54.991033,On or near Shopping Area,E01008536,North Tyneside 030C,Offender ordered to pay compensation
b2d92dbaab81f045699e6fa17381e672afc9b8e8b45ae4d892988f7d0ce732be,2014-10,Northumbria Police,Northumbria Police,-1.694907,54.995785,On or near FRANKHAM STREET,E01008324,Newcastle upon Tyne 015A,Defendant found not guilty
4cabd7eb88c4a699e40b9613b436613c7dc445e6a43483f4d27b5d18ffca3b11,2014-10,Northumbria Police,Northumbria Police,-1.430990,54.989661,On or near Supermarket,E01008668,South Tyneside 002E,Offender given conditional discharge
45a48d6471c9e4024de2aebf526acbc9b2622eae1e2643d65309bb91580e0107,2014-10,Northumbria Police,Northumbria Police,-1.447484,55.008618,On or near Supermarket,E01008524,North Tyneside 022B,Court case unable to proceed
6f5cd7d33415c2c6a5d19a446ce4095383d09e3f4bf9967aa68ea1ea2aa2d626,2014-10,Northumbria Police,Northumbria Police,-1.380861,54.904881,On or near Further/Higher Educational Building,E01008703,Sunderland 013B,Offender given conditional discharge
150ac98a9916caf9774de1041a3525d856e1d2d60ff8a5780304108f44b4d91c,2014-10,Northumbria Police,Northumbria Police,-1.661841,54.985516,On or near GENISTER PLACE,E01008451,Newcastle upon Tyne 016C,Offender sent to prison
2baf364ffe89b8656c3905b5605b0614b6f66b005d75a78a327600b6dc9caafb,2014-10,Northumbria Police,Northumbria Police,-1.524562,54.899301,On or near DRYBURGH,E01008849,Sunderland 019D,Defendant found not guilty
a5d9c1b863b4d5f4a6fef277f5f73586414563602324900a06c67e8ae45d2ea9,2014-10,Northumbria Police,Northumbria Police,-1.668555,54.957641,On or near Shopping Area,E01008262,Gateshead 009A,Offender sent to prison
3fe83454a8de6d74bde8b45423efcd67a2b1b7fda61011e5cda9b9e2d9aa71a5,2014-10,Northumbria Police,Northumbria Police,-1.530571,54.992683,On or near CORONATION STREET,E01008573,North Tyneside 029B,Offender given community sentence
95a33c804350e74c6a6aaf7b16936c89519c54e3bba4ca43221daa4755810be6,2014-10,Northumbria Police,Northumbria Police,-1.615322,54.972222,On or near NUN STREET,E01033543,Newcastle upon Tyne 024G,Offender given suspended prison sentence
10d065140e9c31dee42e9df01ae734e8b3c040320e58f92777f3558ff3f1bb03,2014-10,Northumbria Police,Northumbria Police,-1.668240,55.013032,On or near KINGSTON PARK AVENUE,E01008294,Newcastle upon Tyne 001A,Offender given suspended prison sentence
b5735e12d8b4612609b947f48f75ebb0cb03a2736be69e33b2ec338b3c033d29,2014-10,Northumbria Police,Northumbria Police,-1.538465,55.041616,On or near CASTLE SQUARE,E01008565,North Tyneside 007C,Offender fined
355c79967262598b27b94ad382205c46d7c20e4a629f6bb0eaa49457275ef473,2014-10,Northumbria Police,Northumbria Police,-1.448796,55.004121,On or near COACH LANE,E01008544,North Tyneside 027D,Offender fined
10924c61e3c3a7e5d4a2e37825500cc8516a86fdb3ce75c467efd9ab1139f1e6,2014-10,Northumbria Police,Northumbria Police,-1.445442,55.008150,On or near Shopping Area,E01008524,North Tyneside 022B,Offender sent to prison
60476653a75f9793a905dc3316b615ea06d7dc700f3ab14adfe9f360fc2b7f49,2014-10,Northumbria Police,Northumbria Police,-1.614002,54.976262,On or near Shopping Area,E01008397,Newcastle upon Tyne 024C,Offender given conditional discharge
647e4fc3b87161b4a2c17cd979b693bd7acdc78717b166bf0067ef2fe9d65101,2014-10,Northumbria Police,Northumbria Police,-1.456982,54.961761,On or near WESTCLIFFE WAY,E01008605,South Tyneside 016B,Offender given community sentence
e5600f59e564b4d8898571ef2f25cae2ec2d37c6bbc0fa55cd181fdb15ebb974,2014-10,Northumbria Police,Northumbria Police,-1.666303,54.973119,On or near RIDDELL AVENUE,E01008289,Newcastle upon Tyne 027B,Defendant found not guilty
3d301fd266595d03d22680631b578fbeaf672a7d493e7385565a3088c41b4bec,2014-10,Northumbria Police,Northumbria Police,-1.554497,55.126945,On or near Supermarket,E01027425,Northumberland 025A,Offender given suspended prison sentence
e170699be6f7ad0ca04f814e2e89f5e9d2a7b5be8fa82dc3f50cfb702e86e9c0,2014-10,Northumbria Police,Northumbria Police,-1.617120,54.978617,On or near EDWARD'S WALK,E01008397,Newcastle upon Tyne 024C,Court case unable to proceed
df905e88013bfb34a31ecfadb050174607e6b329aa9bf619853921464c0197bc,2014-10,Northumbria Police,Northumbria Police,-1.429462,54.990508,On or near JOHN CLAY STREET,E01008668,South Tyneside 002E,Offender sent to prison
65940c4fcdcd9dc9bf2c455a590294051e68f7cce58b82d08f4a50fb2a533317,2014-10,Northumbria Police,Northumbria Police,-1.626590,55.005434,On or near BROOMFIELD ROAD,E01008419,Newcastle upon Tyne 006E,Defendant found not guilty
737ecca304c163e1f507c9ab36af400afa9173fdc4d5b4aa3aa3e4ba2a7cecd3,2014-10,Northumbria Police,Northumbria Police,-1.380861,54.904881,On or near Further/Higher Educational Building,E01008703,Sunderland 013B,Offender ordered to pay compensation
e06a8f8431d1f292c4b3149de0beb1d49d5a015233188018e7cf9a7f46ad5309,2014-10,Northumbria Police,Northumbria Police,-1.444423,54.981168,On or near DEVONSHIRE STREET,E01008671,South Tyneside 012C,Offender sent to prison
22dafb4234ea45f9b568cf68663c2b564ff05b38873f381d5b9ee601e01edeee,2014-10,Northumbria Police,Northumbria Police,-1.529878,54.989140,On or near BUDDLE STREET,E01008575,North Tyneside 030E,Offender sent to prison
8ef2cac3151faadd3f4b70eb5d63e74882e7d743ad7dfe16a9c75627ab8611a5,2014-10,Northumbria Police,Northumbria Police,-1.554224,54.972418,On or near CHATHILL TERRACE,E01008426,Newcastle upon Tyne 028C,Court case unable to proceed
f4a49deb0397ead20882e0c2e553e33a01cc237e3589df86f1b2f0343f8d1cad,2014-10,Northumbria Police,Northumbria Police,-1.612740,54.974308,On or near Shopping Area,E01008397,Newcastle upon Tyne 024C,Offender sent to prison
0f978787ba31e780cab5486bdfec66b8c0f4a93cbe8d90e0b99fceda6f1df2a8,2014-10,Northumbria Police,Northumbria Police,-1.402941,54.919856,On or near SUNDERLAND ROAD,E01033075,Sunderland 005G,Offender ordered to pay compensation
4e1978eec2493cc28ec5107df0bbf975668df2738341642e46615bc469d216c4,2014-10,Northumbria Police,Northumbria Police,-1.582684,54.981748,On or near STANNINGTON AVENUE,E01008412,Newcastle upon Tyne 023E,Offender sent to prison
63833aa3bbec0c8e618f7800670c485b78dded731ae60914ccf75d17f4b5952b,2014-10,Northumbria Police,Northumbria Police,-1.611738,54.969722,On or near ST NICHOLAS' STREET,E01033545,Newcastle upon Tyne 024H,Defendant found not guilty
d702ee688be91baee11f957db769a07110326d1894e8382d6cf5493eeb0ef392,2014-10,Northumbria Police,Northumbria Police,-1.429397,54.984100,On or near ALBANY STREET WEST,E01008683,South Tyneside 005D,Defendant found not guilty
a3f52e7c913b7e4f4bce87c999140118ca1556c011104c01576a380a8fb74b61,2014-10,Northumbria Police,Northumbria Police,-1.426348,54.918458,On or near HYLTON PARK ROAD,E01008693,Sunderland 008A,Offender given suspended prison sentence
f7935b23baf8b9b4a18930eeea72a2cada2ae3adc6aa2d4e9e06748aaf58ff86,2014-10,Northumbria Police,Northumbria Police,-1.433396,54.998632,On or near Hospital,E01008667,South Tyneside 002D,Court case unable to proceed
ab96105296b0048ca508e903c09572924cffef29fb354bc9b0875e62d6961ca1,2014-10,Northumbria Police,Northumbria Police,-1.618837,54.970526,On or near CLAYTON STREET WEST,E01033543,Newcastle upon Tyne 024G,Offender given suspended prison sentence
41123dda07069ad8c36874781e862b2522d8c778cef86aa29297f11c17dca2ec,2014-10,Northumbria Police,Northumbria Police,-1.603684,54.973784,On or near ARGYLE STREET,E01033553,Newcastle upon Tyne 023H,Offender given suspended prison sentence
8fb594d806cb6961a7d14d00e96cb4a26359015eee8236583ebe4591afe82931,2014-10,Northumbria Police,Northumbria Police,-1.615061,54.975034,On or near Shopping Area,E01008397,Newcastle upon Tyne 024C,Offender sent to prison
d0cdc2b2a9e0f9965f1b50bd63c1de3204f90725a9a5ead12ccf04c3e5dfe3bc,2014-10,Northumbria Police,Northumbria Police,-1.608320,54.954892,On or near SEDGEWICK PLACE,E01008169,Gateshead 008B,Offender given conditional discharge
13132535ed51a2502be47bbab592c9d3a3c7861c57cf088d8920ac8dccce9dcb,2014-10,Northumbria Police,Northumbria Police,-1.639880,54.975640,On or near STANHOPE STREET,E01033556,Newcastle upon Tyne 022H,Offender given conditional discharge
f2350478392da826a09520f47819a92effe6787245f3ac07953a59782de41b21,2014-10,Northumbria Police,Northumbria Police,-1.433719,55.000107,On or near MILE END ROAD,E01008667,South Tyneside 002D,Offender given conditional discharge
a38119d2b523ac0c9a5cfa7046d5df415b3bfe0f6c48133180953053c1310fc5,2014-10,Northumbria Police,Northumbria Police,-1.380861,54.904881,On or near Further/Higher Educational Building,E01008703,Sunderland 013B,Offender given conditional discharge
01a14d83b09bfafbdb8b6d46817efbafd496aa8703bd31971fd47d69ec970189,2014-10,Northumbria Police,Northumbria Police,-1.458013,55.004684,On or near Sports/Recreation Area,E01008485,North Tyneside 023D,Offender given conditional discharge
46f9da8ace5b8a7327e9f5543514ef20ad366dbea5654789df98e453c2c66b31,2014-10,Northumbria Police,Northumbria Police,-1.657815,54.970138,On or near ADELAIDE TERRACE,E01008332,Newcastle upon Tyne 029B,Offender sent to prison
4f7a0014cb73b3e4b4bca810e05f91c6a47713e46e653c62085c077de1b1178b,2014-10,Northumbria Police,Northumbria Police,-1.508675,55.126886,On or near HAVELOCK STREET,E01027415,Northumberland 023B,Offender fined
4fce2dd8ed948505851f93363307a5e12567d856de9fb27b09a5b1b11f5d71cc,2014-10,Northumbria Police,Northumbria Police,-1.491834,54.874348,On or near WEARDALE CRESCENT,E01008800,Sunderland 030D,Offender given community sentence
b878463c3930e024086c72d7611338b880ab50bc3556a9595270b6c2685b5ba1,2014-10,Northumbria Police,Northumbria Police,-1.491865,54.873081,On or near AVONDALE AVENUE,E01008800,Sunderland 030D,Offender otherwise dealt with
0efd27adc997347fb2ea6a53e788bcd6df4977103cf0e6b601f8ef4f7fda656d,2014-10,Northumbria Police,Northumbria Police,-1.449203,55.041767,On or near Supermarket,E01008585,North Tyneside 006B,Offender given conditional discharge
c0be63b0e4a9eeb496c7be13b6e645f1077305455b359362dff42ea2fd8f3c08,2014-10,Northumbria Police,Northumbria Police,-1.531015,55.115391,On or near HOLYSTONE CLOSE,E01027428,Northumberland 025D,Offender given community sentence
b0b0cbd58b1d1fcf4ef247d6212eb1a539cd5b1c60d88b76f2baad4c1710cd23,2014-10,Northumbria Police,Northumbria Police,-1.374793,54.904958,On or near HUDSON ROAD,E01008836,Sunderland 016F,Offender fined
46b4ce8ebe71db002a3134406dbaa6e8627e67caa77c3dc2f58ed276d099e617,2014-10,Northumbria Police,Northumbria Police,-1.387978,54.903462,On or near ALBION PLACE,E01008831,Sunderland 013D,Defendant found not guilty
6fdf6619a37963c0fb346d23666d72d372dad30b4e42d6cc1ca0fa33e78a010f,2014-10,Northumbria Police,Northumbria Police,-1.601352,54.958464,On or near HIGH WEST STREET,E01008166,Gateshead 027C,Defendant found not guilty
3d4841d399156c4b3097b3e8bf61f7cfdab54a5f35c0f8db48f46c78d422d5cc,2014-10,Northumbria Police,Northumbria Police,-1.366221,54.870819,On or near ROSELEA AVENUE,E01008766,Sunderland 028C,Defendant found not guilty
7cd9295090f11ba01bb93adab12461cbe8b25095dbbf62dece1b0dae92f320dd,2014-10,Northumbria Police,Northumbria Police,-1.421341,54.946652,On or near Pedestrian Subway,E01008620,South Tyneside 023D,Offender otherwise dealt with
a7fca82963d40840867c50959045de15f6afcc4bc5f214ceb68e005c8d0f0c7d,2014-10,Northumbria Police,Northumbria Police,-1.507666,54.971601,On or near CAMPBELL PARK ROAD,E01008655,South Tyneside 009E,Offender given suspended prison sentence
90e3f91d41d4f2c672d4308fabdecd5d8ba5b7eec9eb3f733153170488b4d3f6,2014-10,Northumbria Police,Northumbria Police,-1.612931,54.970714,On or near GROAT MARKET,E01033543,Newcastle upon Tyne 024G,Offender given conditional discharge
c86cf5f501dd9a246be4d58f3a180fee29b3d611a0e6d6419b1e230fe8ab7f62,2014-10,Northumbria Police,Northumbria Police,-2.011358,55.781425,On or near NORTH ROAD,E01027376,Northumberland 001A,Offender sent to prison
b8ef8f868c77634b9dd98c1de3d6bf6f98e24672e3c5487f730b384aef6ce857,2014-10,Northumbria Police,Northumbria Police,-1.370085,54.870848,On or near Supermarket,E01008769,Sunderland 028E,Offender given suspended prison sentence
978aeca38ceb683a9b8aa4d9b0e6610b6c0d281b42170ce5b62b243fa83b2479,2014-10,Northumbria Police,Northumbria Police,-1.590612,54.950386,On or near EDGWARE ROAD,E01008204,Gateshead 011D,Court case unable to proceed
1d25462034c5a58bc9e540b53faa08b61dd59b48db38ff4fb8d5549260a5032c,2014-10,Northumbria Police,Northumbria Police,-1.617134,54.972264,On or near NEWGATE STREET,E01033543,Newcastle upon Tyne 024G,Offender sent to prison
ba0dfcd3dd51a1d12aac0d4e7b62768d9e6a5cce68c6dad8396c1aa24727d0ca,2014-10,Northumbria Police,Northumbria Police,-1.621824,54.971811,On or near BATH LANE,E01033554,Newcastle upon Tyne 024I,Offender given community sentence
d42b6b798940e5fd1d9a25f67fde2a49e09b2d085c8e30997b6326b9a872deef,2014-10,Northumbria Police,Northumbria Police,-1.716981,54.995308,On or near Shopping Area,E01008447,Newcastle upon Tyne 031F,Defendant found not guilty
94c8366bd33a8a06ad6e2c93611a4c7528d6c83e47e0cbb2d5d0416bb4e411c1,2014-10,Northumbria Police,Northumbria Police,-1.614002,54.976262,On or near Shopping Area,E01008397,Newcastle upon Tyne 024C,Offender given community sentence
baf94a40969811af07699e11ae8f22c858d94f70c80041465a6521423abe7b20,2014-10,Northumbria Police,Northumbria Police,-1.564197,55.172207,On or near HARTFORD CRESCENT,E01027537,Northumberland 014B,Court case unable to proceed
412675d24a35caa61fe53ad708ac3ed11665f6bd1573a594046097352fbe3db4,2014-10,Northumbria Police,Northumbria Police,-1.668240,55.013032,On or near KINGSTON PARK AVENUE,E01008294,Newcastle upon Tyne 001A,Offender given absolute discharge
978aeca38ceb683a9b8aa4d9b0e6610b6c0d281b42170ce5b62b243fa83b2479,2014-10,Northumbria Police,Northumbria Police,-1.590612,54.950386,On or near EDGWARE ROAD,E01008204,Gateshead 011D,Court case unable to proceed
98a7394eacadbf94ab7435a8fec9e32eb681fd2c97acd91a3933ec7c31960e97,2014-10,Northumbria Police,Northumbria Police,-1.601868,54.956830,On or near DENMARK STREET,E01008168,Gateshead 027D,Defendant found not guilty
11849ea74e36aa0f3ad299126180b1d4d04e7a9ec736de41173a08edefa66acc,2014-10,Northumbria Police,Northumbria Police,-1.565885,54.948584,On or near ROWLANDSON CRESCENT,E01008216,Gateshead 012C,Defendant found not guilty
a80f7ad64046baee8366fabf606bfa1f19581f3232ae69adb0987a57384a86eb,2014-10,Northumbria Police,Northumbria Police,-1.401479,54.893284,On or near Petrol Station,E01008781,Sunderland 022B,Offender given suspended prison sentence
7b92d49f289495b2b39b5c3a9628574afe11d1d7443132368afc5c6e65bd8e99,2014-10,Northumbria Police,Northumbria Police,-1.508379,55.124135,On or near BARNARD STREET,E01027414,Northumberland 023A,Offender sent to prison
e391dacbe5f32c0d5514ae61a966507dcbc7a706334c6016c1c7a7ab78b27986,2014-10,Northumbria Police,Northumbria Police,-1.670434,55.012382,On or near MILVERTON COURT,E01008294,Newcastle upon Tyne 001A,Offender given community sentence
da4c4625c20af145ad52c121affd9affc991fd2581c0f3ce176bd4dee0b49efa,2014-10,Northumbria Police,Northumbria Police,-1.641060,54.972930,On or near Supermarket,E01008331,Newcastle upon Tyne 029A,Offender given absolute discharge
f5aba9ac87c97f4c61c512b02dde45a2b5328e3da3b0346b5a04b772c85825ad,2014-10,Northumbria Police,Northumbria Police,-1.496074,54.864202,On or near MAPLE TERRACE,E01008793,Sunderland 030A,Offender sent to prison
0523f411e9d6aa588665a375e90d515fcee44b2c6ea74fcd336f035e004d38dd,2014-10,Northumbria Police,Northumbria Police,-1.599912,55.133213,On or near GLEBE ROAD,E01027523,Northumberland 021F,Offender given community sentence
ae0871175c22cf4f40892a9cf9192f3fc630a18434685f5f206365a6bc8d8c9a,2014-10,Northumbria Police,Northumbria Police,-1.491834,54.874348,On or near WEARDALE CRESCENT,E01008800,Sunderland 030D,Court case unable to proceed
700777411df1f27491e6bf4cf7199dc1fc8b26a00e37a3223eaa3dc7406c0778,2014-10,Northumbria Police,Northumbria Police,-1.616721,54.974644,On or near Shopping Area,E01008397,Newcastle upon Tyne 024C,Offender given suspended prison sentence
f300cc014e7e3ce5c7e5bd4157088af7a5e63b30bb70b144cca4707716bd02fc,2014-10,Northumbria Police,Northumbria Police,-1.612740,54.974308,On or near Shopping Area,E01008397,Newcastle upon Tyne 024C,Offender given conditional discharge
bf2eb2a398d4009bd1f7784c6847d3f17c1a04dd9b7526807993cb6737dc3f2f,2014-10,Northumbria Police,Northumbria Police,-1.601804,54.961701,On or near JACKSON STREET,E01008166,Gateshead 027C,Offender given suspended prison sentence
42c53d60c1add9824eda11f4008612211f485238272aaf7e09a6774152612f32,2014-10,Northumbria Police,Northumbria Police,-1.616944,54.956124,On or near MARIAN COURT,E01008170,Gateshead 008C,Offender given conditional discharge
a420d17a41238258e71c5d243d2cb70affda48ca02760ab6f1f6abe9a4a534f2,2014-10,Northumbria Police,Northumbria Police,-1.590750,55.058185,On or near ELIZABETH CRESCENT,E01008578,North Tyneside 002D,Defendant found not guilty
e4dcd0f61f34074025ddaa6fbbd5637a90a24c6e6dfad9c79dceeb390d2e4ff8,2014-10,Northumbria Police,Northumbria Police,-1.508379,55.124135,On or near BARNARD STREET,E01027414,Northumberland 023A,Offender sent to prison
8a96d51ae107579112df425879478c2d37096fcc75a2b7eb50905eb46423642f,2014-10,Northumbria Police,Northumbria Police,-1.574085,54.979211,On or near MILLERS ROAD,E01008392,Newcastle upon Tyne 026F,Offender given absolute discharge
b80f7574ac9685baa644f797f8763a55a6150924805127fa4f4a5423d68800b7,2014-10,Northumbria Police,Northumbria Police,-1.454323,55.008154,On or near HOPPER STREET,E01008483,North Tyneside 022A,Offender given community sentence
cf2dc0bf020255e97bf7c62d85ab7e995b12ad6b1a665ddf45bc49133505de7e,2014-10,Northumbria Police,Northumbria Police,-1.609612,54.977892,On or near Parking Area,E01008397,Newcastle upon Tyne 024C,Offender given community sentence
e408dafb1521609d4508928dfce6b5fb97642fbd008a5a7938559b38c1f65e84,2014-10,Northumbria Police,Northumbria Police,-1.508675,55.126886,On or near HAVELOCK STREET,E01027415,Northumberland 023B,Offender sent to prison
f75ef9120660cab1a23b44fa411e92dab550e1be83b9b22078fc5c52e671c046,2014-10,Northumbria Police,Northumbria Police,-2.095982,54.966861,On or near BONDGATE COURT,E01027494,Northumberland 035G,Offender given suspended prison sentence
402043cd3ce022b0d7233b645f6502c65f1e8cbabf4d27d6bdea6be1e3ca6c35,2014-10,Northumbria Police,Northumbria Police,-1.615070,54.967495,On or near SOUTH STREET,E01033545,Newcastle upon Tyne 024H,Defendant found not guilty
fb7c3e6a5c74a537f0fd27b6d1146fcc7d44e7885f5a1283aaf64ea9899fc0a1,2014-10,Northumbria Police,Northumbria Police,-1.655539,54.971426,On or near GILL STREET,E01008332,Newcastle upon Tyne 029B,Offender given conditional discharge
73cfe5f2b00f3ef33fd61f8bfca3849b4a56c1be9447c2890f4bfbabeb7fe87a,2014-10,Northumbria Police,Northumbria Police,-1.581311,55.082164,On or near ADDERSTONE AVENUE,E01027411,Northumberland 029C,Offender fined
248ada4330c1aeab2861ef2384199d9a0319749bb6cd1ea5057913f4e0ad1c35,2014-10,Northumbria Police,Northumbria Police,-1.504162,55.003676,On or near PURLEY CLOSE,E01008509,North Tyneside 026B,Court case unable to proceed
0d11242962b20b2c198f8f81710bc36bad07492774b6fc737bddcd368bf96dcf,2014-10,Northumbria Police,Northumbria Police,-1.524660,55.122492,On or near THROPTON COURT,E01027423,Northumberland 024C,Defendant found not guilty
5543fdf7ddd96ac8580c7c851d0bec3e8561babdc6befd6af65a06f9db957f52,2014-10,Northumbria Police,Northumbria Police,-1.619580,55.004307,On or near Supermarket,E01008419,Newcastle upon Tyne 006E,Offender sent to prison
2f3003c3731068a068be03e96cd7f53bab908187937ba0978838387fae9e0942,2014-10,Northumbria Police,Northumbria Police,-1.619903,55.013187,On or near Supermarket,E01008358,Newcastle upon Tyne 002E,Offender given community sentence
88eb233922a70c359b15220d52e70c41f2d23f1aec97b4ddf2c6985fc5bb1696,2014-10,Northumbria Police,Northumbria Police,-1.488571,54.871090,On or near CHIGWELL CLOSE,E01008801,Sunderland 030E,Offender sent to prison
8c4cc629e968a453bd8a399a56eda7d0c1388d217bf3e2285eeb18068ff0c03d,2014-10,Northumbria Police,Northumbria Police,-1.577692,55.132743,On or near STEAD LANE,E01027519,Northumberland 020D,Defendant found not guilty
667c04c020d82a2dce9d98a3a11cae6298636cb7d8bc7295301c40542f2ee13a,2014-10,Northumbria Police,Northumbria Police,-1.479058,54.845097,On or near LEYBURN GROVE,E01008753,Sunderland 033D,Court case unable to proceed
713427a5338e38899e3df9cd29b9e58fad3e0647f3639777e4a3783a520adc0c,2014-10,Northumbria Police,Northumbria Police,-1.658704,54.972136,On or near DOLPHIN STREET,E01008332,Newcastle upon Tyne 029B,Defendant found not guilty
cba665e19b2c176e007d917ff2fdad6bc3b954febf65713d70c31666dafd0f2a,2014-10,Northumbria Police,Northumbria Police,-1.613189,54.969906,On or near COLLINGWOOD STREET,E01033545,Newcastle upon Tyne 024H,Offender given conditional discharge
f1218da452ca5bedcdbb6bf0910caf47e95031cfa1792bcd757036d1c33fa49a,2014-10,Northumbria Police,Northumbria Police,-1.437702,54.998095,On or near Shopping Area,E01008667,South Tyneside 002D,Offender sent to prison
eb9a6217a790ffefcbf0949ed4799b3e86d7209579e5038c20f252b1bed12762,2014-10,Northumbria Police,Northumbria Police,-1.656102,54.973180,On or near WELLFIELD ROAD,E01008332,Newcastle upon Tyne 029B,Offender given suspended prison sentence
ee9590be88b3b504062498c40a4be2ff8dff931da9ead0ddaaea77efc3513009,2014-10,Northumbria Police,Northumbria Police,-1.587398,55.059872,On or near THE WYNDING,E01008578,North Tyneside 002D,Offender given community sentence
58160b81b31eeff86a2224bc0e2bafd4971d430ab17fe6ad140ec97d127b1823,2014-10,Northumbria Police,Northumbria Police,-1.570759,55.185440,On or near LINTONVILLE TERRACE,E01027529,Northumberland 010B,Offender given community sentence
5ab8515c70471e697fbdcc26c07b456d10d7780127987905ea4da1ceff037817,2014-10,Northumbria Police,Northumbria Police,-1.369981,54.886529,On or near WOODSTOCK AVENUE,E01008739,Sunderland 024A,Offender given conditional discharge
08fb4d95abfb6056ebc81b500d5578be22dc10677671cd7d54c0d4869b32258e,2014-10,Northumbria Police,Northumbria Police,-1.573651,54.970070,On or near KIRK STREET,E01008305,Newcastle upon Tyne 026D,Offender sent to prison
10bd375940b125aa1874116352bd46742d1251094f1632a09b887ac2e05b2563,2014-10,Northumbria Police,Northumbria Police,-1.506420,55.186347,On or near SANDRIDGE,E01027541,Northumberland 009A,Offender given community sentence
4ec5e25eb5a16be1eed3d11b4184ad7293975ffbd3cdc4dc6e37237e685e46e9,2014-10,Northumbria Police,Northumbria Police,-1.584242,55.095590,On or near Supermarket,E01027404,Northumberland 028E,Court case unable to proceed
c52b8aae8956314d61113aba0e29c230d2c1af5924a42b2b2e1fe9f185beb7a7,2014-10,Northumbria Police,Northumbria Police,-1.545782,54.974328,On or near BERRY CLOSE,E01008425,Newcastle upon Tyne 030B,Offender given conditional discharge
191c0cf0ba9e0e1bbe0331c35a9d9512187e2385d96e91c90b9b4fa22256408e,2014-10,Northumbria Police,Northumbria Police,-1.638626,55.049216,On or near WESTFIELD AVENUE,E01008307,Newcastle upon Tyne 001C,Offender given absolute discharge
0b9069b153c9c4df39c5a3eab9e9780e2aa848fa6cd06db15d7494d8b0dd90b7,2014-10,Northumbria Police,Northumbria Police,-1.619580,55.004307,On or near Supermarket,E01008419,Newcastle upon Tyne 006E,Offender sent to prison
18187e04359e8cb6e3e96a40bc816c609f98351851467f05d425258938c997a2,2014-10,Northumbria Police,Northumbria Police,-1.617134,54.972264,On or near NEWGATE STREET,E01033543,Newcastle upon Tyne 024G,Offender given conditional discharge
8a24d76fd2d879dc7256f4acee9ee5f1183f5abdf84a3d4f13d540a07ecb59e1,2014-10,Northumbria Police,Northumbria Police,-1.546602,55.184310,On or near Hospital,E01027549,Northumberland 013E,Defendant found not guilty
0a8753856cea3179598e10f1b6d350b1575059f8353baab435c2bda860612871,2014-10,Northumbria Police,Northumbria Police,-1.667079,55.011618,On or near Shopping Area,E01008294,Newcastle upon Tyne 001A,Offender sent to prison
5163b40d56dc280cd923a35c80e9b268998bf3c339adcb0ca4a050dd7321fe4e,2014-10,Northumbria Police,Northumbria Police,-1.604887,54.964272,On or near Parking Area,E01008168,Gateshead 027D,Offender given community sentence
c0355c4e70d1ab6d642c2fdc639527ba16ff4163865acb7548bff36f0b08e81e,2014-10,Northumbria Police,Northumbria Police,-1.655340,54.974562,On or near Parking Area,E01008334,Newcastle upon Tyne 029D,Offender fined
7c1fc45cecdc6b270ceb7aa8267908cd95877fc4f3e9b1622a6ac55f6a3a19c0,2014-10,Northumbria Police,Northumbria Police,-1.510696,55.128314,On or near REGENT STREET,E01027415,Northumberland 023B,Offender given community sentence
8b3f869aeed1e032d15a71c3b404eb31e30c927161ef405a7306a57f56e8aa89,2014-10,Northumbria Police,Northumbria Police,-1.419125,54.908665,On or near MARGARET ALICE STREET,E01008762,Sunderland 012B,Offender given conditional discharge
c11fb2e084d3c8936ab62c5f0c5d5e8e29e1e65a458edbcd22dbecadb21d0747,2014-10,Northumbria Police,Northumbria Police,-1.605988,54.976200,On or near A167(M),E01008407,Newcastle upon Tyne 023B,Offender sent to prison
7305e6f370492d9d6866d6ddde0d2b2eea72993d61f6963835378a250944464b,2014-10,Northumbria Police,Northumbria Police,-1.387943,54.935624,On or near THRELKELD GROVE,E01008724,Sunderland 001C,Defendant found not guilty
41d924cef842ceeea0169cdd916e39cb088344d6399009e043feae6100e1cf58,2014-10,Northumbria Police,Northumbria Police,-1.587253,54.976516,On or near ROBSON STREET,E01008304,Newcastle upon Tyne 026C,Offender given absolute discharge
a0cd54cb47f588e1970d3b13a8e2a28735fcd5618d634bac36b94ebf89686ec7,2014-10,Northumbria Police,Northumbria Police,-1.437261,54.974881,On or near BURNHAM STREET,E01008591,South Tyneside 011B,Offender sent to prison
0bddf292daae904e818b2918438dc89842ec7397c419ed3fc79d28fb45733f69,2014-10,Northumbria Police,Northumbria Police,-1.666303,54.973119,On or near RIDDELL AVENUE,E01008289,Newcastle upon Tyne 027B,Offender given community sentence
1392ac76072aa26c83c224371fcb458c8f2436b1d2041f444f157d0e1531065f,2014-10,Northumbria Police,Northumbria Police,-1.384668,54.905790,On or near Shopping Area,E01008703,Sunderland 013B,Offender otherwise dealt with
354dc9a6cba503bf5be6074bbcb0ab2622706391ccf5ba81d53d7d345fbab436,2014-10,Northumbria Police,Northumbria Police,-1.615322,54.972222,On or near NUN STREET,E01033543,Newcastle upon Tyne 024G,Offender given community sentence
9241d81098dbe4c4b6f3ba15f9e6d0d7f92855ed595cca3be11ede2735f1740d,2014-10,Northumbria Police,Northumbria Police,-1.517379,55.130695,On or near HAMBLEDON STREET,E01027415,Northumberland 023B,Offender given community sentence
4fcd21f656c9750ce58ee861e83d7c89d1803c851133291c7dc79beb8cf44241,2014-10,Northumbria Police,Northumbria Police,-1.451552,54.821332,On or near PEMBERTON STREET,E01008742,Sunderland 035C,Offender sent to prison
6e7f966dd3134716fbfacfa3183168d56671503d2ec0b281490fb9edc751c953,2014-10,Northumbria Police,Northumbria Police,-1.639337,54.952463,On or near Supermarket,E01008210,Gateshead 007B,Offender given conditional discharge
2d4c53ec3292447e3f90040cc22be02e9bc62b2e45d37437767d93ad28e9d56f,2014-10,Northumbria Police,Northumbria Police,-1.695700,54.992228,On or near Pedestrian Subway,E01008325,Newcastle upon Tyne 015B,Offender sent to prison
1b3818b8e95032145cfd9e4c4b3fa1ad08a6380ae6202eefdcdc25fadaeb7d3c,2014-10,Northumbria Police,Northumbria Police,-1.618315,54.972879,On or near Supermarket,E01033543,Newcastle upon Tyne 024G,Offender sent to prison
e408dafb1521609d4508928dfce6b5fb97642fbd008a5a7938559b38c1f65e84,2014-10,Northumbria Police,Northumbria Police,-1.508675,55.126886,On or near HAVELOCK STREET,E01027415,Northumberland 023B,Offender sent to prison
788250e91ed9969f0feb35425357ef648273808127e8a7138d2d8ef09853cb4b,2014-10,Northumbria Police,Northumbria Police,-1.382615,54.902383,On or near Parking Area,E01008831,Sunderland 013D,Court case unable to proceed
5673a652231ace71a0111e3db100e669062c5fa6cd323750aaab8e540a7bda43,2014-10,Northumbria Police,Northumbria Police,-1.384668,54.905790,On or near Shopping Area,E01008703,Sunderland 013B,Offender otherwise dealt with
5261ccf7063efc6d30098f660d34c949de00fc501de8ec07a6ea6918021a9b46,2014-10,Northumbria Police,Northumbria Police,-1.392965,54.900611,On or near ASHWOOD STREET,E01008831,Sunderland 013D,Offender given suspended prison sentence
5219fce495f03d1646ec02e1f495a0a5d5591704db0d531ec50b7fb65b751653,2014-10,Northumbria Police,Northumbria Police,-1.474400,55.010489,On or near BALKWELL AVENUE,E01008492,North Tyneside 023E,Offender given conditional discharge
0773bee3ff824651002afad1f3e18fb43c5e544845acfffe4e5f39b14aa05726,2014-10,Northumbria Police,Northumbria Police,-1.486117,54.979500,On or near MONKTON TERRACE,E01008600,South Tyneside 007A,Offender sent to prison
a7be1d60d145df1e159325169ceff328dfbca34d1f10dd1c7e20048958bc5cf1,2014-10,Northumbria Police,Northumbria Police,-1.400322,54.977463,On or near WITTON AVENUE,E01008636,South Tyneside 008C,Offender given community sentence
ebebaa311b5c079389b5e770c9c83e48fa0951e597e5789a6dc56f5478b99358,2014-10,Northumbria Police,Northumbria Police,-1.568231,55.035597,On or near Shopping Area,E01008479,North Tyneside 008D,Offender given conditional discharge
8e25a34bd9e43022f404e71fd91400bed78c3009f31ad25d4589b93ca3cee6fe,2014-10,Northumbria Police,Northumbria Police,-1.426453,54.972467,On or near MCANANY AVENUE,E01008592,South Tyneside 011C,Offender given conditional discharge
8e0759a3f695e220696b6ea62e4dc0b8b2d9d71aff3d0bd877a2408184f43487,2014-10,Northumbria Police,Northumbria Police,-1.576854,54.977378,On or near ROBINSON STREET,E01008303,Newcastle upon Tyne 018A,Offender fined
d922700eae9c0a356e0fab0a80f282c1c3c3ef197e9dd231c5153f13020ebacc,2014-10,Northumbria Police,Northumbria Police,-1.386034,54.904180,On or near VINE PLACE,E01008703,Sunderland 013B,Offender given conditional discharge
daa00ea907c67e824b72c09dbff343c79fb00dbc68de01b2c589d3661f18e764,2014-10,Northumbria Police,Northumbria Police,-1.614445,54.974044,On or near BLACKETT STREET,E01008397,Newcastle upon Tyne 024C,Offender given conditional discharge
421ed28bfd7b13a7c48b7269b3869bc39fdf0ad1434ba0b30b610dedaae31764,2014-10,Northumbria Police,Northumbria Police,-1.612740,54.974308,On or near Shopping Area,E01008397,Newcastle upon Tyne 024C,Offender given community sentence
f2e222f79b0cd802877f9250188375e6afbb728815d508085b3b8025fe356709,2014-10,Northumbria Police,Northumbria Police,-1.591407,55.012079,On or near WEST FARM AVENUE,E01032649,North Tyneside 019F,Offender given conditional discharge
94fdedd71f34058b1d6567a029fc75189d8bbfe01096967f3d3fbd01eeff1597,2014-10,Northumbria Police,Northumbria Police,-1.689393,54.971050,On or near PARMONTLEY STREET,E01033547,Newcastle upon Tyne 025E,Court case unable to proceed
da30beb376fdc76646afa91600e1a50eedf1a6437c8e0ac22139378570827de6,2014-10,Northumbria Police,Northumbria Police,-1.377618,54.904847,On or near BOROUGH ROAD,E01008836,Sunderland 016F,Offender sent to prison
9dd449016d1725ee9bdb7fdf645c9e6ff2706a2c8578f2dd217e509ef2bcd252,2014-10,Northumbria Police,Northumbria Police,-1.432736,54.894602,On or near GLASBURY AVENUE,E01008813,Sunderland 014C,Court case unable to proceed
33cf7805ef27e71b674f6d7f4e6225189ac48b3bb07130fbd6cba74eee93e435,2014-10,Northumbria Police,Northumbria Police,-1.617120,54.978617,On or near EDWARD'S WALK,E01008397,Newcastle upon Tyne 024C,Offender sent to prison
befcb213d4097086150f047b76af21cf02d6e99b71aecee45c5e00a9a4837e31,2014-10,Northumbria Police,Northumbria Police,-1.465106,55.001552,On or near Pedestrian Subway,E01008541,North Tyneside 027C,Offender sent to prison
942f8768d77c69a260f46cbc71e341f1a284a040ee9d6c1810d07afe94214a33,2014-10,Northumbria Police,Northumbria Police,-1.385145,54.904139,On or near Nightclub,E01008836,Sunderland 016F,Offender given community sentence
9b93c1c87f4ac7a07a9fba0a23b7bb3332a836d9ce9c8ec6c862a241f25a6581,2014-10,Northumbria Police,Northumbria Police,-1.369426,54.892143,On or near CAIRO STREET,E01008738,Sunderland 016E,Offender sent to prison
d426cc4e19e5193a83f6f16a1b84b99d3c3ec9424c4a3d1af4ee23359a665692,2014-10,Northumbria Police,Northumbria Police,-1.603021,54.949106,On or near RODSLEY AVENUE,E01008251,Gateshead 010A,Defendant found not guilty
0dbd157019689c6fdde2aeec93d85cfb790cb85f614579bde1db485bf62eeed3,2014-10,Northumbria Police,Northumbria Police,-2.098866,54.970920,On or near WENTWORTH PLACE,E01027494,Northumberland 035G,Offender given conditional discharge
f951bb99db3b279aa9f889ec6c18228769f4854675217b0ad6eeace88fa6635a,2014-10,Northumbria Police,Northumbria Police,-1.605905,54.992717,On or near Supermarket,E01008372,Newcastle upon Tyne 013D,Offender sent to prison
29e65e61e262b564458f7d95195a63b1201b78e5da3beeb1e034381fc0f8b969,2014-10,Northumbria Police,Northumbria Police,-1.613245,54.955861,On or near THE MILL,E01008170,Gateshead 008C,Defendant found not guilty
3e4e2cca93b1a46ac4826631eeade395598044e5d1babb30f457930536e6561d,2014-10,Northumbria Police,Northumbria Police,-1.515929,55.032722,On or near HEATHFIELD,E01032648,North Tyneside 011F,Offender sent to prison
2e600286523242424227bc30a6bd00b3240b6f69d5c9ee321dbc92ea4f7ded99,2014-10,Northumbria Police,Northumbria Police,-2.007225,55.762952,On or near TOWER ROAD,E01027387,Northumberland 001D,Offender given community sentence
575cf2b3dc14795a8d264c1b096dd4a1a4e42dbecc7909520fe87163084fe6ec,2014-10,Northumbria Police,Northumbria Police,-1.586276,55.095894,On or near NORTHUMBRIAN ROAD,E01027401,Northumberland 027B,Offender sent to prison
c48c4779fd74f8e180d5cde0136f961440764c063d9a0036732e771b5d29152d,2014-10,Northumbria Police,Northumbria Police,-1.380861,54.904881,On or near Further/Higher Educational Building,E01008703,Sunderland 013B,Offender sent to prison
8e77b603ea26a8643013d103475f101cd3d0d1eb071518c2c71db27bdd536038,2014-10,Northumbria Police,Northumbria Police,-1.560234,55.022862,On or near CRESCENT WAY NORTH,E01008502,North Tyneside 014C,Offender sent to prison
4af750ab8b9e54654e423d540529be12210a2c9d6b11f9c5380789cebe4831bd,2014-10,Northumbria Police,Northumbria Police,-1.713784,55.180863,On or near Petrol Station,E01027448,Northumberland 015B,Offender ordered to pay compensation
f236074a9d0c94f5f47bec23e5ecba4de6be35cbfa059777bf61f964f42b53e0,2014-10,Northumbria Police,Northumbria Police,-1.485806,54.959774,On or near CALF CLOSE WALK,E01008632,South Tyneside 017B,Offender fined
5236dedb1c3fff3f0ed399a7dd6f89fd8b96a1ea9d44bf91bb00fa0a89fdd50c,2014-10,Northumbria Police,Northumbria Police,-1.743883,55.049078,On or near Supermarket,E01027464,Northumberland 033A,Offender sent to prison
c1bb4004607e8ab7428e6da7e2fca2e6bac49269e505143763ac7e169e0b8edd,2014-10,Northumbria Police,Northumbria Police,-1.537534,54.993357,On or near NORTH ROAD,E01008537,North Tyneside 030D,Offender given suspended prison sentence
92dd375ab106687a50c1115a785010e5ad3f58bc75c6dda562f83af796ee2d25,2014-10,Northumbria Police,Northumbria Police,-1.462758,54.970117,On or near HENDERSON ROAD,E01008601,South Tyneside 012A,Offender given community sentence
da5cf097db5eaddd7a9f712537b7b975299e3ee495f2ecb380862daef991fe05,2014-10,Northumbria Police,Northumbria Police,-1.664758,54.967336,On or near EGERTON STREET,E01008290,Newcastle upon Tyne 027C,Offender given community sentence
f006b7c66a812296c74f76b1e8ce690294fb36979a9940b68e5dece7b50f42bb,2014-10,Northumbria Police,Northumbria Police,-1.641377,54.977676,On or near FENHAM ROAD,E01008449,Newcastle upon Tyne 022D,Court case unable to proceed
c92f476bbf01e5ce78ce099d46504e1a5930a9c22910c732f430856f03fd8f4b,2014-10,Northumbria Police,Northumbria Police,-1.656873,54.976148,On or near WEST ROAD,E01008334,Newcastle upon Tyne 029D,Offender given conditional discharge
a8bc4081cf50cfd00b4a58748dfc96170e3dcde88dc3df3b21d8350bee46b844,2014-10,Northumbria Police,Northumbria Police,-1.606647,54.950358,On or near WESTFIELD ROAD,E01008253,Gateshead 010C,Offender given community sentence
9807d06f22cc8561daa3cdd5c2335325a850ef99b60ba24ae839526c70c9b39c,2014-10,Northumbria Police,Northumbria Police,-1.397975,54.895118,On or near Petrol Station,E01008781,Sunderland 022B,Offender given suspended prison sentence
b54ac36e6647d6ab28f17a6435e56e4a83a4845b89437cfe1c4593d625ceb663,2014-10,Northumbria Police,Northumbria Police,-1.673395,54.957798,On or near Parking Area,E01008262,Gateshead 009A,Offender given community sentence
8848d513a1f161f8c2e3cbfce59cfb6aeccce19f8538487ffe0d4ba87bd062f2,2014-10,Northumbria Police,Northumbria Police,-1.368734,54.910472,On or near EAST VINES,E01008702,Sunderland 016A,Offender given conditional discharge
e8b110b0ac55b49be127e3e7de95bc22ef77baf07eeedc1710088916bab37e8a,2014-10,Northumbria Police,Northumbria Police,-1.610177,54.980824,On or near JESMOND ROAD WEST,E01008397,Newcastle upon Tyne 024C,Offender sent to prison
dc73124897cf5a176011eca049a4e2eabfcc8d029556fe838f6e5d02fcf08388,2014-10,Northumbria Police,Northumbria Police,-1.580489,54.973473,On or near BRINKBURN STREET,E01008304,Newcastle upon Tyne 026C,Offender given absolute discharge
d7b2a0ed4e2215688cd66b5cb4e8143602c365c0dc93346063d844cc2c948307,2014-10,Northumbria Police,Northumbria Police,-1.444866,55.028330,On or near HARTINGTON ROAD,E01008493,North Tyneside 013A,Offender given conditional discharge
d6270cf344b7d3a7f3a8b704c2ecf9086fd5047f4a478458e0006c095c98143b,2014-10,Northumbria Police,Northumbria Police,-1.465899,55.068943,On or near BLYTH ROAD,E01008551,North Tyneside 001D,Offender given community sentence
3dfa6b7733bc110b6fab8e0b743cc6d7c6608c829fe63886f65d27a23ddbe68d,2014-10,Northumbria Police,Northumbria Police,-1.375898,54.882929,On or near WESTHEATH AVENUE,E01008780,Sunderland 024D,Defendant found not guilty
22d9eb738706136b0fd95a95469bcd5c9691f5a1b95a84b5ded8636f95582f08,2014-10,Northumbria Police,Northumbria Police,-1.444866,55.028330,On or near HARTINGTON ROAD,E01008493,North Tyneside 013A,Offender given conditional discharge
94664512976315dcd9919a4ef99117f317f878b0b9827d5cefbb5053208be3f7,2014-10,Northumbria Police,Northumbria Police,-1.584226,54.976182,On or near CLIFFORD STREET,E01008304,Newcastle upon Tyne 026C,Offender given absolute discharge
fa972293b02c52e594eeb73f292b6898d02c050e9b01217271ce6e0bb9db744b,2014-10,Northumbria Police,Northumbria Police,-1.576854,54.977378,On or near ROBINSON STREET,E01008303,Newcastle upon Tyne 018A,Offender sent to prison
45ee2f28c3dfb12296ed6794183a5cd84ec9c680a2f5a9417fe5fb7bda10d76b,2014-10,Northumbria Police,Northumbria Police,-1.433790,54.997286,On or near Shopping Area,E01008667,South Tyneside 002D,Offender sent to prison
7e7a601e82f995eb82d30ac4a7035ccac4866780dd83ea740f41f9649be8f49b,2014-10,Northumbria Police,Northumbria Police,-1.382352,54.914424,On or near NORTH BRIDGE STREET,E01008791,Sunderland 006F,Offender otherwise dealt with
152413a3addeeb8d02b9fd5efe645c2d9c41ab15e7056d6850a7de2a03fac55c,2014-10,Northumbria Police,Northumbria Police,-1.462486,54.948395,On or near Parking Area,E01008613,South Tyneside 021D,Offender given conditional discharge
279555e1cd7b01eaeb1c87f415e0803ed621b24b62f83bc1f89de6cd72476ce1,2014-10,Northumbria Police,Northumbria Police,-1.586985,54.976757,On or near Petrol Station,E01008304,Newcastle upon Tyne 026C,Offender sent to prison
fca68d1d57561c896bd2a60a68a22eb11ea0425ab4f08ea4d9206fc98b456bd9,2014-10,Northumbria Police,Northumbria Police,-1.611154,54.975165,On or near LISLE STREET,E01008397,Newcastle upon Tyne 024C,Offender given suspended prison sentence
5949cb485ae8190747789e0102c4587e7baed49bdb760ce3c0a6f63f1d059c1d,2014-10,Northumbria Police,Northumbria Police,-1.646793,55.008550,On or near FULBROOK ROAD,E01008341,Newcastle upon Tyne 003F,Offender given conditional discharge
babf4ef2bb095a101d44b933f7e3e929c0c9836d687978dc26ae93ce24b7108b,2014-10,Northumbria Police,Northumbria Police,-1.381547,54.905936,On or near FAWCETT STREET,E01008703,Sunderland 013B,Offender given community sentence
0515dc5654593d00cc8e2655cb3f5a34a34194d71f50f0c7360d2cf618ef56fa,2014-10,Northumbria Police,Northumbria Police,-1.596574,54.981831,On or near HELMSLEY ROAD,E01008411,Newcastle upon Tyne 017E,Offender otherwise dealt with
0bdcd2edbc50ae863fab5b68db27d76f5919680f9c04fbe8eac05ad1801c4210,2014-10,Northumbria Police,Northumbria Police,-1.521677,55.118850,On or near EIGHTH AVENUE,E01027430,Northumberland 024E,Offender given suspended prison sentence
dd910b2dd23141ed16aab77ca7c18aec9bb2b6b05664bd12b69bfa03013a30b9,2014-10,Northumbria Police,Northumbria Police,-1.432104,54.958358,On or near COPLEY AVENUE,E01008689,South Tyneside 019B,Offender sent to prison
60082159c287d447528b4f574720b2285053616c750e4a24fdcd0e3db94d4106,2014-10,Northumbria Police,Northumbria Police,-1.668555,54.957641,On or near Shopping Area,E01008262,Gateshead 009A,Offender sent to prison
0073e5cc07d7d0950bd25e88ab5d6cffcee3817c26e0b033948ea3787ad78dc1,2014-10,Northumbria Police,Northumbria Police,-1.584226,54.976182,On or near CLIFFORD STREET,E01008304,Newcastle upon Tyne 026C,Court case unable to proceed
ecd51bb8e17ac0af0fd63f3ba526719414d48aca8ab55d34143ee3b114190dc2,2014-10,Northumbria Police,Northumbria Police,-1.568231,55.035597,On or near Shopping Area,E01008479,North Tyneside 008D,Offender given conditional discharge
a572de74a5ae2c172a5c55c0b97cf5e172fa4214fd4add6a3ad59b455e29ba41,2014-10,Northumbria Police,Northumbria Police,-1.619128,55.014164,On or near HAREWOOD ROAD,E01008358,Newcastle upon Tyne 002E,Defendant found not guilty
c52b8aae8956314d61113aba0e29c230d2c1af5924a42b2b2e1fe9f185beb7a7,2014-10,Northumbria Police,Northumbria Police,-1.545782,54.974328,On or near BERRY CLOSE,E01008425,Newcastle upon Tyne 030B,Offender given conditional discharge
4b597bedb5caab2a16a7df0c3115193c2e0c939322ac5fe8838c2b0debd21b4a,2014-10,Northumbria Police,Northumbria Police,-1.491834,54.874348,On or near WEARDALE CRESCENT,E01008800,Sunderland 030D,Offender given community sentence
e80f5f252f63083b96e78222e6a544a8e802b5cca561cd461fd15baec2020711,2014-10,Northumbria Police,Northumbria Police,-1.564592,54.972842,On or near NEWBOLD STREET,E01008388,Newcastle upon Tyne 028A,Offender given absolute discharge
5cfee2dd4ae6542f3f95f83c4e556fe4ad94603e77929f9b291b17579a46dac9,2014-10,Northumbria Police,Northumbria Police,-1.524660,55.122492,On or near THROPTON COURT,E01027423,Northumberland 024C,Defendant found not guilty
130f8cc99b257fb0e476f286f841556bbfcf7263b61328c81c35a79c4e228cd6,2014-10,Northumbria Police,Northumbria Police,-1.652582,54.970151,On or near BRANCEPETH AVENUE,E01008335,Newcastle upon Tyne 029E,Offender given suspended prison sentence
fbb1572b44be6f5a006feb8293c726cd5247f73dcc108b7b0797726645e2b1dc,2014-10,Northumbria Police,Northumbria Police,-1.517938,54.904289,On or near HILL RISE,E01008844,Sunderland 019B,Offender sent to prison
1b3e48f6492779ceed84844cd8b641a1e53d42142471d8f915edb52f32ee8ec5,2014-10,Northumbria Police,Northumbria Police,-1.447484,55.008618,On or near Supermarket,E01008524,North Tyneside 022B,Offender given conditional discharge
ac6d0ede749789807a3a055731cc409a5514d95acef6ce666dad738d362b5ce7,2014-10,Northumbria Police,Northumbria Police,-1.642788,54.957775,On or near BITTERN CLOSE,E01008209,Gateshead 007A,Court case unable to proceed
755fc129c055c8650792793ff423b1e96647b440fdc6b66bc0bd1b89d583d0a7,2014-10,Northumbria Police,Northumbria Police,-1.433509,54.985081,On or near Bus/Coach Station,E01008664,South Tyneside 002A,Defendant found not guilty
7975d85395064f3562a4e0f2953e440c8e8e023323394b5b20cebac2c788f349,2014-10,Northumbria Police,Northumbria Police,-1.513650,54.975372,On or near VERDUN AVENUE,E01008639,South Tyneside 009A,Defendant found not guilty
6a16f5c628521f5baec9e4bc720a884b0618577aaf275cebef3cba0cc341e44f,2014-10,Northumbria Police,Northumbria Police,-1.673317,54.990463,On or near BARCLAY PLACE,E01008299,Newcastle upon Tyne 011D,Offender sent to prison
15ca0027c0e38ae3acdf29f1b7f8787bdae6705c0a4d1f0fa90175fda35a10a9,2014-10,Northumbria Police,Northumbria Police,-1.380861,54.904881,On or near Further/Higher Educational Building,E01008703,Sunderland 013B,Offender given community sentence
f6816d2e221f98c0221e41c822160f973688eeee10d797e4537df4fdaa0015bd,2014-10,Northumbria Police,Northumbria Police,-1.379858,54.880820,On or near Hospital,E01008780,Sunderland 024D,Offender given conditional discharge
8583e35f6741c6971e039b1e090d8d807f59f2036967b0639decce5ebfb9de56,2014-10,Northumbria Police,Northumbria Police,-1.537534,54.993357,On or near NORTH ROAD,E01008537,North Tyneside 030D,Offender given suspended prison sentence
3ee0129d9ea0fcf3c79030b7e4534274336c4296984f18f5991e85b541b5ad03,2014-10,Northumbria Police,Northumbria Police,-1.519703,54.973482,On or near Parking Area,E01008641,South Tyneside 010C,Offender sent to prison
948e6ace215f7b1fd66a657771123c4ae4cf7555e39efd5132ea68a7a0ca84d7,2014-10,Northumbria Police,Northumbria Police,-1.608110,54.994135,On or near GLENTHORN ROAD,E01008373,Newcastle upon Tyne 013E,Offender given absolute discharge
aa1efc6d63429b8117745ba26efcea951ef6ba4788f7f3b883ee2eb7bb158482,2014-10,Northumbria Police,Northumbria Police,-1.373260,54.881118,On or near Supermarket,E01008780,Sunderland 024D,Defendant found not guilty
700bc111e4c13e01076bd479b7a527332e5096a4a066523f64a4c56b1b1b9dcf,2014-10,Northumbria Police,Northumbria Police,-1.580489,54.973473,On or near BRINKBURN STREET,E01008304,Newcastle upon Tyne 026C,Defendant found not guilty
2f7dfadef90ab763f7c506059ec18574ae4317336654dfcd41ad6d71dba59094,2014-10,Northumbria Police,Northumbria Police,-1.616721,54.974644,On or near Shopping Area,E01008397,Newcastle upon Tyne 024C,Offender given conditional discharge
96d23816db353a9fa06994b0d4d2ac820e8abc3dc91ac24be704678a162b315a,2014-10,Northumbria Police,Northumbria Police,-1.425108,54.990119,On or near HUNTER STREET,E01008676,South Tyneside 003C,Offender given community sentence
dd98a9eb3bc067b5ea59ca1b430eb31a0dbb2ff713554e1e106197c04fe29a9d,2014-10,Northumbria Police,Northumbria Police,-1.381905,54.917126,On or near Shopping Area,E01008787,Sunderland 006B,Offender given community sentence
8ec8f0ea68545daa8f5a6cd30146cdbfb394e0ee88c7fd82a85db2753a7a3141,2014-10,Northumbria Police,Northumbria Police,-1.612329,54.971602,On or near HIGH BRIDGE,E01033543,Newcastle upon Tyne 024G,Court case unable to proceed
0c5dc9bcdca5fa0172052e155ddef29f8ea2efd8262aaa38098cb63221266e15,2014-10,Northumbria Police,Northumbria Police,-1.444423,54.981168,On or near DEVONSHIRE STREET,E01008671,South Tyneside 012C,Offender otherwise dealt with
25aa627445cea97501323381f05c3cb3a9d55181876b121e4ad90479b00a32ab,2014-10,Northumbria Police,Northumbria Police,-1.491223,54.982218,On or near Parking Area,E01008604,South Tyneside 007B,Offender given conditional discharge
cbdae3530a814f0417bdb6b1f4cc2b5d06b6a0ce7181dcbbda6633a1654a9566,2014-10,Northumbria Police,Northumbria Police,-1.707946,55.158995,On or near GORSEWAY,E01027455,Northumberland 018A,Offender given conditional discharge
689fe441b8c73170b1ade3b604da24c9cad6375fbc07fc6ae07b31835111a32a,2014-10,Northumbria Police,Northumbria Police,-1.552542,54.986026,On or near SHIELDS ROAD,E01008433,Newcastle upon Tyne 020C,Offender sent to prison
11849ea74e36aa0f3ad299126180b1d4d04e7a9ec736de41173a08edefa66acc,2014-10,Northumbria Police,Northumbria Police,-1.565885,54.948584,On or near ROWLANDSON CRESCENT,E01008216,Gateshead 012C,Defendant found not guilty
f2350478392da826a09520f47819a92effe6787245f3ac07953a59782de41b21,2014-10,Northumbria Police,Northumbria Police,-1.433719,55.000107,On or near MILE END ROAD,E01008667,South Tyneside 002D,Court case unable to proceed
130f8cc99b257fb0e476f286f841556bbfcf7263b61328c81c35a79c4e228cd6,2014-10,Northumbria Police,Northumbria Police,-1.652582,54.970151,On or near BRANCEPETH AVENUE,E01008335,Newcastle upon Tyne 029E,Offender given suspended prison sentence
24b90e93d298298e9f53750ce92cb7e7a6366d5623a2d7fdda24ae49c8d628d0,2014-10,Northumbria Police,Northumbria Police,-2.101077,54.974279,On or near Supermarket,E01027476,Northumberland 035A,Offender sent to prison
d93aaadf49f37443b56346477f7baea70b0e9c7267f5acf31d7fffc62c1acaa4,2014-10,Northumbria Police,Northumbria Police,-1.470174,54.844510,On or near HILLSIDE WAY,E01008754,Sunderland 034F,Offender ordered to pay compensation
4812e4114900a5c97a365fc236adbdba5a1bd124c79f8839dde0bb23f5b0f604,2014-10,Northumbria Police,Northumbria Police,-1.589333,54.971697,On or near WALKER ROAD,E01033548,Newcastle upon Tyne 023G,Court case unable to proceed
a064fe98aa7da863ebf9bd784a6d675eff0d3042f85fa7f0a1920636d8cd0c95,2014-10,Northumbria Police,Northumbria Police,-1.566790,54.950025,On or near ELLIOTT DRIVE,E01008216,Gateshead 012C,Defendant found not guilty
4bc042995b7a44cad8be48b3ddba66697a7cb993ca5bf2e29e9bb76e1d55bd72,2014-10,Northumbria Police,Northumbria Police,-1.420865,54.991680,On or near OSBORNE AVENUE,E01008676,South Tyneside 003C,Court case unable to proceed
504bf7c6cb9dfa8caed9c51e6ac60b34559bf9ec72a4a4151a65814328c31c1b,2014-10,Northumbria Police,Northumbria Police,-1.539644,55.187133,On or near A197,E01027549,Northumberland 013E,Court case unable to proceed
ad17439f4d2402f83d45c492a987591289a3eb89fefe98a9919290ea967c9d38,2014-10,Northumbria Police,Northumbria Police,-1.373260,54.881118,On or near Supermarket,E01008780,Sunderland 024D,Offender given suspended prison sentence
3231ccab6cbfcc6090da63e2774829bdf4cb460acee9acb5ae2fb9d7316b3cfc,2014-10,Northumbria Police,Northumbria Police,-1.718794,55.006545,On or near MANDARIN CLOSE,E01008448,Newcastle upon Tyne 031G,Defendant found not guilty
1e244fad43ce49f3e96a3138b1ba7f5539d27591743ee6a4442175fc69a7b9e1,2014-10,Northumbria Police,Northumbria Police,-1.611154,54.975165,On or near LISLE STREET,E01008397,Newcastle upon Tyne 024C,Offender fined
fbc15e6b31cbf0823fd2254448ee362e3635a91a625d6a7c4405a799176d122a,2014-10,Northumbria Police,Northumbria Police,-1.676259,54.947319,On or near COALWAY LANE,E01008264,Gateshead 009C,Defendant found not guilty
b216a8a076e7c0682084e2455804a7f4673cbf91263f5b6e3fd313cfbee0d180,2014-10,Northumbria Police,Northumbria Police,-1.439685,54.925269,On or near REVELSTOKE ROAD,E01008841,Sunderland 003F,Offender given community sentence
28ab20cfdff4e17c32f5edeff7c3a498950d3c9fe410f72373667946c97bc734,2014-10,Northumbria Police,Northumbria Police,-1.397975,54.895118,On or near Petrol Station,E01008781,Sunderland 022B,Court case unable to proceed
4cdbb0e0432d4255d17d11c9748cfdb38db6edaea654f6f252de00e3513abc21,2014-10,Northumbria Police,Northumbria Police,-1.450916,55.005722,On or near COACH LANE,E01008544,North Tyneside 027D,Offender given conditional discharge
07908d525eddecca23cf99ebfdb141bded63e55d3254b0ca1e8764a85610800b,2014-10,Northumbria Police,Northumbria Police,-1.619903,55.013187,On or near Supermarket,E01008358,Newcastle upon Tyne 002E,Offender given community sentence
1a144626fc8286eef923a50d1374bdb7d2426d6131404e971bec9f3d75420ca8,2014-10,Northumbria Police,Northumbria Police,-1.587932,55.161875,On or near WELLINGTON ROAD,E01027534,Northumberland 017C,Offender given suspended prison sentence
28ee357d61fdbce1da7f410d12890ba98e42b66e6043f42590c87451f0fefc8f,2014-10,Northumbria Police,Northumbria Police,-1.478065,54.840006,On or near CASTLE DENE GROVE,E01008749,Sunderland 034E,Offender given community sentence
81cb204aab667d7fd71c0ac3286bf228d1146eb765b0a984777d2c2850351f80,2014-10,Northumbria Police,Northumbria Police,-1.536580,55.020537,On or near Supermarket,E01008501,North Tyneside 018D,Offender sent to prison
854e104a61e73e50bbb0ba0b29e8714a4cc95eee463465926e6a3fde8407a08e,2014-10,Northumbria Police,Northumbria Police,-1.771897,54.955489,On or near THE PINES,E01008195,Gateshead 002A,Offender fined
2f3003c3731068a068be03e96cd7f53bab908187937ba0978838387fae9e0942,2014-10,Northumbria Police,Northumbria Police,-1.619903,55.013187,On or near Supermarket,E01008358,Newcastle upon Tyne 002E,Court case unable to proceed
747646e0366b479ff4cc275562a5b8b501cf6aa5e0cad07582bd0170841c86e0,2014-10,Northumbria Police,Northumbria Police,-1.612740,54.974308,On or near Shopping Area,E01008397,Newcastle upon Tyne 024C,Offender given conditional discharge
18187e04359e8cb6e3e96a40bc816c609f98351851467f05d425258938c997a2,2014-10,Northumbria Police,Northumbria Police,-1.617134,54.972264,On or near NEWGATE STREET,E01033543,Newcastle upon Tyne 024G,Offender given conditional discharge
d3b4fb93366d4dc7f7067cf3b322635c7858456e52037296404659ecc6c54f70,2014-10,Northumbria Police,Northumbria Police,-1.707514,55.160108,On or near ABBEY GATE,E01027455,Northumberland 018A,Offender given conditional discharge
7b31e703d4ce65d090209dd19b29bb41a4ec4f6ede2f4e6827df333acfb9f7f7,2014-10,Northumbria Police,Northumbria Police,-1.612931,54.970714,On or near GROAT MARKET,E01033543,Newcastle upon Tyne 024G,Defendant found not guilty
abfab5fa590518de8895035e85d43c6442d77487a84583349ac20d59c66da8a3,2014-10,Northumbria Police,Northumbria Police,-1.561370,54.930190,On or near AYCLIFFE AVENUE,E01008227,Gateshead 021E,Offender deprived of property
39d9d780443f93696a792b5adcd83cfea9bee94d53bae4f40802f0d06898429f,2014-10,Northumbria Police,Northumbria Police,-1.591397,55.008431,On or near LEALHOLM ROAD,E01008321,Newcastle upon Tyne 007D,Offender sent to prison
c0d1ab81e397f152ada9351a600a4d072eaf999b327c0648a6670a9ca62cf67d,2014-10,Northumbria Police,Northumbria Police,-1.580118,54.896594,On or near MORRIS STREET,E01008175,Gateshead 026D,Offender given suspended prison sentence
4bf43196984b9469efefeeb86cb42ddb513d6a323ea7c0f0ef2d1e1e766acef5,2014-10,Northumbria Police,Northumbria Police,-1.623523,55.047471,On or near B1318,E01008577,North Tyneside 004A,Offender given conditional discharge
cfc82b26a9e2e6bb9df3daaa0c36369a93fa659153dec22c1959fbe363d4511d,2014-10,Northumbria Police,Northumbria Police,-1.614445,54.974044,On or near BLACKETT STREET,E01008397,Newcastle upon Tyne 024C,Offender given conditional discharge
96bba940b28b0378dca487478e784329588d1184472fd6bb9b5f21232910752c,2014-10,Northumbria Police,Northumbria Police,-1.615365,54.971045,On or near GRAINGER STREET,E01033543,Newcastle upon Tyne 024G,Offender sent to prison
1f9171b1928e2b82dbba303ec62202457c41b3ce318fa1063d9faef097eeb337,2014-10,Northumbria Police,Northumbria Police,-1.566782,55.021933,On or near BURN AVENUE,E01008470,North Tyneside 014A,Offender sent to prison
4be53cab2192cbd73b8362e1f4987bafcb94a50996dbb2865e381ab4e17b43c8,2014-10,Northumbria Police,Northumbria Police,-1.619903,55.013187,On or near Supermarket,E01008358,Newcastle upon Tyne 002E,Offender sent to prison
c14d7588fa63a48a2bcdbfae59cdf1c02caedc1be345469b50bfb293b49a97ae,2014-10,Northumbria Police,Northumbria Police,-1.683574,54.977999,On or near RONALD DRIVE,E01008292,Newcastle upon Tyne 027E,Offender given conditional discharge
f438f731f47003dcd6cc686a2a8b93b9fb4888859c6784897f0d4d497dc51697,2014-10,Northumbria Police,Northumbria Police,-1.691267,54.977237,On or near DORSET ROAD,E01008415,Newcastle upon Tyne 025B,Court case unable to proceed
1f4aa86aa93c85d442540f0d89772dba0416109fb05b87e2f9fc99c02f7b2a50,2014-10,Northumbria Police,Northumbria Police,-1.582044,54.942503,On or near HODKIN GARDENS,E01008201,Gateshead 011B,Offender given community sentence
7e76b8d208eba8af1ec7a20e934962a3d40b87bce8c54e1617040a3648556ac8,2014-10,Northumbria Police,Northumbria Police,-1.436138,54.998159,On or near Shopping Area,E01008667,South Tyneside 002D,Offender given suspended prison sentence
72d55c22415d83aa655901013cc3ab9aeec2832dbb8ac1a0085e2280ab9084e8,2014-10,Northumbria Police,Northumbria Police,-1.617134,54.972264,On or near NEWGATE STREET,E01033543,Newcastle upon Tyne 024G,Offender given conditional discharge
c78bb24a08ffc739bf76e00a46e9dc945c33a5b7ebb570660b3c0461cda660a4,2014-10,Northumbria Police,Northumbria Police,-1.438027,54.986037,On or near Parking Area,E01008666,South Tyneside 002C,Offender sent to prison
2e7686ad381a0f0e36ab206fd2c39866b62dfbb86743cb4cc017465d08fadb7f,2014-10,Northumbria Police,Northumbria Police,-1.611184,54.970394,On or near Nightclub,E01033543,Newcastle upon Tyne 024G,Offender otherwise dealt with
1f12e85f173159a551e95ace9b6aefe3cfd8bd3479b2c170f5123099eb61a6f1,2014-10,Northumbria Police,Northumbria Police,-1.735495,54.991728,On or near VILLAGE FARM,E01008402,Newcastle upon Tyne 014C,Offender given conditional discharge
ab96105296b0048ca508e903c09572924cffef29fb354bc9b0875e62d6961ca1,2014-10,Northumbria Police,Northumbria Police,-1.618837,54.970526,On or near CLAYTON STREET WEST,E01033543,Newcastle upon Tyne 024G,Offender sent to prison
8b0ba67e94401a6e0d030ae4a49cfebf8ab3ce4de67bc4d466af3e8be49a5d20,2014-10,Northumbria Police,Northumbria Police,-1.573651,54.970070,On or near KIRK STREET,E01008305,Newcastle upon Tyne 026D,Offender given suspended prison sentence
828d4245df573e0e56cb8666f794f18cb3da620e1f853b12fa080caa700a1f48,2014-10,Northumbria Police,Northumbria Police,-1.468171,55.015602,On or near Supermarket,E01008526,North Tyneside 020C,Offender otherwise dealt with
ffdd8d6bcd45d5e160f056f03058f31f37040ebb4fe214498b6001196be995ed,2014-10,Northumbria Police,Northumbria Police,-1.599166,54.936459,On or near ELDER GROVE,E01008239,Gateshead 020D,Offender given community sentence
8fceb5a7c2756999389ea00d084338e666524a3e61d4aec52b2d9a35f53dcce9,2014-10,Northumbria Police,Northumbria Police,-1.433396,54.998632,On or near Hospital,E01008667,South Tyneside 002D,Court case unable to proceed
33f0dfcc13d5c857bf64f0a6904bb142acde53e87da5ce27c058c63827c199e5,2014-10,Northumbria Police,Northumbria Police,-1.559412,55.181895,On or near SECOND AVENUE,E01027539,Northumberland 010C,Defendant found not guilty
65c374aca008a0ebf450158dfbfdc936f43c8f9fe776c734f82bcdf318f58043,2014-10,Northumbria Police,Northumbria Police,-1.476472,55.009887,On or near STAMFORDHAM AVENUE,E01008492,North Tyneside 023E,Offender sent to prison
17f7b49382dbadcf6511939b8bbf2b4e87417771d542b597a313ce1104138611,2014-10,Northumbria Police,Northumbria Police,-1.614445,54.974044,On or near BLACKETT STREET,E01008397,Newcastle upon Tyne 024C,Defendant found not guilty
4337ecc6bf3f61ee159aa25a56854f4016730068af8d6bb71a470f15f003e296,2014-10,Northumbria Police,Northumbria Police,-1.458105,55.000137,On or near Pedestrian Subway,E01008545,North Tyneside 027E,Offender given conditional discharge
77e406e9caf7aac48cd729a99b2a60d7dfa4da211f5d94dced4204655b9f2642,2014-10,Northumbria Police,Northumbria Police,-1.540847,54.985147,On or near TUMULUS AVENUE,E01008436,Newcastle upon Tyne 020F,Offender given community sentence
69e1937a922583341ac08501c14a0d1aa46c16786be41cc7a5d0899ad40ff3c1,2014-10,Northumbria Police,Northumbria Police,-1.619580,55.004307,On or near Supermarket,E01008419,Newcastle upon Tyne 006E,Offender given conditional discharge
514014417b5cb1e781c7f60226e7568bab0d4bd4579b6344c099820b85f892bf,2014-10,Northumbria Police,Northumbria Police,-1.516923,55.115228,On or near FENWICK AVENUE,E01027430,Northumberland 024E,Offender given suspended prison sentence
1e2e84c50cbe9ab02e7266dd3eabd07ac7d30ae1d90991ef7ca774dea7a62eb5,2014-10,Northumbria Police,Northumbria Police,-1.553868,54.970700,On or near BRANXTON CRESCENT,E01008426,Newcastle upon Tyne 028C,Defendant found not guilty
875742e00e851840b8f19004d68d76f74fc2c4742f390c5f4d36e272ff526a1e,2014-10,Northumbria Police,Northumbria Police,-1.615322,54.972222,On or near NUN STREET,E01033543,Newcastle upon Tyne 024G,Offender sent to prison
4aaf4fb473ae9f69cf66747bec0abdd66da4ab7e888a18f53b9fafea391505fe,2014-10,Northumbria Police,Northumbria Police,-1.601565,54.974775,On or near BACK NEW BRIDGE STREET,E01008406,Newcastle upon Tyne 023A,Offender given community sentence
695d7d6377584244f51911318530b2deb7ff15472b8e6dfad53005516bf587c3,2014-10,Northumbria Police,Northumbria Police,-1.668240,55.013032,On or near KINGSTON PARK AVENUE,E01008294,Newcastle upon Tyne 001A,Offender given suspended prison sentence
4d9a57d49f4ee29e635387454ad572c7e0a5cf5aba74e5a0626ad2de74bddc59,2014-10,Northumbria Police,Northumbria Police,-1.385079,54.904436,On or near MARITIME STREET,E01008703,Sunderland 013B,Offender given conditional discharge
b559187ac230f9bd559edeb49caca2311baaa269cc4c424d9ce4bcc3b506f2de,2014-10,Northumbria Police,Northumbria Police,-1.616721,54.974644,On or near Shopping Area,E01008397,Newcastle upon Tyne 024C,Offender given suspended prison sentence
a1b8d20ea324fb1da4bf1818f9403f318e88a9f359fc96c5daede3d6d921c4c5,2014-10,Northumbria Police,Northumbria Police,-1.707734,55.159974,On or near TOWNSEND CRESCENT,E01027455,Northumberland 018A,Offender given conditional discharge
afdf21f1983f7e542f3020e1752753338a0fbd96f40d2c76ae07d88cb1571ab0,2014-10,Northumbria Police,Northumbria Police,-1.711622,54.964446,On or near Supermarket,E01008177,Gateshead 005A,Offender given community sentence
deec3adb65a7c5b0ef60523e7cf54969ec73987567007eaa648f98efa6b70419,2014-10,Northumbria Police,Northumbria Police,-1.373260,54.881118,On or near Supermarket,E01008780,Sunderland 024D,Offender given suspended prison sentence
e0fff675683691dc47cbd0de239a18f1df03f87a6e0cde0afeaf7d8f92ea84fa,2014-10,Northumbria Police,Northumbria Police,-1.591674,54.958100,On or near SHELLEY DRIVE,E01008162,Gateshead 027A,Defendant found not guilty
e527d6ea5bb9e7d3dc6d3674958e2c34f41a4dc5f246c9cb54d259e555a1f5dc,2014-10,Northumbria Police,Northumbria Police,-1.790075,54.967087,On or near DALE STREET,E01008199,Gateshead 002D,Offender given suspended prison sentence
3e60e1bfbdb17b7399733129e13d86fc970f9de44b55fac3a3453909d985c5a6,2014-10,Northumbria Police,Northumbria Police,-1.385155,54.906557,On or near Supermarket,E01008703,Sunderland 013B,Defendant found not guilty
473662add63eddeac1e2d5938b31f83236086cc20ad9c8c82b6645f6ead3fe57,2014-10,Northumbria Police,Northumbria Police,-1.621934,54.968460,On or near WESTMORLAND ROAD,E01033545,Newcastle upon Tyne 024H,Defendant found not guilty
c44369e6b484237584893b09fa9016918a35a3f218979698a438bdf8f10ea50a,2014-10,Northumbria Police,Northumbria Police,-1.541180,54.986074,On or near EASTFIELD AVENUE,E01008436,Newcastle upon Tyne 020F,Offender given community sentence
535d42eddc4c1801fbd9ee9b6e6b2a046a0a319ea393724eb733b4276747494d,2014-10,Northumbria Police,Northumbria Police,-2.098072,54.972125,On or near Parking Area,E01027494,Northumberland 035G,Defendant found not guilty
69e1937a922583341ac08501c14a0d1aa46c16786be41cc7a5d0899ad40ff3c1,2014-10,Northumbria Police,Northumbria Police,-1.619580,55.004307,On or near Supermarket,E01008419,Newcastle upon Tyne 006E,Offender given community sentence
a59ef0a40026e95b4c98b2d734f813f32381f9d146c2d6fe0a091e9efda66c5f,2014-10,Northumbria Police,Northumbria Police,-1.686918,54.993958,On or near FOURSTONES,E01008324,Newcastle upon Tyne 015A,Defendant found not guilty
fa9dfcf07ba6906aebe2eac059f9c22d26078802391d493ed5765da40522164a,2014-10,Northumbria Police,Northumbria Police,-1.473645,54.998858,On or near PERCY CRESCENT,E01008541,North Tyneside 027C,Offender given community sentence
70089f2c4db927236c19378a7f593c4ce194d658927c6b381c6a04a6b07feba4,2014-10,Northumbria Police,Northumbria Police,-1.590768,55.085620,On or near Supermarket,E01027409,Northumberland 029B,Defendant found not guilty
3f1a5828b6a322120f936dbed9be66ce1285f394779303dfacb40c041353545a,2014-10,Northumbria Police,Northumbria Police,-1.526615,54.991446,On or near LAWSON STREET,E01008573,North Tyneside 029B,Offender given community sentence
91feca653d3b86f62424fd0691266668df7de308af61ab98321fb7d21b8f137a,2014-10,Northumbria Police,Northumbria Police,-1.591407,55.012079,On or near WEST FARM AVENUE,E01032649,North Tyneside 019F,Offender given conditional discharge
e7038896651d1befe03c314abb87311b392e6a2d047b2929827bdf4b56a85b98,2014-10,Northumbria Police,Northumbria Police,-1.687919,54.997924,On or near QUEENS ROAD,E01008445,Newcastle upon Tyne 031D,Court case unable to proceed
687aa34a959bb69e0ecd97c61f0332aafd5c93622cdb66c570ecc161be5ce3f5,2014-10,Northumbria Police,Northumbria Police,-1.622412,54.970816,On or near WESTGATE ROAD,E01033554,Newcastle upon Tyne 024I,Offender sent to prison
3f07fbcf60ebb01fed388ee8c77cc650e99a7054174acf26bfb45dbde063c94f,2014-10,Northumbria Police,Northumbria Police,-1.659965,54.976273,On or near Petrol Station,E01008334,Newcastle upon Tyne 029D,Offender given suspended prison sentence
bbe5046c0a5a6f0eed6f0554072ad9ad44055ff7d27e9193cc7c96d476efc0d4,2014-10,Northumbria Police,Northumbria Police,-1.526920,54.992103,On or near HIGH STREET EAST,E01008573,North Tyneside 029B,Offender given conditional discharge
61dcd901f6e538f554ae584e7bdcf68c0fa029bc72972b6e0dacfeb549b18608,2014-10,Northumbria Police,Northumbria Police,-1.437459,54.992010,On or near TUDOR ROAD,E01008667,South Tyneside 002D,Offender fined
b21fc817c88ba2317364aa57fea7c05a45b8997040e69cc649c9dfac1a283bf9,2014-10,Northumbria Police,Northumbria Police,-1.399060,54.909116,On or near NORTH RAVENSWORTH STREET,E01008700,Sunderland 013A,Defendant found not guilty
1f3086978613b225425e4221afd50d4f8645df80c1c0bebc8746a6db3b122d0d,2014-10,Northumbria Police,Northumbria Police,-1.608320,54.954892,On or near SEDGEWICK PLACE,E01008169,Gateshead 008B,Offender fined
f9367837998a28ac03c2a6485bcfa4b6d46733076663f14aa3dd77214260fc8a,2014-10,Northumbria Police,Northumbria Police,-1.442780,54.970081,On or near WATLING STREET,E01008593,South Tyneside 016A,Defendant found not guilty
7a41ddfeefce16090fe274c2568ffa5ba1582eee1d673ea35722c4f36092c382,2014-10,Northumbria Police,Northumbria Police,-1.743879,54.983272,On or near CONSTON CLOSE,E01008400,Newcastle upon Tyne 014A,Offender given conditional discharge
af0e6292e29f47bde8cc83a55aa29569bb006aeb856ab5d61c233c9383468dae,2014-10,Northumbria Police,Northumbria Police,-1.539080,54.990766,On or near HEDLEY PLACE,E01008537,North Tyneside 030D,Defendant found not guilty
ccc6e1da288b718d918e8cb2a29ab9059c64d21c5d2d6b4fb1116439a7c51d70,2014-10,Northumbria Police,Northumbria Police,-1.472635,54.844404,On or near GREY STREET,E01008754,Sunderland 034F,Offender given conditional discharge
f0b9b77de470637385174b27f24a9d85e8186d459ffea2b05973502d890ead1c,2014-10,Northumbria Police,Northumbria Police,-1.522023,55.127955,On or near Supermarket,E01027391,Northumberland 024A,Offender sent to prison
46cf328de989a57cc51a7d78c5a292e06711696b4af3d5e1a35cf435a751cc8c,2014-10,Northumbria Police,Northumbria Police,-1.579290,54.901291,On or near LAVERS ROAD,E01008223,Gateshead 025B,Offender given community sentence
a352906a00b8be1111b8fa4fe760e3d4831aa5e38dc42583970efb35fc04f22a,2014-10,Northumbria Police,Northumbria Police,-1.615322,54.972222,On or near NUN STREET,E01033543,Newcastle upon Tyne 024G,Offender given community sentence
03b1f669c40dc497908f82418f60f891bcf58080f555b6beed224384d59fe462,2014-10,Northumbria Police,Northumbria Police,-1.397134,54.973332,On or near CARDEN AVENUE,E01008625,South Tyneside 013C,Offender sent to prison
67e552ebfa3a9b3c66d3a589ba4fc1ac7cb5f67f407fdc531b95478a3d4810cb,2014-10,Northumbria Police,Northumbria Police,-1.503952,55.010586,On or near MIDDLE ENGINE LANE,E01008468,North Tyneside 021D,Offender given suspended prison sentence
8ad60f7f071d0057463d18f80742c662dbbb708f50d34fc7da60ceac24d271e4,2014-10,Northumbria Police,Northumbria Police,-1.614002,54.976262,On or near Shopping Area,E01008397,Newcastle upon Tyne 024C,Offender given conditional discharge
6d5536d49951df2f9c74ac58f9dda2db1e253fbf6e31aee831d0aae77a1a1c0f,2014-10,Northumbria Police,Northumbria Police,-1.646973,55.000499,On or near MILLGROVE VIEW,E01008379,Newcastle upon Tyne 008F,Offender given conditional discharge
6e0fd4c0e34a454f5fd3bd6feef0e73d606877bbf9e6bd733223de515ca972ce,2014-10,Northumbria Police,Northumbria Police,-1.590317,55.050024,On or near ETHEL STREET,E01008578,North Tyneside 002D,Offender given community sentence
d36d18ebf3b0d93cdf9d7f847bfd6fc78e91d5bf98ac31a6906dd97916d095fe,2014-10,Northumbria Police,Northumbria Police,-1.655752,54.970249,On or near Supermarket,E01008332,Newcastle upon Tyne 029B,Offender given absolute discharge
3dca1e0c9f5089d8daa7d28943260288d7fb5599048a387b3f69d75332e9bf34,2014-10,Northumbria Police,Northumbria Police,-1.380861,54.904881,On or near Further/Higher Educational Building,E01008703,Sunderland 013B,Offender sent to prison
15b3a10757f5f9f8bf63f43f318034b534f817d0743b3d7d36aefa9c91632cc8,2014-10,Northumbria Police,Northumbria Police,-1.757808,54.992691,On or near TILLMOUTH PARK ROAD,E01008400,Newcastle upon Tyne 014A,Offender given community sentence
8e780b3bfa3ddf8d4ef320e2b67f6729bbd69139d991130feedb80b703c0b8a3,2014-10,Northumbria Police,Northumbria Police,-1.535133,54.991488,On or near Supermarket,E01008536,North Tyneside 030C,Offender given conditional discharge
5adae6a3fa4411afe2a8e3c6ab2aaabea02c46671c6148d83878d8e5ff7f3a30,2014-10,Northumbria Police,Northumbria Police,-1.377222,54.876897,On or near RONALDSAY CLOSE,E01008763,Sunderland 028A,Offender given suspended prison sentence
163051c02c49b1dd29720e5fece9867d3c666444f17a08bb7db972ba9d51cf40,2014-10,Northumbria Police,Northumbria Police,-1.410395,54.907293,On or near PINE STREET,E01008701,Sunderland 011A,Defendant found not guilty
1900250b691479b2a089c0b7bb6773328f2937f84a9c940878c6b2fa3721b6dd,2014-10,Northumbria Police,Northumbria Police,-1.583241,54.991293,On or near STEPHENSON ROAD,E01008365,Newcastle upon Tyne 012F,Offender sent to prison
9a8047fd12e46eda28400e5a5bdb52a361e22440386b20a2e0ce94824c809d1c,2014-10,Northumbria Police,Northumbria Police,-1.619580,55.004307,On or near Supermarket,E01008419,Newcastle upon Tyne 006E,Offender given conditional discharge
a605071b4918e8f727b39d7b5f26c35d0e947b460fa9758ccedea4d8fd36fa39,2014-10,Northumbria Police,Northumbria Police,-1.615061,54.975034,On or near Shopping Area,E01008397,Newcastle upon Tyne 024C,Offender fined
3e8c54d1ba720cbb492b7ed38f5d83fdfc8779e28b0825ec62741f236b437e4d,2014-10,Northumbria Police,Northumbria Police,-1.469877,55.013156,On or near WILLOUGHBY ROAD,E01008486,North Tyneside 020A,Offender otherwise dealt with
1b3818b8e95032145cfd9e4c4b3fa1ad08a6380ae6202eefdcdc25fadaeb7d3c,2014-10,Northumbria Police,Northumbria Police,-1.618315,54.972879,On or near Supermarket,E01033543,Newcastle upon Tyne 024G,Offender given community sentence
cd5731a348fbb724834cb28d73035900e60ce82457904e7c7240fbf7774c5488,2014-10,Northumbria Police,Northumbria Police,-1.403639,54.885324,On or near NURSERY CLOSE,E01008782,Sunderland 022C,Offender given conditional discharge
bed36076cb4c6b7d67241ed4f22e297a8fd576842f8074d51e7d270f1ce17872,2014-10,Northumbria Police,Northumbria Police,-1.618315,54.972879,On or near Supermarket,E01033543,Newcastle upon Tyne 024G,Offender given suspended prison sentence
15c32d6f25faa493b0f8bc8a07b51dcdbc227a83629c83d2e60e416410f2a3d0,2014-10,Northumbria Police,Northumbria Police,-1.442663,54.892689,On or near PICKHURST SQUARE,E01008731,Sunderland 021C,Offender given community sentence
478257657cac18ab8470bf6d9315c8d5f47a048d6ecbd9d4af9a38ace1268efb,2014-10,Northumbria Police,Northumbria Police,-1.560234,55.022862,On or near CRESCENT WAY NORTH,E01008502,North Tyneside 014C,Offender sent to prison
ebb73695e9d40b21d8257d47d4e2a9c0058a633fb82a9d092ee8664e3e37de01,2014-10,Northumbria Police,Northumbria Police,-1.683393,54.951346,On or near TENNYSON CRESCENT,E01008263,Gateshead 009B,Offender given community sentence
3ffca8a5899a6f39d2633f4313da82193b6314420b521eb137d4cdb13c1d3bf8,2014-10,Northumbria Police,Northumbria Police,-1.508675,55.126886,On or near HAVELOCK STREET,E01027415,Northumberland 023B,Offender ordered to pay compensation
44ba770eee07cf064c5a7962e1fe7de50d3ba43b54ecd24d5dd5ba69ea0ace75,2014-10,Northumbria Police,Northumbria Police,-1.490776,54.980473,On or near Further/Higher Educational Building,E01008604,South Tyneside 007B,Defendant found not guilty
c4e4fcb85802f6d373bad9cf548b2055ecbe89bedd1abb2a7a15df1216264bc3,2014-10,Northumbria Police,Northumbria Police,-1.566025,54.976181,On or near BLOUNT STREET,E01008392,Newcastle upon Tyne 026F,Offender given conditional discharge
04f89c980130f192c8a0631f6b0817e4e5fdbc910a2cc54c7afd19fb2fae4532,2014-10,Northumbria Police,Northumbria Police,-1.407728,54.907316,On or near REGAL ROAD,E01008704,Sunderland 011B,Defendant found not guilty
8711aa4c8454521543ad0f9f8ea2ebdb6dcfd771b9896bdf260d95578dffa3be,2014-10,Northumbria Police,Northumbria Police,-1.619903,55.013187,On or near Supermarket,E01008358,Newcastle upon Tyne 002E,Offender given conditional discharge
437afc2e0c2584e1bbb1668f15ff515636dcc3373d910be0ae97fd319e86acd5,2014-10,Northumbria Police,Northumbria Police,-1.685663,54.982579,On or near Petrol Station,E01008416,Newcastle upon Tyne 025C,Offender sent to prison
ab96105296b0048ca508e903c09572924cffef29fb354bc9b0875e62d6961ca1,2014-10,Northumbria Police,Northumbria Police,-1.618837,54.970526,On or near CLAYTON STREET WEST,E01033543,Newcastle upon Tyne 024G,Offender sent to prison
80095dc4acad431b8566415d430bf3ca0d03bb4de00a4d04d344faed8f132046,2014-10,Northumbria Police,Northumbria Police,-1.495528,54.841769,On or near Parking Area,E01008755,Sunderland 033E,Offender given conditional discharge
ccb7248d6772ea9e604dd04ce77dd91b98e38992688a42a817fc3c44a3128e7e,2014-10,Northumbria Police,Northumbria Police,-1.429277,54.999179,On or near Nightclub,E01008596,South Tyneside 001B,Defendant found not guilty
667be4252dc6cdb2d97f2f9f13b7e10f407a66d1a0ec82854bcbed73979fbf07,2014-10,Northumbria Police,Northumbria Police,-1.430428,54.998501,On or near Parking Area,E01008596,South Tyneside 001B,Offender given community sentence
b79c2a85b25fffd404c51e286e155d874a9294a2eafb7120d29d01fd3b39a7f2,2014-10,Northumbria Police,Northumbria Police,-1.470805,55.004426,On or near WALLSEND ROAD,E01008482,North Tyneside 023B,Offender fined
621cd26d2e2e6a64a8225c1b95c302cd3852cd7b712ccf3f81e5c4c6d119d473,2014-10,Northumbria Police,Northumbria Police,-1.566558,54.978924,On or near BROUGH PARK WAY,E01008392,Newcastle upon Tyne 026F,Offender sent to prison
a1ed8046378e147a2296f3ba2c225898d2b9966c7d6ccb55dd814780ec57dd19,2014-10,Northumbria Police,Northumbria Police,-1.667079,55.011618,On or near Shopping Area,E01008294,Newcastle upon Tyne 001A,Offender given conditional discharge
68f878e441db6af708d7cd8aec4f5f735ecee3a59c9f258c1a8358a8514681bf,2014-10,Northumbria Police,Northumbria Police,-1.727875,55.043858,On or near ELM ROAD,E01027465,Northumberland 033B,Offender fined
221cbb03550802eefbcb8a94e6cf89035e7fa55c731d5c2e2f9a9747b98d091b,2014-10,Northumbria Police,Northumbria Police,-1.476576,54.998286,On or near PERCY COURT,E01008540,North Tyneside 027B,Offender given community sentence
d97ec6b3061d41722af48eb31a90b3e7339e8f6a3c24eb9c66ec2ed50dd36b33,2014-10,Northumbria Police,Northumbria Police,-1.435244,55.037335,On or near Supermarket,E01008496,North Tyneside 010B,Defendant found not guilty
789753af387e2b8687426e9332b03c84cf822d7e62d23dfa1d71bdc5e74a7949,2014-10,Northumbria Police,Northumbria Police,-1.572467,54.985918,On or near ROTHBURY TERRACE,E01008360,Newcastle upon Tyne 018C,Offender given conditional discharge
c78650c1635c34838eb944bf5f3eaba6643a71116093e016d06f595066af8caa,2014-10,Northumbria Police,Northumbria Police,-1.576614,54.946707,On or near HEATHERWELL GREEN,E01008212,Gateshead 012A,Offender sent to prison
f9f5ed47db0d55b6da7a7fba2c89a00e020589edbca2cc18dc259d02d847605f,2014-10,Northumbria Police,Northumbria Police,-1.441003,54.976561,On or near Pedestrian Subway,E01008590,South Tyneside 011A,Offender given community sentence
e2db7f649af0d8e1e2fc7ce3c922df17792082ae8d6e2fb794c890b63be0d624,2014-10,Northumbria Police,Northumbria Police,-1.519703,54.973482,On or near Parking Area,E01008641,South Tyneside 010C,Offender given community sentence
3ca4b219114205f5b42a6ddabe735b43bef1b1a70b2837998438dfa48bf8056d,2014-10,Northumbria Police,Northumbria Police,-1.596071,54.960298,On or near LINDISFARNE DRIVE,E01008162,Gateshead 027A,Defendant found not guilty
fba89cf74d5eaf99fd0732a0d0bbf7cd4cb07f7ff3f80af068cd9b46bc8f7a9e,2014-10,Northumbria Police,Northumbria Police,-1.445804,55.009113,On or near Shopping Area,E01008524,North Tyneside 022B,Offender sent to prison
fc3df84e7381e7ea147fbd463b8b19a2c0bb18933247b0f17423e5ae54840d3d,2014-10,Northumbria Police,Northumbria Police,-1.394941,54.909239,On or near TRIMDON STREET,E01008700,Sunderland 013A,Offender given conditional discharge
45ec76de084875d9dbc1850a82a9bd23f7b2cb52c33b25ded58031c40eafad3f,2014-10,Northumbria Police,Northumbria Police,-1.576740,54.979328,On or near ALGERNON CLOSE,E01008303,Newcastle upon Tyne 018A,Defendant found not guilty
5e107eb7f0d63ee5769fed4cfefb703155b5e5db0179476d3494baccc659a1b2,2014-10,Northumbria Police,Northumbria Police,-1.393240,54.897890,On or near THORNHOLME ROAD,E01008835,Sunderland 022G,Offender given suspended prison sentence
e161cebf1c4ff11c471556720a6d627ac174761872d143b8aab43fc191366e1a,2014-10,Northumbria Police,Northumbria Police,-1.462486,54.948395,On or near Parking Area,E01008613,South Tyneside 021D,Offender given conditional discharge
e33502ee24f8d4d2a3be40ee796a0bef0b3de2903345dd9bb2e879717a62c8ec,2014-10,Northumbria Police,Northumbria Police,-1.470805,55.004426,On or near WALLSEND ROAD,E01008482,North Tyneside 023B,Offender sent to prison
cccb812081fe80709d6e09b81b1b5675b4d59f18648fd6d0230532b71cc923ca,2014-10,Northumbria Police,Northumbria Police,-1.603407,54.997175,On or near BEMERSYDE DRIVE,E01008371,Newcastle upon Tyne 013C,Offender given conditional discharge
657bdadf284d8862b77331f65111d2955c2ab732ebaecce6a9a1ac6c61ab61be,2014-10,Northumbria Police,Northumbria Police,-1.574085,54.979211,On or near MILLERS ROAD,E01008392,Newcastle upon Tyne 026F,Offender given suspended prison sentence
cde1f7be2aaf830f89b6f487c5d2c76685e344c480bb1b604b42f9d199819fdc,2014-10,Northumbria Police,Northumbria Police,-1.460001,54.946255,On or near LAWSON COURT,E01008613,South Tyneside 021D,Offender given conditional discharge
447bd796b9253c970728a3e623168105c8e7685b1ce28f7a9491306008eb0afc,2014-10,Northumbria Police,Northumbria Police,-1.404657,54.904021,On or near CLIFFORD STREET,E01008706,Sunderland 011C,Defendant found not guilty
abe8770299e739a3dc62cff3039e6e8a9d76a64d021fa6be0dbe08d68fc4f049,2014-10,Northumbria Police,Northumbria Police,-1.512729,55.034660,On or near EMMERSON PLACE,E01032648,North Tyneside 011F,Offender sent to prison
33917030ab6023d37b4345871a4caea136ca1d71dce0831a60495bbed2328cdf,2014-10,Northumbria Police,Northumbria Police,-1.440475,54.896436,On or near Shopping Area,E01008810,Sunderland 014A,Offender sent to prison
20cb05b00eec932a0dfbb50bbe14fec685537c6a677837cff3208c99eab5529a,2014-10,Northumbria Police,Northumbria Police,-1.611154,54.975165,On or near LISLE STREET,E01008397,Newcastle upon Tyne 024C,Offender sent to prison
68938255b68c4b47b7428a6ee339d5abe79f8f42f39307d23f55ec34a1df85f5,2014-10,Northumbria Police,Northumbria Police,-1.583532,55.080958,On or near Parking Area,E01027411,Northumberland 029C,Court case unable to proceed
abfe96c2626f61e67f83a3fd5fc3fb674e57084eaf61efda6fd3f4cf176f08db,2014-10,Northumbria Police,Northumbria Police,-1.433396,54.998632,On or near Hospital,E01008667,South Tyneside 002D,Offender given community sentence
fbdb61adc5b94f8519293dd17817ffd755787ecb2e552351ef4f2bf7e6d74a7b,2014-10,Northumbria Police,Northumbria Police,-1.480187,55.010334,On or near SIMONBURN AVENUE,E01008492,North Tyneside 023E,Offender given community sentence
28238ee22838ebe9a813bc5a07c4ef7507adee43ce1bf66e0c2ba7e685c519ab,2014-10,Northumbria Police,Northumbria Police,-1.471735,55.009777,On or near WEST AVENUE,E01008481,North Tyneside 023A,Offender given conditional discharge
ada3fdab56efd5a7b922d77cd70f72e9a6bc55f20dbfea21929ce35e30541035,2014-10,Northumbria Police,Northumbria Police,-1.437359,54.994705,On or near STATION ROAD,E01008667,South Tyneside 002D,Offender given conditional discharge
bfb565508c9d05217f76f98819047a278196eedd46179e0c4009e2821e19238a,2014-10,Northumbria Police,Northumbria Police,-1.377902,54.917789,On or near GLADSTONE STREET,E01008787,Sunderland 006B,Offender given community sentence
b1e7eff5f6b9a91c5e836a0ed3aba1721281d66f071cbfc00967e1207c517a7d,2014-10,Northumbria Police,Northumbria Police,-1.604609,54.965502,On or near HALF MOON LANE,E01008166,Gateshead 027C,Defendant found not guilty
2c899e12dba9ea564b8b8239afc3f2f3ff4341b05b78b8a4c7d8e3a45273cbd0,2014-10,Northumbria Police,Northumbria Police,-1.654103,54.967657,On or near TROVES CLOSE,E01008291,Newcastle upon Tyne 027D,Offender sent to prison
f83f23199bfa6d3f8d4adc712e44fe963cee26220cfd3f1ef14288fbed788927,2014-10,Northumbria Police,Northumbria Police,-1.655752,54.970249,On or near Supermarket,E01008332,Newcastle upon Tyne 029B,Offender given community sentence
79c68af7b9671bf81ab87b550e999d5c7a1c8bc2d665a1348b4c544687889ed3,2014-10,Northumbria Police,Northumbria Police,-1.494268,54.840470,On or near THE FOLDS,E01008750,Sunderland 033A,Offender sent to prison
b76c1839d05680eefb269ed1f1b24c8c7970c59834f32820c732e0ae4778e8ce,2014-10,Northumbria Police,Northumbria Police,-1.450618,54.974906,On or near ELSWICK WAY,E01008672,South Tyneside 012D,Offender fined
0e322716d5be7fdbda90364bb69d4fdf81e2e592c7e4d939c88bca55e1295607,2014-10,Northumbria Police,Northumbria Police,-1.401067,54.920017,On or near Supermarket,E01033075,Sunderland 005G,Defendant found not guilty
35349ad03d3583e93d888dc3d79160910d207d5126013023d3ea1591a389acdd,2014-10,Northumbria Police,Northumbria Police,-1.576848,54.977990,On or near SHIELDS LANE,E01008303,Newcastle upon Tyne 018A,Offender given absolute discharge
d9a548538b7da8e2fc45ed2b3e1d513ffe145490f223f27a89a28ce2843e45b4,2014-10,Northumbria Police,Northumbria Police,-1.656873,54.976148,On or near WEST ROAD,E01008334,Newcastle upon Tyne 029D,Offender given absolute discharge
622647101ffcc4bf4982b9f92154117aef0285c772232350f2befee44221bfd1,2014-10,Northumbria Police,Northumbria Police,-1.584226,54.976182,On or near CLIFFORD STREET,E01008304,Newcastle upon Tyne 026C,Defendant found not guilty
f1cf88842db980018b67c448a78e678b929e5a99abc280d2f6dee2e32a9b285c,2014-10,Northumbria Police,Northumbria Police,-1.450882,55.002504,On or near PENMAN PLACE,E01008545,North Tyneside 027E,Defendant found not guilty
0dfbcc4b0de4f1d1d7d76b25216a7f2b89bad4109761129ee3a41ef4d783995e,2014-10,Northumbria Police,Northumbria Police,-1.417916,54.988135,On or near CATHERINE COOKSON COURT,E01008677,South Tyneside 003D,Offender fined
088f673fb3fefbd88f708be552c35b4ffd8c49b8ff918c5cc035a158332312fd,2014-10,Northumbria Police,Northumbria Police,-1.673317,54.990463,On or near BARCLAY PLACE,E01008299,Newcastle upon Tyne 011D,Offender sent to prison
2bb43b83140572e342eadccda6023395ec1d7a553547f9f09235a15040a9ed9e,2014-10,Northumbria Police,Northumbria Police,-1.462758,54.970117,On or near HENDERSON ROAD,E01008601,South Tyneside 012A,Defendant found not guilty
5bf2a5ce8ca042e0b60c4929aa239c7d8e6353f09c6bd8b7455ff5e1764ec265,2014-10,Northumbria Police,Northumbria Police,-1.441040,54.916496,On or near Supermarket,E01008693,Sunderland 008A,Offender given conditional discharge
1fd41db273667b0b0532b3f000b8ced33d2ca44033cb13166f7eaa5d4cd20ace,2014-10,Northumbria Police,Northumbria Police,-1.593682,54.957109,On or near WORDSWORTH STREET,E01008162,Gateshead 027A,Offender given conditional discharge
1e59f9c4d775e1fb7546db7e716242c91fd49b3a3ecfd8217cfee51913d6637f,2014-10,Northumbria Police,Northumbria Police,-1.641060,54.972930,On or near Supermarket,E01008331,Newcastle upon Tyne 029A,Offender given community sentence
4352be631f13b16c5649eab10cc005b9419e206b11f3f9e2fb06dd8c8a22c277,2014-10,Northumbria Police,Northumbria Police,-1.373549,54.921784,On or near ASHDALE COURT,E01008790,Sunderland 006E,Offender given community sentence
1b612ae1638d957cfa6af642a5312dc8c06b9ac973b98da7cac4164d5b401fc6,2014-10,Northumbria Police,Northumbria Police,-1.584155,54.940677,On or near VALLUM PLACE,E01008219,Gateshead 016A,Court case unable to proceed
79ecbdc8b85b8b9335076bc0d4d9d134eeadff4c10476599557a392da7944273,2014-10,Northumbria Police,Northumbria Police,-1.385155,54.906557,On or near Supermarket,E01008703,Sunderland 013B,Offender given conditional discharge
be6d4151ff86dfed2e3e470b4a318ba6e2ffe4adb61d9668099efd0d6d9311d2,2014-10,Northumbria Police,Northumbria Police,-1.617134,54.972264,On or near NEWGATE STREET,E01033543,Newcastle upon Tyne 024G,Offender given conditional discharge
b894852155070e12d2a9837a0958fae036e49d36b0d16f380bb1519cd472bb84,2014-10,Northumbria Police,Northumbria Police,-1.474552,54.868262,On or near LANGLEY STREET,E01032483,Sunderland 032F,Court case unable to proceed
20b6972ac0ca6093f2f87062ceb5e2ef462eaab1ed77d5813a76c943bd3a8a41,2014-10,Northumbria Police,Northumbria Police,-2.094372,54.966637,On or near GREEN BANK,E01027493,Northumberland 035F,Offender given suspended prison sentence
10f8ed76f9882f5685aea4720085621aa2e30e0444950ff14857508b566d0dec,2014-10,Northumbria Police,Northumbria Police,-1.572752,54.898671,On or near GROVE VIEW,E01008174,Gateshead 026C,Offender sent to prison
d5019cd722f6dc09d97ad3b1c77ba99d63f75dddf3750fb85ee1da242cce8683,2014-10,Northumbria Police,Northumbria Police,-1.617134,54.972264,On or near NEWGATE STREET,E01033543,Newcastle upon Tyne 024G,Defendant found not guilty
f0c2e9359f1a103c3fa811046d97781d7401475d0c5fd8bfb9b4a376e5e85972,2014-10,Northumbria Police,Northumbria Police,-1.458107,54.976773,On or near JARROW ROAD,E01008601,South Tyneside 012A,Offender given suspended prison sentence
14229fcb682db8f9e7db762c21ec06c1a969b524f2055c5c48cdc9214f20555e,2014-10,Northumbria Police,Northumbria Police,-1.387978,54.903462,On or near ALBION PLACE,E01008831,Sunderland 013D,Offender deprived of property
9fd0adec342995a561ec2a35a1e8fd8847fa6de5b440b08502a626ed3dbc4e28,2014-10,Northumbria Police,Northumbria Police,-1.370327,54.916285,On or near Petrol Station,E01008791,Sunderland 006F,Court case unable to proceed
d5b2903b4939b660dd6f2d18061ba502af451db7b3f060ebb6aca63ab55254f3,2014-10,Northumbria Police,Northumbria Police,-2.000038,55.769430,On or near RAVENSDOWNE,E01027377,Northumberland 001B,Court case unable to proceed
cc2052a43c3c81787df280c1e01dce3c2f16a5b8eb6d33226489a7d067f6b16b,2014-10,Northumbria Police,Northumbria Police,-1.399060,54.909116,On or near NORTH RAVENSWORTH STREET,E01008700,Sunderland 013A,Offender given conditional discharge
c326cf6f46d934fa3cdbd49b3ad8df03ca4c45c5538a4ab8c3f87db5f46fed05,2014-10,Northumbria Police,Northumbria Police,-1.370834,54.937792,On or near Parking Area,E01008723,Sunderland 002A,Defendant found not guilty
1fafbfaa704b02c07687257e3f10ba132cadc8a11eaa66c73971db60aa9ecc4e,2014-10,Northumbria Police,Northumbria Police,-1.727321,54.957104,On or near JOBLING AVENUE,E01008280,Gateshead 004E,Defendant found not guilty
09af612af7abc9afff6be29addcaca2671fcca5d8bcf5fe40e191a7c1455c61e,2014-10,Northumbria Police,Northumbria Police,-1.577957,54.988417,On or near Supermarket,E01008365,Newcastle upon Tyne 012F,Offender given conditional discharge
8663cf49d0d32f7646e89069f070fe1b7464db8000cc41dd608d22b7a7307ee9,2014-10,Northumbria Police,Northumbria Police,-1.444449,55.009862,On or near Parking Area,E01008524,North Tyneside 022B,Offender sent to prison
4ff01661c418d7ac1522bbf0c42d323e3549291738c84b58ca632a107b121c0f,2014-10,Northumbria Police,Northumbria Police,-1.705062,54.979374,On or near NEWBURY CLOSE,E01008387,Newcastle upon Tyne 021G,Offender given conditional discharge
4e15dc07c8da209e41f7d3c08344ec535ef17ca6ed1857332de41f93293585cf,2014-10,Northumbria Police,Northumbria Police,-1.611977,54.974045,On or near Shopping Area,E01033543,Newcastle upon Tyne 024G,Offender fined
c499b83fdbef8ac89916505abf77307bbfdd38092bb8bcbddf28b2223f56dd62,2014-10,Northumbria Police,Northumbria Police,-1.617134,54.972264,On or near NEWGATE STREET,E01033543,Newcastle upon Tyne 024G,Offender given absolute discharge
683fcffda03fdfabf4039eb8f94dd8b5d874f639432aff17aa7c3ab097c01fdc,2014-10,Northumbria Police,Northumbria Police,-1.571742,55.183098,On or near Shopping Area,E01027529,Northumberland 010B,Offender given community sentence
aabba8bfed8ed0f4b337fad9fae774c7520709dbc4ce72d21e665ce2b835c235,2014-10,Northumbria Police,Northumbria Police,-1.653518,54.970252,On or near AXBRIDGE GARDENS,E01008335,Newcastle upon Tyne 029E,Offender given conditional discharge
da41eca50e149dbc8b8c19f3028929c33e60b49a036442b860d9ded6cbd7021c,2014-10,Northumbria Police,Northumbria Police,-1.468087,54.964065,On or near ABERDEEN DRIVE,E01008603,South Tyneside 014B,Offender fined
4b2745a009ece2402c05c4a4ce5121f1711ea24eb29fc366087b2c17b4c7234c,2014-10,Northumbria Police,Northumbria Police,-1.440530,54.871112,On or near AMELIA GARDENS,E01008772,Sunderland 029A,Defendant found not guilty
0b19edb6e07883062acf8b3f1f618c73c312fba5ce703c9c997934b363c0233c,2014-10,Northumbria Police,Northumbria Police,-1.369426,54.892143,On or near CAIRO STREET,E01008738,Sunderland 016E,Offender given conditional discharge
a9c981e386bb0a6677bdf63ace7e5dc5650f910405985d3f764c1a675cd50df7,2014-10,Northumbria Police,Northumbria Police,-1.619580,55.004307,On or near Supermarket,E01008419,Newcastle upon Tyne 006E,Offender given conditional discharge
9097f78f14c97765cd76ee2a144d41325c9b24009421721ea5d66775e42daabc,2014-10,Northumbria Police,Northumbria Police,-1.670837,54.991831,On or near LINDFIELD AVENUE,E01008299,Newcastle upon Tyne 011D,Offender given absolute discharge
0bddf292daae904e818b2918438dc89842ec7397c419ed3fc79d28fb45733f69,2014-10,Northumbria Police,Northumbria Police,-1.666303,54.973119,On or near RIDDELL AVENUE,E01008289,Newcastle upon Tyne 027B,Offender given community sentence
ccb7248d6772ea9e604dd04ce77dd91b98e38992688a42a817fc3c44a3128e7e,2014-10,Northumbria Police,Northumbria Police,-1.429277,54.999179,On or near Nightclub,E01008596,South Tyneside 001B,Defendant found not guilty
639214451160169cd5d02a805d06c9b0e91804a88f0dafe25576d8993ccc52cc,2014-10,Northumbria Police,Northumbria Police,-1.604581,54.982675,On or near OSBORNE TERRACE,E01008370,Newcastle upon Tyne 017C,Offender given conditional discharge
bb48827238e5898694c012a35cb07ba648abd124f74bbdf466651e86de7a038c,2014-10,Northumbria Police,Northumbria Police,-1.862736,54.972016,On or near DENE CLOSE,E01027496,Northumberland 036B,Offender given suspended prison sentence
1ce71e782c633a9ec4e5c7429d709cda90a2f88118c3a57edfa84c829a463255,2014-10,Northumbria Police,Northumbria Police,-1.515929,55.032722,On or near HEATHFIELD,E01032648,North Tyneside 011F,Offender sent to prison
7571a49183ba7d331780c1a445a1d70a6b273229a2b4ba1cf61f51c044be805a,2014-10,Northumbria Police,Northumbria Police,-1.618773,54.922871,On or near Parking Area,E01008226,Gateshead 025D,Offender sent to prison
2dce61aca8132dea1e192dc342de745ffe6ced4fd7ff5ac340a2ad41cff86a3d,2014-10,Northumbria Police,Northumbria Police,-1.664822,54.976556,On or near DENHILL PARK,E01008334,Newcastle upon Tyne 029D,Offender given community sentence
a318be9de6f3f735d6cd866d501a8386d236da63618536b54d2565f15c2d789c,2014-10,Northumbria Police,Northumbria Police,-1.437359,54.994705,On or near STATION ROAD,E01008667,South Tyneside 002D,Offender given absolute discharge
675869293fed87c82ba2311e3b598fa20625de264c81e2af222997bab67eea28,2014-10,Northumbria Police,Northumbria Police,-1.434635,54.986102,On or near EGLESFIELD ROAD,E01008664,South Tyneside 002A,Court case unable to proceed
b5e9bea2190716041bded316378d3a859d86faa2953981a50796ff6862a190f8,2014-10,Northumbria Police,Northumbria Police,-1.566489,55.021527,On or near STATION ROAD NORTH,E01008470,North Tyneside 014A,Offender sent to prison
9400c0af6aedd107d5c3a4aa89d401159a08ece0f968fe2e3321bb6a5903e403,2014-10,Northumbria Police,Northumbria Police,-1.656820,54.989681,On or near Pedestrian Subway,E01008450,Newcastle upon Tyne 016B,Offender given conditional discharge
4a7cab2498a0f9b9650e4bba03fd78e1009a4d846f8a0f5e04d5cf5abd978469,2014-10,Northumbria Police,Northumbria Police,-1.444423,54.981168,On or near DEVONSHIRE STREET,E01008671,South Tyneside 012C,Defendant found not guilty
68741aeb41cdf87bd02d5abb0efb298729c39335c08886f50bc25ab5e6eaa0f2,2014-10,Northumbria Police,Northumbria Police,-1.446908,55.007294,On or near RUDYERD STREET,E01008524,North Tyneside 022B,Offender fined
01db8a10ca9645d813d706b169e2a5d4fe35538bec5ca31eec1dc5c6bf43def0,2014-10,Northumbria Police,Northumbria Police,-1.510696,55.128314,On or near REGENT STREET,E01027415,Northumberland 023B,Offender sent to prison
e63bbd6ad553774604b97ac5bc0eb3964c084f8d3acc80e835174a7bccc13c1f,2014-10,Northumbria Police,Northumbria Police,-1.524897,55.007255,On or near BEAUFORT GARDENS,E01008462,North Tyneside 024A,Offender ordered to pay compensation
faabf00e638c8df4610617ecaa16f6b1c1c3abf3d35d1c41d9ae8853bfdb4b3e,2014-10,Northumbria Police,Northumbria Police,-1.444866,55.028330,On or near HARTINGTON ROAD,E01008493,North Tyneside 013A,Offender given conditional discharge
8f6f900d405d0dc3887bbec6e6f49d864d5f2f79f5383fb8711e6f4c851a15f2,2014-10,Northumbria Police,Northumbria Police,-1.570022,54.979296,On or near A193,E01008392,Newcastle upon Tyne 026F,Offender given conditional discharge
3572bb59d2492ff35fe9abd72725eef69cefe1f1791046b5c882e98237768d56,2014-10,Northumbria Police,Northumbria Police,-1.539102,54.901442,On or near SUNDERLAND HIGHWAY,E01008867,Sunderland 020A,Offender given community sentence
b14ee2038124704f3b36569961979882c9a62637a4a2153c26276a63ff3a997e,2014-10,Northumbria Police,Northumbria Police,-1.616515,54.981518,On or near CLAREMONT ROAD,E01008397,Newcastle upon Tyne 024C,Offender sent to prison
74427090bfbfa7ac7102929a4dd323e35564c19949daea205f2003df73afa925,2014-10,Northumbria Police,Northumbria Police,-1.601352,54.958464,On or near HIGH WEST STREET,E01008166,Gateshead 027C,Court case unable to proceed
cca459c02564aa85ba5e575fa0b9e3ff93aba8473f5bfd297977c6e3fabff72e,2014-10,Northumbria Police,Northumbria Police,-1.406748,54.910286,On or near LISBURN TERRACE,E01008700,Sunderland 013A,Offender given conditional discharge
3e4409a6d6ae4342af28450de4f8c60976a4cd1e297a1a4459c04fc340a923fe,2014-10,Northumbria Police,Northumbria Police,-1.488220,54.981199,On or near Supermarket,E01008604,South Tyneside 007B,Offender fined
b0adc1678f997d22251997e63dc86af214287b896f0c50b2a998cf784fecce27,2014-10,Northumbria Police,Northumbria Police,-1.429462,54.990508,On or near JOHN CLAY STREET,E01008668,South Tyneside 002E,Offender otherwise dealt with
e6da5a579c1fccba21b1992c68b82a332f56ef8074d8b17ff20a5fb5d56e527d,2014-10,Northumbria Police,Northumbria Police,-1.634473,55.005027,On or near HALTERBURN CLOSE,E01008356,Newcastle upon Tyne 006C,Court case unable to proceed
507ff4910a0f9670657025be21d22b774eb2b00557bb5025fffa29f88383325b,2014-10,Northumbria Police,Northumbria Police,-1.437359,54.994705,On or near STATION ROAD,E01008667,South Tyneside 002D,Offender given conditional discharge
4cd67f3052c5e9045f1c23beeeb314e723bd2642996f07f685c0ed3d8c1a2e44,2014-10,Northumbria Police,Northumbria Police,-1.438189,54.990108,On or near LAYGATE PLACE,E01008666,South Tyneside 002C,Offender given conditional discharge
7f9e0d78d6fa619eebec39bdbeab38afa64ecd4c528e2d05a9d39c9db57fd684,2014-10,Northumbria Police,Northumbria Police,-1.630670,55.131378,On or near OAKDALE,E01027521,Northumberland 021D,Offender given conditional discharge
5d3c2e4e07de3f52f19c796a39234806f48ddc2c8c455f62a0fca1451b968b3a,2014-10,Northumbria Police,Northumbria Police,-1.431607,54.984767,On or near HAMPDEN STREET,E01008683,South Tyneside 005D,Offender given conditional discharge
33b5d66f5013277744c47d2f07c51618584ae8eb417d3cfb421bc32390306138,2014-10,Northumbria Police,Northumbria Police,-1.460483,55.007004,On or near CHIRTON AVENUE,E01008482,North Tyneside 023B,Defendant found not guilty
b58426010e431915205384825ecca341dc0d90ea7778facba1fab6b325718b20,2014-10,Northumbria Police,Northumbria Police,-1.435244,55.037335,On or near Supermarket,E01008496,North Tyneside 010B,Offender fined
6a12edb2cd2a242639ed454eaa379302c8a07109e30fc75b6127edd92d106147,2014-10,Northumbria Police,Northumbria Police,-1.614002,54.976262,On or near Shopping Area,E01008397,Newcastle upon Tyne 024C,Offender given community sentence
bc058850d442982b596ec80434200b893fe6063650cc3d0df9d05d45591be415,2014-10,Northumbria Police,Northumbria Police,-1.571537,54.976380,On or near GRACE STREET,E01008302,Newcastle upon Tyne 026B,Offender fined
f61290661723bae4aa43ba84471d91a6fa1daa8091acd470a9c3e8844bdd90bf,2014-10,Northumbria Police,Northumbria Police,-1.512453,55.126991,On or near Parking Area,E01027415,Northumberland 023B,Offender given conditional discharge
6c16cd168c1a1294ed2701885ff9babc4f491ba635ceb6a404f78b3ded9b1257,2014-10,Northumbria Police,Northumbria Police,-1.535004,55.025635,On or near WESLEY WAY,E01008501,North Tyneside 018D,Offender sent to prison
d5a6f8383517328339936bc6ed9304d400e16d22058a6f541d60f9646ee1f039,2014-10,Northumbria Police,Northumbria Police,-1.429397,54.984100,On or near ALBANY STREET WEST,E01008683,South Tyneside 005D,Offender sent to prison
12868d00245a249aa876fd9c059f595a012f721c0cc0517914b2bb1049ea4310,2014-10,Northumbria Police,Northumbria Police,-1.618321,54.970578,On or near FENKLE STREET,E01033543,Newcastle upon Tyne 024G,Court case unable to proceed
faf9f5f2bc5cca15336a76baa007205fdd3a953acbf793c1ca908f4b21c0292a,2014-10,Northumbria Police,Northumbria Police,-1.534379,54.990406,On or near FRANK STREET,E01008575,North Tyneside 030E,Offender fined
11410552446183740637bdd5051aa9d3a826c87cd3b4bf967e1e3f09f15dc3c4,2014-10,Northumbria Police,Northumbria Police,-1.527440,55.124714,On or near CAMBO CLOSE,E01027423,Northumberland 024C,Court case unable to proceed
908018e3ab270c9037720ac872250420ef574c4e571ec86a13a649e86cca977e,2014-10,Northumbria Police,Northumbria Police,-1.713508,54.978091,On or near EVA STREET,E01008385,Newcastle upon Tyne 021E,Offender fined
b9614e6e0dccb007553fb54a0c468cc7ddcfa0a791c6944a216e657a9c92a960,2014-10,Northumbria Police,Northumbria Police,-1.525637,55.118075,On or near WORDSWORTH AVENUE,E01027422,Northumberland 024B,Offender given suspended prison sentence
6529697d20f2a7b38669e500d7f87a8252433b58f3e9843c7a547eee84871f84,2014-10,Northumbria Police,Northumbria Police,-1.529917,54.991153,On or near LAUREL STREET,E01008573,North Tyneside 029B,Offender sent to prison
72988537e027d36139ab757254315c1f41846f469b5a17b9ad332c51a9822ef1,2014-10,Northumbria Police,Northumbria Police,-1.436313,55.003516,On or near MILE END ROAD,E01008599,South Tyneside 001E,Defendant found not guilty
c1ed9e480a2627df9db7ec4a914ae450be2ecbb4576c14dccef9eda8c4a7f194,2014-10,Northumbria Police,Northumbria Police,-1.607875,54.958908,On or near HAVELOCK CLOSE,E01008168,Gateshead 027D,Offender given community sentence
d8d4dc5beb26a9498c8c3eacea3fc2b692c76acf46b9cf0259a31b91a81f7195,2014-10,Northumbria Police,Northumbria Police,-1.617134,54.972264,On or near NEWGATE STREET,E01033543,Newcastle upon Tyne 024G,Court case unable to proceed
08913c43fdeb5af3c1698773bb13af055fb735ea102a6922204c4d5d893eb9fc,2014-10,Northumbria Police,Northumbria Police,-1.426397,54.997251,On or near WOODBINE STREET,E01008596,South Tyneside 001B,Offender given suspended prison sentence
7b31ac7b0bd2605041f95e2c1b81464eaf9b1e60c20f34f3b470a44df52d1c6b,2014-10,Northumbria Police,Northumbria Police,-1.688109,54.983511,On or near WEST ROAD,E01008416,Newcastle upon Tyne 025C,Court case unable to proceed
0d68410a4d46970f2299afd78d7b293b8e5d0e2e03b4e31ef36548835a737139,2014-10,Northumbria Police,Northumbria Police,-1.530617,55.127970,On or near EARL'S GARDENS,E01027391,Northumberland 024A,Offender sent to prison
1575df486f85018ed640ce99e3f4835bcb15273fa0138be718fb002caf89a871,2014-10,Northumbria Police,Northumbria Police,-1.367029,54.959502,On or near WHEATALL DRIVE,E01008685,South Tyneside 018C,Offender given conditional discharge
dc9fb62e09c1a8795c5edd74413c46571d566db215e8d1b54e097bfa7852d290,2014-10,Northumbria Police,Northumbria Police,-1.608599,54.972785,On or near CARLIOL SQUARE,E01033543,Newcastle upon Tyne 024G,Court case unable to proceed
fbfdd7661c600a0e4ad1841a590d3a313e53422e260b0bfe6801130fa22c5d40,2014-10,Northumbria Police,Northumbria Police,-1.387978,54.903462,On or near ALBION PLACE,E01008831,Sunderland 013D,Offender fined
1ce40700c2eb157c3079984e508cdf87b5c9fad756218e31e60c31e4c80c656f,2014-10,Northumbria Police,Northumbria Police,-1.659711,54.997094,On or near MURRAYFIELD ROAD,E01008377,Newcastle upon Tyne 008E,Defendant found not guilty
5870f7b40ee505bd33b33e94e7c1af98f546bda4aa8528916596559db7dbd010,2014-10,Northumbria Police,Northumbria Police,-1.494873,54.868043,On or near Parking Area,E01008793,Sunderland 030A,Court case unable to proceed
eddfc6672872709cc6be7290d7f97d0c5831393c911c9ecb1b2f3689c07ace76,2014-10,Northumbria Police,Northumbria Police,-1.445541,55.042891,On or near YORK ROAD,E01008584,North Tyneside 006A,Offender fined
4b94895a1eaa925a29c163c44242163de297552e5b566833206810f3f797e628,2014-10,Northumbria Police,Northumbria Police,-1.601308,54.958177,On or near HIGH WEST STREET,E01008168,Gateshead 027D,Offender given community sentence
b2fca94ef9b819cb617c7bef352f16b82cdbfb29d33d392507ff1925c4bcf7ae,2014-10,Northumbria Police,Northumbria Police,-1.599545,54.975272,On or near CLARENCE STREET,E01008406,Newcastle upon Tyne 023A,Court case unable to proceed
6a644857cd19a6cb6cac0a048fd83bdcc29c55d56c4a467f692d0a28afe6c2fa,2014-10,Northumbria Police,Northumbria Police,-1.518077,54.914849,On or near CARISBROOKE CLOSE,E01008853,Sunderland 009A,Offender deprived of property
f9f7fd14b073f32fc3a9a1e0df4a91f9dbd10d141ccc1f7b18045a4117fbc4ff,2014-10,Northumbria Police,Northumbria Police,-1.566098,55.034565,On or near WHITE SWAN CLOSE,E01008505,North Tyneside 012B,Offender given community sentence
733fd437c4bf775e74ca905bc3dae90ec424f6514154126f759ed38f4f7666c7,2014-10,Northumbria Police,Northumbria Police,-1.439685,54.925269,On or near REVELSTOKE ROAD,E01008841,Sunderland 003F,Offender given community sentence
2265da07aad264165f8adff991b67fd97cde6fac5b9b2dfb509a4c98981feacf,2014-10,Northumbria Police,Northumbria Police,-2.250445,54.897078,On or near DALE PARK,E01027478,Northumberland 040B,Offender ordered to pay compensation
53c5a1454cca99f3eb5c1712fbbf88cbf42ebd60957422c97ef217e7c9dc04a8,2014-10,Northumbria Police,Northumbria Police,-1.681378,54.988948,On or near SHAP LANE,E01008350,Newcastle upon Tyne 019H,Defendant found not guilty
8e780b3bfa3ddf8d4ef320e2b67f6729bbd69139d991130feedb80b703c0b8a3,2014-10,Northumbria Police,Northumbria Police,-1.535133,54.991488,On or near Supermarket,E01008536,North Tyneside 030C,Offender given suspended prison sentence
8f887a303ff2345016a0ebf2d661d3c936a4f00a108804bad99a833779545e80,2014-10,Northumbria Police,Northumbria Police,-1.533530,55.004332,On or near KINGS ROAD NORTH,E01008465,North Tyneside 024D,Court case unable to proceed
ad867359de4544a5d799b163500685b8241cdf62366895735c317178e5a0b384,2014-10,Northumbria Police,Northumbria Police,-1.683502,54.995163,On or near WEST DENTON WAY,E01008445,Newcastle upon Tyne 031D,Offender given community sentence
7076329eb4025170392470bca8676b8c7dcecd9aa0f28de0945934e60da20c8f,2014-10,Northumbria Police,Northumbria Police,-1.615322,54.972222,On or near NUN STREET,E01033543,Newcastle upon Tyne 024G,Offender given conditional discharge
2cea4fbe48fc12479de9e8df1d7a29350351ed692f92a75dd9e8cea6c877ad72,2014-10,Northumbria Police,Northumbria Police,-1.444449,55.009862,On or near Parking Area,E01008524,North Tyneside 022B,Offender sent to prison
f4818fe3b28ace85b995faf5182decd2b505ffddf94af9f7d301820af361241a,2014-10,Northumbria Police,Northumbria Police,-1.393240,54.897890,On or near THORNHOLME ROAD,E01008835,Sunderland 022G,Offender fined
f360d0b0584be870f0ce252bd5ae3642b952c24507e76f0ecacb003d85f17e06,2014-10,Northumbria Police,Northumbria Police,-1.376764,54.901554,On or near EGERTON STREET,E01008836,Sunderland 016F,Offender sent to prison
f38656864433a700730c7742f376ade79bb5e42bb2043fdaa0b3b67ba4e9c3e8,2014-10,Northumbria Police,Northumbria Police,-1.425983,54.999936,On or near SHORTRIDGE STREET,E01008596,South Tyneside 001B,Defendant found not guilty
455357b6dac0c9f553e3ee7ff3f57fe4c5c270fd1d38e5612d97d16d029633f9,2014-10,Northumbria Police,Northumbria Police,-1.615322,54.972222,On or near NUN STREET,E01033543,Newcastle upon Tyne 024G,Offender given conditional discharge
0ccf451e7a77b8c590803044aa0176a1b4adb63c9f6e2e3f0e2283950bfd3209,2014-10,Northumbria Police,Northumbria Police,-1.596860,54.950083,On or near NORTHBOURNE STREET,E01008203,Gateshead 028B,Offender sent to prison
a2c46aa3d6d7e8338bfc4257fed973b3f7bf93178cd05fc0b25f2deda0fe86eb,2014-10,Northumbria Police,Northumbria Police,-1.576430,54.970197,On or near GARMONDSWAY,E01008305,Newcastle upon Tyne 026D,Offender given conditional discharge
81cb204aab667d7fd71c0ac3286bf228d1146eb765b0a984777d2c2850351f80,2014-10,Northumbria Police,Northumbria Police,-1.536580,55.020537,On or near Supermarket,E01008501,North Tyneside 018D,Offender sent to prison
2747f6583ed36541348dd4e0bf2d274f5e5b6a9452a05092a67eee3a0f57a017,2014-10,Northumbria Police,Northumbria Police,-1.673395,54.957798,On or near Parking Area,E01008262,Gateshead 009A,Offender given community sentence
5d1d296212cd3adc184fe84baa422d147b7c5f1c8b6439fc7be3b7e2278f8eae,2014-10,Northumbria Police,Northumbria Police,-1.611983,54.973470,On or near HOOD STREET,E01033543,Newcastle upon Tyne 024G,Offender given conditional discharge
384632ec3bf5c2fe167246bab406af4f2e3ecb4590b6775e5af76b4942132b99,2014-10,Northumbria Police,Northumbria Police,-1.477969,55.010181,On or near DENTON AVENUE,E01008492,North Tyneside 023E,Offender given community sentence
6b2182f4008268c6ce163caa093c2e7a783d385de45bb98f4e49f5f54fbe4dcf,2014-10,Northumbria Police,Northumbria Police,-1.381061,54.908127,On or near BEDFORD STREET,E01008703,Sunderland 013B,Offender fined
85e89bc249f0144f96bf88b261680f68e758d0fdd37c2fbc35fcb58a94e4e251,2014-10,Northumbria Police,Northumbria Police,-1.520613,55.118720,On or near FOURTEENTH AVENUE,E01027430,Northumberland 024E,Court case unable to proceed
1b99340d4c6010737efea3a400a324a6466d1a76a981aaa22053f53b6ba5a7ee,2014-10,Northumbria Police,Northumbria Police,-1.387324,54.905453,On or near Sports/Recreation Area,E01008703,Sunderland 013B,Offender given community sentence
0719494c8bf3ed9b050e0b8ceb1551f64846097963e41a6c439a8b5fd2d41080,2014-10,Northumbria Police,Northumbria Police,-1.508463,55.127532,On or near Shopping Area,E01027415,Northumberland 023B,Offender given suspended prison sentence
4fae3812eab6056f1b073a7e229d0021990971da62174e2c2fb0b7095d0e6a25,2014-10,Northumbria Police,Northumbria Police,-1.592345,54.948801,On or near FULLERTON PLACE,E01008204,Gateshead 011D,Court case unable to proceed
d05a5e96a6f7e8872cfad5015f39522a7182163adc49e6148710ec502ba7d52f,2014-10,Northumbria Police,Northumbria Police,-1.658615,54.997405,On or near MEADOWDALE CRESCENT,E01008377,Newcastle upon Tyne 008E,Offender given community sentence
80557e53163167b90547be057ca6c5e05dbbcac0e84b28804e229350aac7a662,2014-10,Northumbria Police,Northumbria Police,-1.616721,54.974644,On or near Shopping Area,E01008397,Newcastle upon Tyne 024C,Defendant found not guilty
afac49c0170e54b04e362f3832a25ff2d395fb89ee52d36ce350be468d3d1012,2014-10,Northumbria Police,Northumbria Police,-1.644511,54.971296,On or near BENTINCK ROAD,E01008333,Newcastle upon Tyne 029C,Offender given suspended prison sentence
3c595a684bb6d340abb0d49ef54fb79fc4074eff4ce6ef8d4cc0988b2a68ff81,2014-10,Northumbria Police,Northumbria Police,-1.611983,54.973470,On or near HOOD STREET,E01033543,Newcastle upon Tyne 024G,Offender given community sentence
67e68aee6c7832ed5fb238a98085d3d77119b3cc4e8261661a036e6b8a273c36,2014-10,Northumbria Police,Northumbria Police,-1.560679,54.983585,On or near WALPOLE STREET,E01008392,Newcastle upon Tyne 026F,Offender given community sentence
a8e76f68e733228c72bea34f1b10ced8adddb5b2405cd1dab20eb3b4bec7dacb,2014-10,Northumbria Police,Northumbria Police,-1.621161,54.969293,On or near WATERLOO STREET,E01033554,Newcastle upon Tyne 024I,Defendant found not guilty
ff230f3788692cf372a60ea5e110c2a8a8b08d7b8f7043ca30b75d747de6f3e2,2014-10,Northumbria Police,Northumbria Police,-1.604153,54.962643,On or near Shopping Area,E01008168,Gateshead 027D,Offender given conditional discharge
9256ab6bb0059cdffaa7618557be4b5e3bf413a9b6fdd06e2a2fb73268f10521,2014-10,Northumbria Police,Northumbria Police,-1.432996,54.998154,On or near SMITHY STREET,E01008667,South Tyneside 002D,Offender given community sentence
5a70d76ea819f652690830f655bb722093e4aa6f31f33959d3e4fa26bdcc93a3,2014-10,Northumbria Police,Northumbria Police,-1.575470,55.330200,On or near ANDREW DRIVE,E01027363,Northumberland 006C,Offender given conditional discharge
1cb7840b7da88f03cb1a9315ce82efa8123e9201bd4845d583eadd47cfa04648,2014-10,Northumbria Police,Northumbria Police,-1.562565,54.973949,On or near WELBECK ROAD,E01008388,Newcastle upon Tyne 028A,Offender given suspended prison sentence
2b4a35ca8b06a18beeae2f8291678ec6387ad0bca3f0b37ba03fb081263208b2,2014-10,Northumbria Police,Northumbria Police,-1.415290,54.908503,On or near EXETER STREET,E01008757,Sunderland 015A,Offender given conditional discharge
dc5af5f5e0f8d2cf3b8538cfd3cb8b879ba5e22ead03ca3fd043f9eed0b2a0bb,2014-10,Northumbria Police,Northumbria Police,-1.517812,55.118233,On or near TWELFTH AVENUE,E01027429,Northumberland 024D,Offender sent to prison
a28d61592a0f298fe96e87d3687f8917bf34dc2f85780f16f4588b1ccd434b1f,2014-10,Northumbria Police,Northumbria Police,-1.385155,54.906557,On or near Supermarket,E01008703,Sunderland 013B,Offender otherwise dealt with
c71a1da951f41238d1d07bf286c6e8517da2e0d8f5d6e540d3d4bcf20263c337,2014-10,Northumbria Police,Northumbria Police,-1.442716,54.989329,On or near CORNWALLIS SQUARE,E01008667,South Tyneside 002D,Defendant found not guilty
7fdd25067355b96bde10b68cc5426f879c0627de1fd6ca296fc8e67db6d33b0f,2014-10,Northumbria Police,Northumbria Police,-1.577957,54.988408,On or near Supermarket,E01008365,Newcastle upon Tyne 012F,Offender given absolute discharge
1eca3ecdbd1010c83081ab8d507bb9e15f1264471df36e6a5f39b57120905394,2014-10,Northumbria Police,Northumbria Police,-2.097832,54.969825,On or near ARGYLE TERRACE,E01027494,Northumberland 035G,Offender given conditional discharge
0d47fbd45f6cff5500dec8fafc0deff630b9bd5a1d06db1ef1e3b3f76669caea,2014-10,Northumbria Police,Northumbria Police,-1.383595,54.913747,On or near BACK NORTH BRIDGE STREET,E01008791,Sunderland 006F,Offender given conditional discharge
8ff4f9b1746eeadc1271b1d5b3c1ee8fa6def9022e7dc802a601a0111f0eedb6,2014-10,Northumbria Police,Northumbria Police,-1.371689,54.897960,On or near ATHOL ROAD,E01008735,Sunderland 016B,Offender given community sentence
51387e43e42998c758306e751af7871276bf1051637113e955ac0a494b825961,2014-10,Northumbria Police,Northumbria Police,-1.655559,54.969027,On or near ATHERTON DRIVE,E01008291,Newcastle upon Tyne 027D,Court case unable to proceed
a66690f2d1350743a36adbdf6bf70e9445f53ba109ada6f6b3798c89ad0f67ff,2014-10,Northumbria Police,Northumbria Police,-1.574095,55.180356,On or near KENILWORTH ROAD,E01027529,Northumberland 010B,Offender sent to prison
2be3202d1a5001acd212ced766c5d7b7ee0880d6c8f841d52d4368d7f22fc284,2014-10,Northumbria Police,Northumbria Police,-1.436204,54.989030,On or near LAYGATE,E01008666,South Tyneside 002C,Defendant found not guilty
572ddf9043f678e2d2ed464da9cac23b555ce9b98dbeb7f85d53e6d272c3fa45,2014-10,Northumbria Police,Northumbria Police,-1.370085,54.870848,On or near Supermarket,E01008769,Sunderland 028E,Offender given suspended prison sentence
6e64a91c10c218d2882d1aca8c54ac8d7d99c4495a40f481d396bc68c154f6d0,2014-10,Northumbria Police,Northumbria Police,-1.503952,55.010586,On or near MIDDLE ENGINE LANE,E01008468,North Tyneside 021D,Offender sent to prison
92333f9f8d74c1d010cbd2ee293a6dad78d4d2f639d5f0a74628698c26f1b2a6,2014-10,Northumbria Police,Northumbria Police,-1.523778,55.130747,On or near COWPEN ROAD,E01027392,Northumberland 022A,Offender given conditional discharge
9f30d1385f2c64877c36506bce81a2e6488904094711a4635eb9973077670332,2014-10,Northumbria Police,Northumbria Police,-1.810339,54.919547,On or near SOUTH ROAD,E01008186,Gateshead 024B,Offender given suspended prison sentence
b5ec7c363bd48d57e766dc460bb937b93fb68df3d1c2d48e3e1974b1bd4c26ee,2014-10,Northumbria Police,Northumbria Police,-1.521350,54.913765,On or near HOUSE TERRACE,E01008858,Sunderland 009D,Defendant found not guilty
b5759454722469eeb3e3c1379bc28c66e20afc6ca73a99fd0ae9c243af3151aa,2014-10,Northumbria Police,Northumbria Police,-1.595683,54.966300,On or near Parking Area,E01008166,Gateshead 027C,Defendant found not guilty
c255d0a20264e493eb8fb82c7137739a2b3943fd399a585345bbed7cbce699b5,2014-10,Northumbria Police,Northumbria Police,-1.516660,55.125373,On or near RENWICK ROAD,E01027415,Northumberland 023B,Offender sent to prison
445075bd4d7b21d7c5540f91fec64951e1803e01e7956454982971caf52d188f,2014-10,Northumbria Police,Northumbria Police,-1.511471,54.996598,On or near BISHOPS CLOSE,E01008571,North Tyneside 028D,Offender deprived of property
619f474b7e9bfb56e348a12efbc2f6ee82f3e7aff494787b8d87c61832889a8d,2014-10,Northumbria Police,Northumbria Police,-1.619580,55.004307,On or near Supermarket,E01008419,Newcastle upon Tyne 006E,Offender given conditional discharge
f03bbf2bf1d9d2c12ecb0b39c519071ec3bb9b32836652c82c472ba71eec8629,2014-10,Northumbria Police,Northumbria Police,-1.618321,54.970578,On or near FENKLE STREET,E01033543,Newcastle upon Tyne 024G,Defendant found not guilty
bac04795652c6f426f4e3a1d74d4198244be0d7f6d7d2cbe9cca17b2f2b440da,2014-10,Northumbria Police,Northumbria Police,-1.760024,54.972288,On or near Supermarket,E01008249,Gateshead 001D,Offender given community sentence
f75ef9120660cab1a23b44fa411e92dab550e1be83b9b22078fc5c52e671c046,2014-10,Northumbria Police,Northumbria Police,-2.095982,54.966861,On or near BONDGATE COURT,E01027494,Northumberland 035G,Offender sent to prison
a2cf99e642e40ccc83368d84306f36936a146386327aca4f6e6a0e2a9a9b65c1,2014-10,Northumbria Police,Northumbria Police,-1.381905,54.917126,On or near Shopping Area,E01008787,Sunderland 006B,Offender sent to prison
474e4e656907c61c56013c155eb962133222d13cfb3bdc7fee5c56370f91740d,2014-10,Northumbria Police,Northumbria Police,-1.425789,54.899620,On or near HALSTEAD SQUARE,E01008812,Sunderland 012C,Defendant found not guilty
acce0ed29121b0db3d81456b74eaa5d7312f7a4a678f308a09d1dde6b43a3c5d,2014-10,Northumbria Police,Northumbria Police,-1.534379,54.990406,On or near FRANK STREET,E01008575,North Tyneside 030E,Offender ordered to pay compensation
79bb3406bf8facba7500665efa5f3c15e9e8b4f94d8f9e71d4d211ca8264a2f2,2014-10,Northumbria Police,Northumbria Police,-1.443259,54.977191,On or near NAPIER STREET,E01008671,South Tyneside 012C,Offender given conditional discharge
c628f1f238e0cf692fa07b9a1897e35a56ff2a0f5320c46601cdbc73c2194bf8,2014-10,Northumbria Police,Northumbria Police,-1.646261,54.969458,On or near ST. MICHAELS CLOSE,E01008333,Newcastle upon Tyne 029C,Offender sent to prison
c0d021aa508c74949dd538dbec23c2ccd469957ee0822a8d6dd406356eb38cd7,2014-10,Northumbria Police,Northumbria Police,-1.475509,54.956612,On or near HOUNSLOW GARDENS,E01008628,South Tyneside 020B,Defendant found not guilty
a432fe4b7642fc40decf56b95f04e81a00a3c3ed0fcfdc0cbaa52c2f0494bf7a,2014-10,Northumbria Police,Northumbria Police,-1.529878,54.989140,On or near BUDDLE STREET,E01008575,North Tyneside 030E,Offender given community sentence
24ee5a820ad227ad454f2deb5242922ee750e585a0319702746ac5282778f17c,2014-10,Northumbria Police,Northumbria Police,-1.624376,55.009777,On or near REGENT ROAD NORTH,E01008355,Newcastle upon Tyne 006B,Offender given community sentence
a1ddf8bf3524d9a1e4267e306b33c50bc020dae7607374ad57b4b880829cb213,2014-10,Northumbria Police,Northumbria Police,-1.476901,55.018956,On or near BILLY MILL LANE,E01008487,North Tyneside 020B,Defendant found not guilty
1879ea76265ae78d5b942e23998b66c0c8b1542b66c5ab3fb696026bf57b46e0,2014-10,Northumbria Police,Northumbria Police,-1.375543,54.908871,On or near RUSSELL STREET,E01008703,Sunderland 013B,Offender given conditional discharge
c90e06582999acdc11b409093017c9f005357527901e39895b40b1a51abe1435,2014-10,Northumbria Police,Northumbria Police,-1.584242,55.095590,On or near Supermarket,E01027404,Northumberland 028E,Court case unable to proceed
cedf51b061d0d1e71e77d89bf7fe73db721f0f8df52fb20e8e6c6e80cc996111,2014-10,Northumbria Police,Northumbria Police,-1.392965,54.900611,On or near ASHWOOD STREET,E01008831,Sunderland 013D,Offender given suspended prison sentence
94b21393e5dc7bc87be163501264810a2e7beb6b649834b7cfbbdce7bf1d2c8f,2014-10,Northumbria Police,Northumbria Police,-1.694711,55.005157,On or near WESTGARTH,E01008457,Newcastle upon Tyne 004C,Offender given community sentence
5547a9799e18a8fbe0987cded89cb4a372f392e1927cd0b3c301c77941639591,2014-10,Northumbria Police,Northumbria Police,-1.419906,54.908597,On or near WILFRED STREET,E01008762,Sunderland 012B,Offender given suspended prison sentence
b5892789052376dd5086eba9bd741300ff36458b6cc452186a24ab0982fcc0d0,2014-10,Northumbria Police,Northumbria Police,-1.611154,54.975165,On or near LISLE STREET,E01008397,Newcastle upon Tyne 024C,Offender given community sentence
cc13cc98872c82882b27219713ebf38b2d7d69c421a3140f7ca8046fca4f2488,2014-10,Northumbria Police,Northumbria Police,-1.466536,55.005674,On or near BAWTRY GROVE,E01008482,North Tyneside 023B,Offender given conditional discharge
7ef1b7ebb005d1c3dfe4c063fb37627c9beffb318b39fd449dd95e8321e1a053,2014-10,Northumbria Police,Northumbria Police,-1.426397,54.997251,On or near WOODBINE STREET,E01008596,South Tyneside 001B,Offender fined
ab96105296b0048ca508e903c09572924cffef29fb354bc9b0875e62d6961ca1,2014-10,Northumbria Police,Northumbria Police,-1.618837,54.970526,On or near CLAYTON STREET WEST,E01033543,Newcastle upon Tyne 024G,Offender given suspended prison sentence
eb3b4c9c63a060d01c6bbaa4cc1ddab5a1b0384269db7173182af58c6a2b0226,2014-10,Northumbria Police,Northumbria Police,-1.604153,54.962643,On or near Shopping Area,E01008168,Gateshead 027D,Offender given conditional discharge
41e1fdefe12aff0f049b26b0c97d5458f43e8703bb0d25173c18f91b31053fd3,2014-10,Northumbria Police,Northumbria Police,-1.548662,54.964094,On or near MERTON ROAD,E01008427,Newcastle upon Tyne 030C,Offender given conditional discharge
4d0e95bfeb927439070cadbdb056475f9fba1fb4da76630982eb80cc91734636,2014-10,Northumbria Police,Northumbria Police,-1.369117,54.906915,On or near ADELAIDE PLACE,E01008702,Sunderland 016A,Offender given conditional discharge
e4a0d432f4466a9d2477f11d41425ad95f25e7c2ec8896c77b15716aef64b235,2014-10,Northumbria Police,Northumbria Police,-1.547862,54.965799,On or near MILLBANK ROAD,E01008427,Newcastle upon Tyne 030C,Offender given conditional discharge
c8856e82b321727e9e2a1d41523bd577ac87b878b6676a23c47dabc0d1b6c186,2014-10,Northumbria Police,Northumbria Police,-1.726615,54.950722,On or near THIRLMERE CRESCENT,E01008276,Gateshead 005D,Defendant found not guilty
518c0fcc512b014fb0b04a5377a4e2d0fb336cfb2b561729c0a930e5052acb1f,2014-10,Northumbria Police,Northumbria Police,-1.444595,54.968705,On or near GREEN LANE,E01008593,South Tyneside 016A,Offender sent to prison
03f53efc2860adadcfc5ff3f703fdb0f9cf7aba53b30a98c57cb3aa19b7b75f4,2014-10,Northumbria Police,Northumbria Police,-1.370462,54.906679,On or near MOOR STREET,E01008703,Sunderland 013B,Court case unable to proceed
0e88de20bcfb9e90bf3ef4839debfd9d33974f3b94acf21e6512d93f96f63f84,2014-10,Northumbria Police,Northumbria Police,-1.608599,54.972785,On or near CARLIOL SQUARE,E01033543,Newcastle upon Tyne 024G,Court case unable to proceed
f36d03c1f843c3c7780258e8140c55c6f661ff7fb206feafe303abb5e53ccc5c,2014-10,Northumbria Police,Northumbria Police,-1.644599,54.948902,On or near Supermarket,E01008211,Gateshead 013D,Offender sent to prison
3faabc2d69bb049f74fa9fbdb5c1c82706e1198e7d327f846a9b43180a0eb241,2014-10,Northumbria Police,Northumbria Police,-1.619128,55.014164,On or near HAREWOOD ROAD,E01008358,Newcastle upon Tyne 002E,Offender given community sentence
756f73a56f753a2af7df2e8f1d39da98c0a1381cc91a3a3cef2d7054d1760503,2014-10,Northumbria Police,Northumbria Police,-1.552920,54.887178,On or near CRAKE WAY,E01008872,Sunderland 020F,Offender given suspended prison sentence
ae40f007ac56f00e938d5d6041d336e6fab15ca37c9f71ef8ebcfad6ab365723,2014-10,Northumbria Police,Northumbria Police,-1.677556,54.962779,On or near RIVERSIDE WAY,E01008262,Gateshead 009A,Offender ordered to pay compensation
6d550baefbd291e941920d95cce687492b19c89d7ee5fb8a3e9450f717e7763b,2014-10,Northumbria Police,Northumbria Police,-1.614002,54.976262,On or near Shopping Area,E01008397,Newcastle upon Tyne 024C,Offender given absolute discharge
14e551b799e436ef635a58842def13e17adb8486e5c8c4a4dcf789e274a08622,2014-10,Northumbria Police,Northumbria Police,-1.584162,54.930882,On or near CARNFORTH GARDENS,E01008221,Gateshead 021C,Defendant found not guilty
427836dff308c996f09393cc615d1cd023f41aa8ca8afe000543c2893c72b871,2014-10,Northumbria Police,Northumbria Police,-1.621803,54.957487,On or near MORRISON STREET,E01008258,Gateshead 007C,Offender sent to prison
ce2811a16c1ce9bb2a5626dcea07fed3d1f2fa42053fe3663cf5c1861fe83ad9,2014-10,Northumbria Police,Northumbria Police,-1.386034,54.904180,On or near VINE PLACE,E01008703,Sunderland 013B,Offender given conditional discharge
1987afb404e1762083fcd2f72885949c93bae8a1467d8f868e5f9983f2db199f,2014-10,Northumbria Police,Northumbria Police,-1.629370,54.971763,On or near CORPORATION STREET,E01008399,Newcastle upon Tyne 024D,Defendant found not guilty
b525c8319e0923137d1cc19e7631ca024578367f54a123490895a9ce0458e36d,2014-10,Northumbria Police,Northumbria Police,-1.434235,54.961226,On or near ORPEN AVENUE,E01008689,South Tyneside 019B,Offender given community sentence
9978931dce3a3fe005446287da62928384bd9435e735f8648ddc4502e2290a1b,2014-10,Northumbria Police,Northumbria Police,-1.674759,54.953300,On or near MARKET LANE,E01008262,Gateshead 009A,Defendant found not guilty
538926b52f437d855f620f5b6ed3531882d78ba0a09ed5e661b68b5fcb6cde86,2014-10,Northumbria Police,Northumbria Police,-1.503952,55.010586,On or near MIDDLE ENGINE LANE,E01008468,North Tyneside 021D,Offender sent to prison
222270c2c3250328f81abfe2c20ab42cf0500bf9920e2cef6ad02e53fc4f1d87,2014-10,Northumbria Police,Northumbria Police,-1.520613,55.118720,On or near FOURTEENTH AVENUE,E01027430,Northumberland 024E,Offender given suspended prison sentence
4812e4114900a5c97a365fc236adbdba5a1bd124c79f8839dde0bb23f5b0f604,2014-10,Northumbria Police,Northumbria Police,-1.589333,54.971697,On or near WALKER ROAD,E01033548,Newcastle upon Tyne 023G,Court case unable to proceed
4af750ab8b9e54654e423d540529be12210a2c9d6b11f9c5380789cebe4831bd,2014-10,Northumbria Police,Northumbria Police,-1.713784,55.180863,On or near Petrol Station,E01027448,Northumberland 015B,Offender ordered to pay compensation
ec78577509dc8470c13f769cb0b993796f6de98e97c2c5c552d1d40924960a3d,2014-10,Northumbria Police,Northumbria Police,-1.554117,55.025760,On or near GREAT LIME ROAD,E01008500,North Tyneside 012A,Court case unable to proceed
dc8aad5517c2c18e90215e0c7776c679fbdabc4a9479d57cfcbc0fc2f6402429,2014-10,Northumbria Police,Northumbria Police,-1.584155,54.940677,On or near VALLUM PLACE,E01008219,Gateshead 016A,Offender given conditional discharge
92333f9f8d74c1d010cbd2ee293a6dad78d4d2f639d5f0a74628698c26f1b2a6,2014-10,Northumbria Police,Northumbria Police,-1.523778,55.130747,On or near COWPEN ROAD,E01027392,Northumberland 022A,Offender fined
7c1d81d02aa4f08356ccc8792187818b42ee5984c2761a9bb92759babe6eb1b6,2014-10,Northumbria Police,Northumbria Police,-1.522796,54.991934,On or near WILLOW GROVE,E01008572,North Tyneside 029A,Offender fined
62b7a79fbd5c3d81c5eef388ff7f0f3734e3651b34ba32d95bf89c46cd67b0a1,2014-10,Northumbria Police,Northumbria Police,-1.421341,54.946652,On or near Pedestrian Subway,E01008620,South Tyneside 023D,Defendant found not guilty
fdeea229ee7bf26da1a8bc1c12706141b495ce5920aee493935bf1ed3b85bf29,2014-10,Northumbria Police,Northumbria Police,-1.612740,54.974308,On or near Shopping Area,E01008397,Newcastle upon Tyne 024C,Offender given conditional discharge
cd617697432c4f77e4b912105e4d448cc8a4292bf9d5a60c2b22256a29b83606,2014-10,Northumbria Police,Northumbria Police,-2.010094,55.766088,On or near MAIN STREET,E01027387,Northumberland 001D,Offender given community sentence
ea91e6782e9e3dbf7fb9fa937d7b291195d92beb003076faffbb04dbc8e38fff,2014-10,Northumbria Police,Northumbria Police,-1.659097,54.995771,On or near EASTERN WAY,E01008380,Newcastle upon Tyne 008G,Defendant found not guilty
eff237ecc067f3a04168117edaaa726f7cd2af6db54bbc153d2a103e8fdf902f,2014-10,Northumbria Police,Northumbria Police,-1.464944,54.846671,On or near BAKER STREET,E01008720,Sunderland 032A,Offender sent to prison
f7e8bad7fcc84930c0bd7c2612dc7e7713e549a8fc3e30ab97ab4f607bd9c504,2014-10,Northumbria Police,Northumbria Police,-1.593355,54.921423,On or near Supermarket,E01008189,Gateshead 023A,Offender given community sentence
c3162841da945e7173269825c0f84bbebf6ac1b94183fe566726574879042e1b,2014-10,Northumbria Police,Northumbria Police,-1.367513,54.883865,On or near KITCHENER TERRACE,E01008779,Sunderland 024C,Defendant found not guilty
d96588a714e738aaae46e886efb809ca05f51b68b716e122091f9bd19b1068a2,2014-10,Northumbria Police,Northumbria Police,-1.508072,54.894841,On or near BELL STREET,E01008851,Sunderland 017E,Defendant found not guilty
fb174fe51e1361bc7f0701f9f1e0eb70dddfa62a8431769887709375fdcfb1dc,2014-10,Northumbria Police,Northumbria Police,-1.548503,55.034043,On or near ROSEWOOD,E01008507,North Tyneside 012D,Offender fined
efab18538d0d3501346c3946a95c4ffcc2d2354f87933a9222eed2e0585cd119,2014-10,Northumbria Police,Northumbria Police,-1.509105,54.902169,On or near Parking Area,E01008846,Sunderland 017B,Offender given suspended prison sentence
f70d14f6853df4e58a3196ea382cf1c752bc45febdd1c43fd39d1b4449823ae6,2014-10,Northumbria Police,Northumbria Police,-1.504162,55.003676,On or near PURLEY CLOSE,E01008509,North Tyneside 026B,Court case unable to proceed
04f89c980130f192c8a0631f6b0817e4e5fdbc910a2cc54c7afd19fb2fae4532,2014-10,Northumbria Police,Northumbria Police,-1.407728,54.907316,On or near REGAL ROAD,E01008704,Sunderland 011B,Defendant found not guilty
5f26b5437513711e473488ad8d8e55df7d4d3fbf4aee5a22d153c2863c26ce80,2014-10,Northumbria Police,Northumbria Police,-1.394941,54.909239,On or near TRIMDON STREET,E01008700,Sunderland 013A,Offender given conditional discharge
47cf8368adf52f093dba3314cbf53b01013383fdea1c18ab83a50ac7fec8d5d3,2014-10,Northumbria Police,Northumbria Police,-1.405172,54.988648,On or near BAMBURGH AVENUE,E01008647,South Tyneside 004A,Defendant sent to Crown Court
a057ceccc8b6ed6425cc925cf65a34ec2e4de9d6fa8f44d94359d835b2f72cc5,2014-10,Northumbria Police,Northumbria Police,-1.638193,54.980802,On or near BRIGHTON GROVE,E01008396,Newcastle upon Tyne 022B,Offender given suspended prison sentence
dbd01a5a3bb77627fe84ed0d4c4b9b1b9038ccb8d1e9c87ef096e82182688bcc,2014-10,Northumbria Police,Northumbria Police,-1.613189,54.969906,On or near COLLINGWOOD STREET,E01033545,Newcastle upon Tyne 024H,Offender given suspended prison sentence
129e4e386c922de0e98724e5e95ebbc8dbee37456bea2b33ed6a43a84e2e678f,2014-10,Northumbria Police,Northumbria Police,-1.570022,54.979296,On or near A193,E01008392,Newcastle upon Tyne 026F,Offender given community sentence
de00dc873d5a18f2abaed07414151246275e57bca10ac15efa93ee6c27a3937e,2014-10,Northumbria Police,Northumbria Police,-1.459374,54.963901,On or near TASMANIA ROAD,E01008608,South Tyneside 014C,Offender fined
ae575f7b3b1fe96bddf16e14a09c317624a3bde84552dccec0e1990cd925c956,2014-10,Northumbria Police,Northumbria Police,-1.400760,54.919674,On or near SOUTH TERRACE,E01033075,Sunderland 005G,Offender given community sentence
48b097f12aeddfab25d39d94ac4f89e7ba3f66b54484545ddf1fc1744c8b3c33,2014-10,Northumbria Police,Northumbria Police,-1.593796,55.133112,On or near Police Station,E01027516,Northumberland 021B,Offender otherwise dealt with
c04982e153f2676a04ede367863f5f57a4e54df9f0ead9c4a8222d46126444f4,2014-10,Northumbria Police,Northumbria Police,-1.622121,55.011801,On or near Parking Area,E01008358,Newcastle upon Tyne 002E,Court case unable to proceed
ff3d420e17713064a181c813d7ac007a692710547bd22e7140baceab57a616b1,2014-10,Northumbria Police,Northumbria Police,-1.594330,55.133024,On or near SCHALKSMUHLE ROAD,E01027516,Northumberland 021B,Defendant found not guilty
b436dc011e12cc60d36c69bd49b2821052da36362942274e0a8398f56707f8c6,2014-10,Northumbria Police,Northumbria Police,-1.627916,54.983719,On or near CROSS MORPETH STREET,E01008394,Newcastle upon Tyne 024A,Defendant found not guilty
6ec4c56e0185de56402a376d110de1dcf682c7f0a39ad1cc747a895fd5289f8e,2014-10,Northumbria Police,Northumbria Police,-1.703825,55.160189,On or near HIGHMOOR,E01027455,Northumberland 018A,Defendant found not guilty
95f2386fd5aaa69e47cdda029b8ddafd393fe55f3e2de787b1620792ed9cd7c1,2014-10,Northumbria Police,Northumbria Police,-1.497203,54.961278,On or near SOUTHPORT PARADE,E01008658,South Tyneside 015F,Defendant found not guilty
12fc4651f95204837afedc9c54369f54e42f01b949478b467525c14fe0c2edd8,2014-10,Northumbria Police,Northumbria Police,-1.644599,54.948902,On or near Supermarket,E01008211,Gateshead 013D,Offender given community sentence
a457478563854cdb61d1ba4e111c7449d49d4e86cb1cc4683d392c4fcbce2947,2014-10,Northumbria Police,Northumbria Police,-1.618315,54.972879,On or near Supermarket,E01033543,Newcastle upon Tyne 024G,Offender given community sentence
b693a76fe921b5322589f52b6b3e5ec6ed032e0c64fd4956ec2494be521bf9bc,2014-10,Northumbria Police,Northumbria Police,-1.437459,54.992010,On or near TUDOR ROAD,E01008667,South Tyneside 002D,Offender given conditional discharge
ba3e7ed3646bf31682485f9384e9d6d64df54abb50e4b53b6800120931294f9c,2014-10,Northumbria Police,Northumbria Police,-1.420426,55.001545,On or near Parking Area,E01008598,South Tyneside 001D,Offender sent to prison
d3f99a7beb93bc5bd6d02d2d2280d1235cc1cc0eeb1608f02e3981d2889fa024,2014-10,Northumbria Police,Northumbria Police,-1.617134,54.972264,On or near NEWGATE STREET,E01033543,Newcastle upon Tyne 024G,Offender given community sentence
a369547ebe69f72ba23971c7de759ca3ced50d5ea180ff9675ddf63732a76a06,2014-10,Northumbria Police,Northumbria Police,-1.385145,54.904139,On or near Nightclub,E01008836,Sunderland 016F,Offender sent to prison
c3bdd8e48fcc8c99dac349231c1654c9a6388a51b9bc322e2fbfe2cf354a504a,2014-10,Northumbria Police,Northumbria Police,-1.420391,54.995291,On or near BALTIC COURT,E01008597,South Tyneside 001C,Offender otherwise dealt with
44ec9d91b610bf1194055c136d72433aaa79acf7d7ae0f3ed64eca7f56552048,2014-10,Northumbria Police,Northumbria Police,-1.600669,54.953277,On or near CAMBORNE GROVE,E01008252,Gateshead 010B,Defendant found not guilty
8b271e041707903327900cdb38e4ee6c2db34e6d8d0be1079165658c3ba0df3b,2014-10,Northumbria Police,Northumbria Police,-1.590612,54.950386,On or near EDGWARE ROAD,E01008204,Gateshead 011D,Offender given community sentence
9f3461c77dc4561808224335b7f80500e8acfc10d901dc7e40c234d82baa8fb7,2014-10,Northumbria Police,Northumbria Police,-1.617120,54.978617,On or near EDWARD'S WALK,E01008397,Newcastle upon Tyne 024C,Offender sent to prison
f62d32e5828ba749cc9691d84e2dd9456a7a2b6f771209870ec30a4c32274e31,2014-10,Northumbria Police,Northumbria Police,-1.543074,55.123390,On or near SWALEDALE AVENUE,E01027425,Northumberland 025A,Offender sent to prison
e147f0180c83128ad3befd512356cca4c88e145118593324d2b14087dcbc52c5,2014-10,Northumbria Police,Northumbria Police,-1.622943,54.924097,On or near Shopping Area,E01008226,Gateshead 025D,Offender given suspended prison sentence
39039ca11d02479d88a7d49bb212f2506ffb5c1eb9abbb80ddcb4796bd7655ee,2014-10,Northumbria Police,Northumbria Police,-1.568743,54.970377,On or near ALLENDALE ROAD,E01008302,Newcastle upon Tyne 026B,Offender given conditional discharge
4fb35e93414c520432548b48172ecef64f3049af4f494132a8ce7e5a61def259,2014-10,Northumbria Police,Northumbria Police,-1.397975,54.895118,On or near Petrol Station,E01008781,Sunderland 022B,Offender given suspended prison sentence
635d7f371733030e935d2910caa202bd2e78a063b67d26309a10fc5da7997015,2014-10,Northumbria Police,Northumbria Police,-1.438998,55.039698,On or near EGREMONT PLACE,E01008588,North Tyneside 006D,Offender given conditional discharge
718569ec80a2842fa264900c78e68862a3c6ba7d5695742a837bcd94ce5515d0,2014-10,Northumbria Police,Northumbria Police,-1.394941,54.909239,On or near TRIMDON STREET,E01008700,Sunderland 013A,Offender given community sentence
8d2cc42aef1b7e3fd17c42244b7ca5554992987ef4cec356afe6be94b3ee4ace,2014-10,Northumbria Police,Northumbria Police,-1.662742,54.989850,On or near ARDEN CRESCENT,E01008300,Newcastle upon Tyne 016A,Offender given conditional discharge
9060474bbbc7c0e8d290895163cebeee347bf0289019b840d502a93164145cec,2014-10,Northumbria Police,Northumbria Police,-1.369450,54.870593,On or near NELSON STREET,E01008769,Sunderland 028E,Offender given suspended prison sentence
15ca0027c0e38ae3acdf29f1b7f8787bdae6705c0a4d1f0fa90175fda35a10a9,2014-10,Northumbria Police,Northumbria Police,-1.380861,54.904881,On or near Further/Higher Educational Building,E01008703,Sunderland 013B,Offender given community sentence
64ed58f67739ddd91de020f09c9b362edde018a88b7db181489a63127bf0c2bc,2014-10,Northumbria Police,Northumbria Police,-1.368906,54.892437,On or near ST ALBAN'S STREET,E01008738,Sunderland 016E,Offender given conditional discharge
7f901b5a126e0eae1273b7c7e2917974b0b310da2a59240924178d8d51196a7a,2014-10,Northumbria Police,Northumbria Police,-1.453435,55.009076,On or near ALBION ROAD WEST,E01008483,North Tyneside 022A,Offender sent to prison
e6ecafd7a2ee31edc1e89afd12112fa7b6a0a0bf10a279134d82ca74a1349f1f,2014-10,Northumbria Police,Northumbria Police,-1.409673,54.905501,On or near WASHINGTON STREET,E01008704,Sunderland 011B,Defendant found not guilty
354dc9a6cba503bf5be6074bbcb0ab2622706391ccf5ba81d53d7d345fbab436,2014-10,Northumbria Police,Northumbria Police,-1.615322,54.972222,On or near NUN STREET,E01033543,Newcastle upon Tyne 024G,Offender given community sentence
d2c321c83dfbc1939dfa767c5e84dbacc3208170308ac12449d6cf3e416f7ba4,2014-10,Northumbria Police,Northumbria Police,-1.414650,54.890311,On or near STAMFORD AVENUE,E01008826,Sunderland 023D,Defendant sent to Crown Court
0706f20b2624eca0986764abadad589e7c13b1e2c18f217dc93656290f4610e6,2014-10,Northumbria Police,Northumbria Police,-1.813327,54.921133,On or near MONUMENT COURT,E01008186,Gateshead 024B,Offender sent to prison
c5fe297b16a9801e5bb07f130deb18581a9578da03b0da899259a2a43c44ab78,2014-10,Northumbria Police,Northumbria Police,-1.621664,54.975558,On or near Sports/Recreation Area,E01008397,Newcastle upon Tyne 024C,Offender given suspended prison sentence
1da5dcbd7f87bb267f65f73074ecda20fd212c0184a76a46e1ce39f7f0685f1e,2014-10,Northumbria Police,Northumbria Police,-1.586930,54.976047,On or near Petrol Station,E01008304,Newcastle upon Tyne 026C,Defendant found not guilty
18110056a0f6a604741b9d2c17cec0fede9f4ab41b16faf2c8ccfd23cf816f1c,2014-10,Northumbria Police,Northumbria Police,-1.614002,54.976262,On or near Shopping Area,E01008397,Newcastle upon Tyne 024C,Offender given community sentence
6a7f2fab6615f8016aa855a9fd5c504f2e218e97512834185e8d460710ed99f7,2014-10,Northumbria Police,Northumbria Police,-1.429462,54.990508,On or near JOHN CLAY STREET,E01008668,South Tyneside 002E,Defendant found not guilty
2108c43bfa60e1e72a2f02d3d2cd34cabb388de6e66ebdba36ed31e126779750,2014-10,Northumbria Police,Northumbria Police,-1.668240,55.013032,On or near KINGSTON PARK AVENUE,E01008294,Newcastle upon Tyne 001A,Offender given suspended prison sentence
dae0ecf8733c2061492959a9e203cfe5e330df6ada99ac8ac04eebc321bc3984,2014-10,Northumbria Police,Northumbria Police,-1.680007,55.000249,On or near Police Station,E01008298,Newcastle upon Tyne 011C,Offender fined
9605071bdcd0e679acecdaffd433ba42ac554d7bff7095946b5dcf300b848f3a,2014-10,Northumbria Police,Northumbria Police,-2.101224,54.970837,On or near Supermarket,E01027490,Northumberland 035C,Offender given community sentence
5f0e39e6d61fb46a4c7f112d8bf989be057650a1a29c040104c4de9cd361e7b7,2014-10,Northumbria Police,Northumbria Police,-1.711622,54.964446,On or near Supermarket,E01008177,Gateshead 005A,Offender given conditional discharge
81cb204aab667d7fd71c0ac3286bf228d1146eb765b0a984777d2c2850351f80,2014-10,Northumbria Police,Northumbria Police,-1.536580,55.020537,On or near Supermarket,E01008501,North Tyneside 018D,Offender sent to prison
a048f8a6c9ea621897369f40c8ff549054809b0bfd0c14546a157593407598ac,2014-10,Northumbria Police,Northumbria Police,-1.570770,54.988240,On or near WHITEFIELD TERRACE,E01008360,Newcastle upon Tyne 018C,Defendant found not guilty
dfc56630e2b952206851187306a9dfaa2ffc0fa7e9f261e5f0ebbc3ec85d550a,2014-10,Northumbria Police,Northumbria Police,-1.715348,54.976514,On or near NORTHUMBERLAND ROAD,E01008385,Newcastle upon Tyne 021E,Offender given conditional discharge
7ad1c58eb33534099eb2ab0642049d0baf76cc0cbdc2bdeff0e54808f8c2ba48,2014-10,Northumbria Police,Northumbria Police,-1.397023,54.983845,On or near AMBLE AVENUE,E01008651,South Tyneside 004D,Offender sent to prison
0d993f89b55850a55db378ae53829897c43fb51ece5abee26a6a12ec87b18917,2014-10,Northumbria Police,Northumbria Police,-1.602496,54.962754,On or near Parking Area,E01008166,Gateshead 027C,Offender given absolute discharge
275343ac80bf5867662b66a57fa865fbc5794d720447e4b9c7dce42a592e2c8e,2014-10,Northumbria Police,Northumbria Police,-1.641060,54.972930,On or near Supermarket,E01008331,Newcastle upon Tyne 029A,Offender fined
61a36e2a668358593ab1e7c50a52c50e416a5eef82fddda7011562d710417620,2014-10,Northumbria Police,Northumbria Police,-1.656039,54.969495,On or near LAWSON TERRACE,E01008291,Newcastle upon Tyne 027D,Defendant found not guilty
46b7c1ce80c907cc90c64274a6ba972260970ac14726866451e2a11a580e7a4f,2014-10,Northumbria Police,Northumbria Police,-1.574548,54.919166,On or near SPRINGFIELD AVENUE,E01008224,Gateshead 025C,Defendant found not guilty
1bbc9535519da5252a82c28c76e0149326083db12c57f63a49798be689177278,2014-10,Northumbria Police,Northumbria Police,-1.400863,54.982049,On or near CHEVIOT ROAD,E01008651,South Tyneside 004D,Offender given conditional discharge
07908d525eddecca23cf99ebfdb141bded63e55d3254b0ca1e8764a85610800b,2014-10,Northumbria Police,Northumbria Police,-1.619903,55.013187,On or near Supermarket,E01008358,Newcastle upon Tyne 002E,Offender given community sentence
daee8a4ff651295cce4d324223f42fd77594a134a7752c03a90f68f761fb407c,2014-10,Northumbria Police,Northumbria Police,-1.614002,54.976262,On or near Shopping Area,E01008397,Newcastle upon Tyne 024C,Offender sent to prison
b2c5a9591a6bf663fb5c89ca1f68001d1a5d731439006f72b3865ded3bf14dac,2014-10,Northumbria Police,Northumbria Police,-1.436204,54.989030,On or near LAYGATE,E01008666,South Tyneside 002C,Offender sent to prison
6e4e1dd2f038bf8ee61c9fd44b189f5261749827b27422a1eb284e815627d8c2,2014-10,Northumbria Police,Northumbria Police,-1.439685,54.925269,On or near REVELSTOKE ROAD,E01008841,Sunderland 003F,Offender given community sentence
a38119d2b523ac0c9a5cfa7046d5df415b3bfe0f6c48133180953053c1310fc5,2014-10,Northumbria Police,Northumbria Police,-1.380861,54.904881,On or near Further/Higher Educational Building,E01008703,Sunderland 013B,Offender given conditional discharge
a73b1ba12ef13305a6472ee992f09dc37cc4c01c10b724210981b3cbee384251,2014-10,Northumbria Police,Northumbria Police,-1.673317,54.990463,On or near BARCLAY PLACE,E01008299,Newcastle upon Tyne 011D,Offender sent to prison
b0dcbe425a3ff914b4e5878b4d426c26ef25f9be0d37084638ddd044890a0c34,2014-10,Northumbria Police,Northumbria Police,-1.613296,54.960309,On or near ASKEW ROAD,E01008168,Gateshead 027D,Offender given conditional discharge
4945e7105bfefcba038016dc9f7043c7186692448ff02c1b3907eadcf13b9b6e,2014-10,Northumbria Police,Northumbria Police,-1.468917,54.841773,On or near CHURCH STREET,E01008754,Sunderland 034F,Offender fined
7f64461eb1cf2d233bc78471e12026be303faeb1baf854a2ba3972639915ebcd,2014-10,Northumbria Police,Northumbria Police,-1.487208,54.983387,On or near SHAKESPEARE STREET,E01008604,South Tyneside 007B,Offender sent to prison
05ddcf9b3827e49bd95d9e2a325f2e294484aca118aa59e2a9f5bb5c78676bb2,2014-10,Northumbria Police,Northumbria Police,-1.584162,54.930882,On or near CARNFORTH GARDENS,E01008221,Gateshead 021C,Defendant found not guilty
068500a4982809e5b88beddcde12e0227221cba7d0d6265876686567e4230dd9,2014-10,Northumbria Police,Northumbria Police,-1.540786,54.953551,On or near LYONS COURT,E01008244,Gateshead 003D,Offender given suspended prison sentence
02c15a295bf583a9dae8b7d5cf734227b82e79ea82b712c87909f487a73e309a,2014-10,Northumbria Police,Northumbria Police,-1.665868,54.982319,On or near ASTER PLACE,E01008346,Newcastle upon Tyne 019D,Offender otherwise dealt with
7896a2d3723a8f7ea938df215768668c2e9ec854405047565f9c7bd621c96e0b,2014-10,Northumbria Police,Northumbria Police,-1.657815,54.970138,On or near ADELAIDE TERRACE,E01008332,Newcastle upon Tyne 029B,Defendant found not guilty
b704bad9200ce6583c2596b38c45024d0c726f5bd83be8cf6f814b83426abc7d,2014-10,Northumbria Police,Northumbria Police,-1.634255,55.296721,On or near WANSBECK ROAD,E01027444,Northumberland 008B,Offender sent to prison
c367e26d9b8b81067401dc692c36b23f7f3922e7369211358d8b0312780c78a6,2014-10,Northumbria Police,Northumbria Police,-1.528889,54.990834,On or near VINE STREET,E01008572,North Tyneside 029A,Court case unable to proceed
e9fbba93699ebf1f23d6d390c18d3e00c4777045c1228b44f9d8dfc740190e53,2014-10,Northumbria Police,Northumbria Police,-1.550146,54.896927,On or near KIELDER,E01008868,Sunderland 020B,Defendant found not guilty
a06f5fa8ed2f8ef6237ffa024ba9f944ba952945ad09c6ac305bcac55fb70465,2014-10,Northumbria Police,Northumbria Police,-1.620211,54.972309,On or near STOWELL STREET,E01033543,Newcastle upon Tyne 024G,Offender fined
604e764dc4be94d90268a6dbef04172fecf0253ed6ea35382ce2001898b51092,2014-10,Northumbria Police,Northumbria Police,-1.382615,54.902383,On or near Parking Area,E01008831,Sunderland 013D,Defendant found not guilty
bd79758fde4c95b4786133bfe9932e964539f4b6fadd333a84936e0756f6e887,2014-10,Northumbria Police,Northumbria Police,-1.598604,54.936502,On or near CLEMENT STREET,E01008238,Gateshead 016E,Offender sent to prison
12bc9057db700885810727a98d1cf541e7ecb4b618d6cd36a3252ffd4c935130,2014-10,Northumbria Police,Northumbria Police,-1.373260,54.881118,On or near Supermarket,E01008780,Sunderland 024D,Offender given conditional discharge
4e414e79bfa6727920abe02a33c4f5a403395ffd9aa007c0150958d700357da5,2014-10,Northumbria Police,Northumbria Police,-1.532252,54.905837,On or near ARKLECRAG,E01008880,Sunderland 010E,Defendant found not guilty
b5417c89ebe246f19bd04be480959ec75a57b0a2825b0c9a8c19a7ec81e6141a,2014-10,Northumbria Police,Northumbria Police,-1.677556,54.962779,On or near RIVERSIDE WAY,E01008262,Gateshead 009A,Offender otherwise dealt with
12bc9057db700885810727a98d1cf541e7ecb4b618d6cd36a3252ffd4c935130,2014-10,Northumbria Police,Northumbria Police,-1.373260,54.881118,On or near Supermarket,E01008780,Sunderland 024D,Offender given conditional discharge
ffd9b18b8eb1ec9b810f4a256742cd47df21fa7f055c42a109630d190266022a,2014-10,Northumbria Police,Northumbria Police,-1.713711,55.184592,On or near Sports/Recreation Area,E01027448,Northumberland 015B,Offender given conditional discharge
63833aa3bbec0c8e618f7800670c485b78dded731ae60914ccf75d17f4b5952b,2014-10,Northumbria Police,Northumbria Police,-1.611738,54.969722,On or near ST NICHOLAS' STREET,E01033545,Newcastle upon Tyne 024H,Defendant found not guilty
9a0fa46c7261501bffa8b00d82c848df2e509e985de1281ae353f2b5cf7b3d52,2014-10,Northumbria Police,Northumbria Police,-1.632826,54.967927,On or near BELGRAVE PARADE,E01008439,Newcastle upon Tyne 024E,Defendant found not guilty
31bac6135ddcb18ad2cd2c0f79ad6cbac22899bb7e574395fc62d00377a36ca6,2014-10,Northumbria Police,Northumbria Police,-1.617258,54.970746,On or near FALCONAR'S COURT,E01033543,Newcastle upon Tyne 024G,Offender given community sentence
9978931dce3a3fe005446287da62928384bd9435e735f8648ddc4502e2290a1b,2014-10,Northumbria Police,Northumbria Police,-1.674759,54.953300,On or near MARKET LANE,E01008262,Gateshead 009A,Offender sent to prison
5f64e293a8e522dadeb3b9cad8ee55b3668385eb91acfb4984784eca0ebd7712,2014-10,Northumbria Police,Northumbria Police,-1.615322,54.972222,On or near NUN STREET,E01033543,Newcastle upon Tyne 024G,Offender given community sentence
a73b1ba12ef13305a6472ee992f09dc37cc4c01c10b724210981b3cbee384251,2014-10,Northumbria Police,Northumbria Police,-1.673317,54.990463,On or near BARCLAY PLACE,E01008299,Newcastle upon Tyne 011D,Offender ordered to pay compensation
11688b22f7ab18adea3f70d88f252cfd07d0bcaca9f711fac18cad9c35f276dc,2014-10,Northumbria Police,Northumbria Police,-1.653407,55.006700,On or near KIRKWOOD DRIVE,E01008375,Newcastle upon Tyne 008C,Offender given absolute discharge
6894a1f37a5becb4c671883cd392bb8bcc21aaa345bd16679174d59cdc1ce6e4,2014-10,Northumbria Police,Northumbria Police,-1.573280,54.978534,On or near Shopping Area,E01008392,Newcastle upon Tyne 026F,Offender given suspended prison sentence
8e886a88fe5fefadf84e6ffe9448f0f850cba8ca639d9b2776d9539358d48128,2014-10,Northumbria Police,Northumbria Police,-1.554497,55.126945,On or near Supermarket,E01027425,Northumberland 025A,Offender sent to prison
79ca6fd857b17227c8c611b59b4ecef5bc51639ffdf7300ea5127055ad9705eb,2014-10,Northumbria Police,Northumbria Police,-1.445804,55.009113,On or near Shopping Area,E01008524,North Tyneside 022B,Offender sent to prison
9daa5455fd65f6afb70f2fa30909b7a555de78b909566ca35626e86fcbc639a3,2014-10,Northumbria Police,Northumbria Police,-1.468274,54.836189,On or near SANCROFT DRIVE,E01008717,Sunderland 034D,Offender given community sentence
f5f853a070985a2a0a1d5e9ebec44d8cd38056b8583003a850aed7c669048360,2014-10,Northumbria Police,Northumbria Police,-1.510661,55.127370,On or near Supermarket,E01027415,Northumberland 023B,Offender fined
6542d9ded20fd3a07607696b575f4e7803369fbf310e34b8bd7571948573cc2c,2014-10,Northumbria Police,Northumbria Police,-1.582263,54.977128,On or near FLORA STREET,E01008303,Newcastle upon Tyne 018A,Offender given suspended prison sentence
16b1fa935d6791dd669efd2dac279d30ee30e7a20dfb369a10fd98bc37d0d6f4,2014-10,Northumbria Police,Northumbria Police,-1.549970,55.123721,On or near HIGHFIELD,E01027425,Northumberland 025A,Defendant found not guilty
e5586b0f7e93e60b94ae2a85e9e49a06b8422e4114ccd13aee272fb5b45aa8a8,2014-10,Northumbria Police,Northumbria Police,-1.424451,54.898275,On or near HEATH SQUARE,E01008758,Sunderland 015B,Defendant found not guilty
3eead71af5fc9b940b108ef2cbcc4d2880c0b65e17167f445c349cc8b2a9f25c,2014-10,Northumbria Police,Northumbria Police,-1.421341,54.946652,On or near Pedestrian Subway,E01008620,South Tyneside 023D,Offender given suspended prison sentence
d1e95712e607631bdb4812776d5a2dc577b7780f1571a0e26bb0e0447f20b169,2014-10,Northumbria Police,Northumbria Police,-1.419622,54.913134,On or near Shopping Area,E01008762,Sunderland 012B,Court case unable to proceed
dd0a4b2b5ca577193ac4dfb70021d39eb612236521d74dd3538d7c48fba1c8c1,2014-10,Northumbria Police,Northumbria Police,-1.615061,54.975034,On or near Shopping Area,E01008397,Newcastle upon Tyne 024C,Offender given community sentence
9097f78f14c97765cd76ee2a144d41325c9b24009421721ea5d66775e42daabc,2014-10,Northumbria Police,Northumbria Police,-1.670837,54.991831,On or near LINDFIELD AVENUE,E01008299,Newcastle upon Tyne 011D,Offender given absolute discharge
81d8abe36b0f848e51a4babfbe941b4ac6e87f8b108c7b7925e4790100bb2364,2014-10,Northumbria Police,Northumbria Police,-1.570770,54.988240,On or near WHITEFIELD TERRACE,E01008360,Newcastle upon Tyne 018C,Defendant found not guilty
cdb60a80f70263335a65be47af39f672a8a63100a3a5b707ebe100bfed1cdd5f,2014-10,Northumbria Police,Northumbria Police,-1.563820,55.180850,On or near SECOND AVENUE,E01027546,Northumberland 010E,Court case unable to proceed
e03ec69b08b39154e269a1a3d089ea47e2679bf40f94aee24140caf75ac55edc,2014-10,Northumbria Police,Northumbria Police,-1.598175,55.015489,On or near KINGSDALE ROAD,E01008513,North Tyneside 019C,Court case unable to proceed
ec5293c8e908957dd5204656159c68aece3c826374923dd0e02e2de670069ce0,2014-10,Northumbria Police,Northumbria Police,-1.639553,54.973806,On or near BISHOP'S AVENUE,E01008449,Newcastle upon Tyne 022D,Offender given community sentence
929a830c4f655cad08d147862e04332888d958ae2e306f9c157414ace4932ab8,2014-10,Northumbria Police,Northumbria Police,-1.377618,54.904847,On or near BOROUGH ROAD,E01008836,Sunderland 016F,Defendant found not guilty
a064fe98aa7da863ebf9bd784a6d675eff0d3042f85fa7f0a1920636d8cd0c95,2014-10,Northumbria Police,Northumbria Police,-1.566790,54.950025,On or near ELLIOTT DRIVE,E01008216,Gateshead 012C,Defendant found not guilty
b04539dace7b232139d4d206b9a4059a157e78e259fd407446129e0d87e42d7a,2014-10,Northumbria Police,Northumbria Police,-1.524100,54.975521,On or near MARINA VIEW,E01008640,South Tyneside 010B,Offender ordered to pay compensation
bee3ca85ced27048208f4756df0574e90ee1413e75ee446e094f467dc80039b4,2014-10,Northumbria Police,Northumbria Police,-1.424886,54.988123,On or near EAST GEORGE POTTS STREET,E01008668,South Tyneside 002E,Offender sent to prison
2d7ee79be0d9f9573e65f2fd8ad9eac2d1d74f41dd3e196719438ebc105ca0bd,2014-10,Northumbria Police,Northumbria Police,-1.381905,54.917126,On or near Shopping Area,E01008787,Sunderland 006B,Offender given community sentence
0901ff33a2ff11b0ffebcaa0f5b4979323c88bb940f347d4d68e750ff9e954aa,2014-10,Northumbria Police,Northumbria Police,-1.690095,55.167901,On or near Shopping Area,E01027453,Northumberland 016B,Court case unable to proceed
dc724a07f898969aba434aa839108c7345ace8868b801e1341601d113443cc6c,2014-10,Northumbria Police,Northumbria Police,-1.614445,54.974044,On or near BLACKETT STREET,E01008397,Newcastle upon Tyne 024C,Offender given suspended prison sentence
daf5e978333e71ba1225357d92c6933db71ab9194a1cbeaac795ba7139ab1b34,2014-10,Northumbria Police,Northumbria Police,-1.617306,54.960726,On or near ST JAMES' BOULEVARD,E01008258,Gateshead 007C,Defendant found not guilty
da81492e314f37e0a15dac9bbdd43876032ef7e29f4d70d83c79b18d2cb86d2e,2014-10,Northumbria Police,Northumbria Police,-1.604153,54.962643,On or near Shopping Area,E01008168,Gateshead 027D,Offender given conditional discharge
95c5e4b934c7a98b7cea23674ce318c736349dfcdf18cf8844dbe71b31ddaada,2014-10,Northumbria Police,Northumbria Police,-1.612959,54.972619,On or near Nightclub,E01033543,Newcastle upon Tyne 024G,Offender given conditional discharge
0f88b0db1aa8bbafdad96a6f4829969f14947717755901ddbc91620d643a4b58,2014-10,Northumbria Police,Northumbria Police,-1.380407,54.906002,On or near JOHN STREET,E01008703,Sunderland 013B,Offender given community sentence
788250e91ed9969f0feb35425357ef648273808127e8a7138d2d8ef09853cb4b,2014-10,Northumbria Police,Northumbria Police,-1.382615,54.902383,On or near Parking Area,E01008831,Sunderland 013D,Court case unable to proceed
c21d4d764f29d0e44f076eff59da7eef620b7a4bb609298eb54e4f4a53576354,2014-10,Northumbria Police,Northumbria Police,-1.430906,54.994558,On or near Petrol Station,E01008667,South Tyneside 002D,Court case unable to proceed
8948324c94158e61a4797e9dbc63aa3927c12c53d84ce69fab1ce61aec574423,2014-10,Northumbria Police,Northumbria Police,-1.488555,54.980634,On or near Shopping Area,E01008600,South Tyneside 007A,Defendant found not guilty
ba3e7ed3646bf31682485f9384e9d6d64df54abb50e4b53b6800120931294f9c,2014-10,Northumbria Police,Northumbria Police,-1.420426,55.001545,On or near Parking Area,E01008598,South Tyneside 001D,Offender sent to prison
73a3763cd891a7199f8a17d1c92dd439b89817a9fdecee94c15313d7dcfdb007,2014-10,Northumbria Police,Northumbria Police,-1.534379,54.990406,On or near FRANK STREET,E01008575,North Tyneside 030E,Offender sent to prison
e8697fee62799944bcf2c35e2b4fc22c02e8a26cbc103a56f84abc7d3009cad4,2014-10,Northumbria Police,Northumbria Police,-1.630380,54.972359,On or near TINDAL STREET,E01008398,Newcastle upon Tyne 022C,Offender given suspended prison sentence
b5ed09b657dd002c8f09a437065a97c2c0da83d4fe93ac02548b1b3084a5a567,2014-10,Northumbria Police,Northumbria Police,-1.446171,55.042598,On or near Supermarket,E01008584,North Tyneside 006A,Offender ordered to pay compensation
08ec7a2dc0e096ba42d796d37827ad0c5b86ac258368020e13c18a1b9d9d7bc4,2014-10,Northumbria Police,Northumbria Police,-1.611154,54.975165,On or near LISLE STREET,E01008397,Newcastle upon Tyne 024C,Offender given conditional discharge
ef60382137b0aa5e60f502d30ed84324186385d09a0fdd18e19803bf3d5fc80e,2014-10,Northumbria Police,Northumbria Police,-1.512729,55.034660,On or near EMMERSON PLACE,E01032648,North Tyneside 011F,Offender sent to prison
ad23b345ccc85cdd0a7a20e99a1654130dd7a4b1a9f5304cbda6d17d003f1c94,2014-10,Northumbria Police,Northumbria Police,-1.584226,54.976182,On or near CLIFFORD STREET,E01008304,Newcastle upon Tyne 026C,Offender given suspended prison sentence
04e242910edd7fe33f473840484fd913922c0b25346a962a628416385e5f08e8,2014-10,Northumbria Police,Northumbria Police,-1.614002,54.976262,On or near Shopping Area,E01008397,Newcastle upon Tyne 024C,Court case unable to proceed
94ab4694710aecf80e9629a0c2e153e84825e7818bdf04ab238aec586db5e114,2014-10,Northumbria Police,Northumbria Police,-1.612220,54.976400,On or near Shopping Area,E01008397,Newcastle upon Tyne 024C,Offender sent to prison
f75ef9120660cab1a23b44fa411e92dab550e1be83b9b22078fc5c52e671c046,2014-10,Northumbria Police,Northumbria Police,-2.095982,54.966861,On or near BONDGATE COURT,E01027494,Northumberland 035G,Offender given community sentence
3498c548d7640a249cdc7998e6b137b1022f5dfcf5b9e7ab5e6ce95d0767ad6e,2014-10,Northumbria Police,Northumbria Police,-1.508279,55.127172,On or near BRIDGE STREET,E01027415,Northumberland 023B,Offender fined
998812c6e63aa114f12f294f6d9facf8ba68a88288bb7830eef30d4e0db9b3a7,2014-10,Northumbria Police,Northumbria Police,-1.437702,54.998095,On or near Shopping Area,E01008667,South Tyneside 002D,Offender given conditional discharge
9cd5def962d5786c74ee5709154577e604d4fed665747347738c57a66454042b,2014-10,Northumbria Police,Northumbria Police,-1.561666,54.974746,On or near EMILY STREET,E01008388,Newcastle upon Tyne 028A,Defendant found not guilty
1c3a1461ef1008df41394b23ad51ea1246bfe653a71cf01a33369c223ecdd88e,2014-10,Northumbria Police,Northumbria Police,-1.384668,54.905790,On or near Shopping Area,E01008703,Sunderland 013B,Offender otherwise dealt with
fd2885f04fce6c5766c3180ba0ad3e88542ab87905f8641686646f3e44066d08,2014-10,Northumbria Police,Northumbria Police,-1.407703,54.904755,On or near WILLMORE STREET,E01008704,Sunderland 011B,Offender deprived of property
2e7a91cde190b8ecbacc5d974ec03a853c0c455bd8ba7d21dd50ab62bf25ae37,2014-10,Northumbria Police,Northumbria Police,-1.545522,54.966931,On or near DOVERCOURT ROAD,E01008425,Newcastle upon Tyne 030B,Court case unable to proceed
521b9c76eedf6736eff0d9a549db5edd463cdd228b9a757db604b6fcec0f5a01,2014-10,Northumbria Police,Northumbria Police,-1.673395,54.957798,On or near Parking Area,E01008262,Gateshead 009A,Offender given absolute discharge
8f37c977412968146d9064e1c689ee0709c4342b0db8252723cb029c8111f181,2014-10,Northumbria Police,Northumbria Police,-1.659965,54.976273,On or near Petrol Station,E01008334,Newcastle upon Tyne 029D,Offender given conditional discharge
6efe75a37d55c44ddcfc08b93a51f0f26874752f6b07d0e51bba8f921a4e3d37,2014-10,Northumbria Police,Northumbria Police,-1.622628,55.006087,On or near WOODBINE ROAD,E01008419,Newcastle upon Tyne 006E,Offender given community sentence
2e753fc69d69d766753a4f5de5fa6ca46b26c6e2a5d7f08969e1c17786c9e674,2014-10,Northumbria Police,Northumbria Police,-1.531015,55.115391,On or near HOLYSTONE CLOSE,E01027428,Northumberland 025D,Offender given community sentence
fe57ab05b018397bab30df58b3527f1796b95df8cb0f50d21900e0cd3f6434be,2014-10,Northumbria Police,Northumbria Police,-1.604123,55.006972,On or near COMMERCIAL ROAD,E01008424,Newcastle upon Tyne 005F,Offender fined
4cd8aca569b798efdb1f1c44d5368cf380ea621acbb91de8682afa5a1a5041ca,2014-10,Northumbria Police,Northumbria Police,-1.643897,54.948900,On or near WILSON STREET,E01008211,Gateshead 013D,Defendant found not guilty
0b65cdb764076bbb1ebc73fb7d4355993647dafb02873225a73317bed217a7fc,2014-10,Northumbria Police,Northumbria Police,-1.617415,54.965633,On or near COOKSON'S LANE,E01033545,Newcastle upon Tyne 024H,Offender sent to prison
7f5849e91460822731aef9992b4066e5cd7698bb350a0c4996fe547ab269f098,2014-10,Northumbria Police,Northumbria Police,-1.563402,55.142982,On or near GREENWOOD AVENUE,E01027551,Northumberland 020F,Defendant found not guilty
8d612fe4cdac2ccc95269512e20d2189349e3685c3995f06205c4e17dd8b9283,2014-10,Northumbria Police,Northumbria Police,-1.711622,54.964446,On or near Supermarket,E01008177,Gateshead 005A,Offender given conditional discharge
aa1ac73050c82b218125d63057b8b3ab4e5a093908c56a5925fd64939099f4e2,2014-10,Northumbria Police,Northumbria Police,-1.617134,54.972264,On or near NEWGATE STREET,E01033543,Newcastle upon Tyne 024G,Offender given community sentence
0dee50968b9c803bcccbd71dee3952af12fc0eaada242131bf4ac3c8e4dd2a5d,2014-10,Northumbria Police,Northumbria Police,-1.431829,54.918098,On or near Supermarket,E01008693,Sunderland 008A,Court case unable to proceed
09a3867fb8653cae5af0a3f297f61664be84840afbae09b1556d2412cc976996,2014-10,Northumbria Police,Northumbria Police,-1.467728,54.968728,On or near AUCKLAND TERRACE,E01008602,South Tyneside 014A,Offender given suspended prison sentence
4a2962d63353ffcd3d3dcc9767f31307cc03e98ec95eb8609adeb9ea8a66711d,2014-10,Northumbria Police,Northumbria Police,-1.546353,54.997164,On or near BEDFORD AVENUE,E01008535,North Tyneside 030B,Offender given community sentence
057f9e9030e8843cb7be3c214fa787a0d852fd6cb3050249ae891131af105348,2014-10,Northumbria Police,Northumbria Police,-1.430237,54.986549,On or near Supermarket,E01008668,South Tyneside 002E,Offender sent to prison
297d9bf83884382635250ebe53b45dd622a47d220a49c721c4fa9d486f8cb141,2014-10,Northumbria Police,Northumbria Police,-1.663654,54.970541,On or near BISHOP'S ROAD,E01008290,Newcastle upon Tyne 027C,Court case unable to proceed
e6c7db0cb19d0d45c5188bf83b653e3f9def6a4e26230148d8f94cfe65916625,2014-10,Northumbria Police,Northumbria Police,-2.012705,55.757776,On or near Parking Area,E01027385,Northumberland 001C,Offender given community sentence
cc6e21a07fb8092d10f6b8ea839a260f0599c104b87ee323fcf1d65188c6d7c8,2014-10,Northumbria Police,Northumbria Police,-1.664457,54.986584,On or near HEATHERSLAW ROAD,E01008451,Newcastle upon Tyne 016C,Offender sent to prison
0809eb5775c2cac4323b873a3e3eb40926d6ef79bc7beecefeb0290da3476037,2014-10,Northumbria Police,Northumbria Police,-1.602496,54.962754,On or near Parking Area,E01008166,Gateshead 027C,Offender given conditional discharge
6dc10154dd6d76cb8c5c218fc03675cfe4c8013e8a86dc5fcda6593d2d687b07,2014-10,Northumbria Police,Northumbria Police,-1.612740,54.974308,On or near Shopping Area,E01008397,Newcastle upon Tyne 024C,Offender fined
b459db45d56a34c423f1c48f39a9d5bbae87383ff965df0f67b786ce482033c8,2014-10,Northumbria Police,Northumbria Police,-2.100348,54.970452,On or near Shopping Area,E01027494,Northumberland 035G,Offender fined
a5cbf9be46f80c3552b4f3da8683eb6e8fbd276eeee47422d81a928617e392c6,2014-10,Northumbria Police,Northumbria Police,-1.635428,55.015274,On or near WANSBECK ROAD NORTH,E01008336,Newcastle upon Tyne 003A,Offender given community sentence
6a63ea80f4c8070bc50543671fcfc8933b1210a69bb1850796a0272850832c1a,2014-10,Northumbria Police,Northumbria Police,-1.628417,54.997191,On or near FERNVILLE ROAD,E01008423,Newcastle upon Tyne 006G,Offender given conditional discharge
6805d1dacd7ca0b6e86c84ce25585d18b671e4f6d5ecbecac29ef5589a60da03,2014-10,Northumbria Police,Northumbria Police,-1.562580,54.978352,On or near ORPINGTON AVENUE,E01008391,Newcastle upon Tyne 026E,Defendant found not guilty
6bc0e30d221a0ed5b7fee8eb872c16bd6727272db3aaf20c619112ef17216b0c,2014-10,Northumbria Police,Northumbria Police,-1.593796,55.133112,On or near Police Station,E01027516,Northumberland 021B,Offender sent to prison
e8b370b63470f8d949fe1329adb00face21cf33b3187b38d76079be64e60369c,2014-10,Northumbria Police,Northumbria Police,-1.444920,55.008597,On or near Parking Area,E01008524,North Tyneside 022B,Offender given conditional discharge
ffd15624bd72e91a3c2b2959c888d3573a30a109ec067bde28274b5c47bf2eaa,2014-10,Northumbria Police,Northumbria Police,-1.414358,54.910394,On or near ANCONA STREET,E01008701,Sunderland 011A,Offender given community sentence
9e7fbc37dc724bacb4196597ffa676491860bb8aa67a21deafeeb706252212e2,2014-10,Northumbria Police,Northumbria Police,-1.660963,54.969087,On or near JOAN STREET,E01008291,Newcastle upon Tyne 027D,Offender sent to prison
23447331a9221a1c09aae5d5f3fb070c6e16a33c16b4c79d70a10487536ce0f7,2014-10,Northumbria Police,Northumbria Police,-1.510696,55.128314,On or near REGENT STREET,E01027415,Northumberland 023B,Offender fined
f5e0452a05e14c66be2d150c9a97ee0bc33e703a6e9849546afedacf10561fb0,2014-10,Northumbria Police,Northumbria Police,-1.448597,54.929651,On or near HYLTON LANE,E01008837,Sunderland 003B,Offender given community sentence
eb9a6217a790ffefcbf0949ed4799b3e86d7209579e5038c20f252b1bed12762,2014-10,Northumbria Police,Northumbria Police,-1.656102,54.973180,On or near WELLFIELD ROAD,E01008332,Newcastle upon Tyne 029B,Court case unable to proceed
86038cf1763a44831dd36f79f6bb583cad88362834d3194758e7477b02da4bb0,2014-10,Northumbria Police,Northumbria Police,-1.387324,54.905453,On or near Sports/Recreation Area,E01008703,Sunderland 013B,Offender otherwise dealt with
4e3759ff63faa2685b1962bbb206ca38c48a37bf3f6c18586caf8149994306cb,2014-10,Northumbria Police,Northumbria Police,-1.563973,55.034297,On or near GARTH THIRTY THREE,E01008505,North Tyneside 012B,Defendant found not guilty
f1d67c0d649783819319700b675e47cce0c6832a62d921feab0df958d332965d,2014-10,Northumbria Police,Northumbria Police,-1.614445,54.974044,On or near BLACKETT STREET,E01008397,Newcastle upon Tyne 024C,Court case unable to proceed
a9325a3133d0e7bf8fde7daec0d5ec69b57a2f96fe4a7e18f832a93f8f28ebee,2014-10,Northumbria Police,Northumbria Police,-1.542791,54.940609,On or near WHINBROOKE,E01008281,Gateshead 015E,Offender sent to prison
336a94b8102a59de68402fb7d1c07dd941884a5a3e012f1209ae1aed745f8e36,2014-10,Northumbria Police,Northumbria Police,-1.605343,54.973502,On or near TRAFALGAR STREET,E01033553,Newcastle upon Tyne 023H,Offender given conditional discharge
982aefc4c784c2de4779c5ca740e00d50c5441d6f8dbe9c2cd3c71435c80ae45,2014-10,Northumbria Police,Northumbria Police,-1.642323,54.957324,On or near KINGFISHER COURT,E01008209,Gateshead 007A,Offender given absolute discharge
701e9e430b19119970500e75eb52e26fdc126702aacd257a5db8ad5026e48dc8,2014-10,Northumbria Police,Northumbria Police,-1.437359,54.994705,On or near STATION ROAD,E01008667,South Tyneside 002D,Offender given community sentence
97ed813f43d98c1512e9c031d770fdb081b0e11202d5e055439037981d62b83c,2014-10,Northumbria Police,Northumbria Police,-1.586985,54.976757,On or near Petrol Station,E01008304,Newcastle upon Tyne 026C,Offender given absolute discharge
94cfaacaa31a8c42aa4e510277721da34129992a4d8389cc1ff0aad1ad2b7a24,2014-10,Northumbria Police,Northumbria Police,-1.551792,54.978978,On or near CALDERDALE AVENUE,E01008431,Newcastle upon Tyne 020B,Court case unable to proceed
d7eff6461d228607960cb79a1813744b306ac2cdf9a44a0dc1750d2ad8e7db34,2014-10,Northumbria Police,Northumbria Police,-1.518077,54.914849,On or near CARISBROOKE CLOSE,E01008853,Sunderland 009A,Offender sent to prison
fa9dfcf07ba6906aebe2eac059f9c22d26078802391d493ed5765da40522164a,2014-10,Northumbria Police,Northumbria Police,-1.473645,54.998858,On or near PERCY CRESCENT,E01008541,North Tyneside 027C,Offender given community sentence
c890789b2563e107e128f61b20f29dd3a2663ec74fb4f13bf73649aeb00cb568,2014-10,Northumbria Police,Northumbria Police,-1.603974,54.950682,On or near WESTFIELD TERRACE,E01008252,Gateshead 010B,Offender given conditional discharge
ab96105296b0048ca508e903c09572924cffef29fb354bc9b0875e62d6961ca1,2014-10,Northumbria Police,Northumbria Police,-1.618837,54.970526,On or near CLAYTON STREET WEST,E01033543,Newcastle upon Tyne 024G,Offender sent to prison
814d60cc19366cb847b87402506be679188e33932d71e960277b6b765935c7b7,2014-10,Northumbria Police,Northumbria Police,-1.616956,54.958155,On or near ASKEW ROAD WEST,E01008170,Gateshead 008C,Offender given suspended prison sentence
737ecca304c163e1f507c9ab36af400afa9173fdc4d5b4aa3aa3e4ba2a7cecd3,2014-10,Northumbria Police,Northumbria Police,-1.380861,54.904881,On or near Further/Higher Educational Building,E01008703,Sunderland 013B,Offender given community sentence
debcd932c69312e8edba06a247b3b4e7e89b4ed1a9726d707c01228693e1499b,2014-10,Northumbria Police,Northumbria Police,-1.534319,54.902421,On or near Parking Area,E01008844,Sunderland 019B,Offender fined
11c9ac31cfe718b21e836578b229407aab6fd008403142c0d322063103d53676,2014-10,Northumbria Police,Northumbria Police,-1.596764,54.990899,On or near CAVENDISH ROAD,E01008366,Newcastle upon Tyne 013A,Offender given community sentence
a31d402c788f28a0d77ab3e4992bf35086e7ae56391939e68d3290903a14c96d,2014-10,Northumbria Police,Northumbria Police,-1.370085,54.870848,On or near Supermarket,E01008769,Sunderland 028E,Offender given suspended prison sentence
145d031dca9094106ab447d95fedbf136fbac5807fe9836046c960d2b4e55576,2014-10,Northumbria Police,Northumbria Police,-1.634707,54.979291,On or near Sports/Recreation Area,E01008396,Newcastle upon Tyne 022B,Offender given conditional discharge
9082cd63f83758148649aa62d5ce10740c54d9537d1c60ad9e37567efc90a396,2014-10,Northumbria Police,Northumbria Police,-1.647498,54.969201,On or near CROFTSWAY,E01008333,Newcastle upon Tyne 029C,Offender sent to prison
1bc0870d3577d48de551d678ed8b49ddfcf00718e76d9f73b1280910866b0bb2,2014-10,Northumbria Police,Northumbria Police,-1.634362,55.013788,On or near HEPPLE WAY,E01008353,Newcastle upon Tyne 006A,Offender given community sentence
c3090343d53b1d29474c1f7446659257febc9e3dc120a37dabfbc48df6c55033,2014-10,Northumbria Police,Northumbria Police,-1.615061,54.975034,On or near Shopping Area,E01008397,Newcastle upon Tyne 024C,Offender fined
9e9e66dda4262cba8b208645dfcf53bf7e4f79b31a28c476b489e15d497f9bdd,2014-10,Northumbria Police,Northumbria Police,-1.474552,54.868262,On or near LANGLEY STREET,E01032483,Sunderland 032F,Offender deprived of property
fb92a6046e240a22b53454e4a9fbce4e5e92499f47735dc145f3b826a79fb3d3,2014-10,Northumbria Police,Northumbria Police,-1.618315,54.972879,On or near Supermarket,E01033543,Newcastle upon Tyne 024G,Offender given community sentence
2837cbe2e3543d7f7eee30f56b7242313564bb08c4652e35eb759c29787daa01,2014-10,Northumbria Police,Northumbria Police,-1.574957,54.924748,On or near SPRINGWELL AVENUE,E01008217,Gateshead 023E,Defendant found not guilty
3e60e1bfbdb17b7399733129e13d86fc970f9de44b55fac3a3453909d985c5a6,2014-10,Northumbria Police,Northumbria Police,-1.385155,54.906557,On or near Supermarket,E01008703,Sunderland 013B,Defendant found not guilty
4b4a5e7678c4ec62e200f6828f97e0bb779d89cbee4a199e14652bb88acadbf5,2014-10,Northumbria Police,Northumbria Police,-1.753755,54.993501,On or near MOUNT PLEASANT COURT,E01008401,Newcastle upon Tyne 014B,Offender fined
8f64f759eaad62d25d34ddfc989d2d7e4655f08beaa7ebd217a4dd9b1cc2a261,2014-10,Northumbria Police,Northumbria Police,-1.447484,55.008618,On or near Supermarket,E01008524,North Tyneside 022B,Offender sent to prison
bea6cdd58e1497503f91f2fe6ab85fb8328d29a459f08ac47ab1c53e2b6fbfd9,2014-10,Northumbria Police,Northumbria Police,-1.574085,54.979211,On or near MILLERS ROAD,E01008392,Newcastle upon Tyne 026F,Offender given conditional discharge
dd609b3735115a905a969b6ef87bd22061ae14d14d004bd1b56b9451439335d4,2014-10,Northumbria Police,Northumbria Police,-1.617134,54.972264,On or near NEWGATE STREET,E01033543,Newcastle upon Tyne 024G,Offender given community sentence
75850b05d4d164cc5eba9b1a4d30563b88d6c572e3b7844a9276d536c5bfb65d,2014-10,Northumbria Police,Northumbria Police,-1.624533,55.048256,On or near Supermarket,E01008577,North Tyneside 004A,Offender given conditional discharge
7c4d3009c6818e779d625b49499019c7d00818f1c21398187395748c139d81e2,2014-10,Northumbria Police,Northumbria Police,-1.553218,54.963159,On or near YELVERTON CRESCENT,E01008427,Newcastle upon Tyne 030C,Offender sent to prison
41c8fbe6c86d106abb847eaadd782d99911e8687fd065b9fa559c4acadd4e1ba,2014-10,Northumbria Police,Northumbria Police,-1.595683,54.966300,On or near Parking Area,E01008166,Gateshead 027C,Defendant found not guilty
58918c9f8c4b151552ccf74b6dd276e1d1b73ec5dcc6852517b37dd99710bb4a,2014-10,Northumbria Police,Northumbria Police,-1.621664,54.975558,On or near Sports/Recreation Area,E01008397,Newcastle upon Tyne 024C,Offender fined
9cd2e8ac7a49a07304c7d80747329aca422c6758d3d343a1904b5f5da7b6feb6,2014-10,Northumbria Police,Northumbria Police,-1.600694,54.963413,On or near SWAN STREET,E01008166,Gateshead 027C,Court case unable to proceed
0df4600eb6c672649c978772f93f61b06d74971b40da7228010981e80e37af4a,2014-10,Northumbria Police,Northumbria Police,-1.603684,54.973784,On or near ARGYLE STREET,E01033553,Newcastle upon Tyne 023H,Offender fined
77cba7fbb2ee42440b37acc5d1af5a64579b982ff1c6cb6fa0648af6d1290db8,2014-10,Northumbria Police,Northumbria Police,-2.015670,55.759959,On or near Sports/Recreation Area,E01027386,Northumberland 002E,Offender given community sentence
533213653ec2ede109881e4b95662bb5df07dd1d589a260ba147328ee9eb0591,2014-10,Northumbria Police,Northumbria Police,-1.636893,54.975973,On or near BEACONSFIELD STREET,E01008396,Newcastle upon Tyne 022B,Offender given absolute discharge
53e2a18310faff940e69cfc9aefe5cf2ae7967055d6e10a07cf054610ec4f7be,2014-10,Northumbria Police,Northumbria Police,-1.559665,54.967675,On or near BURNHAM GROVE,E01008389,Newcastle upon Tyne 028B,Offender given conditional discharge
a14b1db20b5d3413abaeb53dc85d20c2a90e4dc85c9d5b80b0ef7ab9485b30cd,2014-10,Northumbria Police,Northumbria Police,-1.508234,55.186992,On or near Parking Area,E01027542,Northumberland 009B,Offender given community sentence
b5bdf8e9152f12d537ec80a501172f9e57b4f420929d8adfe51d7622d198b9c2,2014-10,Northumbria Police,Northumbria Police,-1.431829,54.918098,On or near Supermarket,E01008693,Sunderland 008A,Court case unable to proceed
f2402175e82498becc778ec20fb8a5bf21bcb458a80e40b2287f959c63b0f9d6,2014-10,Northumbria Police,Northumbria Police,-1.361486,54.877588,On or near SALTERFEN ROAD,E01008779,Sunderland 024C,Offender given community sentence
bf45231fa67ae0e5c49956a6c581dca9b32982f8e3659f908eeb57cfaaa4ed4c,2014-10,Northumbria Police,Northumbria Police,-1.601804,54.961701,On or near JACKSON STREET,E01008166,Gateshead 027C,Offender given conditional discharge
6b3280b70b951df3457bd994af8fbe8b63c30d6df12baf9fbd0b4544ae6d0cb3,2014-10,Northumbria Police,Northumbria Police,-1.574599,54.985332,On or near RICHARDSON STREET,E01008361,Newcastle upon Tyne 018D,Defendant found not guilty
bc94ace571f7c0dd9882e873e1e6074f5e34bb0ad8a8e5667a6490e81ba0a285,2014-10,Northumbria Police,Northumbria Police,-1.688109,54.983511,On or near WEST ROAD,E01008416,Newcastle upon Tyne 025C,Court case unable to proceed
f0451bc68685f210f2b4216ffb04a2aa74474cb8b503286b83bfdc00c4665395,2014-10,Northumbria Police,Northumbria Police,-1.424886,54.988123,On or near EAST GEORGE POTTS STREET,E01008668,South Tyneside 002E,Offender given suspended prison sentence
45150221cf302c42774beb6c01d114feb0af81719766e9f39684f04aa5e6b902,2014-10,Northumbria Police,Northumbria Police,-1.710176,54.954791,On or near BERRYHILL CLOSE,E01008182,Gateshead 004C,Court case unable to proceed
4fd3de04404b68e6ead2ce5188b3eba035ad795f965df5690e8df69e7ec83c1e,2014-10,Northumbria Police,Northumbria Police,-1.369564,54.934173,On or near KINGS AVENUE,E01008723,Sunderland 002A,Offender given conditional discharge
2619de6f976de1db73bfc4cfadd9fbc7771e552fdb31080897eb425034562690,2014-10,Northumbria Police,Northumbria Police,-1.447484,55.008618,On or near Supermarket,E01008524,North Tyneside 022B,Offender otherwise dealt with
ee84dd3881e9ee41076062406737824e9f1e219020991c7768f62c9e291a2129,2014-10,Northumbria Police,Northumbria Police,-1.560837,54.974788,On or near ADA STREET,E01008388,Newcastle upon Tyne 028A,Offender given conditional discharge
b7806593ee676b74dc965bc4b14380d3ff05f7472e0b247195402a5fd2c8b3f3,2014-10,Northumbria Police,Northumbria Police,-1.784215,54.935606,On or near DOBSON CLOSE,E01008196,Gateshead 024D,Defendant found not guilty
5c6ab266f48ad53e48abdc05d1cde7ec66b447902e6ca6474191572ce73b1516,2014-10,Northumbria Police,Northumbria Police,-1.600626,54.962371,On or near HIGH STREET,E01008166,Gateshead 027C,Offender given community sentence
e0173e7099a6daaeaf996d252cbde7f508222ea3bd7de706fc8674f4b58840ec,2014-10,Northumbria Police,Northumbria Police,-1.523778,55.130747,On or near COWPEN ROAD,E01027392,Northumberland 022A,Offender given suspended prison sentence
5043021f9526b86d2177766477c1e385b481d423a1c43a44bc2f68a806bc0fe2,2014-10,Northumbria Police,Northumbria Police,-1.498564,55.002494,On or near WINDSOR COTTAGES,E01008508,North Tyneside 026A,Offender fined
4d5c9541861b26d90a63b4a04759d1dcb2d8dcf3a7b93b5c093314b3e1fd88bd,2014-10,Northumbria Police,Northumbria Police,-1.463388,55.020182,On or near BEACH ROAD,E01008557,North Tyneside 013D,Offender fined
88cb1fb0066a6a6d446176a9a00434c2a7513acb40ddd007134f5e3f23420789,2014-10,Northumbria Police,Northumbria Police,-1.416040,54.908434,On or near MORTIMER STREET,E01008757,Sunderland 015A,Offender given community sentence
15ca0027c0e38ae3acdf29f1b7f8787bdae6705c0a4d1f0fa90175fda35a10a9,2014-10,Northumbria Police,Northumbria Police,-1.380861,54.904881,On or near Further/Higher Educational Building,E01008703,Sunderland 013B,Offender given community sentence
e64820400790c805e086a3f7c06b97f31cad6a2c07062ec14590fc5f3ef14888,2014-10,Northumbria Police,Northumbria Police,-1.469635,54.999505,On or near STONETHWAITE,E01008541,North Tyneside 027C,Offender given conditional discharge
fe248177341916342996b54903f7c3ba157dd8ccbd06af604575707d42c0bc86,2014-10,Northumbria Police,Northumbria Police,-1.436414,54.924868,On or near ROTHERFIELD ROAD,E01008842,Sunderland 004F,Defendant found not guilty
2763f0da7aff8ef7b2c053b0914b7f292d24b4522874dfcfa287a3dfa83fb958,2014-10,Northumbria Police,Northumbria Police,-1.615322,54.972222,On or near NUN STREET,E01033543,Newcastle upon Tyne 024G,Offender otherwise dealt with
567749d73d168b6eecc2fa7218c3014efa87c74ecb49dffab142f957e8756ca6,2014-10,Northumbria Police,Northumbria Police,-1.614102,54.974025,On or near BLACKETT STREET,E01008397,Newcastle upon Tyne 024C,Offender given community sentence
27191458608b827d19238a3f4b2f200ca550d197be8e180cbd3e6d7f4df7009f,2014-10,Northumbria Police,Northumbria Police,-1.596860,54.950083,On or near NORTHBOURNE STREET,E01008203,Gateshead 028B,Offender given conditional discharge
6695a55b000d3dbc1f412cf4925f239c00b469d58c7cb196bc97402f5738c07a,2014-10,Northumbria Police,Northumbria Police,-1.386149,54.906831,On or near WEST STREET,E01008703,Sunderland 013B,Offender fined
4a8b9390a9db0e299ed6245fdc4e4195b61d0378506cfe635c4c87bcdbf47522,2014-10,Northumbria Police,Northumbria Police,-1.613192,54.954953,On or near RECTORY PLACE,E01008170,Gateshead 008C,Defendant found not guilty
5fde80e26aecd37d12d303c8128fc6089de7bfe4dfdc58a1ae2704b33e4b7877,2014-10,Northumbria Police,Northumbria Police,-1.559412,55.181895,On or near SECOND AVENUE,E01027539,Northumberland 010C,Court case unable to proceed
a9ace13951c426646f0ef8564d9c4adf8afb41627fe73ddd5e88fff7f3869a3e,2014-10,Northumbria Police,Northumbria Police,-1.713914,54.975972,On or near HIGH ROW,E01008385,Newcastle upon Tyne 021E,Offender given suspended prison sentence
73b7b1aa49a242be6aff0619c3ca91e8a388cdbd88ede268762c297198aaf9be,2014-10,Northumbria Police,Northumbria Police,-1.683601,54.946745,On or near BANK AVENUE,E01008263,Gateshead 009B,Offender fined
8fa82a2be52d2518efd617848dfc2cd783c62703cf031ac4d2f2c5ec276ad17f,2014-10,Northumbria Police,Northumbria Police,-1.449929,55.009312,On or near SIDNEY STREET,E01008524,North Tyneside 022B,Offender given community sentence
41f2fa97a2d370741607a790d7a808a37de38fa701a4b0bb0f10fb410c756906,2014-10,Northumbria Police,Northumbria Police,-1.568353,55.182852,On or near Supermarket,E01027528,Northumberland 010A,Defendant found not guilty
9c78a913e798102137f8249136ec1bd705662b972f13af2b6c90831618ac1951,2014-10,Northumbria Police,Northumbria Police,-1.551259,54.970754,On or near SCROGG ROAD,E01008428,Newcastle upon Tyne 030D,Offender given community sentence
0b92a0540c7ad90deb43c0a4151624accdb61329b9d6ea7bdb0ba130f23c6ab5,2014-10,Northumbria Police,Northumbria Police,-1.372190,54.952968,On or near WELLANDS COURT,E01008686,South Tyneside 018D,Offender given community sentence
b01da6babdf4ca8a4d948573c1e70f44394784d3c2748ae04cdb604faa821a7e,2014-10,Northumbria Police,Northumbria Police,-1.376733,54.903539,On or near MURTON STREET,E01008836,Sunderland 016F,Defendant found not guilty
ac95cced74d2cd82a5e8dcf81c75edb993a4ed76ed6e371934afcdb6f87f8e6e,2014-10,Northumbria Police,Northumbria Police,-1.426453,54.972467,On or near MCANANY AVENUE,E01008592,South Tyneside 011C,Defendant found not guilty
0624d971c12b2c85e3a1523dc6f28a492c6f2db3e8e6e32b8c423049686143fa,2014-10,Northumbria Police,Northumbria Police,-1.440731,54.808144,On or near BRICK GARTH,E01008744,Sunderland 036B,Offender given community sentence
c6fa8a92d34c03d8d96703f7fc3d83543ee18fc6d75f42506c9d5bc1c11885fa,2014-10,Northumbria Police,Northumbria Police,-1.580489,54.973473,On or near BRINKBURN STREET,E01008304,Newcastle upon Tyne 026C,Defendant found not guilty
da4820ec571ce0e237632c1cfe7ae2395458b08a5ab9a4f63364a3f175c1d41a,2014-10,Northumbria Police,Northumbria Police,-1.790362,54.962953,On or near DALE VIEW GARDENS,E01008198,Gateshead 002C,Offender given absolute discharge
f2350478392da826a09520f47819a92effe6787245f3ac07953a59782de41b21,2014-10,Northumbria Police,Northumbria Police,-1.433719,55.000107,On or near MILE END ROAD,E01008667,South Tyneside 002D,Court case unable to proceed
16b0e94744c22ea8f806d978f562537bf247ec8dc9065d34b512bae297c359e1,2014-10,Northumbria Police,Northumbria Police,-1.604153,54.962643,On or near Shopping Area,E01008168,Gateshead 027D,Offender sent to prison
b96058f6e70e939f7333bd022d1d6aaf2da595107fae548bf129eed015d018f8,2014-10,Northumbria Police,Northumbria Police,-1.573336,54.903948,On or near SELKIRK CRESCENT,E01008222,Gateshead 025A,Court case unable to proceed
e6439c6c84fbd11105086a49035dbae0c2e5cbebb89384831a50f6481b10c5fe,2014-10,Northumbria Police,Northumbria Police,-1.601834,54.963372,On or near ELLISON STREET,E01008166,Gateshead 027C,Offender sent to prison
f3211de290c6c742d193d6629fe8fa91155b8946d25236c7f670bcc1809f6b6a,2014-10,Northumbria Police,Northumbria Police,-1.570022,54.979296,On or near A193,E01008392,Newcastle upon Tyne 026F,Offender given suspended prison sentence
7ad1c58eb33534099eb2ab0642049d0baf76cc0cbdc2bdeff0e54808f8c2ba48,2014-10,Northumbria Police,Northumbria Police,-1.397023,54.983845,On or near AMBLE AVENUE,E01008651,South Tyneside 004D,Offender fined
cf690e21b8fa47ba32fded2b7a2adde73143225dccef84ecd534e27cbd0472a2,2014-10,Northumbria Police,Northumbria Police,-1.532724,54.900087,On or near Supermarket,E01008848,Sunderland 019C,Offender given conditional discharge
d5f0ebd5bc94ea21d0037e384c7434ae6c7dfc7c922d13591f50840acb8c61a7,2014-10,Northumbria Police,Northumbria Police,-1.617134,54.972264,On or near NEWGATE STREET,E01033543,Newcastle upon Tyne 024G,Offender given community sentence
fe84f9d890f3cd3e1f52f3eaf14faa77468bf9eb7c0fc686afb9ed4ec468ba4e,2014-10,Northumbria Police,Northumbria Police,-1.647231,54.976515,On or near AGRICOLA ROAD,E01008449,Newcastle upon Tyne 022D,Offender given absolute discharge
d3ad0202b5e3a82193de01c6c47171f0343db169d4a8f594f653fb62b241ba56,2014-10,Northumbria Police,Northumbria Police,-1.497981,54.994135,On or near DILSTON GRANGE,E01008543,North Tyneside 028C,Defendant found not guilty
5673a652231ace71a0111e3db100e669062c5fa6cd323750aaab8e540a7bda43,2014-10,Northumbria Police,Northumbria Police,-1.384668,54.905790,On or near Shopping Area,E01008703,Sunderland 013B,Offender otherwise dealt with
2c793eaf6490b185dced5db5f33258537aab73af1a9760c252d27605e62531c2,2014-10,Northumbria Police,Northumbria Police,-1.668555,54.957641,On or near Shopping Area,E01008262,Gateshead 009A,Offender given community sentence
57ec7dd959152e85bc1e67cbb2ae5bf0e9e9892df8c41af8eef8d19c96389256,2014-10,Northumbria Police,Northumbria Police,-1.695700,54.992228,On or near Pedestrian Subway,E01008325,Newcastle upon Tyne 015B,Offender sent to prison
afdf21f1983f7e542f3020e1752753338a0fbd96f40d2c76ae07d88cb1571ab0,2014-10,Northumbria Police,Northumbria Police,-1.711622,54.964446,On or near Supermarket,E01008177,Gateshead 005A,Offender given community sentence
6825cee0fbd9719bbbc24452b6ec3f9e81b57cc6e001cd93cc56c192398343ea,2014-10,Northumbria Police,Northumbria Police,-1.619580,55.004307,On or near Supermarket,E01008419,Newcastle upon Tyne 006E,Offender sent to prison
aac29f24965c8b5e64e14712878741d00567c35c1e034a230edac282a17ed91f,2014-10,Northumbria Police,Northumbria Police,-1.523065,55.043067,On or near SHARNFORD CLOSE,E01008565,North Tyneside 007C,Offender sent to prison
a333c45320bdf494b9b41d31f4d54718902c0f265a2feae3470d7f34ab6f79db,2014-10,Northumbria Police,Northumbria Police,-1.411425,54.963930,On or near MARIAN WAY,E01008622,South Tyneside 013A,Court case unable to proceed
7e3699eb87d25ceea802e01c23cfcde15e2ef83f6ed53c89a4a6d74c966eb1f2,2014-10,Northumbria Police,Northumbria Police,-1.413510,54.908638,On or near PERCIVAL STREET,E01008701,Sunderland 011A,Offender sent to prison
d4a3928f51a2658444f23b5d228297cf03b079816c995f96bff9443a49738302,2014-10,Northumbria Police,Northumbria Police,-1.444920,55.008597,On or near Parking Area,E01008524,North Tyneside 022B,Offender fined
edb143a90a79173197e3e44a6df3d560dc436954f79f4e95428047615bb4627a,2014-10,Northumbria Police,Northumbria Police,-1.455817,54.970508,On or near BLYTON AVENUE,E01008672,South Tyneside 012D,Offender sent to prison
1225ed3544a32e457263c4e4859f0e6aa321a262ce4e101c707d0b2bf3e5b87b,2014-10,Northumbria Police,Northumbria Police,-1.612740,54.974308,On or near Shopping Area,E01008397,Newcastle upon Tyne 024C,Defendant found not guilty
fe0fbec9465b1959b57fcc732dcb224df6c5a8b2458dcc0391b4d32a22d55552,2014-10,Northumbria Police,Northumbria Police,-1.437359,54.994705,On or near STATION ROAD,E01008667,South Tyneside 002D,Offender given community sentence
90af25170c379e234c464eb5c3d6c1ba077d4d2a94a45f78d7fb20a0e430b118,2014-10,Northumbria Police,Northumbria Police,-1.373260,54.881118,On or near Supermarket,E01008780,Sunderland 024D,Offender given conditional discharge
fa68dc7cbf8e626856be5c321fa255360c67499a0c41b69cf47abde9083d15d5,2014-10,Northumbria Police,Northumbria Police,-1.539102,54.901442,On or near SUNDERLAND HIGHWAY,E01008867,Sunderland 020A,Court case unable to proceed
d3145d54fdfc551d18c700292e9024d034aadd8db200b0973eea1e4bf6851fac,2014-10,Northumbria Police,Northumbria Police,-1.574085,54.979211,On or near MILLERS ROAD,E01008392,Newcastle upon Tyne 026F,Offender given community sentence
4bc83fb863ca8a4b623a1807fd625c611dabb05dc7a41951a1d51dd76fdd2909,2014-10,Northumbria Police,Northumbria Police,-1.456595,54.966126,On or near RICHARDSON AVENUE,E01008670,South Tyneside 014D,Offender sent to prison
7e7bb47ca6ecf8ff838737c5082a08e60303eab04990b04a02af58b5da26cf6c,2014-10,Northumbria Police,Northumbria Police,-1.429397,54.984100,On or near ALBANY STREET WEST,E01008683,South Tyneside 005D,Offender sent to prison
a9bc917309c93fb4d7af54cf7c2e62b3f844746e06196b194905dc25b314d225,2014-10,Northumbria Police,Northumbria Police,-1.420426,55.001545,On or near Parking Area,E01008598,South Tyneside 001D,Offender sent to prison
4dc4062f33a730ded46a22ddb6ddf889dde7a7d673d0921764288d5f0f2d25bc,2014-10,Northumbria Police,Northumbria Police,-1.565568,55.176112,On or near TITCHFIELD TERRACE,E01027537,Northumberland 014B,Defendant found not guilty
08ef75c911fd663825a18cdb1cd18c123fbda5bb3d48b08aa09d657608010551,2014-10,Northumbria Police,Northumbria Police,-1.449203,55.041767,On or near Supermarket,E01008585,North Tyneside 006B,Offender fined
7dfe23fd044599a8ca60abe7211700d23299ad13f068d9a940d991b6e158da40,2014-10,Northumbria Police,Northumbria Police,-1.615486,54.948490,On or near BRUNEL STREET,E01008254,Gateshead 010D,Offender ordered to pay compensation
8971fd8c96e06ae097e455090199979e9e48888fc08be5bf25ce31cbb4cec092,2014-10,Northumbria Police,Northumbria Police,-1.676582,54.988719,On or near BUTTERMERE CLOSE,E01008350,Newcastle upon Tyne 019H,Offender given conditional discharge
84fb3e6d59bf434b3b12ec6542f269dd559702264fe58fe96dd6a41010014a40,2014-10,Northumbria Police,Northumbria Police,-1.497203,54.961278,On or near SOUTHPORT PARADE,E01008658,South Tyneside 015F,Defendant found not guilty
54998fd8b94d5f70bda3ce52b576db0c1adf3592eb7f1c21a76e37f445ba85b2,2014-10,Northumbria Police,Northumbria Police,-1.439685,54.925269,On or near REVELSTOKE ROAD,E01008841,Sunderland 003F,Offender given community sentence
7c39c15f83138266e605dc63e8b4224e0f07e20c2ccc3965c7f6ff1b668cd184,2014-10,Northumbria Police,Northumbria Police,-1.513108,54.894816,On or near OXCLOSE ROAD,E01008851,Sunderland 017E,Offender sent to prison
81a73409f2c1260eeb96ca052379d3086cbbbcabb7377a43cdf6443b42f5eb8b,2014-10,Northumbria Police,Northumbria Police,-1.440599,54.974133,On or near Supermarket,E01008590,South Tyneside 011A,Offender sent to prison
7bc859a958c185941f7ff4e7485caa82a58a9ec8ea55c1eddf044c66fbd3d0ff,2014-10,Northumbria Police,Northumbria Police,-1.574957,54.924748,On or near SPRINGWELL AVENUE,E01008217,Gateshead 023E,Offender given community sentence
a86ce306c7bc39cf162b08656f72f2f69059b15b119a52e5ad4bd8d7fb37fc9e,2014-10,Northumbria Police,Northumbria Police,-1.811154,54.922046,On or near MEADOW VIEW,E01008186,Gateshead 024B,Offender given suspended prison sentence
107dd9481e359cd50e43f394cce8cc8a190770fe04141b5df188834ac501e951,2014-10,Northumbria Police,Northumbria Police,-1.612740,54.974308,On or near Shopping Area,E01008397,Newcastle upon Tyne 024C,Offender fined
87feec3f6276261084e7314db6531db713ff410e9ea9750c82939e4ee4c2bf60,2014-10,Northumbria Police,Northumbria Police,-1.413887,54.998620,On or near SEA ROAD,E01008597,South Tyneside 001C,Court case unable to proceed
7b61ccad684c75c3e6dcc00fdb998045e320adb95dd3752ae525b5e87246261f,2014-10,Northumbria Police,Northumbria Police,-1.416998,55.002940,On or near Theme/Adventure Park,E01008597,South Tyneside 001C,Offender sent to prison
326ef1dbbeaa5e09b1feb57416d594984eb809249d618ebd0eb4730a47527e4b,2014-10,Northumbria Police,Northumbria Police,-1.484586,55.008717,On or near BARMOUTH ROAD,E01008481,North Tyneside 023A,Offender given conditional discharge
7892bdfcc3273b92263bdba5be6b5c530732bc59d9b95ccbc5cbe4e009dcc311,2014-10,Northumbria Police,Northumbria Police,-1.510056,54.974171,On or near Pedestrian Subway,E01008653,South Tyneside 009C,Offender given suspended prison sentence
a5fdbb309f61982f79064ec2cd86dbb3e16cdfd2eaf1d3881ea12c188fb98a57,2014-10,Northumbria Police,Northumbria Police,-1.527523,54.899429,On or near NEWSTEAD COURT,E01008849,Sunderland 019D,Court case unable to proceed
bae02a0ddb484b69abc9a501c685445fb6052b11e555fc018fc2cf2c7bef5784,2014-10,Northumbria Police,Northumbria Police,-1.451552,54.821332,On or near PEMBERTON STREET,E01008742,Sunderland 035C,Offender given community sentence
8fbe1dd5d4f51e74de24a3032169d0f60bcb5b4074e3960221e2e338d4375317,2014-10,Northumbria Police,Northumbria Police,-1.586992,54.995889,On or near Supermarket,E01008315,Newcastle upon Tyne 012B,Offender given absolute discharge
0862715d3301f3bd7453d60a34b441f9405e9d1e48c5f165d8ed0601820bf32d,2014-10,Northumbria Police,Northumbria Police,-1.450084,55.004828,On or near COACH LANE,E01008545,North Tyneside 027E,Offender otherwise dealt with
9f5c8a9fd1dbbf63b8ba8d40a2c7edfb911258d7fd149cea1adc295589a2c057,2014-10,Northumbria Police,Northumbria Police,-1.542858,54.953909,On or near SHIELDS ROAD,E01008244,Gateshead 003D,Offender sent to prison
9ba5a97e552c09de574b823c1e8e50c072c1006fdca53744048901f7f8e86767,2014-10,Northumbria Police,Northumbria Police,-1.632471,54.975987,On or near HAMILTON CRESCENT,E01008399,Newcastle upon Tyne 024D,Court case unable to proceed
de04d353bf43641949e4d01fe12eae38432accffeb6d2b142a9ba74af92fb066,2014-10,Northumbria Police,Northumbria Police,-1.549480,54.963612,On or near WINDHILL ROAD,E01008427,Newcastle upon Tyne 030C,Defendant found not guilty
eeb60d2d0cacc191b4c540868c6bd6ebb0de6e33d2537218f743ffacf576ad7d,2014-10,Northumbria Police,Northumbria Police,-1.596574,54.981831,On or near HELMSLEY ROAD,E01008411,Newcastle upon Tyne 017E,Offender otherwise dealt with
7cd9295090f11ba01bb93adab12461cbe8b25095dbbf62dece1b0dae92f320dd,2014-10,Northumbria Police,Northumbria Police,-1.421341,54.946652,On or near Pedestrian Subway,E01008620,South Tyneside 023D,Offender given suspended prison sentence
05543d51a25d3f999864ada24e5f04da4ed2ea3f9dad0f11e9ea84706ab5885e,2014-10,Northumbria Police,Northumbria Police,-1.442716,54.989329,On or near CORNWALLIS SQUARE,E01008667,South Tyneside 002D,Defendant found not guilty
1fe214e25ae5b27e6c0b4b8b354f0e88ee13114a7c422b5d0bd7e629e1b89bf3,2014-10,Northumbria Police,Northumbria Police,-1.584155,54.940677,On or near VALLUM PLACE,E01008219,Gateshead 016A,Court case unable to proceed
e4a84831a6c7b29ca790985e75b1c187a8b65b61c0755d52098af5918f420b55,2014-10,Northumbria Police,Northumbria Police,-1.697630,54.993231,On or near Supermarket,E01008325,Newcastle upon Tyne 015B,Offender given conditional discharge
6c6d63debdaf94919912126bc4c6394eea3b773bf95b1898372a7130bf993143,2014-10,Northumbria Police,Northumbria Police,-1.441657,55.009346,On or near CHARLOTTE STREET,E01008561,North Tyneside 016C,Offender otherwise dealt with
115486c1c7604ef4a4dbba7ca61aac01e567f5d510da2ed628fc63a7ad69f881,2014-10,Northumbria Police,Northumbria Police,-1.616721,54.974644,On or near Shopping Area,E01008397,Newcastle upon Tyne 024C,Offender fined
2ae8b0482f2f3e1ed21f44398fc01ee71ab6556df084a77557abb7e6e00d9f99,2014-10,Northumbria Police,Northumbria Police,-1.386629,54.903985,On or near VINE PLACE,E01008836,Sunderland 016F,Offender deprived of property
604e764dc4be94d90268a6dbef04172fecf0253ed6ea35382ce2001898b51092,2014-10,Northumbria Police,Northumbria Police,-1.382615,54.902383,On or near Parking Area,E01008831,Sunderland 013D,Offender given conditional discharge
a197567f46718d0b896024f59e5c796ae80b053fe48f6eca3731f068ede293e5,2014-10,Northumbria Police,Northumbria Police,-1.482337,54.983007,On or near SAXON WAY,E01008604,South Tyneside 007B,Court case unable to proceed
9d759215a0253ac746b4ac88a48e4a9cc47bd9cdd613bb03edf24473ea304675,2014-10,Northumbria Police,Northumbria Police,-1.462486,54.948395,On or near Parking Area,E01008613,South Tyneside 021D,Offender given conditional discharge
be26deb1fb6fc8492794f4f2785d4573aa3b004d395c2f3f2c5ef4f6f228b285,2014-10,Northumbria Police,Northumbria Police,-1.447484,55.008618,On or near Supermarket,E01008524,North Tyneside 022B,Offender sent to prison
7b52454e52c01f496f211e5a972a37c6412d22e0f4dde2ed099a1e84d2ffb91b,2014-10,Northumbria Police,Northumbria Police,-1.529878,54.989140,On or near BUDDLE STREET,E01008575,North Tyneside 030E,Defendant found not guilty
67aaa23ce397b4068a4dc1a2686f13edf8134a6f6931f78996d305731bb91fc3,2014-10,Northumbria Police,Northumbria Police,-1.634814,55.041566,On or near FERGUSON CRESCENT,E01008580,North Tyneside 004C,Offender given absolute discharge
022906485244229ad7f7657217435d246a53cc8953086b1219e845822bff5937,2014-10,Northumbria Police,Northumbria Police,-1.438265,54.977977,On or near Sports/Recreation Area,E01008590,South Tyneside 011A,Defendant found not guilty
6138489c43b76c8d202e36485c57ee4c6a1933ba7f4270c57e6b1adb5215d8a5,2014-10,Northumbria Police,Northumbria Police,-1.477452,54.851290,On or near GRASSWELL TERRACE,E01008753,Sunderland 033D,Court case unable to proceed
8971fd8c96e06ae097e455090199979e9e48888fc08be5bf25ce31cbb4cec092,2014-10,Northumbria Police,Northumbria Police,-1.676582,54.988719,On or near BUTTERMERE CLOSE,E01008350,Newcastle upon Tyne 019H,Offender given conditional discharge
e8b370b63470f8d949fe1329adb00face21cf33b3187b38d76079be64e60369c,2014-10,Northumbria Police,Northumbria Police,-1.444920,55.008597,On or near Parking Area,E01008524,North Tyneside 022B,Offender given conditional discharge
b78e566cdb9da63a7c995c8e8832066e6b5aa742744966b9a93e5f2b5fe82940,2014-10,Northumbria Police,Northumbria Police,-1.674713,54.991770,On or near FULWELL GREEN,E01008299,Newcastle upon Tyne 011D,Court case unable to proceed
aa7882d993338b8f20128fce631cfe1f55c153747e57bae25ec96faea7fa1b3d,2014-10,Northumbria Police,Northumbria Police,-1.562136,54.938649,On or near WESTFIELD,E01008229,Gateshead 018A,Offender given community sentence
