Type,Date,Part of a policing operation,Policing operation,Latitude,Longitude,Gender,Age range,Self-defined ethnicity,Officer-defined ethnicity,Legislation,Object of search,Outcome,Outcome linked to object of search,Removal of more than just outer clothing
Person search,2015-02-02T01:30:00+00:00,,,52.638705,-1.094112,Male,25-34,Asian or Asian British - Indian (A1),Asian,Misuse of Drugs Act 1971 (section 23),Controlled drugs,Nothing found - no further action,,
Person search,2015-02-02T01:30:00+00:00,,,52.661933,-1.142202,Female,10-17,White - White British (W1),White,Misuse of Drugs Act 1971 (section 23),Controlled drugs,Nothing found - no further action,,
Person search,2015-02-02T05:10:00+00:00,,,52.632876,-1.105491,Male,18-24,White - White British (W1),White,Police and Criminal Evidence Act 1984 (section 1),Article for use in theft,Suspect arrested,,
Person search,2015-02-02T12:40:00+00:00,,,52.534607,-1.371221,Male,10-17,White - White British (W1),White,Police and Criminal Evidence Act 1984 (section 1),Offensive weapons,Nothing found - no further action,,
Person search,2015-02-02T15:38:00+00:00,,,52.632246,-1.129529,Male,over 34,Not Stated (NS),Asian,Police and Criminal Evidence Act 1984 (section 1),Controlled drugs,Nothing found - no further action,,
Person search,2015-02-02T20:20:00+00:00,,,52.612704,-1.103332,Male,25-34,White - White British (W1),White,Police and Criminal Evidence Act 1984 (section 1),Stolen goods,Suspect arrested,,
Person search,2015-02-03T00:35:00+00:00,,,52.633145,-1.129511,Male,18-24,Asian or Asian British - Any other Asian ethnic background (A9),Asian,Police and Criminal Evidence Act 1984 (section 1),Stolen goods,Article found - Detailed outcome unavailable,,
Person search,2015-02-03T04:30:00+00:00,,,52.613599,-1.117153,Male,over 34,Black or Black British - Any other Black ethnic background (B9),Black,Police and Criminal Evidence Act 1984 (section 1),Stolen goods,Nothing found - no further action,,
Person search,2015-02-03T08:55:00+00:00,,,52.639335,-1.133940,Male,over 34,White - White British (W1),White,Police and Criminal Evidence Act 1984 (section 1),Offensive weapons,Nothing found - no further action,,
Person search,2015-02-03T08:55:00+00:00,,,52.639335,-1.133940,Male,over 34,White - Any other White ethnic background (W9),White,Police and Criminal Evidence Act 1984 (section 1),Offensive weapons,Nothing found - no further action,,
Person search,2015-02-03T15:15:00+00:00,,,52.750989,-0.875532,Male,25-34,White - White British (W1),White,Police and Criminal Evidence Act 1984 (section 1),Stolen goods,Suspect arrested,,
Person search,2015-02-03T16:05:00+00:00,,,52.672552,-1.187057,Male,over 34,White - White British (W1),White,Police and Criminal Evidence Act 1984 (section 1),Article for use in theft,Nothing found - no further action,,
Person search,2015-02-03T18:00:00+00:00,,,52.771576,-1.211228,Male,10-17,White - White British (W1),White,Police and Criminal Evidence Act 1984 (section 1),Controlled drugs,Nothing found - no further action,,
Person search,2015-02-03T18:00:00+00:00,,,52.771576,-1.211228,Male,10-17,White - White British (W1),White,Police and Criminal Evidence Act 1984 (section 1),Controlled drugs,Local resolution,,
Person search,2015-02-03T18:00:00+00:00,,,52.771576,-1.211228,Female,10-17,White - White British (W1),White,Police and Criminal Evidence Act 1984 (section 1),Controlled drugs,Nothing found - no further action,,
Person search,2015-02-03T19:31:00+00:00,,,52.632883,-1.154148,Male,,White - Any other White ethnic background (W9),White,Police and Criminal Evidence Act 1984 (section 1),Article for use in theft,Nothing found - no further action,,
Person search,2015-02-03T19:31:00+00:00,,,52.632883,-1.154148,Male,25-34,White - Any other White ethnic background (W9),White,Police and Criminal Evidence Act 1984 (section 1),Article for use in theft,Nothing found - no further action,,
Person search,2015-02-03T19:31:00+00:00,,,52.632883,-1.154148,Male,18-24,White - Any other White ethnic background (W9),White,Police and Criminal Evidence Act 1984 (section 1),Article for use in theft,Nothing found - no further action,,
Person search,2015-02-03T20:50:00+00:00,,,52.620842,-1.131306,Male,25-34,Asian or Asian British - Any other Asian ethnic background (A9),Asian,Misuse of Drugs Act 1971 (section 23),Controlled drugs,Nothing found - no further action,,
Person search,2015-02-03T20:50:00+00:00,,,52.620842,-1.131306,Male,10-17,Asian or Asian British - Any other Asian ethnic background (A9),Asian,Misuse of Drugs Act 1971 (section 23),Controlled drugs,Nothing found - no further action,,
Person search,2015-02-03T22:20:00+00:00,,,52.753863,-1.149599,Male,18-24,White - White British (W1),White,Misuse of Drugs Act 1971 (section 23),Controlled drugs,Article found - Detailed outcome unavailable,,
Person search,2015-02-03T22:20:00+00:00,,,52.753863,-1.149599,Female,18-24,White - White British (W1),White,Misuse of Drugs Act 1971 (section 23),Controlled drugs,Nothing found - no further action,,
Person search,2015-02-03T22:20:00+00:00,,,52.753863,-1.149599,Male,18-24,White - White British (W1),White,Misuse of Drugs Act 1971 (section 23),Controlled drugs,Nothing found - no further action,,
Person search,2015-02-04T14:00:00+00:00,,,52.634946,-1.085708,Male,18-24,Not Stated (NS),Asian,Misuse of Drugs Act 1971 (section 23),Controlled drugs,Suspect arrested,,
Person search,2015-02-04T18:35:00+00:00,,,52.636328,-1.115070,Male,18-24,Asian or Asian British - Any other Asian ethnic background (A9),Asian,Misuse of Drugs Act 1971 (section 23),Controlled drugs,Nothing found - no further action,,
Person search,2015-02-04T18:35:00+00:00,,,52.636328,-1.115070,Male,18-24,Asian or Asian British - Any other Asian ethnic background (A9),Asian,Misuse of Drugs Act 1971 (section 23),Controlled drugs,Nothing found - no further action,,
Person search,2015-02-04T19:57:00+00:00,,,52.642868,-1.163887,Male,10-17,White - White British (W1),White,Police and Criminal Evidence Act 1984 (section 1),Offensive weapons,Nothing found - no further action,,
Person search,2015-02-04T21:40:00+00:00,,,52.631611,-1.122612,Male,18-24,Asian or Asian British - Indian (A1),Asian,Misuse of Drugs Act 1971 (section 23),Controlled drugs,Nothing found - no further action,,
Person search,2015-02-04T21:40:00+00:00,,,52.609890,-1.062630,Male,18-24,Not Stated (NS),Other,Misuse of Drugs Act 1971 (section 23),Controlled drugs,Nothing found - no further action,,
Person search,2015-02-04T21:40:00+00:00,,,52.614210,-1.067796,Male,18-24,White - White British (W1),White,Police and Criminal Evidence Act 1984 (section 1),Controlled drugs,Nothing found - no further action,,
Person search,2015-02-04T22:30:00+00:00,,,52.779346,-1.222622,Male,over 34,White - White British (W1),White,Police and Criminal Evidence Act 1984 (section 1),Stolen goods,Nothing found - no further action,,
Person search,2015-02-05T09:20:00+00:00,,,52.636250,-1.133691,Male,25-34,White - White British (W1),White,Police and Criminal Evidence Act 1984 (section 1),Article for use in theft,Nothing found - no further action,,
Person search,2015-02-06T00:10:00+00:00,,,52.725770,-1.138389,Male,18-24,White - White British (W1),White,Police and Criminal Evidence Act 1984 (section 1),Stolen goods,Nothing found - no further action,,
Person search,2015-02-06T02:05:00+00:00,,,52.650753,-1.120574,Male,over 34,Not Stated (NS),Black,Police and Criminal Evidence Act 1984 (section 1),Stolen goods,Nothing found - no further action,,
Person search,2015-02-06T12:00:00+00:00,,,52.651422,-1.095948,Male,18-24,Asian or Asian British - Pakistani (A2),Asian,Misuse of Drugs Act 1971 (section 23),Controlled drugs,Nothing found - no further action,,
Person search,2015-02-06T18:45:00+00:00,,,52.633680,-1.130225,Male,over 34,White - White British (W1),White,Police and Criminal Evidence Act 1984 (section 1),Stolen goods,Nothing found - no further action,,
Person search,2015-02-06T22:25:00+00:00,,,52.655588,-1.074337,Male,18-24,Mixed - Any other Mixed ethnic background (M9),Asian,Misuse of Drugs Act 1971 (section 23),Controlled drugs,Nothing found - no further action,,
Person search,2015-02-06T22:25:00+00:00,,,52.655588,-1.074337,Male,18-24,White - Any other White ethnic background (W9),Asian,Misuse of Drugs Act 1971 (section 23),Controlled drugs,Nothing found - no further action,,
Person search,2015-02-07T04:10:00+00:00,,,52.647886,-1.130386,Male,25-34,White - White British (W1),White,Police and Criminal Evidence Act 1984 (section 1),Stolen goods,Nothing found - no further action,,
Person search,2015-02-07T07:25:00+00:00,,,52.641272,-1.159454,Male,10-17,White - Any other White ethnic background (W9),White,Police and Criminal Evidence Act 1984 (section 1),Offensive weapons,Nothing found - no further action,,
Person search,2015-02-07T07:25:00+00:00,,,52.641272,-1.159454,Male,18-24,White - Any other White ethnic background (W9),White,Police and Criminal Evidence Act 1984 (section 1),Offensive weapons,Nothing found - no further action,,
Person search,2015-02-07T23:25:00+00:00,,,52.632762,-1.088102,Male,18-24,Asian or Asian British - Any other Asian ethnic background (A9),Asian,Misuse of Drugs Act 1971 (section 23),Controlled drugs,Offender cautioned,,
Person search,2015-02-07T23:30:00+00:00,,,52.632762,-1.088102,Male,18-24,Asian or Asian British - Indian (A1),Asian,Misuse of Drugs Act 1971 (section 23),Controlled drugs,Nothing found - no further action,,
Person search,2015-02-08T00:00:00+00:00,,,52.621223,-1.071295,Male,18-24,Not Stated (NS),Asian,Misuse of Drugs Act 1971 (section 23),Controlled drugs,Nothing found - no further action,,
Person search,2015-02-08T01:40:00+00:00,,,52.633145,-1.129511,Male,25-34,Not Stated (NS),Black,Misuse of Drugs Act 1971 (section 23),Controlled drugs,Nothing found - no further action,,
Person search,2015-02-08T21:10:00+00:00,,,52.754386,-1.088099,Female,25-34,White - White Irish (W2),White,Police and Criminal Evidence Act 1984 (section 1),Stolen goods,Nothing found - no further action,,
Person search,2015-02-09T15:23:00+00:00,,,52.629293,-1.144983,Male,10-17,White - Any other White ethnic background (W9),White,Misuse of Drugs Act 1971 (section 23),Controlled drugs,Nothing found - no further action,,
Person search,2015-02-09T15:25:00+00:00,,,52.629293,-1.144983,Male,10-17,White - Any other White ethnic background (W9),White,Misuse of Drugs Act 1971 (section 23),Controlled drugs,Nothing found - no further action,,
Person search,2015-02-09T15:25:00+00:00,,,52.629293,-1.144983,Male,10-17,White - Any other White ethnic background (W9),White,Misuse of Drugs Act 1971 (section 23),Controlled drugs,Nothing found - no further action,,
Person search,2015-02-09T15:25:00+00:00,,,52.629293,-1.144983,Male,10-17,White - Any other White ethnic background (W9),White,Misuse of Drugs Act 1971 (section 23),Controlled drugs,Nothing found - no further action,,
Person search,2015-02-09T20:50:00+00:00,,,52.632618,-1.208291,Male,,White - White British (W1),White,Misuse of Drugs Act 1971 (section 23),Controlled drugs,Nothing found - no further action,,
Person search,2015-02-09T20:55:00+00:00,,,52.678593,-0.734741,Male,18-24,White - White British (W1),White,Misuse of Drugs Act 1971 (section 23),Controlled drugs,Nothing found - no further action,,
Person search,2015-02-09T20:55:00+00:00,,,52.678593,-0.734741,Male,18-24,White - White British (W1),White,Misuse of Drugs Act 1971 (section 23),Controlled drugs,Nothing found - no further action,,
Person search,2015-02-09T20:55:00+00:00,,,52.678593,-0.734741,Male,10-17,White - White British (W1),White,Misuse of Drugs Act 1971 (section 23),Controlled drugs,Nothing found - no further action,,
Person search,2015-02-09T22:40:00+00:00,,,52.521090,-1.215323,Male,25-34,White - White British (W1),White,Misuse of Drugs Act 1971 (section 23),Controlled drugs,Nothing found - no further action,,
Person search,2015-02-10T01:24:00+00:00,,,52.583075,-1.136259,Male,18-24,White - White British (W1),White,Police and Criminal Evidence Act 1984 (section 1),Article for use in theft,Nothing found - no further action,,
Person search,2015-02-10T18:45:00+00:00,,,52.674586,-1.494778,Male,18-24,White - White British (W1),White,Misuse of Drugs Act 1971 (section 23),Controlled drugs,Nothing found - no further action,,
Person search,2015-02-10T18:45:00+00:00,,,52.674586,-1.494778,Male,18-24,White - White British (W1),White,Misuse of Drugs Act 1971 (section 23),Controlled drugs,Article found - Detailed outcome unavailable,,
Person search,2015-02-10T18:45:00+00:00,,,52.674586,-1.494778,Male,18-24,White - White British (W1),White,Misuse of Drugs Act 1971 (section 23),Controlled drugs,Nothing found - no further action,,
Person search,2015-02-10T18:45:00+00:00,,,52.674586,-1.494778,Male,10-17,White - White British (W1),White,Misuse of Drugs Act 1971 (section 23),Controlled drugs,Nothing found - no further action,,
Person search,2015-02-10T21:20:00+00:00,,,52.637444,-1.197284,Male,25-34,White - White British (W1),White,Police and Criminal Evidence Act 1984 (section 1),Article for use in theft,Nothing found - no further action,,
Person search,2015-02-11T00:50:00+00:00,,,52.660232,-1.148164,Male,over 34,Mixed - White and Black Caribbean (M1),Black,Police and Criminal Evidence Act 1984 (section 1),Articles for use in criminal damage,Nothing found - no further action,,
Person search,2015-02-11T03:40:00+00:00,,,52.542412,-0.994970,Male,18-24,Mixed - White and Black Caribbean (M1),Black,Police and Criminal Evidence Act 1984 (section 1),Article for use in theft,Nothing found - no further action,,
Person search,2015-02-11T14:55:00+00:00,,,52.773799,-1.206207,Female,over 34,Black or Black British - African (B2),Black,Police and Criminal Evidence Act 1984 (section 1),Stolen goods,Article found - Detailed outcome unavailable,,
Person search,2015-02-11T16:30:00+00:00,,,52.773063,-1.236475,Male,over 34,White - White British (W1),White,Police and Criminal Evidence Act 1984 (section 1),Stolen goods,Nothing found - no further action,,
Person search,2015-02-11T20:40:00+00:00,,,52.701804,-1.066034,Male,10-17,Not Stated (NS),Asian,Police and Criminal Evidence Act 1984 (section 1),Article for use in theft,Nothing found - no further action,,
Person search,2015-02-11T20:40:00+00:00,,,52.701804,-1.066034,Male,10-17,White - White British (W1),White,Police and Criminal Evidence Act 1984 (section 1),Article for use in theft,Nothing found - no further action,,
Person search,2015-02-12T15:15:00+00:00,,,52.770996,-1.207889,Male,25-34,White - White British (W1),White,Police and Criminal Evidence Act 1984 (section 1),Stolen goods,Suspect arrested,,
Person search,2015-02-12T15:15:00+00:00,,,52.649316,-1.094528,Male,10-17,Asian or Asian British - Indian (A1),Asian,Misuse of Drugs Act 1971 (section 23),Controlled drugs,Suspect arrested,,
Person search,2015-02-12T16:50:00+00:00,,,52.720352,-1.357228,Male,18-24,White - White British (W1),White,Misuse of Drugs Act 1971 (section 23),Controlled drugs,Nothing found - no further action,,
Person search,2015-02-12T17:00:00+00:00,,,52.722626,-1.367145,Male,25-34,White - White British (W1),White,Police and Criminal Evidence Act 1984 (section 1),Stolen goods,Nothing found - no further action,,
Person search,2015-02-12T18:00:00+00:00,,,52.650557,-1.141597,Male,25-34,Black or Black British - African (B2),White,Misuse of Drugs Act 1971 (section 23),Controlled drugs,Nothing found - no further action,,
Person search,2015-02-12T21:20:00+00:00,,,52.663720,-1.151852,Male,18-24,Black or Black British - African (B2),Black,Misuse of Drugs Act 1971 (section 23),Controlled drugs,Local resolution,,
Person search,2015-02-12T22:10:00+00:00,,,52.630343,-1.074131,Male,18-24,Asian or Asian British - Indian (A1),Asian,Misuse of Drugs Act 1971 (section 23),Controlled drugs,Nothing found - no further action,,
Person search,2015-02-13T12:15:00+00:00,,,52.628800,-1.137738,Male,25-34,Not Stated (NS),White,Police and Criminal Evidence Act 1984 (section 1),Article for use in theft,Suspect arrested,,
Person search,2015-02-13T13:45:00+00:00,,,52.635414,-1.128742,Male,18-24,Black or Black British - Any other Black ethnic background (B9),Other,Misuse of Drugs Act 1971 (section 23),Controlled drugs,Nothing found - no further action,,
Person search,2015-02-13T16:00:00+00:00,,,52.773949,-1.201817,Female,18-24,White - White British (W1),White,Misuse of Drugs Act 1971 (section 23),Controlled drugs,Nothing found - no further action,,
Person search,2015-02-13T17:40:00+00:00,,,52.773706,-1.204386,Male,25-34,White - Any other White ethnic background (W9),White,Police and Criminal Evidence Act 1984 (section 1),Stolen goods,Nothing found - no further action,,
Person search,2015-02-13T19:24:00+00:00,,,52.621728,-1.078508,Male,18-24,Asian or Asian British - Indian (A1),Asian,Police and Criminal Evidence Act 1984 (section 1),Controlled drugs,Local resolution,,
Person search,2015-02-13T19:30:00+00:00,,,52.637414,-1.113600,Male,10-17,Asian or Asian British - Indian (A1),Asian,Misuse of Drugs Act 1971 (section 23),Controlled drugs,Nothing found - no further action,,
Person search,2015-02-13T19:30:00+00:00,,,52.637414,-1.113600,Male,10-17,Asian or Asian British - Indian (A1),Asian,Misuse of Drugs Act 1971 (section 23),Controlled drugs,Nothing found - no further action,,
Person search,2015-02-13T22:20:00+00:00,,,52.629018,-1.116148,Male,10-17,Black or Black British - Any other Black ethnic background (B9),Black,Misuse of Drugs Act 1971 (section 23),Controlled drugs,Nothing found - no further action,,
Person search,2015-02-13T22:40:00+00:00,,,52.647886,-1.130386,Male,18-24,White - White British (W1),White,Misuse of Drugs Act 1971 (section 23),Controlled drugs,Nothing found - no further action,,
Person search,2015-02-13T23:20:00+00:00,,,52.623802,-1.075776,Male,18-24,Black or Black British - Caribbean (B1),Black,Misuse of Drugs Act 1971 (section 23),Controlled drugs,Suspect arrested,,
Person search,2015-02-14T03:58:00+00:00,,,52.534607,-1.371221,Male,18-24,White - White British (W1),White,Police and Criminal Evidence Act 1984 (section 1),Article for use in theft,Nothing found - no further action,,
Person search,2015-02-14T19:40:00+00:00,,,52.626690,-1.204941,Male,18-24,White - White British (W1),White,Misuse of Drugs Act 1971 (section 23),Controlled drugs,Nothing found - no further action,,
Person search,2015-02-14T19:45:00+00:00,,,52.626506,-1.201724,Male,18-24,White - White British (W1),White,Misuse of Drugs Act 1971 (section 23),Controlled drugs,Nothing found - no further action,,
Person search,2015-02-14T21:15:00+00:00,,,52.650097,-1.127933,Male,10-17,Not Stated (NS),Black,Misuse of Drugs Act 1971 (section 23),Controlled drugs,Suspect arrested,,
Person search,2015-02-14T21:19:00+00:00,,,52.650097,-1.127933,Male,10-17,White - White British (W1),White,Misuse of Drugs Act 1971 (section 23),Controlled drugs,Nothing found - no further action,,
Person search,2015-02-15T19:50:00+00:00,,,52.639253,-1.143636,Male,25-34,Asian or Asian British - Bangladeshi (A3),Asian,Misuse of Drugs Act 1971 (section 23),Controlled drugs,Nothing found - no further action,,
Person search,2015-02-15T20:20:00+00:00,,,52.647772,-1.117485,Male,10-17,Asian or Asian British - Indian (A1),Asian,Police and Criminal Evidence Act 1984 (section 1),Offensive weapons,Nothing found - no further action,,
Person search,2015-02-15T23:10:00+00:00,,,52.634324,-1.135916,Male,10-17,White - White British (W1),White,Misuse of Drugs Act 1971 (section 23),Controlled drugs,Nothing found - no further action,,
Person search,2015-02-16T10:50:00+00:00,,,52.757925,-1.199857,Female,,White - White British (W1),White,Police and Criminal Evidence Act 1984 (section 1),Controlled drugs,Nothing found - no further action,,
Person search,2015-02-16T19:30:00+00:00,,,52.633809,-1.162996,Male,25-34,Asian or Asian British - Indian (A1),Asian,Misuse of Drugs Act 1971 (section 23),Controlled drugs,Nothing found - no further action,,
Person search,2015-02-17T01:35:00+00:00,,,52.603304,-1.152665,Male,25-34,White - White British (W1),White,Police and Criminal Evidence Act 1984 (section 1),Stolen goods,Article found - Detailed outcome unavailable,,
Person search,2015-02-17T01:35:00+00:00,,,52.603304,-1.152665,Male,10-17,White - White British (W1),White,Police and Criminal Evidence Act 1984 (section 1),Stolen goods,Suspect arrested,,
Person search,2015-02-17T03:00:00+00:00,,,52.665785,-1.134053,Male,over 34,Asian or Asian British - Indian (A1),Asian,Police and Criminal Evidence Act 1984 (section 1),Stolen goods,Nothing found - no further action,,
Person search,2015-02-17T03:00:00+00:00,,,52.665785,-1.134053,Male,25-34,Not Stated (NS),Asian,Police and Criminal Evidence Act 1984 (section 1),Article for use in theft,Nothing found - no further action,,
Person search,2015-02-17T19:52:00+00:00,,,52.635200,-1.110808,Male,18-24,Black or Black British - African (B2),Black,Police and Criminal Evidence Act 1984 (section 1),Stolen goods,Nothing found - no further action,,
Person search,2015-02-17T19:54:00+00:00,,,52.635200,-1.110808,Male,25-34,Black or Black British - African (B2),Black,Police and Criminal Evidence Act 1984 (section 1),Stolen goods,Nothing found - no further action,,
Person search,2015-02-17T21:21:00+00:00,,,52.603941,-1.141268,Other,,White - White British (W1),White,Misuse of Drugs Act 1971 (section 23),Controlled drugs,Nothing found - no further action,,
Person search,2015-02-17T23:55:00+00:00,,,52.633145,-1.129511,Male,18-24,White - White British (W1),White,Police and Criminal Evidence Act 1984 (section 1),Stolen goods,Nothing found - no further action,,
Person search,2015-02-17T23:55:00+00:00,,,52.633145,-1.129511,Male,25-34,White - White British (W1),White,Police and Criminal Evidence Act 1984 (section 1),Stolen goods,Nothing found - no further action,,
Person search,2015-02-18T01:50:00+00:00,,,52.637574,-1.120542,Male,25-34,Not Stated (NS),Asian,Misuse of Drugs Act 1971 (section 23),Controlled drugs,Nothing found - no further action,,
Person search,2015-02-18T02:30:00+00:00,,,52.636972,-1.151527,Male,25-34,Not Stated (NS),Asian,Misuse of Drugs Act 1971 (section 23),Controlled drugs,Suspect arrested,,
Person search,2015-02-18T02:30:00+00:00,,,52.636972,-1.151527,Male,,Not Stated (NS),Asian,Misuse of Drugs Act 1971 (section 23),Controlled drugs,Article found - Detailed outcome unavailable,,
Person search,2015-02-18T12:30:00+00:00,,,52.633888,-1.107377,Male,over 34,Asian or Asian British - Indian (A1),Asian,Misuse of Drugs Act 1971 (section 23),Controlled drugs,Nothing found - no further action,,
Person search,2015-02-18T12:30:00+00:00,,,52.633888,-1.107377,Male,25-34,Asian or Asian British - Indian (A1),Asian,Misuse of Drugs Act 1971 (section 23),Controlled drugs,Nothing found - no further action,,
Person search,2015-02-18T21:45:00+00:00,,,52.585854,-1.122921,Male,18-24,White - White British (W1),White,Misuse of Drugs Act 1971 (section 23),Controlled drugs,Article found - Detailed outcome unavailable,,
Person search,2015-02-18T21:55:00+00:00,,,52.585854,-1.122921,Male,18-24,White - White British (W1),White,Misuse of Drugs Act 1971 (section 23),Controlled drugs,Article found - Detailed outcome unavailable,,
Person search,2015-02-19T19:50:00+00:00,,,52.690037,-1.092769,Male,10-17,White - White British (W1),White,Misuse of Drugs Act 1971 (section 23),Controlled drugs,Nothing found - no further action,,
Person search,2015-02-19T19:50:00+00:00,,,52.690037,-1.092769,Male,10-17,Black or Black British - Caribbean (B1),Black,Misuse of Drugs Act 1971 (section 23),Controlled drugs,Nothing found - no further action,,
Person search,2015-02-19T19:50:00+00:00,,,52.690037,-1.092769,Male,10-17,White - White British (W1),White,Misuse of Drugs Act 1971 (section 23),Controlled drugs,Article found - Detailed outcome unavailable,,
Person search,2015-02-19T22:50:00+00:00,,,52.636219,-1.062245,Male,18-24,Asian or Asian British - Pakistani (A2),Asian,Firearms Act 1968 (section 47),Firearms,Nothing found - no further action,,
Person search,2015-02-20T12:10:00+00:00,,,52.645564,-1.133802,Male,25-34,Black or Black British - Any other Black ethnic background (B9),Black,Misuse of Drugs Act 1971 (section 23),Controlled drugs,Nothing found - no further action,,
Person search,2015-02-20T12:10:00+00:00,,,52.645564,-1.133802,Male,25-34,Black or Black British - Any other Black ethnic background (B9),Black,Misuse of Drugs Act 1971 (section 23),Controlled drugs,Nothing found - no further action,,
Person search,2015-02-20T12:10:00+00:00,,,52.645564,-1.133802,Male,25-34,Black or Black British - Any other Black ethnic background (B9),Black,Misuse of Drugs Act 1971 (section 23),Controlled drugs,Nothing found - no further action,,
Person search,2015-02-20T15:20:00+00:00,,,52.638452,-1.128697,Male,18-24,Black or Black British - African (B2),Black,Misuse of Drugs Act 1971 (section 23),Controlled drugs,Nothing found - no further action,,
Person search,2015-02-20T15:25:00+00:00,,,52.638452,-1.128697,Male,18-24,Black or Black British - Any other Black ethnic background (B9),Black,Misuse of Drugs Act 1971 (section 23),Controlled drugs,Nothing found - no further action,,
Person search,2015-02-20T19:30:00+00:00,,,52.575495,-1.172650,Male,10-17,White - White British (W1),White,Police and Criminal Evidence Act 1984 (section 1),Stolen goods,Nothing found - no further action,,
Person search,2015-02-20T19:30:00+00:00,,,52.569989,-1.033263,Male,25-34,White - White British (W1),White,Misuse of Drugs Act 1971 (section 23),Controlled drugs,Nothing found - no further action,,
Person search,2015-02-20T19:30:00+00:00,,,52.569989,-1.033263,Male,25-34,White - White British (W1),White,Misuse of Drugs Act 1971 (section 23),Controlled drugs,Nothing found - no further action,,
Person search,2015-02-20T20:54:00+00:00,,,52.654338,-1.096435,Male,25-34,Not Stated (NS),Black,Misuse of Drugs Act 1971 (section 23),Controlled drugs,Article found - Detailed outcome unavailable,,
Person search,2015-02-20T22:20:00+00:00,,,52.481865,-0.911871,Male,18-24,White - White British (W1),White,Misuse of Drugs Act 1971 (section 23),Controlled drugs,Nothing found - no further action,,
Person search,2015-02-20T23:33:00+00:00,,,52.629161,-1.107591,Male,18-24,Asian or Asian British - Indian (A1),Asian,Misuse of Drugs Act 1971 (section 23),Controlled drugs,Nothing found - no further action,,
Person search,2015-02-21T01:50:00+00:00,,,52.636256,-1.125933,Male,,Not Stated (NS),Asian,Misuse of Drugs Act 1971 (section 23),Controlled drugs,Nothing found - no further action,,
Person search,2015-02-21T18:15:00+00:00,,,52.707493,-1.061384,Male,18-24,White - White British (W1),White,Misuse of Drugs Act 1971 (section 23),Controlled drugs,Local resolution,,
Person search,2015-02-21T18:15:00+00:00,,,52.707493,-1.061384,Male,18-24,White - White British (W1),White,Misuse of Drugs Act 1971 (section 23),Controlled drugs,Nothing found - no further action,,
Person search,2015-02-21T19:55:00+00:00,,,52.742318,-1.148032,Male,18-24,White - White British (W1),White,Misuse of Drugs Act 1971 (section 23),Controlled drugs,Nothing found - no further action,,
Person search,2015-02-21T19:57:00+00:00,,,52.742318,-1.148032,Male,18-24,White - White British (W1),White,Police and Criminal Evidence Act 1984 (section 1),Controlled drugs,Nothing found - no further action,,
Person search,2015-02-21T20:30:00+00:00,,,52.780342,-1.203301,Male,18-24,White - Any other White ethnic background (W9),White,Misuse of Drugs Act 1971 (section 23),Controlled drugs,Offender cautioned,,
Person search,2015-02-21T20:30:00+00:00,,,52.780342,-1.203301,Male,25-34,White - Any other White ethnic background (W9),White,Misuse of Drugs Act 1971 (section 23),Controlled drugs,Offender cautioned,,
Person search,2015-02-21T20:45:00+00:00,,,52.778889,-1.202468,Female,25-34,White - Any other White ethnic background (W9),White,Police and Criminal Evidence Act 1984 (section 1),Stolen goods,Nothing found - no further action,,
Person search,2015-02-21T20:45:00+00:00,,,52.778889,-1.202468,Male,25-34,White - White British (W1),White,Police and Criminal Evidence Act 1984 (section 1),Stolen goods,Suspect arrested,,
Person search,2015-02-21T21:15:00+00:00,,,52.773981,-1.210532,Male,18-24,White - Any other White ethnic background (W9),White,Firearms Act 1968 (section 47),Firearms,Article found - Detailed outcome unavailable,,
Person search,2015-02-21T21:15:00+00:00,,,52.773981,-1.210532,Male,25-34,White - Any other White ethnic background (W9),White,Firearms Act 1968 (section 47),Firearms,Article found - Detailed outcome unavailable,,
Person search,2015-02-22T02:00:00+00:00,,,52.628455,-1.106911,Male,over 34,Asian or Asian British - Indian (A1),Asian,Misuse of Drugs Act 1971 (section 23),Firearms,Nothing found - no further action,,
Person search,2015-02-22T05:15:00+00:00,,,52.509944,-0.941796,Male,18-24,White - White British (W1),White,Misuse of Drugs Act 1971 (section 23),Controlled drugs,Nothing found - no further action,,
Person search,2015-02-22T16:15:00+00:00,,,52.637354,-1.138383,Male,over 34,White - White British (W1),White,Police and Criminal Evidence Act 1984 (section 1),Stolen goods,Nothing found - no further action,,
Person search,2015-02-22T17:46:00+00:00,,,52.663264,-1.101027,Male,25-34,Asian or Asian British - Indian (A1),Asian,Misuse of Drugs Act 1971 (section 23),Controlled drugs,Nothing found - no further action,,
Person search,2015-02-22T17:46:00+00:00,,,52.663264,-1.101027,Male,10-17,Asian or Asian British - Indian (A1),Asian,Misuse of Drugs Act 1971 (section 23),Controlled drugs,Nothing found - no further action,,
Person search,2015-02-22T17:46:00+00:00,,,52.663264,-1.101027,Male,18-24,Asian or Asian British - Indian (A1),Asian,Misuse of Drugs Act 1971 (section 23),Controlled drugs,Nothing found - no further action,,
Person search,2015-02-22T17:46:00+00:00,,,52.663264,-1.101027,Male,10-17,Asian or Asian British - Indian (A1),Asian,Misuse of Drugs Act 1971 (section 23),Controlled drugs,Nothing found - no further action,,
Person search,2015-02-22T17:46:00+00:00,,,52.663264,-1.101027,Male,18-24,Asian or Asian British - Indian (A1),Asian,Misuse of Drugs Act 1971 (section 23),Controlled drugs,Nothing found - no further action,,
Person search,2015-02-22T20:12:00+00:00,,,52.649627,-1.121468,Male,25-34,Asian or Asian British - Indian (A1),Asian,Misuse of Drugs Act 1971 (section 23),Controlled drugs,Nothing found - no further action,,
Person search,2015-02-22T20:12:00+00:00,,,52.649627,-1.121468,Male,25-34,Asian or Asian British - Indian (A1),Asian,Misuse of Drugs Act 1971 (section 23),Controlled drugs,Nothing found - no further action,,
Person search,2015-02-22T21:00:00+00:00,,,52.647839,-1.124091,Male,25-34,Asian or Asian British - Indian (A1),Asian,Misuse of Drugs Act 1971 (section 23),Controlled drugs,Article found - Detailed outcome unavailable,,
Person search,2015-02-23T12:15:00+00:00,,,52.646707,-1.103702,Male,25-34,Black or Black British - Caribbean (B1),Black,Misuse of Drugs Act 1971 (section 23),Controlled drugs,Nothing found - no further action,,
Person search,2015-02-23T15:40:00+00:00,,,52.658404,-1.124323,Male,over 34,White - White British (W1),White,Police and Criminal Evidence Act 1984 (section 1),Stolen goods,Article found - Detailed outcome unavailable,,
Person search,2015-02-23T19:30:00+00:00,,,52.640998,-1.165193,Male,10-17,White - White British (W1),White,Police and Criminal Evidence Act 1984 (section 1),Stolen goods,Nothing found - no further action,,
Person search,2015-02-23T21:25:00+00:00,,,52.626530,-1.209332,Male,10-17,White - White British (W1),White,Police and Criminal Evidence Act 1984 (section 1),Stolen goods,Nothing found - no further action,,
Person search,2015-02-23T21:25:00+00:00,,,52.626530,-1.209332,Male,18-24,White - White British (W1),White,Misuse of Drugs Act 1971 (section 23),Controlled drugs,Nothing found - no further action,,
Person search,2015-02-23T21:25:00+00:00,,,52.626530,-1.209332,Male,18-24,White - White British (W1),White,Misuse of Drugs Act 1971 (section 23),Controlled drugs,Nothing found - no further action,,
Person search,2015-02-23T21:25:00+00:00,,,52.626530,-1.209332,Male,10-17,White - White British (W1),White,Misuse of Drugs Act 1971 (section 23),Controlled drugs,Nothing found - no further action,,
Person search,2015-02-24T14:30:00+00:00,,,52.642605,-1.148492,Male,25-34,White - White British (W1),White,Misuse of Drugs Act 1971 (section 23),Controlled drugs,Article found - Detailed outcome unavailable,,
Person search,2015-02-24T20:40:00+00:00,,,52.523578,-1.287514,Male,over 34,White - White British (W1),White,Police and Criminal Evidence Act 1984 (section 1),Stolen goods,Nothing found - no further action,,
Person search,2015-02-24T21:15:00+00:00,,,52.830284,-1.327526,Male,18-24,White - White British (W1),White,Misuse of Drugs Act 1971 (section 23),Controlled drugs,Suspect arrested,,
Person search,2015-02-24T22:50:00+00:00,,,52.637332,-1.063196,Male,18-24,White - White British (W1),White,Firearms Act 1968 (section 47),Firearms,Nothing found - no further action,,
Person search,2015-02-25T11:40:00+00:00,,,52.767287,-0.878284,Male,over 34,White - White British (W1),White,Police and Criminal Evidence Act 1984 (section 1),Stolen goods,Nothing found - no further action,,
Person search,2015-02-25T11:45:00+00:00,,,52.767287,-0.878284,Male,25-34,White - White British (W1),White,Police and Criminal Evidence Act 1984 (section 1),Stolen goods,Nothing found - no further action,,
Person search,2015-02-25T11:45:00+00:00,,,52.767287,-0.878284,Male,over 34,White - White British (W1),White,Police and Criminal Evidence Act 1984 (section 1),Stolen goods,Nothing found - no further action,,
Person search,2015-02-25T15:15:00+00:00,,,52.637591,-1.103696,Male,25-34,White - White British (W1),White,Police and Criminal Evidence Act 1984 (section 1),Article for use in theft,Nothing found - no further action,,
Person search,2015-02-25T15:15:00+00:00,,,52.637591,-1.103696,Male,25-34,White - White British (W1),White,Police and Criminal Evidence Act 1984 (section 1),Article for use in theft,Suspect arrested,,
Person search,2015-02-25T16:15:00+00:00,,,52.665556,-1.154656,Male,25-34,Black or Black British - Caribbean (B1),Black,Misuse of Drugs Act 1971 (section 23),Controlled drugs,Nothing found - no further action,,
Person search,2015-02-25T16:15:00+00:00,,,52.665556,-1.154656,Male,25-34,Mixed - White and Black Caribbean (M1),White,Misuse of Drugs Act 1971 (section 23),Controlled drugs,Local resolution,,
Person search,2015-02-26T08:55:00+00:00,,,52.478044,-0.915734,Male,25-34,White - White British (W1),White,Misuse of Drugs Act 1971 (section 23),Controlled drugs,Nothing found - no further action,,
Person search,2015-02-26T20:40:00+00:00,,,52.644633,-1.145467,Male,,White - White British (W1),White,Police and Criminal Evidence Act 1984 (section 1),Controlled drugs,Nothing found - no further action,,
Person search,2015-02-26T22:00:00+00:00,,,52.636145,-1.124324,Male,25-34,Asian or Asian British - Indian (A1),Asian,Misuse of Drugs Act 1971 (section 23),Controlled drugs,Article found - Detailed outcome unavailable,,
Person search,2015-02-26T22:20:00+00:00,,,52.636145,-1.124324,Male,18-24,Asian or Asian British - Indian (A1),Asian,Misuse of Drugs Act 1971 (section 23),Controlled drugs,Local resolution,,
Person search,2015-02-26T22:20:00+00:00,,,52.636145,-1.124324,Male,25-34,Asian or Asian British - Indian (A1),Asian,Misuse of Drugs Act 1971 (section 23),Controlled drugs,Nothing found - no further action,,
Person search,2015-02-27T00:20:00+00:00,,,52.643612,-1.185510,Male,18-24,White - White British (W1),White,Police and Criminal Evidence Act 1984 (section 1),Article for use in theft,Nothing found - no further action,,
Person search,2015-02-27T00:20:00+00:00,,,52.643612,-1.185510,Male,18-24,White - White British (W1),White,Police and Criminal Evidence Act 1984 (section 1),Article for use in theft,Nothing found - no further action,,
Person search,2015-02-27T00:20:00+00:00,,,52.643612,-1.185510,Male,10-17,White - White British (W1),White,Police and Criminal Evidence Act 1984 (section 1),Stolen goods,Nothing found - no further action,,
Person search,2015-02-27T00:50:00+00:00,,,52.628502,-1.113160,Male,10-17,Black or Black British - Caribbean (B1),White,Misuse of Drugs Act 1971 (section 23),Controlled drugs,Suspect arrested,,
Person search,2015-02-27T04:00:00+00:00,,,52.671121,-1.124956,Male,25-34,White - White British (W1),White,Police and Criminal Evidence Act 1984 (section 1),Article for use in theft,Nothing found - no further action,,
Person search,2015-02-27T10:30:00+00:00,,,52.630856,-1.144893,Male,25-34,White - Any other White ethnic background (W9),White,Misuse of Drugs Act 1971 (section 23),Controlled drugs,Nothing found - no further action,,
Person search,2015-02-27T10:30:00+00:00,,,52.630856,-1.144893,Male,25-34,White - Any other White ethnic background (W9),White,Misuse of Drugs Act 1971 (section 23),Controlled drugs,Local resolution,,
Person search,2015-02-27T14:05:00+00:00,,,52.476936,-0.918427,Male,over 34,Asian or Asian British - Bangladeshi (A3),Asian,Police and Criminal Evidence Act 1984 (section 1),Stolen goods,Nothing found - no further action,,
Person search,2015-02-27T15:50:00+00:00,,,52.634407,-1.133653,Male,25-34,White - White British (W1),White,Police and Criminal Evidence Act 1984 (section 1),Stolen goods,Suspect arrested,,
Person search,2015-02-27T19:00:00+00:00,,,52.638787,-1.106124,Male,18-24,Asian or Asian British - Indian (A1),Asian,Misuse of Drugs Act 1971 (section 23),Controlled drugs,Nothing found - no further action,,
Person search,2015-02-28T00:00:00+00:00,,,52.609108,-1.147148,Male,over 34,White - White British (W1),White,Misuse of Drugs Act 1971 (section 23),Controlled drugs,Nothing found - no further action,,
Person search,2015-02-28T01:30:00+00:00,,,52.473734,-0.920242,Male,over 34,White - White British (W1),White,Misuse of Drugs Act 1971 (section 23),Controlled drugs,Nothing found - no further action,,
Person search,2015-02-28T01:30:00+00:00,,,52.653166,-1.092438,Male,18-24,White - White British (W1),White,Misuse of Drugs Act 1971 (section 23),Controlled drugs,Nothing found - no further action,,
Person search,2015-02-28T12:35:00+00:00,,,52.702742,-1.512123,Male,18-24,White - White British (W1),White,Misuse of Drugs Act 1971 (section 23),Controlled drugs,Local resolution,,
Person search,2015-02-28T16:20:00+00:00,,,52.631090,-1.122770,Male,25-34,White - White British (W1),White,Police and Criminal Evidence Act 1984 (section 1),Offensive weapons,Nothing found - no further action,,
Person search,2015-02-28T18:00:00+00:00,,,52.607042,-1.154911,Male,10-17,White - White British (W1),White,Police and Criminal Evidence Act 1984 (section 1),Article for use in theft,Nothing found - no further action,,
Person search,2015-02-28T18:05:00+00:00,,,52.651989,-1.100785,Male,10-17,White - White British (W1),White,Police and Criminal Evidence Act 1984 (section 1),Controlled drugs,Nothing found - no further action,,
Person search,2015-02-28T18:07:00+00:00,,,52.650137,-1.100779,Male,10-17,White - White British (W1),White,Police and Criminal Evidence Act 1984 (section 1),Controlled drugs,Nothing found - no further action,,
Person search,2015-02-28T18:15:00+00:00,,,52.633888,-1.138924,Male,18-24,White - White British (W1),White,Misuse of Drugs Act 1971 (section 23),Controlled drugs,Article found - Detailed outcome unavailable,,
Person search,2015-02-28T18:15:00+00:00,,,52.633888,-1.138924,Male,10-17,White - White British (W1),White,Misuse of Drugs Act 1971 (section 23),Controlled drugs,Nothing found - no further action,,
Person search,2015-02-28T18:15:00+00:00,,,52.633888,-1.138924,Male,18-24,White - White British (W1),White,Misuse of Drugs Act 1971 (section 23),Controlled drugs,Nothing found - no further action,,
