Crime ID,Month,Reported by,Falls within,Longitude,Latitude,Location,LSOA code,LSOA name,Crime type,Last outcome category,Context
,2012-02,Gloucestershire Constabulary,Gloucestershire Constabulary,-2.090762,51.915340,On or near Stanwick Drive,E01022163,Cheltenham 001A,Anti-social behaviour,,
dfafb89e1c47cfe22a92f4b653abdb9a8c14e389bd490a08c491f046d215ae74,2012-02,Gloucestershire Constabulary,Gloucestershire Constabulary,-2.088173,51.914532,On or near Thomond Close,E01022163,Cheltenham 001A,Robbery,Investigation complete; no suspect identified,
4fcbe2849e7cf611f58b503e80adc0493599b47e59601c055a4eb2b717af24e2,2012-02,Gloucestershire Constabulary,Gloucestershire Constabulary,-2.097109,51.918877,On or near Runnings Road,E01022163,Cheltenham 001A,Shoplifting,Investigation complete; no suspect identified,
18862468f7a81844dcd8f24b1ccb4c697d9397413a70bec0c94ab99294c5600b,2012-02,Gloucestershire Constabulary,Gloucestershire Constabulary,-2.086896,51.916107,On or near Supermarket,E01022163,Cheltenham 001A,Vehicle crime,,
f5a1fa65aa5f42cdcc3ce273e128a920c68fe561f8d75fabba531fea035bc93d,2012-02,Gloucestershire Constabulary,Gloucestershire Constabulary,-2.086896,51.916107,On or near Supermarket,E01022163,Cheltenham 001A,Vehicle crime,Investigation complete; no suspect identified,
,2012-02,Gloucestershire Constabulary,Gloucestershire Constabulary,-2.091717,51.913073,On or near Swindon Road,E01022164,Cheltenham 001B,Anti-social behaviour,,
,2012-02,Gloucestershire Constabulary,Gloucestershire Constabulary,-2.090954,51.909747,On or near Elm Close,E01022164,Cheltenham 001B,Anti-social behaviour,,
,2012-02,Gloucestershire Constabulary,Gloucestershire Constabulary,-2.089908,51.909793,On or near Waterloo Street,E01022164,Cheltenham 001B,Anti-social behaviour,,
,2012-02,Gloucestershire Constabulary,Gloucestershire Constabulary,-2.090954,51.909747,On or near Elm Close,E01022164,Cheltenham 001B,Anti-social behaviour,,
,2012-02,Gloucestershire Constabulary,Gloucestershire Constabulary,-2.089559,51.909622,On or near Addis Road,E01022164,Cheltenham 001B,Anti-social behaviour,,
1678d3ae4518813c693d829321e572871b13005cd7fd72b7e2bbe30b99ddaf48,2012-02,Gloucestershire Constabulary,Gloucestershire Constabulary,-2.090199,51.910260,On or near Compton Road,E01022164,Cheltenham 001B,Burglary,Investigation complete; no suspect identified,
2f06bcbd794ddbf2fd5d23dd6570e17e372776fca0057b8a4544c92639f24964,2012-02,Gloucestershire Constabulary,Gloucestershire Constabulary,-2.089178,51.908562,On or near Cobham Court,E01022164,Cheltenham 001B,Burglary,,
05bf60a960b845cd71c20c761a84993c379099ac6618cc503f5d1997539d4873,2012-02,Gloucestershire Constabulary,Gloucestershire Constabulary,-2.093923,51.918331,On or near Wyman'S Lane,E01022164,Cheltenham 001B,Burglary,Investigation complete; no suspect identified,
1838e96b6fb1d6d152f765c2c6f4a491b2ae23bbc813179ac0a553bdffd320b0,2012-02,Gloucestershire Constabulary,Gloucestershire Constabulary,-2.090954,51.909747,On or near Elm Close,E01022164,Cheltenham 001B,Criminal damage and arson,,
a30cfd62825a78a348e33ecfd97e5361841505cd9db124dcf7fa050482fe9f6e,2012-02,Gloucestershire Constabulary,Gloucestershire Constabulary,-2.092136,51.911697,On or near Richards Road,E01022164,Cheltenham 001B,Other theft,Investigation complete; no suspect identified,
3b38e031a8b40b398deff7f986c697f3a298206574d3de0e4291466380d31f5e,2012-02,Gloucestershire Constabulary,Gloucestershire Constabulary,-2.097153,51.912367,On or near Brook Road,E01022164,Cheltenham 001B,Other theft,Local resolution,
f469382885989562446e56a2cb440e2cff82400b00c490680bb328e7afb12ed9,2012-02,Gloucestershire Constabulary,Gloucestershire Constabulary,-2.090954,51.909747,On or near Elm Close,E01022164,Cheltenham 001B,Robbery,Investigation complete; no suspect identified,
8583e3497641e4c98faf158dca114747b980190b5d5ac84540261f80f00f9c0a,2012-02,Gloucestershire Constabulary,Gloucestershire Constabulary,-2.096636,51.915524,On or near Kingsditch Lane,E01022164,Cheltenham 001B,Shoplifting,Offender otherwise dealt with,
8141a74a5474777d803dc4761d4ea5f20c297cea069d01b200185e0f6b7ccedc,2012-02,Gloucestershire Constabulary,Gloucestershire Constabulary,-2.091717,51.913073,On or near Swindon Road,E01022164,Cheltenham 001B,Vehicle crime,,
b37f2d97955be61ded08278674b42e7064493c87114d63df955c331c4ffde854,2012-02,Gloucestershire Constabulary,Gloucestershire Constabulary,-2.094085,51.912190,On or near Shopping Area,E01022164,Cheltenham 001B,Vehicle crime,Investigation complete; no suspect identified,
ac456ad3657a77df8fcac64142c8a15a91d9199d44728acb61c5b8ef3f2c2d59,2012-02,Gloucestershire Constabulary,Gloucestershire Constabulary,-2.094085,51.912190,On or near Shopping Area,E01022164,Cheltenham 001B,Other crime,,
a3c2186f25d766fc7cb130fd7145139976e0c7551b5511951c30b7551b784529,2012-02,Gloucestershire Constabulary,Gloucestershire Constabulary,-2.097153,51.912367,On or near Brook Road,E01022164,Cheltenham 001B,Other crime,Offender given suspended prison sentence,
,2012-02,Gloucestershire Constabulary,Gloucestershire Constabulary,-2.099557,51.914793,On or near Shopping Area,E01022165,Cheltenham 001C,Anti-social behaviour,,
,2012-02,Gloucestershire Constabulary,Gloucestershire Constabulary,-2.106761,51.918041,On or near Supermarket,E01022165,Cheltenham 001C,Anti-social behaviour,,
fb3a0bd62d74e9282f3f4d022258b651df52cbd0080c5af6f5f5b661dbed00a2,2012-02,Gloucestershire Constabulary,Gloucestershire Constabulary,-2.098748,51.924000,On or near Stantons Drive,E01022165,Cheltenham 001C,Burglary,,
fc6277488d01ef5bf1d1b0e258ae9932cab8c9adf8ab9bb6ade5536355eb38a7,2012-02,Gloucestershire Constabulary,Gloucestershire Constabulary,-2.102652,51.914341,On or near Riverview Way,E01022165,Cheltenham 001C,Burglary,,
fac0dd61361a04b2f95f6181e446d7c4eb7ccfa6e946982b8ac517c8c0321d14,2012-02,Gloucestershire Constabulary,Gloucestershire Constabulary,-2.103803,51.915365,On or near Summerfield Close,E01022165,Cheltenham 001C,Burglary,,
0cb731811134140cbaca7df4511e392ace13071119fb685dfbddf975247d9b32,2012-02,Gloucestershire Constabulary,Gloucestershire Constabulary,-2.103018,51.915392,On or near Petrol Station,E01022165,Cheltenham 001C,Burglary,,
62414495225f086e221d145acd036a0899fd82925eb8efa20f47288385ebac13,2012-02,Gloucestershire Constabulary,Gloucestershire Constabulary,-2.103256,51.917712,On or near Parking Area,E01022165,Cheltenham 001C,Criminal damage and arson,,
e4c34ac8bf87e17f9ada940d6ccd7ad768e325afe4dac025fa92d5ecde8c9dc3,2012-02,Gloucestershire Constabulary,Gloucestershire Constabulary,-2.103018,51.915392,On or near Petrol Station,E01022165,Cheltenham 001C,Drugs,,
ac3c20dafcbb6200c75f3f66d20d623a43e46f2fdd0194edef1a43794fc5fd14,2012-02,Gloucestershire Constabulary,Gloucestershire Constabulary,-2.098163,51.922292,On or near Manor Court,E01022165,Cheltenham 001C,Drugs,,
c4f855852af7be92732aa7ab70175b7daffb7fb4f35b37af879071d35cb20204,2012-02,Gloucestershire Constabulary,Gloucestershire Constabulary,-2.106761,51.918041,On or near Supermarket,E01022165,Cheltenham 001C,Public disorder and weapons,Offender fined,
7af759810f4296f665521d0733db226fd5c17d4f960311196d7117fc8cde82a0,2012-02,Gloucestershire Constabulary,Gloucestershire Constabulary,-2.099557,51.914793,On or near Shopping Area,E01022165,Cheltenham 001C,Shoplifting,Court result unavailable,
b1fd3e0842ef2df50d8dd8276199b7274f24c62fef7992b871e3ed687bba613b,2012-02,Gloucestershire Constabulary,Gloucestershire Constabulary,-2.099557,51.914793,On or near Shopping Area,E01022165,Cheltenham 001C,Shoplifting,Investigation complete; no suspect identified,
8b4b63138970da3070da70f0a511695241be98256ad5527118896fd21aef934a,2012-02,Gloucestershire Constabulary,Gloucestershire Constabulary,-2.099557,51.914793,On or near Shopping Area,E01022165,Cheltenham 001C,Shoplifting,,
2e9aeb14f7bc44cc573c061518c2699c1c7e033efa292ae44d6e620e97a77c10,2012-02,Gloucestershire Constabulary,Gloucestershire Constabulary,-2.106761,51.918041,On or near Supermarket,E01022165,Cheltenham 001C,Shoplifting,Offender sent to prison,
1e9cf3da4505b7847c558307f90d0acc9c88f4a3a987d7449ffa23849c7eeecb,2012-02,Gloucestershire Constabulary,Gloucestershire Constabulary,-2.106761,51.918041,On or near Supermarket,E01022165,Cheltenham 001C,Shoplifting,,
2bc54507112aa5602295d32aeb54fbdc8becd105a636afaf1d0e9f47c692a989,2012-02,Gloucestershire Constabulary,Gloucestershire Constabulary,-2.106761,51.918041,On or near Supermarket,E01022165,Cheltenham 001C,Shoplifting,Investigation complete; no suspect identified,
e3dca3668f137df533614b19fd2e2e0baeab1c23034b4203fa0c1ae08fa71c61,2012-02,Gloucestershire Constabulary,Gloucestershire Constabulary,-2.106761,51.918041,On or near Supermarket,E01022165,Cheltenham 001C,Shoplifting,,
ec1fac847975fc1971e39b5324cdd457767eb40e3efe57a95a63a768072e7f2c,2012-02,Gloucestershire Constabulary,Gloucestershire Constabulary,-2.103256,51.917712,On or near Parking Area,E01022165,Cheltenham 001C,Shoplifting,,
497d8168d54d59165f4fce0184d2ad27e8f6e93256d95412209367303ea742ba,2012-02,Gloucestershire Constabulary,Gloucestershire Constabulary,-2.106761,51.918041,On or near Supermarket,E01022165,Cheltenham 001C,Shoplifting,,
87a6ed9a5d297873fe69692f5991067c177d319e1676099dffaaa3ef32a88f5c,2012-02,Gloucestershire Constabulary,Gloucestershire Constabulary,-2.099557,51.914793,On or near Shopping Area,E01022165,Cheltenham 001C,Shoplifting,,
cab5f348d79ae536e57b771728698ea307a6b436c9742e9a04c65f2b9cdd2e58,2012-02,Gloucestershire Constabulary,Gloucestershire Constabulary,-2.099557,51.914793,On or near Shopping Area,E01022165,Cheltenham 001C,Shoplifting,Court result unavailable,
679a8468ef8ad5cc230af25ef08b228f4a1e4a16952477906be7596eda722baf,2012-02,Gloucestershire Constabulary,Gloucestershire Constabulary,-2.105636,51.915678,On or near Village Road,E01022165,Cheltenham 001C,Vehicle crime,,
04dace6420c0d632234b8bf120385e7fb34135eb209e3df4bfd300973c97c6dd,2012-02,Gloucestershire Constabulary,Gloucestershire Constabulary,-2.105636,51.915678,On or near Village Road,E01022165,Cheltenham 001C,Vehicle crime,,
82c149ab1695cc498a4984d52754d8d25661d8d5e2a92edf6173c8380c00f74f,2012-02,Gloucestershire Constabulary,Gloucestershire Constabulary,-2.103648,51.917469,On or near Petrol Station,E01022165,Cheltenham 001C,Other crime,Offender otherwise dealt with,
fd628b497b6cd04efcd72bcba49f44d9febf2cdde28bd5c6e09cba9c0466a540,2012-02,Gloucestershire Constabulary,Gloucestershire Constabulary,-2.086508,51.918391,On or near Mandarin Way,E01022166,Cheltenham 001D,Burglary,,
48a14b2b853a59a061cd15c29df0be866756e72ecdf61746c15d668801260af9,2012-02,Gloucestershire Constabulary,Gloucestershire Constabulary,-2.048861,51.914582,On or near The Burgage,E01022143,Cheltenham 002A,Burglary,,
aac58e9b49bba6a7faef817de2b89601a3faf16d83bce7b51047acde5dca04b4,2012-02,Gloucestershire Constabulary,Gloucestershire Constabulary,-2.067828,51.920597,On or near Pedestrian Subway,E01022143,Cheltenham 002A,Other theft,Investigation complete; no suspect identified,
5c467b5f462e162d4fc6663764b449571de6467169feecfe8085c98ac20751d4,2012-02,Gloucestershire Constabulary,Gloucestershire Constabulary,-2.067828,51.920597,On or near Pedestrian Subway,E01022143,Cheltenham 002A,Other theft,,
ab66cb033d94284531d55159adf98e164ac1ef687477eb66b35303ce5a9a993c,2012-02,Gloucestershire Constabulary,Gloucestershire Constabulary,-2.067828,51.920597,On or near Pedestrian Subway,E01022143,Cheltenham 002A,Other theft,,
2655694af541bcd0120820683fb62d58630cc420e5cbec0ddfefcc9fde36a41c,2012-02,Gloucestershire Constabulary,Gloucestershire Constabulary,-2.057121,51.916143,On or near Watershoot Close,E01022143,Cheltenham 002A,Vehicle crime,,
e90c3bf2440bc8dfa6c13b8f86f48d4e5c836f29ab511dd766835b2eddc5b42e,2012-02,Gloucestershire Constabulary,Gloucestershire Constabulary,-2.061175,51.914756,On or near The Chase,E01022143,Cheltenham 002A,Vehicle crime,,
e06d365fc32c50dee8954bc80f23b7deb709cdd1222bbe8759553335110099f5,2012-02,Gloucestershire Constabulary,Gloucestershire Constabulary,-2.052017,51.916073,On or near Linden Close,E01022144,Cheltenham 002B,Criminal damage and arson,,
1e4823e452d5a0c26e72638f00eae24775b09e019e7d01621bfaf73c8ac31b4b,2012-02,Gloucestershire Constabulary,Gloucestershire Constabulary,-2.053290,51.910534,On or near York Row,E01022144,Cheltenham 002B,Vehicle crime,,
39e9bf4b73705d75c1eee4b75406e6f1e798860c1fbb01ca98ff8a86c474ff05,2012-02,Gloucestershire Constabulary,Gloucestershire Constabulary,-2.042431,51.910710,On or near Fawley Drive,E01022145,Cheltenham 002C,Burglary,Offender sent to prison,
4be00ecaff9aeffb849af0db038056e67ee8616bda01bb0aeb853de94099b7dd,2012-02,Gloucestershire Constabulary,Gloucestershire Constabulary,-2.038506,51.910738,On or near Finchcroft Lane,E01022145,Cheltenham 002C,Burglary,Investigation complete; no suspect identified,
66aafd106ce4c2158dd2645e8b2b90d8c20e013f823a5f90300f5807c0bade2b,2012-02,Gloucestershire Constabulary,Gloucestershire Constabulary,-2.042399,51.907977,On or near Black Berry Field,E01022145,Cheltenham 002C,Other theft,,
ba3901a693e57dd5495056e9c2b19beff58777f99ca8e374292da0fb7881e8af,2012-02,Gloucestershire Constabulary,Gloucestershire Constabulary,-2.047636,51.911418,On or near Glebe Road,E01022145,Cheltenham 002C,Other theft,,
f7a73a6a2fbfae3c3d09e0f99b4563af9d516947aa999935f886c0c8cb66f210,2012-02,Gloucestershire Constabulary,Gloucestershire Constabulary,-2.041166,51.910315,On or near Studland Drive,E01022145,Cheltenham 002C,Violent crime,Court result unavailable,
cccd365ff7e694980c2f04f32b8e83f9f254bbf729988d4e3ac923dec54b28f2,2012-02,Gloucestershire Constabulary,Gloucestershire Constabulary,-2.041166,51.910315,On or near Studland Drive,E01022145,Cheltenham 002C,Violent crime,Court result unavailable,
,2012-02,Gloucestershire Constabulary,Gloucestershire Constabulary,-2.125217,51.904096,On or near Springbank Road,E01022122,Cheltenham 003A,Anti-social behaviour,,
,2012-02,Gloucestershire Constabulary,Gloucestershire Constabulary,-2.124710,51.904987,On or near Aston Grove,E01022122,Cheltenham 003A,Anti-social behaviour,,
,2012-02,Gloucestershire Constabulary,Gloucestershire Constabulary,-2.125403,51.903242,On or near Laburnum Court,E01022122,Cheltenham 003A,Anti-social behaviour,,
,2012-02,Gloucestershire Constabulary,Gloucestershire Constabulary,-2.120277,51.905108,On or near Hicks Beach Road,E01022122,Cheltenham 003A,Anti-social behaviour,,
,2012-02,Gloucestershire Constabulary,Gloucestershire Constabulary,-2.118717,51.903096,On or near Seacome Road,E01022122,Cheltenham 003A,Anti-social behaviour,,
e9f873ff6722894f9b9b622dcdfca45e6a818697e19e0c292a175717c4a2b62a,2012-02,Gloucestershire Constabulary,Gloucestershire Constabulary,-2.125403,51.903242,On or near Laburnum Court,E01022122,Cheltenham 003A,Burglary,,
70095849726d8056a79995bc519ee53599bf9b272a0c506950fdf62263bfa5a9,2012-02,Gloucestershire Constabulary,Gloucestershire Constabulary,-2.118583,51.907367,On or near Falkland Place,E01022122,Cheltenham 003A,Criminal damage and arson,,
6657d28c6911f3cf9e39a4298ab9ee4a9bdd77358f03744b5ce7838665e674e1,2012-02,Gloucestershire Constabulary,Gloucestershire Constabulary,-2.118717,51.903096,On or near Seacome Road,E01022122,Cheltenham 003A,Criminal damage and arson,,
8f8c04015b8c04ef611a6b5dabf7b9cedf4e28edca4421458540bd764c90317d,2012-02,Gloucestershire Constabulary,Gloucestershire Constabulary,-2.126230,51.902639,On or near Beverley Croft,E01022122,Cheltenham 003A,Criminal damage and arson,,
5561b0919926beb673e9c38d77abff2337885c15fba173dd3b71fc5b434d2f50,2012-02,Gloucestershire Constabulary,Gloucestershire Constabulary,-2.120277,51.905108,On or near Hicks Beach Road,E01022122,Cheltenham 003A,Criminal damage and arson,,
f61b1705004f0b849dac87f06c47369034e73602c05739f1e5aafceaacf975a1,2012-02,Gloucestershire Constabulary,Gloucestershire Constabulary,-2.118583,51.907367,On or near Falkland Place,E01022122,Cheltenham 003A,Drugs,,
148755d16b9c711da22e89fa44e91a1fb6460db8e0bf9a538e180dcba17dbdf3,2012-02,Gloucestershire Constabulary,Gloucestershire Constabulary,-2.119068,51.903968,On or near Marsland Road,E01022122,Cheltenham 003A,Drugs,,
0bb039faaf3b125c3e455723521394e03f784d4274a6b25acc2b5a57b3acb4bc,2012-02,Gloucestershire Constabulary,Gloucestershire Constabulary,-2.119068,51.903968,On or near Marsland Road,E01022122,Cheltenham 003A,Other theft,,
e412c9dce92aad67fc9fd9d370e1e748c503ce63893bc24cb808e7d9361980c4,2012-02,Gloucestershire Constabulary,Gloucestershire Constabulary,-2.125403,51.903242,On or near Laburnum Court,E01022122,Cheltenham 003A,Public disorder and weapons,,
1904b563155c5369f41e75cbdf1a7da13080ecf04ce77257c52f83fc59cfe19e,2012-02,Gloucestershire Constabulary,Gloucestershire Constabulary,-2.117843,51.907871,On or near Oldbury Close,E01022122,Cheltenham 003A,Vehicle crime,,
c455d6845c2d7fd951691c0fdd2076b83372b951d23b101b2b807604e5cfd97b,2012-02,Gloucestershire Constabulary,Gloucestershire Constabulary,-2.120251,51.906223,On or near Stanley Place,E01022122,Cheltenham 003A,Violent crime,,
e0fa01670d179a6b096129d848fb641af6f440e031789a7186c17ad1cd0b3b0f,2012-02,Gloucestershire Constabulary,Gloucestershire Constabulary,-2.118717,51.903096,On or near Seacome Road,E01022122,Cheltenham 003A,Violent crime,,
,2012-02,Gloucestershire Constabulary,Gloucestershire Constabulary,-2.113528,51.914753,On or near Seabright Close,E01022160,Cheltenham 003B,Anti-social behaviour,,
,2012-02,Gloucestershire Constabulary,Gloucestershire Constabulary,-2.113528,51.914753,On or near Seabright Close,E01022160,Cheltenham 003B,Anti-social behaviour,,
,2012-02,Gloucestershire Constabulary,Gloucestershire Constabulary,-2.118363,51.912330,On or near Carrol Grove,E01022160,Cheltenham 003B,Anti-social behaviour,,
,2012-02,Gloucestershire Constabulary,Gloucestershire Constabulary,-2.113528,51.914753,On or near Seabright Close,E01022160,Cheltenham 003B,Anti-social behaviour,,
,2012-02,Gloucestershire Constabulary,Gloucestershire Constabulary,-2.112609,51.913594,On or near Persimmon Gardens,E01022160,Cheltenham 003B,Anti-social behaviour,,
46c9019a6063c63e4a5d4aadd5eb215cbe2d98198efc3fd91f16201d1bf2a177,2012-02,Gloucestershire Constabulary,Gloucestershire Constabulary,-2.112609,51.913594,On or near Persimmon Gardens,E01022160,Cheltenham 003B,Burglary,Investigation complete; no suspect identified,
f6435fcec9c39a0f411d76f5d294d8619aa7c4dbdaad0ce729b9936bf7821396,2012-02,Gloucestershire Constabulary,Gloucestershire Constabulary,-2.117551,51.913086,On or near Blake Croft,E01022160,Cheltenham 003B,Burglary,Investigation complete; no suspect identified,
27a45a75e9bc95ad4be4e26882bffed72ac50ae53a25a5a0e7a503fd57522635,2012-02,Gloucestershire Constabulary,Gloucestershire Constabulary,-2.112659,51.910295,On or near Pennington Court,E01022160,Cheltenham 003B,Criminal damage and arson,,
dc7f4fb49ed9b657137a8a87b60ba98e441d999cdcd3b14b3a134171e5187a89,2012-02,Gloucestershire Constabulary,Gloucestershire Constabulary,-2.113119,51.913855,On or near Bodnam Road,E01022160,Cheltenham 003B,Drugs,,
3c3e97c8c336989e918ed90c4d8a289cd73d75561ca0ba6d524baf19604bf0ea,2012-02,Gloucestershire Constabulary,Gloucestershire Constabulary,-2.112659,51.910295,On or near Pennington Court,E01022160,Cheltenham 003B,Drugs,Offender fined,
d99ebaf1117fdc33aa83db787b16f477d86d456f907aa3e8b452bef51f26ea22,2012-02,Gloucestershire Constabulary,Gloucestershire Constabulary,-2.112240,51.911194,On or near Lipson Road,E01022160,Cheltenham 003B,Vehicle crime,,
7a9dffa1ec230a3e800395eaea454872f95ebd62a59396e8cceebfa097b9e0dd,2012-02,Gloucestershire Constabulary,Gloucestershire Constabulary,-2.112609,51.913594,On or near Persimmon Gardens,E01022160,Cheltenham 003B,Other crime,Offender given suspended prison sentence,
1a0445a9878196f97c2777268955f771d05cc49637f6e457a42f2370f0c90522,2012-02,Gloucestershire Constabulary,Gloucestershire Constabulary,-2.118800,51.912626,On or near Springbank Way,E01022161,Cheltenham 003C,Burglary,,
ed4abc7823520cf1a61b1e0feb2894d65e8d8a10038e420096890a1970505968,2012-02,Gloucestershire Constabulary,Gloucestershire Constabulary,-2.121015,51.914557,On or near Grist Mill Close,E01022161,Cheltenham 003C,Criminal damage and arson,,
,2012-02,Gloucestershire Constabulary,Gloucestershire Constabulary,-2.124951,51.908017,On or near Springbank Road,E01022162,Cheltenham 003D,Anti-social behaviour,,
24b4cd7a33d87682472ef93d5ca2071b2ff8189e6043645a011c1fc03853490e,2012-02,Gloucestershire Constabulary,Gloucestershire Constabulary,-2.122042,51.907390,On or near Dunster Gardens,E01022162,Cheltenham 003D,Burglary,,
030fca4a33d16cbddc7d7155118a69fe9e88d3ab8a358cefa924c5aa0b3de690,2012-02,Gloucestershire Constabulary,Gloucestershire Constabulary,-2.122042,51.907390,On or near Dunster Gardens,E01022162,Cheltenham 003D,Drugs,Court result unavailable,
,2012-02,Gloucestershire Constabulary,Gloucestershire Constabulary,-2.080609,51.912389,On or near Sports/Recreation Area,E01022139,Cheltenham 004A,Anti-social behaviour,,
,2012-02,Gloucestershire Constabulary,Gloucestershire Constabulary,-2.080609,51.912389,On or near Sports/Recreation Area,E01022139,Cheltenham 004A,Anti-social behaviour,,
,2012-02,Gloucestershire Constabulary,Gloucestershire Constabulary,-2.071332,51.911505,On or near Parking Area,E01022139,Cheltenham 004A,Anti-social behaviour,,
342a2013e8dac36f9726bc8751b4a006d7bd2a286da61103f56b3526c109203c,2012-02,Gloucestershire Constabulary,Gloucestershire Constabulary,-2.061389,51.911412,On or near Cakebridge Road,E01022139,Cheltenham 004A,Burglary,Offender given community sentence,
b0d876e9b965070aca6105bbd6ea6aa6da390e3385f4a1aaafdb8c0aaa7ac88e,2012-02,Gloucestershire Constabulary,Gloucestershire Constabulary,-2.065867,51.912101,On or near East Approach Drive,E01022139,Cheltenham 004A,Burglary,,
bee9cdeaf20dc83cb1022ba798ce536e79b8165090505534c079bbc3ee350241,2012-02,Gloucestershire Constabulary,Gloucestershire Constabulary,-2.061389,51.911412,On or near Cakebridge Road,E01022139,Cheltenham 004A,Burglary,,
73d3a75f174bb8296f49a9e7c32316fe1fdadaa5e2611284623f5cf3ecde3fb5,2012-02,Gloucestershire Constabulary,Gloucestershire Constabulary,-2.063674,51.913730,On or near Further/Higher Educational Building,E01022139,Cheltenham 004A,Criminal damage and arson,,
8bafe32775b0726398ecc942a5fffef491c183955e0a13b87c02461325d795f7,2012-02,Gloucestershire Constabulary,Gloucestershire Constabulary,-2.079165,51.909935,On or near Parking Area,E01022139,Cheltenham 004A,Other theft,Investigation complete; no suspect identified,
60d31ed94f366f074a7752e2497ea099cadf81beea19faf6e55bb96c9b4e7661,2012-02,Gloucestershire Constabulary,Gloucestershire Constabulary,-2.065867,51.912101,On or near East Approach Drive,E01022139,Cheltenham 004A,Other theft,,
8ce4383cf44033199d78a1f71684442735dbb8ea10199dbb8dfb7397028613bc,2012-02,Gloucestershire Constabulary,Gloucestershire Constabulary,-2.079165,51.909935,On or near Parking Area,E01022139,Cheltenham 004A,Other theft,,
d8ae63042a7f451f1738d29632408c1557bdd8bb6479ebb479bc583b0d3ec98f,2012-02,Gloucestershire Constabulary,Gloucestershire Constabulary,-2.079936,51.910043,On or near Folly Lane,E01022139,Cheltenham 004A,Other theft,,
12e388e90751b0ae5c12bc2d2918c42953b838371dd34020243246ce3514e3c5,2012-02,Gloucestershire Constabulary,Gloucestershire Constabulary,-2.079165,51.909935,On or near Parking Area,E01022139,Cheltenham 004A,Other theft,,
,2012-02,Gloucestershire Constabulary,Gloucestershire Constabulary,-2.085629,51.907288,On or near Cleeveland Street,E01022151,Cheltenham 004B,Anti-social behaviour,,
,2012-02,Gloucestershire Constabulary,Gloucestershire Constabulary,-2.085293,51.906587,On or near Charles Street,E01022151,Cheltenham 004B,Anti-social behaviour,,
2acb28a4f6944d8c122c47963b0b2d92564e6d946b52b94235b8401d8ef76ec3,2012-02,Gloucestershire Constabulary,Gloucestershire Constabulary,-2.083629,51.910346,On or near Marsh Drive,E01022151,Cheltenham 004B,Burglary,Investigation complete; no suspect identified,
ebbc91bde532bac00011c7be67b2b94fdf958effd603ad1fc59a86d18433a425,2012-02,Gloucestershire Constabulary,Gloucestershire Constabulary,-2.084304,51.905796,On or near White Hart Street,E01022151,Cheltenham 004B,Burglary,,
2f32a80e238e770d79724e51162af7b4fdd7c4c5b4908bdf0b067f4d326c4e0f,2012-02,Gloucestershire Constabulary,Gloucestershire Constabulary,-2.086140,51.908600,On or near Swindon Close,E01022151,Cheltenham 004B,Criminal damage and arson,Investigation complete; no suspect identified,
3676142ac4e9384f740696c1f84cc8fcacba53bc72c9a21d9e850d03ea2e8a3d,2012-02,Gloucestershire Constabulary,Gloucestershire Constabulary,-2.083348,51.907712,On or near Vine Court,E01022151,Cheltenham 004B,Criminal damage and arson,Offender given a caution,
8f12295ae0b97cda10f35e1cca362539c20b2aff0107c2267051a8a843e63ab2,2012-02,Gloucestershire Constabulary,Gloucestershire Constabulary,-2.083348,51.907712,On or near Vine Court,E01022151,Cheltenham 004B,Criminal damage and arson,,
912e662649d712ec847cb3ec6dc2f5358ed2049b3c46d048c000d94e2b1ea53b,2012-02,Gloucestershire Constabulary,Gloucestershire Constabulary,-2.086140,51.908600,On or near Swindon Close,E01022151,Cheltenham 004B,Criminal damage and arson,,
a65b9c8784a2cb953da65da686e63b802f9befd8d28573e06b5fdd95929eb7e1,2012-02,Gloucestershire Constabulary,Gloucestershire Constabulary,-2.083629,51.910346,On or near Marsh Drive,E01022151,Cheltenham 004B,Criminal damage and arson,,
d22e19c3e679107b3ac980cc90814d99e3d3f04a87e174a56300828ac76805a4,2012-02,Gloucestershire Constabulary,Gloucestershire Constabulary,-2.083629,51.910346,On or near Marsh Drive,E01022151,Cheltenham 004B,Criminal damage and arson,,
f98629c23f5fcf712aa8beb61df42b0766c7a10328eace07f8983c1205b2e91d,2012-02,Gloucestershire Constabulary,Gloucestershire Constabulary,-2.083348,51.907712,On or near Vine Court,E01022151,Cheltenham 004B,Criminal damage and arson,,
bdd9159bd29cfc25342f6bd1fcb61c722d81a7b6072ffb07899f8eab143a5940,2012-02,Gloucestershire Constabulary,Gloucestershire Constabulary,-2.085117,51.905751,On or near Gloucester Road,E01022151,Cheltenham 004B,Drugs,,
e0997d1847ecd7ecc4475d6a785ccbf327f32685a15d6908853fc1cc3c4d6c9f,2012-02,Gloucestershire Constabulary,Gloucestershire Constabulary,-2.083629,51.910346,On or near Marsh Drive,E01022151,Cheltenham 004B,Other theft,Investigation complete; no suspect identified,
9fb4555209ce7b0f6ddf51d83f45dbbcaafaa3214eee336045d55ef6ba57cb44,2012-02,Gloucestershire Constabulary,Gloucestershire Constabulary,-2.084407,51.906488,On or near Townsend Street,E01022151,Cheltenham 004B,Other theft,,
e7750bb97879c15452e3612c95debda5cd0c69e6e0c8dab16d09630c3542ccae,2012-02,Gloucestershire Constabulary,Gloucestershire Constabulary,-2.083629,51.910346,On or near Marsh Drive,E01022151,Cheltenham 004B,Other theft,,
a51c8e77215468c201e3501cf2ea420f1a4621ca26bbd134bed949ed8e64c873,2012-02,Gloucestershire Constabulary,Gloucestershire Constabulary,-2.085117,51.905751,On or near Gloucester Road,E01022151,Cheltenham 004B,Other crime,Defendant found not guilty,
bc823848967f5c6385f494ee10fcba062561aa03e2e8dc2bb9c75f31cf4cba92,2012-02,Gloucestershire Constabulary,Gloucestershire Constabulary,-2.086647,51.907251,On or near Russell Place,E01022151,Cheltenham 004B,Other crime,,
,2012-02,Gloucestershire Constabulary,Gloucestershire Constabulary,-2.080599,51.906967,On or near Clarke Way,E01022152,Cheltenham 004C,Anti-social behaviour,,
,2012-02,Gloucestershire Constabulary,Gloucestershire Constabulary,-2.082543,51.904646,On or near Poole Way,E01022152,Cheltenham 004C,Anti-social behaviour,,
,2012-02,Gloucestershire Constabulary,Gloucestershire Constabulary,-2.082150,51.904836,On or near Parking Area,E01022152,Cheltenham 004C,Anti-social behaviour,,
,2012-02,Gloucestershire Constabulary,Gloucestershire Constabulary,-2.083837,51.905050,On or near High Street,E01022152,Cheltenham 004C,Anti-social behaviour,,
,2012-02,Gloucestershire Constabulary,Gloucestershire Constabulary,-2.081438,51.904962,On or near Hereford Place,E01022152,Cheltenham 004C,Anti-social behaviour,,
fd8d05f33da390d09f81a71044c0cb61d10d4dba6f2b3727dda6f0669527baac,2012-02,Gloucestershire Constabulary,Gloucestershire Constabulary,-2.082150,51.904836,On or near Parking Area,E01022152,Cheltenham 004C,Other theft,,
bcf654d9762daa51e52998c34ff5a58198c72b95c14d4286baba28636be24791,2012-02,Gloucestershire Constabulary,Gloucestershire Constabulary,-2.080599,51.906967,On or near Clarke Way,E01022152,Cheltenham 004C,Other theft,,
53c8c27d7a69e7a3eaaae76e938bef3cd84f201d29681b0136f21ad4a565df16,2012-02,Gloucestershire Constabulary,Gloucestershire Constabulary,-2.082543,51.904646,On or near Poole Way,E01022152,Cheltenham 004C,Other theft,Court result unavailable,
71a0b2d35e208560f09f746cdd5e018eb116969a1242a0fb6b575da0c7203a60,2012-02,Gloucestershire Constabulary,Gloucestershire Constabulary,-2.081372,51.908370,On or near Aldridge Close,E01022152,Cheltenham 004C,Violent crime,Investigation complete; no suspect identified,
,2012-02,Gloucestershire Constabulary,Gloucestershire Constabulary,-2.074675,51.902503,On or near Rose And Crown Passage,E01022153,Cheltenham 004D,Anti-social behaviour,,
,2012-02,Gloucestershire Constabulary,Gloucestershire Constabulary,-2.077598,51.903355,On or near Parking Area,E01022153,Cheltenham 004D,Anti-social behaviour,,
,2012-02,Gloucestershire Constabulary,Gloucestershire Constabulary,-2.076754,51.902304,On or near High Street,E01022153,Cheltenham 004D,Anti-social behaviour,,
,2012-02,Gloucestershire Constabulary,Gloucestershire Constabulary,-2.079022,51.903067,On or near High Street,E01022153,Cheltenham 004D,Anti-social behaviour,,
,2012-02,Gloucestershire Constabulary,Gloucestershire Constabulary,-2.079022,51.903067,On or near High Street,E01022153,Cheltenham 004D,Anti-social behaviour,,
,2012-02,Gloucestershire Constabulary,Gloucestershire Constabulary,-2.076754,51.902304,On or near High Street,E01022153,Cheltenham 004D,Anti-social behaviour,,
,2012-02,Gloucestershire Constabulary,Gloucestershire Constabulary,-2.076754,51.902304,On or near High Street,E01022153,Cheltenham 004D,Anti-social behaviour,,
,2012-02,Gloucestershire Constabulary,Gloucestershire Constabulary,-2.076754,51.902304,On or near High Street,E01022153,Cheltenham 004D,Anti-social behaviour,,
,2012-02,Gloucestershire Constabulary,Gloucestershire Constabulary,-2.076754,51.902304,On or near High Street,E01022153,Cheltenham 004D,Anti-social behaviour,,
,2012-02,Gloucestershire Constabulary,Gloucestershire Constabulary,-2.078167,51.904263,On or near New Rutland Court,E01022153,Cheltenham 004D,Anti-social behaviour,,
,2012-02,Gloucestershire Constabulary,Gloucestershire Constabulary,-2.076754,51.902304,On or near High Street,E01022153,Cheltenham 004D,Anti-social behaviour,,
,2012-02,Gloucestershire Constabulary,Gloucestershire Constabulary,-2.076754,51.902304,On or near High Street,E01022153,Cheltenham 004D,Anti-social behaviour,,
,2012-02,Gloucestershire Constabulary,Gloucestershire Constabulary,-2.074675,51.902503,On or near Rose And Crown Passage,E01022153,Cheltenham 004D,Anti-social behaviour,,
,2012-02,Gloucestershire Constabulary,Gloucestershire Constabulary,-2.076754,51.902304,On or near High Street,E01022153,Cheltenham 004D,Anti-social behaviour,,
,2012-02,Gloucestershire Constabulary,Gloucestershire Constabulary,-2.077598,51.903355,On or near Parking Area,E01022153,Cheltenham 004D,Anti-social behaviour,,
,2012-02,Gloucestershire Constabulary,Gloucestershire Constabulary,-2.077598,51.903355,On or near Parking Area,E01022153,Cheltenham 004D,Anti-social behaviour,,
,2012-02,Gloucestershire Constabulary,Gloucestershire Constabulary,-2.079022,51.903067,On or near High Street,E01022153,Cheltenham 004D,Anti-social behaviour,,
,2012-02,Gloucestershire Constabulary,Gloucestershire Constabulary,-2.075185,51.902979,On or near Oxford Passage,E01022153,Cheltenham 004D,Anti-social behaviour,,
,2012-02,Gloucestershire Constabulary,Gloucestershire Constabulary,-2.076754,51.902304,On or near High Street,E01022153,Cheltenham 004D,Anti-social behaviour,,
,2012-02,Gloucestershire Constabulary,Gloucestershire Constabulary,-2.080289,51.904414,On or near King Street,E01022153,Cheltenham 004D,Anti-social behaviour,,
,2012-02,Gloucestershire Constabulary,Gloucestershire Constabulary,-2.076754,51.902304,On or near High Street,E01022153,Cheltenham 004D,Anti-social behaviour,,
,2012-02,Gloucestershire Constabulary,Gloucestershire Constabulary,-2.076754,51.902304,On or near High Street,E01022153,Cheltenham 004D,Anti-social behaviour,,
364f6618a7d76d9ca6033cd0d5ce9b5b4373c67778b4b72a659fbfe0bf8a7ea5,2012-02,Gloucestershire Constabulary,Gloucestershire Constabulary,-2.074907,51.901613,On or near Shopping Area,E01022153,Cheltenham 004D,Burglary,Investigation complete; no suspect identified,
7db92de146f58abeabaf2cb109b878e6f7928d7a12e14517b382785f8503ff07,2012-02,Gloucestershire Constabulary,Gloucestershire Constabulary,-2.076947,51.904713,On or near Shopping Area,E01022153,Cheltenham 004D,Burglary,,
aef202277ea3066218f2d6f06de0f1131f5f44b365c039c0139e47060c189683,2012-02,Gloucestershire Constabulary,Gloucestershire Constabulary,-2.074100,51.906261,On or near Wellesley Road,E01022153,Cheltenham 004D,Burglary,Investigation complete; no suspect identified,
358c14d48ed417a0431e89671b0822fbdb8e2c6d928a2f0322eba4b0b44fe928,2012-02,Gloucestershire Constabulary,Gloucestershire Constabulary,-2.074675,51.902503,On or near Rose And Crown Passage,E01022153,Cheltenham 004D,Burglary,,
0cb7560d3de82a1b41fc86a3f6b812fa0ec340f110d61b9943846f147351ba25,2012-02,Gloucestershire Constabulary,Gloucestershire Constabulary,-2.080289,51.904414,On or near King Street,E01022153,Cheltenham 004D,Criminal damage and arson,Offender given community sentence,
a0cbb0b4939051b0ece137e37f297ea0fb9104bfdcbccf87d27e257be025da11,2012-02,Gloucestershire Constabulary,Gloucestershire Constabulary,-2.073955,51.906450,On or near Wellesley Road,E01022153,Cheltenham 004D,Criminal damage and arson,,
3776c1accefba20464c204ac31dd6244a622e95e6e2699b111cab574da857376,2012-02,Gloucestershire Constabulary,Gloucestershire Constabulary,-2.078137,51.903723,On or near St George'S Street,E01022153,Cheltenham 004D,Criminal damage and arson,Investigation complete; no suspect identified,
254e6373da1f6c54e626d6d578cce421f1723dcaa6b9066ec1fcc58e03c2b138,2012-02,Gloucestershire Constabulary,Gloucestershire Constabulary,-2.075474,51.901882,On or near Bus/Coach Station,E01022153,Cheltenham 004D,Criminal damage and arson,,
ff44b652bbbfa0f4d1fd855b5aa0338dd59f031b122162b20f943f14d0c8673b,2012-02,Gloucestershire Constabulary,Gloucestershire Constabulary,-2.073633,51.904877,On or near Clarence Square,E01022153,Cheltenham 004D,Drugs,Offender given suspended prison sentence,
3a1a6b4951e1d187517ce9db9c6efce8860d6951d30a4733c5466fba40e6cefb,2012-02,Gloucestershire Constabulary,Gloucestershire Constabulary,-2.075853,51.902637,On or near Parking Area,E01022153,Cheltenham 004D,Other theft,,
3bd53a041443b3ad4accda15471d9df2d58207bc7190dc3d2a97f4ba343e5744,2012-02,Gloucestershire Constabulary,Gloucestershire Constabulary,-2.074907,51.901613,On or near Shopping Area,E01022153,Cheltenham 004D,Other theft,Investigation complete; no suspect identified,
e97f1a433ad4dfaead3bd9d916b76ed179bc388c6e76b4c7e4c29970dea242b7,2012-02,Gloucestershire Constabulary,Gloucestershire Constabulary,-2.075185,51.902979,On or near Oxford Passage,E01022153,Cheltenham 004D,Other theft,,
4dad2a4edf84aefec80e28ec7d524eac795b101cf6d6584c4e23db407a167385,2012-02,Gloucestershire Constabulary,Gloucestershire Constabulary,-2.075828,51.904840,On or near Dunalley Street,E01022153,Cheltenham 004D,Other theft,,
1af336d6544a59b8d65b0f1d8db63446431d4378af8e0e2112b87768e620e842,2012-02,Gloucestershire Constabulary,Gloucestershire Constabulary,-2.075474,51.901882,On or near Bus/Coach Station,E01022153,Cheltenham 004D,Other theft,,
cb5bb5f271000b047d5631748ba636370e93085952f87aea0e2af242903fd07d,2012-02,Gloucestershire Constabulary,Gloucestershire Constabulary,-2.075474,51.901882,On or near Bus/Coach Station,E01022153,Cheltenham 004D,Other theft,,
443a4fc9638cc2479affb933c5c80c0febfbf1b2593aaf248efed31a598c9713,2012-02,Gloucestershire Constabulary,Gloucestershire Constabulary,-2.074907,51.901613,On or near Shopping Area,E01022153,Cheltenham 004D,Other theft,,
5f8df702560222428467367a83316468a7160001ed44058711d08e08bb698819,2012-02,Gloucestershire Constabulary,Gloucestershire Constabulary,-2.075474,51.901882,On or near Bus/Coach Station,E01022153,Cheltenham 004D,Other theft,,
05b721d7b6101bccc3f2534457b5a306666edbdcc69d326317421dde4fa753de,2012-02,Gloucestershire Constabulary,Gloucestershire Constabulary,-2.075474,51.901882,On or near Bus/Coach Station,E01022153,Cheltenham 004D,Other theft,,
5e097ca158bf6fa73a60678108c43927511ccb115c6f8e879c61659d2311fee1,2012-02,Gloucestershire Constabulary,Gloucestershire Constabulary,-2.073633,51.904877,On or near Clarence Square,E01022153,Cheltenham 004D,Public disorder and weapons,,
650d97c34795def70470c53bdc3b30d355c854b8253a3dcdec102dc8752f462a,2012-02,Gloucestershire Constabulary,Gloucestershire Constabulary,-2.076027,51.902628,On or near Baynham Way,E01022153,Cheltenham 004D,Shoplifting,,
8043d935dc4f4ed325bdc401f11b387cba6e9900435be5b442c381b907da9ff4,2012-02,Gloucestershire Constabulary,Gloucestershire Constabulary,-2.075853,51.902637,On or near Parking Area,E01022153,Cheltenham 004D,Shoplifting,,
64a5184398706bd143f82a6850b31a1a29e7da9aa0efad7c1674c09fe0707219,2012-02,Gloucestershire Constabulary,Gloucestershire Constabulary,-2.076754,51.902304,On or near High Street,E01022153,Cheltenham 004D,Shoplifting,,
413eb3a6d6e0a2b01bd4394aa68b218eb504b55e67a3e863c2958f0a49be4235,2012-02,Gloucestershire Constabulary,Gloucestershire Constabulary,-2.075853,51.902637,On or near Parking Area,E01022153,Cheltenham 004D,Shoplifting,,
2f6ca7e5251decac570b7d18072ae8f8eab5dae212099b10edbc7ee3a99d0e90,2012-02,Gloucestershire Constabulary,Gloucestershire Constabulary,-2.074907,51.901613,On or near Shopping Area,E01022153,Cheltenham 004D,Shoplifting,,
6a192e518de23d85d8c9f6cfeb50f281527cb6fe8c40559a16a53d31651bbe87,2012-02,Gloucestershire Constabulary,Gloucestershire Constabulary,-2.074907,51.901613,On or near Shopping Area,E01022153,Cheltenham 004D,Shoplifting,,
4dbdf1a5790d65e7db67cc8a2ee8dc8582759361dcf65343a5ac2642f5cfa501,2012-02,Gloucestershire Constabulary,Gloucestershire Constabulary,-2.075474,51.901882,On or near Bus/Coach Station,E01022153,Cheltenham 004D,Shoplifting,,
d5b93422d3a93a073833470c920a0394bb685c7918cb007e30cbdeed2916c007,2012-02,Gloucestershire Constabulary,Gloucestershire Constabulary,-2.075185,51.902979,On or near Oxford Passage,E01022153,Cheltenham 004D,Vehicle crime,Suspect charged as part of another case,
77b017aea246807aa42d268d5a8cb74da386472e1de07329351a0720e6b1d878,2012-02,Gloucestershire Constabulary,Gloucestershire Constabulary,-2.075474,51.901882,On or near Bus/Coach Station,E01022153,Cheltenham 004D,Violent crime,,
489b469cc961bb8240839152e5e39071b153764ab83705a73f98191811a3256e,2012-02,Gloucestershire Constabulary,Gloucestershire Constabulary,-2.075474,51.901882,On or near Bus/Coach Station,E01022153,Cheltenham 004D,Violent crime,Investigation complete; no suspect identified,
0d7fae07213fe37ef09b05bd1a34934289d5138cb6c63ed303af1cc23405dd6a,2012-02,Gloucestershire Constabulary,Gloucestershire Constabulary,-2.079022,51.903067,On or near High Street,E01022153,Cheltenham 004D,Violent crime,,
0b729bacc683a1f7c4176cb7d8077fe02322e96a363230f6b11f532d29bd3ba8,2012-02,Gloucestershire Constabulary,Gloucestershire Constabulary,-2.075474,51.901882,On or near Bus/Coach Station,E01022153,Cheltenham 004D,Violent crime,Investigation complete; no suspect identified,
b57d10fb1b9a3a81dbdf4edba1c9b9259a3725ad762d50a03f321b26b688a2df,2012-02,Gloucestershire Constabulary,Gloucestershire Constabulary,-2.075474,51.901882,On or near Bus/Coach Station,E01022153,Cheltenham 004D,Violent crime,,
cfb7cc1efdd8e1c1e6a086a0a329f1f75b8b250a8f2abc8eeed02dc6fe111676,2012-02,Gloucestershire Constabulary,Gloucestershire Constabulary,-2.077598,51.903355,On or near Parking Area,E01022153,Cheltenham 004D,Violent crime,,
0a1ac0fe7261e724a5253607ecf420f985a36ea482f606544002c8b85d453359,2012-02,Gloucestershire Constabulary,Gloucestershire Constabulary,-2.074552,51.906648,On or near Marle Hill Parade,E01022153,Cheltenham 004D,Violent crime,,
e52cc68a3ace7904e2aedf3208ad2dddb39cd2690e42de79a4066b699811e82e,2012-02,Gloucestershire Constabulary,Gloucestershire Constabulary,-2.075474,51.901882,On or near Bus/Coach Station,E01022153,Cheltenham 004D,Violent crime,,
235d5130bf22abca905c8339697f837c5b386283ef1f7a96524aa8610ae0b5ea,2012-02,Gloucestershire Constabulary,Gloucestershire Constabulary,-2.072976,51.903241,On or near North Place,E01022153,Cheltenham 004D,Other crime,Investigation complete; no suspect identified,
,2012-02,Gloucestershire Constabulary,Gloucestershire Constabulary,-2.076165,51.906656,On or near Malthouse Lane,E01022154,Cheltenham 004E,Anti-social behaviour,,
,2012-02,Gloucestershire Constabulary,Gloucestershire Constabulary,-2.078707,51.905800,On or near St Paul'S Lane,E01022154,Cheltenham 004E,Anti-social behaviour,,
fb375a0c4733566d6f22297df0f807eaa1f384954ef525f036aac2741d564d78,2012-02,Gloucestershire Constabulary,Gloucestershire Constabulary,-2.079102,51.907004,On or near St Paul'S Road,E01022154,Cheltenham 004E,Burglary,,
48917533432a99726c979d2ad6ae4774915a088b32ba0a89b116943047202d2f,2012-02,Gloucestershire Constabulary,Gloucestershire Constabulary,-2.078028,51.907967,On or near Larput Place,E01022154,Cheltenham 004E,Burglary,,
02212be2cad3c66bfa5c4631c7a8ef215f3c175691888891855ca9b25081bd9d,2012-02,Gloucestershire Constabulary,Gloucestershire Constabulary,-2.077998,51.907311,On or near Hungerford Street,E01022154,Cheltenham 004E,Burglary,,
c5f7591304aebb261e7f9c93290b66886226e76a77b29d1629f01362ebfc3b12,2012-02,Gloucestershire Constabulary,Gloucestershire Constabulary,-2.076833,51.906458,On or near Brunswick Street,E01022154,Cheltenham 004E,Criminal damage and arson,Offender given community sentence,
aaeb252b941f8bef19da762708da254d84232908621cec48ae287f4d8375cf87,2012-02,Gloucestershire Constabulary,Gloucestershire Constabulary,-2.074830,51.908068,On or near Marle Hill Road,E01022154,Cheltenham 004E,Criminal damage and arson,,
b33629577d18f5fc5fe91554a419fff6cdc24f8124090e6faa17c7c7215c9269,2012-02,Gloucestershire Constabulary,Gloucestershire Constabulary,-2.076833,51.906458,On or near Brunswick Street,E01022154,Cheltenham 004E,Criminal damage and arson,Offender given community sentence,
92c42a29cde4baad3d4a2b31802edb55456067c2fdd402b77759e417959ced86,2012-02,Gloucestershire Constabulary,Gloucestershire Constabulary,-2.074830,51.908068,On or near Marle Hill Road,E01022154,Cheltenham 004E,Criminal damage and arson,,
92e91bd9fc028d89cb2b0a9957d3a009e1791b015ae8ddb50829d0797f914141,2012-02,Gloucestershire Constabulary,Gloucestershire Constabulary,-2.076833,51.906458,On or near Brunswick Street,E01022154,Cheltenham 004E,Drugs,,
ca595c18db6561118c17cd108dca00b8a6e54a30dbdae47ce4c7d9b29c2c1b77,2012-02,Gloucestershire Constabulary,Gloucestershire Constabulary,-2.074974,51.907403,On or near Courtenay Street,E01022154,Cheltenham 004E,Vehicle crime,,
465196f08874de321ab8e4642186fc3195db4ea894c308c83d4e8c7809e1fb1b,2012-02,Gloucestershire Constabulary,Gloucestershire Constabulary,-2.076833,51.906458,On or near Brunswick Street,E01022154,Cheltenham 004E,Violent crime,,
,2012-02,Gloucestershire Constabulary,Gloucestershire Constabulary,-2.110211,51.907834,On or near Bramley Road,E01022120,Cheltenham 005A,Anti-social behaviour,,
,2012-02,Gloucestershire Constabulary,Gloucestershire Constabulary,-2.112650,51.906761,On or near Quebec Drive,E01022120,Cheltenham 005A,Anti-social behaviour,,
,2012-02,Gloucestershire Constabulary,Gloucestershire Constabulary,-2.116277,51.909356,On or near Brown Close,E01022120,Cheltenham 005A,Anti-social behaviour,,
,2012-02,Gloucestershire Constabulary,Gloucestershire Constabulary,-2.112650,51.906761,On or near Quebec Drive,E01022120,Cheltenham 005A,Anti-social behaviour,,
9d755135c4bfce890dbcda98bd8738ef0fe05135d279d2d592600481f0249109,2012-02,Gloucestershire Constabulary,Gloucestershire Constabulary,-2.112650,51.906761,On or near Quebec Drive,E01022120,Cheltenham 005A,Burglary,Investigation complete; no suspect identified,
154f0822ed3caf0491b467a0f9bef9fe32d6658ade779aa07bff2dab125001fc,2012-02,Gloucestershire Constabulary,Gloucestershire Constabulary,-2.116027,51.908457,On or near Ashlands Close,E01022120,Cheltenham 005A,Burglary,,
1152b86b25ed70d8b677fda2ab6245b25bfc645853c6425f5e33b35db67856b1,2012-02,Gloucestershire Constabulary,Gloucestershire Constabulary,-2.114849,51.908351,On or near Ashlands Road,E01022120,Cheltenham 005A,Burglary,,
a346d6a77020126406f07775b177967f681a7b3c9b780e01e04eb0e616373486,2012-02,Gloucestershire Constabulary,Gloucestershire Constabulary,-2.118179,51.908500,On or near Hester'S Way Road,E01022120,Cheltenham 005A,Criminal damage and arson,Offender given community sentence,
a4d4f15446fe8a964e51915bb457a62e45cd19ba5fe1834746cc7196cc3145d3,2012-02,Gloucestershire Constabulary,Gloucestershire Constabulary,-2.113643,51.908235,On or near Barbridge Road,E01022120,Cheltenham 005A,Criminal damage and arson,,
5ef4f5a97e91308b4ef5cc7685be1434e43e24ffc82a9f213a88e2705c899c6c,2012-02,Gloucestershire Constabulary,Gloucestershire Constabulary,-2.110211,51.907834,On or near Bramley Road,E01022120,Cheltenham 005A,Drugs,,
35f86ac982e029f27babb0cf63dbb45d297c07775760aec55ac88ace0dcd6cd7,2012-02,Gloucestershire Constabulary,Gloucestershire Constabulary,-2.116277,51.909356,On or near Brown Close,E01022120,Cheltenham 005A,Other theft,,
f8f137555c865c1cdd09178690a9635e1c0ec619601453c386262ea4ca02ae35,2012-02,Gloucestershire Constabulary,Gloucestershire Constabulary,-2.118179,51.908500,On or near Hester'S Way Road,E01022120,Cheltenham 005A,Violent crime,,
84b52b9d7e6cb9bda996d8860747de904d21f2a88366037988a3f0f95788aaae,2012-02,Gloucestershire Constabulary,Gloucestershire Constabulary,-2.118179,51.908500,On or near Hester'S Way Road,E01022120,Cheltenham 005A,Violent crime,,
0e82e4d620c916509ba0edc046c4c1f06ff28c7847a993a3cc07a6f034dd4b9d,2012-02,Gloucestershire Constabulary,Gloucestershire Constabulary,-2.111330,51.907796,On or near Montreal Drive,E01022120,Cheltenham 005A,Violent crime,,
c28feb1b03048e35586deac23093de489daf4c46d777ab50cdce78b839ed6585,2012-02,Gloucestershire Constabulary,Gloucestershire Constabulary,-2.110211,51.907834,On or near Bramley Road,E01022120,Cheltenham 005A,Other crime,Court result unavailable,
,2012-02,Gloucestershire Constabulary,Gloucestershire Constabulary,-2.113150,51.903263,On or near Laxton Road,E01022121,Cheltenham 005B,Anti-social behaviour,,
,2012-02,Gloucestershire Constabulary,Gloucestershire Constabulary,-2.109014,51.905839,On or near Orchard Avenue,E01022121,Cheltenham 005B,Anti-social behaviour,,
,2012-02,Gloucestershire Constabulary,Gloucestershire Constabulary,-2.114270,51.903595,On or near Anapa Mews,E01022121,Cheltenham 005B,Anti-social behaviour,,
,2012-02,Gloucestershire Constabulary,Gloucestershire Constabulary,-2.110914,51.904156,On or near Newton Close,E01022121,Cheltenham 005B,Anti-social behaviour,,
88c2d2befb7510530ddece5fbb73361481b8c3fdaf67b296e93c0898db58be10,2012-02,Gloucestershire Constabulary,Gloucestershire Constabulary,-2.110107,51.906917,On or near Hawthorn Road,E01022121,Cheltenham 005B,Criminal damage and arson,,
c1022a1eb90b17e670e11195c3566f1b53456db71dbacb97a0c40c5a3ff5ab81,2012-02,Gloucestershire Constabulary,Gloucestershire Constabulary,-2.113183,51.904648,On or near Ellison Road,E01022121,Cheltenham 005B,Drugs,,
55cc0a4e8bb05bfa914cacea80738c49a7686fc0d336d280180476ebe82541cf,2012-02,Gloucestershire Constabulary,Gloucestershire Constabulary,-2.113150,51.903263,On or near Laxton Road,E01022121,Cheltenham 005B,Other theft,,
0e1d3207d2add54b89b5c655c7e4873d43d5d22b2a393af4e28a00ae92032a01,2012-02,Gloucestershire Constabulary,Gloucestershire Constabulary,-2.110642,51.905711,On or near Blenheim Square,E01022121,Cheltenham 005B,Other theft,Investigation complete; no suspect identified,
0c36a78348dfdf7ffe06d4f5e11cd4f0bb446c36eb9f450c40ad0d514b85fc34,2012-02,Gloucestershire Constabulary,Gloucestershire Constabulary,-2.117220,51.903151,On or near St Aidans Close,E01022121,Cheltenham 005B,Other theft,,
4347b596c9511c03e47b497d6b8473569a0d8c663a9188926f67b3e23ada587d,2012-02,Gloucestershire Constabulary,Gloucestershire Constabulary,-2.116984,51.902001,On or near Hospital,E01022121,Cheltenham 005B,Other theft,,
2bf6d9b6e80514c54a7b7ccf592aac3e89b2ac79b9578ff634109558d1d6db9e,2012-02,Gloucestershire Constabulary,Gloucestershire Constabulary,-2.108553,51.907583,On or near Tanner'S Road,E01022121,Cheltenham 005B,Robbery,,
83adda14fe8aa6499a3a3433997fc1413f61af851fccd731b77bf87b5a49e58a,2012-02,Gloucestershire Constabulary,Gloucestershire Constabulary,-2.110642,51.905711,On or near Blenheim Square,E01022121,Cheltenham 005B,Vehicle crime,Unable to prosecute suspect,
8b212222d9a69f88f21120d99a08663a2b5937b71d517ac99a68498a34f84a55,2012-02,Gloucestershire Constabulary,Gloucestershire Constabulary,-2.110107,51.906917,On or near Hawthorn Road,E01022121,Cheltenham 005B,Vehicle crime,Investigation complete; no suspect identified,
ecde0f676b690505de64945f1f1924a4f3b9a3ca554a3043a839ab37f2c33010,2012-02,Gloucestershire Constabulary,Gloucestershire Constabulary,-2.109014,51.905839,On or near Orchard Avenue,E01022121,Cheltenham 005B,Violent crime,Court result unavailable,
2c8c4ede789baa2d40ecc21b2f8fab9baf7c7eeb34ab417f0606d43c0b7e0a95,2012-02,Gloucestershire Constabulary,Gloucestershire Constabulary,-2.113196,51.904162,On or near Dowty Road,E01022121,Cheltenham 005B,Violent crime,Investigation complete; no suspect identified,
065deb578c959f7a2acbde80a91065b8e3a18ac70592a852bb43c313fadfac48,2012-02,Gloucestershire Constabulary,Gloucestershire Constabulary,-2.116564,51.902379,On or near Police Station,E01022121,Cheltenham 005B,Other crime,,
,2012-02,Gloucestershire Constabulary,Gloucestershire Constabulary,-2.112797,51.901457,On or near Goldsmith Close,E01022147,Cheltenham 005C,Anti-social behaviour,,
,2012-02,Gloucestershire Constabulary,Gloucestershire Constabulary,-2.113062,51.902634,On or near Edinburgh Place,E01022147,Cheltenham 005C,Anti-social behaviour,,
,2012-02,Gloucestershire Constabulary,Gloucestershire Constabulary,-2.115414,51.901634,On or near Hamlet Close,E01022147,Cheltenham 005C,Anti-social behaviour,,
,2012-02,Gloucestershire Constabulary,Gloucestershire Constabulary,-2.112797,51.901457,On or near Goldsmith Close,E01022147,Cheltenham 005C,Anti-social behaviour,,
,2012-02,Gloucestershire Constabulary,Gloucestershire Constabulary,-2.114455,51.902057,On or near Parking Area,E01022147,Cheltenham 005C,Anti-social behaviour,,
ff748513497dd003278107174544ad7ca2a641acb7a00b697ae70e7ea1e6b7d9,2012-02,Gloucestershire Constabulary,Gloucestershire Constabulary,-2.111505,51.902006,On or near Britten Place,E01022147,Cheltenham 005C,Burglary,Investigation complete; no suspect identified,
78ce64c24eba0152b10492cef0c39688859bb5a7a634b367005d1f6716eb7a54,2012-02,Gloucestershire Constabulary,Gloucestershire Constabulary,-2.117162,51.897667,On or near Monks Croft,E01022147,Cheltenham 005C,Burglary,,
1ed20f8000f96cb99d9146258e15bd3d4132197af9030407ba0e617b5067fdec,2012-02,Gloucestershire Constabulary,Gloucestershire Constabulary,-2.115287,51.897507,On or near Wasley Road,E01022147,Cheltenham 005C,Criminal damage and arson,,
9fbb10344cdc9f46ce1effd8d50b5f64ecf986109156d04d37ba7890ffe7e709,2012-02,Gloucestershire Constabulary,Gloucestershire Constabulary,-2.115287,51.897507,On or near Wasley Road,E01022147,Cheltenham 005C,Criminal damage and arson,,
0b2b5c4407338edbfe85e1bf2055faba6891dabce655f6fbe11c020f2fb43617,2012-02,Gloucestershire Constabulary,Gloucestershire Constabulary,-2.115287,51.897507,On or near Wasley Road,E01022147,Cheltenham 005C,Criminal damage and arson,,
a7e363c0e90c5a4d9e60480258aa9c1b5b95082fe85f37452f5dd71be7f5d638,2012-02,Gloucestershire Constabulary,Gloucestershire Constabulary,-2.114352,51.901446,On or near Othello Close,E01022147,Cheltenham 005C,Other theft,,
117560cfed283edd2af835cb7401532e68df911e7d17ec39e54bed7f5df76048,2012-02,Gloucestershire Constabulary,Gloucestershire Constabulary,-2.114455,51.902057,On or near Parking Area,E01022147,Cheltenham 005C,Shoplifting,Investigation complete; no suspect identified,
af6dc807519db06e6952dcfb9d245da44e33db8d9ca4aecdda3c8c57d02d6415,2012-02,Gloucestershire Constabulary,Gloucestershire Constabulary,-2.114776,51.902534,On or near Evington Road,E01022147,Cheltenham 005C,Shoplifting,Investigation complete; no suspect identified,
dccef04feed067f008fade52b5e96d2878c3d64fb7d7e435be5a453b94d3baa6,2012-02,Gloucestershire Constabulary,Gloucestershire Constabulary,-2.115414,51.901634,On or near Hamlet Close,E01022147,Cheltenham 005C,Vehicle crime,,
2c23687f4a4e1c3765a5d7c938dbe583fe7712ab7642450531a0aba499a2406d,2012-02,Gloucestershire Constabulary,Gloucestershire Constabulary,-2.114455,51.902057,On or near Parking Area,E01022147,Cheltenham 005C,Violent crime,Court result unavailable,
108ca24476792421684bdf5935c69e7be4798864a0926c2338af343d8c9408c9,2012-02,Gloucestershire Constabulary,Gloucestershire Constabulary,-2.103195,51.910204,On or near Grevil Road,E01022157,Cheltenham 005D,Burglary,Investigation complete; no suspect identified,
c456ca17f76d8a3ec2ad4099c3cfddeb97fc3752e2df13e527f300c26857a343,2012-02,Gloucestershire Constabulary,Gloucestershire Constabulary,-2.098111,51.911782,On or near Brook Road,E01022157,Cheltenham 005D,Burglary,,
2408823c4f444ad999cb3c6b669e743eebb6ac1677a67df8a18de506dbdd41f1,2012-02,Gloucestershire Constabulary,Gloucestershire Constabulary,-2.101788,51.911330,On or near Providence Park,E01022157,Cheltenham 005D,Burglary,Investigation complete; no suspect identified,
9bebb3befb33c7437acc1e7736459f2fa8663b2e4bc203cd8d00b7bdb95b710f,2012-02,Gloucestershire Constabulary,Gloucestershire Constabulary,-2.104458,51.909259,On or near Marchant Close,E01022157,Cheltenham 005D,Burglary,,
357f9889c8a9c5567c864daa5db383f2d9dfa63d60450772219aeeef90144fb8,2012-02,Gloucestershire Constabulary,Gloucestershire Constabulary,-2.104458,51.909259,On or near Marchant Close,E01022157,Cheltenham 005D,Other theft,Investigation complete; no suspect identified,
a69953e50b855e8d2d783c3d84e6fa65ec6790311353623eea3019053e5b1189,2012-02,Gloucestershire Constabulary,Gloucestershire Constabulary,-2.104054,51.910716,On or near Princess Elizabeth Way,E01022157,Cheltenham 005D,Violent crime,Investigation complete; no suspect identified,
2c7213292ba601847a23005910ddfb75a8e701bdc230e50d9e3c3fef471f6fe2,2012-02,Gloucestershire Constabulary,Gloucestershire Constabulary,-2.106315,51.907909,On or near Orchard Way,E01022157,Cheltenham 005D,Violent crime,,
b65483423e5101102c036d65201456e952d4e848bbbc55263da9d98dbac5fbcd,2012-02,Gloucestershire Constabulary,Gloucestershire Constabulary,-2.111393,51.909738,On or near Sports/Recreation Area,E01022159,Cheltenham 005E,Criminal damage and arson,,
c6c2e02940c614ca1ae1a58acf82891363395c624804f9dc569e0fe502af3b8e,2012-02,Gloucestershire Constabulary,Gloucestershire Constabulary,-2.104339,51.914420,On or near Carter Road,E01022159,Cheltenham 005E,Drugs,,
3b23f58686a6ef6b655c9826551fd7079b1e183aa5f5e00d6380b9e8939c14eb,2012-02,Gloucestershire Constabulary,Gloucestershire Constabulary,-2.110800,51.910908,On or near Dill Avenue,E01022159,Cheltenham 005E,Other theft,,
917116e7c80db5f4e18f668e77c779629d069318185a83e492c0114396b6d3c6,2012-02,Gloucestershire Constabulary,Gloucestershire Constabulary,-2.104581,51.912109,On or near Kingsmead Road,E01022159,Cheltenham 005E,Other theft,,
759c83952ce583118bfe2b1a65f7f229294e462882d682643b9b21826fbb3ded,2012-02,Gloucestershire Constabulary,Gloucestershire Constabulary,-2.101123,51.912832,On or near Frank Brookes Road,E01022159,Cheltenham 005E,Shoplifting,,
,2012-02,Gloucestershire Constabulary,Gloucestershire Constabulary,-2.054858,51.908610,On or near Lynworth Place,E01022131,Cheltenham 006A,Anti-social behaviour,,
c4b213e910da71e844e92067cbc010aaa36744bff59d358c52300cba39984f64,2012-02,Gloucestershire Constabulary,Gloucestershire Constabulary,-2.055978,51.908933,On or near Mendip Road,E01022131,Cheltenham 006A,Burglary,Investigation complete; no suspect identified,
60d6ec9138e4aed04f3b14d7a8b78afdfc30a74114d362a55de0d555260adaac,2012-02,Gloucestershire Constabulary,Gloucestershire Constabulary,-2.059960,51.908302,On or near Prestbury Road,E01022131,Cheltenham 006A,Burglary,,
78f95f104b1e1344d34c8b78a10d774a775f18f943c9fe412dcd7355bcafe9f0,2012-02,Gloucestershire Constabulary,Gloucestershire Constabulary,-2.059960,51.908302,On or near Prestbury Road,E01022131,Cheltenham 006A,Burglary,,
56f29c266adcf2725b30b0fd83fd2d6d069f98ca13e86d78707ea45f7f090e2e,2012-02,Gloucestershire Constabulary,Gloucestershire Constabulary,-2.055060,51.907558,On or near Cromwell Road,E01022131,Cheltenham 006A,Burglary,,
bea7bd9beab415a1007208c7947af15751a4769785607dcc020b8ab1a5a1b556,2012-02,Gloucestershire Constabulary,Gloucestershire Constabulary,-2.048883,51.907902,On or near Cromwell Road,E01022131,Cheltenham 006A,Criminal damage and arson,,
411453bd3264ba66a4d5aa5296c3ba22544543370c9b6d0b6b13c0f8b23074de,2012-02,Gloucestershire Constabulary,Gloucestershire Constabulary,-2.055756,51.905912,On or near Severn Road,E01022131,Cheltenham 006A,Other theft,Investigation complete; no suspect identified,
35f86d22ff125d6997ebcb8da9cf20245ceb5b957b1718c84499e84bb3f88617,2012-02,Gloucestershire Constabulary,Gloucestershire Constabulary,-2.055060,51.907558,On or near Cromwell Road,E01022131,Cheltenham 006A,Violent crime,,
ea8a2d3a9605a445958f76c1813fcac5a05009f3f6f826c86a692a98e1ee96c0,2012-02,Gloucestershire Constabulary,Gloucestershire Constabulary,-2.048883,51.907902,On or near Cromwell Road,E01022131,Cheltenham 006A,Violent crime,Unable to prosecute suspect,
,2012-02,Gloucestershire Constabulary,Gloucestershire Constabulary,-2.049663,51.903982,On or near Priors Road,E01022132,Cheltenham 006B,Anti-social behaviour,,
,2012-02,Gloucestershire Constabulary,Gloucestershire Constabulary,-2.047351,51.903317,On or near Imjin Road,E01022132,Cheltenham 006B,Anti-social behaviour,,
29be30111511c5c28addac6367af5294e54ed309b54cfb3d92f0bbce0e5c7b86,2012-02,Gloucestershire Constabulary,Gloucestershire Constabulary,-2.045143,51.904280,On or near Salamanca Road,E01022132,Cheltenham 006B,Criminal damage and arson,,
0c2d0fa6d2e2d35679999918a63cab22ccfa0762a9c6f276faa87ee09ce577c7,2012-02,Gloucestershire Constabulary,Gloucestershire Constabulary,-2.051047,51.907038,On or near Cam Road,E01022132,Cheltenham 006B,Criminal damage and arson,,
c7dada07eee4c9f8cf3a3d2075b48b8f60ccd151907348fcfef4cca560e6c3fe,2012-02,Gloucestershire Constabulary,Gloucestershire Constabulary,-2.049663,51.903982,On or near Priors Road,E01022132,Cheltenham 006B,Robbery,Investigation complete; no suspect identified,
b6d69a9d06a718a45a3d41b5c8da3ab43e53b03a6e67a6d6238ea02c26811201,2012-02,Gloucestershire Constabulary,Gloucestershire Constabulary,-2.050363,51.905771,On or near Dart Road,E01022132,Cheltenham 006B,Violent crime,,
,2012-02,Gloucestershire Constabulary,Gloucestershire Constabulary,-2.055868,51.902639,On or near Whaddon Avenue,E01022133,Cheltenham 006C,Anti-social behaviour,,
,2012-02,Gloucestershire Constabulary,Gloucestershire Constabulary,-2.055868,51.902639,On or near Whaddon Avenue,E01022133,Cheltenham 006C,Anti-social behaviour,,
0d44f82d813943b225a47f316cd4b6af6cfc8b927045a3fe5b1f1a4913e8f644,2012-02,Gloucestershire Constabulary,Gloucestershire Constabulary,-2.054227,51.904178,On or near Windrush Road,E01022133,Cheltenham 006C,Burglary,,
48186753093640af05fced8e0bf7d297ee509bbaa033357c39b975d4397be175,2012-02,Gloucestershire Constabulary,Gloucestershire Constabulary,-2.053557,51.903090,On or near Churn Avenue,E01022133,Cheltenham 006C,Criminal damage and arson,,
7ea3b983d604a50352fe3b9f470a24a05c6a718820d328816a2c015af7349638,2012-02,Gloucestershire Constabulary,Gloucestershire Constabulary,-2.055304,51.905202,On or near Tamar Road,E01022133,Cheltenham 006C,Violent crime,,
,2012-02,Gloucestershire Constabulary,Gloucestershire Constabulary,-2.058067,51.906100,On or near Wyman'S Road,E01022134,Cheltenham 006D,Anti-social behaviour,,
,2012-02,Gloucestershire Constabulary,Gloucestershire Constabulary,-2.058067,51.906100,On or near Wyman'S Road,E01022134,Cheltenham 006D,Anti-social behaviour,,
7096f74a9588edfae2b71c501d1f4b0c096d81c9bc25a7c433d8f73b3519b98f,2012-02,Gloucestershire Constabulary,Gloucestershire Constabulary,-2.062860,51.903301,On or near Moor Court Drive,E01022134,Cheltenham 006D,Criminal damage and arson,Investigation complete; no suspect identified,
6cb583c12044bde2ea9d501662d24df97349c6624d5907afa305e1227a058b47,2012-02,Gloucestershire Constabulary,Gloucestershire Constabulary,-2.059123,51.902062,On or near Pittville Circus Road,E01022134,Cheltenham 006D,Criminal damage and arson,Defendant found not guilty,
35871a2b500d8afb9b2e6b7794daef175bde95f46be695ef325abcd3f8e46e25,2012-02,Gloucestershire Constabulary,Gloucestershire Constabulary,-2.059123,51.902062,On or near Pittville Circus Road,E01022134,Cheltenham 006D,Criminal damage and arson,Defendant found not guilty,
c8eacf95f16b28e67e017a403629b38f2b33e777760dcd3489f5c8c9b2ed6322,2012-02,Gloucestershire Constabulary,Gloucestershire Constabulary,-2.059123,51.902062,On or near Pittville Circus Road,E01022134,Cheltenham 006D,Criminal damage and arson,Defendant found not guilty,
a82cd8d26e19906fd4d8a489a75147cc164fd9c4d8ca92e5bab014d6ca51cc25,2012-02,Gloucestershire Constabulary,Gloucestershire Constabulary,-2.059123,51.902062,On or near Pittville Circus Road,E01022134,Cheltenham 006D,Criminal damage and arson,Defendant found not guilty,
43440a4055568badfe188be4100e1f864777dd34ca3e7effe566e74a605a0973,2012-02,Gloucestershire Constabulary,Gloucestershire Constabulary,-2.060131,51.906216,On or near Sports/Recreation Area,E01022134,Cheltenham 006D,Drugs,,
ce20a8d15dd8850b2ae56bf39bc7b73af654654ae6699ca5c990e008258cd2c6,2012-02,Gloucestershire Constabulary,Gloucestershire Constabulary,-2.061554,51.904875,On or near Whaddon Drive,E01022134,Cheltenham 006D,Public disorder and weapons,Local resolution,
522fc3104305969a04fc073c75811c0cb68df42d057e459f2956d79de9b39670,2012-02,Gloucestershire Constabulary,Gloucestershire Constabulary,-2.060884,51.903590,On or near Westbourne Drive,E01022134,Cheltenham 006D,Vehicle crime,,
4280c0e8cf1e2b6cac5462f0df7f280763ed21a9ee26e196687f15af00dd89d9,2012-02,Gloucestershire Constabulary,Gloucestershire Constabulary,-2.112154,51.900216,On or near Shakespeare Road,E01022148,Cheltenham 007A,Burglary,Investigation complete; no suspect identified,
17449b7ce47a75ef095837da3da25156f223f4afbf3bd9e74aca48e7e14f367b,2012-02,Gloucestershire Constabulary,Gloucestershire Constabulary,-2.108243,51.899411,On or near Byron Road,E01022148,Cheltenham 007A,Criminal damage and arson,,
b57181e92861706cacb2e00a62e3495e18e747c481a482d5a445f1fba4d064a3,2012-02,Gloucestershire Constabulary,Gloucestershire Constabulary,-2.108922,51.897873,On or near Milton Road,E01022148,Cheltenham 007A,Criminal damage and arson,,
22eacaed249bdc77aa5976577ea74b26da4f046b15e944d3023a9d6130afafe5,2012-02,Gloucestershire Constabulary,Gloucestershire Constabulary,-2.108243,51.899411,On or near Byron Road,E01022148,Cheltenham 007A,Criminal damage and arson,,
e8e9847ee3f6f96e2f1cc6a0b9c7020b03483e445bbdcf780677c9dfcfc48d77,2012-02,Gloucestershire Constabulary,Gloucestershire Constabulary,-2.103383,51.896826,On or near Fairmount Road,E01022148,Cheltenham 007A,Other theft,,
d333902218846dffcf97479631874c2a708a5d843d0ee8f81a9af3d62cbb51f1,2012-02,Gloucestershire Constabulary,Gloucestershire Constabulary,-2.112154,51.900216,On or near Shakespeare Road,E01022148,Cheltenham 007A,Other theft,,
cd6ec1aeba4e7ffa1652cde350f95874d5b6a27f9092894029e85a14ea26248d,2012-02,Gloucestershire Constabulary,Gloucestershire Constabulary,-2.103383,51.896826,On or near Fairmount Road,E01022148,Cheltenham 007A,Vehicle crime,,
1f7a2fa269ce5a3ffba915072b2c278c9dab5ed41e30bac7b18fd38a214d329e,2012-02,Gloucestershire Constabulary,Gloucestershire Constabulary,-2.106173,51.896913,On or near Griffiths Avenue,E01022148,Cheltenham 007A,Violent crime,Offender ordered to pay compensation,
edbfadcb9b638b2d4592cbba60552489bcfaa17426b12792685c590fdb2dae9e,2012-02,Gloucestershire Constabulary,Gloucestershire Constabulary,-2.106173,51.896913,On or near Griffiths Avenue,E01022148,Cheltenham 007A,Violent crime,Offender ordered to pay compensation,
576222d8c181d6001eadb436ba7643c204aa1b1ef1c9105a76d6fad497d057fa,2012-02,Gloucestershire Constabulary,Gloucestershire Constabulary,-2.105461,51.896851,On or near Chad Road,E01022148,Cheltenham 007A,Other crime,,
,2012-02,Gloucestershire Constabulary,Gloucestershire Constabulary,-2.104657,51.901122,On or near Norfolk Avenue,E01022149,Cheltenham 007B,Anti-social behaviour,,
db204f9fe8760526ae4e7c1178efd5a2d3356c967035010b24e18b6a8fcc0c1f,2012-02,Gloucestershire Constabulary,Gloucestershire Constabulary,-2.106784,51.903260,On or near Sports/Recreation Area,E01022149,Cheltenham 007B,Burglary,Investigation complete; no suspect identified,
782c6a45a2f19ba1270051dc37d3f48423130ce38d7a3d8f50c8d342ffe1b113,2012-02,Gloucestershire Constabulary,Gloucestershire Constabulary,-2.106784,51.903260,On or near Sports/Recreation Area,E01022149,Cheltenham 007B,Drugs,,
246a631e729256355646c1cfad4a0a9b9fda055d21ed61b294e41271c011474c,2012-02,Gloucestershire Constabulary,Gloucestershire Constabulary,-2.106784,51.903260,On or near Sports/Recreation Area,E01022149,Cheltenham 007B,Drugs,,
e8c82c5df8b8515c2ba3fa7c47f31b753dc3058e7854ce94dec98795f3000797,2012-02,Gloucestershire Constabulary,Gloucestershire Constabulary,-2.106784,51.903260,On or near Sports/Recreation Area,E01022149,Cheltenham 007B,Other theft,,
e2a24de47909e804441997cba9451e7efb11714c8b2b0659aec6bf5bbefc6048,2012-02,Gloucestershire Constabulary,Gloucestershire Constabulary,-2.104306,51.906274,On or near Wharfdale Square,E01022149,Cheltenham 007B,Vehicle crime,,
ec3ae04328919c5ce03cc426afa98c4928fa312a9782fd8c99eca84bac264ad8,2012-02,Gloucestershire Constabulary,Gloucestershire Constabulary,-2.101639,51.903490,On or near Somerset Avenue,E01022149,Cheltenham 007B,Violent crime,Offender given community sentence,
,2012-02,Gloucestershire Constabulary,Gloucestershire Constabulary,-2.102376,51.901376,On or near Devon Avenue,E01022150,Cheltenham 007C,Anti-social behaviour,,
2e165f504a912ec47ae8b6ec9b32890b486f1ae176e625a116c9fab790969459,2012-02,Gloucestershire Constabulary,Gloucestershire Constabulary,-2.102376,51.901376,On or near Devon Avenue,E01022150,Cheltenham 007C,Criminal damage and arson,,
df2a5fc26557f9e4db5428df6679896505d5ab86740c1b1123eeb130b0cb94ed,2012-02,Gloucestershire Constabulary,Gloucestershire Constabulary,-2.104420,51.899127,On or near Grimwade Close,E01022150,Cheltenham 007C,Criminal damage and arson,,
fb85af2383c20a40de219ad05e4f335ce9f599b29ddb3043b775b9f3dee19f2f,2012-02,Gloucestershire Constabulary,Gloucestershire Constabulary,-2.098832,51.902575,On or near Essex Avenue,E01022150,Cheltenham 007C,Criminal damage and arson,,
7f0e3fd352015c9ba0f72e910aaad153aa807a60b9061e927399008b0cf79f6c,2012-02,Gloucestershire Constabulary,Gloucestershire Constabulary,-2.100502,51.901863,On or near Sussex Avenue,E01022150,Cheltenham 007C,Criminal damage and arson,,
74e11276ed49e37fa36d409679d1f62a2553e02909a26149feacd396157f564e,2012-02,Gloucestershire Constabulary,Gloucestershire Constabulary,-2.104420,51.899127,On or near Grimwade Close,E01022150,Cheltenham 007C,Other theft,Investigation complete; no suspect identified,
9b0428dc0cec8619e6f934093002b3b1f89a9af788e3fa3cceeb21cd021e9676,2012-02,Gloucestershire Constabulary,Gloucestershire Constabulary,-2.101219,51.897637,On or near Libertus Court,E01022150,Cheltenham 007C,Other theft,,
e0d4789e955d12c395dc8dbeede1fab0067a62d7b3262f4587db08ec4533571b,2012-02,Gloucestershire Constabulary,Gloucestershire Constabulary,-2.101219,51.897637,On or near Libertus Court,E01022150,Cheltenham 007C,Shoplifting,Offender sent to prison,
a8fe43c5bf8ae8e7144f54468f1e1dbbd217d24f5c628b5287151ed7e980d7cd,2012-02,Gloucestershire Constabulary,Gloucestershire Constabulary,-2.101219,51.897637,On or near Libertus Court,E01022150,Cheltenham 007C,Shoplifting,Investigation complete; no suspect identified,
8af5b4c8269e593a162988f8ee093771ab09198dd26ab0a29da736298fd3209e,2012-02,Gloucestershire Constabulary,Gloucestershire Constabulary,-2.101219,51.897637,On or near Libertus Court,E01022150,Cheltenham 007C,Shoplifting,Investigation complete; no suspect identified,
981f9dc759eaf8126c1aea1b12a66921d9e1ca97d8347c163899c87f248bc2ef,2012-02,Gloucestershire Constabulary,Gloucestershire Constabulary,-2.101219,51.897637,On or near Libertus Court,E01022150,Cheltenham 007C,Shoplifting,Offender fined,
c3eee510515e5fb6f4ef50a354ecdec7628068db1cdc3df97ffa1df5ada5fd8b,2012-02,Gloucestershire Constabulary,Gloucestershire Constabulary,-2.102205,51.896440,On or near Gloucester Road,E01022150,Cheltenham 007C,Vehicle crime,,
7b70d8d8aea377fc01196a8f134a1e0976a6d1b5a800e1217ebd5ca8cc073b90,2012-02,Gloucestershire Constabulary,Gloucestershire Constabulary,-2.102649,51.900090,On or near Ashtree Mews,E01022150,Cheltenham 007C,Vehicle crime,Investigation complete; no suspect identified,
24ef9d42706dd1489e29d035470dccd5407412bdde12fc005b1b1a92e8a74ac1,2012-02,Gloucestershire Constabulary,Gloucestershire Constabulary,-2.104420,51.899127,On or near Grimwade Close,E01022150,Cheltenham 007C,Violent crime,,
502b81c3a9b1f3b2fbea54e99216c5436ec1590f00894f0bd7ad82302748c963,2012-02,Gloucestershire Constabulary,Gloucestershire Constabulary,-2.104420,51.899127,On or near Grimwade Close,E01022150,Cheltenham 007C,Violent crime,,
163b07bdfc45e755a3e06e2b8d744d659f5f0265dcf0311fd8fee98ad48860b4,2012-02,Gloucestershire Constabulary,Gloucestershire Constabulary,-2.101219,51.897637,On or near Libertus Court,E01022150,Cheltenham 007C,Other crime,,
,2012-02,Gloucestershire Constabulary,Gloucestershire Constabulary,-2.090633,51.908983,On or near Waterloo Street,E01022155,Cheltenham 007D,Anti-social behaviour,,
95cc8de1702495800e90049f2df22f349ce64d7bae77cf3eaba16fc8cf000933,2012-02,Gloucestershire Constabulary,Gloucestershire Constabulary,-2.093504,51.905735,On or near Central Way,E01022155,Cheltenham 007D,Burglary,Investigation complete; no suspect identified,
ffc682371d3e2c2ffb71e78972b8bebd67c4715939fbf9b435b426c2123f59f5,2012-02,Gloucestershire Constabulary,Gloucestershire Constabulary,-2.097075,51.903170,On or near Alstone Lane,E01022155,Cheltenham 007D,Burglary,,
663205b162e0358956be68fa0c844887abb34ee50208ac9760a26d900a468a9f,2012-02,Gloucestershire Constabulary,Gloucestershire Constabulary,-2.094018,51.907982,On or near Space Business Centre,E01022155,Cheltenham 007D,Burglary,Investigation complete; no suspect identified,
4d5ae429bb3af637f7ba257f783f2cf7bdfb8b39b5518b56469fc283647e893f,2012-02,Gloucestershire Constabulary,Gloucestershire Constabulary,-2.100673,51.906997,On or near Netherwood Gardens,E01022155,Cheltenham 007D,Burglary,,
a2a0e3ad325459b5238334130b3aaf1f5065672b6293e2fa0c12f406e9e1d11b,2012-02,Gloucestershire Constabulary,Gloucestershire Constabulary,-2.099805,51.908922,On or near Brooklyn Gardens,E01022155,Cheltenham 007D,Burglary,,
71071c334f20ea0fb37be8c12947712d75c5524a7c02dfa09e50b3f4e1d4bf06,2012-02,Gloucestershire Constabulary,Gloucestershire Constabulary,-2.096931,51.910623,On or near Moors Avenue,E01022155,Cheltenham 007D,Burglary,,
b7f2566d8e90aee6160ae8e9d950bd459edbe1a2ec718f93457ce0f4ca8e9fd6,2012-02,Gloucestershire Constabulary,Gloucestershire Constabulary,-2.095607,51.910301,On or near St Peters Close,E01022155,Cheltenham 007D,Burglary,,
84715415df70c9dd77b9587e5181ea7833b4de804bd0c04746e40d7315d96870,2012-02,Gloucestershire Constabulary,Gloucestershire Constabulary,-2.097075,51.903170,On or near Alstone Lane,E01022155,Cheltenham 007D,Drugs,Offender fined,
eac38aa950f5af27ff0b69b4e310547bbf873e0dc69028d06f6fb6adb7f8d2ec,2012-02,Gloucestershire Constabulary,Gloucestershire Constabulary,-2.097075,51.903170,On or near Alstone Lane,E01022155,Cheltenham 007D,Drugs,Court result unavailable,
a476851bc6f7adebb47d338f7e6b5bae25c1e3086c15eae8de4894d7ad09187c,2012-02,Gloucestershire Constabulary,Gloucestershire Constabulary,-2.094212,51.903343,On or near Alstone Croft,E01022155,Cheltenham 007D,Other theft,,
05c0a8dcf1290df6d9931aa1ec3bd9aae9874900bffc22c3477d021cbdedc1e7,2012-02,Gloucestershire Constabulary,Gloucestershire Constabulary,-2.095607,51.910301,On or near St Peters Close,E01022155,Cheltenham 007D,Vehicle crime,,
5db49c3161f00f9dfa2d6ad4f3a4055aa491719eaa189a6f48c971a729570a6f,2012-02,Gloucestershire Constabulary,Gloucestershire Constabulary,-2.090633,51.908983,On or near Waterloo Street,E01022155,Cheltenham 007D,Vehicle crime,,
,2012-02,Gloucestershire Constabulary,Gloucestershire Constabulary,-2.097473,51.899151,On or near Stow Court,E01022156,Cheltenham 007E,Anti-social behaviour,,
,2012-02,Gloucestershire Constabulary,Gloucestershire Constabulary,-2.093193,51.902517,On or near Thornbury Close,E01022156,Cheltenham 007E,Anti-social behaviour,,
,2012-02,Gloucestershire Constabulary,Gloucestershire Constabulary,-2.094223,51.901599,On or near Pates Avenue,E01022156,Cheltenham 007E,Anti-social behaviour,,
,2012-02,Gloucestershire Constabulary,Gloucestershire Constabulary,-2.097473,51.899151,On or near Stow Court,E01022156,Cheltenham 007E,Anti-social behaviour,,
70d769bc2d74be0c01f740c07f843e1dc6125313362dbf2bf6401e551989c73b,2012-02,Gloucestershire Constabulary,Gloucestershire Constabulary,-2.094889,51.900681,On or near Vineyards Lane,E01022156,Cheltenham 007E,Burglary,Investigation complete; no suspect identified,
e24d90d876d4bf1166195448ef200c7ae992d287b608ef8d6a1f80588ed50658,2012-02,Gloucestershire Constabulary,Gloucestershire Constabulary,-2.094223,51.901599,On or near Pates Avenue,E01022156,Cheltenham 007E,Burglary,,
25d75206a3d7bab8db8c7d51024a366980d2eae1e177acb418103ccd294880b7,2012-02,Gloucestershire Constabulary,Gloucestershire Constabulary,-2.091526,51.904999,On or near Arle Avenue,E01022156,Cheltenham 007E,Burglary,Investigation complete; no suspect identified,
a25cbd38561751ab7801253c24aac032f5c6e167d595668ef618146b57c24bc8,2012-02,Gloucestershire Constabulary,Gloucestershire Constabulary,-2.091526,51.904999,On or near Arle Avenue,E01022156,Cheltenham 007E,Burglary,Investigation complete; no suspect identified,
3ac783498b23026ead4265790ee056180179eca546b2a023f4ae58ac6b2f8b0b,2012-02,Gloucestershire Constabulary,Gloucestershire Constabulary,-2.092365,51.902850,On or near Alstone Avenue,E01022156,Cheltenham 007E,Criminal damage and arson,,
7a64111af921ddd5b42fe665d09ae0eacf13473985abae62012457d968b91091,2012-02,Gloucestershire Constabulary,Gloucestershire Constabulary,-2.092365,51.902850,On or near Alstone Avenue,E01022156,Cheltenham 007E,Criminal damage and arson,,
fe5ff65c4e077e189a0ddc2e5ab3be11472b058b1f11e05147b1d0f9c0047a5e,2012-02,Gloucestershire Constabulary,Gloucestershire Constabulary,-2.091924,51.900684,On or near Malvern Road,E01022156,Cheltenham 007E,Vehicle crime,,
1e08b5f6cac8d0b43cb5be0a0cebc6f2599a9c5c5fcb7fa4f0eee834f5fa2af5,2012-02,Gloucestershire Constabulary,Gloucestershire Constabulary,-2.090070,51.903580,On or near Old Millbrook Terrace,E01022156,Cheltenham 007E,Vehicle crime,,
9543018eff5d7460ed98158d4f8a2d1b96e2c37cd59a29d99f6fff0de22d3744,2012-02,Gloucestershire Constabulary,Gloucestershire Constabulary,-2.090638,51.904227,On or near Scholars Court,E01022156,Cheltenham 007E,Violent crime,,
e5c3276bcc0008587abd2dbb913f9f7f55e8a6b15da9548b13a5a3ba9e49e278,2012-02,Gloucestershire Constabulary,Gloucestershire Constabulary,-2.090638,51.904227,On or near Scholars Court,E01022156,Cheltenham 007E,Violent crime,,
dd147395ef9372f8ed29f1073248be50ad15d28cf2899f3fdcb8524478054603,2012-02,Gloucestershire Constabulary,Gloucestershire Constabulary,-2.090070,51.903580,On or near Old Millbrook Terrace,E01022156,Cheltenham 007E,Violent crime,,
,2012-02,Gloucestershire Constabulary,Gloucestershire Constabulary,-2.081508,51.903281,On or near Devonshire Street,E01022158,Cheltenham 007F,Anti-social behaviour,,
,2012-02,Gloucestershire Constabulary,Gloucestershire Constabulary,-2.084792,51.902793,On or near Great Western Road,E01022158,Cheltenham 007F,Anti-social behaviour,,
,2012-02,Gloucestershire Constabulary,Gloucestershire Constabulary,-2.081553,51.904081,On or near High Street,E01022158,Cheltenham 007F,Anti-social behaviour,,
,2012-02,Gloucestershire Constabulary,Gloucestershire Constabulary,-2.081553,51.904081,On or near High Street,E01022158,Cheltenham 007F,Anti-social behaviour,,
,2012-02,Gloucestershire Constabulary,Gloucestershire Constabulary,-2.081508,51.903281,On or near Devonshire Street,E01022158,Cheltenham 007F,Anti-social behaviour,,
2573d95c6e6c1f252229dca400a2d9b2f10184f0abe087a40a8f6aa506e8976d,2012-02,Gloucestershire Constabulary,Gloucestershire Constabulary,-2.082950,51.904655,On or near Poole Way,E01022158,Cheltenham 007F,Criminal damage and arson,,
d66d68430563957a4663dc1440973e35ae2cf17471da6dd43b01de0e2959f6e2,2012-02,Gloucestershire Constabulary,Gloucestershire Constabulary,-2.081710,51.902669,On or near New Street,E01022158,Cheltenham 007F,Criminal damage and arson,,
2213c1456750937ebdda264a4c207fb61329c3e725b0474123f96a5013706743,2012-02,Gloucestershire Constabulary,Gloucestershire Constabulary,-2.083675,51.903792,On or near Park Street,E01022158,Cheltenham 007F,Drugs,,
580e86d7ed168ed16e47dc96840dfeea3dbf074b5b200cae1b7e596dc7bbe3f0,2012-02,Gloucestershire Constabulary,Gloucestershire Constabulary,-2.089125,51.903626,On or near Millbrook Gardens,E01022158,Cheltenham 007F,Drugs,Offender given penalty notice,
02c7ef9572efbf1f16540b8cac559a5b6940fde9bb4e289e330ec3c09ba52ce7,2012-02,Gloucestershire Constabulary,Gloucestershire Constabulary,-2.086804,51.906046,On or near Supermarket,E01022158,Cheltenham 007F,Drugs,,
4c1017089377dc811eec7a83bd133acbcc8fe9b3cfc8d18eee371c645f634c8a,2012-02,Gloucestershire Constabulary,Gloucestershire Constabulary,-2.085547,51.902406,On or near Petrol Station,E01022158,Cheltenham 007F,Other theft,Investigation complete; no suspect identified,
1528c4298a7b52c8bf0db9b1a4661a7d61d377156c0cfff7ebd1e64a2131e9b1,2012-02,Gloucestershire Constabulary,Gloucestershire Constabulary,-2.089125,51.903626,On or near Millbrook Gardens,E01022158,Cheltenham 007F,Other theft,,
1a4bcd0ee662da20820ef0f299dd742540e9bfea893728c10139a1cd0ad0a26b,2012-02,Gloucestershire Constabulary,Gloucestershire Constabulary,-2.086804,51.906046,On or near Supermarket,E01022158,Cheltenham 007F,Other theft,Investigation complete; no suspect identified,
775db919b3b2e3301fe72a0d6807b0dfd64951d0a6be8ede2a173cf89c890741,2012-02,Gloucestershire Constabulary,Gloucestershire Constabulary,-2.090270,51.902015,On or near Queen'S Retreat,E01022158,Cheltenham 007F,Other theft,,
45040e88d25150a388349ff0d7291de394d95da8fb673105a94f4cafe0afeaa5,2012-02,Gloucestershire Constabulary,Gloucestershire Constabulary,-2.086804,51.906046,On or near Supermarket,E01022158,Cheltenham 007F,Other theft,Investigation complete; no suspect identified,
d60f4f05cd9065a835235f115df264ed3a988d98423c484d6d98ea84907aa28a,2012-02,Gloucestershire Constabulary,Gloucestershire Constabulary,-2.086804,51.906046,On or near Supermarket,E01022158,Cheltenham 007F,Other theft,,
ab1ba047cab9dc634609871be41b6b49440431d686fcded214cf4b434d4267dc,2012-02,Gloucestershire Constabulary,Gloucestershire Constabulary,-2.086804,51.906046,On or near Supermarket,E01022158,Cheltenham 007F,Other theft,,
277ef9ad88454f30a50cbcf461466602eb6f4420bb39ba93e84a9d529c8f8715,2012-02,Gloucestershire Constabulary,Gloucestershire Constabulary,-2.089125,51.903626,On or near Millbrook Gardens,E01022158,Cheltenham 007F,Public disorder and weapons,,
691ec50b221c6920831fc16958f508896a2e9862946f8711770a2b325eb0aa2f,2012-02,Gloucestershire Constabulary,Gloucestershire Constabulary,-2.086804,51.906046,On or near Supermarket,E01022158,Cheltenham 007F,Shoplifting,Offender otherwise dealt with,
5ac7fe99ce5cb0b278e653a00f8d26e8ee311ccae56f03a25f39ca43c9f42302,2012-02,Gloucestershire Constabulary,Gloucestershire Constabulary,-2.086804,51.906046,On or near Supermarket,E01022158,Cheltenham 007F,Shoplifting,,
d72da35c328ce76109273abfefc59e6013ef063989b9932bb2d20454cec71aea,2012-02,Gloucestershire Constabulary,Gloucestershire Constabulary,-2.086804,51.906046,On or near Supermarket,E01022158,Cheltenham 007F,Shoplifting,Offender sent to prison,
ed0795fccd0f4ba0246805c1fa0158d2295543fb018d04a914f28209770afec4,2012-02,Gloucestershire Constabulary,Gloucestershire Constabulary,-2.086804,51.906046,On or near Supermarket,E01022158,Cheltenham 007F,Shoplifting,,
d2694bb7f9c0910ab0cf237a8cffa535e779d26a448f7dc45d98363465f916a4,2012-02,Gloucestershire Constabulary,Gloucestershire Constabulary,-2.086804,51.906046,On or near Supermarket,E01022158,Cheltenham 007F,Shoplifting,,
84ea9e060056fb269e46859d9cb4b369dc393a47327fd0b3ff19e66c077c8454,2012-02,Gloucestershire Constabulary,Gloucestershire Constabulary,-2.086804,51.906046,On or near Supermarket,E01022158,Cheltenham 007F,Shoplifting,,
0786c851401e92124215243783f1a784c73ae7af0e9c2689c98b8db5d8a755b6,2012-02,Gloucestershire Constabulary,Gloucestershire Constabulary,-2.086946,51.904050,On or near Brookbank Close,E01022158,Cheltenham 007F,Vehicle crime,Offender given community sentence,
18d28bbd803bf479e7e4ae12c6b21498e12209592f145ac7e91d6a1984a57c92,2012-02,Gloucestershire Constabulary,Gloucestershire Constabulary,-2.097533,51.906649,On or near Arle Road,E01022158,Cheltenham 007F,Vehicle crime,,
4dd35fcddb223c55fc001db7589bdf89bf774b9f0c4219d539a6006ece9aa10e,2012-02,Gloucestershire Constabulary,Gloucestershire Constabulary,-2.079124,51.902959,On or near Ambrose Street,E01022158,Cheltenham 007F,Violent crime,,
394a15e0bec86f9473c963bd8b7cbdea11c37b2cf2e4b7d9639b8bbcc6954452,2012-02,Gloucestershire Constabulary,Gloucestershire Constabulary,-2.086804,51.906046,On or near Supermarket,E01022158,Cheltenham 007F,Other crime,,
70d1bb63b6b1c87b61be423fe90f9639e7bf7e5e62698fd9c7e40db607c4bfb7,2012-02,Gloucestershire Constabulary,Gloucestershire Constabulary,-2.089125,51.903626,On or near Millbrook Gardens,E01022158,Cheltenham 007F,Other crime,,
,2012-02,Gloucestershire Constabulary,Gloucestershire Constabulary,-2.063131,51.899768,On or near Westdown Gardens,E01022100,Cheltenham 008A,Anti-social behaviour,,
,2012-02,Gloucestershire Constabulary,Gloucestershire Constabulary,-2.063131,51.899768,On or near Westdown Gardens,E01022100,Cheltenham 008A,Anti-social behaviour,,
,2012-02,Gloucestershire Constabulary,Gloucestershire Constabulary,-2.059552,51.897135,On or near Hale'S Road,E01022100,Cheltenham 008A,Anti-social behaviour,,
,2012-02,Gloucestershire Constabulary,Gloucestershire Constabulary,-2.064854,51.895145,On or near Keynsham Bank,E01022100,Cheltenham 008A,Anti-social behaviour,,
2557773355f59bfd48dd0d37f2ef42a116611c74dfed9b2ebc3ae50477c009f2,2012-02,Gloucestershire Constabulary,Gloucestershire Constabulary,-2.062937,51.895740,On or near Sydenham Road South,E01022100,Cheltenham 008A,Burglary,Investigation complete; no suspect identified,
1c5a48a5ca7423f0413fba48a063dd838db67ac87c5747a077b283cd1755781e,2012-02,Gloucestershire Constabulary,Gloucestershire Constabulary,-2.064272,51.894741,On or near Keynsham Street,E01022100,Cheltenham 008A,Other theft,,
f3e55cdff66234407202a0376cd46b54975d71e933e5baa68a517d1d2f8d6051,2012-02,Gloucestershire Constabulary,Gloucestershire Constabulary,-2.066004,51.896206,On or near Oxford Walk,E01022100,Cheltenham 008A,Other theft,,
205f2112615395b0737d2d80b581427e82cef51f3fcf20a6aacf195edec193ad,2012-02,Gloucestershire Constabulary,Gloucestershire Constabulary,-2.066004,51.896206,On or near Oxford Walk,E01022100,Cheltenham 008A,Other theft,,
4e73bf0b9e28cd8bce043705c49e51f46b3078839cd2429f1382bf91b4111ecc,2012-02,Gloucestershire Constabulary,Gloucestershire Constabulary,-2.054485,51.900851,On or near B4075,E01022100,Cheltenham 008A,Other theft,,
,2012-02,Gloucestershire Constabulary,Gloucestershire Constabulary,-2.066911,51.900476,On or near Fairview Road,E01022101,Cheltenham 008B,Anti-social behaviour,,
,2012-02,Gloucestershire Constabulary,Gloucestershire Constabulary,-2.066911,51.900476,On or near Fairview Road,E01022101,Cheltenham 008B,Anti-social behaviour,,
fd9c2189fd4d524cd23db6a0d2f1f40cb1fe2c19893753fdac16410ca73b5ca4,2012-02,Gloucestershire Constabulary,Gloucestershire Constabulary,-2.066083,51.900791,On or near Victoria Place,E01022101,Cheltenham 008B,Criminal damage and arson,Investigation complete; no suspect identified,
99498d86f2d7ebc14c7a923df538f98d335b6065bc90a213869077247c102246,2012-02,Gloucestershire Constabulary,Gloucestershire Constabulary,-2.067028,51.900826,On or near Fairview Close,E01022101,Cheltenham 008B,Criminal damage and arson,Investigation complete; no suspect identified,
32b48be5a5dd7636e70d11fe6d2df4fd96934a05affcc9fa947d6fd7242373cb,2012-02,Gloucestershire Constabulary,Gloucestershire Constabulary,-2.066911,51.900476,On or near Fairview Road,E01022101,Cheltenham 008B,Criminal damage and arson,Offender ordered to pay compensation,
9c9d80aafd424bcce11c4918a020e3fa4e0ddc7c9cd12bc1666d43368d1d733a,2012-02,Gloucestershire Constabulary,Gloucestershire Constabulary,-2.064936,51.901295,On or near All Saints' Road,E01022101,Cheltenham 008B,Criminal damage and arson,Investigation complete; no suspect identified,
9ec5f84307bdd398efb6dd9c20b7907d5d38fa72a4f9aaaca9692e4847244f08,2012-02,Gloucestershire Constabulary,Gloucestershire Constabulary,-2.067028,51.900826,On or near Fairview Close,E01022101,Cheltenham 008B,Criminal damage and arson,Investigation complete; no suspect identified,
ef5492be16d147e33e12d1f65a4e9e5bdf10ac276307c706f4bf8fa97500a458,2012-02,Gloucestershire Constabulary,Gloucestershire Constabulary,-2.064936,51.901295,On or near All Saints' Road,E01022101,Cheltenham 008B,Criminal damage and arson,Defendant found not guilty,
58774e6989dfc73ab58c97b5edb5b52796fba1374c6429011c7ac2b819cdad89,2012-02,Gloucestershire Constabulary,Gloucestershire Constabulary,-2.064936,51.901295,On or near All Saints' Road,E01022101,Cheltenham 008B,Criminal damage and arson,Defendant found not guilty,
0b60e509bda9f83db2d2a9b5adb4072946c5130bc015edf799a85c472df5ff5a,2012-02,Gloucestershire Constabulary,Gloucestershire Constabulary,-2.064936,51.901295,On or near All Saints' Road,E01022101,Cheltenham 008B,Criminal damage and arson,Defendant found not guilty,
f3d9e0fa305e09029ddd84299af27224ec8eb55273bac512f814c53e341b2a42,2012-02,Gloucestershire Constabulary,Gloucestershire Constabulary,-2.064936,51.901295,On or near All Saints' Road,E01022101,Cheltenham 008B,Criminal damage and arson,Defendant found not guilty,
d7a4cffa29ba12b41e1fe1241045060cc2d053eeab92f37c4e83190c43039d4f,2012-02,Gloucestershire Constabulary,Gloucestershire Constabulary,-2.064936,51.901295,On or near All Saints' Road,E01022101,Cheltenham 008B,Criminal damage and arson,Defendant found not guilty,
68f49811ba16bcaa1d4124a869c930689d4923881903fe534d711435f234abef,2012-02,Gloucestershire Constabulary,Gloucestershire Constabulary,-2.067028,51.900826,On or near Fairview Close,E01022101,Cheltenham 008B,Drugs,,
a032341870a19e3fb98c1e51d709112f9c9baf182f2022874e60f0bddda5d5cd,2012-02,Gloucestershire Constabulary,Gloucestershire Constabulary,-2.066911,51.900476,On or near Fairview Road,E01022101,Cheltenham 008B,Other theft,,
6f7363c2a9878eac5273145b9e2adb36cc2c26f6c322b34e6ee647c7f65356a2,2012-02,Gloucestershire Constabulary,Gloucestershire Constabulary,-2.067028,51.900826,On or near Fairview Close,E01022101,Cheltenham 008B,Vehicle crime,,
,2012-02,Gloucestershire Constabulary,Gloucestershire Constabulary,-2.069217,51.897130,On or near Berkeley Place,E01022102,Cheltenham 008C,Anti-social behaviour,,
,2012-02,Gloucestershire Constabulary,Gloucestershire Constabulary,-2.074658,51.901001,On or near High Street,E01022102,Cheltenham 008C,Anti-social behaviour,,
,2012-02,Gloucestershire Constabulary,Gloucestershire Constabulary,-2.073801,51.901182,On or near Pittville Street,E01022102,Cheltenham 008C,Anti-social behaviour,,
,2012-02,Gloucestershire Constabulary,Gloucestershire Constabulary,-2.074658,51.901001,On or near High Street,E01022102,Cheltenham 008C,Anti-social behaviour,,
,2012-02,Gloucestershire Constabulary,Gloucestershire Constabulary,-2.072726,51.901075,On or near Nightclub,E01022102,Cheltenham 008C,Anti-social behaviour,,
,2012-02,Gloucestershire Constabulary,Gloucestershire Constabulary,-2.072726,51.901075,On or near Nightclub,E01022102,Cheltenham 008C,Anti-social behaviour,,
,2012-02,Gloucestershire Constabulary,Gloucestershire Constabulary,-2.073687,51.902387,On or near North Place,E01022102,Cheltenham 008C,Anti-social behaviour,,
,2012-02,Gloucestershire Constabulary,Gloucestershire Constabulary,-2.071724,51.901624,On or near Winchcombe Street,E01022102,Cheltenham 008C,Anti-social behaviour,,
,2012-02,Gloucestershire Constabulary,Gloucestershire Constabulary,-2.066881,51.899765,On or near St Anne'S Terrace,E01022102,Cheltenham 008C,Anti-social behaviour,,
,2012-02,Gloucestershire Constabulary,Gloucestershire Constabulary,-2.071777,51.898495,On or near Supermarket,E01022102,Cheltenham 008C,Anti-social behaviour,,
,2012-02,Gloucestershire Constabulary,Gloucestershire Constabulary,-2.068883,51.897499,On or near Berkeley Street,E01022102,Cheltenham 008C,Anti-social behaviour,,
,2012-02,Gloucestershire Constabulary,Gloucestershire Constabulary,-2.071777,51.898495,On or near Supermarket,E01022102,Cheltenham 008C,Anti-social behaviour,,
,2012-02,Gloucestershire Constabulary,Gloucestershire Constabulary,-2.071724,51.901624,On or near Winchcombe Street,E01022102,Cheltenham 008C,Anti-social behaviour,,
,2012-02,Gloucestershire Constabulary,Gloucestershire Constabulary,-2.070690,51.900438,On or near Albion Street,E01022102,Cheltenham 008C,Anti-social behaviour,,
,2012-02,Gloucestershire Constabulary,Gloucestershire Constabulary,-2.069456,51.901715,On or near Sherborne Street,E01022102,Cheltenham 008C,Anti-social behaviour,,
,2012-02,Gloucestershire Constabulary,Gloucestershire Constabulary,-2.073687,51.902387,On or near North Place,E01022102,Cheltenham 008C,Anti-social behaviour,,
,2012-02,Gloucestershire Constabulary,Gloucestershire Constabulary,-2.074658,51.901001,On or near High Street,E01022102,Cheltenham 008C,Anti-social behaviour,,
,2012-02,Gloucestershire Constabulary,Gloucestershire Constabulary,-2.072726,51.901075,On or near Nightclub,E01022102,Cheltenham 008C,Anti-social behaviour,,
,2012-02,Gloucestershire Constabulary,Gloucestershire Constabulary,-2.071777,51.898495,On or near Supermarket,E01022102,Cheltenham 008C,Anti-social behaviour,,
ced129138b780d87e5376bf95663fb4c4f166923de96771ff21672806ee70451,2012-02,Gloucestershire Constabulary,Gloucestershire Constabulary,-2.071777,51.898495,On or near Supermarket,E01022102,Cheltenham 008C,Burglary,Investigation complete; no suspect identified,
064f54fbb01178499972e49a52721d03c3d05a3f89228458e0ab09259858f591,2012-02,Gloucestershire Constabulary,Gloucestershire Constabulary,-2.071124,51.899376,On or near Grosvenor Terrace,E01022102,Cheltenham 008C,Criminal damage and arson,,
edb12605abb2c8683b25ad4af77ae049662b86cec24f8a096ed70da6f9e638c1,2012-02,Gloucestershire Constabulary,Gloucestershire Constabulary,-2.071777,51.898495,On or near Supermarket,E01022102,Cheltenham 008C,Criminal damage and arson,Offender given conditional discharge,
f56c3b6d071ccc583770c2dad199a793aa11b0716cca6a4ff9f8f1347b89495f,2012-02,Gloucestershire Constabulary,Gloucestershire Constabulary,-2.071777,51.898495,On or near Supermarket,E01022102,Cheltenham 008C,Criminal damage and arson,Offender given conditional discharge,
0de2eb1d1b04a2c4896ea3c4656f1b804eecd6981d5a16c2f1b08b5caec7c0d7,2012-02,Gloucestershire Constabulary,Gloucestershire Constabulary,-2.069217,51.897130,On or near Berkeley Place,E01022102,Cheltenham 008C,Drugs,,
e2b37378371d83fdce3cdea50f3f6f3527380e3172db7983a0c49a4ff360ef73,2012-02,Gloucestershire Constabulary,Gloucestershire Constabulary,-2.069217,51.897130,On or near Berkeley Place,E01022102,Cheltenham 008C,Other theft,,
8fc4d4a92c5a5cdd955bc473fd56ac8e0a6780371a393062f2ffcde8f820502e,2012-02,Gloucestershire Constabulary,Gloucestershire Constabulary,-2.071997,51.899969,On or near Shopping Area,E01022102,Cheltenham 008C,Other theft,,
1a4386a4de0854c4e647dd1b03a685bb538761e87855e5ec1c39a5b8a05555f9,2012-02,Gloucestershire Constabulary,Gloucestershire Constabulary,-2.073582,51.900643,On or near Shopping Area,E01022102,Cheltenham 008C,Other theft,,
9e6281eee971a402fe9130e0e1ff88bfac35d239a4b094713f6faf82eea9d773,2012-02,Gloucestershire Constabulary,Gloucestershire Constabulary,-2.071187,51.902128,On or near Fairview Road,E01022102,Cheltenham 008C,Other theft,,
fd61cf8c043e3a569b01c53e72c7c9fc00cb0bd0670a1ce0feff90f9404a1f7b,2012-02,Gloucestershire Constabulary,Gloucestershire Constabulary,-2.070690,51.900438,On or near Albion Street,E01022102,Cheltenham 008C,Other theft,,
788d521699ffda1ac93ce012e4f00f84934dd2db373b0833e3c888fc8257f9a4,2012-02,Gloucestershire Constabulary,Gloucestershire Constabulary,-2.070690,51.900438,On or near Albion Street,E01022102,Cheltenham 008C,Other theft,,
7c970fcdcc09557f1dcb1c50ceff9fb99f761d5b704e83976959d5b9b7b93d34,2012-02,Gloucestershire Constabulary,Gloucestershire Constabulary,-2.069629,51.900726,On or near Sherborne Place,E01022102,Cheltenham 008C,Other theft,,
56b7e25181e776dfc87b30f98438ca3e311d46b25932c838c0f3eeaae3b974c5,2012-02,Gloucestershire Constabulary,Gloucestershire Constabulary,-2.073582,51.900643,On or near Shopping Area,E01022102,Cheltenham 008C,Public disorder and weapons,,
72c9c99292c9c0e474f7281e0c7c81254f80fa79e6fae6aadf981c1d07fb711c,2012-02,Gloucestershire Constabulary,Gloucestershire Constabulary,-2.070382,51.898693,On or near Grosvenor Street,E01022102,Cheltenham 008C,Robbery,Offender sent to prison,
83cbaa5541274c64fad49f3947a2321d4614ab75fd381b73aee965497897e8b7,2012-02,Gloucestershire Constabulary,Gloucestershire Constabulary,-2.071997,51.899969,On or near Shopping Area,E01022102,Cheltenham 008C,Shoplifting,,
a732f3545f84d0973d2baf65a0dc7b67c3dea96f5a12591eda4c20f7f181f960,2012-02,Gloucestershire Constabulary,Gloucestershire Constabulary,-2.071124,51.899376,On or near Grosvenor Terrace,E01022102,Cheltenham 008C,Shoplifting,,
c1764b8261152f8f40c843d3d6e241ddecd1454e27f43857ccf8b265a73c21fe,2012-02,Gloucestershire Constabulary,Gloucestershire Constabulary,-2.071997,51.899969,On or near Shopping Area,E01022102,Cheltenham 008C,Shoplifting,,
2a1757d13f37ab51a846be057ad02cb160168ce99c5e2138c5678eeb2b41c354,2012-02,Gloucestershire Constabulary,Gloucestershire Constabulary,-2.071649,51.900572,On or near Shopping Area,E01022102,Cheltenham 008C,Shoplifting,Offender fined,
155ff5e95e20ec770c1cfe1bede157ae03d732260ad346f2ee4d38d7904e1735,2012-02,Gloucestershire Constabulary,Gloucestershire Constabulary,-2.073582,51.900643,On or near Shopping Area,E01022102,Cheltenham 008C,Shoplifting,,
8034b97f0f14b85afa0719043c698ebfc1e65ae208830af476a56f44f6566890,2012-02,Gloucestershire Constabulary,Gloucestershire Constabulary,-2.071997,51.899969,On or near Shopping Area,E01022102,Cheltenham 008C,Shoplifting,Offender given conditional discharge,
e0bd92bbdf96250ab540d8b83961c4efdfd5885e7060540d54148777c227310b,2012-02,Gloucestershire Constabulary,Gloucestershire Constabulary,-2.074658,51.901001,On or near High Street,E01022102,Cheltenham 008C,Shoplifting,,
919c75bf6478e34eedbde0b45ead763f8b993fa7a3f38c1ca46385a591d1af9d,2012-02,Gloucestershire Constabulary,Gloucestershire Constabulary,-2.074658,51.901001,On or near High Street,E01022102,Cheltenham 008C,Shoplifting,Offender given community sentence,
4db488efe7e9a42ac61bb055b5a035b8a64d9890b5d18ff45433df29a039e1e2,2012-02,Gloucestershire Constabulary,Gloucestershire Constabulary,-2.074658,51.901001,On or near High Street,E01022102,Cheltenham 008C,Shoplifting,,
90b8f1c0e4faaf93b66f80842ec4ab01476b3f819836b63c8b7addfd790aabb1,2012-02,Gloucestershire Constabulary,Gloucestershire Constabulary,-2.073582,51.900643,On or near Shopping Area,E01022102,Cheltenham 008C,Shoplifting,Offender sent to prison,
d643639aa197f111547a0d6ff5b8579847359253abc951e5b7dcf0dacabc03a2,2012-02,Gloucestershire Constabulary,Gloucestershire Constabulary,-2.074658,51.901001,On or near High Street,E01022102,Cheltenham 008C,Shoplifting,,
62587e8e89f3dd0d0f57567cd82eda0ccc8ac71b2e9066b709e3385271ac5548,2012-02,Gloucestershire Constabulary,Gloucestershire Constabulary,-2.074658,51.901001,On or near High Street,E01022102,Cheltenham 008C,Shoplifting,Investigation complete; no suspect identified,
dd9068b5bb25895842a60056dc56c930d97ef1108f7c577428a04db2ee2d58f0,2012-02,Gloucestershire Constabulary,Gloucestershire Constabulary,-2.074658,51.901001,On or near High Street,E01022102,Cheltenham 008C,Shoplifting,,
0e4d9a3787bf9596ffa3e66f734e1f29a53ab8437d87f7c756f3a8e2349658cf,2012-02,Gloucestershire Constabulary,Gloucestershire Constabulary,-2.071997,51.899969,On or near Shopping Area,E01022102,Cheltenham 008C,Shoplifting,Investigation complete; no suspect identified,
d0e3532f624e67892da1c8cf6693118bd981fba5d3779b53c781d93cda9b55e7,2012-02,Gloucestershire Constabulary,Gloucestershire Constabulary,-2.074658,51.901001,On or near High Street,E01022102,Cheltenham 008C,Shoplifting,,
b26d5ea8b61c74f9e0ae0de60ba71217c0715c5f41945ec73a86ea6ee50e0f76,2012-02,Gloucestershire Constabulary,Gloucestershire Constabulary,-2.073582,51.900643,On or near Shopping Area,E01022102,Cheltenham 008C,Shoplifting,,
adc3bcac7679aa09db4aff8b6145c16f0bef32f06c293acbb34f20fe5e7fffd8,2012-02,Gloucestershire Constabulary,Gloucestershire Constabulary,-2.074658,51.901001,On or near High Street,E01022102,Cheltenham 008C,Shoplifting,,
31def95f4ad9eb0e77f140e1566a05d4c7e4e69d988fe4b962a4f54be835b17d,2012-02,Gloucestershire Constabulary,Gloucestershire Constabulary,-2.074658,51.901001,On or near High Street,E01022102,Cheltenham 008C,Shoplifting,,
0e1aadc9c079ec6b2bb04d5723f54a02bec360c61602908f04733fcf6e86c241,2012-02,Gloucestershire Constabulary,Gloucestershire Constabulary,-2.074658,51.901001,On or near High Street,E01022102,Cheltenham 008C,Shoplifting,,
d4e319d4eaff033538f9e6a771f2a064da16b4ab8f07fa2b6e5737824cc6fdd9,2012-02,Gloucestershire Constabulary,Gloucestershire Constabulary,-2.074658,51.901001,On or near High Street,E01022102,Cheltenham 008C,Shoplifting,,
b99424d5289f4b896a24bd0356a00da1aa082493a33afac914ea1fb8b8c069a2,2012-02,Gloucestershire Constabulary,Gloucestershire Constabulary,-2.074658,51.901001,On or near High Street,E01022102,Cheltenham 008C,Shoplifting,,
78a5b6ea5f7d7d5a5c613fd3e8b020773d213a29a17bbffddc79f7ef77190e19,2012-02,Gloucestershire Constabulary,Gloucestershire Constabulary,-2.074658,51.901001,On or near High Street,E01022102,Cheltenham 008C,Shoplifting,,
cc93339f7917266cd715242b3210c2180d4fe0e821d1bc20666b21de9b7eaba1,2012-02,Gloucestershire Constabulary,Gloucestershire Constabulary,-2.073582,51.900643,On or near Shopping Area,E01022102,Cheltenham 008C,Shoplifting,,
73e5fda9b6b905bda586a00b69e3afccbf838d125549f7c586558c9c8a1e18d4,2012-02,Gloucestershire Constabulary,Gloucestershire Constabulary,-2.074658,51.901001,On or near High Street,E01022102,Cheltenham 008C,Shoplifting,,
c128970e68b31454bfed9c07c104341dfc03aef90d94e023106e85b506917c0c,2012-02,Gloucestershire Constabulary,Gloucestershire Constabulary,-2.073582,51.900643,On or near Shopping Area,E01022102,Cheltenham 008C,Shoplifting,Local resolution,
0729f2d6ec5cb3e5e9b3aba0dc61f9ad9a759ac3e6caa92bf66a1e853111c8d1,2012-02,Gloucestershire Constabulary,Gloucestershire Constabulary,-2.072726,51.901075,On or near Nightclub,E01022102,Cheltenham 008C,Violent crime,Investigation complete; no suspect identified,
6fd41d806c84f6bff0f397385075af84fc248b2eeb4560f84a909398602e2812,2012-02,Gloucestershire Constabulary,Gloucestershire Constabulary,-2.073801,51.901182,On or near Pittville Street,E01022102,Cheltenham 008C,Violent crime,,
d4a3f40c23b7b754fae373e8fbb6bba54537ef5ef320dc0ec59dd325eb112df4,2012-02,Gloucestershire Constabulary,Gloucestershire Constabulary,-2.072726,51.901075,On or near Nightclub,E01022102,Cheltenham 008C,Violent crime,Investigation complete; no suspect identified,
b3caa0ea3de80745f00b16bdc6e1f36088e5ac492bbbdf203bba325ccc724897,2012-02,Gloucestershire Constabulary,Gloucestershire Constabulary,-2.074658,51.901001,On or near High Street,E01022102,Cheltenham 008C,Violent crime,,
6bbe68394c859f5b8824b370fee5f582d1629484b34dfdc2ede3045f74a36906,2012-02,Gloucestershire Constabulary,Gloucestershire Constabulary,-2.072726,51.901075,On or near Nightclub,E01022102,Cheltenham 008C,Violent crime,Investigation complete; no suspect identified,
eaff76ea47baba4ca4089fdb2dad2e85a110f22e2ee274d6c9998adbf9ab8712,2012-02,Gloucestershire Constabulary,Gloucestershire Constabulary,-2.073801,51.901182,On or near Pittville Street,E01022102,Cheltenham 008C,Other crime,,
bad1103f3bcd08fd039aef75d23828e3c1c37ed8390f2169e9831bd0384fb6a4,2012-02,Gloucestershire Constabulary,Gloucestershire Constabulary,-2.064668,51.907067,On or near Pittville Crescent Lane,E01022140,Cheltenham 008D,Drugs,Offender fined,
de3bf8344956704b987bac33ec352c7225e5824b6061a8d39801bd58cc96cfeb,2012-02,Gloucestershire Constabulary,Gloucestershire Constabulary,-2.056895,51.910578,On or near Welland Court,E01022140,Cheltenham 008D,Vehicle crime,,
,2012-02,Gloucestershire Constabulary,Gloucestershire Constabulary,-2.071583,51.904411,On or near Clarence Road,E01022141,Cheltenham 008E,Anti-social behaviour,,
,2012-02,Gloucestershire Constabulary,Gloucestershire Constabulary,-2.070057,51.904655,On or near Pittville Mews,E01022141,Cheltenham 008E,Anti-social behaviour,,
,2012-02,Gloucestershire Constabulary,Gloucestershire Constabulary,-2.071583,51.904411,On or near Clarence Road,E01022141,Cheltenham 008E,Anti-social behaviour,,
56afb43a639b618610db729d381ff0946c76c8e614e17ff474b640aeb7298bbc,2012-02,Gloucestershire Constabulary,Gloucestershire Constabulary,-2.070960,51.905850,On or near Wellington Lane,E01022141,Cheltenham 008E,Burglary,Investigation complete; no suspect identified,
e28fbbfcd0669dab3970f34621c6a248c5f3b884bf545f68cc57c2949f0f6bcf,2012-02,Gloucestershire Constabulary,Gloucestershire Constabulary,-2.065682,51.904567,On or near Pittville Circus,E01022141,Cheltenham 008E,Other theft,,
5ef74402a17ec48915c34806966bc2310fe5dadcad28848ca0585abbb4586d4e,2012-02,Gloucestershire Constabulary,Gloucestershire Constabulary,-2.065682,51.904567,On or near Pittville Circus,E01022141,Cheltenham 008E,Other theft,,
cea89df2e0df55f961f93e29ec7da7e2c5ea0e95f630e01d28ca31f1931eb0ed,2012-02,Gloucestershire Constabulary,Gloucestershire Constabulary,-2.065682,51.904567,On or near Pittville Circus,E01022141,Cheltenham 008E,Violent crime,Investigation complete; no suspect identified,
95513879537b82d5d09528e71f2248709ef707d6a7e4e5d0a05879d0525f834a,2012-02,Gloucestershire Constabulary,Gloucestershire Constabulary,-2.065682,51.904567,On or near Pittville Circus,E01022141,Cheltenham 008E,Violent crime,Court result unavailable,
297f8229c7d3672ee2388e72303a373ac532f23ee661e4ff9659bb69f13271eb,2012-02,Gloucestershire Constabulary,Gloucestershire Constabulary,-2.065682,51.904567,On or near Pittville Circus,E01022141,Cheltenham 008E,Violent crime,,
394b32491ad6dd0e07596776b507b455613c9446a47f5b307ffdc621d65fe3f1,2012-02,Gloucestershire Constabulary,Gloucestershire Constabulary,-2.068770,51.909034,On or near Evesham Road,E01022141,Cheltenham 008E,Violent crime,,
1a726c1cbd967762ac061be56324a0e0ee4ca7bc67d7321a1f3d2495cb5b6b51,2012-02,Gloucestershire Constabulary,Gloucestershire Constabulary,-2.065682,51.904567,On or near Pittville Circus,E01022141,Cheltenham 008E,Other crime,,
,2012-02,Gloucestershire Constabulary,Gloucestershire Constabulary,-2.064649,51.904163,On or near Selkirk Close,E01022142,Cheltenham 008F,Anti-social behaviour,,
cb3a5cf7c7d6b5e036b1aa11f551739d0a6828e2ae14e4c8f35c84b121ba58f3,2012-02,Gloucestershire Constabulary,Gloucestershire Constabulary,-2.070636,51.903045,On or near Winchcombe Street,E01022142,Cheltenham 008F,Burglary,,
666cf9445b251a6fe31ef977073a7263108ff98698abaf9421e3f9b253989e7e,2012-02,Gloucestershire Constabulary,Gloucestershire Constabulary,-2.068265,51.902102,On or near Jersey Street,E01022142,Cheltenham 008F,Criminal damage and arson,,
3cfc9859623b1f394da4d70acfa45c1f8e68bc71448ca810a03ec8df3a9b9b97,2012-02,Gloucestershire Constabulary,Gloucestershire Constabulary,-2.070636,51.903045,On or near Winchcombe Street,E01022142,Cheltenham 008F,Drugs,,
440fbd0cbf3ab205596abd5ff1b325453f5e9c68d48f17d721a778db454936c3,2012-02,Gloucestershire Constabulary,Gloucestershire Constabulary,-2.068355,51.904008,On or near Portland Place,E01022142,Cheltenham 008F,Other theft,Investigation complete; no suspect identified,
32fa0d89012d70a404c0c9e6456d882f0d415e67731468ca78c7b3f0403d80f1,2012-02,Gloucestershire Constabulary,Gloucestershire Constabulary,-2.068747,51.903765,On or near Portland Square,E01022142,Cheltenham 008F,Other theft,,
,2012-02,Gloucestershire Constabulary,Gloucestershire Constabulary,-2.071883,51.892111,On or near Hospital,E01022116,Cheltenham 009A,Anti-social behaviour,,
,2012-02,Gloucestershire Constabulary,Gloucestershire Constabulary,-2.071877,51.897515,On or near Vernon Place,E01022116,Cheltenham 009A,Anti-social behaviour,,
,2012-02,Gloucestershire Constabulary,Gloucestershire Constabulary,-2.072750,51.898269,On or near Bath Street,E01022116,Cheltenham 009A,Anti-social behaviour,,
,2012-02,Gloucestershire Constabulary,Gloucestershire Constabulary,-2.071883,51.892111,On or near Hospital,E01022116,Cheltenham 009A,Anti-social behaviour,,
,2012-02,Gloucestershire Constabulary,Gloucestershire Constabulary,-2.070903,51.897327,On or near Barratt'S Mill Lane,E01022116,Cheltenham 009A,Anti-social behaviour,,
,2012-02,Gloucestershire Constabulary,Gloucestershire Constabulary,-2.076229,51.893098,On or near Bath Road,E01022116,Cheltenham 009A,Anti-social behaviour,,
,2012-02,Gloucestershire Constabulary,Gloucestershire Constabulary,-2.070903,51.897327,On or near Barratt'S Mill Lane,E01022116,Cheltenham 009A,Anti-social behaviour,,
,2012-02,Gloucestershire Constabulary,Gloucestershire Constabulary,-2.071883,51.892111,On or near Hospital,E01022116,Cheltenham 009A,Anti-social behaviour,,
,2012-02,Gloucestershire Constabulary,Gloucestershire Constabulary,-2.072750,51.898269,On or near Bath Street,E01022116,Cheltenham 009A,Anti-social behaviour,,
,2012-02,Gloucestershire Constabulary,Gloucestershire Constabulary,-2.071883,51.892111,On or near Hospital,E01022116,Cheltenham 009A,Anti-social behaviour,,
,2012-02,Gloucestershire Constabulary,Gloucestershire Constabulary,-2.076229,51.893098,On or near Bath Road,E01022116,Cheltenham 009A,Anti-social behaviour,,
,2012-02,Gloucestershire Constabulary,Gloucestershire Constabulary,-2.068192,51.892033,On or near College Baths Road,E01022116,Cheltenham 009A,Anti-social behaviour,,
,2012-02,Gloucestershire Constabulary,Gloucestershire Constabulary,-2.076229,51.893098,On or near Bath Road,E01022116,Cheltenham 009A,Anti-social behaviour,,
,2012-02,Gloucestershire Constabulary,Gloucestershire Constabulary,-2.069986,51.896761,On or near Nightclub,E01022116,Cheltenham 009A,Anti-social behaviour,,
,2012-02,Gloucestershire Constabulary,Gloucestershire Constabulary,-2.069986,51.896761,On or near Nightclub,E01022116,Cheltenham 009A,Anti-social behaviour,,
,2012-02,Gloucestershire Constabulary,Gloucestershire Constabulary,-2.071883,51.892111,On or near Hospital,E01022116,Cheltenham 009A,Anti-social behaviour,,
92d9d66e73093779e65e56eae4bc4e943c9cdfb5073706d6027c0822cf01ceb1,2012-02,Gloucestershire Constabulary,Gloucestershire Constabulary,-2.072529,51.896211,On or near Bath Parade,E01022116,Cheltenham 009A,Burglary,Investigation complete; no suspect identified,
4e3c5d10c74c23774971b5b6b863e9bb878799cfbc396451e58f62274f8aa73d,2012-02,Gloucestershire Constabulary,Gloucestershire Constabulary,-2.072352,51.894709,On or near College Road,E01022116,Cheltenham 009A,Burglary,,
783167874d3845beee6f4a1739e94802adead1694ecb096b11b0960f59b2bed2,2012-02,Gloucestershire Constabulary,Gloucestershire Constabulary,-2.073602,51.894978,On or near St Luke'S Road,E01022116,Cheltenham 009A,Burglary,Investigation complete; no suspect identified,
182b9f88edf7283348e59188b6e86889e266f02411b0e9c2a3c7150f8db55622,2012-02,Gloucestershire Constabulary,Gloucestershire Constabulary,-2.070903,51.897327,On or near Barratt'S Mill Lane,E01022116,Cheltenham 009A,Burglary,,
b6d7c4e17e7d6a564a602182b3e0d3f9a7f6f5fbea7654c9296da4658c29cde9,2012-02,Gloucestershire Constabulary,Gloucestershire Constabulary,-2.070903,51.897327,On or near Barratt'S Mill Lane,E01022116,Cheltenham 009A,Burglary,,
02df8e5a602fd1652949cdb38bd608a5e96d53618cd7213dae1009e1022e91f3,2012-02,Gloucestershire Constabulary,Gloucestershire Constabulary,-2.072037,51.897479,On or near Nightclub,E01022116,Cheltenham 009A,Criminal damage and arson,,
e90d0eaaa1e8a4ea9af1feaff3f5d3ade854fc48628bd16a26256cf325ab2596,2012-02,Gloucestershire Constabulary,Gloucestershire Constabulary,-2.071877,51.897515,On or near Vernon Place,E01022116,Cheltenham 009A,Criminal damage and arson,,
7519ac6b1b3a01c9573b7f0d305aa98dae91abb1743280af6dd1441becbc8061,2012-02,Gloucestershire Constabulary,Gloucestershire Constabulary,-2.076229,51.893098,On or near Bath Road,E01022116,Cheltenham 009A,Other theft,Investigation complete; no suspect identified,
82bc44fd8a16e236e5159bf0c046a59e642151dd4a29e4eb410440eea9e07e6b,2012-02,Gloucestershire Constabulary,Gloucestershire Constabulary,-2.072037,51.897479,On or near Nightclub,E01022116,Cheltenham 009A,Other theft,,
0859e6782a1c048dac0c738928ad1720e53707edaee871c3c5076a0e13095b03,2012-02,Gloucestershire Constabulary,Gloucestershire Constabulary,-2.072037,51.897479,On or near Nightclub,E01022116,Cheltenham 009A,Other theft,,
4c413b774e0a1410cc02e364dcb844542abf5c39afa0f28dbf6ec477c98fbd04,2012-02,Gloucestershire Constabulary,Gloucestershire Constabulary,-2.071883,51.892111,On or near Hospital,E01022116,Cheltenham 009A,Other theft,,
841701e20e48a4f0c51de69a45e34cd32bee1d47a3fcee619b97c5ae54413719,2012-02,Gloucestershire Constabulary,Gloucestershire Constabulary,-2.072037,51.897479,On or near Nightclub,E01022116,Cheltenham 009A,Other theft,,
b1bd49ea9e1d46837cb5e9c19f622ec86ada850917bef3c1b3426d805b69c20b,2012-02,Gloucestershire Constabulary,Gloucestershire Constabulary,-2.069987,51.897012,On or near High Street,E01022116,Cheltenham 009A,Other theft,,
909673264a6b993ff1648b2a986f03b8eaac1740e4a3cb6841b13f9e4e634ceb,2012-02,Gloucestershire Constabulary,Gloucestershire Constabulary,-2.076229,51.893098,On or near Bath Road,E01022116,Cheltenham 009A,Other theft,,
8f1efcd0725a64e1bfebe6e11040557385afef906e8e388dd87ed4b8bc0060b0,2012-02,Gloucestershire Constabulary,Gloucestershire Constabulary,-2.070903,51.897327,On or near Barratt'S Mill Lane,E01022116,Cheltenham 009A,Other theft,,
4d3ce8da4b35bbc9a24d251984be390a570a947c1346c2cd9487739a0c1abbaa,2012-02,Gloucestershire Constabulary,Gloucestershire Constabulary,-2.072037,51.897479,On or near Nightclub,E01022116,Cheltenham 009A,Other theft,,
36fc420851677ac30980f8022298e079c8add0e4b468ae9906018ad89f67e099,2012-02,Gloucestershire Constabulary,Gloucestershire Constabulary,-2.074967,51.894528,On or near Cedar Court Road,E01022116,Cheltenham 009A,Violent crime,Investigation complete; no suspect identified,
5423c89e532ef157a9cdce41e69b96b3108806b1132a03deb27722dc43bdd2ed,2012-02,Gloucestershire Constabulary,Gloucestershire Constabulary,-2.072037,51.897479,On or near Nightclub,E01022116,Cheltenham 009A,Violent crime,,
0b1c9bc26d953ad0c8e089f0938770ad69c9bfd7032f976852979c429d10521f,2012-02,Gloucestershire Constabulary,Gloucestershire Constabulary,-2.070903,51.897327,On or near Barratt'S Mill Lane,E01022116,Cheltenham 009A,Violent crime,Investigation complete; no suspect identified,
54afc6b14d1d051331b2336a0bb81921349d73a63b0d53da50f67595f888554f,2012-02,Gloucestershire Constabulary,Gloucestershire Constabulary,-2.069986,51.896761,On or near Nightclub,E01022116,Cheltenham 009A,Other crime,Investigation complete; no suspect identified,
,2012-02,Gloucestershire Constabulary,Gloucestershire Constabulary,-2.075451,51.896802,On or near Oriel Road,E01022117,Cheltenham 009B,Anti-social behaviour,,
,2012-02,Gloucestershire Constabulary,Gloucestershire Constabulary,-2.073233,51.900022,On or near High Street,E01022117,Cheltenham 009B,Anti-social behaviour,,
,2012-02,Gloucestershire Constabulary,Gloucestershire Constabulary,-2.077153,51.897826,On or near Imperial Lane,E01022117,Cheltenham 009B,Anti-social behaviour,,
,2012-02,Gloucestershire Constabulary,Gloucestershire Constabulary,-2.077153,51.897826,On or near Imperial Lane,E01022117,Cheltenham 009B,Anti-social behaviour,,
,2012-02,Gloucestershire Constabulary,Gloucestershire Constabulary,-2.077547,51.898797,On or near Promenade,E01022117,Cheltenham 009B,Anti-social behaviour,,
,2012-02,Gloucestershire Constabulary,Gloucestershire Constabulary,-2.077153,51.897826,On or near Imperial Lane,E01022117,Cheltenham 009B,Anti-social behaviour,,
,2012-02,Gloucestershire Constabulary,Gloucestershire Constabulary,-2.077547,51.898797,On or near Promenade,E01022117,Cheltenham 009B,Anti-social behaviour,,
,2012-02,Gloucestershire Constabulary,Gloucestershire Constabulary,-2.074686,51.899941,On or near Nightclub,E01022117,Cheltenham 009B,Anti-social behaviour,,
,2012-02,Gloucestershire Constabulary,Gloucestershire Constabulary,-2.074641,51.899464,On or near Shopping Area,E01022117,Cheltenham 009B,Anti-social behaviour,,
,2012-02,Gloucestershire Constabulary,Gloucestershire Constabulary,-2.073567,51.900076,On or near Shopping Area,E01022117,Cheltenham 009B,Anti-social behaviour,,
,2012-02,Gloucestershire Constabulary,Gloucestershire Constabulary,-2.073567,51.900076,On or near Shopping Area,E01022117,Cheltenham 009B,Anti-social behaviour,,
,2012-02,Gloucestershire Constabulary,Gloucestershire Constabulary,-2.074641,51.899464,On or near Shopping Area,E01022117,Cheltenham 009B,Anti-social behaviour,,
8ccb6e7b79210eb16ba5de85cf03bc07c90ea923e1c0939492916aaf7889a955,2012-02,Gloucestershire Constabulary,Gloucestershire Constabulary,-2.074641,51.899464,On or near Shopping Area,E01022117,Cheltenham 009B,Criminal damage and arson,,
bd2590e0b5b9489891126909e8ac99cc38104d366a0afc9024a29b83c7e6f785,2012-02,Gloucestershire Constabulary,Gloucestershire Constabulary,-2.076399,51.899076,On or near Ormond Place,E01022117,Cheltenham 009B,Criminal damage and arson,,
3b462fb1f6515b3f3d08a59967f23f70d0708100a3b1d47dc069dd5604bf98ec,2012-02,Gloucestershire Constabulary,Gloucestershire Constabulary,-2.076399,51.899076,On or near Ormond Place,E01022117,Cheltenham 009B,Drugs,Offender given community sentence,
2371c4c06322d83f412d746f9a83cdecc89788c013869f01c808213d0971064c,2012-02,Gloucestershire Constabulary,Gloucestershire Constabulary,-2.074686,51.899941,On or near Nightclub,E01022117,Cheltenham 009B,Drugs,,
f081174680b89de02a1fd9d935af22e2e9a9fdfea2b78b54d86e585a484e5b7f,2012-02,Gloucestershire Constabulary,Gloucestershire Constabulary,-2.077153,51.897826,On or near Imperial Lane,E01022117,Cheltenham 009B,Other theft,Investigation complete; no suspect identified,
560f647954e0fe415aaa97d28bf5372a0a40eea79e7c6abc573c56c8ff0444e2,2012-02,Gloucestershire Constabulary,Gloucestershire Constabulary,-2.073567,51.900076,On or near Shopping Area,E01022117,Cheltenham 009B,Other theft,,
3cc930b100c160458ac79e28636b5965ba9d81b4b81745e186990ed065254cc4,2012-02,Gloucestershire Constabulary,Gloucestershire Constabulary,-2.074641,51.899464,On or near Shopping Area,E01022117,Cheltenham 009B,Other theft,Investigation complete; no suspect identified,
76654268bbc0644b6668f64ccfeacc0de817f34693c098375b742d863c459128,2012-02,Gloucestershire Constabulary,Gloucestershire Constabulary,-2.077153,51.897826,On or near Imperial Lane,E01022117,Cheltenham 009B,Other theft,,
6c4956297e5705d3375b09c9046faa87900c08e8e89dc4fb96f1629b0ecbf01d,2012-02,Gloucestershire Constabulary,Gloucestershire Constabulary,-2.073233,51.900022,On or near High Street,E01022117,Cheltenham 009B,Other theft,,
db418c5f3fb1d3e786d063a99f246dd0f2e41de10f6d4acfd99b7758362084a2,2012-02,Gloucestershire Constabulary,Gloucestershire Constabulary,-2.074641,51.899464,On or near Shopping Area,E01022117,Cheltenham 009B,Other theft,,
1cb458e128751710e170d63e779d027edfe0d76105413e60fd92907b121ed2fc,2012-02,Gloucestershire Constabulary,Gloucestershire Constabulary,-2.073233,51.900022,On or near High Street,E01022117,Cheltenham 009B,Other theft,,
81de6b84de8a962940ae404f400b44304a8ee442098163975884af5f6d0d0c1f,2012-02,Gloucestershire Constabulary,Gloucestershire Constabulary,-2.073233,51.900022,On or near High Street,E01022117,Cheltenham 009B,Other theft,,
01042f1f67fa6bbea26a83dee9e9f5d65892d3aac8e66082133daf3301ae60d2,2012-02,Gloucestershire Constabulary,Gloucestershire Constabulary,-2.074641,51.899464,On or near Shopping Area,E01022117,Cheltenham 009B,Other theft,,
bd74cda8cea9f56288e9ac9c0eeaa9f4ba7abd550ce61d24efbdba94db7d413c,2012-02,Gloucestershire Constabulary,Gloucestershire Constabulary,-2.076152,51.898996,On or near Regent Street,E01022117,Cheltenham 009B,Other theft,,
7a2a95f66598f9bf1ac169538a339c802178f9f90da1adbfaa3dd8968f1dde15,2012-02,Gloucestershire Constabulary,Gloucestershire Constabulary,-2.074686,51.899941,On or near Nightclub,E01022117,Cheltenham 009B,Other theft,,
ffa19070b71a27588a02fa8ddfe1f8f28effa027d8afbc5329771bdf40902745,2012-02,Gloucestershire Constabulary,Gloucestershire Constabulary,-2.074686,51.899941,On or near Nightclub,E01022117,Cheltenham 009B,Other theft,,
80c974f9c4d5565b96648cd0470d224009f836414569352e8c50f26576325d99,2012-02,Gloucestershire Constabulary,Gloucestershire Constabulary,-2.077153,51.897826,On or near Imperial Lane,E01022117,Cheltenham 009B,Other theft,,
a27c7b15c91cab10f3a2bab2cf7a82993de99ddaff896112aabb1b2899a3fc4f,2012-02,Gloucestershire Constabulary,Gloucestershire Constabulary,-2.077153,51.897826,On or near Imperial Lane,E01022117,Cheltenham 009B,Other theft,,
219fd533e18c8abfa2d9fb2f259f12043a43cef6da6f9ebe09c3dc7b4f31fd29,2012-02,Gloucestershire Constabulary,Gloucestershire Constabulary,-2.074641,51.899464,On or near Shopping Area,E01022117,Cheltenham 009B,Public disorder and weapons,,
95305dc394014ec7ef19c51332148d0373d54735fb265ba06a8307ec9c43325f,2012-02,Gloucestershire Constabulary,Gloucestershire Constabulary,-2.073567,51.900076,On or near Shopping Area,E01022117,Cheltenham 009B,Public disorder and weapons,,
31a730deef0932edc8d9b7dd0931c82edab573bac19d2432671aa3d525b3361c,2012-02,Gloucestershire Constabulary,Gloucestershire Constabulary,-2.073840,51.898449,On or near Cambray Place,E01022117,Cheltenham 009B,Robbery,,
79d8b7ce0437b9db938c1599d406c3118da1b9024d75e0af8b6e92a4823ed5b3,2012-02,Gloucestershire Constabulary,Gloucestershire Constabulary,-2.074686,51.899941,On or near Nightclub,E01022117,Cheltenham 009B,Shoplifting,Offender sent to prison,
edbeb9a87ce4637c0118c5b1ec685b87321007dd65af030aa4195ef8856ffa8d,2012-02,Gloucestershire Constabulary,Gloucestershire Constabulary,-2.074641,51.899464,On or near Shopping Area,E01022117,Cheltenham 009B,Shoplifting,Local resolution,
493512d858cfb87085843895b6fd2fade000dd398fc9bcc3fc25410cc8aeb90b,2012-02,Gloucestershire Constabulary,Gloucestershire Constabulary,-2.073233,51.900022,On or near High Street,E01022117,Cheltenham 009B,Shoplifting,Investigation complete; no suspect identified,
60070a8c5ce00d9ffed401183f9ebb58cde7bc71730ec58a87674cd7ce7d375f,2012-02,Gloucestershire Constabulary,Gloucestershire Constabulary,-2.074641,51.899464,On or near Shopping Area,E01022117,Cheltenham 009B,Shoplifting,,
f22e095187afd9e8ef5f0e2da32d1cc80d79935edd9f90dd7bfc3ce056e428da,2012-02,Gloucestershire Constabulary,Gloucestershire Constabulary,-2.073233,51.900022,On or near High Street,E01022117,Cheltenham 009B,Shoplifting,Investigation complete; no suspect identified,
ba663d953b98ad9fc6951f6a9eae6af1d980ec6760b2c683d749ec0dc9b83b73,2012-02,Gloucestershire Constabulary,Gloucestershire Constabulary,-2.074641,51.899464,On or near Shopping Area,E01022117,Cheltenham 009B,Shoplifting,,
6f45b6040ebdd13c402856b18b82e05010b0a796b1b8aa83812e8533258d0e33,2012-02,Gloucestershire Constabulary,Gloucestershire Constabulary,-2.074641,51.899464,On or near Shopping Area,E01022117,Cheltenham 009B,Shoplifting,Investigation complete; no suspect identified,
46de16a1d5ace3157426409c06b6939726f04c2112a56d613dd8ecfc0313c50c,2012-02,Gloucestershire Constabulary,Gloucestershire Constabulary,-2.074641,51.899464,On or near Shopping Area,E01022117,Cheltenham 009B,Shoplifting,,
77a29dc46e33a5bd529e073f56569d2536863719a08c2a63a1adcd45acf993e4,2012-02,Gloucestershire Constabulary,Gloucestershire Constabulary,-2.074641,51.899464,On or near Shopping Area,E01022117,Cheltenham 009B,Shoplifting,Offender otherwise dealt with,
2aca75700002b71d35f177cbea6883054f725bc6dc104319099b3d149180bf0c,2012-02,Gloucestershire Constabulary,Gloucestershire Constabulary,-2.077705,51.897934,On or near Nightclub,E01022117,Cheltenham 009B,Shoplifting,,
fbb73440bf5eb86e6d3653e2a354a163661d9b97a398f69267bbe7f76e8b0a3d,2012-02,Gloucestershire Constabulary,Gloucestershire Constabulary,-2.074686,51.899941,On or near Nightclub,E01022117,Cheltenham 009B,Shoplifting,Investigation complete; no suspect identified,
a009073392a2bca467229231b007d54adb92d0cef23eb8ce81c493016244696d,2012-02,Gloucestershire Constabulary,Gloucestershire Constabulary,-2.073233,51.900022,On or near High Street,E01022117,Cheltenham 009B,Shoplifting,,
99804da744292ef750d69089f51816febbfe97bf5f8ad7a020e648a22f33e7e8,2012-02,Gloucestershire Constabulary,Gloucestershire Constabulary,-2.074686,51.899941,On or near Nightclub,E01022117,Cheltenham 009B,Shoplifting,,
7bd099c67c6c849c727d6fd383c61e1c12aad1da8a7cbbfd5870e5eb8635a387,2012-02,Gloucestershire Constabulary,Gloucestershire Constabulary,-2.078657,51.893941,On or near Calderwood Court,E01022117,Cheltenham 009B,Vehicle crime,,
dfa48840cad477fece457ad565a58a76425fecfdb70d1eeab53626f475b40ab2,2012-02,Gloucestershire Constabulary,Gloucestershire Constabulary,-2.077153,51.897826,On or near Imperial Lane,E01022117,Cheltenham 009B,Violent crime,Investigation complete; no suspect identified,
808ca3ce4ffa6c2c8dc4b2ddd1985052d6a5995a4d96160d82124b0a7960c52c,2012-02,Gloucestershire Constabulary,Gloucestershire Constabulary,-2.076152,51.898996,On or near Regent Street,E01022117,Cheltenham 009B,Violent crime,Court case unable to proceed,
d67f0ddf779c79ce53c93f82f9ba1cf4938aaf4bb206d07b97f61e7fc16df30b,2012-02,Gloucestershire Constabulary,Gloucestershire Constabulary,-2.077947,51.894922,On or near Montpellier Spa Road,E01022117,Cheltenham 009B,Violent crime,Investigation complete; no suspect identified,
f3a08cd4cb3f8fa5aa9bf77d919230161d31134f8d41c5e1370f51d6e9503347,2012-02,Gloucestershire Constabulary,Gloucestershire Constabulary,-2.073567,51.900076,On or near Shopping Area,E01022117,Cheltenham 009B,Violent crime,,
0c7f3f7dbc4f1d6e8ab9435a0f016c94677ddc0faf1756d37c3a1d18d84674f1,2012-02,Gloucestershire Constabulary,Gloucestershire Constabulary,-2.074641,51.899464,On or near Shopping Area,E01022117,Cheltenham 009B,Violent crime,Offender given community sentence,
4988432620b69d2830c4517bf3556745c3189b5e66de06e107a17123f0b10a36,2012-02,Gloucestershire Constabulary,Gloucestershire Constabulary,-2.075451,51.896802,On or near Oriel Road,E01022117,Cheltenham 009B,Violent crime,,
0f088433eda3cc5a19bf105cd5e8218b728d5aa5b93ab52819bf0a1d93223be2,2012-02,Gloucestershire Constabulary,Gloucestershire Constabulary,-2.077153,51.897826,On or near Imperial Lane,E01022117,Cheltenham 009B,Violent crime,,
07fb1a5f3376023de42c8b339b815fb0a16cda9a260088e4175fa5fc7f10ad79,2012-02,Gloucestershire Constabulary,Gloucestershire Constabulary,-2.073233,51.900022,On or near High Street,E01022117,Cheltenham 009B,Other crime,Suspect charged as part of another case,
881c3db8e719c012e242a04343b6973474bf7772c5a1e3ff3758f3a34d0fbe4c,2012-02,Gloucestershire Constabulary,Gloucestershire Constabulary,-2.074641,51.899464,On or near Shopping Area,E01022117,Cheltenham 009B,Other crime,,
919439d8798bcc3c0438ae1ff8186ac8775e8a807a4af137eab13a0a962f54b7,2012-02,Gloucestershire Constabulary,Gloucestershire Constabulary,-2.074641,51.899464,On or near Shopping Area,E01022117,Cheltenham 009B,Other crime,,
,2012-02,Gloucestershire Constabulary,Gloucestershire Constabulary,-2.078234,51.884654,On or near Fairfield Park Road,E01022119,Cheltenham 009C,Anti-social behaviour,,
,2012-02,Gloucestershire Constabulary,Gloucestershire Constabulary,-2.077474,51.890130,On or near Kew Place,E01022119,Cheltenham 009C,Anti-social behaviour,,
6918e023f8f0e3073630296d797a9ef86d590c319f166ec4e9d663d2b25c14d5,2012-02,Gloucestershire Constabulary,Gloucestershire Constabulary,-2.078877,51.886434,On or near Ewlyn Road,E01022119,Cheltenham 009C,Criminal damage and arson,,
2c4c6ca49f0d74f94edaad5a4c70085e9158d3ff7813bbea428509b072748b73,2012-02,Gloucestershire Constabulary,Gloucestershire Constabulary,-2.079157,51.889032,On or near Supermarket,E01022119,Cheltenham 009C,Shoplifting,,
,2012-02,Gloucestershire Constabulary,Gloucestershire Constabulary,-2.090212,51.894985,On or near Lansdown Parade,E01022124,Cheltenham 009D,Anti-social behaviour,,
,2012-02,Gloucestershire Constabulary,Gloucestershire Constabulary,-2.086999,51.901613,On or near Honeybourne Way,E01022124,Cheltenham 009D,Anti-social behaviour,,
,2012-02,Gloucestershire Constabulary,Gloucestershire Constabulary,-2.090212,51.894985,On or near Lansdown Parade,E01022124,Cheltenham 009D,Anti-social behaviour,,
,2012-02,Gloucestershire Constabulary,Gloucestershire Constabulary,-2.088348,51.900363,On or near Western Road,E01022124,Cheltenham 009D,Anti-social behaviour,,
,2012-02,Gloucestershire Constabulary,Gloucestershire Constabulary,-2.088348,51.900363,On or near Western Road,E01022124,Cheltenham 009D,Anti-social behaviour,,
,2012-02,Gloucestershire Constabulary,Gloucestershire Constabulary,-2.088348,51.900363,On or near Western Road,E01022124,Cheltenham 009D,Anti-social behaviour,,
59bad11af71fe111fe96bcfa4b3797ea29ccc416d2dd9edd57edf57481c87014,2012-02,Gloucestershire Constabulary,Gloucestershire Constabulary,-2.090212,51.894985,On or near Lansdown Parade,E01022124,Cheltenham 009D,Criminal damage and arson,,
4477daac675e95402cd21820ab89daf62f1a4e419572a8a1d18c00524582987f,2012-02,Gloucestershire Constabulary,Gloucestershire Constabulary,-2.090212,51.894985,On or near Lansdown Parade,E01022124,Cheltenham 009D,Criminal damage and arson,,
36ffb9ba4a7fd49c1bad0adb1f904101bbfd25b44c2918da390f0901d3bc7490,2012-02,Gloucestershire Constabulary,Gloucestershire Constabulary,-2.090212,51.894985,On or near Lansdown Parade,E01022124,Cheltenham 009D,Criminal damage and arson,,
e18231cfa9f1cde6cfeb754016a1f0a5e5d5ca025011c9fd9c2466ae70b648a5,2012-02,Gloucestershire Constabulary,Gloucestershire Constabulary,-2.086999,51.901613,On or near Honeybourne Way,E01022124,Cheltenham 009D,Other theft,,
e149ffd05687e2de11decbef72c5c7b687e33641bd438961dbfce84f7bdfe96e,2012-02,Gloucestershire Constabulary,Gloucestershire Constabulary,-2.086999,51.901613,On or near Honeybourne Way,E01022124,Cheltenham 009D,Public disorder and weapons,Defendant found not guilty,
977db8b8a95bf4db6bd1ae6b54e5fc6c7554824dda1f6b98d330b2892b15efe3,2012-02,Gloucestershire Constabulary,Gloucestershire Constabulary,-2.086999,51.901613,On or near Honeybourne Way,E01022124,Cheltenham 009D,Violent crime,Investigation complete; no suspect identified,
0371a7d9addf94071b2dbd896856d92830281bfa35d4b9b1a91aa1e619dfb33d,2012-02,Gloucestershire Constabulary,Gloucestershire Constabulary,-2.090212,51.894985,On or near Lansdown Parade,E01022124,Cheltenham 009D,Other crime,Investigation complete; no suspect identified,
,2012-02,Gloucestershire Constabulary,Gloucestershire Constabulary,-2.090361,51.896540,On or near Well Place,E01022125,Cheltenham 009E,Anti-social behaviour,,
,2012-02,Gloucestershire Constabulary,Gloucestershire Constabulary,-2.093596,51.893750,On or near Lansdown Road,E01022125,Cheltenham 009E,Anti-social behaviour,,
020497a2eb1635ed917321edb275a471a732b8c3c80128b086ee8220501cfa7c,2012-02,Gloucestershire Constabulary,Gloucestershire Constabulary,-2.094781,51.897588,On or near Eldorado Crescent,E01022125,Cheltenham 009E,Criminal damage and arson,Investigation complete; no suspect identified,
9dd29201f87bf54ab69b68ae04f6f891e55155a12c8543def5f86722bd9cfe5f,2012-02,Gloucestershire Constabulary,Gloucestershire Constabulary,-2.100269,51.895255,On or near Glencairn Court,E01022125,Cheltenham 009E,Other theft,,
a487f37bb8e40233d9a102fecb86b043751dd289e203c6431b5445531a603ea8,2012-02,Gloucestershire Constabulary,Gloucestershire Constabulary,-2.101635,51.895047,On or near Lansdown Close,E01022125,Cheltenham 009E,Other theft,Investigation complete; no suspect identified,
8a165538198179fdc97184c2af41e2fd806783378359bc86295561f44f0204ad,2012-02,Gloucestershire Constabulary,Gloucestershire Constabulary,-2.097842,51.895059,On or near Lansdown Lodge Drive,E01022125,Cheltenham 009E,Other theft,Investigation complete; no suspect identified,
363e906a4ef1c706692338344a360ff1b03afbe4382400e7d924eabe2e9ea9ad,2012-02,Gloucestershire Constabulary,Gloucestershire Constabulary,-2.095317,51.896770,On or near Eldorado Road,E01022125,Cheltenham 009E,Vehicle crime,,
,2012-02,Gloucestershire Constabulary,Gloucestershire Constabulary,-2.086248,51.896435,On or near Lansdown Terrace Lane,E01022126,Cheltenham 009F,Anti-social behaviour,,
,2012-02,Gloucestershire Constabulary,Gloucestershire Constabulary,-2.088139,51.897522,On or near Drakes Place,E01022126,Cheltenham 009F,Anti-social behaviour,,
,2012-02,Gloucestershire Constabulary,Gloucestershire Constabulary,-2.084371,51.895133,On or near Queens Lane,E01022126,Cheltenham 009F,Anti-social behaviour,,
,2012-02,Gloucestershire Constabulary,Gloucestershire Constabulary,-2.081026,51.893670,On or near Back Montpellier Terrace,E01022126,Cheltenham 009F,Anti-social behaviour,,
,2012-02,Gloucestershire Constabulary,Gloucestershire Constabulary,-2.088167,51.896686,On or near Malvern Place,E01022126,Cheltenham 009F,Anti-social behaviour,,
,2012-02,Gloucestershire Constabulary,Gloucestershire Constabulary,-2.082017,51.895503,On or near Montpellier Walk,E01022126,Cheltenham 009F,Anti-social behaviour,,
,2012-02,Gloucestershire Constabulary,Gloucestershire Constabulary,-2.087465,51.894717,On or near Lansdown Place Lane,E01022126,Cheltenham 009F,Anti-social behaviour,,
,2012-02,Gloucestershire Constabulary,Gloucestershire Constabulary,-2.087465,51.894717,On or near Lansdown Place Lane,E01022126,Cheltenham 009F,Anti-social behaviour,,
,2012-02,Gloucestershire Constabulary,Gloucestershire Constabulary,-2.082745,51.895934,On or near Royal Parade Mews,E01022126,Cheltenham 009F,Anti-social behaviour,,
ad741e64bd5d29559daac842d1778e7987b7c9a43fa0dc1bc98cbcb43212f7df,2012-02,Gloucestershire Constabulary,Gloucestershire Constabulary,-2.077836,51.897619,On or near Imperial Square,E01022126,Cheltenham 009F,Burglary,Investigation complete; no suspect identified,
65eda010e9981e0fbd398026c070496955c2aef58309d82cc826e0aeb35dfd87,2012-02,Gloucestershire Constabulary,Gloucestershire Constabulary,-2.086652,51.894799,On or near Lansdown Walk,E01022126,Cheltenham 009F,Burglary,,
aae6efed440ceb174babd0b8f4ec11b5f207aca211b146523a05f8e337e7ab28,2012-02,Gloucestershire Constabulary,Gloucestershire Constabulary,-2.082745,51.895934,On or near Royal Parade Mews,E01022126,Cheltenham 009F,Burglary,Investigation complete; no suspect identified,
f3198f2082bf92a548837ee8e4ff798285b14d9891b2cef7c81db65e1e5017e3,2012-02,Gloucestershire Constabulary,Gloucestershire Constabulary,-2.087581,51.894267,On or near Lansdown Place,E01022126,Cheltenham 009F,Burglary,,
5fbf1e61cfb82776d9a16b7ada501fee766ddeb9fb71f7cbfc141e32fda8712b,2012-02,Gloucestershire Constabulary,Gloucestershire Constabulary,-2.081026,51.893670,On or near Back Montpellier Terrace,E01022126,Cheltenham 009F,Burglary,Investigation complete; no suspect identified,
5f6b7f04022502db313c08e0885b1dba173c88208d71f69ac99b636c0ba8dab6,2012-02,Gloucestershire Constabulary,Gloucestershire Constabulary,-2.088236,51.894878,On or near Lansdown Crescent Lane,E01022126,Cheltenham 009F,Burglary,,
47a8e3bb16fdea5728339ff8a3eed3731f09c1d57e81f74270af6349e5fd9b5f,2012-02,Gloucestershire Constabulary,Gloucestershire Constabulary,-2.081113,51.893993,On or near Montpellier Terrace,E01022126,Cheltenham 009F,Criminal damage and arson,,
58928a7250c55b58c3262bd6c17ecde32d394ec23e258ad4ea676e6cad341061,2012-02,Gloucestershire Constabulary,Gloucestershire Constabulary,-2.087581,51.894267,On or near Lansdown Place,E01022126,Cheltenham 009F,Other theft,,
901196b309819b1ffcd2afce7a45f8cc6d235b569a0d7b07c5b09d398cb45598,2012-02,Gloucestershire Constabulary,Gloucestershire Constabulary,-2.087581,51.894267,On or near Lansdown Place,E01022126,Cheltenham 009F,Other theft,,
7eeb593fd116ddbbe04f1b06a41f229aeef12fc9b2cbf2983b10d5710446dfd4,2012-02,Gloucestershire Constabulary,Gloucestershire Constabulary,-2.088236,51.894878,On or near Lansdown Crescent Lane,E01022126,Cheltenham 009F,Other theft,,
5462fad95e7b3d70b44dc026e53eb66e5a49d131ad502b06dbb3cdaf70941b5a,2012-02,Gloucestershire Constabulary,Gloucestershire Constabulary,-2.082017,51.895503,On or near Montpellier Walk,E01022126,Cheltenham 009F,Other theft,,
e0c4f3c2dce91531cee53618e1423dab0830f0ccd332a178b09b26baeff477d1,2012-02,Gloucestershire Constabulary,Gloucestershire Constabulary,-2.082745,51.895934,On or near Royal Parade Mews,E01022126,Cheltenham 009F,Other theft,,
145b77fa7675bb8348cd85bc6dc3cb4d993fc240a55487d729c649af7d7dc3c6,2012-02,Gloucestershire Constabulary,Gloucestershire Constabulary,-2.082553,51.894568,On or near A40,E01022126,Cheltenham 009F,Shoplifting,,
c9ca3608cee7ca52a894e2cfaabd4d8f33c652b4e543b9d3bc97b64fd402a2fb,2012-02,Gloucestershire Constabulary,Gloucestershire Constabulary,-2.082017,51.895503,On or near Montpellier Walk,E01022126,Cheltenham 009F,Violent crime,Investigation complete; no suspect identified,
1408a2946b45252fe6d359573690f68e4ef4a0c4df6459d2fadceec13edc3cad,2012-02,Gloucestershire Constabulary,Gloucestershire Constabulary,-2.082745,51.895934,On or near Royal Parade Mews,E01022126,Cheltenham 009F,Violent crime,,
d5de86d7c8d0879377adde95034b6d4fdc51e3609ba0659a29ea98e4915a8708,2012-02,Gloucestershire Constabulary,Gloucestershire Constabulary,-2.088236,51.894878,On or near Lansdown Crescent Lane,E01022126,Cheltenham 009F,Violent crime,,
0d3bc71dcdd71ee2f564e591f1ba692582ef83775aa542d52a71e05c86215ad6,2012-02,Gloucestershire Constabulary,Gloucestershire Constabulary,-2.081113,51.893993,On or near Montpellier Terrace,E01022126,Cheltenham 009F,Other crime,,
,2012-02,Gloucestershire Constabulary,Gloucestershire Constabulary,-2.083579,51.899350,On or near St George'S Road,E01022127,Cheltenham 009G,Anti-social behaviour,,
,2012-02,Gloucestershire Constabulary,Gloucestershire Constabulary,-2.078134,51.902159,On or near Jenner Walk,E01022127,Cheltenham 009G,Anti-social behaviour,,
,2012-02,Gloucestershire Constabulary,Gloucestershire Constabulary,-2.076040,51.901198,On or near Church Street,E01022127,Cheltenham 009G,Anti-social behaviour,,
,2012-02,Gloucestershire Constabulary,Gloucestershire Constabulary,-2.078380,51.901314,On or near Clarence Street,E01022127,Cheltenham 009G,Anti-social behaviour,,
,2012-02,Gloucestershire Constabulary,Gloucestershire Constabulary,-2.079449,51.897780,On or near Nightclub,E01022127,Cheltenham 009G,Anti-social behaviour,,
,2012-02,Gloucestershire Constabulary,Gloucestershire Constabulary,-2.077128,51.900371,On or near Clarence Parade,E01022127,Cheltenham 009G,Anti-social behaviour,,
,2012-02,Gloucestershire Constabulary,Gloucestershire Constabulary,-2.086050,51.899600,On or near Overton Park Road,E01022127,Cheltenham 009G,Anti-social behaviour,,
,2012-02,Gloucestershire Constabulary,Gloucestershire Constabulary,-2.079449,51.897780,On or near Nightclub,E01022127,Cheltenham 009G,Anti-social behaviour,,
,2012-02,Gloucestershire Constabulary,Gloucestershire Constabulary,-2.076040,51.901198,On or near Church Street,E01022127,Cheltenham 009G,Anti-social behaviour,,
,2012-02,Gloucestershire Constabulary,Gloucestershire Constabulary,-2.076040,51.901198,On or near Church Street,E01022127,Cheltenham 009G,Anti-social behaviour,,
,2012-02,Gloucestershire Constabulary,Gloucestershire Constabulary,-2.076040,51.901198,On or near Church Street,E01022127,Cheltenham 009G,Anti-social behaviour,,
,2012-02,Gloucestershire Constabulary,Gloucestershire Constabulary,-2.083579,51.899350,On or near St George'S Road,E01022127,Cheltenham 009G,Anti-social behaviour,,
,2012-02,Gloucestershire Constabulary,Gloucestershire Constabulary,-2.077360,51.899903,On or near Crescent Terrace,E01022127,Cheltenham 009G,Anti-social behaviour,,
,2012-02,Gloucestershire Constabulary,Gloucestershire Constabulary,-2.079452,51.899254,On or near Royal Well Place,E01022127,Cheltenham 009G,Anti-social behaviour,,
,2012-02,Gloucestershire Constabulary,Gloucestershire Constabulary,-2.076040,51.901198,On or near Church Street,E01022127,Cheltenham 009G,Anti-social behaviour,,
,2012-02,Gloucestershire Constabulary,Gloucestershire Constabulary,-2.076040,51.901198,On or near Church Street,E01022127,Cheltenham 009G,Anti-social behaviour,,
,2012-02,Gloucestershire Constabulary,Gloucestershire Constabulary,-2.079495,51.898939,On or near Nightclub,E01022127,Cheltenham 009G,Anti-social behaviour,,
,2012-02,Gloucestershire Constabulary,Gloucestershire Constabulary,-2.076040,51.901198,On or near Church Street,E01022127,Cheltenham 009G,Anti-social behaviour,,
,2012-02,Gloucestershire Constabulary,Gloucestershire Constabulary,-2.079449,51.897780,On or near Nightclub,E01022127,Cheltenham 009G,Anti-social behaviour,,
,2012-02,Gloucestershire Constabulary,Gloucestershire Constabulary,-2.078134,51.902159,On or near Jenner Walk,E01022127,Cheltenham 009G,Anti-social behaviour,,
,2012-02,Gloucestershire Constabulary,Gloucestershire Constabulary,-2.078134,51.902159,On or near Jenner Walk,E01022127,Cheltenham 009G,Anti-social behaviour,,
,2012-02,Gloucestershire Constabulary,Gloucestershire Constabulary,-2.076040,51.901198,On or near Church Street,E01022127,Cheltenham 009G,Anti-social behaviour,,
,2012-02,Gloucestershire Constabulary,Gloucestershire Constabulary,-2.081346,51.902166,On or near Knapp Road,E01022127,Cheltenham 009G,Anti-social behaviour,,
,2012-02,Gloucestershire Constabulary,Gloucestershire Constabulary,-2.079544,51.902428,On or near Ambrose Street,E01022127,Cheltenham 009G,Anti-social behaviour,,
,2012-02,Gloucestershire Constabulary,Gloucestershire Constabulary,-2.078134,51.902159,On or near Jenner Walk,E01022127,Cheltenham 009G,Anti-social behaviour,,
,2012-02,Gloucestershire Constabulary,Gloucestershire Constabulary,-2.078134,51.902159,On or near Jenner Walk,E01022127,Cheltenham 009G,Anti-social behaviour,,
,2012-02,Gloucestershire Constabulary,Gloucestershire Constabulary,-2.078134,51.902159,On or near Jenner Walk,E01022127,Cheltenham 009G,Anti-social behaviour,,
,2012-02,Gloucestershire Constabulary,Gloucestershire Constabulary,-2.076040,51.901198,On or near Church Street,E01022127,Cheltenham 009G,Anti-social behaviour,,
,2012-02,Gloucestershire Constabulary,Gloucestershire Constabulary,-2.076040,51.901198,On or near Church Street,E01022127,Cheltenham 009G,Anti-social behaviour,,
d041420ec720882bd3c0ecf3d46c5731220485028f1d8d71c84f508f73b848ad,2012-02,Gloucestershire Constabulary,Gloucestershire Constabulary,-2.077870,51.900550,On or near Crescent Place,E01022127,Cheltenham 009G,Burglary,,
b251b5f376f5f1b468ac36242be326644b2b8abb07ce8c3602f9b01ba41c26dd,2012-02,Gloucestershire Constabulary,Gloucestershire Constabulary,-2.083415,51.897121,On or near Bayshill Lane,E01022127,Cheltenham 009G,Burglary,,
135c43e44efa16ea3e488d4bd29edb3e687ca4a332f96ba75f9cb94f1ec3d212,2012-02,Gloucestershire Constabulary,Gloucestershire Constabulary,-2.079452,51.899254,On or near Royal Well Place,E01022127,Cheltenham 009G,Criminal damage and arson,Investigation complete; no suspect identified,
9df1b421d6773349dd520be8a7c568224cb13820a277382885c229e5fd216780,2012-02,Gloucestershire Constabulary,Gloucestershire Constabulary,-2.080556,51.899262,On or near Royal Well Lane,E01022127,Cheltenham 009G,Criminal damage and arson,,
79fd6a47915bdd1e42db06c76c62c0990e7b4ca3be1d49189ba6b8a3b72a0c18,2012-02,Gloucestershire Constabulary,Gloucestershire Constabulary,-2.080112,51.902580,On or near Chapel Street,E01022127,Cheltenham 009G,Criminal damage and arson,,
d01f8dbe7213aa81b5be881c38e92e94b3cc1184f598ff4c97c9d0750e34e8bd,2012-02,Gloucestershire Constabulary,Gloucestershire Constabulary,-2.079452,51.899254,On or near Royal Well Place,E01022127,Cheltenham 009G,Criminal damage and arson,,
441809a4130aa0cc0827163ffa5dedd7a60ec97522ab16bd4fd55a842a4db103,2012-02,Gloucestershire Constabulary,Gloucestershire Constabulary,-2.076721,51.900281,On or near Post Office Lane,E01022127,Cheltenham 009G,Drugs,,
64fb8b58f1d5ff34ead7087df8678e68f9a54f0dc2f578ffc4a74c5a232a9311,2012-02,Gloucestershire Constabulary,Gloucestershire Constabulary,-2.076040,51.901198,On or near Church Street,E01022127,Cheltenham 009G,Drugs,,
5dac84f2f71a583263ec909f4a87a0d6acea97779b02ae109658a66d35629996,2012-02,Gloucestershire Constabulary,Gloucestershire Constabulary,-2.081575,51.900098,On or near Parking Area,E01022127,Cheltenham 009G,Drugs,Offender fined,
8b3e17c47f12eb0d8ac96224783915889fd61e6c0e4c59e1ca7ae93b172234cd,2012-02,Gloucestershire Constabulary,Gloucestershire Constabulary,-2.083415,51.897121,On or near Bayshill Lane,E01022127,Cheltenham 009G,Other theft,Investigation complete; no suspect identified,
f7da87cdcfaf5c3f1e4dce9b768bfd065723755f35aa57e8847a4cda30e9e853,2012-02,Gloucestershire Constabulary,Gloucestershire Constabulary,-2.079449,51.897780,On or near Nightclub,E01022127,Cheltenham 009G,Other theft,Investigation complete; no suspect identified,
48345ec397e7181766f2e14fe66a8359eae95d680b58c5c36323a61675a1240d,2012-02,Gloucestershire Constabulary,Gloucestershire Constabulary,-2.079449,51.897780,On or near Nightclub,E01022127,Cheltenham 009G,Other theft,,
16d22476c42c05a9e2b7808d144fc6cc23ef0ad5a7d54f8e6178a4f628110a5f,2012-02,Gloucestershire Constabulary,Gloucestershire Constabulary,-2.079367,51.900693,On or near St George'S Place,E01022127,Cheltenham 009G,Other theft,Court result unavailable,
9667af42bc48362f098a1c5b4647b1db2ebc9ec8f27e1c57efbe4d1a4714fc0c,2012-02,Gloucestershire Constabulary,Gloucestershire Constabulary,-2.076721,51.900281,On or near Post Office Lane,E01022127,Cheltenham 009G,Other theft,,
f8370c8fb502da9e2f59d98a349ced620dd0f13dfc5cbd3fe00efbe6e9610abc,2012-02,Gloucestershire Constabulary,Gloucestershire Constabulary,-2.079449,51.897780,On or near Nightclub,E01022127,Cheltenham 009G,Other theft,Investigation complete; no suspect identified,
5d80df2d4ecab5478aa2b41ab8b9704372fbf7b786cbf108e37947b6bb0f6083,2012-02,Gloucestershire Constabulary,Gloucestershire Constabulary,-2.076721,51.900281,On or near Post Office Lane,E01022127,Cheltenham 009G,Other theft,,
dfed06c00f205cf4570046dada2c969545632a0a0e63ae149ad9bd920183e56a,2012-02,Gloucestershire Constabulary,Gloucestershire Constabulary,-2.077360,51.899903,On or near Crescent Terrace,E01022127,Cheltenham 009G,Other theft,Investigation complete; no suspect identified,
6aa68162daf682afb77f932e9d617ea6a5addf0f872b0dcea9ab181652862c96,2012-02,Gloucestershire Constabulary,Gloucestershire Constabulary,-2.079452,51.899254,On or near Royal Well Place,E01022127,Cheltenham 009G,Other theft,,
9bea9294f13e6317126fe2a99ab502c52d8f201bfefce1d4f552061c094bbb5a,2012-02,Gloucestershire Constabulary,Gloucestershire Constabulary,-2.083409,51.901805,On or near Jessop Avenue,E01022127,Cheltenham 009G,Other theft,Investigation complete; no suspect identified,
1329cf764c2a5213f3c87cd040400cb4b850ed37177b897142829b520979d690,2012-02,Gloucestershire Constabulary,Gloucestershire Constabulary,-2.083409,51.901805,On or near Jessop Avenue,E01022127,Cheltenham 009G,Other theft,,
d5ee0fb1729b8fb86c79882894f4a6fdaddf18b132ea68fe7a87aadf11829645,2012-02,Gloucestershire Constabulary,Gloucestershire Constabulary,-2.079449,51.897780,On or near Nightclub,E01022127,Cheltenham 009G,Other theft,,
03ab34721e51fcce3758bacaee3ffc6f0ef3f6b81820d16a33a1e3ea313abfbc,2012-02,Gloucestershire Constabulary,Gloucestershire Constabulary,-2.077317,51.900397,On or near Nightclub,E01022127,Cheltenham 009G,Public disorder and weapons,,
19afa9369950607bddffa8a250f403cae575aae54f3371ed12c17b26858565f3,2012-02,Gloucestershire Constabulary,Gloucestershire Constabulary,-2.076040,51.901198,On or near Church Street,E01022127,Cheltenham 009G,Shoplifting,Investigation complete; no suspect identified,
8f1606764f4d22168e830ff653b82d6d4561379bf66d881ef657eeaf75ebade7,2012-02,Gloucestershire Constabulary,Gloucestershire Constabulary,-2.076040,51.901198,On or near Church Street,E01022127,Cheltenham 009G,Shoplifting,,
29f397fb6a0113e1cbf764638b054abb9de8e5404eb115b2544226a3b8290c69,2012-02,Gloucestershire Constabulary,Gloucestershire Constabulary,-2.076721,51.900281,On or near Post Office Lane,E01022127,Cheltenham 009G,Shoplifting,Investigation complete; no suspect identified,
e91d1b2ae2a498586894a56d0cabdee009c1ad04f654a64bad4c1f60d93a785d,2012-02,Gloucestershire Constabulary,Gloucestershire Constabulary,-2.086050,51.899600,On or near Overton Park Road,E01022127,Cheltenham 009G,Vehicle crime,,
f949c321bf120896cba843441365cecaa194a22516ba48eff63017f57f2da305,2012-02,Gloucestershire Constabulary,Gloucestershire Constabulary,-2.079436,51.898877,On or near Chapel Walk,E01022127,Cheltenham 009G,Violent crime,Investigation complete; no suspect identified,
1fb35bf19e1e5d14386fac61a7402f3d34183fa6faed5398999db153321ca1b8,2012-02,Gloucestershire Constabulary,Gloucestershire Constabulary,-2.076721,51.900281,On or near Post Office Lane,E01022127,Cheltenham 009G,Violent crime,,
3bfaf83513350f3e3886f413dd96396ffe36f9fe443487e4f47db9c521e6aeb7,2012-02,Gloucestershire Constabulary,Gloucestershire Constabulary,-2.079449,51.897780,On or near Nightclub,E01022127,Cheltenham 009G,Violent crime,Offender given community sentence,
88f925cf1e54beeff0f7cc3628cb9d514b889bcb5ea1ee48b46df7b05d140c3e,2012-02,Gloucestershire Constabulary,Gloucestershire Constabulary,-2.079544,51.902023,On or near Ambrose Place,E01022127,Cheltenham 009G,Violent crime,,
3b134c2cb08b71e00858739e513678f4114a5e4e5ea677812b11db64a9d75374,2012-02,Gloucestershire Constabulary,Gloucestershire Constabulary,-2.078900,51.899884,On or near Royal Crescent,E01022127,Cheltenham 009G,Violent crime,Investigation complete; no suspect identified,
2a7638f468bfc6daf6a0d826b4535bdf0af54f021cb20804f90a0ab3e58fc8fb,2012-02,Gloucestershire Constabulary,Gloucestershire Constabulary,-2.077360,51.899903,On or near Crescent Terrace,E01022127,Cheltenham 009G,Violent crime,,
fcac8f3437ec3617d6ee4186579a4af986872f5c4409bcc2835194e08bc88ffa,2012-02,Gloucestershire Constabulary,Gloucestershire Constabulary,-2.077317,51.900397,On or near Nightclub,E01022127,Cheltenham 009G,Violent crime,,
e9c62c0de961ca30d04506e006fbd5faa593453877217412191b8d8d3c5ca3dd,2012-02,Gloucestershire Constabulary,Gloucestershire Constabulary,-2.076721,51.900281,On or near Post Office Lane,E01022127,Cheltenham 009G,Violent crime,,
866f17ff73c603e0daacea645f58648f7f569c316a89be4ce511cda8c665c7b7,2012-02,Gloucestershire Constabulary,Gloucestershire Constabulary,-2.081575,51.900098,On or near Parking Area,E01022127,Cheltenham 009G,Violent crime,,
4d10de9b5dfd0e04414c8f7837ac375079230e3a0ce96ccf6b270006feeafb02,2012-02,Gloucestershire Constabulary,Gloucestershire Constabulary,-2.076721,51.900281,On or near Post Office Lane,E01022127,Cheltenham 009G,Violent crime,Local resolution,
8f7bd160ec0941c803804b1d4c57005651282b2f3a95d93cf15d9aa0e70d4d99,2012-02,Gloucestershire Constabulary,Gloucestershire Constabulary,-2.079452,51.899254,On or near Royal Well Place,E01022127,Cheltenham 009G,Violent crime,,
99b401164ade496ef8237f828a320519bcc8a7d411c8908687e4b1dbd89c2fd6,2012-02,Gloucestershire Constabulary,Gloucestershire Constabulary,-2.083409,51.901805,On or near Jessop Avenue,E01022127,Cheltenham 009G,Other crime,,
8e3309e7dbd67d71a096714b1bdc62b4836f413ef6faf2a902dc81c7e49a8ce5,2012-02,Gloucestershire Constabulary,Gloucestershire Constabulary,-2.079449,51.897780,On or near Nightclub,E01022127,Cheltenham 009G,Other crime,,
,2012-02,Gloucestershire Constabulary,Gloucestershire Constabulary,-2.105383,51.894684,On or near Petrol Station,E01022106,Cheltenham 010A,Anti-social behaviour,,
,2012-02,Gloucestershire Constabulary,Gloucestershire Constabulary,-2.118395,51.891264,On or near Robert Burns Avenue,E01022106,Cheltenham 010A,Anti-social behaviour,,
,2012-02,Gloucestershire Constabulary,Gloucestershire Constabulary,-2.110902,51.893286,On or near Draycot Road,E01022106,Cheltenham 010A,Anti-social behaviour,,
002b53dda9587b034b981a118060c61d18e6f039766380a024762788c44f7790,2012-02,Gloucestershire Constabulary,Gloucestershire Constabulary,-2.111836,51.894876,On or near Bisley Road,E01022106,Cheltenham 010A,Burglary,,
f1a33b0f9cf8c29bdd1166ee7acbd9ccfd5a698d036bf82ae31d81f1fca0b0d4,2012-02,Gloucestershire Constabulary,Gloucestershire Constabulary,-2.115869,51.892121,On or near Willersey Road,E01022106,Cheltenham 010A,Criminal damage and arson,,
9afe8f68795bb9a67305071919d3e3c8d2d4a6168ddf6caac79f81798e6cdfcd,2012-02,Gloucestershire Constabulary,Gloucestershire Constabulary,-2.116462,51.896895,On or near Gloucester Road,E01022106,Cheltenham 010A,Vehicle crime,,
,2012-02,Gloucestershire Constabulary,Gloucestershire Constabulary,-2.120035,51.895902,On or near Stanway Road,E01022107,Cheltenham 010B,Anti-social behaviour,,
,2012-02,Gloucestershire Constabulary,Gloucestershire Constabulary,-2.119748,51.892054,On or near Sports/Recreation Area,E01022107,Cheltenham 010B,Anti-social behaviour,,
,2012-02,Gloucestershire Constabulary,Gloucestershire Constabulary,-2.119748,51.892054,On or near Sports/Recreation Area,E01022107,Cheltenham 010B,Anti-social behaviour,,
,2012-02,Gloucestershire Constabulary,Gloucestershire Constabulary,-2.121615,51.894525,On or near Whittington Road,E01022107,Cheltenham 010B,Anti-social behaviour,,
,2012-02,Gloucestershire Constabulary,Gloucestershire Constabulary,-2.117287,51.895464,On or near Benhall Avenue,E01022107,Cheltenham 010B,Anti-social behaviour,,
,2012-02,Gloucestershire Constabulary,Gloucestershire Constabulary,-2.119748,51.892054,On or near Sports/Recreation Area,E01022107,Cheltenham 010B,Anti-social behaviour,,
,2012-02,Gloucestershire Constabulary,Gloucestershire Constabulary,-2.126140,51.891319,On or near Wade Court,E01022107,Cheltenham 010B,Anti-social behaviour,,
,2012-02,Gloucestershire Constabulary,Gloucestershire Constabulary,-2.123634,51.888822,On or near Reddings Park,E01022107,Cheltenham 010B,Anti-social behaviour,,
,2012-02,Gloucestershire Constabulary,Gloucestershire Constabulary,-2.123634,51.888822,On or near Reddings Park,E01022107,Cheltenham 010B,Anti-social behaviour,,
a60497e758c01c1b23c75154b66131605d0cc29aebbc9a1a2e540eb313730d43,2012-02,Gloucestershire Constabulary,Gloucestershire Constabulary,-2.123634,51.888822,On or near Reddings Park,E01022107,Cheltenham 010B,Other theft,,
23b7f9abb9af72c4384005ffd92e88bf75fe40864ee057a372649085edef0bf9,2012-02,Gloucestershire Constabulary,Gloucestershire Constabulary,-2.123119,51.892024,On or near Redgrove Park,E01022107,Cheltenham 010B,Vehicle crime,,
6e9ec975fadcfacfd1efd1c7ed1bd6239c4e28b6dda6b02458386e985e0e1226,2012-02,Gloucestershire Constabulary,Gloucestershire Constabulary,-2.120035,51.895902,On or near Stanway Road,E01022107,Cheltenham 010B,Violent crime,,
2f5b74d830db10ee30666a9201470c01371ba997021fb8f7ca7deefebac444cc,2012-02,Gloucestershire Constabulary,Gloucestershire Constabulary,-2.133777,51.889153,On or near Kemble Grove,E01022108,Cheltenham 010C,Burglary,,
d917fbfc2d3d10666c7ca86a97d613064987c85b6852f976e148a19eb412915b,2012-02,Gloucestershire Constabulary,Gloucestershire Constabulary,-2.131073,51.893669,On or near Parking Area,E01022108,Cheltenham 010C,Vehicle crime,,
faf161d6801e0f1a9f345b06dd89d4c78f4668a52b464e7d5b38f74319e06516,2012-02,Gloucestershire Constabulary,Gloucestershire Constabulary,-2.129774,51.891855,On or near Hospital,E01022108,Cheltenham 010C,Violent crime,Local resolution,
363eed52d375fd9869e5eb7e52bc6a3dd2fe62397f07c36bcde45d95ef95ba2c,2012-02,Gloucestershire Constabulary,Gloucestershire Constabulary,-2.129774,51.891855,On or near Hospital,E01022108,Cheltenham 010C,Violent crime,Local resolution,
ae4a73d86d0121bd5ca039172e39e83428fcb40c47a1dde23bcd2e9036eb16e6,2012-02,Gloucestershire Constabulary,Gloucestershire Constabulary,-2.130604,51.897365,On or near Nunny Close,E01022123,Cheltenham 010D,Burglary,Investigation complete; no suspect identified,
e2decedf75672585625e07e2d82e3bad07c3c3e81d701396006cea82028a9864,2012-02,Gloucestershire Constabulary,Gloucestershire Constabulary,-2.129039,51.898806,On or near Niven Courtyard,E01022123,Cheltenham 010D,Burglary,,
9931cd1d607f9feb40ae003ce08aa161a5aacf3c411d7932d83429a9234a3ba0,2012-02,Gloucestershire Constabulary,Gloucestershire Constabulary,-2.127200,51.896281,On or near Darwin Close,E01022123,Cheltenham 010D,Burglary,Investigation complete; no suspect identified,
46098f01f4563932c341b79be29a385a57d6060d34a1c7afab1795a924bd2068,2012-02,Gloucestershire Constabulary,Gloucestershire Constabulary,-2.128696,51.900838,On or near Fiddler'S Green Lane,E01022123,Cheltenham 010D,Burglary,,
4b9f2212309dd19bd37fb848ffbb2a9399b9b8c1a2cd7194136cbcbc422a8884,2012-02,Gloucestershire Constabulary,Gloucestershire Constabulary,-2.118802,51.902440,On or near Lloyd Close,E01022123,Cheltenham 010D,Burglary,,
ede71ea995c8f2925dcae597d0d94b8a141333525fac604e461c5d398333cf9b,2012-02,Gloucestershire Constabulary,Gloucestershire Constabulary,-2.126734,51.900921,On or near Galileo Gardens,E01022123,Cheltenham 010D,Burglary,,
4f5d9d86411e2f049e5f8050f4befac5f3ac9c0b427078758d50bbd6786b1f38,2012-02,Gloucestershire Constabulary,Gloucestershire Constabulary,-2.124149,51.901877,On or near Kempton Grove,E01022123,Cheltenham 010D,Burglary,,
e7791fba87c7acf99533b42f72aaac6ae97ab063339cc8305c1df9d4f0378d75,2012-02,Gloucestershire Constabulary,Gloucestershire Constabulary,-2.119187,51.899733,On or near Pinewood Drive,E01022123,Cheltenham 010D,Criminal damage and arson,Offender sent to prison,
720a56c3d7abed4ae77172de1023060e3fe3072abe757e266f7e0c7811b8e248,2012-02,Gloucestershire Constabulary,Gloucestershire Constabulary,-2.117605,51.900328,On or near Princess Elizabeth Way,E01022123,Cheltenham 010D,Criminal damage and arson,,
f0cd498a16044f1a4c9d6baebfbca955a4973a9844989e73055043685ff351b8,2012-02,Gloucestershire Constabulary,Gloucestershire Constabulary,-2.124149,51.901877,On or near Kempton Grove,E01022123,Cheltenham 010D,Criminal damage and arson,,
cf6db5c42b4a7524b4385b8ace0f2a374a6f05308c6fff93a47aba2331374bd3,2012-02,Gloucestershire Constabulary,Gloucestershire Constabulary,-2.117605,51.900328,On or near Princess Elizabeth Way,E01022123,Cheltenham 010D,Criminal damage and arson,,
8f06c73d2fff77d14317ab4dda17aec0c9346474c2d2e85a4ec1a72cf786ab57,2012-02,Gloucestershire Constabulary,Gloucestershire Constabulary,-2.117605,51.900328,On or near Princess Elizabeth Way,E01022123,Cheltenham 010D,Drugs,,
f6b5e6e98e44ebc033826c0bb11ebb52ad4f949fc7e5b2b065c98d1cc6f3b918,2012-02,Gloucestershire Constabulary,Gloucestershire Constabulary,-2.129468,51.896422,On or near Whittle Close,E01022123,Cheltenham 010D,Other theft,Investigation complete; no suspect identified,
8f89ee238dca99dcd20843f54e1f29f03a4b15444c5a70342eb440f67f512dd1,2012-02,Gloucestershire Constabulary,Gloucestershire Constabulary,-2.118802,51.902440,On or near Lloyd Close,E01022123,Cheltenham 010D,Other theft,,
b4e5f41f1005260c64e9de0da3ad73ef24e0ad3bb8a71612496d85dd4f57fa0e,2012-02,Gloucestershire Constabulary,Gloucestershire Constabulary,-2.129468,51.896422,On or near Whittle Close,E01022123,Cheltenham 010D,Other theft,Investigation complete; no suspect identified,
f99498daaa4dc2e159cc9b724b865cf40f5442ced837cf59adfc19f9964f51df,2012-02,Gloucestershire Constabulary,Gloucestershire Constabulary,-2.119187,51.899733,On or near Pinewood Drive,E01022123,Cheltenham 010D,Public disorder and weapons,Offender sent to prison,
dfca3bb3398c1540f1ba5e7f34e2b843b3bcc55e9e74d4660b555a6ef04dc888,2012-02,Gloucestershire Constabulary,Gloucestershire Constabulary,-2.119187,51.899733,On or near Pinewood Drive,E01022123,Cheltenham 010D,Public disorder and weapons,Offender otherwise dealt with,
313a9e88522a369b9ea4a4a080bf8bc945788887d091a7fae4b52fd7a0c8b2f2,2012-02,Gloucestershire Constabulary,Gloucestershire Constabulary,-2.126734,51.900921,On or near Galileo Gardens,E01022123,Cheltenham 010D,Vehicle crime,,
500501232f9487d17312e31cb58affc7f306c965d1b2651c89b43e2a35ea2014,2012-02,Gloucestershire Constabulary,Gloucestershire Constabulary,-2.118226,51.898925,On or near Hubble Road,E01022123,Cheltenham 010D,Violent crime,,
,2012-02,Gloucestershire Constabulary,Gloucestershire Constabulary,-2.103679,51.892933,On or near Shelburne Road,E01022135,Cheltenham 011A,Anti-social behaviour,,
,2012-02,Gloucestershire Constabulary,Gloucestershire Constabulary,-2.093647,51.890630,On or near Hatherley Court Road,E01022135,Cheltenham 011A,Anti-social behaviour,,
,2012-02,Gloucestershire Constabulary,Gloucestershire Constabulary,-2.096100,51.889109,On or near Bournside Road,E01022135,Cheltenham 011A,Anti-social behaviour,,
,2012-02,Gloucestershire Constabulary,Gloucestershire Constabulary,-2.096806,51.893379,On or near Police Station,E01022135,Cheltenham 011A,Anti-social behaviour,,
,2012-02,Gloucestershire Constabulary,Gloucestershire Constabulary,-2.096806,51.893379,On or near Police Station,E01022135,Cheltenham 011A,Anti-social behaviour,,
ed2bcaccb82d1b5e24efb07155885b4e8d7fa4b5816f00f26cb586219dcc191e,2012-02,Gloucestershire Constabulary,Gloucestershire Constabulary,-2.098122,51.890087,On or near Castanum Court,E01022135,Cheltenham 011A,Burglary,Investigation complete; no suspect identified,
00d2197a6f614ea3f41cfe9681d535d7546928399a309e17d9bde6d239ec3eee,2012-02,Gloucestershire Constabulary,Gloucestershire Constabulary,-2.096100,51.889109,On or near Bournside Road,E01022135,Cheltenham 011A,Criminal damage and arson,,
5875063e429e73496a9913779d8460045f420025567118c937e3893d3928b8e4,2012-02,Gloucestershire Constabulary,Gloucestershire Constabulary,-2.096806,51.893379,On or near Police Station,E01022135,Cheltenham 011A,Criminal damage and arson,Offender ordered to pay compensation,
d73103f8769ec66863ccf2aa100ab16f1452f006841e19d9064e6d3def5c907a,2012-02,Gloucestershire Constabulary,Gloucestershire Constabulary,-2.096806,51.893379,On or near Police Station,E01022135,Cheltenham 011A,Drugs,,
e5b9317bdddc1d3e2c943daef00957573fab976605c3b51a80ad4e9ffc1b106e,2012-02,Gloucestershire Constabulary,Gloucestershire Constabulary,-2.096806,51.893379,On or near Police Station,E01022135,Cheltenham 011A,Drugs,Offender given community sentence,
10d114ebeba534d3e10a7eb73ab32acb12b2b741b898a8f71a2ce58bb39133fe,2012-02,Gloucestershire Constabulary,Gloucestershire Constabulary,-2.096806,51.893379,On or near Police Station,E01022135,Cheltenham 011A,Drugs,,
dcc0d59d16d6d172783869ddbff369fdfcd393071f31f6338609746e9150ae14,2012-02,Gloucestershire Constabulary,Gloucestershire Constabulary,-2.096806,51.893379,On or near Police Station,E01022135,Cheltenham 011A,Drugs,Offender deprived of property,
dbaba61c5b797b799f6110e9be5c8adec744a44d838198f40f81a01909dd196d,2012-02,Gloucestershire Constabulary,Gloucestershire Constabulary,-2.100825,51.890265,On or near Godfrey Close,E01022135,Cheltenham 011A,Other theft,,
1d75e946fa92a32aa95c4c6a6296e7fd1912d82b3b7c00213c5dcb330373f37e,2012-02,Gloucestershire Constabulary,Gloucestershire Constabulary,-2.095907,51.887473,On or near Sir Charles Irving Close,E01022135,Cheltenham 011A,Other theft,Investigation complete; no suspect identified,
72a969cdfbafa96653ef89e715d562aed328bc6cb2084def33d83830134bcbc4,2012-02,Gloucestershire Constabulary,Gloucestershire Constabulary,-2.103679,51.892933,On or near Shelburne Road,E01022135,Cheltenham 011A,Other theft,Investigation complete; no suspect identified,
5de26f9b5eb086529f341931496c42de55adde0fdd6e12895156b63a360291b1,2012-02,Gloucestershire Constabulary,Gloucestershire Constabulary,-2.103679,51.892933,On or near Shelburne Road,E01022135,Cheltenham 011A,Other theft,Investigation complete; no suspect identified,
58e46d120f41b39ee0ab1498d9e16ee6c6132581fc5ac363bff0c155802a8ea6,2012-02,Gloucestershire Constabulary,Gloucestershire Constabulary,-2.103679,51.892933,On or near Shelburne Road,E01022135,Cheltenham 011A,Other theft,Investigation complete; no suspect identified,
b75fbef1f384eb6c5da57f16fea7098cfee675b9fe27769620a233ac3d47e3d0,2012-02,Gloucestershire Constabulary,Gloucestershire Constabulary,-2.098122,51.890087,On or near Castanum Court,E01022135,Cheltenham 011A,Vehicle crime,,
7170683af9e93527b68677571c2c33aeb7f1cf7ab0ac945d92d98f8aaa69f2e2,2012-02,Gloucestershire Constabulary,Gloucestershire Constabulary,-2.096806,51.893379,On or near Police Station,E01022135,Cheltenham 011A,Violent crime,Offender given community sentence,
4687f3b774bef96b2dfdd59e3a7299a4df1fd709bf74692fe561062e37f90097,2012-02,Gloucestershire Constabulary,Gloucestershire Constabulary,-2.096806,51.893379,On or near Police Station,E01022135,Cheltenham 011A,Other crime,Offender sent to prison,
,2012-02,Gloucestershire Constabulary,Gloucestershire Constabulary,-2.089116,51.891866,On or near Hatherley Street,E01022136,Cheltenham 011B,Anti-social behaviour,,
,2012-02,Gloucestershire Constabulary,Gloucestershire Constabulary,-2.090695,51.889248,On or near St Stephens Close,E01022136,Cheltenham 011B,Anti-social behaviour,,
,2012-02,Gloucestershire Constabulary,Gloucestershire Constabulary,-2.089582,51.892072,On or near Inkerman Lane,E01022136,Cheltenham 011B,Anti-social behaviour,,
1830c641948694df07a516b56f69155494301bad24012bd5e61f0b7f188b0870,2012-02,Gloucestershire Constabulary,Gloucestershire Constabulary,-2.090785,51.890597,On or near St Stephen'S Road,E01022136,Cheltenham 011B,Criminal damage and arson,,
816945a141a74556d7a1567c970869ccede0e43b87ae0cf30d6f43648e8d45e9,2012-02,Gloucestershire Constabulary,Gloucestershire Constabulary,-2.090267,51.893393,On or near Petrol Station,E01022136,Cheltenham 011B,Other theft,,
24c66a46d4ceb61932348c37c63e7ccb2211356d95e40940a4d248d96ff78638,2012-02,Gloucestershire Constabulary,Gloucestershire Constabulary,-2.089582,51.892072,On or near Inkerman Lane,E01022136,Cheltenham 011B,Vehicle crime,,
38fb41b8de343d56f2594d37cf780c473e103651bab9b8c5de31b710f785d181,2012-02,Gloucestershire Constabulary,Gloucestershire Constabulary,-2.090267,51.893393,On or near Petrol Station,E01022136,Cheltenham 011B,Violent crime,Defendant found not guilty,
,2012-02,Gloucestershire Constabulary,Gloucestershire Constabulary,-2.078984,51.889499,On or near Bath Road,E01022137,Cheltenham 011C,Anti-social behaviour,,
,2012-02,Gloucestershire Constabulary,Gloucestershire Constabulary,-2.086965,51.891499,On or near Tivoli Street,E01022137,Cheltenham 011C,Anti-social behaviour,,
,2012-02,Gloucestershire Constabulary,Gloucestershire Constabulary,-2.084158,51.890098,On or near Ashford Road,E01022137,Cheltenham 011C,Anti-social behaviour,,
00f4f0d07c813fc8c5628bb7ac1a7e68bdac6679d23b124b10c892d4cd6e7ed2,2012-02,Gloucestershire Constabulary,Gloucestershire Constabulary,-2.081166,51.890820,On or near Great Norwood Street,E01022137,Cheltenham 011C,Burglary,Investigation complete; no suspect identified,
7d201afc5c76ff8c458711c08883e5fe569256750801ad0f924992c824d3e7f4,2012-02,Gloucestershire Constabulary,Gloucestershire Constabulary,-2.083171,51.891025,On or near Andover Street,E01022137,Cheltenham 011C,Other theft,,
700e7f4d1b545d03393b1eaa4096b81f10b8c7a21d914affd1d712e21b899a52,2012-02,Gloucestershire Constabulary,Gloucestershire Constabulary,-2.078984,51.889499,On or near Bath Road,E01022137,Cheltenham 011C,Other theft,,
5dd7910fb485f673d9e768f543192afc2fc76c2205d8ee89b43504e11ce65950,2012-02,Gloucestershire Constabulary,Gloucestershire Constabulary,-2.078913,51.890381,On or near Victoria Retreat,E01022137,Cheltenham 011C,Shoplifting,,
f8c659a4709c66193aee32a6c8bd43c99854e7cf8ed2805aa6fe401f7026ef18,2012-02,Gloucestershire Constabulary,Gloucestershire Constabulary,-2.078913,51.890381,On or near Victoria Retreat,E01022137,Cheltenham 011C,Shoplifting,,
372541aa90fc6256aca71b4046bb38d5c92a7cf33176f324b51ffd896b529055,2012-02,Gloucestershire Constabulary,Gloucestershire Constabulary,-2.083312,51.888687,On or near Painswick Road,E01022137,Cheltenham 011C,Vehicle crime,,
5032a5246cc56298126dc41860fa84d5c35ff95be096139714205ad08a6c84ca,2012-02,Gloucestershire Constabulary,Gloucestershire Constabulary,-2.080194,51.891629,On or near Suffolk Road,E01022137,Cheltenham 011C,Violent crime,Defendant found not guilty,
7b6a27aa131f27a14c22614454dee62e880e87e7d46a2cba27680a3b77c72b3a,2012-02,Gloucestershire Constabulary,Gloucestershire Constabulary,-2.080194,51.891629,On or near Suffolk Road,E01022137,Cheltenham 011C,Violent crime,,
,2012-02,Gloucestershire Constabulary,Gloucestershire Constabulary,-2.088178,51.887794,On or near Further/Higher Educational Building,E01022138,Cheltenham 011D,Anti-social behaviour,,
1d84f1b69c73d20f965c0a6ff8a8b584c0b75748e813bc024a6fb293a0a4f3a8,2012-02,Gloucestershire Constabulary,Gloucestershire Constabulary,-2.081046,51.888779,On or near Norwood Road,E01022138,Cheltenham 011D,Burglary,Investigation complete; no suspect identified,
77d760846091005f7dd1bf1c63627d8ee16c1ac09cb111fc2331db7c77ef8f5e,2012-02,Gloucestershire Constabulary,Gloucestershire Constabulary,-2.092854,51.886226,On or near Merestones Road,E01022138,Cheltenham 011D,Vehicle crime,,
,2012-02,Gloucestershire Constabulary,Gloucestershire Constabulary,-2.108512,51.884369,On or near Warden Hill Close,E01022174,Cheltenham 011E,Anti-social behaviour,,
,2012-02,Gloucestershire Constabulary,Gloucestershire Constabulary,-2.101943,51.883647,On or near Norwich Drive,E01022174,Cheltenham 011E,Anti-social behaviour,,
,2012-02,Gloucestershire Constabulary,Gloucestershire Constabulary,-2.101864,51.887414,On or near Warden Hill Road,E01022174,Cheltenham 011E,Anti-social behaviour,,
f2d09b3c0f0651d0bd7383b114c009c3e5361b1b79c86c66a5659bc128736007,2012-02,Gloucestershire Constabulary,Gloucestershire Constabulary,-2.101864,51.887414,On or near Warden Hill Road,E01022174,Cheltenham 011E,Burglary,,
400c79a966ef100f9d883dcdf1e5ca0ffcd0148c8001d2117a3f6c2675be18d9,2012-02,Gloucestershire Constabulary,Gloucestershire Constabulary,-2.101864,51.887414,On or near Warden Hill Road,E01022174,Cheltenham 011E,Criminal damage and arson,,
423fb726f1760d9b0ac262739686427b769ebada9f2ad9b86782991f33e29b32,2012-02,Gloucestershire Constabulary,Gloucestershire Constabulary,-2.101864,51.887414,On or near Warden Hill Road,E01022174,Cheltenham 011E,Other theft,,
5dec20d83d5ebb58d2353a91a3b8c5823518094a86b87e538d2fd7fddf348fdb,2012-02,Gloucestershire Constabulary,Gloucestershire Constabulary,-2.106155,51.882870,On or near Greatfield Lane,E01022174,Cheltenham 011E,Other theft,,
ceb1cbdce4017a668b196aafe88c50f0fb65a03efa7447ba711f0083334de1c8,2012-02,Gloucestershire Constabulary,Gloucestershire Constabulary,-2.101864,51.887414,On or near Warden Hill Road,E01022174,Cheltenham 011E,Other theft,,
ca2a8fef23452738af2e94fbd5224b990428686a836df2411d61fa01b9ee3ad0,2012-02,Gloucestershire Constabulary,Gloucestershire Constabulary,-2.101943,51.883647,On or near Norwich Drive,E01022174,Cheltenham 011E,Other theft,,
,2012-02,Gloucestershire Constabulary,Gloucestershire Constabulary,-2.046333,51.902661,On or near Joyford Passage,E01022103,Cheltenham 012A,Anti-social behaviour,,
,2012-02,Gloucestershire Constabulary,Gloucestershire Constabulary,-2.043353,51.902267,On or near Yorkley Road,E01022103,Cheltenham 012A,Anti-social behaviour,,
,2012-02,Gloucestershire Constabulary,Gloucestershire Constabulary,-2.046333,51.902661,On or near Joyford Passage,E01022103,Cheltenham 012A,Anti-social behaviour,,
41514a0ec426b3fcaa05edad4d40855974d59b34eb6ebdc09074763599b9c908,2012-02,Gloucestershire Constabulary,Gloucestershire Constabulary,-2.048702,51.902669,On or near Kempley Close,E01022103,Cheltenham 012A,Criminal damage and arson,,
ab4da9a33a7a7f803fbc1c72794d085bb26f26b65cbed3b6252cfa6395e47ba3,2012-02,Gloucestershire Constabulary,Gloucestershire Constabulary,-2.058822,51.894456,On or near Shopping Area,E01022103,Cheltenham 012A,Drugs,,
8ae6fb92b7cb96324e9265b3de6215ebbf6fa2d3680a7ec7aa6dd717c5f36b23,2012-02,Gloucestershire Constabulary,Gloucestershire Constabulary,-2.058822,51.894456,On or near Shopping Area,E01022103,Cheltenham 012A,Drugs,,
b7b362f1497c62e657ee0f28ac8292dafe0a72b33c60c423421db463bab4d981,2012-02,Gloucestershire Constabulary,Gloucestershire Constabulary,-2.048702,51.902669,On or near Kempley Close,E01022103,Cheltenham 012A,Shoplifting,Offender fined,
93403ec488723e713980be15645a49a4d9cc09616924c387431ac418f5cf63b7,2012-02,Gloucestershire Constabulary,Gloucestershire Constabulary,-2.055403,51.890942,On or near Charlton Court Road,E01022104,Cheltenham 012B,Other theft,,
00d73f3725551a0cf26554bc4bba85df76c88898adaf9c0f666017bdaa14640a,2012-02,Gloucestershire Constabulary,Gloucestershire Constabulary,-2.056029,51.891823,On or near Beaufort Road,E01022104,Cheltenham 012B,Violent crime,,
,2012-02,Gloucestershire Constabulary,Gloucestershire Constabulary,-2.043165,51.887738,On or near Briarbank Rise,E01022105,Cheltenham 012C,Anti-social behaviour,,
,2012-02,Gloucestershire Constabulary,Gloucestershire Constabulary,-2.041652,51.886174,On or near Pembridge Close,E01022105,Cheltenham 012C,Anti-social behaviour,,
,2012-02,Gloucestershire Constabulary,Gloucestershire Constabulary,-2.052260,51.874616,On or near Cirencester Road,E01022109,Cheltenham 012D,Anti-social behaviour,,
f7b194c0fbb6bf1b5c6a4c6c4469214781a0300d3182d6a5604b6b301620a17b,2012-02,Gloucestershire Constabulary,Gloucestershire Constabulary,-2.051085,51.876181,On or near Morlands Drive,E01022109,Cheltenham 012D,Burglary,Investigation complete; no suspect identified,
9953fcde9c0d8e32d8bb139f394cceafeea23496eabfae8724197012e3a2a722,2012-02,Gloucestershire Constabulary,Gloucestershire Constabulary,-2.051749,51.872720,On or near Gadshill Road,E01022109,Cheltenham 012D,Other theft,,
87ad25232ee36525e8211c62a95b5a261db186119f115ec1f475e257787e8293,2012-02,Gloucestershire Constabulary,Gloucestershire Constabulary,-2.046336,51.877244,On or near Beeches Road,E01022109,Cheltenham 012D,Other theft,,
7985fddeb577373fc1213666fcb7d094883bb69ab1926024f8025240acae0453,2012-02,Gloucestershire Constabulary,Gloucestershire Constabulary,-2.049563,51.878834,On or near Sappercombe Lane,E01022109,Cheltenham 012D,Other theft,,
,2012-02,Gloucestershire Constabulary,Gloucestershire Constabulary,-2.054303,51.882438,On or near Gladstone Road,E01022110,Cheltenham 012E,Anti-social behaviour,,
,2012-02,Gloucestershire Constabulary,Gloucestershire Constabulary,-2.053097,51.882204,On or near Horsefair Street,E01022110,Cheltenham 012E,Anti-social behaviour,,
,2012-02,Gloucestershire Constabulary,Gloucestershire Constabulary,-2.054097,51.880604,On or near Pumphreys Road,E01022110,Cheltenham 012E,Anti-social behaviour,,
,2012-02,Gloucestershire Constabulary,Gloucestershire Constabulary,-2.052456,51.881018,On or near Horsefair Close,E01022110,Cheltenham 012E,Anti-social behaviour,,
,2012-02,Gloucestershire Constabulary,Gloucestershire Constabulary,-2.054886,51.884137,On or near Lyefield Road West,E01022110,Cheltenham 012E,Anti-social behaviour,,
032da9b9a070220bb617342f6e207492ef0df2a099545682223ff5517f2efc13,2012-02,Gloucestershire Constabulary,Gloucestershire Constabulary,-2.054886,51.884137,On or near Lyefield Road West,E01022110,Cheltenham 012E,Burglary,,
f70eaa7ca0d98b04c903ebd0e097dd2e97daab3d5a89f7eb56bf3ee2db042e91,2012-02,Gloucestershire Constabulary,Gloucestershire Constabulary,-2.051857,51.878294,On or near Croft Gardens,E01022110,Cheltenham 012E,Criminal damage and arson,Investigation complete; no suspect identified,
aca38e74f87f99b2f48946ea6729306fd288c2dbee56f16ae2065cbda5700454,2012-02,Gloucestershire Constabulary,Gloucestershire Constabulary,-2.052456,51.881018,On or near Horsefair Close,E01022110,Cheltenham 012E,Criminal damage and arson,,
5817bb4f91109d9716efb9acb7eb151f3a632e03536743427c8b6308677f602d,2012-02,Gloucestershire Constabulary,Gloucestershire Constabulary,-2.050409,51.882385,On or near Church Street,E01022110,Cheltenham 012E,Shoplifting,Offender sent to prison,
aa875b290f2c087760c39d0a3874453a69302c2a3db3429800df981ecb1a22f5,2012-02,Gloucestershire Constabulary,Gloucestershire Constabulary,-2.050409,51.882385,On or near Church Street,E01022110,Cheltenham 012E,Shoplifting,Offender sent to prison,
,2012-02,Gloucestershire Constabulary,Gloucestershire Constabulary,-2.056123,51.886123,On or near Brookway Road,E01022111,Cheltenham 012F,Anti-social behaviour,,
,2012-02,Gloucestershire Constabulary,Gloucestershire Constabulary,-2.053700,51.888435,On or near Supermarket,E01022111,Cheltenham 012F,Anti-social behaviour,,
6f2962123d03078a7f3bfac11a981913078a332d59a2f02545c7937732536ad7,2012-02,Gloucestershire Constabulary,Gloucestershire Constabulary,-2.056123,51.886123,On or near Brookway Road,E01022111,Cheltenham 012F,Burglary,Investigation complete; no suspect identified,
63c44963ae119acb568886dae5c9822b0552b35246550ec7a77eb37cbe4f0010,2012-02,Gloucestershire Constabulary,Gloucestershire Constabulary,-2.053700,51.888435,On or near Supermarket,E01022111,Cheltenham 012F,Shoplifting,Investigation complete; no suspect identified,
8c3432ec0b45617001720795d2b1a4957a2663db4f90627805733b74b9562f9a,2012-02,Gloucestershire Constabulary,Gloucestershire Constabulary,-2.055458,51.888101,On or near Cudnall Street,E01022111,Cheltenham 012F,Violent crime,,
8c96859875b73363b5c56c3ef07008c1c751c1db50eedba26260808a5687c745,2012-02,Gloucestershire Constabulary,Gloucestershire Constabulary,-2.042360,51.881750,On or near Balcarras,E01022112,Cheltenham 012G,Other theft,Investigation complete; no suspect identified,
ab9e621f75429f19b8bd27454e2e0070ae71d5f4fe354ede5c9a10975ec4a0a1,2012-02,Gloucestershire Constabulary,Gloucestershire Constabulary,-2.049348,51.882053,On or near Grange Walk,E01022112,Cheltenham 012G,Other theft,,
bfa63796be3ccdb6d8c39872419cd7c323466d88253a14212cc4610a84833aa1,2012-02,Gloucestershire Constabulary,Gloucestershire Constabulary,-2.042360,51.881750,On or near Balcarras,E01022112,Cheltenham 012G,Other theft,,
5656e644ca5c32c1ebbdb9ec62980dd16b60920ffa06aba647d6f5b47a55b44d,2012-02,Gloucestershire Constabulary,Gloucestershire Constabulary,-2.039034,51.882318,On or near Petrol Station,E01022112,Cheltenham 012G,Other crime,,
,2012-02,Gloucestershire Constabulary,Gloucestershire Constabulary,-2.120958,51.882702,On or near Manor Park,E01022167,Cheltenham 013A,Anti-social behaviour,,
,2012-02,Gloucestershire Constabulary,Gloucestershire Constabulary,-2.120309,51.884250,On or near Sefton Walk,E01022167,Cheltenham 013A,Anti-social behaviour,,
,2012-02,Gloucestershire Constabulary,Gloucestershire Constabulary,-2.126042,51.882203,On or near Sunnyfield Lane,E01022167,Cheltenham 013A,Anti-social behaviour,,
,2012-02,Gloucestershire Constabulary,Gloucestershire Constabulary,-2.121160,51.887512,On or near Kingscote Avenue,E01022168,Cheltenham 013B,Anti-social behaviour,,
,2012-02,Gloucestershire Constabulary,Gloucestershire Constabulary,-2.120392,51.888331,On or near Kingscote Road East,E01022168,Cheltenham 013B,Anti-social behaviour,,
a3d73f221f5f22e4c9900663bc60b6d19334dd7c978fc8964604aedc477f740f,2012-02,Gloucestershire Constabulary,Gloucestershire Constabulary,-2.118163,51.885987,On or near Montgomery Road,E01022168,Cheltenham 013B,Burglary,,
221e4ac9df65852d2d11dbd95db2b1d42a5f6b7423667dffa3e319dfe05a1432,2012-02,Gloucestershire Constabulary,Gloucestershire Constabulary,-2.118163,51.885987,On or near Montgomery Road,E01022168,Cheltenham 013B,Burglary,,
d4f6d0a22ab6ca0967f12dc49fafc42d18c982359ee3e71beed2b394b9a74cc7,2012-02,Gloucestershire Constabulary,Gloucestershire Constabulary,-2.117483,51.887013,On or near Flint Road,E01022168,Cheltenham 013B,Violent crime,,
,2012-02,Gloucestershire Constabulary,Gloucestershire Constabulary,-2.111717,51.887971,On or near Thirlmere Road,E01022169,Cheltenham 013C,Anti-social behaviour,,
,2012-02,Gloucestershire Constabulary,Gloucestershire Constabulary,-2.112813,51.884617,On or near Broad Oak Way,E01022169,Cheltenham 013C,Anti-social behaviour,,
3119bb5434da4f9fd0b25f1b15668a6daa68305482b5fa87d6d24fbfeeaa9947,2012-02,Gloucestershire Constabulary,Gloucestershire Constabulary,-2.107154,51.881556,On or near Hulbert Crescent,E01022169,Cheltenham 013C,Criminal damage and arson,,
cd485eaa425f7d112cd73728576cb67b3b6ffc7609e90778e60ef4a8bff84ee3,2012-02,Gloucestershire Constabulary,Gloucestershire Constabulary,-2.106310,51.881053,On or near Caernarvon Road,E01022169,Cheltenham 013C,Other theft,,
f80624e01edca868be830c8f91f32e0fa5adcc7dae7618fce89a2ffae45d227a,2012-02,Gloucestershire Constabulary,Gloucestershire Constabulary,-2.106310,51.881053,On or near Caernarvon Road,E01022169,Cheltenham 013C,Shoplifting,,
c6a29bfde67ea19b16aac79fb493c8c58afa52c3f4a2397de20be806108f6d05,2012-02,Gloucestershire Constabulary,Gloucestershire Constabulary,-2.106310,51.881053,On or near Caernarvon Road,E01022169,Cheltenham 013C,Vehicle crime,Investigation complete; no suspect identified,
29e523ecf3538a0e61fc52896b3512d745a507d6b73488f796068fd64f756111,2012-02,Gloucestershire Constabulary,Gloucestershire Constabulary,-2.106310,51.881053,On or near Caernarvon Road,E01022169,Cheltenham 013C,Other crime,Investigation complete; no suspect identified,
,2012-02,Gloucestershire Constabulary,Gloucestershire Constabulary,-2.110307,51.881751,On or near Cheriton Close,E01022170,Cheltenham 013D,Anti-social behaviour,,
,2012-02,Gloucestershire Constabulary,Gloucestershire Constabulary,-2.106408,51.879624,On or near The Greenings,E01022171,Cheltenham 013E,Anti-social behaviour,,
234e487c82cba25a2ddc3609b678a272cdceec29fdd5c353fae17cb35235cfbd,2012-02,Gloucestershire Constabulary,Gloucestershire Constabulary,-2.102123,51.879897,On or near Azalea Drive,E01022171,Cheltenham 013E,Criminal damage and arson,,
,2012-02,Gloucestershire Constabulary,Gloucestershire Constabulary,-2.094603,51.882340,On or near Woodlands Road,E01022172,Cheltenham 013F,Anti-social behaviour,,
,2012-02,Gloucestershire Constabulary,Gloucestershire Constabulary,-2.094035,51.881378,On or near Hawkswood Road,E01022172,Cheltenham 013F,Anti-social behaviour,,
adaab06d00f0ddac8aaf6afc62b4fc79bf62e7715f52a4494f4e6921ef04d960,2012-02,Gloucestershire Constabulary,Gloucestershire Constabulary,-2.097838,51.880063,On or near Chelmsford Avenue,E01022172,Cheltenham 013F,Burglary,,
91486d42d079f558980cab3c78ff7661790d5b21c6f65e2acd0f73f36e3488d4,2012-02,Gloucestershire Constabulary,Gloucestershire Constabulary,-2.103364,51.882557,On or near Wells Close,E01022172,Cheltenham 013F,Criminal damage and arson,,
4d043cc52df844a42b064b2ba3b696004468c3530918af6cd8472a03052f9a31,2012-02,Gloucestershire Constabulary,Gloucestershire Constabulary,-2.103364,51.882557,On or near Wells Close,E01022172,Cheltenham 013F,Criminal damage and arson,,
abbac0a4d96326bdb9733f8e8a617238f0dbdc1d67a119d1b65af17fbcbee52c,2012-02,Gloucestershire Constabulary,Gloucestershire Constabulary,-2.099963,51.881670,On or near Durham Close,E01022172,Cheltenham 013F,Vehicle crime,,
,2012-02,Gloucestershire Constabulary,Gloucestershire Constabulary,-2.112814,51.890730,On or near Hatherley Road,E01022173,Cheltenham 013G,Anti-social behaviour,,
,2012-02,Gloucestershire Constabulary,Gloucestershire Constabulary,-2.107701,51.885700,On or near Bala Road,E01022173,Cheltenham 013G,Anti-social behaviour,,
,2012-02,Gloucestershire Constabulary,Gloucestershire Constabulary,-2.107712,51.890160,On or near Browning Mews,E01022173,Cheltenham 013G,Anti-social behaviour,,
,2012-02,Gloucestershire Constabulary,Gloucestershire Constabulary,-2.108521,51.888199,On or near Penrith Road,E01022173,Cheltenham 013G,Anti-social behaviour,,
9057cfd718179c9e61dc35666d00bf4a089a07719ce39594bd9f1e580d563130,2012-02,Gloucestershire Constabulary,Gloucestershire Constabulary,-2.108068,51.887273,On or near Gwernant Road,E01022173,Cheltenham 013G,Criminal damage and arson,,
7476371d0786b2eb21c6f30601204488be1819c4360f9201ea3f86512342d449,2012-02,Gloucestershire Constabulary,Gloucestershire Constabulary,-2.111398,51.888448,On or near Windermere Road,E01022173,Cheltenham 013G,Other theft,Investigation complete; no suspect identified,
62c16b9abff8a46db8a24996dcb03c9d3386a4e5f739fb17b892204ee6030c4a,2012-02,Gloucestershire Constabulary,Gloucestershire Constabulary,-2.112814,51.890730,On or near Hatherley Road,E01022173,Cheltenham 013G,Other theft,,
efe4ed50f5c0c32748cd74c6d53693c5a4a8587eaccd5f5d108d2be96f12b6fc,2012-02,Gloucestershire Constabulary,Gloucestershire Constabulary,-2.110447,51.885671,On or near Alma Road,E01022173,Cheltenham 013G,Vehicle crime,,
adda8c62f140c74d3823b46fa1445f049c44a6ad28e107b6e5dc70d8df9910fa,2012-02,Gloucestershire Constabulary,Gloucestershire Constabulary,-2.057994,51.883272,On or near Newcourt Park,E01022113,Cheltenham 014A,Burglary,,
1df8d771e221ec065f4a53f54d9bbff597bd73e4bdee93a1175ce475543b2c39,2012-02,Gloucestershire Constabulary,Gloucestershire Constabulary,-2.065696,51.884338,On or near Charlton Park Gate,E01022113,Cheltenham 014A,Burglary,,
,2012-02,Gloucestershire Constabulary,Gloucestershire Constabulary,-2.055142,51.879938,On or near Croft Court,E01022114,Cheltenham 014B,Anti-social behaviour,,
a97c578176c1210c84aa2295f5d98c358ebce65017f737d7acfcf2d849fa70fa,2012-02,Gloucestershire Constabulary,Gloucestershire Constabulary,-2.055910,51.878076,On or near Lawson Glade,E01022114,Cheltenham 014B,Criminal damage and arson,,
626d976e66b6121c6ba83d5d86eea03a998f11c535ed211c1a57119095a1b1ac,2012-02,Gloucestershire Constabulary,Gloucestershire Constabulary,-2.069751,51.876522,On or near Southfield Close,E01022114,Cheltenham 014B,Other theft,,
edb2489ee3e63476809e0d51b6e0c401fbe814f974357e7155e7014000047c3e,2012-02,Gloucestershire Constabulary,Gloucestershire Constabulary,-2.072116,51.874471,On or near Southern Road,E01022114,Cheltenham 014B,Other theft,,
cd1ef51465bc186b9feb2f76eaa10dbe001658fb9b3e846dbd75c02182e79c92,2012-02,Gloucestershire Constabulary,Gloucestershire Constabulary,-2.058103,51.877868,On or near Barton Close,E01022114,Cheltenham 014B,Vehicle crime,Court result unavailable,
,2012-02,Gloucestershire Constabulary,Gloucestershire Constabulary,-2.066281,51.887538,On or near Charlton Park Drive,E01022115,Cheltenham 014C,Anti-social behaviour,,
b6912a9d7f3a11cb926715aa348d14a99bf43d974e2ee588233137161030f16c,2012-02,Gloucestershire Constabulary,Gloucestershire Constabulary,-2.060428,51.889169,On or near Charlton Drive,E01022115,Cheltenham 014C,Burglary,,
edd68be93bfe548038b3eefc275824b781f63cd2b545ab61e6ee88d7a75d9b32,2012-02,Gloucestershire Constabulary,Gloucestershire Constabulary,-2.066727,51.894047,On or near Keynsham Road,E01022115,Cheltenham 014C,Criminal damage and arson,,
c3dad1beb29c6b07a6ace71bf3570d75c3c4ecac6013bc42223f80896a1673ce,2012-02,Gloucestershire Constabulary,Gloucestershire Constabulary,-2.066281,51.887538,On or near Charlton Park Drive,E01022115,Cheltenham 014C,Drugs,Offender given a caution,
ce6ed903e57f58eff07eb483f4637a1cdf311aeed57f91b05806e5957c652fed,2012-02,Gloucestershire Constabulary,Gloucestershire Constabulary,-2.062421,51.890534,On or near Westminster Close,E01022115,Cheltenham 014C,Vehicle crime,Offender sent to prison,
c822341f9c01b67a8f1692598f7b709c28c5e310d7ace37317d8fd49d0df2219,2012-02,Gloucestershire Constabulary,Gloucestershire Constabulary,-2.066727,51.894047,On or near Keynsham Road,E01022115,Cheltenham 014C,Vehicle crime,,
e986b32ef8858198244e80645f33ae418c3a00e50ef5b4054cb4287960d58b46,2012-02,Gloucestershire Constabulary,Gloucestershire Constabulary,-2.073471,51.885844,On or near Naunton Lane,E01022118,Cheltenham 014D,Burglary,Investigation complete; no suspect identified,
31eb38fc4061df1c3031706f52d462464c536fab9af6ac8976f71201438bd711,2012-02,Gloucestershire Constabulary,Gloucestershire Constabulary,-2.073471,51.885844,On or near Naunton Lane,E01022118,Cheltenham 014D,Vehicle crime,,
,2012-02,Gloucestershire Constabulary,Gloucestershire Constabulary,-2.091608,51.873675,On or near Leckhampton Farm Court,E01022128,Cheltenham 015A,Anti-social behaviour,,
fa4ed801095910f54a3aaf35268039142ab8ec92abfde06eb56d930ba0de10f1,2012-02,Gloucestershire Constabulary,Gloucestershire Constabulary,-2.079444,51.878593,On or near Hall Road,E01022128,Cheltenham 015A,Burglary,,
2532a2a31424a6413a89463de623d01692fd8f33cfd602a388936db8866e094a,2012-02,Gloucestershire Constabulary,Gloucestershire Constabulary,-2.079444,51.878593,On or near Hall Road,E01022128,Cheltenham 015A,Other theft,,
d73ea1b25706666f4f88cacb8959c1a1dba29f92724be24440a42b187b14ea30,2012-02,Gloucestershire Constabulary,Gloucestershire Constabulary,-2.082178,51.880120,On or near Moorend Grove,E01022128,Cheltenham 015A,Other theft,,
931c9923cf26c6d13999be1fea0c4a4a7f6a5d547fe0be4a435b3f8298c6e161,2012-02,Gloucestershire Constabulary,Gloucestershire Constabulary,-2.077966,51.880653,On or near Leckhampton Road,E01022129,Cheltenham 015B,Vehicle crime,,
,2012-02,Gloucestershire Constabulary,Gloucestershire Constabulary,-2.073891,51.884962,On or near Churchill Road,E01022130,Cheltenham 015C,Anti-social behaviour,,
141e7f28470e89500f1fb4aca407d11a39eba2c9a5958333ae1b1ba49396e94c,2012-02,Gloucestershire Constabulary,Gloucestershire Constabulary,-2.081956,51.886054,On or near Brooksdale Lane,E01022130,Cheltenham 015C,Criminal damage and arson,Investigation complete; no suspect identified,
2e10ed5ea1ecadefa8d3407eb4c017297c34f65290517b5c3c37aa6912bd51d1,2012-02,Gloucestershire Constabulary,Gloucestershire Constabulary,-2.081897,51.885469,On or near Short Street,E01022130,Cheltenham 015C,Criminal damage and arson,,
e24968b6e8a447226b2daea5a4956f2f4909f22b263589995f3ef436eac9e8bb,2012-02,Gloucestershire Constabulary,Gloucestershire Constabulary,-2.082751,51.883895,On or near Pickering Road,E01022130,Cheltenham 015C,Vehicle crime,,
,2012-02,Gloucestershire Constabulary,Gloucestershire Constabulary,-1.755318,52.015746,On or near The Dell,E01022179,Cotswold 001A,Anti-social behaviour,,
e5fa8c1282a3b41ef2506c6d13fd09d58a6043bbd685089677992a6285f94d70,2012-02,Gloucestershire Constabulary,Gloucestershire Constabulary,-1.765790,52.013861,On or near Greenway Road,E01022179,Cotswold 001A,Criminal damage and arson,,
7d49d16bc798ea1c0373d6d789a08c033fad5b6e5b0d007e5289d4caafb540fc,2012-02,Gloucestershire Constabulary,Gloucestershire Constabulary,-1.765790,52.013861,On or near Greenway Road,E01022179,Cotswold 001A,Criminal damage and arson,Court result unavailable,
aabf681e8f72a40548deaeaf2e0b57f9a7970ae68f3cc1c62cec1621980fc246,2012-02,Gloucestershire Constabulary,Gloucestershire Constabulary,-1.709803,52.019383,On or near Church Farm Lane,E01022179,Cotswold 001A,Drugs,,
8333cebae036be5ce4928a01a3b295f96fe5119857374f604893dd00813a76c9,2012-02,Gloucestershire Constabulary,Gloucestershire Constabulary,-1.685948,52.021443,On or near A429,E01022179,Cotswold 001A,Vehicle crime,,
44b8e915f97fb70a6867a832c27da2cb1af31c751705f40bb283ed9972eee0cd,2012-02,Gloucestershire Constabulary,Gloucestershire Constabulary,-1.765790,52.013861,On or near Greenway Road,E01022179,Cotswold 001A,Violent crime,Investigation complete; no suspect identified,
9c94b238a5cd6645a28006744cd414dfad788b494e9c42385f534fa49e7e0ac8,2012-02,Gloucestershire Constabulary,Gloucestershire Constabulary,-1.765790,52.013861,On or near Greenway Road,E01022179,Cotswold 001A,Violent crime,Court result unavailable,
,2012-02,Gloucestershire Constabulary,Gloucestershire Constabulary,-1.852751,52.057013,On or near The Quinary,E01022182,Cotswold 001B,Anti-social behaviour,,
,2012-02,Gloucestershire Constabulary,Gloucestershire Constabulary,-1.846956,52.054263,On or near Petrol Station,E01022182,Cotswold 001B,Anti-social behaviour,,
,2012-02,Gloucestershire Constabulary,Gloucestershire Constabulary,-1.851468,52.057137,On or near Timms Green,E01022182,Cotswold 001B,Anti-social behaviour,,
f7691617626e376e36188b18653e9359a014ab6f8d8ac98b9235dabb3dbfb784,2012-02,Gloucestershire Constabulary,Gloucestershire Constabulary,-1.820321,52.026292,On or near Parking Area,E01022182,Cotswold 001B,Other theft,,
495f5aa719316311daa0867ec52dac30ce2fe0ab427ee49378fb18b1f0ba8eb9,2012-02,Gloucestershire Constabulary,Gloucestershire Constabulary,-1.860968,52.064530,On or near Badsey Lane,E01022182,Cotswold 001B,Vehicle crime,,
3bd3452ba774a311874eac8546fd576c3490e06d228747e1c6aa4acdf65bda05,2012-02,Gloucestershire Constabulary,Gloucestershire Constabulary,-1.851468,52.057137,On or near Timms Green,E01022182,Cotswold 001B,Vehicle crime,,
f3df7cbcea987c7a06e982e1eccfa81f90097cee62796bbf1800a29cd142f370,2012-02,Gloucestershire Constabulary,Gloucestershire Constabulary,-1.755835,52.054505,On or near Battlebrook Drive,E01022182,Cotswold 001B,Vehicle crime,,
,2012-02,Gloucestershire Constabulary,Gloucestershire Constabulary,-1.767377,52.053342,On or near Berrington Road,E01022183,Cotswold 001C,Anti-social behaviour,,
,2012-02,Gloucestershire Constabulary,Gloucestershire Constabulary,-1.766211,52.053277,On or near Castle Gardens,E01022183,Cotswold 001C,Anti-social behaviour,,
13938e7129883571b3d24244ea2c97466bafc0577f30ab2f93d2f0daf5ee980a,2012-02,Gloucestershire Constabulary,Gloucestershire Constabulary,-1.773776,52.053930,On or near Haydons Close,E01022183,Cotswold 001C,Burglary,Investigation complete; no suspect identified,
286e1da8e5f90c1f0a40836d3b3517404ad297747ffa34b07974676f148ec99e,2012-02,Gloucestershire Constabulary,Gloucestershire Constabulary,-1.779222,52.046811,On or near Sports/Recreation Area,E01022183,Cotswold 001C,Criminal damage and arson,,
1ad99a0802227b594ee5c3430cde0b6054754bee845a7f4f7a6635f749e1c81f,2012-02,Gloucestershire Constabulary,Gloucestershire Constabulary,-1.778736,52.050685,On or near Calf'S Lane,E01022183,Cotswold 001C,Criminal damage and arson,,
fc0a6f2bdb117a528d34f7e94d020a2cbb1b89332e2455b22a1694012b2f9ed2,2012-02,Gloucestershire Constabulary,Gloucestershire Constabulary,-1.782539,52.048390,On or near Petrol Station,E01022183,Cotswold 001C,Other theft,,
ab834507edac4ef0ba16031250cd46fd0bef26f6f90c1d698341548719961ffd,2012-02,Gloucestershire Constabulary,Gloucestershire Constabulary,-1.782539,52.048390,On or near Petrol Station,E01022183,Cotswold 001C,Other theft,,
0e714ffe71f7e52af2899358fa29da90e879feaaac2e35ba02bb2d42abc97f56,2012-02,Gloucestershire Constabulary,Gloucestershire Constabulary,-1.781920,52.058665,On or near The Bratches,E01022183,Cotswold 001C,Other theft,,
35819796a2f949c7cfd5bc6a03f8f6b89c8c846c62c00a2eb58bf89044675d85,2012-02,Gloucestershire Constabulary,Gloucestershire Constabulary,-1.780067,52.052845,On or near Rolling Stones,E01022183,Cotswold 001C,Shoplifting,,
6795cca323ce56476f2d319d2ee761939c951c58ed6f31305d2db41ef0158514,2012-02,Gloucestershire Constabulary,Gloucestershire Constabulary,-1.780067,52.052845,On or near Rolling Stones,E01022183,Cotswold 001C,Vehicle crime,,
b9b32e9ca1f404b560a9f1d20dbc1c8525fd06e5dce18e4ab16f6c6c20844040,2012-02,Gloucestershire Constabulary,Gloucestershire Constabulary,-1.752307,52.057024,On or near Station Road,E01022184,Cotswold 001D,Other theft,,
498fa809ea8734594d57f1b02f50e4a3f4f22fc3f887e8895b45f0cfa82cc3cf,2012-02,Gloucestershire Constabulary,Gloucestershire Constabulary,-1.752307,52.057024,On or near Station Road,E01022184,Cotswold 001D,Other theft,,
0483ebae95d770232c9c0ed77b8d07aa8a3d3efec3b836a31646edf0c0bef3ae,2012-02,Gloucestershire Constabulary,Gloucestershire Constabulary,-1.801243,52.072392,On or near B4035,E01022184,Cotswold 001D,Vehicle crime,Offender given community sentence,
af18086310d6cef9e4297514c15d2b6dd32c1c5ca0bbe3f0bbc55347fd2392d2,2012-02,Gloucestershire Constabulary,Gloucestershire Constabulary,-1.693239,52.046331,On or near Tankards Hill,E01022184,Cotswold 001D,Vehicle crime,,
,2012-02,Gloucestershire Constabulary,Gloucestershire Constabulary,-1.712632,51.930255,On or near King Georges Field,E01022177,Cotswold 002A,Anti-social behaviour,,
,2012-02,Gloucestershire Constabulary,Gloucestershire Constabulary,-1.712632,51.930255,On or near King Georges Field,E01022177,Cotswold 002A,Anti-social behaviour,,
,2012-02,Gloucestershire Constabulary,Gloucestershire Constabulary,-1.720663,51.927361,On or near The Park,E01022177,Cotswold 002A,Anti-social behaviour,,
,2012-02,Gloucestershire Constabulary,Gloucestershire Constabulary,-1.712632,51.930255,On or near King Georges Field,E01022177,Cotswold 002A,Anti-social behaviour,,
,2012-02,Gloucestershire Constabulary,Gloucestershire Constabulary,-1.720761,51.925626,On or near Bartletts Park,E01022177,Cotswold 002A,Anti-social behaviour,,
94f1baaa425f4d50c4b60171640e9fe5ac609b5eacc494f863ae1faf3124e742,2012-02,Gloucestershire Constabulary,Gloucestershire Constabulary,-1.725753,51.934548,On or near Evesham Road,E01022177,Cotswold 002A,Criminal damage and arson,,
a05ce3213c3204e89b19c4b390b6faf1a8f700e230d6724cf4da7374e9bf3f10,2012-02,Gloucestershire Constabulary,Gloucestershire Constabulary,-1.712632,51.930255,On or near King Georges Field,E01022177,Cotswold 002A,Criminal damage and arson,,
dfc60bdc40b7d79070307a272b42903cf1d72927d005a29e0b7dd5432bf99584,2012-02,Gloucestershire Constabulary,Gloucestershire Constabulary,-1.723146,51.930424,On or near Market Square,E01022177,Cotswold 002A,Other theft,,
4dbe056a564b1be5e7346d25ead57b76e8b0a82f4cf2fd9b42766c8ce8c0ceba,2012-02,Gloucestershire Constabulary,Gloucestershire Constabulary,-1.723587,51.929571,On or near Church Street,E01022177,Cotswold 002A,Violent crime,Offender given suspended prison sentence,
9309c6fcfb3acbdad5d8c0c454e0c3a982bdaa8eb1783a781380db9f32f5a1f1,2012-02,Gloucestershire Constabulary,Gloucestershire Constabulary,-1.723587,51.929571,On or near Church Street,E01022177,Cotswold 002A,Other crime,,
61c755c63d0f9562d1fe91ac439a2a97bc630afd7e0f4f166939d79d339cba9e,2012-02,Gloucestershire Constabulary,Gloucestershire Constabulary,-1.725836,51.928048,On or near Petrol Station,E01022177,Cotswold 002A,Other crime,Defendant found not guilty,
,2012-02,Gloucestershire Constabulary,Gloucestershire Constabulary,-1.679639,51.929370,On or near Back Lane,E01022178,Cotswold 002B,Anti-social behaviour,,
6cada00dfd24248dab95020192fcdcd664b47b1cde8c9ff8a19752e45ee34201,2012-02,Gloucestershire Constabulary,Gloucestershire Constabulary,-1.646031,51.903290,On or near Chapel Street,E01022178,Cotswold 002B,Other crime,Investigation complete; no suspect identified,
,2012-02,Gloucestershire Constabulary,Gloucestershire Constabulary,-1.699068,51.994685,On or near Blenheim Way,E01022205,Cotswold 002C,Anti-social behaviour,,
,2012-02,Gloucestershire Constabulary,Gloucestershire Constabulary,-1.647621,52.025084,On or near Becket Close,E01022205,Cotswold 002C,Anti-social behaviour,,
bf0bab06a414d77adad01da6f67cb21b8b6de59ae55cc41850ccee8c78cf1bfb,2012-02,Gloucestershire Constabulary,Gloucestershire Constabulary,-1.737612,51.966124,On or near Bean Hill,E01022205,Cotswold 002C,Burglary,Investigation complete; no suspect identified,
a92e3423230072d4f34bd0bc7dfc3ab8746bf984940399ce1570823efd496549,2012-02,Gloucestershire Constabulary,Gloucestershire Constabulary,-1.745886,51.964901,On or near Ganborough Road,E01022205,Cotswold 002C,Other theft,,
334c99287d9370cd2a6154313209dbb8a26592cd6eab8fd466aac001933e99e4,2012-02,Gloucestershire Constabulary,Gloucestershire Constabulary,-1.699068,51.994685,On or near Blenheim Way,E01022205,Cotswold 002C,Other theft,,
,2012-02,Gloucestershire Constabulary,Gloucestershire Constabulary,-1.704604,51.990114,On or near Corders Close,E01022211,Cotswold 002D,Anti-social behaviour,,
,2012-02,Gloucestershire Constabulary,Gloucestershire Constabulary,-1.698045,51.993082,On or near Hennemarsh Place,E01022211,Cotswold 002D,Anti-social behaviour,,
5be2778c5ad099bcda6741be754c584a278134cd4f36c2bf07f067cda40edeba,2012-02,Gloucestershire Constabulary,Gloucestershire Constabulary,-1.702825,51.992564,On or near Police Station,E01022211,Cotswold 002D,Burglary,Investigation complete; no suspect identified,
d0c471667445db716d5cb9547e52564ac4fbba59f17dbdc24720a60a89259e06,2012-02,Gloucestershire Constabulary,Gloucestershire Constabulary,-1.704604,51.990114,On or near Corders Close,E01022211,Cotswold 002D,Burglary,,
8c2cb0b23837c459351ebbc2287db9a67d00b80f0a7ce47f37156439c2531c47,2012-02,Gloucestershire Constabulary,Gloucestershire Constabulary,-1.701974,51.991303,On or near New Road,E01022211,Cotswold 002D,Violent crime,Offender given a caution,
50274ede26b6eb52eeef16f01f1aca8445b50509c8e08a0fd979cef56093fa54,2012-02,Gloucestershire Constabulary,Gloucestershire Constabulary,-1.701974,51.991303,On or near New Road,E01022211,Cotswold 002D,Violent crime,,
33b2775fa837d41d288920cfebc35fdfb7c6d23bf60ca684d64af613c5bdfa9a,2012-02,Gloucestershire Constabulary,Gloucestershire Constabulary,-1.693579,51.990140,On or near Radburn Close,E01022212,Cotswold 002E,Burglary,Suspect charged as part of another case,
d7f98e7712d9844ff4d99f4cafcbe30e73f6f90441ee4c4a07a907d9f781edd9,2012-02,Gloucestershire Constabulary,Gloucestershire Constabulary,-1.755161,51.892131,On or near Kings Meadow,E01022180,Cotswold 003A,Burglary,,
df9461d98c66fb7f0a92273669637198b2334639b3e4adda89d78d163eac8fff,2012-02,Gloucestershire Constabulary,Gloucestershire Constabulary,-1.747403,51.878853,On or near The Gorse,E01022180,Cotswold 003A,Burglary,Investigation complete; no suspect identified,
39ae5de40f91506d9c48a57481738082ba912f6dced3ee65717f2e81a59a54e0,2012-02,Gloucestershire Constabulary,Gloucestershire Constabulary,-1.757333,51.888036,On or near Sports/Recreation Area,E01022180,Cotswold 003A,Other theft,Local resolution,
553bde4363e4fe1cb0e5f4b786f2f1e02e1e9784e133e18b22d4065fdde0e47a,2012-02,Gloucestershire Constabulary,Gloucestershire Constabulary,-1.754917,51.891555,On or near Supermarket,E01022180,Cotswold 003A,Other theft,,
e5e72271cc9e61cb5f37184fdd93b942b9eeb5d0f9f2b586bd28fbe5c1e745b4,2012-02,Gloucestershire Constabulary,Gloucestershire Constabulary,-1.755161,51.892131,On or near Kings Meadow,E01022180,Cotswold 003A,Violent crime,,
446fbb0b3ef24b84ab038d3b4d5e140ceae8b35eaf767f59211192cfda421386,2012-02,Gloucestershire Constabulary,Gloucestershire Constabulary,-1.754917,51.891555,On or near Supermarket,E01022180,Cotswold 003A,Other crime,Local resolution,
,2012-02,Gloucestershire Constabulary,Gloucestershire Constabulary,-1.759073,51.883274,On or near Bow Lane,E01022181,Cotswold 003B,Anti-social behaviour,,
,2012-02,Gloucestershire Constabulary,Gloucestershire Constabulary,-1.814327,51.875696,On or near Chapel Lane,E01022181,Cotswold 003B,Anti-social behaviour,,
5429701394c7bb6573623e192e7480dd598346114bd4fe00b543d57317d7fe02,2012-02,Gloucestershire Constabulary,Gloucestershire Constabulary,-1.757463,51.882848,On or near Chardwar Gardens,E01022181,Cotswold 003B,Burglary,Investigation complete; no suspect identified,
427b263ba807f88e7e6edf248b33f91e8c6110f13e64584d667a047f60b51876,2012-02,Gloucestershire Constabulary,Gloucestershire Constabulary,-1.757463,51.882848,On or near Chardwar Gardens,E01022181,Cotswold 003B,Criminal damage and arson,,
2d615cd7b9f281a716fbf2630d5a7ec3f0395cc73d96e06b24dd9110a757848a,2012-02,Gloucestershire Constabulary,Gloucestershire Constabulary,-1.759301,51.886781,On or near School Hill,E01022181,Cotswold 003B,Criminal damage and arson,,
cf27c233086a6e10aa5302bd45d0b8cd0c7766dd598a26b6312feb64c2f84c31,2012-02,Gloucestershire Constabulary,Gloucestershire Constabulary,-1.759073,51.883274,On or near Bow Lane,E01022181,Cotswold 003B,Criminal damage and arson,,
6d2da59b8b1ac0b20d9236751b8930f47c07064434d08bdf6f2e52e248f08f3f,2012-02,Gloucestershire Constabulary,Gloucestershire Constabulary,-1.758702,51.890277,On or near Park Farm,E01022181,Cotswold 003B,Other theft,,
e1e5a6b385f83b279feb1d534c4b2b4ab6d34df4b292a7fc66308e6b5957728a,2012-02,Gloucestershire Constabulary,Gloucestershire Constabulary,-1.778898,51.884527,On or near Old Gloucester Road,E01022181,Cotswold 003B,Other theft,,
bc808f689a050efa5635c482457932d6b6aaa5beb42de3f618576f1ba3f1e054,2012-02,Gloucestershire Constabulary,Gloucestershire Constabulary,-1.757463,51.882848,On or near Chardwar Gardens,E01022181,Cotswold 003B,Shoplifting,,
,2012-02,Gloucestershire Constabulary,Gloucestershire Constabulary,-1.702440,51.874684,On or near Lancaster Drive,E01022214,Cotswold 003C,Anti-social behaviour,,
,2012-02,Gloucestershire Constabulary,Gloucestershire Constabulary,-1.711105,51.898379,On or near A424,E01022214,Cotswold 003C,Anti-social behaviour,,
2f158b90fe73458b39a1b355ab25ba3199758a52687b0f7b5fa65bd0c2c6a12a,2012-02,Gloucestershire Constabulary,Gloucestershire Constabulary,-1.722900,51.875705,On or near Manor Farm,E01022214,Cotswold 003C,Burglary,,
5e41306ff01197fd978cc223be952dbad13cb4bd6212a011f405aa5dc2713552,2012-02,Gloucestershire Constabulary,Gloucestershire Constabulary,-1.686552,51.880604,On or near Parking Area,E01022214,Cotswold 003C,Burglary,,
,2012-02,Gloucestershire Constabulary,Gloucestershire Constabulary,-1.749564,51.900382,On or near Petrol Station,E01022222,Cotswold 003D,Anti-social behaviour,,
64ab4ae828407eaebe1416fe73c1a34b4ff076ae0b14c28d5cdaf598436bb81a,2012-02,Gloucestershire Constabulary,Gloucestershire Constabulary,-1.866525,51.952036,On or near The Sherry,E01022222,Cotswold 003D,Burglary,,
aa392979e9476b7d304934d679816ea1410df31be383477224fc5812ecb2191a,2012-02,Gloucestershire Constabulary,Gloucestershire Constabulary,-1.823094,51.925375,On or near Park/Open Space,E01022222,Cotswold 003D,Other theft,Investigation complete; no suspect identified,
674e84d7b45084d76f1ca3fa2c136814f345996ebe34bab8ffddb32e6d2e0874,2012-02,Gloucestershire Constabulary,Gloucestershire Constabulary,-1.771855,51.904068,On or near Becky Hill,E01022222,Cotswold 003D,Other theft,,
55c5b786cc386b8625bd4369556b9cd27cc5d8ec8b1b65879907f45907195775,2012-02,Gloucestershire Constabulary,Gloucestershire Constabulary,-1.823094,51.925375,On or near Park/Open Space,E01022222,Cotswold 003D,Vehicle crime,Suspect charged as part of another case,
ec33d4eac02986a190b1d5693848f55ac75f7935c9e60795911b3ec0f47d861e,2012-02,Gloucestershire Constabulary,Gloucestershire Constabulary,-1.865708,51.923363,On or near Castlett Street,E01022222,Cotswold 003D,Vehicle crime,,
fc31253c62ea6f20fd542274778b194a8168e342d167686f5ec7e14e22769461,2012-02,Gloucestershire Constabulary,Gloucestershire Constabulary,-1.866525,51.952036,On or near The Sherry,E01022222,Cotswold 003D,Vehicle crime,Investigation complete; no suspect identified,
ed6c02bd44979e7da08bf50c47017068333f0d9f480f06595f2efd0e38d6cc53,2012-02,Gloucestershire Constabulary,Gloucestershire Constabulary,-1.823094,51.925375,On or near Park/Open Space,E01022222,Cotswold 003D,Vehicle crime,Investigation complete; no suspect identified,
8a60c4b79bc99d9954b606f6d1b2f6e55f7eeea8d6f09e73c0689cd6dc26bddd,2012-02,Gloucestershire Constabulary,Gloucestershire Constabulary,-1.865708,51.923363,On or near Castlett Street,E01022222,Cotswold 003D,Violent crime,,
,2012-02,Gloucestershire Constabulary,Gloucestershire Constabulary,-1.923010,51.807387,On or near Queen Street,E01022186,Cotswold 004A,Anti-social behaviour,,
,2012-02,Gloucestershire Constabulary,Gloucestershire Constabulary,-1.866145,51.815482,On or near Sports/Recreation Area,E01022186,Cotswold 004A,Anti-social behaviour,,
b7155af6d17f26b74a54571af81b18301b03620b49cd46ebdd8dfca27dc4ffcc,2012-02,Gloucestershire Constabulary,Gloucestershire Constabulary,-1.884781,51.800244,On or near A429,E01022186,Cotswold 004A,Burglary,,
f505bd12a7ae1c08e62865dcb5274b3d7d4612a169c4ba13985504bb7f3d54ee,2012-02,Gloucestershire Constabulary,Gloucestershire Constabulary,-1.947396,51.840397,On or near Harnham Lane,E01022186,Cotswold 004A,Criminal damage and arson,,
0d5e9a5972e7699c048968a70080bb2915c0baf7819d26e85ecd5ac90e7e988e,2012-02,Gloucestershire Constabulary,Gloucestershire Constabulary,-1.866145,51.815482,On or near Sports/Recreation Area,E01022186,Cotswold 004A,Other theft,Investigation complete; no suspect identified,
6948ddedfa457cca803269ee8da41dd0f9455bd25f2d46847fef1980eae5c9a6,2012-02,Gloucestershire Constabulary,Gloucestershire Constabulary,-1.915761,51.821417,On or near Park/Open Space,E01022186,Cotswold 004A,Other theft,,
,2012-02,Gloucestershire Constabulary,Gloucestershire Constabulary,-2.000040,51.817814,On or near Petrol Station,E01022187,Cotswold 004B,Anti-social behaviour,,
6aeb484d068a47ae998f5b43d88614c5aa9088ad6caa61a5c2a8437a7c5035e9,2012-02,Gloucestershire Constabulary,Gloucestershire Constabulary,-1.997431,51.779800,On or near Burcombe Lane,E01022187,Cotswold 004B,Burglary,,
b0f6c0b5861046c33872e30114d9a9c6c4883188f689ccee098c7fbbebbf857a,2012-02,Gloucestershire Constabulary,Gloucestershire Constabulary,-2.081947,51.849092,On or near Park/Open Space,E01022187,Cotswold 004B,Burglary,,
766b2f663332fbaa63962511a256ad4c887ab62659449b2e22d2a2ef29ebf9d2,2012-02,Gloucestershire Constabulary,Gloucestershire Constabulary,-2.045961,51.837379,On or near A435,E01022187,Cotswold 004B,Burglary,,
b0a35708bf3b37fb0651b464c925218dab421f52d0442f024ec1b02760eeffad,2012-02,Gloucestershire Constabulary,Gloucestershire Constabulary,-2.097004,51.843461,On or near A417,E01022187,Cotswold 004B,Drugs,Court result unavailable,
358a3d7f92c8d9bad1f0a245bc541a37638741a113e00472a02d23fc27f78a2f,2012-02,Gloucestershire Constabulary,Gloucestershire Constabulary,-2.081947,51.849092,On or near Park/Open Space,E01022187,Cotswold 004B,Other theft,,
20b1cb6f745afe58d63d576f6f16206f8eb409b1bb8949658108dbcf44b81e5e,2012-02,Gloucestershire Constabulary,Gloucestershire Constabulary,-1.972597,51.786451,On or near Sports/Recreation Area,E01022187,Cotswold 004B,Vehicle crime,Investigation complete; no suspect identified,
6ca89becfbd35713e9d14cbaa99afe3b11d616a03381eef28b60e2a307765efc,2012-02,Gloucestershire Constabulary,Gloucestershire Constabulary,-1.994822,51.779782,On or near Hayes Lane,E01022187,Cotswold 004B,Vehicle crime,,
aff9018f0b9876e2abd3936614b928fbcd0efb3e2f1f66022ab45cce66dafe97,2012-02,Gloucestershire Constabulary,Gloucestershire Constabulary,-1.999460,51.780187,On or near Burcombe Lane,E01022187,Cotswold 004B,Vehicle crime,,
93f36b131ea648ebcdb3b4f3c046911f98a333bb995e8fa261b1ded21829c9b0,2012-02,Gloucestershire Constabulary,Gloucestershire Constabulary,-2.108768,51.827960,On or near B4070,E01022201,Cotswold 004C,Burglary,Investigation complete; no suspect identified,
a7271e42c2e6382912443d3ff274c0cb150cc340609f6d2073c2370deb7ae8d9,2012-02,Gloucestershire Constabulary,Gloucestershire Constabulary,-2.055114,51.785919,On or near Foss Field,E01022201,Cotswold 004C,Burglary,,
d7bc42164a59847e766e7ac2194f30ab375df19ef0279827a2f5a483813a566c,2012-02,Gloucestershire Constabulary,Gloucestershire Constabulary,-2.048596,51.817553,On or near High Cross,E01022201,Cotswold 004C,Criminal damage and arson,,
ab665ba79fe97dd229a2eb07f2dd9415979da6fd4995173c485f576503bd51c3,2012-02,Gloucestershire Constabulary,Gloucestershire Constabulary,-2.050768,51.826974,On or near Sports/Recreation Area,E01022201,Cotswold 004C,Other theft,,
9a010cc39e00cadf719eec49bdf9387e2f303263c01275723256de0610a8c67e,2012-02,Gloucestershire Constabulary,Gloucestershire Constabulary,-2.050768,51.826974,On or near Sports/Recreation Area,E01022201,Cotswold 004C,Vehicle crime,,
eea33f6261648a4137a8e708d434a7dab7a3c6d0c9e092d2798d477e9e7d463f,2012-02,Gloucestershire Constabulary,Gloucestershire Constabulary,-2.042743,51.764832,On or near Crabtree Lane,E01022201,Cotswold 004C,Vehicle crime,,
,2012-02,Gloucestershire Constabulary,Gloucestershire Constabulary,-1.967155,51.873931,On or near Coln Rise,E01022216,Cotswold 004D,Anti-social behaviour,,
2803e508e950cc60af637dd72566edb94a6da2d98208f4475a8673d9189604b5,2012-02,Gloucestershire Constabulary,Gloucestershire Constabulary,-1.966341,51.875163,On or near Waterside Close,E01022216,Cotswold 004D,Criminal damage and arson,,
d19670a24a4dc7af7e8377c524c2f4719da223deb50bb009ed1228b98cbb6904,2012-02,Gloucestershire Constabulary,Gloucestershire Constabulary,-1.966572,51.876503,On or near Huntsmans Meet,E01022216,Cotswold 004D,Other theft,Investigation complete; no suspect identified,
a4d64ab91f88c4238877ed3ba87a7f36f3a55940604f77830e5afce0a730eebc,2012-02,Gloucestershire Constabulary,Gloucestershire Constabulary,-2.013306,51.887718,On or near Ham Road,E01022216,Cotswold 004D,Vehicle crime,,
af23b41fe3a7d6cf8828c4b924ef8d4ad39c721d096463ee51cb95c8e4929cb7,2012-02,Gloucestershire Constabulary,Gloucestershire Constabulary,-1.919580,51.884895,On or near A436,E01022216,Cotswold 004D,Vehicle crime,,
,2012-02,Gloucestershire Constabulary,Gloucestershire Constabulary,-1.903512,51.782054,On or near Parking Area,E01022175,Cotswold 005A,Anti-social behaviour,,
,2012-02,Gloucestershire Constabulary,Gloucestershire Constabulary,-1.880338,51.747507,On or near B4425,E01022175,Cotswold 005A,Anti-social behaviour,,
,2012-02,Gloucestershire Constabulary,Gloucestershire Constabulary,-1.880338,51.747507,On or near B4425,E01022175,Cotswold 005A,Anti-social behaviour,,
010f94edd3adb1029f2ca28896d14dcdd6878e3b8bb24e2f67fc31302ef38df1,2012-02,Gloucestershire Constabulary,Gloucestershire Constabulary,-1.880338,51.747507,On or near B4425,E01022175,Cotswold 005A,Burglary,Investigation complete; no suspect identified,
65734a966b177a43102ef04bf49d3e739148802f4d2ae99c7abf1fffa1055132,2012-02,Gloucestershire Constabulary,Gloucestershire Constabulary,-1.898665,51.738956,On or near Parking Area,E01022175,Cotswold 005A,Vehicle crime,,
,2012-02,Gloucestershire Constabulary,Gloucestershire Constabulary,-1.853939,51.677805,On or near Broadleaze,E01022207,Cotswold 005B,Anti-social behaviour,,
,2012-02,Gloucestershire Constabulary,Gloucestershire Constabulary,-1.853939,51.677805,On or near Broadleaze,E01022207,Cotswold 005B,Anti-social behaviour,,
,2012-02,Gloucestershire Constabulary,Gloucestershire Constabulary,-1.853939,51.677805,On or near Broadleaze,E01022207,Cotswold 005B,Anti-social behaviour,,
,2012-02,Gloucestershire Constabulary,Gloucestershire Constabulary,-1.826944,51.698727,On or near Beech Lea,E01022207,Cotswold 005B,Anti-social behaviour,,
,2012-02,Gloucestershire Constabulary,Gloucestershire Constabulary,-1.857751,51.707354,On or near Stoney Pool,E01022207,Cotswold 005B,Anti-social behaviour,,
d9077b993612a47fbf480cf5e5fa327e9f917a0bb689c5acf9871bf934dd9430,2012-02,Gloucestershire Constabulary,Gloucestershire Constabulary,-1.857874,51.672766,On or near The Old Estate Yard,E01022207,Cotswold 005B,Burglary,,
c1204880ca3e9f7f501c8cb80cba0827882be9c4f4330f0a38f0a14ebd337a6e,2012-02,Gloucestershire Constabulary,Gloucestershire Constabulary,-1.900395,51.703056,On or near Parking Area,E01022207,Cotswold 005B,Other theft,,
0dbe9baf7a9f9d6d9f61c44dcff88fddb14554efe0d55fed65905a1bf07d563a,2012-02,Gloucestershire Constabulary,Gloucestershire Constabulary,-1.862869,51.670901,On or near Down Ampney Road,E01022207,Cotswold 005B,Violent crime,Investigation complete; no suspect identified,
,2012-02,Gloucestershire Constabulary,Gloucestershire Constabulary,-1.837809,51.828960,On or near College Row,E01022213,Cotswold 005C,Anti-social behaviour,,
73dfd63170c05f2115078c9e7d416d326974b1771bdac0dbbc0d86e2f45e3b0b,2012-02,Gloucestershire Constabulary,Gloucestershire Constabulary,-1.836558,51.829749,On or near Market Place,E01022213,Cotswold 005C,Burglary,,
a2bf9497f8549568011324365e0008f2b2276e57bfc28ba9ac7c0fd0a4100e01,2012-02,Gloucestershire Constabulary,Gloucestershire Constabulary,-1.836584,51.830504,On or near Doctors Lane,E01022213,Cotswold 005C,Criminal damage and arson,,
cdd7b92458fc25fc95ce0ecb15edbe7d4c13532b58b2c4579e872bcc77a6bffb,2012-02,Gloucestershire Constabulary,Gloucestershire Constabulary,-1.836584,51.830504,On or near Doctors Lane,E01022213,Cotswold 005C,Other theft,,
8c196246cf04986e946af41453eef5abceb38dacdfced7e1adeead68bb2ee176,2012-02,Gloucestershire Constabulary,Gloucestershire Constabulary,-1.836584,51.830504,On or near Doctors Lane,E01022213,Cotswold 005C,Other theft,,
9f6a02cf228d50f49d9b79097320fa1ae36566d9d59e4f0503cefcadd2c89bf7,2012-02,Gloucestershire Constabulary,Gloucestershire Constabulary,-1.840879,51.830735,On or near Antelope Paddock,E01022213,Cotswold 005C,Vehicle crime,,
644cbecc38c1ef7a77f648492ee7595edc837dc66e8fc8798b2fa005fe7fb903,2012-02,Gloucestershire Constabulary,Gloucestershire Constabulary,-1.773078,51.750469,On or near Park/Open Space,E01022215,Cotswold 005D,Burglary,Investigation complete; no suspect identified,
f47a978dbe2a2a55225cc8051b590d5f0b752c2a4880081afb3d8ba0525b8d49,2012-02,Gloucestershire Constabulary,Gloucestershire Constabulary,-1.705965,51.815218,On or near Sports/Recreation Area,E01022215,Cotswold 005D,Criminal damage and arson,,
,2012-02,Gloucestershire Constabulary,Gloucestershire Constabulary,-1.956327,51.714283,On or near Herbert Stark Close,E01022188,Cotswold 006A,Anti-social behaviour,,
,2012-02,Gloucestershire Constabulary,Gloucestershire Constabulary,-1.947711,51.718443,On or near Millennium Way,E01022188,Cotswold 006A,Anti-social behaviour,,
,2012-02,Gloucestershire Constabulary,Gloucestershire Constabulary,-1.957772,51.717242,On or near Beech Grove,E01022188,Cotswold 006A,Anti-social behaviour,,
,2012-02,Gloucestershire Constabulary,Gloucestershire Constabulary,-1.947711,51.718443,On or near Millennium Way,E01022188,Cotswold 006A,Anti-social behaviour,,
4c6a66eb75a40933d576410a101459ac04f85b697b58546515e89c201e81aa9a,2012-02,Gloucestershire Constabulary,Gloucestershire Constabulary,-1.956282,51.716315,On or near Upper Churnside,E01022188,Cotswold 006A,Drugs,Court result unavailable,
57d70b85691c97d71d47bc942c7823b6bd6fe7d8a7862a6e7a0dc7843f8fcacc,2012-02,Gloucestershire Constabulary,Gloucestershire Constabulary,-1.956282,51.716315,On or near Upper Churnside,E01022188,Cotswold 006A,Public disorder and weapons,,
a2625e73147561a4a77c8396ad56195bc4bc7883ebc1b19dcc98455dc0001149,2012-02,Gloucestershire Constabulary,Gloucestershire Constabulary,-1.957772,51.717242,On or near Beech Grove,E01022188,Cotswold 006A,Violent crime,Investigation complete; no suspect identified,
5ed0164e1762a8b77fd92a13d104ff3f000f5506117a725117b04ee6360cab8d,2012-02,Gloucestershire Constabulary,Gloucestershire Constabulary,-1.946725,51.719629,On or near Parking Area,E01022188,Cotswold 006A,Violent crime,,
19e841dba19cf57db35202f2d133ef263315a393146492183dc7ccc51140045e,2012-02,Gloucestershire Constabulary,Gloucestershire Constabulary,-1.953499,51.720270,On or near Petrol Station,E01022188,Cotswold 006A,Other crime,,
c1b6307516508e5eaca0917c30bd8e2e6490f527b99c9dc25df0e3437809fd13,2012-02,Gloucestershire Constabulary,Gloucestershire Constabulary,-1.953499,51.720270,On or near Petrol Station,E01022188,Cotswold 006A,Other crime,Investigation complete; no suspect identified,
,2012-02,Gloucestershire Constabulary,Gloucestershire Constabulary,-1.950034,51.712042,On or near Crabtree Lane,E01022190,Cotswold 006C,Anti-social behaviour,,
,2012-02,Gloucestershire Constabulary,Gloucestershire Constabulary,-1.953146,51.711801,On or near The Smithy,E01022190,Cotswold 006C,Anti-social behaviour,,
c389e7c46b92472acba26a2e68b2c91e93941762931e10f7980d551d9f53605a,2012-02,Gloucestershire Constabulary,Gloucestershire Constabulary,-1.950816,51.711359,On or near North Home Road,E01022190,Cotswold 006C,Criminal damage and arson,,
6098fa1bd4e6970994504e68771fe7fea0db4a3419975f7a76da05fdc5049249,2012-02,Gloucestershire Constabulary,Gloucestershire Constabulary,-1.950034,51.712042,On or near Crabtree Lane,E01022190,Cotswold 006C,Violent crime,Court result unavailable,
76ee249d6ccd0ef18df9bf838e8912c691dfaf61bf740f50c5446cc5d2f587db,2012-02,Gloucestershire Constabulary,Gloucestershire Constabulary,-1.950816,51.711359,On or near North Home Road,E01022190,Cotswold 006C,Violent crime,,
,2012-02,Gloucestershire Constabulary,Gloucestershire Constabulary,-1.967683,51.724249,On or near Pethera Close,E01022196,Cotswold 006D,Anti-social behaviour,,
,2012-02,Gloucestershire Constabulary,Gloucestershire Constabulary,-1.967683,51.724249,On or near Pethera Close,E01022196,Cotswold 006D,Anti-social behaviour,,
5688f55e22a13d6a254d8dd0f555c4ba6a75714d9918fe9cdbd926e8a238e185,2012-02,Gloucestershire Constabulary,Gloucestershire Constabulary,-1.976671,51.728055,On or near Albion Street,E01022196,Cotswold 006D,Burglary,,
214b00c7306d3cebeb5a7dcc1db31c2b1fbf37d09bc2b6feaf4e51568cd15822,2012-02,Gloucestershire Constabulary,Gloucestershire Constabulary,-1.965190,51.727090,On or near Berry Hill Crescent,E01022196,Cotswold 006D,Other theft,,
e27de4f6976876a6a8f638bbe2b06a44e41c06e28007044db39e6053be5c2841,2012-02,Gloucestershire Constabulary,Gloucestershire Constabulary,-1.947616,51.725033,On or near Petrol Station,E01022196,Cotswold 006D,Shoplifting,Offender given suspended prison sentence,
cd1b69c42a1f59c3688a12ca21bf6b8a848cd59daf939bb61692d8fb4338c981,2012-02,Gloucestershire Constabulary,Gloucestershire Constabulary,-1.964887,51.726442,On or near Berry Hill Road,E01022196,Cotswold 006D,Vehicle crime,Offender given community sentence,
723f8ec94aa30e4cf1cf54ce2c38f54b7a0eb8ecdd987aef8e708cef0d3db48d,2012-02,Gloucestershire Constabulary,Gloucestershire Constabulary,-1.972559,51.728845,On or near Stratton Mills,E01022196,Cotswold 006D,Violent crime,,
,2012-02,Gloucestershire Constabulary,Gloucestershire Constabulary,-1.974887,51.733683,On or near Stratton Heights,E01022197,Cotswold 006E,Anti-social behaviour,,
,2012-02,Gloucestershire Constabulary,Gloucestershire Constabulary,-1.978467,51.725807,On or near Sports/Recreation Area,E01022197,Cotswold 006E,Anti-social behaviour,,
,2012-02,Gloucestershire Constabulary,Gloucestershire Constabulary,-1.976073,51.735904,On or near Links View,E01022197,Cotswold 006E,Anti-social behaviour,,
,2012-02,Gloucestershire Constabulary,Gloucestershire Constabulary,-1.976073,51.735904,On or near Links View,E01022197,Cotswold 006E,Anti-social behaviour,,
08d95ef0ea0a429128cf29fa24d8d017ea997fef46f1e8c2a0910b823483942b,2012-02,Gloucestershire Constabulary,Gloucestershire Constabulary,-1.981534,51.732003,On or near Pope'S Court,E01022197,Cotswold 006E,Other theft,Investigation complete; no suspect identified,
,2012-02,Gloucestershire Constabulary,Gloucestershire Constabulary,-1.965561,51.715231,On or near South Way,E01022194,Cotswold 007A,Anti-social behaviour,,
,2012-02,Gloucestershire Constabulary,Gloucestershire Constabulary,-1.968311,51.716328,On or near Nightclub,E01022194,Cotswold 007A,Anti-social behaviour,,
,2012-02,Gloucestershire Constabulary,Gloucestershire Constabulary,-1.967965,51.714260,On or near Ashcroft Gardens,E01022194,Cotswold 007A,Anti-social behaviour,,
,2012-02,Gloucestershire Constabulary,Gloucestershire Constabulary,-1.968311,51.716328,On or near Nightclub,E01022194,Cotswold 007A,Anti-social behaviour,,
,2012-02,Gloucestershire Constabulary,Gloucestershire Constabulary,-1.968311,51.716328,On or near Nightclub,E01022194,Cotswold 007A,Anti-social behaviour,,
,2012-02,Gloucestershire Constabulary,Gloucestershire Constabulary,-1.968311,51.716328,On or near Nightclub,E01022194,Cotswold 007A,Anti-social behaviour,,
,2012-02,Gloucestershire Constabulary,Gloucestershire Constabulary,-1.967370,51.715573,On or near Cricklade Street,E01022194,Cotswold 007A,Anti-social behaviour,,
,2012-02,Gloucestershire Constabulary,Gloucestershire Constabulary,-1.967965,51.714260,On or near Ashcroft Gardens,E01022194,Cotswold 007A,Anti-social behaviour,,
,2012-02,Gloucestershire Constabulary,Gloucestershire Constabulary,-1.966529,51.717353,On or near Shopping Area,E01022194,Cotswold 007A,Anti-social behaviour,,
,2012-02,Gloucestershire Constabulary,Gloucestershire Constabulary,-1.968311,51.716328,On or near Nightclub,E01022194,Cotswold 007A,Anti-social behaviour,,
,2012-02,Gloucestershire Constabulary,Gloucestershire Constabulary,-1.967370,51.715573,On or near Cricklade Street,E01022194,Cotswold 007A,Anti-social behaviour,,
,2012-02,Gloucestershire Constabulary,Gloucestershire Constabulary,-1.970106,51.715079,On or near Cripps Road,E01022194,Cotswold 007A,Anti-social behaviour,,
,2012-02,Gloucestershire Constabulary,Gloucestershire Constabulary,-1.964113,51.716264,On or near Dyer Street,E01022194,Cotswold 007A,Anti-social behaviour,,
,2012-02,Gloucestershire Constabulary,Gloucestershire Constabulary,-1.964113,51.716264,On or near Dyer Street,E01022194,Cotswold 007A,Anti-social behaviour,,
,2012-02,Gloucestershire Constabulary,Gloucestershire Constabulary,-1.970019,51.716455,On or near Castle Street,E01022194,Cotswold 007A,Anti-social behaviour,,
,2012-02,Gloucestershire Constabulary,Gloucestershire Constabulary,-1.968569,51.719682,On or near Estcote Road,E01022194,Cotswold 007A,Anti-social behaviour,,
,2012-02,Gloucestershire Constabulary,Gloucestershire Constabulary,-1.965879,51.716310,On or near North Way,E01022194,Cotswold 007A,Anti-social behaviour,,
,2012-02,Gloucestershire Constabulary,Gloucestershire Constabulary,-1.968311,51.716328,On or near Nightclub,E01022194,Cotswold 007A,Anti-social behaviour,,
,2012-02,Gloucestershire Constabulary,Gloucestershire Constabulary,-1.969482,51.717345,On or near Black Jack Street,E01022194,Cotswold 007A,Anti-social behaviour,,
,2012-02,Gloucestershire Constabulary,Gloucestershire Constabulary,-1.964692,51.716129,On or near Supermarket,E01022194,Cotswold 007A,Anti-social behaviour,,
,2012-02,Gloucestershire Constabulary,Gloucestershire Constabulary,-1.969151,51.714683,On or near Ashcroft Road,E01022194,Cotswold 007A,Anti-social behaviour,,
,2012-02,Gloucestershire Constabulary,Gloucestershire Constabulary,-1.968311,51.716328,On or near Nightclub,E01022194,Cotswold 007A,Anti-social behaviour,,
4dde0db9d6e3196788bdec8fb610e8e32ea717ade063322293eafcd79637bebd,2012-02,Gloucestershire Constabulary,Gloucestershire Constabulary,-1.970653,51.720968,On or near Priory Close,E01022194,Cotswold 007A,Criminal damage and arson,,
8cc1f6fb79938dd7c2b8b5a57d93161aafc4d20e606325397b78a615758e0201,2012-02,Gloucestershire Constabulary,Gloucestershire Constabulary,-1.967965,51.714260,On or near Ashcroft Gardens,E01022194,Cotswold 007A,Criminal damage and arson,,
5e52648244f1cb81acd660adf11d39b7839ceb1927c711030c13ae9603bf2a52,2012-02,Gloucestershire Constabulary,Gloucestershire Constabulary,-1.967239,51.717002,On or near Parking Area,E01022194,Cotswold 007A,Criminal damage and arson,Local resolution,
5780d5e403fb852139b0373ed1c0b5cee148f0bb4b4e6edff86365b8149c205f,2012-02,Gloucestershire Constabulary,Gloucestershire Constabulary,-1.968686,51.718118,On or near Gosditch Street,E01022194,Cotswold 007A,Criminal damage and arson,,
b9ea3ca2134d2f6495b1a7792244cafc328a66e7307dd061619da9207312579f,2012-02,Gloucestershire Constabulary,Gloucestershire Constabulary,-1.968484,51.716265,On or near Brewery Court,E01022194,Cotswold 007A,Drugs,,
481e0105620cb28b7bfbb6a50e79d8a2673682349e156396da02cd4dab35917a,2012-02,Gloucestershire Constabulary,Gloucestershire Constabulary,-1.971728,51.714720,On or near Parking Area,E01022194,Cotswold 007A,Other theft,Investigation complete; no suspect identified,
ad3b8f89298ef02d08465a7608456871cf00b743fec0f16724c8b1aa381b81d7,2012-02,Gloucestershire Constabulary,Gloucestershire Constabulary,-1.971410,51.713425,On or near Supermarket,E01022194,Cotswold 007A,Other theft,,
23dc8eb2fbffb35b4bd9deb20550c0f5ccd5ea9fd0e9ce47615270e797b7b03d,2012-02,Gloucestershire Constabulary,Gloucestershire Constabulary,-1.971728,51.714720,On or near Parking Area,E01022194,Cotswold 007A,Other theft,Investigation complete; no suspect identified,
53f75dc32057901ab138ff92e0e61968affdf917ef42a06faed952a1a237eec1,2012-02,Gloucestershire Constabulary,Gloucestershire Constabulary,-1.968311,51.716328,On or near Nightclub,E01022194,Cotswold 007A,Other theft,,
3ce2534cbb76f3a900304c52e7b09d7b5c3e96282cc25d8f149a3a1af671e909,2012-02,Gloucestershire Constabulary,Gloucestershire Constabulary,-1.971728,51.714720,On or near Parking Area,E01022194,Cotswold 007A,Other theft,Investigation complete; no suspect identified,
b76d6c558ec2abba144824805815599c86b86b86c5e9dd2ca8a065a480029de5,2012-02,Gloucestershire Constabulary,Gloucestershire Constabulary,-1.968311,51.716328,On or near Nightclub,E01022194,Cotswold 007A,Other theft,,
f3d4cf6fde1deb8b3567a9b0722d34909ac994c6e80296d3891e6d20086fb0a4,2012-02,Gloucestershire Constabulary,Gloucestershire Constabulary,-1.971728,51.714720,On or near Parking Area,E01022194,Cotswold 007A,Other theft,,
2bdb37b83300f6dbcf0f1590152df9978d083e38f98942207a3b284abd9d0b69,2012-02,Gloucestershire Constabulary,Gloucestershire Constabulary,-1.971728,51.714720,On or near Parking Area,E01022194,Cotswold 007A,Other theft,,
415c15851a26f20f07f0d220740a8eff248866c05d89857e8a81633f8ee6f83b,2012-02,Gloucestershire Constabulary,Gloucestershire Constabulary,-1.966993,51.717002,On or near Market Place,E01022194,Cotswold 007A,Other theft,,
f5133585a42ba9726b44cbf0a49cd31c40098d924de0ede00b807a9ace3f6e0c,2012-02,Gloucestershire Constabulary,Gloucestershire Constabulary,-1.970106,51.715079,On or near Cripps Road,E01022194,Cotswold 007A,Other theft,,
1b3ef429ff4f0d26cfcdfed659c603e35670c84fdba39b048587b713e4317223,2012-02,Gloucestershire Constabulary,Gloucestershire Constabulary,-1.967370,51.715573,On or near Cricklade Street,E01022194,Cotswold 007A,Public disorder and weapons,Offender given penalty notice,
d8c3b148ee08efe4710ed437221d0626fd9d7315a6039171f51464b523510a64,2012-02,Gloucestershire Constabulary,Gloucestershire Constabulary,-1.964113,51.716264,On or near Dyer Street,E01022194,Cotswold 007A,Public disorder and weapons,Court result unavailable,
7559a72b0b19f5c309215300f17a212f2070cbd2c454023aa8643c1badf041de,2012-02,Gloucestershire Constabulary,Gloucestershire Constabulary,-1.968484,51.716265,On or near Brewery Court,E01022194,Cotswold 007A,Public disorder and weapons,,
97a0db698d6aa0d829f04d8e7aa6b34ef7ca7be75c5251ce27a2f7520896bfbf,2012-02,Gloucestershire Constabulary,Gloucestershire Constabulary,-1.971410,51.713425,On or near Supermarket,E01022194,Cotswold 007A,Shoplifting,Investigation complete; no suspect identified,
a0469748ab933bddf7ef19cb7fe504598d232c991704036361c63a83ffdd28e9,2012-02,Gloucestershire Constabulary,Gloucestershire Constabulary,-1.964692,51.716129,On or near Supermarket,E01022194,Cotswold 007A,Shoplifting,,
6e1c4bd9409cc8a24045f1b28e62fe4b6e73d21f932bd61a8f1fb20d2350cd8e,2012-02,Gloucestershire Constabulary,Gloucestershire Constabulary,-1.967965,51.714260,On or near Ashcroft Gardens,E01022194,Cotswold 007A,Shoplifting,Investigation complete; no suspect identified,
f33583f0d6eac07f0fbcb7cdc1ba62e9d79199026ef03b4c4c9b41713e580fb9,2012-02,Gloucestershire Constabulary,Gloucestershire Constabulary,-1.964113,51.716264,On or near Dyer Street,E01022194,Cotswold 007A,Shoplifting,,
6ec5d95413a96ba896c53e864a6de88f79908a8a1501e57e65a2f59a331b8566,2012-02,Gloucestershire Constabulary,Gloucestershire Constabulary,-1.968484,51.716265,On or near Brewery Court,E01022194,Cotswold 007A,Shoplifting,,
a7981b2a4d15a02e93fa5049cc2c1c9384daa420e5147cdc4ba0b1ba10ff3fd1,2012-02,Gloucestershire Constabulary,Gloucestershire Constabulary,-1.971626,51.715475,On or near Parking Area,E01022194,Cotswold 007A,Vehicle crime,,
ae5fbee1ddd213ee57f118ba7c71ebe69c4fb29fbbf3d368b903e024e4cd462a,2012-02,Gloucestershire Constabulary,Gloucestershire Constabulary,-1.968311,51.716328,On or near Nightclub,E01022194,Cotswold 007A,Violent crime,,
ede0a474f8ef96def31c58f1f6a63fb688e3fe66c41499e636ebb7922409018c,2012-02,Gloucestershire Constabulary,Gloucestershire Constabulary,-1.968628,51.717254,On or near West Market Place,E01022194,Cotswold 007A,Violent crime,,
8ac02f0b825c7336b7c7823510b2ea90b021890b80d69a8f448b5c9fe2f8ac5f,2012-02,Gloucestershire Constabulary,Gloucestershire Constabulary,-1.971349,51.719026,On or near Thomas Street,E01022194,Cotswold 007A,Violent crime,,
4054150d986505e5d5a75ddb31369a83644df3d9551edb3488bf9486ddc83fed,2012-02,Gloucestershire Constabulary,Gloucestershire Constabulary,-1.968311,51.716328,On or near Nightclub,E01022194,Cotswold 007A,Violent crime,,
72bf3835f2a1751b4de71d369cb50f8b06de26380c8f7beed8fe32ccdc10fbdc,2012-02,Gloucestershire Constabulary,Gloucestershire Constabulary,-1.970019,51.716455,On or near Castle Street,E01022194,Cotswold 007A,Violent crime,,
,2012-02,Gloucestershire Constabulary,Gloucestershire Constabulary,-1.972389,51.721427,On or near Gloucester Street,E01022195,Cotswold 007B,Anti-social behaviour,,
,2012-02,Gloucestershire Constabulary,Gloucestershire Constabulary,-1.980442,51.711629,On or near A419,E01022195,Cotswold 007B,Anti-social behaviour,,
,2012-02,Gloucestershire Constabulary,Gloucestershire Constabulary,-1.973612,51.709910,On or near Cotswold Close,E01022195,Cotswold 007B,Anti-social behaviour,,
,2012-02,Gloucestershire Constabulary,Gloucestershire Constabulary,-1.977619,51.714658,On or near Park/Open Space,E01022195,Cotswold 007B,Anti-social behaviour,,
,2012-02,Gloucestershire Constabulary,Gloucestershire Constabulary,-1.970529,51.709729,On or near Mount Street,E01022195,Cotswold 007B,Anti-social behaviour,,
84e0aa7387125c3c39c1755b7410d664997a5f8444f00ca1aa10d9c68981599e,2012-02,Gloucestershire Constabulary,Gloucestershire Constabulary,-1.981876,51.710954,On or near Pedestrian Subway,E01022195,Cotswold 007B,Burglary,Investigation complete; no suspect identified,
44e0b050fb20bd3545057b6cce0ce8141e2f69c27a7212d03dcf067c990ea96b,2012-02,Gloucestershire Constabulary,Gloucestershire Constabulary,-1.969545,51.709504,On or near Garden Close,E01022195,Cotswold 007B,Criminal damage and arson,,
595ef885885306270181321bd11ac72e31b236d41736fa3bd2030a4301abc6ec,2012-02,Gloucestershire Constabulary,Gloucestershire Constabulary,-1.972354,51.708822,On or near Chesterton Lane,E01022195,Cotswold 007B,Other theft,Investigation complete; no suspect identified,
9649be2978599dcc6452d32cfc0bc33f430b7fd080466404e59e4c4d0c3309ff,2012-02,Gloucestershire Constabulary,Gloucestershire Constabulary,-2.006466,51.717177,On or near Sports/Recreation Area,E01022195,Cotswold 007B,Vehicle crime,,
a8c78cd0fc2d25280ac9e99858afabda6723a9b2d75cb0a093349387f51e8759,2012-02,Gloucestershire Constabulary,Gloucestershire Constabulary,-1.973612,51.709910,On or near Cotswold Close,E01022195,Cotswold 007B,Other crime,Investigation complete; no suspect identified,
f539e982b1c2e413bebba9bb67ebd5fa88241b2feb16e7df8bfdce1a6922f417,2012-02,Gloucestershire Constabulary,Gloucestershire Constabulary,-1.959109,51.711174,On or near Prospect Place,E01022199,Cotswold 007C,Drugs,,
ac4f6022e55156854b581335c88f5b4c05d0d6be0c64d8a86afc9f20556f5e9b,2012-02,Gloucestershire Constabulary,Gloucestershire Constabulary,-1.959501,51.710409,On or near Queen Street,E01022199,Cotswold 007C,Drugs,Offender given conditional discharge,
,2012-02,Gloucestershire Constabulary,Gloucestershire Constabulary,-1.965783,51.708523,On or near Meadow Road,E01022200,Cotswold 007D,Anti-social behaviour,,
,2012-02,Gloucestershire Constabulary,Gloucestershire Constabulary,-1.964379,51.708685,On or near Fairfax Road,E01022200,Cotswold 007D,Anti-social behaviour,,
,2012-02,Gloucestershire Constabulary,Gloucestershire Constabulary,-1.961556,51.709700,On or near Stepstairs Lane,E01022200,Cotswold 007D,Anti-social behaviour,,
1acf40d7965780ed1d3006cff45ad27c75fb871a4df9fa123bfe511f0d434ea9,2012-02,Gloucestershire Constabulary,Gloucestershire Constabulary,-1.965783,51.708523,On or near Meadow Road,E01022200,Cotswold 007D,Criminal damage and arson,,
1caef5693f62f2941b626d358f991e542baaee65418a7498b59a10d855c60b0f,2012-02,Gloucestershire Constabulary,Gloucestershire Constabulary,-1.965783,51.708523,On or near Meadow Road,E01022200,Cotswold 007D,Criminal damage and arson,,
3bb693c8a22322bed38727a58945d7d47a1ff9f19658e74717f3698e7f840010,2012-02,Gloucestershire Constabulary,Gloucestershire Constabulary,-1.965622,51.710996,On or near Trinity Road,E01022200,Cotswold 007D,Other theft,,
eded29c4993a82443b54c90a5f94a23443139ca970062fe90f08e840ed19ec91,2012-02,Gloucestershire Constabulary,Gloucestershire Constabulary,-1.965783,51.708523,On or near Meadow Road,E01022200,Cotswold 007D,Other theft,,
dd2f1be162b925c122ea69a11088ca9a8042c497936a8499b660f70709cecd62,2012-02,Gloucestershire Constabulary,Gloucestershire Constabulary,-1.964379,51.708685,On or near Fairfax Road,E01022200,Cotswold 007D,Other theft,,
280f462b3b1361c865d9f7cd25056d9b9c2abd0d052d5eec3c25aef1b24b2777,2012-02,Gloucestershire Constabulary,Gloucestershire Constabulary,-1.964379,51.708685,On or near Fairfax Road,E01022200,Cotswold 007D,Other theft,,
27c88bbc95cc61fa1444042b2160f9b4b0bfb74abbc13cf380324fb6f9222b8d,2012-02,Gloucestershire Constabulary,Gloucestershire Constabulary,-1.967258,51.710924,On or near Lavender Lane,E01022200,Cotswold 007D,Vehicle crime,Investigation complete; no suspect identified,
76d3c1e9713ac416206b5f6040c8835a581f52238b322effd0465e2ca60d7f63,2012-02,Gloucestershire Constabulary,Gloucestershire Constabulary,-1.978361,51.705658,On or near Michaels Mead,E01022191,Cotswold 008A,Burglary,Investigation complete; no suspect identified,
2e6a44f8c0f8f8e132c241969a258faac5910b88f1cd28f81d1fe814e2f85ffb,2012-02,Gloucestershire Constabulary,Gloucestershire Constabulary,-1.977160,51.705199,On or near Hanstone Close,E01022191,Cotswold 008A,Criminal damage and arson,,
a9aab97c09c8adcdf7f4d25da41eb88633517f46faf3de92ec5618f61a7c00ca,2012-02,Gloucestershire Constabulary,Gloucestershire Constabulary,-1.981443,51.706962,On or near Reeves Close,E01022191,Cotswold 008A,Drugs,Offender given a caution,
,2012-02,Gloucestershire Constabulary,Gloucestershire Constabulary,-1.975177,51.705702,On or near Springfield Road,E01022192,Cotswold 008B,Anti-social behaviour,,
,2012-02,Gloucestershire Constabulary,Gloucestershire Constabulary,-1.971153,51.707859,On or near Vyners Close,E01022192,Cotswold 008B,Anti-social behaviour,,
,2012-02,Gloucestershire Constabulary,Gloucestershire Constabulary,-1.974497,51.706664,On or near Brooke Road,E01022192,Cotswold 008B,Anti-social behaviour,,
,2012-02,Gloucestershire Constabulary,Gloucestershire Constabulary,-1.973772,51.708202,On or near Bathurst Road,E01022192,Cotswold 008B,Anti-social behaviour,,
,2012-02,Gloucestershire Constabulary,Gloucestershire Constabulary,-1.973772,51.708202,On or near Bathurst Road,E01022192,Cotswold 008B,Anti-social behaviour,,
,2012-02,Gloucestershire Constabulary,Gloucestershire Constabulary,-1.974497,51.706664,On or near Brooke Road,E01022192,Cotswold 008B,Anti-social behaviour,,
,2012-02,Gloucestershire Constabulary,Gloucestershire Constabulary,-1.973744,51.707356,On or near Apsley Road,E01022192,Cotswold 008B,Anti-social behaviour,,
,2012-02,Gloucestershire Constabulary,Gloucestershire Constabulary,-1.973772,51.708202,On or near Bathurst Road,E01022192,Cotswold 008B,Anti-social behaviour,,
,2012-02,Gloucestershire Constabulary,Gloucestershire Constabulary,-1.975408,51.706673,On or near Masefield Road,E01022192,Cotswold 008B,Anti-social behaviour,,
,2012-02,Gloucestershire Constabulary,Gloucestershire Constabulary,-1.975177,51.705702,On or near Springfield Road,E01022192,Cotswold 008B,Anti-social behaviour,,
,2012-02,Gloucestershire Constabulary,Gloucestershire Constabulary,-1.975177,51.705702,On or near Springfield Road,E01022192,Cotswold 008B,Anti-social behaviour,,
b11fdf80c63758a690d1c2b235fc3d57faaa81ead56067b00dd552531e5f4565,2012-02,Gloucestershire Constabulary,Gloucestershire Constabulary,-1.973585,51.706574,On or near Woodlands Road,E01022192,Cotswold 008B,Burglary,,
a778c04b0e77349608ab90aeca0c7eeabf425827d502e41d5df9cf501f8449ca,2012-02,Gloucestershire Constabulary,Gloucestershire Constabulary,-1.975408,51.706673,On or near Masefield Road,E01022192,Cotswold 008B,Criminal damage and arson,Court result unavailable,
a640672954c11dac0f6a6f824db93ce14df6caa7133cb9ce338798dcd47cf700,2012-02,Gloucestershire Constabulary,Gloucestershire Constabulary,-1.975408,51.706673,On or near Masefield Road,E01022192,Cotswold 008B,Violent crime,Investigation complete; no suspect identified,
9b7625694215f7f18edaa671a757d11c73cd338b55798ee6c32454f018c99cd8,2012-02,Gloucestershire Constabulary,Gloucestershire Constabulary,-1.975408,51.706673,On or near Masefield Road,E01022192,Cotswold 008B,Violent crime,Offender given a caution,
c83e4d8a88ea985226e8fa17a4047af8d9d641febfb4c141e35f352f5c1df215,2012-02,Gloucestershire Constabulary,Gloucestershire Constabulary,-1.972210,51.706340,On or near Oakley Road,E01022192,Cotswold 008B,Violent crime,,
fa91aa8896c66b9b04bc7a576ecbaf4769990d929b31ab77c9b1191773360e41,2012-02,Gloucestershire Constabulary,Gloucestershire Constabulary,-1.975408,51.706673,On or near Masefield Road,E01022192,Cotswold 008B,Violent crime,Court result unavailable,
249a25a3aa83dad24eddb6e35b97ac37a5e408fd09ca90166c8fdd0d4a31f8c6,2012-02,Gloucestershire Constabulary,Gloucestershire Constabulary,-1.975408,51.706673,On or near Masefield Road,E01022192,Cotswold 008B,Violent crime,Court result unavailable,
,2012-02,Gloucestershire Constabulary,Gloucestershire Constabulary,-1.967898,51.705791,On or near Somerford Road,E01022193,Cotswold 008C,Anti-social behaviour,,
,2012-02,Gloucestershire Constabulary,Gloucestershire Constabulary,-1.971922,51.704713,On or near Cranhams Lane,E01022193,Cotswold 008C,Anti-social behaviour,,
,2012-02,Gloucestershire Constabulary,Gloucestershire Constabulary,-1.977305,51.704192,On or near Haygarth Close,E01022193,Cotswold 008C,Anti-social behaviour,,
25cb777394c6bc111fe06281b268242028d5c168a40391a2fc2aca5dd245720d,2012-02,Gloucestershire Constabulary,Gloucestershire Constabulary,-1.976640,51.703185,On or near Linacre Crescent,E01022193,Cotswold 008C,Other crime,Investigation complete; no suspect identified,
,2012-02,Gloucestershire Constabulary,Gloucestershire Constabulary,-1.959010,51.708962,On or near Mercian Close,E01022198,Cotswold 008D,Anti-social behaviour,,
,2012-02,Gloucestershire Constabulary,Gloucestershire Constabulary,-1.960171,51.705159,On or near Esland Place,E01022198,Cotswold 008D,Anti-social behaviour,,
,2012-02,Gloucestershire Constabulary,Gloucestershire Constabulary,-1.955829,51.706344,On or near Rose Way,E01022198,Cotswold 008D,Anti-social behaviour,,
,2012-02,Gloucestershire Constabulary,Gloucestershire Constabulary,-1.954192,51.707449,On or near Cricklade Road,E01022198,Cotswold 008D,Anti-social behaviour,,
,2012-02,Gloucestershire Constabulary,Gloucestershire Constabulary,-1.957348,51.706704,On or near Siddington Road,E01022198,Cotswold 008D,Anti-social behaviour,,
,2012-02,Gloucestershire Constabulary,Gloucestershire Constabulary,-1.954192,51.707449,On or near Cricklade Road,E01022198,Cotswold 008D,Anti-social behaviour,,
,2012-02,Gloucestershire Constabulary,Gloucestershire Constabulary,-1.958852,51.708089,On or near Pedestrian Subway,E01022198,Cotswold 008D,Anti-social behaviour,,
,2012-02,Gloucestershire Constabulary,Gloucestershire Constabulary,-1.955829,51.706344,On or near Rose Way,E01022198,Cotswold 008D,Anti-social behaviour,,
,2012-02,Gloucestershire Constabulary,Gloucestershire Constabulary,-1.957348,51.706704,On or near Siddington Road,E01022198,Cotswold 008D,Anti-social behaviour,,
,2012-02,Gloucestershire Constabulary,Gloucestershire Constabulary,-1.955829,51.706344,On or near Rose Way,E01022198,Cotswold 008D,Anti-social behaviour,,
dd33a65d6c31debba785275b266d2298bf5764437c0c6cab4c3e24b0fe27d0e7,2012-02,Gloucestershire Constabulary,Gloucestershire Constabulary,-1.960171,51.705159,On or near Esland Place,E01022198,Cotswold 008D,Burglary,Investigation complete; no suspect identified,
9d4a0d46d14feac5af717c405c2bf91382e5c69ce1c8cef31a8cf333e9a9d00e,2012-02,Gloucestershire Constabulary,Gloucestershire Constabulary,-1.957768,51.706120,On or near Nursery Road,E01022198,Cotswold 008D,Burglary,,
7d69a67b7ec212690e71e3b5f4dc0965ce2745ce90f14ab39e7d5b2fb8c93e12,2012-02,Gloucestershire Constabulary,Gloucestershire Constabulary,-1.957854,51.707397,On or near Kingsmead,E01022198,Cotswold 008D,Burglary,Investigation complete; no suspect identified,
da555a02f566102c47335ed2a1ffa2438b5f86aaaaf2d289b0ce113b5eafda2b,2012-02,Gloucestershire Constabulary,Gloucestershire Constabulary,-1.961065,51.708854,On or near School Lane,E01022198,Cotswold 008D,Criminal damage and arson,Investigation complete; no suspect identified,
edf971e19bbabde5e2db2a9b94dfe89147f3786b52a754b4f68480d39b119e79,2012-02,Gloucestershire Constabulary,Gloucestershire Constabulary,-1.956438,51.704906,On or near Ermin Place,E01022198,Cotswold 008D,Other theft,,
dc6187a264a57e67eee48e9317bfbb9aada89374feaa44d04bd842d3aecfeaa1,2012-02,Gloucestershire Constabulary,Gloucestershire Constabulary,-1.967362,51.706690,On or near Highfield Lane,E01022198,Cotswold 008D,Other theft,Investigation complete; no suspect identified,
d2fe98679f2a9737ffcd2eacb5e9062a7c145df8da0bb75c888d9f0626a559ec,2012-02,Gloucestershire Constabulary,Gloucestershire Constabulary,-1.962850,51.702678,On or near Wilkinson Road,E01022198,Cotswold 008D,Other theft,Investigation complete; no suspect identified,
56a597f57920f55ebae8f4256678273015bdab28e6d3701a1c124017f7ee2064,2012-02,Gloucestershire Constabulary,Gloucestershire Constabulary,-1.962789,51.707354,On or near Petrol Station,E01022198,Cotswold 008D,Public disorder and weapons,,
9db23f72c33545e4a6caa39cc7c8a743e31930317d337d54a10e76b72228d2ac,2012-02,Gloucestershire Constabulary,Gloucestershire Constabulary,-1.962789,51.707354,On or near Petrol Station,E01022198,Cotswold 008D,Shoplifting,,
bb5cc8330652e209dc615e1baf1741d4f693e47852cc9a8d8a64f6b65c4033ba,2012-02,Gloucestershire Constabulary,Gloucestershire Constabulary,-1.953193,51.708042,On or near Swindon Road,E01022198,Cotswold 008D,Vehicle crime,,
8eb6b9577283564485cb80877953de690bd4f033483cc5e596fa6dd7e8c15eb5,2012-02,Gloucestershire Constabulary,Gloucestershire Constabulary,-1.961065,51.708854,On or near School Lane,E01022198,Cotswold 008D,Violent crime,Investigation complete; no suspect identified,
46fc62696437bb3483b6a0052a0f7cf76ea964849600998fa76e0390e25077ab,2012-02,Gloucestershire Constabulary,Gloucestershire Constabulary,-1.964770,51.708334,On or near Fairfax Close,E01022198,Cotswold 008D,Violent crime,,
34d910c7198c1d0dcd06d46c6e22357988c8f2ecfdcb5089375d23093319171f,2012-02,Gloucestershire Constabulary,Gloucestershire Constabulary,-1.956088,51.707324,On or near Melmore Gardens,E01022198,Cotswold 008D,Violent crime,Court result unavailable,
e82fd49c8c10c8fea679b5c3a36b38591d8b10868c305faefde71b6db0e6019f,2012-02,Gloucestershire Constabulary,Gloucestershire Constabulary,-1.962789,51.707354,On or near Petrol Station,E01022198,Cotswold 008D,Other crime,Investigation complete; no suspect identified,
5e16794ecb434e7b920909d103914c083d3b3e7d958f519d096dd1ea4cc3721a,2012-02,Gloucestershire Constabulary,Gloucestershire Constabulary,-1.952930,51.696345,On or near Elizabeth Way,E01022225,Cotswold 008E,Burglary,,
98e9df7c9d40ab4ca4970bfb82fa0ff4e82cb0243a24cbb9b6046132559f4c56,2012-02,Gloucestershire Constabulary,Gloucestershire Constabulary,-1.952747,51.705911,On or near Supermarket,E01022225,Cotswold 008E,Other theft,,
5050a19a1893bb17e7ba707a7e042622e0e788ea82809d57c0c4536dace90062,2012-02,Gloucestershire Constabulary,Gloucestershire Constabulary,-1.943080,51.705386,On or near Kingsway,E01022225,Cotswold 008E,Shoplifting,Suspect charged as part of another case,
696d9b18e6dcc1e3493827f9b094823c64fd26d7103167bbd5071e130cb728c6,2012-02,Gloucestershire Constabulary,Gloucestershire Constabulary,-1.952747,51.705911,On or near Supermarket,E01022225,Cotswold 008E,Shoplifting,,
d6675638f202a33ea4d3a2b5ca28e247f5457c8a082cb751b5e3992a20637fed,2012-02,Gloucestershire Constabulary,Gloucestershire Constabulary,-1.952747,51.705911,On or near Supermarket,E01022225,Cotswold 008E,Vehicle crime,,
913181fd20166df4876e41a67966d205e6a3f183957e0b4117726dd2ddeab69b,2012-02,Gloucestershire Constabulary,Gloucestershire Constabulary,-1.952747,51.705911,On or near Supermarket,E01022225,Cotswold 008E,Other crime,Investigation complete; no suspect identified,
3ac0e10bd7c2696fb83655988fadae57b1280422233d66100dfe1860a203f73b,2012-02,Gloucestershire Constabulary,Gloucestershire Constabulary,-1.952747,51.705911,On or near Supermarket,E01022225,Cotswold 008E,Other crime,Local resolution,
,2012-02,Gloucestershire Constabulary,Gloucestershire Constabulary,-1.769006,51.710873,On or near Homeground Lane,E01022202,Cotswold 009A,Anti-social behaviour,,
3d8f07b46718544ac3eecee1c94ae07b3f9bdc8f6ece9198f102744964364c99,2012-02,Gloucestershire Constabulary,Gloucestershire Constabulary,-1.789208,51.739467,On or near Fowler'S Hill,E01022202,Cotswold 009A,Criminal damage and arson,,
3ef86f4a0ca25bd8deb168627e8353df8a258ee7aa1e26a9d7d98eb6ccf32388,2012-02,Gloucestershire Constabulary,Gloucestershire Constabulary,-1.789208,51.739467,On or near Fowler'S Hill,E01022202,Cotswold 009A,Vehicle crime,,
,2012-02,Gloucestershire Constabulary,Gloucestershire Constabulary,-1.781247,51.708451,On or near High Street,E01022203,Cotswold 009B,Anti-social behaviour,,
f31b1c077980d93ee2b44089f69abea13e63e9d08457c5354ce946b5ff9f5b0a,2012-02,Gloucestershire Constabulary,Gloucestershire Constabulary,-1.788269,51.689178,On or near Park/Open Space,E01022203,Cotswold 009B,Burglary,,
a5229891e8f20a6521266c197708ec5aa889b2fad60426d3361cc17c2cdb6430,2012-02,Gloucestershire Constabulary,Gloucestershire Constabulary,-1.780474,51.706795,On or near Back Lane,E01022203,Cotswold 009B,Other theft,,
83871ba07eb539d93d728e8415ce6338ec1205938ae3a409c883c24bd7a748c2,2012-02,Gloucestershire Constabulary,Gloucestershire Constabulary,-1.781247,51.708451,On or near High Street,E01022203,Cotswold 009B,Shoplifting,Offender given community sentence,
38ad0eb1792d9db9034d9288f73183106b4038e72164106d8620463667d971ea,2012-02,Gloucestershire Constabulary,Gloucestershire Constabulary,-1.785131,51.707397,On or near Milton Street,E01022203,Cotswold 009B,Violent crime,,
dfdf85f922d5aed5cfa642e04421cf32aad58452c6cf376b90bcbadc0a5b8127,2012-02,Gloucestershire Constabulary,Gloucestershire Constabulary,-1.776786,51.706276,On or near The Plies,E01022203,Cotswold 009B,Violent crime,Investigation complete; no suspect identified,
6ed42ad4b8a84f60fef36aae03f5098c9fb5226fc8fa4301e909c55b85244f8a,2012-02,Gloucestershire Constabulary,Gloucestershire Constabulary,-1.785131,51.707397,On or near Milton Street,E01022203,Cotswold 009B,Violent crime,Local resolution,
6d1119c92eb6fd30e9bbac0a30e283b520398466c1bf12ddbd02bda0b8c73fbf,2012-02,Gloucestershire Constabulary,Gloucestershire Constabulary,-1.785131,51.707397,On or near Milton Street,E01022203,Cotswold 009B,Violent crime,Offender given community sentence,
,2012-02,Gloucestershire Constabulary,Gloucestershire Constabulary,-1.770826,51.711524,On or near Prince Charles Road,E01022204,Cotswold 009C,Anti-social behaviour,,
,2012-02,Gloucestershire Constabulary,Gloucestershire Constabulary,-1.768468,51.711313,On or near Aldsworth Close,E01022204,Cotswold 009C,Anti-social behaviour,,
,2012-02,Gloucestershire Constabulary,Gloucestershire Constabulary,-1.770826,51.711524,On or near Prince Charles Road,E01022204,Cotswold 009C,Anti-social behaviour,,
,2012-02,Gloucestershire Constabulary,Gloucestershire Constabulary,-1.779071,51.709598,On or near Park Street,E01022204,Cotswold 009C,Anti-social behaviour,,
9a0a4d92ff92fb4c2853667bdfef4834584981e89a93b75c8843aa508f30a358,2012-02,Gloucestershire Constabulary,Gloucestershire Constabulary,-1.774320,51.710398,On or near Queens Field,E01022204,Cotswold 009C,Burglary,Investigation complete; no suspect identified,
041f5370181ab4bc20ada75e6842c4ba0f9e5cd5b269abe90b1976086cee0c6c,2012-02,Gloucestershire Constabulary,Gloucestershire Constabulary,-1.770826,51.711524,On or near Prince Charles Road,E01022204,Cotswold 009C,Criminal damage and arson,,
,2012-02,Gloucestershire Constabulary,Gloucestershire Constabulary,-1.687147,51.702304,On or near Station Road,E01022208,Cotswold 009D,Anti-social behaviour,,
,2012-02,Gloucestershire Constabulary,Gloucestershire Constabulary,-1.689921,51.694534,On or near St John'S Street,E01022208,Cotswold 009D,Anti-social behaviour,,
79d16d924d1fd3cda2e42b77b30b63caff93bc90e5a24cc4f5d662cd69abb2be,2012-02,Gloucestershire Constabulary,Gloucestershire Constabulary,-1.690581,51.699607,On or near The Close,E01022208,Cotswold 009D,Other theft,,
,2012-02,Gloucestershire Constabulary,Gloucestershire Constabulary,-1.770836,51.669490,On or near Wharf Lane,E01022209,Cotswold 009E,Anti-social behaviour,,
af42071250cf2aba1579f39d0bc19b73391348232cd7f17ce6b91830c081c1ad,2012-02,Gloucestershire Constabulary,Gloucestershire Constabulary,-1.769068,51.670188,On or near Northen Close,E01022209,Cotswold 009E,Criminal damage and arson,,
,2012-02,Gloucestershire Constabulary,Gloucestershire Constabulary,-1.691515,51.694125,On or near High Street,E01022210,Cotswold 009F,Anti-social behaviour,,
,2012-02,Gloucestershire Constabulary,Gloucestershire Constabulary,-1.694606,51.699150,On or near Cuthwine Place,E01022210,Cotswold 009F,Anti-social behaviour,,
,2012-02,Gloucestershire Constabulary,Gloucestershire Constabulary,-1.691515,51.694125,On or near High Street,E01022210,Cotswold 009F,Anti-social behaviour,,
a761d0d5c53dd78988e088e0bc7d93268e06f9e167b5bd7cdb6cce0e5100fd9a,2012-02,Gloucestershire Constabulary,Gloucestershire Constabulary,-1.691741,51.697047,On or near Spring Gardens,E01022210,Cotswold 009F,Criminal damage and arson,,
11b12cd8976305f79d2b9739e425cc7ee439b1d0cae2954932338ed52caa72c4,2012-02,Gloucestershire Constabulary,Gloucestershire Constabulary,-1.691515,51.694125,On or near High Street,E01022210,Cotswold 009F,Violent crime,,
f8581e6c4e3058c41b66cc49b45f3355884c72832d3772304c41c001b0bfc752,2012-02,Gloucestershire Constabulary,Gloucestershire Constabulary,-1.689560,51.696538,On or near Abbots Walk,E01022210,Cotswold 009F,Violent crime,,
516897be826fa911d401df423c642369a43ed3355a6b0e7765dcb7f349746da9,2012-02,Gloucestershire Constabulary,Gloucestershire Constabulary,-1.676467,51.692331,On or near Russet Avenue,E01022210,Cotswold 009F,Other crime,Court result unavailable,
2f7b13962cc34f930ec72815c7e36b97402f62986a32fbd7a5a3cca00c1bac43,2012-02,Gloucestershire Constabulary,Gloucestershire Constabulary,-1.690993,51.694330,On or near Market Place,E01022210,Cotswold 009F,Other crime,,
,2012-02,Gloucestershire Constabulary,Gloucestershire Constabulary,-2.021761,51.675735,On or near Abbots Way,E01022221,Cotswold 010A,Anti-social behaviour,,
,2012-02,Gloucestershire Constabulary,Gloucestershire Constabulary,-2.034930,51.705637,On or near Trewsbury Road,E01022221,Cotswold 010A,Anti-social behaviour,,
,2012-02,Gloucestershire Constabulary,Gloucestershire Constabulary,-2.114039,51.714676,On or near Petrol Station,E01022221,Cotswold 010A,Anti-social behaviour,,
,2012-02,Gloucestershire Constabulary,Gloucestershire Constabulary,-2.020055,51.676842,On or near Windmill Road,E01022221,Cotswold 010A,Anti-social behaviour,,
,2012-02,Gloucestershire Constabulary,Gloucestershire Constabulary,-2.018159,51.674207,On or near West Lane,E01022221,Cotswold 010A,Anti-social behaviour,,
,2012-02,Gloucestershire Constabulary,Gloucestershire Constabulary,-2.018623,51.677040,On or near Clayfurlong Grove,E01022221,Cotswold 010A,Anti-social behaviour,,
,2012-02,Gloucestershire Constabulary,Gloucestershire Constabulary,-2.018999,51.675718,On or near Glebe Lane,E01022221,Cotswold 010A,Anti-social behaviour,,
1ab9dc0d835c53c0cbb09dca6193bfd4b584966820c3072bef107003a9d5ac68,2012-02,Gloucestershire Constabulary,Gloucestershire Constabulary,-2.131468,51.715629,On or near Parking Area,E01022221,Cotswold 010A,Burglary,,
226691a13214c6c4046ac99c87be16ea38f471086068ee4a8672142806f89849,2012-02,Gloucestershire Constabulary,Gloucestershire Constabulary,-1.992214,51.685385,On or near Park/Open Space,E01022221,Cotswold 010A,Other theft,,
16f144d3f9f620ec4a15a6c9aeb0f88d1026bd19c91394e3fd69fb5e343d293f,2012-02,Gloucestershire Constabulary,Gloucestershire Constabulary,-2.058764,51.694307,On or near Sandpool Lane,E01022221,Cotswold 010A,Vehicle crime,Investigation complete; no suspect identified,
69d61b0cc3f816beac242ad840bb26950eb952b49812673b9d630ff46a5c7bda,2012-02,Gloucestershire Constabulary,Gloucestershire Constabulary,-2.031891,51.705862,On or near May Tree Close,E01022221,Cotswold 010A,Vehicle crime,,
899aaa7a5b37d3efd11cc62dc0b50186454558b321b266d4674449a2ae23f78d,2012-02,Gloucestershire Constabulary,Gloucestershire Constabulary,-2.020039,51.673443,On or near The Oaks,E01022221,Cotswold 010A,Vehicle crime,,
,2012-02,Gloucestershire Constabulary,Gloucestershire Constabulary,-1.926029,51.672082,On or near Huxley Court,E01022223,Cotswold 010B,Anti-social behaviour,,
ac5417223cd1360703ecba434ac3325b831a41770c8d76ca7f078b5ee9dde013,2012-02,Gloucestershire Constabulary,Gloucestershire Constabulary,-1.925497,51.661778,On or near Park/Open Space,E01022223,Cotswold 010B,Other theft,,
c1e820d3efd44c19e75ce41cee4ff242f011efece00c090c79e8ad076995a27f,2012-02,Gloucestershire Constabulary,Gloucestershire Constabulary,-1.912458,51.660762,On or near Park/Open Space,E01022223,Cotswold 010B,Other theft,,
884540442a3d80f25d663dcb587ce8d2a8a1fd6ef4899b45d2c644157b48a4e6,2012-02,Gloucestershire Constabulary,Gloucestershire Constabulary,-1.903575,51.670708,On or near Park/Open Space,E01022223,Cotswold 010B,Vehicle crime,,
0c39309fbb05f3324941b5defe1576dba0599183ab88594f348b464dd41ababd,2012-02,Gloucestershire Constabulary,Gloucestershire Constabulary,-1.911898,51.673628,On or near Park/Open Space,E01022223,Cotswold 010B,Vehicle crime,,
4718c3dec8aed05c6608869eb620f2596be92aea76cc132ea57869b5bbbabfd0,2012-02,Gloucestershire Constabulary,Gloucestershire Constabulary,-1.925405,51.673538,On or near Boxbush Close,E01022223,Cotswold 010B,Violent crime,,
,2012-02,Gloucestershire Constabulary,Gloucestershire Constabulary,-1.960626,51.664321,On or near Park/Open Space,E01022224,Cotswold 010C,Anti-social behaviour,,
,2012-02,Gloucestershire Constabulary,Gloucestershire Constabulary,-1.931663,51.675763,On or near Silver Street,E01022224,Cotswold 010C,Anti-social behaviour,,
,2012-02,Gloucestershire Constabulary,Gloucestershire Constabulary,-1.968620,51.644759,On or near Park/Open Space,E01022224,Cotswold 010C,Anti-social behaviour,,
20e53c8cb08c9dc845376a27a146398037b3cbe8a280e9f5aac81c69c6a3a416,2012-02,Gloucestershire Constabulary,Gloucestershire Constabulary,-1.972632,51.654758,On or near Arlingdon Fields,E01022224,Cotswold 010C,Vehicle crime,,
,2012-02,Gloucestershire Constabulary,Gloucestershire Constabulary,-2.177768,51.681330,On or near Woodstock Close,E01022176,Cotswold 011A,Anti-social behaviour,,
,2012-02,Gloucestershire Constabulary,Gloucestershire Constabulary,-2.128986,51.626655,On or near Pump Lane,E01022176,Cotswold 011A,Anti-social behaviour,,
5c790cadd6f1f8650cd35634c88be1a8792c14b1393664bd94f3ce9224e6b426,2012-02,Gloucestershire Constabulary,Gloucestershire Constabulary,-2.177768,51.681330,On or near Woodstock Close,E01022176,Cotswold 011A,Other theft,Investigation complete; no suspect identified,
55ddf805389e097da83bd42cb5e08835b8e3831a8c97dc2bc2b4d58a131c0ccc,2012-02,Gloucestershire Constabulary,Gloucestershire Constabulary,-2.137964,51.686023,On or near Sports/Recreation Area,E01022176,Cotswold 011A,Other theft,,
4312eb5726390341d578972314d37b13fa967242813560f28a55fc8af42b7ea2,2012-02,Gloucestershire Constabulary,Gloucestershire Constabulary,-2.188413,51.688263,On or near Avening Road,E01022176,Cotswold 011A,Other theft,,
05854df03cc78d773f524b9b1ad1abf74a701aa4f4b3f65fe47e4ce648f6a264,2012-02,Gloucestershire Constabulary,Gloucestershire Constabulary,-2.176486,51.675263,On or near Sports/Recreation Area,E01022176,Cotswold 011A,Other theft,,
58977765ff97be66a7f50d51a2de9c64fff528e7f2506650a875483e48f58a71,2012-02,Gloucestershire Constabulary,Gloucestershire Constabulary,-2.171610,51.682130,On or near Sports/Recreation Area,E01022176,Cotswold 011A,Violent crime,,
,2012-02,Gloucestershire Constabulary,Gloucestershire Constabulary,-2.236263,51.651475,On or near A46,E01022206,Cotswold 011B,Anti-social behaviour,,
,2012-02,Gloucestershire Constabulary,Gloucestershire Constabulary,-2.209631,51.606056,On or near Parking Area,E01022206,Cotswold 011B,Anti-social behaviour,,
cd51faf0ac0bc8cb3648353a33a9ef0ce7ba100a201b2a429c171fc21a2be825,2012-02,Gloucestershire Constabulary,Gloucestershire Constabulary,-2.236263,51.651475,On or near A46,E01022206,Cotswold 011B,Burglary,Investigation complete; no suspect identified,
afb5b7a8f5857f5ec703daf86684a65d80e4a6c2eaea09851cf601e84560f096,2012-02,Gloucestershire Constabulary,Gloucestershire Constabulary,-2.165159,51.602657,On or near Hedgeditch Lane,E01022206,Cotswold 011B,Drugs,,
9fbe145f2a1aaae6f81f2d8c9548ddcec03b88b1fd968c74441daadd825432ed,2012-02,Gloucestershire Constabulary,Gloucestershire Constabulary,-2.286388,51.653413,On or near Ashcroft Road,E01022206,Cotswold 011B,Other theft,,
,2012-02,Gloucestershire Constabulary,Gloucestershire Constabulary,-2.164283,51.640125,On or near Sports/Recreation Area,E01022217,Cotswold 011C,Anti-social behaviour,,
0ed75ca334a4c76d031749abc64665c1160c839b664c462fcf68339b240381f4,2012-02,Gloucestershire Constabulary,Gloucestershire Constabulary,-2.164521,51.641797,On or near Five Trees Close,E01022217,Cotswold 011C,Criminal damage and arson,,
7a05597edc1d1e75476135109b69f776a8ff59aa288a29901a11f1fc19c8c62c,2012-02,Gloucestershire Constabulary,Gloucestershire Constabulary,-2.158092,51.642399,On or near London Road,E01022217,Cotswold 011C,Other theft,,
ee2bbe23fb3d33c8f02f36beaa79c32fa9abdb52484e2f6138e925964277daf7,2012-02,Gloucestershire Constabulary,Gloucestershire Constabulary,-2.161115,51.643213,On or near St Mary'S Road,E01022217,Cotswold 011C,Vehicle crime,,
fdeacc04bdbc3ddb1759e0609d753e264ebf028ef63d3d30d6195de44d9f1ade,2012-02,Gloucestershire Constabulary,Gloucestershire Constabulary,-2.158092,51.642399,On or near London Road,E01022217,Cotswold 011C,Other crime,Investigation complete; no suspect identified,
,2012-02,Gloucestershire Constabulary,Gloucestershire Constabulary,-2.167595,51.644742,On or near Webb Road,E01022218,Cotswold 011D,Anti-social behaviour,,
,2012-02,Gloucestershire Constabulary,Gloucestershire Constabulary,-2.155739,51.643193,On or near Petrol Station,E01022219,Cotswold 011E,Anti-social behaviour,,
,2012-02,Gloucestershire Constabulary,Gloucestershire Constabulary,-2.156992,51.637788,On or near Gumstool Hill,E01022219,Cotswold 011E,Anti-social behaviour,,
c285e4221dcf68445f7f67f1c6f1ab8ccff2d393f15179232e93980973503d58,2012-02,Gloucestershire Constabulary,Gloucestershire Constabulary,-2.157216,51.639775,On or near The Damsells,E01022219,Cotswold 011E,Burglary,,
59ac1c13296871dd59a1b6f41e26980cf4a82ed38cff404282fafc3ea124d0a3,2012-02,Gloucestershire Constabulary,Gloucestershire Constabulary,-2.156016,51.643984,On or near Cookspool,E01022219,Cotswold 011E,Burglary,,
c79f869c752925071c6a17066b7e2e366b6413668d232cd4ba16707d63cfb351,2012-02,Gloucestershire Constabulary,Gloucestershire Constabulary,-2.156662,51.638544,On or near Chipping Street,E01022219,Cotswold 011E,Other crime,,
,2012-02,Gloucestershire Constabulary,Gloucestershire Constabulary,-2.160480,51.639258,On or near Eccles Court,E01022220,Cotswold 011F,Anti-social behaviour,,
,2012-02,Gloucestershire Constabulary,Gloucestershire Constabulary,-2.160995,51.637882,On or near Long Street,E01022220,Cotswold 011F,Anti-social behaviour,,
,2012-02,Gloucestershire Constabulary,Gloucestershire Constabulary,-2.162611,51.637187,On or near Close Gardens,E01022220,Cotswold 011F,Anti-social behaviour,,
,2012-02,Gloucestershire Constabulary,Gloucestershire Constabulary,-2.157669,51.637050,On or near Chantry Court,E01022220,Cotswold 011F,Anti-social behaviour,,
,2012-02,Gloucestershire Constabulary,Gloucestershire Constabulary,-2.158766,51.636851,On or near Market Place,E01022220,Cotswold 011F,Anti-social behaviour,,
86826814b121714c86530536ea3048c78b54726b867b45d901f8c4102b97d208,2012-02,Gloucestershire Constabulary,Gloucestershire Constabulary,-2.162961,51.638050,On or near New Church Street,E01022220,Cotswold 011F,Burglary,,
5fd8f17d31bed8221a32d8bd3a077e81fe1e519892f71b57ec059ca6f18ec99f,2012-02,Gloucestershire Constabulary,Gloucestershire Constabulary,-2.160166,51.636210,On or near Church Street,E01022220,Cotswold 011F,Criminal damage and arson,,
5e30ec2d3068905f8acd10e505cc187bc63381042a928dc507ba2b6b82bfd3e4,2012-02,Gloucestershire Constabulary,Gloucestershire Constabulary,-2.160166,51.636210,On or near Church Street,E01022220,Cotswold 011F,Other theft,,
740961fca006554574a171eb67a71f51284c723b99ce0b0fe632c7fa6b29f0da,2012-02,Gloucestershire Constabulary,Gloucestershire Constabulary,-2.160797,51.638934,On or near The Ferns,E01022220,Cotswold 011F,Other theft,,
,2012-02,Gloucestershire Constabulary,Gloucestershire Constabulary,-2.375129,51.996017,On or near M50,E01022233,Forest of Dean 001A,Anti-social behaviour,,
eefde03460d94b0bbdf651ed091d17cee83f30957e7e8f2f25e9611587982dea,2012-02,Gloucestershire Constabulary,Gloucestershire Constabulary,-2.474058,52.001936,On or near Airport/Airfield,E01022233,Forest of Dean 001A,Burglary,Investigation complete; no suspect identified,
83f143817188ffd472c574db557a2c6d65cea205e78064fb1afbaa3539bb480c,2012-02,Gloucestershire Constabulary,Gloucestershire Constabulary,-2.449067,51.987963,On or near B4215,E01022233,Forest of Dean 001A,Other theft,,
343728ea8b8026c6efec6a0eb50b4e34515985922392b2c495bc953d1022a4dd,2012-02,Gloucestershire Constabulary,Gloucestershire Constabulary,-2.413960,51.871346,On or near Longhope Road,E01022235,Forest of Dean 001B,Burglary,Investigation complete; no suspect identified,
,2012-02,Gloucestershire Constabulary,Gloucestershire Constabulary,-2.310268,51.904913,On or near Further/Higher Educational Building,E01022247,Forest of Dean 001C,Anti-social behaviour,,
4ffec3c4185faec89fca0ac95140722c9e889c2b4ce49b90a371c692ac26570f,2012-02,Gloucestershire Constabulary,Gloucestershire Constabulary,-2.310268,51.904913,On or near Further/Higher Educational Building,E01022247,Forest of Dean 001C,Other theft,Investigation complete; no suspect identified,
,2012-02,Gloucestershire Constabulary,Gloucestershire Constabulary,-2.360905,51.980463,On or near Hyde Park Corner,E01022270,Forest of Dean 001D,Anti-social behaviour,,
,2012-02,Gloucestershire Constabulary,Gloucestershire Constabulary,-2.344709,51.979702,On or near A417,E01022270,Forest of Dean 001D,Anti-social behaviour,,
71ddad5e71c15162a9d666153006520744d739321333a7f6858bf8738634db6b,2012-02,Gloucestershire Constabulary,Gloucestershire Constabulary,-2.307669,51.960465,On or near Cullingham Close,E01022270,Forest of Dean 001D,Vehicle crime,,
,2012-02,Gloucestershire Constabulary,Gloucestershire Constabulary,-2.333059,51.887139,On or near Whitehall Lane,E01022271,Forest of Dean 001E,Anti-social behaviour,,
,2012-02,Gloucestershire Constabulary,Gloucestershire Constabulary,-2.339364,51.892731,On or near Whitehall Lane,E01022271,Forest of Dean 001E,Anti-social behaviour,,
0569dd66d96bad656d170167a228c51906994116e3903b8fba17b9b56959d645,2012-02,Gloucestershire Constabulary,Gloucestershire Constabulary,-2.332391,51.900942,On or near B4215,E01022271,Forest of Dean 001E,Burglary,Investigation complete; no suspect identified,
22d16557f048e58e3a09e61149854bce583e9bbffb8a9dcf6e5b362d3d9d92af,2012-02,Gloucestershire Constabulary,Gloucestershire Constabulary,-2.408457,51.909945,On or near B4216,E01022271,Forest of Dean 001E,Other theft,,
,2012-02,Gloucestershire Constabulary,Gloucestershire Constabulary,-2.412747,51.927579,On or near Watery Lane,E01022261,Forest of Dean 002A,Anti-social behaviour,,
,2012-02,Gloucestershire Constabulary,Gloucestershire Constabulary,-2.413879,51.928879,On or near The Tythings,E01022261,Forest of Dean 002A,Anti-social behaviour,,
,2012-02,Gloucestershire Constabulary,Gloucestershire Constabulary,-2.415184,51.930016,On or near Vauxhall,E01022261,Forest of Dean 002A,Anti-social behaviour,,
,2012-02,Gloucestershire Constabulary,Gloucestershire Constabulary,-2.416792,51.929318,On or near Bradfords Court,E01022261,Forest of Dean 002A,Anti-social behaviour,,
,2012-02,Gloucestershire Constabulary,Gloucestershire Constabulary,-2.412747,51.927579,On or near Watery Lane,E01022261,Forest of Dean 002A,Anti-social behaviour,,
60be3808cc8b0447b702b79b85d27647a9a56c92d8485e89ee9da2303f354ec4,2012-02,Gloucestershire Constabulary,Gloucestershire Constabulary,-2.416051,51.929455,On or near Bradfords Close,E01022261,Forest of Dean 002A,Burglary,Investigation complete; no suspect identified,
c3e22d8f872fdc99d7a494985b79b01ce233e9c1a6291fa19a1fa92404327090,2012-02,Gloucestershire Constabulary,Gloucestershire Constabulary,-2.412747,51.927579,On or near Watery Lane,E01022261,Forest of Dean 002A,Other theft,,
852b156b9788a86aaa4f851d25ba6bb31cfdfbb7e1e6a3c4b83ec9bd41d44038,2012-02,Gloucestershire Constabulary,Gloucestershire Constabulary,-2.411914,51.928652,On or near Tythings Mews,E01022261,Forest of Dean 002A,Other theft,Investigation complete; no suspect identified,
aadc0fcc827edf723ac807758d82891ca3b30a713beba31bc28b3afd44567559,2012-02,Gloucestershire Constabulary,Gloucestershire Constabulary,-2.412747,51.927579,On or near Watery Lane,E01022261,Forest of Dean 002A,Other theft,,
776c6497d0f36b449c5d7f8dc54979417b77f3c1bfa37ed9872b6845412aa6df,2012-02,Gloucestershire Constabulary,Gloucestershire Constabulary,-2.416792,51.929318,On or near Bradfords Court,E01022261,Forest of Dean 002A,Violent crime,,
,2012-02,Gloucestershire Constabulary,Gloucestershire Constabulary,-2.405386,51.930491,On or near Broad Street,E01022262,Forest of Dean 002B,Anti-social behaviour,,
,2012-02,Gloucestershire Constabulary,Gloucestershire Constabulary,-2.402340,51.929746,On or near Graces Pitch,E01022262,Forest of Dean 002B,Anti-social behaviour,,
,2012-02,Gloucestershire Constabulary,Gloucestershire Constabulary,-2.403267,51.930983,On or near Church Street,E01022262,Forest of Dean 002B,Anti-social behaviour,,
,2012-02,Gloucestershire Constabulary,Gloucestershire Constabulary,-2.407398,51.932633,On or near High Street,E01022262,Forest of Dean 002B,Anti-social behaviour,,
,2012-02,Gloucestershire Constabulary,Gloucestershire Constabulary,-2.403267,51.930983,On or near Church Street,E01022262,Forest of Dean 002B,Anti-social behaviour,,
,2012-02,Gloucestershire Constabulary,Gloucestershire Constabulary,-2.398935,51.929587,On or near Perry Close,E01022262,Forest of Dean 002B,Anti-social behaviour,,
,2012-02,Gloucestershire Constabulary,Gloucestershire Constabulary,-2.405386,51.930491,On or near Broad Street,E01022262,Forest of Dean 002B,Anti-social behaviour,,
,2012-02,Gloucestershire Constabulary,Gloucestershire Constabulary,-2.400222,51.928782,On or near Russett Way,E01022262,Forest of Dean 002B,Anti-social behaviour,,
,2012-02,Gloucestershire Constabulary,Gloucestershire Constabulary,-2.405386,51.930491,On or near Broad Street,E01022262,Forest of Dean 002B,Anti-social behaviour,,
,2012-02,Gloucestershire Constabulary,Gloucestershire Constabulary,-2.406652,51.930576,On or near Stokes Mews,E01022262,Forest of Dean 002B,Anti-social behaviour,,
,2012-02,Gloucestershire Constabulary,Gloucestershire Constabulary,-2.403267,51.930983,On or near Church Street,E01022262,Forest of Dean 002B,Anti-social behaviour,,
1b71694e9b48b38c33e7115a58da470b3eb6da959ba3c53a461c0750052f1bd3,2012-02,Gloucestershire Constabulary,Gloucestershire Constabulary,-2.406652,51.930576,On or near Stokes Mews,E01022262,Forest of Dean 002B,Other theft,Investigation complete; no suspect identified,
80bcca5f4a5bc18b0b2b075c2dc6fec87625fcc76c28673aefbf66d7d6ddf204,2012-02,Gloucestershire Constabulary,Gloucestershire Constabulary,-2.401563,51.929092,On or near Foley Road,E01022262,Forest of Dean 002B,Other theft,,
6219fd62b9f7784bc124bbc977f7b12d9fbdf33b1297faf676889fb1e7365c18,2012-02,Gloucestershire Constabulary,Gloucestershire Constabulary,-2.405386,51.930491,On or near Broad Street,E01022262,Forest of Dean 002B,Other theft,,
2a59b2f32d141784c7938dfde28ea50fc0baafcbbdb6b9cfbe660e26872e0ace,2012-02,Gloucestershire Constabulary,Gloucestershire Constabulary,-2.406336,51.931027,On or near Broad Street,E01022262,Forest of Dean 002B,Shoplifting,,
c42a846fd7850fda83d1eb87a7e845c107cf1a560e768e0b6754e699c6c75786,2012-02,Gloucestershire Constabulary,Gloucestershire Constabulary,-2.399327,51.931186,On or near Gloucester Street,E01022262,Forest of Dean 002B,Vehicle crime,,
1ca1769253dc2809358bd38ac22ed4839329d664ae22af0036dc0e9d480c34c2,2012-02,Gloucestershire Constabulary,Gloucestershire Constabulary,-2.397099,51.929143,On or near Blenheim Drive,E01022262,Forest of Dean 002B,Vehicle crime,,
3c4bca972f4d3514b5ce33fc32f025ad797d9db3194907cbf683d519ca392557,2012-02,Gloucestershire Constabulary,Gloucestershire Constabulary,-2.401468,51.931538,On or near Church Way,E01022262,Forest of Dean 002B,Vehicle crime,,
3aeb7b9ffbd501ad35c9163c8324b097290717994a70c6b57c78570adaa57541,2012-02,Gloucestershire Constabulary,Gloucestershire Constabulary,-2.401563,51.929092,On or near Foley Road,E01022262,Forest of Dean 002B,Violent crime,Court case unable to proceed,
99ef213ba9d04b1bfa5258e5331057d43f7ef6675c45c511a4453cc88668d649,2012-02,Gloucestershire Constabulary,Gloucestershire Constabulary,-2.406381,51.927952,On or near America Gardens,E01022262,Forest of Dean 002B,Violent crime,,
a93d5af9440b65dd97d30585b0ad30145b2d222b5e8609f13d613ba549f0ce9b,2012-02,Gloucestershire Constabulary,Gloucestershire Constabulary,-2.405130,51.931139,On or near Court Lane,E01022262,Forest of Dean 002B,Violent crime,Offender given a caution,
27ff83f5f701bb6b1094bd40970317bc9884d674ca570082bde8536af7c2a4d7,2012-02,Gloucestershire Constabulary,Gloucestershire Constabulary,-2.406336,51.931027,On or near Broad Street,E01022262,Forest of Dean 002B,Violent crime,Offender given a caution,
235a2cb367e27afe4fcfc68929d64d516b4b0c3faf5d7ddc4fa24d3e00352f13,2012-02,Gloucestershire Constabulary,Gloucestershire Constabulary,-2.405386,51.930491,On or near Broad Street,E01022262,Forest of Dean 002B,Violent crime,,
,2012-02,Gloucestershire Constabulary,Gloucestershire Constabulary,-2.355105,51.915306,On or near Park/Open Space,E01022267,Forest of Dean 002C,Anti-social behaviour,,
70823c280c114f97a41ded6079bae138725de751cb8f40adb72c9e25a30754e5,2012-02,Gloucestershire Constabulary,Gloucestershire Constabulary,-2.355105,51.915306,On or near Park/Open Space,E01022267,Forest of Dean 002C,Other theft,,
50b3736bc4c3fcb743c9f5a3fa7dc8bc2d36a9cc173a089c1ea802a8db3953e2,2012-02,Gloucestershire Constabulary,Gloucestershire Constabulary,-2.404309,51.956253,On or near Botloes Green,E01022267,Forest of Dean 002C,Violent crime,Investigation complete; no suspect identified,
,2012-02,Gloucestershire Constabulary,Gloucestershire Constabulary,-2.577811,51.845156,On or near Orchard Road,E01022251,Forest of Dean 003A,Anti-social behaviour,,
1db5ee68b078985aee475ea8e8412d0d9f2f7127f762f2b543ca129896f9be44,2012-02,Gloucestershire Constabulary,Gloucestershire Constabulary,-2.576500,51.842555,On or near Woodland View,E01022251,Forest of Dean 003A,Violent crime,Investigation complete; no suspect identified,
690a7154dcdd4102a9f12bf8616fb35ba9ed09e724779393b1decaaa243bc51e,2012-02,Gloucestershire Constabulary,Gloucestershire Constabulary,-2.573080,51.848722,On or near Vention Lane,E01022251,Forest of Dean 003A,Violent crime,Offender given community sentence,
,2012-02,Gloucestershire Constabulary,Gloucestershire Constabulary,-2.528704,51.848948,On or near Baptist Way,E01022252,Forest of Dean 003B,Anti-social behaviour,,
,2012-02,Gloucestershire Constabulary,Gloucestershire Constabulary,-2.520320,51.848329,On or near Morse Road,E01022252,Forest of Dean 003B,Anti-social behaviour,,
,2012-02,Gloucestershire Constabulary,Gloucestershire Constabulary,-2.546330,51.833537,On or near High Street,E01022252,Forest of Dean 003B,Anti-social behaviour,,
40ccb9d10072859a031da129f466e0de731c99129c34cc2d781d74ab53b63bfa,2012-02,Gloucestershire Constabulary,Gloucestershire Constabulary,-2.528704,51.848948,On or near Baptist Way,E01022252,Forest of Dean 003B,Other theft,,
f01a888c15d2db1ab7fe3a57319ec4609ef5ad089e54f61ece2bb0e021714799,2012-02,Gloucestershire Constabulary,Gloucestershire Constabulary,-2.545739,51.856674,On or near Park View,E01022252,Forest of Dean 003B,Other theft,,
6520c966ff1ae438cf1b56a4da75d1098d979cdb1543b5bdb0e6a08ca065d3f8,2012-02,Gloucestershire Constabulary,Gloucestershire Constabulary,-2.555303,51.843368,On or near Ash Dene Road,E01022252,Forest of Dean 003B,Other theft,,
e009b1bcdca076a25b6588c337029693d3387e7aceb89bc61e66027cfa21d996,2012-02,Gloucestershire Constabulary,Gloucestershire Constabulary,-2.550129,51.833322,On or near Petrol Station,E01022252,Forest of Dean 003B,Robbery,Investigation complete; no suspect identified,
af73418ac38a6f27ebb531db8ae55808d708cda98279a19581aa1a6afcafdca1,2012-02,Gloucestershire Constabulary,Gloucestershire Constabulary,-2.529745,51.854769,On or near Well Lane,E01022252,Forest of Dean 003B,Vehicle crime,,
,2012-02,Gloucestershire Constabulary,Gloucestershire Constabulary,-2.485175,51.864663,On or near Parks Road,E01022258,Forest of Dean 003C,Anti-social behaviour,,
e5750bf436b9ae76f33fc5c1cf19263a5939321bad2d8e4879537499e5e358a8,2012-02,Gloucestershire Constabulary,Gloucestershire Constabulary,-2.488145,51.861306,On or near Petrol Station,E01022258,Forest of Dean 003C,Burglary,,
f79d15f25ff9e0b840499a59234257d865ccebfe8f53ef931111de19b71fb918,2012-02,Gloucestershire Constabulary,Gloucestershire Constabulary,-2.488411,51.860424,On or near Silver Street,E01022258,Forest of Dean 003C,Other theft,,
e6c1f7f0b11bb2b0ae8b462aae01f7a6259400d97f03d97703d77ce3d3571fe8,2012-02,Gloucestershire Constabulary,Gloucestershire Constabulary,-2.488192,51.862942,On or near Hawker Hill,E01022258,Forest of Dean 003C,Violent crime,,
d2af9d778eee4c2c09a11397a56e196e10f2d5dc15bf67067eb34e7a8d1ec2c1,2012-02,Gloucestershire Constabulary,Gloucestershire Constabulary,-2.491854,51.864527,On or near Tusculum Way,E01022259,Forest of Dean 003D,Burglary,,
,2012-02,Gloucestershire Constabulary,Gloucestershire Constabulary,-2.515555,51.859481,On or near Hazel Field,E01022260,Forest of Dean 003E,Anti-social behaviour,,
,2012-02,Gloucestershire Constabulary,Gloucestershire Constabulary,-2.517169,51.855886,On or near Back Lane,E01022260,Forest of Dean 003E,Anti-social behaviour,,
,2012-02,Gloucestershire Constabulary,Gloucestershire Constabulary,-2.514888,51.855716,On or near The Squirrels,E01022260,Forest of Dean 003E,Anti-social behaviour,,
c5d07d4246acd99adc7401e90bd6a3c8a1d786c3c93d83651ed5c31a78983478,2012-02,Gloucestershire Constabulary,Gloucestershire Constabulary,-2.517253,51.854366,On or near Parking Area,E01022260,Forest of Dean 003E,Other theft,,
46dc149fffca7ba9d2bb2c203e922a045d457c41d69a5393f9aaa4eba4475fe4,2012-02,Gloucestershire Constabulary,Gloucestershire Constabulary,-2.517253,51.854366,On or near Parking Area,E01022260,Forest of Dean 003E,Other theft,,
,2012-02,Gloucestershire Constabulary,Gloucestershire Constabulary,-2.494316,51.822844,On or near Dockham Road,E01022236,Forest of Dean 004A,Anti-social behaviour,,
,2012-02,Gloucestershire Constabulary,Gloucestershire Constabulary,-2.497514,51.824745,On or near Edge Hills Close,E01022236,Forest of Dean 004A,Anti-social behaviour,,
1ec136a1d0980449772f515025de16f1d2ee2d803948c44c5b35d893b51ed84d,2012-02,Gloucestershire Constabulary,Gloucestershire Constabulary,-2.498485,51.821972,On or near Woodside Street,E01022236,Forest of Dean 004A,Drugs,Offender fined,
415abbf6cab463b4c3722b07905f65ca2287d712c19800a886b14f9e0b18719c,2012-02,Gloucestershire Constabulary,Gloucestershire Constabulary,-2.498774,51.823193,On or near Parking Area,E01022236,Forest of Dean 004A,Other theft,Investigation complete; no suspect identified,
92c5be3299de4db04abe2ebe0949f6a72fafdbea2ec8cf1f328aa309b057eb10,2012-02,Gloucestershire Constabulary,Gloucestershire Constabulary,-2.495951,51.817190,On or near Ashmead Road,E01022236,Forest of Dean 004A,Violent crime,,
a7e9c4bd17221b0732348a55d626c6c44f189ad6db6260516e924e6e5c0cae81,2012-02,Gloucestershire Constabulary,Gloucestershire Constabulary,-2.498485,51.821972,On or near Woodside Street,E01022236,Forest of Dean 004A,Violent crime,,
dc9b1ba3c1bff062e726d6f9ff808ca5dee5a714fad68f86d1f9b90897a856f3,2012-02,Gloucestershire Constabulary,Gloucestershire Constabulary,-2.497970,51.823988,On or near Bus/Coach Station,E01022236,Forest of Dean 004A,Violent crime,,
43d60ce09e87ea262634ada6663c162c9449eb48fd78ce4954292c812a41887e,2012-02,Gloucestershire Constabulary,Gloucestershire Constabulary,-2.497079,51.822122,On or near Parking Area,E01022236,Forest of Dean 004A,Violent crime,,
4003fc9455bb730605d60e47d3027490ce41cee86db97cfa5d89083f586e071a,2012-02,Gloucestershire Constabulary,Gloucestershire Constabulary,-2.497079,51.822122,On or near Parking Area,E01022236,Forest of Dean 004A,Violent crime,,
,2012-02,Gloucestershire Constabulary,Gloucestershire Constabulary,-2.494629,51.827563,On or near Pinewood Close,E01022237,Forest of Dean 004B,Anti-social behaviour,,
,2012-02,Gloucestershire Constabulary,Gloucestershire Constabulary,-2.494629,51.827563,On or near Pinewood Close,E01022237,Forest of Dean 004B,Anti-social behaviour,,
,2012-02,Gloucestershire Constabulary,Gloucestershire Constabulary,-2.492115,51.824543,On or near Beacons View Road,E01022237,Forest of Dean 004B,Anti-social behaviour,,
,2012-02,Gloucestershire Constabulary,Gloucestershire Constabulary,-2.498919,51.827095,On or near Woodgate Road,E01022237,Forest of Dean 004B,Anti-social behaviour,,
,2012-02,Gloucestershire Constabulary,Gloucestershire Constabulary,-2.500046,51.826694,On or near Mountjoy'S Lane,E01022237,Forest of Dean 004B,Anti-social behaviour,,
ef04cb23ed6946a345ea4cff33b192dfbe38ceeef36e7f2eab382c6a3a9373ff,2012-02,Gloucestershire Constabulary,Gloucestershire Constabulary,-2.489682,51.825003,On or near Severn View,E01022237,Forest of Dean 004B,Criminal damage and arson,,
38d14315283796fd836870ff7bd81692f34777b14725e59fce7d82224ae7c3c7,2012-02,Gloucestershire Constabulary,Gloucestershire Constabulary,-2.497123,51.827417,On or near Westfield Court,E01022237,Forest of Dean 004B,Other theft,,
,2012-02,Gloucestershire Constabulary,Gloucestershire Constabulary,-2.505240,51.818832,On or near Albert Road,E01022238,Forest of Dean 004C,Anti-social behaviour,,
,2012-02,Gloucestershire Constabulary,Gloucestershire Constabulary,-2.507636,51.821618,On or near Cartway Green,E01022238,Forest of Dean 004C,Anti-social behaviour,,
,2012-02,Gloucestershire Constabulary,Gloucestershire Constabulary,-2.505240,51.818832,On or near Albert Road,E01022238,Forest of Dean 004C,Anti-social behaviour,,
,2012-02,Gloucestershire Constabulary,Gloucestershire Constabulary,-2.505876,51.817301,On or near Hodges Way,E01022238,Forest of Dean 004C,Anti-social behaviour,,
,2012-02,Gloucestershire Constabulary,Gloucestershire Constabulary,-2.504196,51.821444,On or near Millers Way,E01022238,Forest of Dean 004C,Anti-social behaviour,,
,2012-02,Gloucestershire Constabulary,Gloucestershire Constabulary,-2.504196,51.821444,On or near Millers Way,E01022238,Forest of Dean 004C,Anti-social behaviour,,
c77cc5e89914d3ae205bf0c1cd28ee7928e89183535ef1e204cf34ec34885454,2012-02,Gloucestershire Constabulary,Gloucestershire Constabulary,-2.506494,51.824563,On or near The Keelings,E01022238,Forest of Dean 004C,Criminal damage and arson,,
ac4ed69ff227ba98b17d70853cf43d9b1819d8baa1a358dbf83f50d080bb9ee3,2012-02,Gloucestershire Constabulary,Gloucestershire Constabulary,-2.512369,51.826983,On or near Crabtree Road,E01022238,Forest of Dean 004C,Vehicle crime,Investigation complete; no suspect identified,
,2012-02,Gloucestershire Constabulary,Gloucestershire Constabulary,-2.506349,51.818135,On or near Office Road,E01022239,Forest of Dean 004D,Anti-social behaviour,,
,2012-02,Gloucestershire Constabulary,Gloucestershire Constabulary,-2.502418,51.816875,On or near Church Road,E01022239,Forest of Dean 004D,Anti-social behaviour,,
,2012-02,Gloucestershire Constabulary,Gloucestershire Constabulary,-2.504789,51.822583,On or near Listers Place,E01022239,Forest of Dean 004D,Anti-social behaviour,,
,2012-02,Gloucestershire Constabulary,Gloucestershire Constabulary,-2.502021,51.819035,On or near Meendhurst Road,E01022239,Forest of Dean 004D,Anti-social behaviour,,
42e76e8fbc72161f08c93cdefbabc6b800fbce59be81a67bec4e83c829c65ea2,2012-02,Gloucestershire Constabulary,Gloucestershire Constabulary,-2.506349,51.818135,On or near Office Road,E01022239,Forest of Dean 004D,Criminal damage and arson,,
ada7a5f00540e040b1399d26714b17f6c6494708c2364e36fedf50921e4f6f45,2012-02,Gloucestershire Constabulary,Gloucestershire Constabulary,-2.503380,51.819829,On or near Victoria Street,E01022239,Forest of Dean 004D,Vehicle crime,,
,2012-02,Gloucestershire Constabulary,Gloucestershire Constabulary,-2.502426,51.828015,On or near Parking Area,E01022240,Forest of Dean 004E,Anti-social behaviour,,
,2012-02,Gloucestershire Constabulary,Gloucestershire Constabulary,-2.499612,51.824206,On or near Market Street,E01022240,Forest of Dean 004E,Anti-social behaviour,,
,2012-02,Gloucestershire Constabulary,Gloucestershire Constabulary,-2.505125,51.825432,On or near Station Terrace,E01022240,Forest of Dean 004E,Anti-social behaviour,,
,2012-02,Gloucestershire Constabulary,Gloucestershire Constabulary,-2.502426,51.825408,On or near Parragate Road,E01022240,Forest of Dean 004E,Anti-social behaviour,,
,2012-02,Gloucestershire Constabulary,Gloucestershire Constabulary,-2.502426,51.825408,On or near Parragate Road,E01022240,Forest of Dean 004E,Anti-social behaviour,,
,2012-02,Gloucestershire Constabulary,Gloucestershire Constabulary,-2.501813,51.828971,On or near Albion Road,E01022240,Forest of Dean 004E,Anti-social behaviour,,
,2012-02,Gloucestershire Constabulary,Gloucestershire Constabulary,-2.501813,51.828971,On or near Albion Road,E01022240,Forest of Dean 004E,Anti-social behaviour,,
,2012-02,Gloucestershire Constabulary,Gloucestershire Constabulary,-2.501155,51.827265,On or near High Street,E01022240,Forest of Dean 004E,Anti-social behaviour,,
,2012-02,Gloucestershire Constabulary,Gloucestershire Constabulary,-2.502473,51.823070,On or near College Road,E01022240,Forest of Dean 004E,Anti-social behaviour,,
,2012-02,Gloucestershire Constabulary,Gloucestershire Constabulary,-2.512493,51.839237,On or near Steam Mills Road,E01022240,Forest of Dean 004E,Anti-social behaviour,,
,2012-02,Gloucestershire Constabulary,Gloucestershire Constabulary,-2.499612,51.824206,On or near Market Street,E01022240,Forest of Dean 004E,Anti-social behaviour,,
,2012-02,Gloucestershire Constabulary,Gloucestershire Constabulary,-2.499612,51.824206,On or near Market Street,E01022240,Forest of Dean 004E,Anti-social behaviour,,
,2012-02,Gloucestershire Constabulary,Gloucestershire Constabulary,-2.511235,51.838326,On or near Petrol Station,E01022240,Forest of Dean 004E,Anti-social behaviour,,
,2012-02,Gloucestershire Constabulary,Gloucestershire Constabulary,-2.501155,51.827265,On or near High Street,E01022240,Forest of Dean 004E,Anti-social behaviour,,
,2012-02,Gloucestershire Constabulary,Gloucestershire Constabulary,-2.501979,51.823018,On or near Rosedale Court,E01022240,Forest of Dean 004E,Anti-social behaviour,,
,2012-02,Gloucestershire Constabulary,Gloucestershire Constabulary,-2.499550,51.822471,On or near Lamb Lane,E01022240,Forest of Dean 004E,Anti-social behaviour,,
,2012-02,Gloucestershire Constabulary,Gloucestershire Constabulary,-2.501813,51.828971,On or near Albion Road,E01022240,Forest of Dean 004E,Anti-social behaviour,,
,2012-02,Gloucestershire Constabulary,Gloucestershire Constabulary,-2.499612,51.824206,On or near Market Street,E01022240,Forest of Dean 004E,Anti-social behaviour,,
,2012-02,Gloucestershire Constabulary,Gloucestershire Constabulary,-2.499612,51.824206,On or near Market Street,E01022240,Forest of Dean 004E,Anti-social behaviour,,
,2012-02,Gloucestershire Constabulary,Gloucestershire Constabulary,-2.499612,51.824206,On or near Market Street,E01022240,Forest of Dean 004E,Anti-social behaviour,,
,2012-02,Gloucestershire Constabulary,Gloucestershire Constabulary,-2.499612,51.824206,On or near Market Street,E01022240,Forest of Dean 004E,Anti-social behaviour,,
,2012-02,Gloucestershire Constabulary,Gloucestershire Constabulary,-2.503972,51.823540,On or near Colliers Field,E01022240,Forest of Dean 004E,Anti-social behaviour,,
,2012-02,Gloucestershire Constabulary,Gloucestershire Constabulary,-2.499550,51.822471,On or near Lamb Lane,E01022240,Forest of Dean 004E,Anti-social behaviour,,
fafb704b4d83957a843a0e42e8d8daf5d39413e3ecbd1dc8e4f3b6e4c879ef5b,2012-02,Gloucestershire Constabulary,Gloucestershire Constabulary,-2.500723,51.827537,On or near Parking Area,E01022240,Forest of Dean 004E,Burglary,Investigation complete; no suspect identified,
08d37a1b0a3f6b2d49ad06b3af8e2756aa6c44384e2e4232aa9bcd66b5b03312,2012-02,Gloucestershire Constabulary,Gloucestershire Constabulary,-2.500723,51.827537,On or near Parking Area,E01022240,Forest of Dean 004E,Burglary,Investigation complete; no suspect identified,
00fb758a224e2c3e695fb8e7eb6d65ae3e38412ebb79ce46d5eddf34120aaf77,2012-02,Gloucestershire Constabulary,Gloucestershire Constabulary,-2.511235,51.838326,On or near Petrol Station,E01022240,Forest of Dean 004E,Criminal damage and arson,,
aa9a024b9c7bfaa500a48b144415b9856eeb253bcc410c1ee7a0eb9cca0b1125,2012-02,Gloucestershire Constabulary,Gloucestershire Constabulary,-2.499969,51.824968,On or near Shopping Area,E01022240,Forest of Dean 004E,Criminal damage and arson,,
ff3d01b2c18017d9c690d4f9c360befb1f3e58da16f07d89746bf82f8555d6a2,2012-02,Gloucestershire Constabulary,Gloucestershire Constabulary,-2.504716,51.829021,On or near Seven Stars Road,E01022240,Forest of Dean 004E,Other theft,,
530ed776df3a0aec206195404fa431d6a0e97a279b1943fef4aac51f61b868aa,2012-02,Gloucestershire Constabulary,Gloucestershire Constabulary,-2.511689,51.833594,On or near Speculation Road,E01022240,Forest of Dean 004E,Shoplifting,Investigation complete; no suspect identified,
265be0936494e1726c18b3286f1fe16502b7c544275f3f2f2bf453196518f831,2012-02,Gloucestershire Constabulary,Gloucestershire Constabulary,-2.501303,51.821007,On or near Prospect Road,E01022240,Forest of Dean 004E,Vehicle crime,,
ee60a728365d2137efe3baeb7d28d1b2c47fad536c527c808d42aae20291d756,2012-02,Gloucestershire Constabulary,Gloucestershire Constabulary,-2.512493,51.839237,On or near Steam Mills Road,E01022240,Forest of Dean 004E,Vehicle crime,,
79bcde977a546e82408b562a98ac18951a8c4fd074a70d73d5c320234bf7edd3,2012-02,Gloucestershire Constabulary,Gloucestershire Constabulary,-2.503972,51.823540,On or near Colliers Field,E01022240,Forest of Dean 004E,Violent crime,Investigation complete; no suspect identified,
eb967ae41d386a2b07e69e265c6fc9587ea36e5bd20f77d14c7c2af4ce4e51cb,2012-02,Gloucestershire Constabulary,Gloucestershire Constabulary,-2.501303,51.821007,On or near Prospect Road,E01022240,Forest of Dean 004E,Violent crime,,
d9abef1b1c513e29f3c4bee9360013fa13753cfee5d667cbaf14d4dd12708aac,2012-02,Gloucestershire Constabulary,Gloucestershire Constabulary,-2.502426,51.828015,On or near Parking Area,E01022240,Forest of Dean 004E,Violent crime,,
,2012-02,Gloucestershire Constabulary,Gloucestershire Constabulary,-2.487422,51.778241,On or near Howell'S Lane,E01022249,Forest of Dean 004F,Anti-social behaviour,,
,2012-02,Gloucestershire Constabulary,Gloucestershire Constabulary,-2.479080,51.815822,On or near Dean Crescent,E01022249,Forest of Dean 004F,Anti-social behaviour,,
,2012-02,Gloucestershire Constabulary,Gloucestershire Constabulary,-2.508395,51.806573,On or near Cullimore View,E01022249,Forest of Dean 004F,Anti-social behaviour,,
,2012-02,Gloucestershire Constabulary,Gloucestershire Constabulary,-2.479080,51.815822,On or near Dean Crescent,E01022249,Forest of Dean 004F,Anti-social behaviour,,
,2012-02,Gloucestershire Constabulary,Gloucestershire Constabulary,-2.505913,51.806350,On or near Kibble'S Lane,E01022249,Forest of Dean 004F,Anti-social behaviour,,
,2012-02,Gloucestershire Constabulary,Gloucestershire Constabulary,-2.481523,51.842290,On or near Jubilee Road,E01022249,Forest of Dean 004F,Anti-social behaviour,,
,2012-02,Gloucestershire Constabulary,Gloucestershire Constabulary,-2.463720,51.825998,On or near The Slad,E01022249,Forest of Dean 004F,Anti-social behaviour,,
,2012-02,Gloucestershire Constabulary,Gloucestershire Constabulary,-2.479080,51.815822,On or near Dean Crescent,E01022249,Forest of Dean 004F,Anti-social behaviour,,
,2012-02,Gloucestershire Constabulary,Gloucestershire Constabulary,-2.479080,51.815822,On or near Dean Crescent,E01022249,Forest of Dean 004F,Anti-social behaviour,,
,2012-02,Gloucestershire Constabulary,Gloucestershire Constabulary,-2.509070,51.811137,On or near St White'S Road,E01022249,Forest of Dean 004F,Anti-social behaviour,,
,2012-02,Gloucestershire Constabulary,Gloucestershire Constabulary,-2.479080,51.815822,On or near Dean Crescent,E01022249,Forest of Dean 004F,Anti-social behaviour,,
,2012-02,Gloucestershire Constabulary,Gloucestershire Constabulary,-2.479080,51.815822,On or near Dean Crescent,E01022249,Forest of Dean 004F,Anti-social behaviour,,
c7cafaef11b5cc53e2e12d90c18c71130f826f81b3c32d69dd7df8933aaff58b,2012-02,Gloucestershire Constabulary,Gloucestershire Constabulary,-2.479146,51.826134,On or near George Lane,E01022249,Forest of Dean 004F,Criminal damage and arson,,
f705b9de22ccf8f9fe0292fd92630a3e81ac421d490c9aceb9b9d8d9dd307673,2012-02,Gloucestershire Constabulary,Gloucestershire Constabulary,-2.508435,51.801079,On or near Clover Close,E01022249,Forest of Dean 004F,Criminal damage and arson,,
afdcbc46153cba0591123b22c7f2b294d488408df32726d6190f4e3a949889ad,2012-02,Gloucestershire Constabulary,Gloucestershire Constabulary,-2.508435,51.801079,On or near Clover Close,E01022249,Forest of Dean 004F,Other theft,,
113d21c4c99f31be7bf3412b6b80b2bc8250a871cc686793d6b0568c363c7dae,2012-02,Gloucestershire Constabulary,Gloucestershire Constabulary,-2.487422,51.778241,On or near Howell'S Lane,E01022249,Forest of Dean 004F,Violent crime,Offender given community sentence,
,2012-02,Gloucestershire Constabulary,Gloucestershire Constabulary,-2.485391,51.824032,On or near The Ruffitt,E01022250,Forest of Dean 004G,Anti-social behaviour,,
,2012-02,Gloucestershire Constabulary,Gloucestershire Constabulary,-2.505702,51.805649,On or near Hudson Lane,E01022250,Forest of Dean 004G,Anti-social behaviour,,
,2012-02,Gloucestershire Constabulary,Gloucestershire Constabulary,-2.496124,51.790639,On or near Sports/Recreation Area,E01022250,Forest of Dean 004G,Anti-social behaviour,,
,2012-02,Gloucestershire Constabulary,Gloucestershire Constabulary,-2.480000,51.820556,On or near Beech Way,E01022250,Forest of Dean 004G,Anti-social behaviour,,
8ca2e8cd6d7272fbe5e6cce1611cd835b8c80f44aec4afc3264809d472ee21d8,2012-02,Gloucestershire Constabulary,Gloucestershire Constabulary,-2.503787,51.810863,On or near Hart Green,E01022250,Forest of Dean 004G,Vehicle crime,,
4e4a8500f513ac6be273de7ef23537cac16f67021ea9390734858df6d8ac96a8,2012-02,Gloucestershire Constabulary,Gloucestershire Constabulary,-2.480000,51.820556,On or near Beech Way,E01022250,Forest of Dean 004G,Violent crime,,
,2012-02,Gloucestershire Constabulary,Gloucestershire Constabulary,-2.477214,51.762845,On or near All Saints Road,E01022228,Forest of Dean 005A,Anti-social behaviour,,
,2012-02,Gloucestershire Constabulary,Gloucestershire Constabulary,-2.452147,51.868553,On or near Station Lane,E01022230,Forest of Dean 005B,Anti-social behaviour,,
dc24fd6d63a462c603001f5751548dcca308d5d6c7469105c45a62905df88f47,2012-02,Gloucestershire Constabulary,Gloucestershire Constabulary,-2.462847,51.880964,On or near Parking Area,E01022230,Forest of Dean 005B,Burglary,,
b7ef5b633c15a33572bdb4af621ada9754e749edcc8501078a4f564a1b340082,2012-02,Gloucestershire Constabulary,Gloucestershire Constabulary,-2.462847,51.880964,On or near Parking Area,E01022230,Forest of Dean 005B,Other theft,Investigation complete; no suspect identified,
e3f17bd1ef64f8fd901967ad985f68d28a6fd9b2cb4bae372594cbddae1d54ac,2012-02,Gloucestershire Constabulary,Gloucestershire Constabulary,-2.428268,51.854625,On or near Blaisdon Lane,E01022230,Forest of Dean 005B,Other theft,,
e629f9e04faf8e2977309843995df0f16518630c2c4a0e63059dbf1e2d4c28ff,2012-02,Gloucestershire Constabulary,Gloucestershire Constabulary,-2.456583,51.869228,On or near Napping Lane,E01022230,Forest of Dean 005B,Other theft,,
0db0ecd76b93670c04defea8d3d5b7e303e2044ba89a06a4a32e575e33a9b20d,2012-02,Gloucestershire Constabulary,Gloucestershire Constabulary,-2.457821,51.865222,On or near Bathams Close,E01022230,Forest of Dean 005B,Vehicle crime,,
09f6ec4de83dddc201c387e84abc9385901fbb1acfa33005a468a0d0a3f3a00d,2012-02,Gloucestershire Constabulary,Gloucestershire Constabulary,-2.438051,51.878280,On or near Saunders Close,E01022230,Forest of Dean 005B,Other crime,Court result unavailable,
,2012-02,Gloucestershire Constabulary,Gloucestershire Constabulary,-2.453974,51.804808,On or near Kings Mead,E01022265,Forest of Dean 005C,Anti-social behaviour,,
,2012-02,Gloucestershire Constabulary,Gloucestershire Constabulary,-2.443662,51.822569,On or near Elton Road,E01022265,Forest of Dean 005C,Anti-social behaviour,,
,2012-02,Gloucestershire Constabulary,Gloucestershire Constabulary,-2.431015,51.822985,On or near Petrol Station,E01022265,Forest of Dean 005C,Anti-social behaviour,,
,2012-02,Gloucestershire Constabulary,Gloucestershire Constabulary,-2.447408,51.805202,On or near Beeches Road,E01022265,Forest of Dean 005C,Anti-social behaviour,,
,2012-02,Gloucestershire Constabulary,Gloucestershire Constabulary,-2.452853,51.804453,On or near Orchard Rise,E01022265,Forest of Dean 005C,Anti-social behaviour,,
e223a08c72b33f9e32b9a9ef9f3b0d6850f8962e9c8edab6fb5d84e81d15fd3a,2012-02,Gloucestershire Constabulary,Gloucestershire Constabulary,-2.452853,51.804453,On or near Orchard Rise,E01022265,Forest of Dean 005C,Vehicle crime,Investigation complete; no suspect identified,
e1c47f324b79a86c75f303576b117b65c10d451acc966e59d6c2e6c971f12204,2012-02,Gloucestershire Constabulary,Gloucestershire Constabulary,-2.443662,51.822569,On or near Elton Road,E01022265,Forest of Dean 005C,Other crime,,
,2012-02,Gloucestershire Constabulary,Gloucestershire Constabulary,-2.396767,51.838822,On or near Grange Court Road,E01022266,Forest of Dean 005D,Anti-social behaviour,,
,2012-02,Gloucestershire Constabulary,Gloucestershire Constabulary,-2.381843,51.826392,On or near Petrol Station,E01022266,Forest of Dean 005D,Anti-social behaviour,,
bbf4ce4d5acbc1fc43853f827784741c7e1a409f90be06aed959e0feb0618b8e,2012-02,Gloucestershire Constabulary,Gloucestershire Constabulary,-2.400007,51.822807,On or near Wintle'S Hill,E01022266,Forest of Dean 005D,Burglary,,
a9ca6449585615ce15cf6a2013c5a6fa8830ea532c2ac3f32cff9abc2bad34c3,2012-02,Gloucestershire Constabulary,Gloucestershire Constabulary,-2.403951,51.820860,On or near Sports/Recreation Area,E01022266,Forest of Dean 005D,Other theft,,
,2012-02,Gloucestershire Constabulary,Gloucestershire Constabulary,-2.614724,51.810893,On or near Orchard Way,E01022234,Forest of Dean 006A,Anti-social behaviour,,
,2012-02,Gloucestershire Constabulary,Gloucestershire Constabulary,-2.626462,51.813231,On or near Broom Hill,E01022234,Forest of Dean 006A,Anti-social behaviour,,
,2012-02,Gloucestershire Constabulary,Gloucestershire Constabulary,-2.614724,51.810893,On or near Orchard Way,E01022234,Forest of Dean 006A,Anti-social behaviour,,
,2012-02,Gloucestershire Constabulary,Gloucestershire Constabulary,-2.608024,51.837973,On or near Church Hill Close,E01022234,Forest of Dean 006A,Anti-social behaviour,,
,2012-02,Gloucestershire Constabulary,Gloucestershire Constabulary,-2.621883,51.825178,On or near Folly Lane,E01022234,Forest of Dean 006A,Anti-social behaviour,,
,2012-02,Gloucestershire Constabulary,Gloucestershire Constabulary,-2.608024,51.837973,On or near Church Hill Close,E01022234,Forest of Dean 006A,Anti-social behaviour,,
,2012-02,Gloucestershire Constabulary,Gloucestershire Constabulary,-2.656911,51.811312,On or near Wellmeadow,E01022234,Forest of Dean 006A,Anti-social behaviour,,
93696ff247077800ed6b349a376c86f4cd03106b61c3d451db9f5d7790e41b3b,2012-02,Gloucestershire Constabulary,Gloucestershire Constabulary,-2.612911,51.813051,On or near Nine Wells Close,E01022234,Forest of Dean 006A,Burglary,Local resolution,
343ac28b769cf8c82ee007d9a026cb2b8ba753b85d8bb5367af98478cecedc3d,2012-02,Gloucestershire Constabulary,Gloucestershire Constabulary,-2.611940,51.813137,On or near Nine Wells Road,E01022234,Forest of Dean 006A,Criminal damage and arson,Local resolution,
,2012-02,Gloucestershire Constabulary,Gloucestershire Constabulary,-2.575356,51.840502,On or near Joys Green Road,E01022253,Forest of Dean 006B,Anti-social behaviour,,
,2012-02,Gloucestershire Constabulary,Gloucestershire Constabulary,-2.576785,51.837555,On or near Sports/Recreation Area,E01022253,Forest of Dean 006B,Anti-social behaviour,,
,2012-02,Gloucestershire Constabulary,Gloucestershire Constabulary,-2.578612,51.828384,On or near Ridge Place,E01022253,Forest of Dean 006B,Anti-social behaviour,,
1c0be17c2ac4ec4392257322286f3ed2c44de3efd86625fbe113f47cec521eea,2012-02,Gloucestershire Constabulary,Gloucestershire Constabulary,-2.578919,51.838758,On or near B4234,E01022253,Forest of Dean 006B,Burglary,Investigation complete; no suspect identified,
5a51faf7db5778c8441c979038b5c122ca153bce666cbfdee05edfdb2db3bcce,2012-02,Gloucestershire Constabulary,Gloucestershire Constabulary,-2.587526,51.849882,On or near Parking Area,E01022253,Forest of Dean 006B,Burglary,,
,2012-02,Gloucestershire Constabulary,Gloucestershire Constabulary,-2.673736,51.786941,On or near Redbrook Road,E01022263,Forest of Dean 006C,Anti-social behaviour,,
,2012-02,Gloucestershire Constabulary,Gloucestershire Constabulary,-2.634123,51.736855,On or near Smithville Close,E01022263,Forest of Dean 006C,Anti-social behaviour,,
,2012-02,Gloucestershire Constabulary,Gloucestershire Constabulary,-2.649328,51.782268,On or near Almshouses Road,E01022263,Forest of Dean 006C,Anti-social behaviour,,
df239a84407c3a5896336a0e5c539198e382e35758b92b8334640d8ae276ce41,2012-02,Gloucestershire Constabulary,Gloucestershire Constabulary,-2.633728,51.755218,On or near Stowe Road,E01022263,Forest of Dean 006C,Other crime,Defendant found not guilty,
,2012-02,Gloucestershire Constabulary,Gloucestershire Constabulary,-2.614332,51.809861,On or near Chapel Road,E01022229,Forest of Dean 007A,Anti-social behaviour,,
,2012-02,Gloucestershire Constabulary,Gloucestershire Constabulary,-2.614830,51.808078,On or near Hillcrest Road,E01022229,Forest of Dean 007A,Anti-social behaviour,,
,2012-02,Gloucestershire Constabulary,Gloucestershire Constabulary,-2.615823,51.810680,On or near Park Road,E01022229,Forest of Dean 007A,Anti-social behaviour,,
,2012-02,Gloucestershire Constabulary,Gloucestershire Constabulary,-2.615823,51.810680,On or near Park Road,E01022229,Forest of Dean 007A,Anti-social behaviour,,
,2012-02,Gloucestershire Constabulary,Gloucestershire Constabulary,-2.614332,51.809861,On or near Chapel Road,E01022229,Forest of Dean 007A,Anti-social behaviour,,
,2012-02,Gloucestershire Constabulary,Gloucestershire Constabulary,-2.611457,51.809606,On or near Sports/Recreation Area,E01022229,Forest of Dean 007A,Anti-social behaviour,,
,2012-02,Gloucestershire Constabulary,Gloucestershire Constabulary,-2.611457,51.809606,On or near Sports/Recreation Area,E01022229,Forest of Dean 007A,Anti-social behaviour,,
6aa107776be0a63c76e3edd68da15a47ccc8920e403ffdd7b60ef2bc823e3657,2012-02,Gloucestershire Constabulary,Gloucestershire Constabulary,-2.621444,51.812242,On or near Strawberry Field,E01022229,Forest of Dean 007A,Burglary,,
8287fe382df72c8fc58b90f6718f7dff4045b3723c3d488f6c34ab402a97a193,2012-02,Gloucestershire Constabulary,Gloucestershire Constabulary,-2.619338,51.808873,On or near Coverham Road,E01022229,Forest of Dean 007A,Other theft,Investigation complete; no suspect identified,
455fd7f43711e19970249217df340c5c989b8808ce1d1b343a822b061f177eb0,2012-02,Gloucestershire Constabulary,Gloucestershire Constabulary,-2.619338,51.808873,On or near Coverham Road,E01022229,Forest of Dean 007A,Public disorder and weapons,Investigation complete; no suspect identified,
628396e5ff15c30a5cc7ea9862945efd1d989abfe8471c2ac40781170f182f92,2012-02,Gloucestershire Constabulary,Gloucestershire Constabulary,-2.615823,51.810680,On or near Park Road,E01022229,Forest of Dean 007A,Shoplifting,,
d1bcd98cad2520a09181f077b421c5260c9e0d4245f34e958942c57109f22db8,2012-02,Gloucestershire Constabulary,Gloucestershire Constabulary,-2.614332,51.809861,On or near Chapel Road,E01022229,Forest of Dean 007A,Vehicle crime,,
,2012-02,Gloucestershire Constabulary,Gloucestershire Constabulary,-2.616753,51.793790,On or near Market Place,E01022241,Forest of Dean 007B,Anti-social behaviour,,
,2012-02,Gloucestershire Constabulary,Gloucestershire Constabulary,-2.619495,51.792823,On or near Phoenix Court,E01022241,Forest of Dean 007B,Anti-social behaviour,,
,2012-02,Gloucestershire Constabulary,Gloucestershire Constabulary,-2.614908,51.793512,On or near Police Station,E01022241,Forest of Dean 007B,Anti-social behaviour,,
,2012-02,Gloucestershire Constabulary,Gloucestershire Constabulary,-2.619087,51.793733,On or near Parking Area,E01022241,Forest of Dean 007B,Anti-social behaviour,,
,2012-02,Gloucestershire Constabulary,Gloucestershire Constabulary,-2.619495,51.792823,On or near Phoenix Court,E01022241,Forest of Dean 007B,Anti-social behaviour,,
,2012-02,Gloucestershire Constabulary,Gloucestershire Constabulary,-2.616753,51.793790,On or near Market Place,E01022241,Forest of Dean 007B,Anti-social behaviour,,
,2012-02,Gloucestershire Constabulary,Gloucestershire Constabulary,-2.616753,51.793790,On or near Market Place,E01022241,Forest of Dean 007B,Anti-social behaviour,,
,2012-02,Gloucestershire Constabulary,Gloucestershire Constabulary,-2.617758,51.794117,On or near St John'S Street,E01022241,Forest of Dean 007B,Anti-social behaviour,,
,2012-02,Gloucestershire Constabulary,Gloucestershire Constabulary,-2.616964,51.794355,On or near Bank Street,E01022241,Forest of Dean 007B,Anti-social behaviour,,
,2012-02,Gloucestershire Constabulary,Gloucestershire Constabulary,-2.616753,51.793790,On or near Market Place,E01022241,Forest of Dean 007B,Anti-social behaviour,,
501faaa636fa35ff3e53ab7d243d9bbe2bae0f152ae3375249a0114eb9055f3d,2012-02,Gloucestershire Constabulary,Gloucestershire Constabulary,-2.618705,51.791271,On or near Hampshire Gardens,E01022241,Forest of Dean 007B,Drugs,Offender given community sentence,
c1f8cdd020586868b05c2967ed2df706af318252e62992095bf66deb9e1d17c8,2012-02,Gloucestershire Constabulary,Gloucestershire Constabulary,-2.616753,51.793790,On or near Market Place,E01022241,Forest of Dean 007B,Other theft,,
7761425e012e99aeb33d54fb3e90796acd85e66ef209bdf9b542775833501183,2012-02,Gloucestershire Constabulary,Gloucestershire Constabulary,-2.616753,51.793790,On or near Market Place,E01022241,Forest of Dean 007B,Other theft,Offender given a caution,
de84582704932cb4cf1d27f2a21e96b013f1dbfcf4d749be2df4debc0ff4d408,2012-02,Gloucestershire Constabulary,Gloucestershire Constabulary,-2.617403,51.792537,On or near High Street,E01022241,Forest of Dean 007B,Shoplifting,Offender given community sentence,
9b3cb937416714aadad8d5ce939df027129f47ecad01e7c414a540adddf971f7,2012-02,Gloucestershire Constabulary,Gloucestershire Constabulary,-2.617403,51.792537,On or near High Street,E01022241,Forest of Dean 007B,Shoplifting,Offender given community sentence,
f965e4a340ada945bc97f59f7f875d48b09d69f392592ece2b1d925c7db9f85d,2012-02,Gloucestershire Constabulary,Gloucestershire Constabulary,-2.617321,51.797195,On or near Southfield Road,E01022241,Forest of Dean 007B,Vehicle crime,,
65e693f3f98a67a3be93c69c6998fef1b9c8af4d002a9e1be60bf65dfc93d11f,2012-02,Gloucestershire Constabulary,Gloucestershire Constabulary,-2.617758,51.794117,On or near St John'S Street,E01022241,Forest of Dean 007B,Vehicle crime,Investigation complete; no suspect identified,
1eb028779c1f70e6b0e146067024493b7b7b1ad4fabee59a57bebdc0109f5e60,2012-02,Gloucestershire Constabulary,Gloucestershire Constabulary,-2.616135,51.793164,On or near Parking Area,E01022241,Forest of Dean 007B,Violent crime,Court result unavailable,
d09463ccf0a266d0f365825189300edd567472717458731d7fea6ca0e43b55e2,2012-02,Gloucestershire Constabulary,Gloucestershire Constabulary,-2.618250,51.794061,On or near The Tram Road,E01022241,Forest of Dean 007B,Violent crime,Offender given conditional discharge,
fd3b4f036f4d4aa9fbc754da3feeef96be125af3a8f58f08b66a00e61ee6f524,2012-02,Gloucestershire Constabulary,Gloucestershire Constabulary,-2.618250,51.794061,On or near The Tram Road,E01022241,Forest of Dean 007B,Violent crime,,
46d402e8c17a367bfc772abb14b89f574d27e85dd3cdcd3ba40c0bf1fc2b3145,2012-02,Gloucestershire Constabulary,Gloucestershire Constabulary,-2.618250,51.794061,On or near The Tram Road,E01022241,Forest of Dean 007B,Violent crime,Investigation complete; no suspect identified,
7600060f6ddef3aadc9e5d4d867d8a3b787d8b188d62a8ce123504b962ef49ff,2012-02,Gloucestershire Constabulary,Gloucestershire Constabulary,-2.616753,51.793790,On or near Market Place,E01022241,Forest of Dean 007B,Violent crime,,
24475f7fb736cc4a664a4d2cb6c29f80f5192a6a3460572122d52c111fd709d4,2012-02,Gloucestershire Constabulary,Gloucestershire Constabulary,-2.615828,51.791880,On or near Parking Area,E01022241,Forest of Dean 007B,Violent crime,,
,2012-02,Gloucestershire Constabulary,Gloucestershire Constabulary,-2.621938,51.794455,On or near Victoria Road,E01022242,Forest of Dean 007C,Anti-social behaviour,,
,2012-02,Gloucestershire Constabulary,Gloucestershire Constabulary,-2.619879,51.797613,On or near South Road,E01022242,Forest of Dean 007C,Anti-social behaviour,,
,2012-02,Gloucestershire Constabulary,Gloucestershire Constabulary,-2.622660,51.796321,On or near Oakfields,E01022242,Forest of Dean 007C,Anti-social behaviour,,
,2012-02,Gloucestershire Constabulary,Gloucestershire Constabulary,-2.620788,51.797257,On or near Sunnybank Road,E01022242,Forest of Dean 007C,Anti-social behaviour,,
fa04f99445c7c7abca04a10b086a9e382267ebbbc98bdd51ea7af8b6de8b63ed,2012-02,Gloucestershire Constabulary,Gloucestershire Constabulary,-2.612788,51.797614,On or near Pike Road,E01022242,Forest of Dean 007C,Burglary,,
,2012-02,Gloucestershire Constabulary,Gloucestershire Constabulary,-2.600668,51.793406,On or near Wynols Road,E01022243,Forest of Dean 007D,Anti-social behaviour,,
,2012-02,Gloucestershire Constabulary,Gloucestershire Constabulary,-2.602186,51.793119,On or near Trafalgar Mews,E01022243,Forest of Dean 007D,Anti-social behaviour,,
,2012-02,Gloucestershire Constabulary,Gloucestershire Constabulary,-2.601850,51.791826,On or near Holcot Road,E01022243,Forest of Dean 007D,Anti-social behaviour,,
,2012-02,Gloucestershire Constabulary,Gloucestershire Constabulary,-2.600558,51.793865,On or near Queensway,E01022243,Forest of Dean 007D,Anti-social behaviour,,
,2012-02,Gloucestershire Constabulary,Gloucestershire Constabulary,-2.600668,51.793406,On or near Wynols Road,E01022243,Forest of Dean 007D,Anti-social behaviour,,
e72024ce30082af27cd9f5e5bee28b1d9e388fc48c8c2766ed2ab50cb2568fc0,2012-02,Gloucestershire Constabulary,Gloucestershire Constabulary,-2.602186,51.793119,On or near Trafalgar Mews,E01022243,Forest of Dean 007D,Criminal damage and arson,,
0f7e567d7ffd860b61cdd1dc82c503ab2945130ab6f51123b58e2a1a1d06011a,2012-02,Gloucestershire Constabulary,Gloucestershire Constabulary,-2.599488,51.795183,On or near Sports/Recreation Area,E01022243,Forest of Dean 007D,Criminal damage and arson,,
addede0bdfea3bf476135ce8204199c453014c87cbb6c26628ce1eef185c8f9b,2012-02,Gloucestershire Constabulary,Gloucestershire Constabulary,-2.604849,51.791658,On or near Coalway Road,E01022243,Forest of Dean 007D,Other theft,,
,2012-02,Gloucestershire Constabulary,Gloucestershire Constabulary,-2.595668,51.804616,On or near Perch Close,E01022244,Forest of Dean 007E,Anti-social behaviour,,
,2012-02,Gloucestershire Constabulary,Gloucestershire Constabulary,-2.598281,51.800458,On or near North Road,E01022244,Forest of Dean 007E,Anti-social behaviour,,
655835dc848da856b5fd7eafff406700f039d42f8fcc9d9c9cb0170cabe44c7d,2012-02,Gloucestershire Constabulary,Gloucestershire Constabulary,-2.595483,51.800490,On or near Greening Grove,E01022244,Forest of Dean 007E,Vehicle crime,,
35c49d00d1ea158a422760ad6be54aca12158a2d78f1439d5da2cfa9187d60c7,2012-02,Gloucestershire Constabulary,Gloucestershire Constabulary,-2.602302,51.805077,On or near Woodgate Road,E01022244,Forest of Dean 007E,Violent crime,Offender sent to prison,
56605449d50006c5b221d317540fde07403b3d4a21c137fdf575651752150ae6,2012-02,Gloucestershire Constabulary,Gloucestershire Constabulary,-2.596670,51.801392,On or near Baynham'S Walk,E01022244,Forest of Dean 007E,Other crime,Investigation complete; no suspect identified,
,2012-02,Gloucestershire Constabulary,Gloucestershire Constabulary,-2.604057,51.782293,On or near Bramble Road,E01022246,Forest of Dean 007G,Anti-social behaviour,,
bddace33ebcb2ce1eba0b1d32368f1992c638736cd09de001ec7e19c092cf3f6,2012-02,Gloucestershire Constabulary,Gloucestershire Constabulary,-2.603916,51.781485,On or near Primrose Drive,E01022246,Forest of Dean 007G,Burglary,,
281aaa82e73295943ebbd27f0bb0d47b38e39d95310febfcbe8234503a625512,2012-02,Gloucestershire Constabulary,Gloucestershire Constabulary,-2.600749,51.783200,On or near Station Road,E01022246,Forest of Dean 007G,Public disorder and weapons,,
,2012-02,Gloucestershire Constabulary,Gloucestershire Constabulary,-2.571231,51.746187,On or near Green Acre,E01022231,Forest of Dean 008A,Anti-social behaviour,,
,2012-02,Gloucestershire Constabulary,Gloucestershire Constabulary,-2.573408,51.749962,On or near Sports/Recreation Area,E01022231,Forest of Dean 008A,Anti-social behaviour,,
,2012-02,Gloucestershire Constabulary,Gloucestershire Constabulary,-2.571396,51.753478,On or near Cox'S Way,E01022231,Forest of Dean 008A,Anti-social behaviour,,
,2012-02,Gloucestershire Constabulary,Gloucestershire Constabulary,-2.566177,51.747399,On or near Brockhollands Road,E01022231,Forest of Dean 008A,Anti-social behaviour,,
,2012-02,Gloucestershire Constabulary,Gloucestershire Constabulary,-2.567774,51.747679,On or near Pastor'S Hill,E01022231,Forest of Dean 008A,Anti-social behaviour,,
,2012-02,Gloucestershire Constabulary,Gloucestershire Constabulary,-2.571396,51.753478,On or near Cox'S Way,E01022231,Forest of Dean 008A,Anti-social behaviour,,
,2012-02,Gloucestershire Constabulary,Gloucestershire Constabulary,-2.573408,51.749962,On or near Sports/Recreation Area,E01022231,Forest of Dean 008A,Anti-social behaviour,,
,2012-02,Gloucestershire Constabulary,Gloucestershire Constabulary,-2.573408,51.749962,On or near Sports/Recreation Area,E01022231,Forest of Dean 008A,Anti-social behaviour,,
d69954b33acfee2f9823c96073ee5e6cc6382f9e35238a5867d645b50f71c990,2012-02,Gloucestershire Constabulary,Gloucestershire Constabulary,-2.571393,51.752139,On or near Blue Rock Crescent,E01022231,Forest of Dean 008A,Criminal damage and arson,,
1ffba346091f35e1ae08fb04a21618dc6cd5938e0da2a225558086fa4fb37657,2012-02,Gloucestershire Constabulary,Gloucestershire Constabulary,-2.568504,51.753942,On or near Henley Road,E01022231,Forest of Dean 008A,Drugs,,
,2012-02,Gloucestershire Constabulary,Gloucestershire Constabulary,-2.577772,51.753681,On or near Highfield Close,E01022232,Forest of Dean 008B,Anti-social behaviour,,
,2012-02,Gloucestershire Constabulary,Gloucestershire Constabulary,-2.570085,51.758682,On or near Knockley Patch,E01022232,Forest of Dean 008B,Anti-social behaviour,,
,2012-02,Gloucestershire Constabulary,Gloucestershire Constabulary,-2.575466,51.750042,On or near High Street,E01022232,Forest of Dean 008B,Anti-social behaviour,,
6d0d2b7cd933afface8561d5e15caf810c0c9a6e242e639ad91c26a6ca5c7782,2012-02,Gloucestershire Constabulary,Gloucestershire Constabulary,-2.570085,51.758682,On or near Knockley Patch,E01022232,Forest of Dean 008B,Vehicle crime,,
,2012-02,Gloucestershire Constabulary,Gloucestershire Constabulary,-2.592144,51.769200,On or near Holly Lane,E01022264,Forest of Dean 008C,Anti-social behaviour,,
,2012-02,Gloucestershire Constabulary,Gloucestershire Constabulary,-2.629428,51.773106,On or near Sports/Recreation Area,E01022264,Forest of Dean 008C,Anti-social behaviour,,
,2012-02,Gloucestershire Constabulary,Gloucestershire Constabulary,-2.629428,51.773106,On or near Sports/Recreation Area,E01022264,Forest of Dean 008C,Anti-social behaviour,,
fd3a12b7813c53400f61b816dffb17159567a1d98780d4542f8800957dab8980,2012-02,Gloucestershire Constabulary,Gloucestershire Constabulary,-2.604564,51.766008,On or near Hawthorn Drive,E01022264,Forest of Dean 008C,Criminal damage and arson,,
98a575bcd3bb1aecd9be7581f859fe9b8971ddece183e5f2e8a2bea788a0614a,2012-02,Gloucestershire Constabulary,Gloucestershire Constabulary,-2.592010,51.775611,On or near Smiths Hill,E01022264,Forest of Dean 008C,Vehicle crime,,
82be96876a7ee03fbac29c8a15238f2375e2e8801a75b1fdbe09ba848eddc8ff,2012-02,Gloucestershire Constabulary,Gloucestershire Constabulary,-2.605402,51.770148,On or near Laureldene,E01022264,Forest of Dean 008C,Violent crime,Investigation complete; no suspect identified,
,2012-02,Gloucestershire Constabulary,Gloucestershire Constabulary,-2.537738,51.756775,On or near Upper Road,E01022268,Forest of Dean 008D,Anti-social behaviour,,
5dda3ad6b8f73e42242149d54285fe085f156ab6dc47e618cbcb6a7a4c6d9ee2,2012-02,Gloucestershire Constabulary,Gloucestershire Constabulary,-2.549935,51.754237,On or near Morcroft Place,E01022268,Forest of Dean 008D,Criminal damage and arson,,
,2012-02,Gloucestershire Constabulary,Gloucestershire Constabulary,-2.520468,51.763021,On or near Harold Road,E01022269,Forest of Dean 008E,Anti-social behaviour,,
,2012-02,Gloucestershire Constabulary,Gloucestershire Constabulary,-2.546476,51.802446,On or near Spruce Ride,E01022269,Forest of Dean 008E,Anti-social behaviour,,
,2012-02,Gloucestershire Constabulary,Gloucestershire Constabulary,-2.551322,51.755067,On or near Grove Park,E01022269,Forest of Dean 008E,Anti-social behaviour,,
,2012-02,Gloucestershire Constabulary,Gloucestershire Constabulary,-2.546775,51.756455,On or near Charleswood Road,E01022269,Forest of Dean 008E,Anti-social behaviour,,
85f8a961d21daa4524d776cb1d168d1286d033d723aedb8da8b475c37ea2b257,2012-02,Gloucestershire Constabulary,Gloucestershire Constabulary,-2.499576,51.756611,On or near Meadow Close,E01022269,Forest of Dean 008E,Other theft,,
e40e40788da783a6c2a65744d9c10c8fffd353a46d7b7da6072c66328edcee15,2012-02,Gloucestershire Constabulary,Gloucestershire Constabulary,-2.551081,51.806668,On or near Sports/Recreation Area,E01022269,Forest of Dean 008E,Vehicle crime,,
b580ae79e78bbf9d9e945b75c3658640ca35cbe3278d965f6234e57b7f77fb72,2012-02,Gloucestershire Constabulary,Gloucestershire Constabulary,-2.566322,51.778723,On or near New Road,E01022269,Forest of Dean 008E,Vehicle crime,,
92c4b65a0008e04e78168a8cdf996e59ee4f7764f7ca54747c0361b62e6c1102,2012-02,Gloucestershire Constabulary,Gloucestershire Constabulary,-2.551081,51.806668,On or near Sports/Recreation Area,E01022269,Forest of Dean 008E,Violent crime,,
1d165def479e9da78aba7e7c71107b1e2c59ef6d36369161c5b44e0d1f5163ef,2012-02,Gloucestershire Constabulary,Gloucestershire Constabulary,-2.555715,51.768317,On or near Fairmoor Close,E01022269,Forest of Dean 008E,Violent crime,,
,2012-02,Gloucestershire Constabulary,Gloucestershire Constabulary,-2.536610,51.723926,On or near Parking Area,E01022226,Forest of Dean 009A,Anti-social behaviour,,
,2012-02,Gloucestershire Constabulary,Gloucestershire Constabulary,-2.535247,51.723762,On or near Oxford Street,E01022226,Forest of Dean 009A,Anti-social behaviour,,
,2012-02,Gloucestershire Constabulary,Gloucestershire Constabulary,-2.528203,51.714326,On or near Park/Open Space,E01022226,Forest of Dean 009A,Anti-social behaviour,,
,2012-02,Gloucestershire Constabulary,Gloucestershire Constabulary,-2.532524,51.714999,On or near Station Road,E01022226,Forest of Dean 009A,Anti-social behaviour,,
6616c62fd56095f8107b2da44e7c2d7fa42dd040d77bca27bf8a7f635696ce9d,2012-02,Gloucestershire Constabulary,Gloucestershire Constabulary,-2.534160,51.726095,On or near Parking Area,E01022226,Forest of Dean 009A,Burglary,Investigation complete; no suspect identified,
6cf60353a3b8d9304a12ad949993f0801b9200b303f8e5e310dd39ac2f2c1235,2012-02,Gloucestershire Constabulary,Gloucestershire Constabulary,-2.532346,51.724530,On or near Bathurst Park Road,E01022226,Forest of Dean 009A,Criminal damage and arson,,
50d57871aba01defa6bf3145b31db4ef8acd30876ae8b78252c91cc8996107a6,2012-02,Gloucestershire Constabulary,Gloucestershire Constabulary,-2.534252,51.725268,On or near Petrol Station,E01022226,Forest of Dean 009A,Public disorder and weapons,,
e6f5c22aa39285e13d9f85c5f4ea92d70ed1846440bd11e964fe65561a71c348,2012-02,Gloucestershire Constabulary,Gloucestershire Constabulary,-2.534252,51.725268,On or near Petrol Station,E01022226,Forest of Dean 009A,Shoplifting,Suspect charged as part of another case,
e23839e3f74d67297a201f5b0104f9044fcc94f3c3e41ce590985018a71eaba0,2012-02,Gloucestershire Constabulary,Gloucestershire Constabulary,-2.534252,51.725268,On or near Petrol Station,E01022226,Forest of Dean 009A,Violent crime,,
,2012-02,Gloucestershire Constabulary,Gloucestershire Constabulary,-2.578040,51.706584,On or near Garlands Road,E01022227,Forest of Dean 009B,Anti-social behaviour,,
793de91c60524bf30cad771c32221de0c4c7abca5bc6a1990af55ade35cf708f,2012-02,Gloucestershire Constabulary,Gloucestershire Constabulary,-2.574469,51.705720,On or near A48,E01022227,Forest of Dean 009B,Shoplifting,Investigation complete; no suspect identified,
,2012-02,Gloucestershire Constabulary,Gloucestershire Constabulary,-2.517542,51.723805,On or near Purton Place,E01022254,Forest of Dean 009C,Anti-social behaviour,,
,2012-02,Gloucestershire Constabulary,Gloucestershire Constabulary,-2.523899,51.723921,On or near Rushyleaze,E01022254,Forest of Dean 009C,Anti-social behaviour,,
,2012-02,Gloucestershire Constabulary,Gloucestershire Constabulary,-2.519356,51.722916,On or near Ridler Road,E01022254,Forest of Dean 009C,Anti-social behaviour,,
,2012-02,Gloucestershire Constabulary,Gloucestershire Constabulary,-2.520177,51.721267,On or near Faller Fields,E01022254,Forest of Dean 009C,Anti-social behaviour,,
,2012-02,Gloucestershire Constabulary,Gloucestershire Constabulary,-2.520177,51.721267,On or near Faller Fields,E01022254,Forest of Dean 009C,Anti-social behaviour,,
,2012-02,Gloucestershire Constabulary,Gloucestershire Constabulary,-2.519356,51.722916,On or near Ridler Road,E01022254,Forest of Dean 009C,Anti-social behaviour,,
,2012-02,Gloucestershire Constabulary,Gloucestershire Constabulary,-2.516572,51.723791,On or near Wyedean Close,E01022254,Forest of Dean 009C,Anti-social behaviour,,
,2012-02,Gloucestershire Constabulary,Gloucestershire Constabulary,-2.516572,51.723791,On or near Wyedean Close,E01022254,Forest of Dean 009C,Anti-social behaviour,,
,2012-02,Gloucestershire Constabulary,Gloucestershire Constabulary,-2.523419,51.722484,On or near Orchard Road,E01022254,Forest of Dean 009C,Anti-social behaviour,,
,2012-02,Gloucestershire Constabulary,Gloucestershire Constabulary,-2.520658,51.722838,On or near Hopes Close,E01022254,Forest of Dean 009C,Anti-social behaviour,,
,2012-02,Gloucestershire Constabulary,Gloucestershire Constabulary,-2.519207,51.723825,On or near Harrison Way,E01022254,Forest of Dean 009C,Anti-social behaviour,,
,2012-02,Gloucestershire Constabulary,Gloucestershire Constabulary,-2.518880,51.721794,On or near Mount Pleasant Close,E01022254,Forest of Dean 009C,Anti-social behaviour,,
,2012-02,Gloucestershire Constabulary,Gloucestershire Constabulary,-2.519207,51.723825,On or near Harrison Way,E01022254,Forest of Dean 009C,Anti-social behaviour,,
,2012-02,Gloucestershire Constabulary,Gloucestershire Constabulary,-2.520658,51.722838,On or near Hopes Close,E01022254,Forest of Dean 009C,Anti-social behaviour,,
,2012-02,Gloucestershire Constabulary,Gloucestershire Constabulary,-2.522297,51.723092,On or near Valley Road,E01022254,Forest of Dean 009C,Anti-social behaviour,,
,2012-02,Gloucestershire Constabulary,Gloucestershire Constabulary,-2.523419,51.722484,On or near Orchard Road,E01022254,Forest of Dean 009C,Anti-social behaviour,,
,2012-02,Gloucestershire Constabulary,Gloucestershire Constabulary,-2.519857,51.724928,On or near St Mary'S Square,E01022254,Forest of Dean 009C,Anti-social behaviour,,
,2012-02,Gloucestershire Constabulary,Gloucestershire Constabulary,-2.520177,51.721267,On or near Faller Fields,E01022254,Forest of Dean 009C,Anti-social behaviour,,
c85cdc2477bc63d65ecd0eb75252e2825f3cc061991282cd5e4afedda2e7722f,2012-02,Gloucestershire Constabulary,Gloucestershire Constabulary,-2.520658,51.722838,On or near Hopes Close,E01022254,Forest of Dean 009C,Criminal damage and arson,,
,2012-02,Gloucestershire Constabulary,Gloucestershire Constabulary,-2.524225,51.733360,On or near Augustus Way,E01022255,Forest of Dean 009D,Anti-social behaviour,,
f3870491aee2a3c7abe4d989b14b2b0b0dbe65cdcbd2b5a7f9a96889984e32b4,2012-02,Gloucestershire Constabulary,Gloucestershire Constabulary,-2.524015,51.728946,On or near Kimberley Close,E01022255,Forest of Dean 009D,Burglary,,
427142cc90b8e07809262b96a3bbbcca2688b39a750a3dc154ba4644189a43d9,2012-02,Gloucestershire Constabulary,Gloucestershire Constabulary,-2.522109,51.731958,On or near Caesars Close,E01022255,Forest of Dean 009D,Drugs,,
728856347a9275760c824f2206089c098c04304521d68518a3545ac2b2e3175c,2012-02,Gloucestershire Constabulary,Gloucestershire Constabulary,-2.523173,51.727530,On or near Bracken Drive,E01022255,Forest of Dean 009D,Other theft,,
,2012-02,Gloucestershire Constabulary,Gloucestershire Constabulary,-2.526748,51.726147,On or near Bus/Coach Station,E01022256,Forest of Dean 009E,Anti-social behaviour,,
,2012-02,Gloucestershire Constabulary,Gloucestershire Constabulary,-2.520573,51.725536,On or near Rodley Square,E01022256,Forest of Dean 009E,Anti-social behaviour,,
,2012-02,Gloucestershire Constabulary,Gloucestershire Constabulary,-2.529256,51.728941,On or near Albert Street,E01022256,Forest of Dean 009E,Anti-social behaviour,,
,2012-02,Gloucestershire Constabulary,Gloucestershire Constabulary,-2.527132,51.726802,On or near Hams Road,E01022256,Forest of Dean 009E,Anti-social behaviour,,
,2012-02,Gloucestershire Constabulary,Gloucestershire Constabulary,-2.520573,51.725536,On or near Rodley Square,E01022256,Forest of Dean 009E,Anti-social behaviour,,
,2012-02,Gloucestershire Constabulary,Gloucestershire Constabulary,-2.532652,51.729627,On or near Spring Meadow Road,E01022256,Forest of Dean 009E,Anti-social behaviour,,
,2012-02,Gloucestershire Constabulary,Gloucestershire Constabulary,-2.529566,51.726943,On or near Newerne Street,E01022256,Forest of Dean 009E,Anti-social behaviour,,
,2012-02,Gloucestershire Constabulary,Gloucestershire Constabulary,-2.527132,51.726802,On or near Hams Road,E01022256,Forest of Dean 009E,Anti-social behaviour,,
,2012-02,Gloucestershire Constabulary,Gloucestershire Constabulary,-2.525055,51.724986,On or near Tutnalls Street,E01022256,Forest of Dean 009E,Anti-social behaviour,,
,2012-02,Gloucestershire Constabulary,Gloucestershire Constabulary,-2.529566,51.726943,On or near Newerne Street,E01022256,Forest of Dean 009E,Anti-social behaviour,,
,2012-02,Gloucestershire Constabulary,Gloucestershire Constabulary,-2.529830,51.726016,On or near Regent Street,E01022256,Forest of Dean 009E,Anti-social behaviour,,
,2012-02,Gloucestershire Constabulary,Gloucestershire Constabulary,-2.526748,51.726147,On or near Bus/Coach Station,E01022256,Forest of Dean 009E,Anti-social behaviour,,
,2012-02,Gloucestershire Constabulary,Gloucestershire Constabulary,-2.530165,51.727390,On or near Supermarket,E01022256,Forest of Dean 009E,Anti-social behaviour,,
,2012-02,Gloucestershire Constabulary,Gloucestershire Constabulary,-2.522226,51.725780,On or near Jubilee Road,E01022256,Forest of Dean 009E,Anti-social behaviour,,
4593e32dc40fe89301b0b2994786e2e409a455be02b6be1deb052b04b96c02f4,2012-02,Gloucestershire Constabulary,Gloucestershire Constabulary,-2.529566,51.726943,On or near Newerne Street,E01022256,Forest of Dean 009E,Burglary,,
5e49a8c7901886522bc654dc05d80d4aa1a3ee5358c2a92561ea707e9b58012d,2012-02,Gloucestershire Constabulary,Gloucestershire Constabulary,-2.527132,51.726802,On or near Hams Road,E01022256,Forest of Dean 009E,Burglary,,
df0bcc1993c50c1856f9ac0cbaff0ee6d59bfb543d8bd9433fe1668814d03931,2012-02,Gloucestershire Constabulary,Gloucestershire Constabulary,-2.527132,51.726802,On or near Hams Road,E01022256,Forest of Dean 009E,Burglary,,
e33032d524c9f405b5d9e6dbc7175420360f7b8d159d16ab87b27af6f9436911,2012-02,Gloucestershire Constabulary,Gloucestershire Constabulary,-2.527132,51.726802,On or near Hams Road,E01022256,Forest of Dean 009E,Criminal damage and arson,,
9c396ebf1837184fad7d923ada5eaef2db0b942eb52bbc70f1aa4a8e8f9092a4,2012-02,Gloucestershire Constabulary,Gloucestershire Constabulary,-2.529566,51.726943,On or near Newerne Street,E01022256,Forest of Dean 009E,Criminal damage and arson,,
93f2698af561d66d5a4a77913b01a12d6fef4942e820c1da39eaa6d272cdf640,2012-02,Gloucestershire Constabulary,Gloucestershire Constabulary,-2.527700,51.722088,On or near Sports/Recreation Area,E01022256,Forest of Dean 009E,Criminal damage and arson,,
a395129601d11741f61d96b47095800c24175ada10c0fc9fed64990c52ea6410,2012-02,Gloucestershire Constabulary,Gloucestershire Constabulary,-2.527132,51.726802,On or near Hams Road,E01022256,Forest of Dean 009E,Other theft,Investigation complete; no suspect identified,
1b1615267838798994d8746964c5657264e1483be9c7c1049e18acf1276d9042,2012-02,Gloucestershire Constabulary,Gloucestershire Constabulary,-2.530994,51.725229,On or near Swan Road,E01022256,Forest of Dean 009E,Other theft,,
a4efc1d1f714ead153d2a5474e3db6ae91dc33d924c6f57712922c89050d0d95,2012-02,Gloucestershire Constabulary,Gloucestershire Constabulary,-2.532652,51.729627,On or near Spring Meadow Road,E01022256,Forest of Dean 009E,Other theft,,
db83444fe284653672bd0af1aeef00df892d88bb0d7e1e55d67056630fb18945,2012-02,Gloucestershire Constabulary,Gloucestershire Constabulary,-2.530165,51.727390,On or near Supermarket,E01022256,Forest of Dean 009E,Shoplifting,,
4b87bd826e02dd786a6826f184e0e13b038e28de4a209f3f98782ccbbedec91d,2012-02,Gloucestershire Constabulary,Gloucestershire Constabulary,-2.527132,51.726802,On or near Hams Road,E01022256,Forest of Dean 009E,Shoplifting,,
d1e837d47327524d444208165882ef24fcd36c037e1a075d874bd3c24945d356,2012-02,Gloucestershire Constabulary,Gloucestershire Constabulary,-2.527132,51.726802,On or near Hams Road,E01022256,Forest of Dean 009E,Shoplifting,,
e1cb85b737a5f8fef45b87d8e90f53d6c0daaa242795d1bad70d42a57d1d1fd2,2012-02,Gloucestershire Constabulary,Gloucestershire Constabulary,-2.530165,51.727390,On or near Supermarket,E01022256,Forest of Dean 009E,Shoplifting,,
4bdc2d3bd3bbef1fdaeb689b90ef7eb74af0c4cfed97bb25295a8b4485f9a4d3,2012-02,Gloucestershire Constabulary,Gloucestershire Constabulary,-2.529256,51.728941,On or near Albert Street,E01022256,Forest of Dean 009E,Violent crime,,
c9502c19e5b3c4eb4ae824994c6a49ed1f0d67c2a4877d6ba8c9cabe8f47b3dc,2012-02,Gloucestershire Constabulary,Gloucestershire Constabulary,-2.527132,51.726802,On or near Hams Road,E01022256,Forest of Dean 009E,Violent crime,,
afbe960e92f81c72b1c56289772a972c1614d3caa6cc69ab82732fef3f136ceb,2012-02,Gloucestershire Constabulary,Gloucestershire Constabulary,-2.522226,51.725780,On or near Jubilee Road,E01022256,Forest of Dean 009E,Other crime,,
,2012-02,Gloucestershire Constabulary,Gloucestershire Constabulary,-2.583744,51.697708,On or near Perry Field,E01022248,Forest of Dean 010A,Anti-social behaviour,,
,2012-02,Gloucestershire Constabulary,Gloucestershire Constabulary,-2.656696,51.714622,On or near Park/Open Space,E01022248,Forest of Dean 010A,Anti-social behaviour,,
e149727c7effd5dbcfcdbd266dade12e6e9de1ec4663d354a05b08b10860228c,2012-02,Gloucestershire Constabulary,Gloucestershire Constabulary,-2.593175,51.703019,On or near Elm Court,E01022248,Forest of Dean 010A,Criminal damage and arson,,
,2012-02,Gloucestershire Constabulary,Gloucestershire Constabulary,-2.656114,51.639422,On or near Arlington Court,E01022272,Forest of Dean 010B,Anti-social behaviour,,
,2012-02,Gloucestershire Constabulary,Gloucestershire Constabulary,-2.658426,51.640389,On or near Parking Area,E01022272,Forest of Dean 010B,Anti-social behaviour,,
,2012-02,Gloucestershire Constabulary,Gloucestershire Constabulary,-2.658083,51.636704,On or near Danes Hill,E01022272,Forest of Dean 010B,Anti-social behaviour,,
,2012-02,Gloucestershire Constabulary,Gloucestershire Constabulary,-2.658426,51.640389,On or near Parking Area,E01022272,Forest of Dean 010B,Anti-social behaviour,,
,2012-02,Gloucestershire Constabulary,Gloucestershire Constabulary,-2.656114,51.639422,On or near Arlington Court,E01022272,Forest of Dean 010B,Anti-social behaviour,,
,2012-02,Gloucestershire Constabulary,Gloucestershire Constabulary,-2.657824,51.641723,On or near Grahamstown Road,E01022272,Forest of Dean 010B,Anti-social behaviour,,
,2012-02,Gloucestershire Constabulary,Gloucestershire Constabulary,-2.656114,51.639422,On or near Arlington Court,E01022272,Forest of Dean 010B,Anti-social behaviour,,
6d41a1098dcc9d758eed0bc979cf699b0f5d2265fc823cba0c47d2793fe7ed68,2012-02,Gloucestershire Constabulary,Gloucestershire Constabulary,-2.656114,51.639422,On or near Arlington Court,E01022272,Forest of Dean 010B,Criminal damage and arson,,
6b9481be6b5c1ddbb41095b3203411f50252aab57c1e6aab87d507f38ffbe0e6,2012-02,Gloucestershire Constabulary,Gloucestershire Constabulary,-2.659335,51.639350,On or near Tallard'S Place,E01022272,Forest of Dean 010B,Criminal damage and arson,Local resolution,
ef50167f055dca7bacdef4950c528243800e98056d5ffd16faad6774fd6599c0,2012-02,Gloucestershire Constabulary,Gloucestershire Constabulary,-2.658426,51.640389,On or near Parking Area,E01022272,Forest of Dean 010B,Public disorder and weapons,Investigation complete; no suspect identified,
945f2dc72b3251bbac49781760fa783099bd01cd65c24b329709bcc1b01f2c24,2012-02,Gloucestershire Constabulary,Gloucestershire Constabulary,-2.659050,51.638587,On or near Penda Place,E01022272,Forest of Dean 010B,Public disorder and weapons,,
176edabf9e45f7b85908ca9d9023ee7380540526fd70bf64601f21f6ef7c4a98,2012-02,Gloucestershire Constabulary,Gloucestershire Constabulary,-2.659335,51.639350,On or near Tallard'S Place,E01022272,Forest of Dean 010B,Violent crime,,
6df4529664cd19e0ac31457995cc019f59540f0550c9da92bea5d54537b84030,2012-02,Gloucestershire Constabulary,Gloucestershire Constabulary,-2.655863,51.641024,On or near Park View,E01022272,Forest of Dean 010B,Violent crime,Offender given a caution,
,2012-02,Gloucestershire Constabulary,Gloucestershire Constabulary,-2.653852,51.633842,On or near Buttington Terrace,E01022273,Forest of Dean 010C,Anti-social behaviour,,
,2012-02,Gloucestershire Constabulary,Gloucestershire Constabulary,-2.653771,51.624230,On or near Ferry Way,E01022273,Forest of Dean 010C,Anti-social behaviour,,
,2012-02,Gloucestershire Constabulary,Gloucestershire Constabulary,-2.653852,51.633842,On or near Buttington Terrace,E01022273,Forest of Dean 010C,Anti-social behaviour,,
,2012-02,Gloucestershire Constabulary,Gloucestershire Constabulary,-2.658291,51.642053,On or near Grahamstown Grove,E01022274,Forest of Dean 010D,Anti-social behaviour,,
,2012-02,Gloucestershire Constabulary,Gloucestershire Constabulary,-2.663277,51.644093,On or near The Martins,E01022274,Forest of Dean 010D,Anti-social behaviour,,
,2012-02,Gloucestershire Constabulary,Gloucestershire Constabulary,-2.658385,51.646548,On or near Sedbury Lane,E01022274,Forest of Dean 010D,Anti-social behaviour,,
33ba8487c3bd3ef77ac9f91f0255ae759103c8a8475baddb594ee33f1e58881f,2012-02,Gloucestershire Constabulary,Gloucestershire Constabulary,-2.658385,51.646548,On or near Sedbury Lane,E01022274,Forest of Dean 010D,Criminal damage and arson,,
7d0f17b36dd55d9e4f8dc201bf99b668c734eecc45cc7e754ad481bcb8fee740,2012-02,Gloucestershire Constabulary,Gloucestershire Constabulary,-2.645717,51.661256,On or near Park/Open Space,E01022274,Forest of Dean 010D,Criminal damage and arson,,
,2012-02,Gloucestershire Constabulary,Gloucestershire Constabulary,-2.663858,51.646221,On or near Castle View,E01022275,Forest of Dean 010E,Anti-social behaviour,,
,2012-02,Gloucestershire Constabulary,Gloucestershire Constabulary,-2.667636,51.650587,On or near Silley'S Close,E01022275,Forest of Dean 010E,Anti-social behaviour,,
,2012-02,Gloucestershire Constabulary,Gloucestershire Constabulary,-2.663442,51.649433,On or near Elm Close,E01022275,Forest of Dean 010E,Anti-social behaviour,,
,2012-02,Gloucestershire Constabulary,Gloucestershire Constabulary,-2.667636,51.650587,On or near Silley'S Close,E01022275,Forest of Dean 010E,Anti-social behaviour,,
,2012-02,Gloucestershire Constabulary,Gloucestershire Constabulary,-2.667636,51.650587,On or near Silley'S Close,E01022275,Forest of Dean 010E,Anti-social behaviour,,
,2012-02,Gloucestershire Constabulary,Gloucestershire Constabulary,-2.666505,51.652284,On or near Coleford Road,E01022275,Forest of Dean 010E,Anti-social behaviour,,
,2012-02,Gloucestershire Constabulary,Gloucestershire Constabulary,-2.667636,51.650587,On or near Silley'S Close,E01022275,Forest of Dean 010E,Anti-social behaviour,,
,2012-02,Gloucestershire Constabulary,Gloucestershire Constabulary,-2.667636,51.650587,On or near Silley'S Close,E01022275,Forest of Dean 010E,Anti-social behaviour,,
,2012-02,Gloucestershire Constabulary,Gloucestershire Constabulary,-2.664724,51.648158,On or near Bigstone Close,E01022275,Forest of Dean 010E,Anti-social behaviour,,
,2012-02,Gloucestershire Constabulary,Gloucestershire Constabulary,-2.663858,51.646221,On or near Castle View,E01022275,Forest of Dean 010E,Anti-social behaviour,,
59fc97bd1036941cee5985f6a1e8e63073658c686dc6a60604a5bc9d20a072cb,2012-02,Gloucestershire Constabulary,Gloucestershire Constabulary,-2.664702,51.640722,On or near Wyebank Road,E01022275,Forest of Dean 010E,Burglary,Investigation complete; no suspect identified,
95fb91e17cf1fe774dcbb941649ebaa5c511858561c0092a0ac4e3a4bd88f7e1,2012-02,Gloucestershire Constabulary,Gloucestershire Constabulary,-2.664629,51.647538,On or near Bigstone Grove,E01022275,Forest of Dean 010E,Burglary,,
c154cdc91c3ef6299dec3e70285ec093232d8b3c341c2710deb02a9cf9e9b1d5,2012-02,Gloucestershire Constabulary,Gloucestershire Constabulary,-2.664060,51.638289,On or near Wyebank Way,E01022275,Forest of Dean 010E,Burglary,Investigation complete; no suspect identified,
a44513e69977eb385aad2631cdd4a5ab43fa1d5b2066103e6bbd97b9a4a3e683,2012-02,Gloucestershire Constabulary,Gloucestershire Constabulary,-2.664702,51.640722,On or near Wyebank Road,E01022275,Forest of Dean 010E,Criminal damage and arson,,
90b6bf3f3d5d92e328c85cd6610509e27e0872db21637b271a1ef95bc9d4c79e,2012-02,Gloucestershire Constabulary,Gloucestershire Constabulary,-2.669791,51.650638,On or near Mopla Road,E01022275,Forest of Dean 010E,Drugs,,
,2012-02,Gloucestershire Constabulary,Gloucestershire Constabulary,-2.225657,51.881550,On or near Alders Green,E01022313,Gloucester 001A,Anti-social behaviour,,
,2012-02,Gloucestershire Constabulary,Gloucestershire Constabulary,-2.215649,51.881946,On or near Gifford Close,E01022313,Gloucester 001A,Anti-social behaviour,,
,2012-02,Gloucestershire Constabulary,Gloucestershire Constabulary,-2.216932,51.882735,On or near Crispin Close,E01022313,Gloucester 001A,Anti-social behaviour,,
2084d5eeee708621faf322719e9efe0b9b91fdc16c1b289ef10209d30161b1a4,2012-02,Gloucestershire Constabulary,Gloucestershire Constabulary,-2.222403,51.881628,On or near Foxcote,E01022313,Gloucester 001A,Burglary,Investigation complete; no suspect identified,
cfd1312f7fca8abb2975ad8220eef2e7989cb8fe4492bea8e7375c00a47b3314,2012-02,Gloucestershire Constabulary,Gloucestershire Constabulary,-2.215364,51.882990,On or near Mandeville Close,E01022313,Gloucester 001A,Criminal damage and arson,,
d8e7a0896a17873af1a20194d69ab1f9a44e5d8fc9ad665660d2e5b50b09e60b,2012-02,Gloucestershire Constabulary,Gloucestershire Constabulary,-2.223277,51.879181,On or near Longford Lane,E01022313,Gloucester 001A,Vehicle crime,,
,2012-02,Gloucestershire Constabulary,Gloucestershire Constabulary,-2.213976,51.881356,On or near Innsworth Lane,E01022315,Gloucester 001B,Anti-social behaviour,,
,2012-02,Gloucestershire Constabulary,Gloucestershire Constabulary,-2.210220,51.879763,On or near Cotswold Gardens,E01022315,Gloucester 001B,Anti-social behaviour,,
,2012-02,Gloucestershire Constabulary,Gloucestershire Constabulary,-2.210338,51.877092,On or near Sports/Recreation Area,E01022315,Gloucester 001B,Anti-social behaviour,,
f0d1219c984edeeeba7560ed56cb0f8eeff8e7c5c921b2a165fcfa01ff2b9722,2012-02,Gloucestershire Constabulary,Gloucestershire Constabulary,-2.212288,51.880892,On or near Langdale Gardens,E01022315,Gloucester 001B,Burglary,Court result unavailable,
b6db80cf1dbddb50d24ea0e5c312ed9f69f964e4f9cf97cd3f625b054621a21f,2012-02,Gloucestershire Constabulary,Gloucestershire Constabulary,-2.210871,51.876048,On or near Leven Close,E01022315,Gloucester 001B,Burglary,,
a2b1bfea236815de357a3b48f0d35b623aec84138527014d5abcee6e876eb0f8,2012-02,Gloucestershire Constabulary,Gloucestershire Constabulary,-2.210338,51.877092,On or near Sports/Recreation Area,E01022315,Gloucester 001B,Criminal damage and arson,,
,2012-02,Gloucestershire Constabulary,Gloucestershire Constabulary,-2.200058,51.878108,On or near Pedestrian Subway,E01022316,Gloucester 001C,Anti-social behaviour,,
,2012-02,Gloucestershire Constabulary,Gloucestershire Constabulary,-2.202864,51.878472,On or near Canning Road,E01022316,Gloucester 001C,Anti-social behaviour,,
,2012-02,Gloucestershire Constabulary,Gloucestershire Constabulary,-2.204078,51.880295,On or near Tainmor Close,E01022316,Gloucester 001C,Anti-social behaviour,,
2246f5bdebb8c88e267e501533b19d0ddf31cd1fe1374aaaac3ba7fb1ab90f7c,2012-02,Gloucestershire Constabulary,Gloucestershire Constabulary,-2.202976,51.877662,On or near Maple Court,E01022316,Gloucester 001C,Burglary,,
b5bf408b4f5c9148fe9d976f4f371cc431430b37afd791424f3a86f5edcb4c73,2012-02,Gloucestershire Constabulary,Gloucestershire Constabulary,-2.205965,51.879959,On or near Calspick Way,E01022316,Gloucester 001C,Criminal damage and arson,,
,2012-02,Gloucestershire Constabulary,Gloucestershire Constabulary,-2.212328,51.873906,On or near Supermarket,E01022317,Gloucester 001D,Anti-social behaviour,,
65d71f727d2ed0380773c8af422abdec25e4eee01c7f9cf6e167a14bd93a9485,2012-02,Gloucestershire Constabulary,Gloucestershire Constabulary,-2.210530,51.874565,On or near Parking Area,E01022317,Gloucester 001D,Other theft,Investigation complete; no suspect identified,
61a19a1644d7158c7d350a4473412491104e0e85cacc95f69a1d08193dcbaaac,2012-02,Gloucestershire Constabulary,Gloucestershire Constabulary,-2.214829,51.874495,On or near Windermere Road,E01022317,Gloucester 001D,Vehicle crime,,
9d775ca5d5223b6121ec7a6a2c3bab4afddab90a2475220988fb438d643acf54,2012-02,Gloucestershire Constabulary,Gloucestershire Constabulary,-2.214829,51.874495,On or near Windermere Road,E01022317,Gloucester 001D,Vehicle crime,,
0a44192fff0c48a0b3eec4cdfb080e2d4d88856890d0f49dda31c5ccd00f36e8,2012-02,Gloucestershire Constabulary,Gloucestershire Constabulary,-2.212328,51.873906,On or near Supermarket,E01022317,Gloucester 001D,Vehicle crime,,
,2012-02,Gloucestershire Constabulary,Gloucestershire Constabulary,-2.220961,51.877900,On or near Longland Gardens,E01022318,Gloucester 001E,Anti-social behaviour,,
,2012-02,Gloucestershire Constabulary,Gloucestershire Constabulary,-2.234698,51.874133,On or near North Road,E01022309,Gloucester 002A,Anti-social behaviour,,
,2012-02,Gloucestershire Constabulary,Gloucestershire Constabulary,-2.236901,51.870469,On or near Oxford Road,E01022309,Gloucester 002A,Anti-social behaviour,,
,2012-02,Gloucestershire Constabulary,Gloucestershire Constabulary,-2.231946,51.872736,On or near Lansdown Road,E01022309,Gloucester 002A,Anti-social behaviour,,
792e307ea837adb56b6a62064a0a9e5449ea0b7692c2324fc9d98baf2fcf8ace,2012-02,Gloucestershire Constabulary,Gloucestershire Constabulary,-2.234698,51.874133,On or near North Road,E01022309,Gloucester 002A,Burglary,Investigation complete; no suspect identified,
efed7df2e27b10de6c76e79e312f3dd3328f1848a17788770fbb7718e21966c7,2012-02,Gloucestershire Constabulary,Gloucestershire Constabulary,-2.236901,51.870469,On or near Oxford Road,E01022309,Gloucester 002A,Burglary,,
b3419eeab4735bdd89951cd39fde0f44cd0768b5faf55fac1886f42885e3551d,2012-02,Gloucestershire Constabulary,Gloucestershire Constabulary,-2.239627,51.872289,On or near Sebert Street,E01022309,Gloucester 002A,Burglary,,
34af164f07650ed3800730e83ddf916f5a0840b151a8cf0a8626373742403781,2012-02,Gloucestershire Constabulary,Gloucestershire Constabulary,-2.235753,51.870202,On or near Honyatt Road,E01022309,Gloucester 002A,Public disorder and weapons,,
33ba45ff531cef0f1eaa2e60e209da9ca3567bcd09a19dce8c4aecd144570b3d,2012-02,Gloucestershire Constabulary,Gloucestershire Constabulary,-2.233969,51.870718,On or near Heathville Road,E01022309,Gloucester 002A,Violent crime,,
7bd42c3b48dbfdeb0e08ce4945306c064aaef8c9b73e76eb20e579d8dcc04a41,2012-02,Gloucestershire Constabulary,Gloucestershire Constabulary,-2.236901,51.870469,On or near Oxford Road,E01022309,Gloucester 002A,Violent crime,,
30406dc4139ca9576d975eb9c01766ddd676bd1ba7cd26fdfcc70a1ae38924ed,2012-02,Gloucestershire Constabulary,Gloucestershire Constabulary,-2.234394,51.871454,On or near Denmark Road,E01022309,Gloucester 002A,Violent crime,,
,2012-02,Gloucestershire Constabulary,Gloucestershire Constabulary,-2.242565,51.873020,On or near Edwy Parade,E01022310,Gloucester 002B,Anti-social behaviour,,
,2012-02,Gloucestershire Constabulary,Gloucestershire Constabulary,-2.244079,51.873583,On or near Dean'S Terrace,E01022310,Gloucester 002B,Anti-social behaviour,,
,2012-02,Gloucestershire Constabulary,Gloucestershire Constabulary,-2.241227,51.872600,On or near Kingsholm Road,E01022310,Gloucester 002B,Anti-social behaviour,,
,2012-02,Gloucestershire Constabulary,Gloucestershire Constabulary,-2.245443,51.870622,On or near Dean'S Walk,E01022310,Gloucester 002B,Anti-social behaviour,,
,2012-02,Gloucestershire Constabulary,Gloucestershire Constabulary,-2.241227,51.872600,On or near Kingsholm Road,E01022310,Gloucester 002B,Anti-social behaviour,,
,2012-02,Gloucestershire Constabulary,Gloucestershire Constabulary,-2.242565,51.873020,On or near Edwy Parade,E01022310,Gloucester 002B,Anti-social behaviour,,
,2012-02,Gloucestershire Constabulary,Gloucestershire Constabulary,-2.244079,51.873583,On or near Dean'S Terrace,E01022310,Gloucester 002B,Anti-social behaviour,,
,2012-02,Gloucestershire Constabulary,Gloucestershire Constabulary,-2.242565,51.873020,On or near Edwy Parade,E01022310,Gloucester 002B,Anti-social behaviour,,
,2012-02,Gloucestershire Constabulary,Gloucestershire Constabulary,-2.242565,51.873020,On or near Edwy Parade,E01022310,Gloucester 002B,Anti-social behaviour,,
,2012-02,Gloucestershire Constabulary,Gloucestershire Constabulary,-2.245443,51.870622,On or near Dean'S Walk,E01022310,Gloucester 002B,Anti-social behaviour,,
,2012-02,Gloucestershire Constabulary,Gloucestershire Constabulary,-2.241227,51.872600,On or near Kingsholm Road,E01022310,Gloucester 002B,Anti-social behaviour,,
,2012-02,Gloucestershire Constabulary,Gloucestershire Constabulary,-2.245443,51.870622,On or near Dean'S Walk,E01022310,Gloucester 002B,Anti-social behaviour,,
,2012-02,Gloucestershire Constabulary,Gloucestershire Constabulary,-2.245443,51.870622,On or near Dean'S Walk,E01022310,Gloucester 002B,Anti-social behaviour,,
,2012-02,Gloucestershire Constabulary,Gloucestershire Constabulary,-2.245218,51.874678,On or near Lawrence Way,E01022310,Gloucester 002B,Anti-social behaviour,,
,2012-02,Gloucestershire Constabulary,Gloucestershire Constabulary,-2.245218,51.874678,On or near Lawrence Way,E01022310,Gloucester 002B,Anti-social behaviour,,
,2012-02,Gloucestershire Constabulary,Gloucestershire Constabulary,-2.244572,51.870849,On or near Serlo Road,E01022310,Gloucester 002B,Anti-social behaviour,,
,2012-02,Gloucestershire Constabulary,Gloucestershire Constabulary,-2.242565,51.873020,On or near Edwy Parade,E01022310,Gloucester 002B,Anti-social behaviour,,
eea3ce0b3adb0ab5c47b1d0e8ca74f15a0ccb7b5a6eb0966511ea20dfe3cc56e,2012-02,Gloucestershire Constabulary,Gloucestershire Constabulary,-2.241742,51.876627,On or near Greville Close,E01022310,Gloucester 002B,Criminal damage and arson,,
8b3d23d1a65ef9b1443bcdf48079957b4c05239ccd3338dfa6b79f7be3e3d87a,2012-02,Gloucestershire Constabulary,Gloucestershire Constabulary,-2.244721,51.879552,On or near Sandhurst Lane,E01022310,Gloucester 002B,Criminal damage and arson,,
fece2d1416a567cb5ba999a09d7816e53613c2743b5649b527d5fc6de64ff28f,2012-02,Gloucestershire Constabulary,Gloucestershire Constabulary,-2.244560,51.873879,On or near Deans Row,E01022310,Gloucester 002B,Criminal damage and arson,,
f175e4f815ebdf0474cb92a5a131f29c088d354b645f318433df8fbf414258af,2012-02,Gloucestershire Constabulary,Gloucestershire Constabulary,-2.240588,51.872619,On or near Vine Terrace,E01022310,Gloucester 002B,Criminal damage and arson,,
3ea6bc705ea55bd07e1d2fc16358eb1d375d2af83c5aff8963a088314dfa9559,2012-02,Gloucestershire Constabulary,Gloucestershire Constabulary,-2.245443,51.870622,On or near Dean'S Walk,E01022310,Gloucester 002B,Criminal damage and arson,,
59a8a56374573de59e91292a7da831266520454ba7b04206b65828fdad2c26e6,2012-02,Gloucestershire Constabulary,Gloucestershire Constabulary,-2.247047,51.871779,On or near Mercia Road,E01022310,Gloucester 002B,Other theft,,
7d65afe7fe6f392420274f45a67098e7750bb14a1bf823d854d87f830b6a0b6f,2012-02,Gloucestershire Constabulary,Gloucestershire Constabulary,-2.247047,51.871779,On or near Mercia Road,E01022310,Gloucester 002B,Other theft,,
6b7807b3bad52448d6aee4030600a7d842bbae284de41de3b27cd5563487e51c,2012-02,Gloucestershire Constabulary,Gloucestershire Constabulary,-2.245218,51.874678,On or near Lawrence Way,E01022310,Gloucester 002B,Shoplifting,,
fa230c6f004e60685ca9aee5df714edf20dd775572f4c7478e7c3b2b4b7354d6,2012-02,Gloucestershire Constabulary,Gloucestershire Constabulary,-2.241719,51.875018,On or near Sandhurst Road,E01022310,Gloucester 002B,Vehicle crime,,
4a64a8236a3969dafe0fd98f2c0b8d32b8da12b8edc8e4c855300d8d00e0540e,2012-02,Gloucestershire Constabulary,Gloucestershire Constabulary,-2.241450,51.879091,On or near Westfield Terrace,E01022310,Gloucester 002B,Vehicle crime,,
a4eb28660172e89c139a65f55808f1a63232c136cdcc195198c9e23725162d9d,2012-02,Gloucestershire Constabulary,Gloucestershire Constabulary,-2.247047,51.871779,On or near Mercia Road,E01022310,Gloucester 002B,Other crime,Investigation complete; no suspect identified,
adf281869cd1a531b6e8c21495903f38b5f8e6cf8c782b11f7218592351f189e,2012-02,Gloucestershire Constabulary,Gloucestershire Constabulary,-2.244560,51.873879,On or near Deans Row,E01022310,Gloucester 002B,Other crime,Court result unavailable,
,2012-02,Gloucestershire Constabulary,Gloucestershire Constabulary,-2.240195,51.864349,On or near Station Road,E01022311,Gloucester 002C,Anti-social behaviour,,
,2012-02,Gloucestershire Constabulary,Gloucestershire Constabulary,-2.232244,51.868653,On or near London Road,E01022311,Gloucester 002C,Anti-social behaviour,,
,2012-02,Gloucestershire Constabulary,Gloucestershire Constabulary,-2.242224,51.869002,On or near Worcester Street,E01022311,Gloucester 002C,Anti-social behaviour,,
,2012-02,Gloucestershire Constabulary,Gloucestershire Constabulary,-2.240195,51.864349,On or near Station Road,E01022311,Gloucester 002C,Anti-social behaviour,,
,2012-02,Gloucestershire Constabulary,Gloucestershire Constabulary,-2.243927,51.869780,On or near St Catherine Street,E01022311,Gloucester 002C,Anti-social behaviour,,
,2012-02,Gloucestershire Constabulary,Gloucestershire Constabulary,-2.227464,51.868204,On or near Royal Lane,E01022311,Gloucester 002C,Anti-social behaviour,,
,2012-02,Gloucestershire Constabulary,Gloucestershire Constabulary,-2.232244,51.868653,On or near London Road,E01022311,Gloucester 002C,Anti-social behaviour,,
,2012-02,Gloucestershire Constabulary,Gloucestershire Constabulary,-2.233315,51.867833,On or near Hyde Lane,E01022311,Gloucester 002C,Anti-social behaviour,,
,2012-02,Gloucestershire Constabulary,Gloucestershire Constabulary,-2.233315,51.867833,On or near Hyde Lane,E01022311,Gloucester 002C,Anti-social behaviour,,
,2012-02,Gloucestershire Constabulary,Gloucestershire Constabulary,-2.238598,51.864532,On or near Bruton Way,E01022311,Gloucester 002C,Anti-social behaviour,,
,2012-02,Gloucestershire Constabulary,Gloucestershire Constabulary,-2.240929,51.868627,On or near Clarence Row,E01022311,Gloucester 002C,Anti-social behaviour,,
,2012-02,Gloucestershire Constabulary,Gloucestershire Constabulary,-2.241300,51.869993,On or near Worcester Parade,E01022311,Gloucester 002C,Anti-social behaviour,,
,2012-02,Gloucestershire Constabulary,Gloucestershire Constabulary,-2.232244,51.868653,On or near London Road,E01022311,Gloucester 002C,Anti-social behaviour,,
,2012-02,Gloucestershire Constabulary,Gloucestershire Constabulary,-2.242224,51.869002,On or near Worcester Street,E01022311,Gloucester 002C,Anti-social behaviour,,
,2012-02,Gloucestershire Constabulary,Gloucestershire Constabulary,-2.237001,51.867331,On or near Claremont Road,E01022311,Gloucester 002C,Anti-social behaviour,,
,2012-02,Gloucestershire Constabulary,Gloucestershire Constabulary,-2.232244,51.868653,On or near London Road,E01022311,Gloucester 002C,Anti-social behaviour,,
,2012-02,Gloucestershire Constabulary,Gloucestershire Constabulary,-2.238530,51.868164,On or near Oxford Street,E01022311,Gloucester 002C,Anti-social behaviour,,
,2012-02,Gloucestershire Constabulary,Gloucestershire Constabulary,-2.234521,51.867974,On or near Newland Street,E01022311,Gloucester 002C,Anti-social behaviour,,
,2012-02,Gloucestershire Constabulary,Gloucestershire Constabulary,-2.234521,51.867974,On or near Newland Street,E01022311,Gloucester 002C,Anti-social behaviour,,
,2012-02,Gloucestershire Constabulary,Gloucestershire Constabulary,-2.232244,51.868653,On or near London Road,E01022311,Gloucester 002C,Anti-social behaviour,,
,2012-02,Gloucestershire Constabulary,Gloucestershire Constabulary,-2.242224,51.869002,On or near Worcester Street,E01022311,Gloucester 002C,Anti-social behaviour,,
,2012-02,Gloucestershire Constabulary,Gloucestershire Constabulary,-2.237001,51.867331,On or near Claremont Road,E01022311,Gloucester 002C,Anti-social behaviour,,
,2012-02,Gloucestershire Constabulary,Gloucestershire Constabulary,-2.240073,51.868656,On or near Alvin Street,E01022311,Gloucester 002C,Anti-social behaviour,,
,2012-02,Gloucestershire Constabulary,Gloucestershire Constabulary,-2.237001,51.867331,On or near Claremont Road,E01022311,Gloucester 002C,Anti-social behaviour,,
,2012-02,Gloucestershire Constabulary,Gloucestershire Constabulary,-2.238699,51.867166,On or near Wellington Parade,E01022311,Gloucester 002C,Anti-social behaviour,,
,2012-02,Gloucestershire Constabulary,Gloucestershire Constabulary,-2.241300,51.869993,On or near Worcester Parade,E01022311,Gloucester 002C,Anti-social behaviour,,
,2012-02,Gloucestershire Constabulary,Gloucestershire Constabulary,-2.238699,51.867166,On or near Wellington Parade,E01022311,Gloucester 002C,Anti-social behaviour,,
,2012-02,Gloucestershire Constabulary,Gloucestershire Constabulary,-2.240073,51.868656,On or near Alvin Street,E01022311,Gloucester 002C,Anti-social behaviour,,
,2012-02,Gloucestershire Constabulary,Gloucestershire Constabulary,-2.242224,51.869002,On or near Worcester Street,E01022311,Gloucester 002C,Anti-social behaviour,,
9aeca3fc055b5ef74c859c992943ae6679bae69c2680a66387375ff4d940591f,2012-02,Gloucestershire Constabulary,Gloucestershire Constabulary,-2.240929,51.868627,On or near Clarence Row,E01022311,Gloucester 002C,Burglary,Investigation complete; no suspect identified,
5ff5e91df5b4689ad1c68638ad8c509e6dd1331e7aaa004899aef421b66aaf00,2012-02,Gloucestershire Constabulary,Gloucestershire Constabulary,-2.240073,51.868656,On or near Alvin Street,E01022311,Gloucester 002C,Burglary,,
e77d8814d3b4ad3220a0e092750dd4ac5b0d3e3b5a8ec09803c7ae402120ba00,2012-02,Gloucestershire Constabulary,Gloucestershire Constabulary,-2.234521,51.867974,On or near Newland Street,E01022311,Gloucester 002C,Burglary,,
e1049ba010585a03adcbaede8a5feb67db4a0639127b615ea33f7df57f1a027e,2012-02,Gloucestershire Constabulary,Gloucestershire Constabulary,-2.240929,51.868627,On or near Clarence Row,E01022311,Gloucester 002C,Burglary,,
3b114d9684af5889544514ffe9d01d81f18fd2611485661998c85c18d676f81e,2012-02,Gloucestershire Constabulary,Gloucestershire Constabulary,-2.240929,51.868627,On or near Clarence Row,E01022311,Gloucester 002C,Burglary,,
43a56257c7bbc6bc5a46a488484b2798892adcc4f2b69cb054788c3c37e02c1c,2012-02,Gloucestershire Constabulary,Gloucestershire Constabulary,-2.243927,51.869780,On or near St Catherine Street,E01022311,Gloucester 002C,Criminal damage and arson,Investigation complete; no suspect identified,
1e610ce708def6d8dfa772d047f1130a733b67091d77164f3a6e863a1348728d,2012-02,Gloucestershire Constabulary,Gloucestershire Constabulary,-2.240566,51.871352,On or near Swan Road,E01022311,Gloucester 002C,Criminal damage and arson,,
98e025c85640de74313227a2f3a4af0fdc7609a5e512bf2df4909281fc03c3dd,2012-02,Gloucestershire Constabulary,Gloucestershire Constabulary,-2.237001,51.867331,On or near Claremont Road,E01022311,Gloucester 002C,Criminal damage and arson,,
a2fa64859d0651fb755d18a85b436f36fb60b136aca9ba9009585a407ad776c5,2012-02,Gloucestershire Constabulary,Gloucestershire Constabulary,-2.238699,51.867166,On or near Wellington Parade,E01022311,Gloucester 002C,Drugs,Offender given suspended prison sentence,
0c163db66505cbdfd9149cddce97558dc3aac47bf37d8148435f6d06e382313b,2012-02,Gloucestershire Constabulary,Gloucestershire Constabulary,-2.239660,51.867479,On or near Petrol Station,E01022311,Gloucester 002C,Other theft,,
a69d8beddafa0457c04052cd4c884810339b3a3754d8eabbdc8e3e57d553b294,2012-02,Gloucestershire Constabulary,Gloucestershire Constabulary,-2.240566,51.871352,On or near Swan Road,E01022311,Gloucester 002C,Other theft,,
fa5ca8eb0599b601cf6cd1d593798da89a6a3617c1cd4c4b3e76b879b1968ca2,2012-02,Gloucestershire Constabulary,Gloucestershire Constabulary,-2.237001,51.867331,On or near Claremont Road,E01022311,Gloucester 002C,Other theft,,
f197f75e0271de5a426dfc23af63ea7372b293b49455a7bd42d4c24d00ea91f3,2012-02,Gloucestershire Constabulary,Gloucestershire Constabulary,-2.243927,51.869780,On or near St Catherine Street,E01022311,Gloucester 002C,Other theft,,
4adccd1214370b2d4ffcd37b9c66d8581b0da25a6e8c1fc8a2a935a549a36051,2012-02,Gloucestershire Constabulary,Gloucestershire Constabulary,-2.231689,51.867980,On or near Hyde Close,E01022311,Gloucester 002C,Vehicle crime,Defendant found not guilty,
60905968e95e5e9a47d5195e8bc1571a9b9fdb862aedbff3f3654f087babec64,2012-02,Gloucestershire Constabulary,Gloucestershire Constabulary,-2.239660,51.867479,On or near Petrol Station,E01022311,Gloucester 002C,Vehicle crime,,
f6a55df48d8a4f460bbdab18b64bbecba535d3796b106d431707935bd71e68b2,2012-02,Gloucestershire Constabulary,Gloucestershire Constabulary,-2.234521,51.867974,On or near Newland Street,E01022311,Gloucester 002C,Violent crime,Investigation complete; no suspect identified,
a3ee6b997c1eb9ea4b5e3c24079fe8f9cd52c6b1e2037340e629bff296bc62a0,2012-02,Gloucestershire Constabulary,Gloucestershire Constabulary,-2.237001,51.867331,On or near Claremont Road,E01022311,Gloucester 002C,Violent crime,,
02e114e72e32d22e1ec17c848e8164c5512498b0c70ad744a7f55acd39737176,2012-02,Gloucestershire Constabulary,Gloucestershire Constabulary,-2.242224,51.869002,On or near Worcester Street,E01022311,Gloucester 002C,Violent crime,,
a0acf4b3a2563f41403357041827cf4d2cf741e8d7786bc34c040703ef3c4b25,2012-02,Gloucestershire Constabulary,Gloucestershire Constabulary,-2.234521,51.867974,On or near Newland Street,E01022311,Gloucester 002C,Violent crime,,
bad9cc76b7923479497339951a036d433129f4fc17d404535a77acdacc298e79,2012-02,Gloucestershire Constabulary,Gloucestershire Constabulary,-2.242224,51.869002,On or near Worcester Street,E01022311,Gloucester 002C,Violent crime,,
ceb7732212b745c0f7c67376d884b9c039095aeadc50563c1728717506e9d3ea,2012-02,Gloucestershire Constabulary,Gloucestershire Constabulary,-2.237001,51.867331,On or near Claremont Road,E01022311,Gloucester 002C,Other crime,Local resolution,
,2012-02,Gloucestershire Constabulary,Gloucestershire Constabulary,-2.228977,51.865908,On or near Pillowell Drive,E01022312,Gloucester 002D,Anti-social behaviour,,
,2012-02,Gloucestershire Constabulary,Gloucestershire Constabulary,-2.228001,51.865254,On or near The Crescent,E01022312,Gloucester 002D,Anti-social behaviour,,
,2012-02,Gloucestershire Constabulary,Gloucestershire Constabulary,-2.228977,51.865908,On or near Pillowell Drive,E01022312,Gloucester 002D,Anti-social behaviour,,
,2012-02,Gloucestershire Constabulary,Gloucestershire Constabulary,-2.228977,51.865908,On or near Pillowell Drive,E01022312,Gloucester 002D,Anti-social behaviour,,
,2012-02,Gloucestershire Constabulary,Gloucestershire Constabulary,-2.228109,51.866504,On or near Mayhill Way,E01022312,Gloucester 002D,Anti-social behaviour,,
,2012-02,Gloucestershire Constabulary,Gloucestershire Constabulary,-2.228109,51.866504,On or near Mayhill Way,E01022312,Gloucester 002D,Anti-social behaviour,,
,2012-02,Gloucestershire Constabulary,Gloucestershire Constabulary,-2.228651,51.864560,On or near Harescombe Drive,E01022312,Gloucester 002D,Anti-social behaviour,,
,2012-02,Gloucestershire Constabulary,Gloucestershire Constabulary,-2.228109,51.866504,On or near Mayhill Way,E01022312,Gloucester 002D,Anti-social behaviour,,
,2012-02,Gloucestershire Constabulary,Gloucestershire Constabulary,-2.232627,51.869713,On or near Alexandra Road,E01022312,Gloucester 002D,Anti-social behaviour,,
,2012-02,Gloucestershire Constabulary,Gloucestershire Constabulary,-2.228109,51.866504,On or near Mayhill Way,E01022312,Gloucester 002D,Anti-social behaviour,,
,2012-02,Gloucestershire Constabulary,Gloucestershire Constabulary,-2.232627,51.869713,On or near Alexandra Road,E01022312,Gloucester 002D,Anti-social behaviour,,
,2012-02,Gloucestershire Constabulary,Gloucestershire Constabulary,-2.228651,51.864560,On or near Harescombe Drive,E01022312,Gloucester 002D,Anti-social behaviour,,
,2012-02,Gloucestershire Constabulary,Gloucestershire Constabulary,-2.228109,51.866504,On or near Mayhill Way,E01022312,Gloucester 002D,Anti-social behaviour,,
,2012-02,Gloucestershire Constabulary,Gloucestershire Constabulary,-2.232627,51.869713,On or near Alexandra Road,E01022312,Gloucester 002D,Anti-social behaviour,,
,2012-02,Gloucestershire Constabulary,Gloucestershire Constabulary,-2.228109,51.866504,On or near Mayhill Way,E01022312,Gloucester 002D,Anti-social behaviour,,
,2012-02,Gloucestershire Constabulary,Gloucestershire Constabulary,-2.228109,51.866504,On or near Mayhill Way,E01022312,Gloucester 002D,Anti-social behaviour,,
,2012-02,Gloucestershire Constabulary,Gloucestershire Constabulary,-2.232627,51.869713,On or near Alexandra Road,E01022312,Gloucester 002D,Anti-social behaviour,,
,2012-02,Gloucestershire Constabulary,Gloucestershire Constabulary,-2.228109,51.866504,On or near Mayhill Way,E01022312,Gloucester 002D,Anti-social behaviour,,
,2012-02,Gloucestershire Constabulary,Gloucestershire Constabulary,-2.228109,51.866504,On or near Mayhill Way,E01022312,Gloucester 002D,Anti-social behaviour,,
,2012-02,Gloucestershire Constabulary,Gloucestershire Constabulary,-2.228977,51.865908,On or near Pillowell Drive,E01022312,Gloucester 002D,Anti-social behaviour,,
,2012-02,Gloucestershire Constabulary,Gloucestershire Constabulary,-2.228977,51.865908,On or near Pillowell Drive,E01022312,Gloucester 002D,Anti-social behaviour,,
,2012-02,Gloucestershire Constabulary,Gloucestershire Constabulary,-2.223716,51.868049,On or near A38,E01022312,Gloucester 002D,Anti-social behaviour,,
,2012-02,Gloucestershire Constabulary,Gloucestershire Constabulary,-2.228977,51.865908,On or near Pillowell Drive,E01022312,Gloucester 002D,Anti-social behaviour,,
,2012-02,Gloucestershire Constabulary,Gloucestershire Constabulary,-2.228977,51.865908,On or near Pillowell Drive,E01022312,Gloucester 002D,Anti-social behaviour,,
,2012-02,Gloucestershire Constabulary,Gloucestershire Constabulary,-2.228109,51.866504,On or near Mayhill Way,E01022312,Gloucester 002D,Anti-social behaviour,,
,2012-02,Gloucestershire Constabulary,Gloucestershire Constabulary,-2.228001,51.865254,On or near The Crescent,E01022312,Gloucester 002D,Anti-social behaviour,,
,2012-02,Gloucestershire Constabulary,Gloucestershire Constabulary,-2.228109,51.866504,On or near Mayhill Way,E01022312,Gloucester 002D,Anti-social behaviour,,
,2012-02,Gloucestershire Constabulary,Gloucestershire Constabulary,-2.225406,51.869134,On or near Kenilworth Avenue,E01022312,Gloucester 002D,Anti-social behaviour,,
,2012-02,Gloucestershire Constabulary,Gloucestershire Constabulary,-2.228001,51.865254,On or near The Crescent,E01022312,Gloucester 002D,Anti-social behaviour,,
,2012-02,Gloucestershire Constabulary,Gloucestershire Constabulary,-2.228001,51.865254,On or near The Crescent,E01022312,Gloucester 002D,Anti-social behaviour,,
,2012-02,Gloucestershire Constabulary,Gloucestershire Constabulary,-2.228977,51.865908,On or near Pillowell Drive,E01022312,Gloucester 002D,Anti-social behaviour,,
,2012-02,Gloucestershire Constabulary,Gloucestershire Constabulary,-2.232627,51.869713,On or near Alexandra Road,E01022312,Gloucester 002D,Anti-social behaviour,,
,2012-02,Gloucestershire Constabulary,Gloucestershire Constabulary,-2.232627,51.869713,On or near Alexandra Road,E01022312,Gloucester 002D,Anti-social behaviour,,
,2012-02,Gloucestershire Constabulary,Gloucestershire Constabulary,-2.228109,51.866504,On or near Mayhill Way,E01022312,Gloucester 002D,Anti-social behaviour,,
,2012-02,Gloucestershire Constabulary,Gloucestershire Constabulary,-2.228109,51.866504,On or near Mayhill Way,E01022312,Gloucester 002D,Anti-social behaviour,,
,2012-02,Gloucestershire Constabulary,Gloucestershire Constabulary,-2.228109,51.866504,On or near Mayhill Way,E01022312,Gloucester 002D,Anti-social behaviour,,
,2012-02,Gloucestershire Constabulary,Gloucestershire Constabulary,-2.228109,51.866504,On or near Mayhill Way,E01022312,Gloucester 002D,Anti-social behaviour,,
,2012-02,Gloucestershire Constabulary,Gloucestershire Constabulary,-2.232627,51.869713,On or near Alexandra Road,E01022312,Gloucester 002D,Anti-social behaviour,,
,2012-02,Gloucestershire Constabulary,Gloucestershire Constabulary,-2.228651,51.864560,On or near Harescombe Drive,E01022312,Gloucester 002D,Anti-social behaviour,,
,2012-02,Gloucestershire Constabulary,Gloucestershire Constabulary,-2.228977,51.865908,On or near Pillowell Drive,E01022312,Gloucester 002D,Anti-social behaviour,,
,2012-02,Gloucestershire Constabulary,Gloucestershire Constabulary,-2.228109,51.866504,On or near Mayhill Way,E01022312,Gloucester 002D,Anti-social behaviour,,
b26c2edffe2badd3940cc2289929d4f541be041c852b9eef28db08400beaf293,2012-02,Gloucestershire Constabulary,Gloucestershire Constabulary,-2.232627,51.869713,On or near Alexandra Road,E01022312,Gloucester 002D,Burglary,Investigation complete; no suspect identified,
8820df2f8be0514baaccce84ad40276e8fa470496dd524428355e399e355b6e3,2012-02,Gloucestershire Constabulary,Gloucestershire Constabulary,-2.228977,51.865908,On or near Pillowell Drive,E01022312,Gloucester 002D,Burglary,,
0770b3ab298c001e7b33319f9d9a17cd8701bcf16cafed30cd2b8381b06efb67,2012-02,Gloucestershire Constabulary,Gloucestershire Constabulary,-2.232627,51.869713,On or near Alexandra Road,E01022312,Gloucester 002D,Burglary,Investigation complete; no suspect identified,
f52e58a160975892f27db5af4de0b3e83aff4528ff3fc88e2be8624d840ca610,2012-02,Gloucestershire Constabulary,Gloucestershire Constabulary,-2.232627,51.869713,On or near Alexandra Road,E01022312,Gloucester 002D,Criminal damage and arson,Investigation complete; no suspect identified,
1351ec80923615e99f244552fb530d76fbc941d491e4d0ad433a00b61f0224f2,2012-02,Gloucestershire Constabulary,Gloucestershire Constabulary,-2.226150,51.863891,On or near Peart Close,E01022312,Gloucester 002D,Drugs,Offender given community sentence,
7c59e0e756976be4025614bc5ffc8f174e58f50ce6b1bb092f9e2c48a82dff5f,2012-02,Gloucestershire Constabulary,Gloucestershire Constabulary,-2.228977,51.865908,On or near Pillowell Drive,E01022312,Gloucester 002D,Other theft,,
aee072206e565b233dd4131bdeb6c492bb918223da8bf480d9c37e4b8c42235d,2012-02,Gloucestershire Constabulary,Gloucestershire Constabulary,-2.228977,51.865908,On or near Pillowell Drive,E01022312,Gloucester 002D,Other theft,,
f9b388f33da25a6f5df6806687ffbaed61c1e4e9c4eb73f775270b5f4d78b801,2012-02,Gloucestershire Constabulary,Gloucestershire Constabulary,-2.228977,51.865908,On or near Pillowell Drive,E01022312,Gloucester 002D,Public disorder and weapons,Offender given conditional discharge,
a82aec5058233f3cc70e759ec58f94072fbf2e2b5333d148f8697a9900c392ee,2012-02,Gloucestershire Constabulary,Gloucestershire Constabulary,-2.224758,51.864469,On or near Coltman Close,E01022312,Gloucester 002D,Vehicle crime,Suspect charged as part of another case,
5dae97061458547416a683be766df6130d22d06c71e52e921a3ba3ea5f23fdaa,2012-02,Gloucestershire Constabulary,Gloucestershire Constabulary,-2.228109,51.866504,On or near Mayhill Way,E01022312,Gloucester 002D,Vehicle crime,Suspect charged as part of another case,
80399adf55ae59e542a3aace61d3988b432767953bbc8283f5cac68b1ef15c5e,2012-02,Gloucestershire Constabulary,Gloucestershire Constabulary,-2.224758,51.864469,On or near Coltman Close,E01022312,Gloucester 002D,Vehicle crime,Suspect charged as part of another case,
90e5c9fccf3292986c53cf35d015cd04cc0501b8c4d64297d518f89e71f22975,2012-02,Gloucestershire Constabulary,Gloucestershire Constabulary,-2.228001,51.865254,On or near The Crescent,E01022312,Gloucester 002D,Vehicle crime,Suspect charged as part of another case,
832197b2cd5e7fa28cff514f2cc6efee0fe09a099ae03d5345a27abb3d63e47b,2012-02,Gloucestershire Constabulary,Gloucestershire Constabulary,-2.228109,51.866504,On or near Mayhill Way,E01022312,Gloucester 002D,Violent crime,,
0b7141465914ddf8ccdd37484b662840ce9adda657fcb09c3ce592e08f782c14,2012-02,Gloucestershire Constabulary,Gloucestershire Constabulary,-2.225696,51.863191,On or near Norman Ball Way,E01022312,Gloucester 002D,Violent crime,Investigation complete; no suspect identified,
7e3b0ddd2df1386897c25f1ec31c9c68c4c57d8a065d4b8709d6d370d2dbd297,2012-02,Gloucestershire Constabulary,Gloucestershire Constabulary,-2.228977,51.865908,On or near Pillowell Drive,E01022312,Gloucester 002D,Violent crime,Court result unavailable,
b174b1d409571646f34e71169dba9846cc40d25f0f37d64a0617ebdaa90c29c2,2012-02,Gloucestershire Constabulary,Gloucestershire Constabulary,-2.228977,51.865908,On or near Pillowell Drive,E01022312,Gloucester 002D,Violent crime,,
4410f8962aef70521c2687a8036afea61bb3283af0cd0c5563e971a4ce1aeb3f,2012-02,Gloucestershire Constabulary,Gloucestershire Constabulary,-2.225406,51.869134,On or near Kenilworth Avenue,E01022312,Gloucester 002D,Other crime,Offender given community sentence,
,2012-02,Gloucestershire Constabulary,Gloucestershire Constabulary,-2.238025,51.882497,On or near Tewkesbury Road,E01022314,Gloucester 002E,Anti-social behaviour,,
,2012-02,Gloucestershire Constabulary,Gloucestershire Constabulary,-2.224808,51.877335,On or near Rodney Close,E01022314,Gloucester 002E,Anti-social behaviour,,
,2012-02,Gloucestershire Constabulary,Gloucestershire Constabulary,-2.238275,51.880230,On or near Plock Court,E01022314,Gloucester 002E,Anti-social behaviour,,
84daefd6974b00ba604a5d5c590608e9c37221a54db050c5fee7a637d9cf3fe7,2012-02,Gloucestershire Constabulary,Gloucestershire Constabulary,-2.226805,51.878653,On or near Oxstalls Drive,E01022314,Gloucester 002E,Criminal damage and arson,,
6f2b49d0e9eb20c3af7e4b2fd285890ccd2abab7f8f12e78ea2454041f2da265,2012-02,Gloucestershire Constabulary,Gloucestershire Constabulary,-2.237866,51.877058,On or near Gambier Parry Gardens,E01022314,Gloucester 002E,Vehicle crime,,
a43f098206649bc44bceb77c321b1cc2e79be664f783ba63f233a0cfc96ba5ba,2012-02,Gloucestershire Constabulary,Gloucestershire Constabulary,-2.238415,51.879277,On or near Fairmile Gardens,E01022314,Gloucester 002E,Violent crime,Investigation complete; no suspect identified,
,2012-02,Gloucestershire Constabulary,Gloucestershire Constabulary,-2.199158,51.874927,On or near A40,E01022295,Gloucester 003A,Anti-social behaviour,,
08182e4bee9f9a8b24952e541f9cd4b77bb945902fb0fecb91c91a30b14e6625,2012-02,Gloucestershire Constabulary,Gloucestershire Constabulary,-2.204194,51.873830,On or near Little Elmbridge,E01022295,Gloucester 003A,Criminal damage and arson,Unable to prosecute suspect,
f81883b76cd557369a73cf27adb4fc3ce4885d95f53a7512e1b01758f6451a74,2012-02,Gloucestershire Constabulary,Gloucestershire Constabulary,-2.205550,51.875069,On or near Kimberley Close,E01022295,Gloucester 003A,Criminal damage and arson,,
2f7f89eb2142beaea4b058bb4d7affa895f93e243862d8c424e093b9863c75d7,2012-02,Gloucestershire Constabulary,Gloucestershire Constabulary,-2.205550,51.875069,On or near Kimberley Close,E01022295,Gloucester 003A,Criminal damage and arson,,
9273cd82c20e345f34d4148943f45ff3d835c886f2a5f9baf35e8bf5fd68a90d,2012-02,Gloucestershire Constabulary,Gloucestershire Constabulary,-2.204194,51.873830,On or near Little Elmbridge,E01022295,Gloucester 003A,Other theft,Investigation complete; no suspect identified,
1409e5064f436006ed7832e8c57d29f325a5071aeb6aca6fdc5ace13735ca395,2012-02,Gloucestershire Constabulary,Gloucestershire Constabulary,-2.200983,51.873647,On or near Ogbourne Close,E01022295,Gloucester 003A,Vehicle crime,,
67203737bcf451fbe44636314714619c2855b1060bff6c7b1ac1ba539aab828d,2012-02,Gloucestershire Constabulary,Gloucestershire Constabulary,-2.202243,51.872880,On or near Lambourn Close,E01022295,Gloucester 003A,Vehicle crime,,
,2012-02,Gloucestershire Constabulary,Gloucestershire Constabulary,-2.209320,51.873515,On or near Elmleaze,E01022296,Gloucester 003B,Anti-social behaviour,,
,2012-02,Gloucestershire Constabulary,Gloucestershire Constabulary,-2.209162,51.870944,On or near Willowleaze,E01022296,Gloucester 003B,Anti-social behaviour,,
,2012-02,Gloucestershire Constabulary,Gloucestershire Constabulary,-2.209320,51.873515,On or near Elmleaze,E01022296,Gloucester 003B,Anti-social behaviour,,
d3a0aded51cfb5d0abf194ad352a812eae5086c91c1f132a9bd96da4cf15865b,2012-02,Gloucestershire Constabulary,Gloucestershire Constabulary,-2.208155,51.872996,On or near Oakleaze,E01022296,Gloucester 003B,Criminal damage and arson,,
1e936d498db01e56acfd9a814420f4873e12fc88df566c9f1cd30668337f3c7f,2012-02,Gloucestershire Constabulary,Gloucestershire Constabulary,-2.208155,51.872996,On or near Oakleaze,E01022296,Gloucester 003B,Criminal damage and arson,,
d0f61d55ed6c4d6691709ef2fbd2423b1c7693f679dec23681b06052fa614b40,2012-02,Gloucestershire Constabulary,Gloucestershire Constabulary,-2.210584,51.870582,On or near Meadowleaze,E01022296,Gloucester 003B,Other theft,Investigation complete; no suspect identified,
dc933f636e19e0bef9fdee287af8fd8b8a4955ad3e73e90c32333bc272c36109,2012-02,Gloucestershire Constabulary,Gloucestershire Constabulary,-2.210584,51.870582,On or near Meadowleaze,E01022296,Gloucester 003B,Other theft,,
360e42458ee2604f1d1f5ad10734841ee91db8f4ce3505fe5f16ed9177b11619,2012-02,Gloucestershire Constabulary,Gloucestershire Constabulary,-2.209162,51.870944,On or near Willowleaze,E01022296,Gloucester 003B,Other theft,,
4bc66b38d98d61369fa28ea209047ea004e81501b8d3928fc879232737c64a07,2012-02,Gloucestershire Constabulary,Gloucestershire Constabulary,-2.210584,51.870582,On or near Meadowleaze,E01022296,Gloucester 003B,Vehicle crime,,
d844ae0fa1eaa3928f44a7f84b5090e9a576219d756c1c5353caaac960642c19,2012-02,Gloucestershire Constabulary,Gloucestershire Constabulary,-2.208155,51.872996,On or near Oakleaze,E01022296,Gloucester 003B,Vehicle crime,,
53b272271c1682c510b048f4edb53a126ccb78f652a4cce768102b3d07206ab2,2012-02,Gloucestershire Constabulary,Gloucestershire Constabulary,-2.217961,51.870245,On or near Merevale Road,E01022297,Gloucester 003C,Vehicle crime,,
36675c71626b7ae032827e1cc1324e3f27547621d6550e36b3248e7c02f7a0fd,2012-02,Gloucestershire Constabulary,Gloucestershire Constabulary,-2.222425,51.868358,On or near Argyll Place,E01022297,Gloucester 003C,Vehicle crime,,
a6cecd5f93891bf3ca532fffb05a833c435c7c0a8ddfc275d500e827da7a5a48,2012-02,Gloucestershire Constabulary,Gloucestershire Constabulary,-2.221799,51.868125,On or near Argyll Road,E01022297,Gloucester 003C,Vehicle crime,,
,2012-02,Gloucestershire Constabulary,Gloucestershire Constabulary,-2.215618,51.866212,On or near Green Pippin Close,E01022298,Gloucester 003D,Anti-social behaviour,,
,2012-02,Gloucestershire Constabulary,Gloucestershire Constabulary,-2.215618,51.866212,On or near Green Pippin Close,E01022298,Gloucester 003D,Anti-social behaviour,,
,2012-02,Gloucestershire Constabulary,Gloucestershire Constabulary,-2.214340,51.869425,On or near Elmbridge Road,E01022298,Gloucester 003D,Anti-social behaviour,,
,2012-02,Gloucestershire Constabulary,Gloucestershire Constabulary,-2.215618,51.866212,On or near Green Pippin Close,E01022298,Gloucester 003D,Anti-social behaviour,,
,2012-02,Gloucestershire Constabulary,Gloucestershire Constabulary,-2.218160,51.863448,On or near Armscroft Court,E01022298,Gloucester 003D,Anti-social behaviour,,
,2012-02,Gloucestershire Constabulary,Gloucestershire Constabulary,-2.215618,51.866212,On or near Green Pippin Close,E01022298,Gloucester 003D,Anti-social behaviour,,
,2012-02,Gloucestershire Constabulary,Gloucestershire Constabulary,-2.218859,51.863905,On or near Brookfield Mews,E01022298,Gloucester 003D,Anti-social behaviour,,
,2012-02,Gloucestershire Constabulary,Gloucestershire Constabulary,-2.218943,51.866116,On or near Barnwood Road,E01022298,Gloucester 003D,Anti-social behaviour,,
,2012-02,Gloucestershire Constabulary,Gloucestershire Constabulary,-2.218859,51.863905,On or near Brookfield Mews,E01022298,Gloucester 003D,Anti-social behaviour,,
,2012-02,Gloucestershire Constabulary,Gloucestershire Constabulary,-2.214151,51.866179,On or near Windfall Way,E01022298,Gloucester 003D,Anti-social behaviour,,
533ac9c25a72758331959383764e83f505f4e22a50e1049adfe6e76bce366a0f,2012-02,Gloucestershire Constabulary,Gloucestershire Constabulary,-2.218160,51.863448,On or near Armscroft Court,E01022298,Gloucester 003D,Burglary,,
f47a00f12123f400ed7063e227a53eb6bbd629f2269980b744d77549309e161f,2012-02,Gloucestershire Constabulary,Gloucestershire Constabulary,-2.220232,51.865332,On or near Armscroft Crescent,E01022298,Gloucester 003D,Criminal damage and arson,,
804ea9bc6989d6ce2489564e8741082d58140f827487732811100220276b2640,2012-02,Gloucestershire Constabulary,Gloucestershire Constabulary,-2.218859,51.863905,On or near Brookfield Mews,E01022298,Gloucester 003D,Criminal damage and arson,,
a57067c8abb88df7d7f0d50ae18a2b008911bb8efeeb3570c9d17595b47011a7,2012-02,Gloucestershire Constabulary,Gloucestershire Constabulary,-2.215618,51.866212,On or near Green Pippin Close,E01022298,Gloucester 003D,Other theft,,
40348a5986c8d779a7d7bca1bd3a6325cd3bbfa325c1d3d2019adc222bbd1cf8,2012-02,Gloucestershire Constabulary,Gloucestershire Constabulary,-2.216932,51.867828,On or near Lonsdale Road,E01022298,Gloucester 003D,Other theft,,
267ec206f053dc2a604c22f55e6788e405b4ea09c612fd0828238d47a401ec30,2012-02,Gloucestershire Constabulary,Gloucestershire Constabulary,-2.214340,51.869425,On or near Elmbridge Road,E01022298,Gloucester 003D,Vehicle crime,,
,2012-02,Gloucestershire Constabulary,Gloucestershire Constabulary,-2.253245,51.858270,On or near St Ann Way,E01022332,Gloucester 004A,Anti-social behaviour,,
,2012-02,Gloucestershire Constabulary,Gloucestershire Constabulary,-2.246788,51.856486,On or near New Street,E01022332,Gloucester 004A,Anti-social behaviour,,
,2012-02,Gloucestershire Constabulary,Gloucestershire Constabulary,-2.251049,51.857637,On or near Bristol Road,E01022332,Gloucester 004A,Anti-social behaviour,,
,2012-02,Gloucestershire Constabulary,Gloucestershire Constabulary,-2.253909,51.854879,On or near Price Street,E01022332,Gloucester 004A,Anti-social behaviour,,
,2012-02,Gloucestershire Constabulary,Gloucestershire Constabulary,-2.246532,51.857421,On or near Weston Road,E01022332,Gloucester 004A,Anti-social behaviour,,
,2012-02,Gloucestershire Constabulary,Gloucestershire Constabulary,-2.247020,51.853752,On or near Central Road,E01022332,Gloucester 004A,Anti-social behaviour,,
,2012-02,Gloucestershire Constabulary,Gloucestershire Constabulary,-2.251049,51.857637,On or near Bristol Road,E01022332,Gloucester 004A,Anti-social behaviour,,
,2012-02,Gloucestershire Constabulary,Gloucestershire Constabulary,-2.253245,51.858270,On or near St Ann Way,E01022332,Gloucester 004A,Anti-social behaviour,,
,2012-02,Gloucestershire Constabulary,Gloucestershire Constabulary,-2.246532,51.857421,On or near Weston Road,E01022332,Gloucester 004A,Anti-social behaviour,,
,2012-02,Gloucestershire Constabulary,Gloucestershire Constabulary,-2.243452,51.857059,On or near Park End Road,E01022332,Gloucester 004A,Anti-social behaviour,,
,2012-02,Gloucestershire Constabulary,Gloucestershire Constabulary,-2.253245,51.858270,On or near St Ann Way,E01022332,Gloucester 004A,Anti-social behaviour,,
3f3656fd3de38f9705a7c6fdea85511540c215b3a3265948cd17cf7d8faa1b52,2012-02,Gloucestershire Constabulary,Gloucestershire Constabulary,-2.250360,51.856505,On or near Clifton Road,E01022332,Gloucester 004A,Burglary,,
de2df97b2db50e90ca8be4f487a00749093d16b021ad784d8b72658ccc1c073d,2012-02,Gloucestershire Constabulary,Gloucestershire Constabulary,-2.253909,51.854879,On or near Price Street,E01022332,Gloucester 004A,Burglary,,
4993ea09974234ef8636894fbca9b641c76d8dfefe9c2ce2c298a6a4ce0bc44a,2012-02,Gloucestershire Constabulary,Gloucestershire Constabulary,-2.253909,51.854879,On or near Price Street,E01022332,Gloucester 004A,Burglary,,
64b61fb446954b15b9f41df52dc9ee6e932649abaddd1495c9f88aa97a28806c,2012-02,Gloucestershire Constabulary,Gloucestershire Constabulary,-2.246532,51.857421,On or near Weston Road,E01022332,Gloucester 004A,Burglary,,
378ea7ac5347bbda67683302223c346c16d1f39d5bfddb700f92edc8914d5c14,2012-02,Gloucestershire Constabulary,Gloucestershire Constabulary,-2.246532,51.857421,On or near Weston Road,E01022332,Gloucester 004A,Criminal damage and arson,,
9656e2116f664a51d37135268e9ceeee48366d761fce3f2a17aa1c12ca692b35,2012-02,Gloucestershire Constabulary,Gloucestershire Constabulary,-2.253245,51.858270,On or near St Ann Way,E01022332,Gloucester 004A,Criminal damage and arson,,
e3d00178e308a2ccd6cd109c47c10c0b949a0ad934669762c299ee2d4133109c,2012-02,Gloucestershire Constabulary,Gloucestershire Constabulary,-2.250360,51.856505,On or near Clifton Road,E01022332,Gloucester 004A,Criminal damage and arson,,
98fab1cb4758353b89d935d7e909f9e85017f4b90d5ed1adf8c1ae2552f6bc72,2012-02,Gloucestershire Constabulary,Gloucestershire Constabulary,-2.253245,51.858270,On or near St Ann Way,E01022332,Gloucester 004A,Criminal damage and arson,,
b3b0f2aa0cfdaf2bc347c1611d182a837139bebd6c07e6ee0a2749bd75b21c34,2012-02,Gloucestershire Constabulary,Gloucestershire Constabulary,-2.250360,51.856505,On or near Clifton Road,E01022332,Gloucester 004A,Criminal damage and arson,,
a5acc53328d50a01fa7e2612fcce42000222bac6ddfc465a7a8e5de8a94e9fa7,2012-02,Gloucestershire Constabulary,Gloucestershire Constabulary,-2.246788,51.856486,On or near New Street,E01022332,Gloucester 004A,Criminal damage and arson,,
4bfdca48bdcd57a6df1f5c7020a9f5a98d6ec02520aa168cc4322982045f21d8,2012-02,Gloucestershire Constabulary,Gloucestershire Constabulary,-2.246788,51.856486,On or near New Street,E01022332,Gloucester 004A,Drugs,,
ac9149f115d55355a23d0b18fd0778b9c48dbcd3b4c6b4b59eacf21a99d2d995,2012-02,Gloucestershire Constabulary,Gloucestershire Constabulary,-2.246788,51.856486,On or near New Street,E01022332,Gloucester 004A,Drugs,,
2822745d0a40a29a3e87e6be97a6e7fb56efce24ffc7f370bf980347248817e6,2012-02,Gloucestershire Constabulary,Gloucestershire Constabulary,-2.246377,51.855669,On or near St Paul'S Road,E01022332,Gloucester 004A,Drugs,,
c31e3d2ce4d8816ca1946bfceca8b7f9cb10d9017c1d0fa73a296ee33ecdc852,2012-02,Gloucestershire Constabulary,Gloucestershire Constabulary,-2.246377,51.855669,On or near St Paul'S Road,E01022332,Gloucester 004A,Other theft,Investigation complete; no suspect identified,
4e9f61fe757472ff559cab3da8064b990142e875d3aefb5383b5e92fad95c8b1,2012-02,Gloucestershire Constabulary,Gloucestershire Constabulary,-2.253909,51.854879,On or near Price Street,E01022332,Gloucester 004A,Other theft,,
46e21531745f5872d792b18fd0a4059cbdd86a8e346a3d88ab86c03a022590ac,2012-02,Gloucestershire Constabulary,Gloucestershire Constabulary,-2.247020,51.853752,On or near Central Road,E01022332,Gloucester 004A,Other theft,,
65a103a6a3e78140935bc5616983bddbf2b3535590ce768e485533589383844c,2012-02,Gloucestershire Constabulary,Gloucestershire Constabulary,-2.251049,51.857637,On or near Bristol Road,E01022332,Gloucester 004A,Other theft,,
a3934905d585ae9e6b823bb6dbec160c456bfb7dc920cd1adeeb9a14fe727e07,2012-02,Gloucestershire Constabulary,Gloucestershire Constabulary,-2.250360,51.856505,On or near Clifton Road,E01022332,Gloucester 004A,Other theft,,
2ef3ab5ffa2df621c28f028de2125cddfe93c260659e7a8fb9d2f029c5d8fa44,2012-02,Gloucestershire Constabulary,Gloucestershire Constabulary,-2.250360,51.856505,On or near Clifton Road,E01022332,Gloucester 004A,Public disorder and weapons,Offender sent to prison,
c8ee27b6ece31cd9b6400d75fdda5ec4103dae1ef1f4244038d24e3092e3592c,2012-02,Gloucestershire Constabulary,Gloucestershire Constabulary,-2.253245,51.858270,On or near St Ann Way,E01022332,Gloucester 004A,Public disorder and weapons,,
fd718cbc300c84bd16cdecf033efdd2428ca07c3a0e6e7a208ff340c3dea6a47,2012-02,Gloucestershire Constabulary,Gloucestershire Constabulary,-2.253245,51.858270,On or near St Ann Way,E01022332,Gloucester 004A,Robbery,Investigation complete; no suspect identified,
e0fb6119ae4ac3cf611c15926c5d89797b82a3758f918239c051490c0f5ee085,2012-02,Gloucestershire Constabulary,Gloucestershire Constabulary,-2.253245,51.858270,On or near St Ann Way,E01022332,Gloucester 004A,Shoplifting,Local resolution,
9e060d5c4a5a08cadbaa821008ea5bb60560b02e1e15929188e159ce26a342a5,2012-02,Gloucestershire Constabulary,Gloucestershire Constabulary,-2.246788,51.856486,On or near New Street,E01022332,Gloucester 004A,Violent crime,,
,2012-02,Gloucestershire Constabulary,Gloucestershire Constabulary,-2.239516,51.862300,On or near Nightclub,E01022347,Gloucester 004B,Anti-social behaviour,,
,2012-02,Gloucestershire Constabulary,Gloucestershire Constabulary,-2.249978,51.863465,On or near Parking Area,E01022347,Gloucester 004B,Anti-social behaviour,,
,2012-02,Gloucestershire Constabulary,Gloucestershire Constabulary,-2.239516,51.862300,On or near Nightclub,E01022347,Gloucester 004B,Anti-social behaviour,,
,2012-02,Gloucestershire Constabulary,Gloucestershire Constabulary,-2.248917,51.860689,On or near Norfolk Street,E01022347,Gloucester 004B,Anti-social behaviour,,
,2012-02,Gloucestershire Constabulary,Gloucestershire Constabulary,-2.247431,51.862437,On or near Parliament Street,E01022347,Gloucester 004B,Anti-social behaviour,,
,2012-02,Gloucestershire Constabulary,Gloucestershire Constabulary,-2.242331,51.861836,On or near Wellington Street,E01022347,Gloucester 004B,Anti-social behaviour,,
,2012-02,Gloucestershire Constabulary,Gloucestershire Constabulary,-2.245894,51.860156,On or near Montpellier,E01022347,Gloucester 004B,Anti-social behaviour,,
,2012-02,Gloucestershire Constabulary,Gloucestershire Constabulary,-2.247431,51.862437,On or near Parliament Street,E01022347,Gloucester 004B,Anti-social behaviour,,
,2012-02,Gloucestershire Constabulary,Gloucestershire Constabulary,-2.248905,51.863692,On or near Kimbrose Way,E01022347,Gloucester 004B,Anti-social behaviour,,
,2012-02,Gloucestershire Constabulary,Gloucestershire Constabulary,-2.247431,51.862437,On or near Parliament Street,E01022347,Gloucester 004B,Anti-social behaviour,,
,2012-02,Gloucestershire Constabulary,Gloucestershire Constabulary,-2.248964,51.861220,On or near Albion Street,E01022347,Gloucester 004B,Anti-social behaviour,,
,2012-02,Gloucestershire Constabulary,Gloucestershire Constabulary,-2.241065,51.861452,On or near Arthur Street,E01022347,Gloucester 004B,Anti-social behaviour,,
,2012-02,Gloucestershire Constabulary,Gloucestershire Constabulary,-2.239516,51.862300,On or near Nightclub,E01022347,Gloucester 004B,Anti-social behaviour,,
,2012-02,Gloucestershire Constabulary,Gloucestershire Constabulary,-2.239516,51.862300,On or near Nightclub,E01022347,Gloucester 004B,Anti-social behaviour,,
,2012-02,Gloucestershire Constabulary,Gloucestershire Constabulary,-2.239516,51.862300,On or near Nightclub,E01022347,Gloucester 004B,Anti-social behaviour,,
,2012-02,Gloucestershire Constabulary,Gloucestershire Constabulary,-2.239516,51.862300,On or near Nightclub,E01022347,Gloucester 004B,Anti-social behaviour,,
,2012-02,Gloucestershire Constabulary,Gloucestershire Constabulary,-2.239516,51.862300,On or near Nightclub,E01022347,Gloucester 004B,Anti-social behaviour,,
,2012-02,Gloucestershire Constabulary,Gloucestershire Constabulary,-2.239516,51.862300,On or near Nightclub,E01022347,Gloucester 004B,Anti-social behaviour,,
,2012-02,Gloucestershire Constabulary,Gloucestershire Constabulary,-2.244842,51.861723,On or near St Michael'S Square,E01022347,Gloucester 004B,Anti-social behaviour,,
,2012-02,Gloucestershire Constabulary,Gloucestershire Constabulary,-2.242331,51.861836,On or near Wellington Street,E01022347,Gloucester 004B,Anti-social behaviour,,
,2012-02,Gloucestershire Constabulary,Gloucestershire Constabulary,-2.241065,51.861452,On or near Arthur Street,E01022347,Gloucester 004B,Anti-social behaviour,,
,2012-02,Gloucestershire Constabulary,Gloucestershire Constabulary,-2.239516,51.862300,On or near Nightclub,E01022347,Gloucester 004B,Anti-social behaviour,,
,2012-02,Gloucestershire Constabulary,Gloucestershire Constabulary,-2.239516,51.862300,On or near Nightclub,E01022347,Gloucester 004B,Anti-social behaviour,,
,2012-02,Gloucestershire Constabulary,Gloucestershire Constabulary,-2.239516,51.862300,On or near Nightclub,E01022347,Gloucester 004B,Anti-social behaviour,,
,2012-02,Gloucestershire Constabulary,Gloucestershire Constabulary,-2.248905,51.863692,On or near Kimbrose Way,E01022347,Gloucester 004B,Anti-social behaviour,,
,2012-02,Gloucestershire Constabulary,Gloucestershire Constabulary,-2.239516,51.862300,On or near Nightclub,E01022347,Gloucester 004B,Anti-social behaviour,,
,2012-02,Gloucestershire Constabulary,Gloucestershire Constabulary,-2.241065,51.861452,On or near Arthur Street,E01022347,Gloucester 004B,Anti-social behaviour,,
,2012-02,Gloucestershire Constabulary,Gloucestershire Constabulary,-2.248964,51.861220,On or near Albion Street,E01022347,Gloucester 004B,Anti-social behaviour,,
,2012-02,Gloucestershire Constabulary,Gloucestershire Constabulary,-2.248917,51.860689,On or near Norfolk Street,E01022347,Gloucester 004B,Anti-social behaviour,,
,2012-02,Gloucestershire Constabulary,Gloucestershire Constabulary,-2.244842,51.861723,On or near St Michael'S Square,E01022347,Gloucester 004B,Anti-social behaviour,,
,2012-02,Gloucestershire Constabulary,Gloucestershire Constabulary,-2.248905,51.863692,On or near Kimbrose Way,E01022347,Gloucester 004B,Anti-social behaviour,,
,2012-02,Gloucestershire Constabulary,Gloucestershire Constabulary,-2.239516,51.862300,On or near Nightclub,E01022347,Gloucester 004B,Anti-social behaviour,,
,2012-02,Gloucestershire Constabulary,Gloucestershire Constabulary,-2.248917,51.860689,On or near Norfolk Street,E01022347,Gloucester 004B,Anti-social behaviour,,
,2012-02,Gloucestershire Constabulary,Gloucestershire Constabulary,-2.239516,51.862300,On or near Nightclub,E01022347,Gloucester 004B,Anti-social behaviour,,
,2012-02,Gloucestershire Constabulary,Gloucestershire Constabulary,-2.250942,51.864443,On or near Commercial Road,E01022347,Gloucester 004B,Anti-social behaviour,,
,2012-02,Gloucestershire Constabulary,Gloucestershire Constabulary,-2.248917,51.860689,On or near Norfolk Street,E01022347,Gloucester 004B,Anti-social behaviour,,
,2012-02,Gloucestershire Constabulary,Gloucestershire Constabulary,-2.241065,51.861452,On or near Arthur Street,E01022347,Gloucester 004B,Anti-social behaviour,,
,2012-02,Gloucestershire Constabulary,Gloucestershire Constabulary,-2.241702,51.860974,On or near Belgrave Road,E01022347,Gloucester 004B,Anti-social behaviour,,
,2012-02,Gloucestershire Constabulary,Gloucestershire Constabulary,-2.248964,51.861220,On or near Albion Street,E01022347,Gloucester 004B,Anti-social behaviour,,
,2012-02,Gloucestershire Constabulary,Gloucestershire Constabulary,-2.242661,51.858392,On or near Trier Way,E01022347,Gloucester 004B,Anti-social behaviour,,
,2012-02,Gloucestershire Constabulary,Gloucestershire Constabulary,-2.243492,51.861690,On or near Cromwell Street,E01022347,Gloucester 004B,Anti-social behaviour,,
,2012-02,Gloucestershire Constabulary,Gloucestershire Constabulary,-2.244842,51.861723,On or near St Michael'S Square,E01022347,Gloucester 004B,Anti-social behaviour,,
,2012-02,Gloucestershire Constabulary,Gloucestershire Constabulary,-2.239516,51.862300,On or near Nightclub,E01022347,Gloucester 004B,Anti-social behaviour,,
,2012-02,Gloucestershire Constabulary,Gloucestershire Constabulary,-2.239516,51.862300,On or near Nightclub,E01022347,Gloucester 004B,Anti-social behaviour,,
,2012-02,Gloucestershire Constabulary,Gloucestershire Constabulary,-2.245221,51.861911,On or near Parking Area,E01022347,Gloucester 004B,Anti-social behaviour,,
,2012-02,Gloucestershire Constabulary,Gloucestershire Constabulary,-2.243617,51.860799,On or near Park Road,E01022347,Gloucester 004B,Anti-social behaviour,,
,2012-02,Gloucestershire Constabulary,Gloucestershire Constabulary,-2.242331,51.861836,On or near Wellington Street,E01022347,Gloucester 004B,Anti-social behaviour,,
,2012-02,Gloucestershire Constabulary,Gloucestershire Constabulary,-2.239516,51.862300,On or near Nightclub,E01022347,Gloucester 004B,Anti-social behaviour,,
,2012-02,Gloucestershire Constabulary,Gloucestershire Constabulary,-2.239516,51.862300,On or near Nightclub,E01022347,Gloucester 004B,Anti-social behaviour,,
,2012-02,Gloucestershire Constabulary,Gloucestershire Constabulary,-2.243492,51.861690,On or near Cromwell Street,E01022347,Gloucester 004B,Anti-social behaviour,,
,2012-02,Gloucestershire Constabulary,Gloucestershire Constabulary,-2.248917,51.860689,On or near Norfolk Street,E01022347,Gloucester 004B,Anti-social behaviour,,
,2012-02,Gloucestershire Constabulary,Gloucestershire Constabulary,-2.247993,51.861662,On or near Old Tram Road,E01022347,Gloucester 004B,Anti-social behaviour,,
,2012-02,Gloucestershire Constabulary,Gloucestershire Constabulary,-2.247431,51.862437,On or near Parliament Street,E01022347,Gloucester 004B,Anti-social behaviour,,
,2012-02,Gloucestershire Constabulary,Gloucestershire Constabulary,-2.244842,51.861723,On or near St Michael'S Square,E01022347,Gloucester 004B,Anti-social behaviour,,
,2012-02,Gloucestershire Constabulary,Gloucestershire Constabulary,-2.248964,51.861220,On or near Albion Street,E01022347,Gloucester 004B,Anti-social behaviour,,
,2012-02,Gloucestershire Constabulary,Gloucestershire Constabulary,-2.241142,51.862261,On or near Theatre/Concert Hall,E01022347,Gloucester 004B,Anti-social behaviour,,
,2012-02,Gloucestershire Constabulary,Gloucestershire Constabulary,-2.241065,51.861452,On or near Arthur Street,E01022347,Gloucester 004B,Anti-social behaviour,,
,2012-02,Gloucestershire Constabulary,Gloucestershire Constabulary,-2.247431,51.862437,On or near Parliament Street,E01022347,Gloucester 004B,Anti-social behaviour,,
,2012-02,Gloucestershire Constabulary,Gloucestershire Constabulary,-2.239516,51.862300,On or near Nightclub,E01022347,Gloucester 004B,Anti-social behaviour,,
,2012-02,Gloucestershire Constabulary,Gloucestershire Constabulary,-2.241065,51.861452,On or near Arthur Street,E01022347,Gloucester 004B,Anti-social behaviour,,
bdeb36cab297814a53009179c1ddab856542824eaa7f0a95b1cb138a62d14818,2012-02,Gloucestershire Constabulary,Gloucestershire Constabulary,-2.241142,51.862261,On or near Theatre/Concert Hall,E01022347,Gloucester 004B,Burglary,Investigation complete; no suspect identified,
2859b2e5a5323c1e226e060f68d964b72e5d170b1e8f01726bd1b44709b32072,2012-02,Gloucestershire Constabulary,Gloucestershire Constabulary,-2.248917,51.860689,On or near Norfolk Street,E01022347,Gloucester 004B,Burglary,,
ed7991b484b149ac87f7ee87493a9b6a2685e0de30eb06279554a48dfacf207e,2012-02,Gloucestershire Constabulary,Gloucestershire Constabulary,-2.241142,51.862261,On or near Theatre/Concert Hall,E01022347,Gloucester 004B,Burglary,,
411b77c7aba0de59e9f5f4fa79bcdcdef4f676863c6efcf1c93d957febf7949a,2012-02,Gloucestershire Constabulary,Gloucestershire Constabulary,-2.240850,51.861911,On or near King'S Barton Street,E01022347,Gloucester 004B,Burglary,,
4f1113d5aa122a2f7664119deda630027043fa753f4f793aacacd9d07a98eab0,2012-02,Gloucestershire Constabulary,Gloucestershire Constabulary,-2.243617,51.860799,On or near Park Road,E01022347,Gloucester 004B,Criminal damage and arson,Offender given conditional discharge,
b0116a3f2c0eb234950c4c08a067a23a8641464d84d9c6dc75d9d039a6cf948f,2012-02,Gloucestershire Constabulary,Gloucestershire Constabulary,-2.249757,51.865506,On or near Barbican Road,E01022347,Gloucester 004B,Criminal damage and arson,,
1aa1976f1205e367cc56dadf3cbb7c32770972ab32c3c21652c27bd9dec94fce,2012-02,Gloucestershire Constabulary,Gloucestershire Constabulary,-2.245221,51.861911,On or near Parking Area,E01022347,Gloucester 004B,Criminal damage and arson,,
61377b639619e108f2ce0779021c360d0a68d586e021383b2e65d16cca0d1052,2012-02,Gloucestershire Constabulary,Gloucestershire Constabulary,-2.247993,51.861662,On or near Old Tram Road,E01022347,Gloucester 004B,Criminal damage and arson,,
a9b4f1fbdc192ddbaf6e5fb8d03642d4eab4df95a0e48cf0836b7530985d2f2b,2012-02,Gloucestershire Constabulary,Gloucestershire Constabulary,-2.248905,51.863692,On or near Kimbrose Way,E01022347,Gloucester 004B,Criminal damage and arson,,
db12f033aeb6a9bad67f7ceeb3d0d575d417c7e23d0e77cd001f3d229c4cee0f,2012-02,Gloucestershire Constabulary,Gloucestershire Constabulary,-2.241065,51.861452,On or near Arthur Street,E01022347,Gloucester 004B,Criminal damage and arson,,
4dd726ba367df2a9f343aaf76d96fad05d96fef01d2214782d7b247d84c2a974,2012-02,Gloucestershire Constabulary,Gloucestershire Constabulary,-2.241065,51.861452,On or near Arthur Street,E01022347,Gloucester 004B,Drugs,,
6b6b3fc9a7db77154f51663d7d37770c655fe730d1d9cbeb32a0e0eca1e2ca73,2012-02,Gloucestershire Constabulary,Gloucestershire Constabulary,-2.249757,51.865506,On or near Barbican Road,E01022347,Gloucester 004B,Drugs,Court result unavailable,
58ed505eec10a6f4d777def526de1353d0c195450390d1111accfbaeb99935cc,2012-02,Gloucestershire Constabulary,Gloucestershire Constabulary,-2.239516,51.862300,On or near Nightclub,E01022347,Gloucester 004B,Other theft,Investigation complete; no suspect identified,
749defd8362551a0a5234c924e1e4b9ec9ae24e34a3be5f68805d4aa47024900,2012-02,Gloucestershire Constabulary,Gloucestershire Constabulary,-2.243492,51.861690,On or near Cromwell Street,E01022347,Gloucester 004B,Other theft,,
cb91234f12543a4d950bae4f887f950f756b83ff71bf55564a4c6032f5adc133,2012-02,Gloucestershire Constabulary,Gloucestershire Constabulary,-2.249757,51.865506,On or near Barbican Road,E01022347,Gloucester 004B,Other theft,,
26438725a2a71e0ea95192e86d8d5d5494823802e5a444b6813e4ca63ad51e8c,2012-02,Gloucestershire Constabulary,Gloucestershire Constabulary,-2.241142,51.862261,On or near Theatre/Concert Hall,E01022347,Gloucester 004B,Other theft,,
2edbc2555ab7a9557df628b5361894c4f26203c89ff0d6bc1630eef6bdcc1689,2012-02,Gloucestershire Constabulary,Gloucestershire Constabulary,-2.241065,51.861452,On or near Arthur Street,E01022347,Gloucester 004B,Other theft,,
79ad7f69ff666bd75152d50851a41a5b9aa91323b50a4606fc472c0b8cc03576,2012-02,Gloucestershire Constabulary,Gloucestershire Constabulary,-2.242668,51.862500,On or near Parking Area,E01022347,Gloucester 004B,Other theft,,
8fe2ea9d83a588462b1e93404c6ec56965ba1d39f455de40972238c138b11c28,2012-02,Gloucestershire Constabulary,Gloucestershire Constabulary,-2.241142,51.862261,On or near Theatre/Concert Hall,E01022347,Gloucester 004B,Other theft,,
fa4fe91f2b42d9b74d984db625ce99d08c6fae88ea9ff8e1c19a99abe8a509ae,2012-02,Gloucestershire Constabulary,Gloucestershire Constabulary,-2.239516,51.862300,On or near Nightclub,E01022347,Gloucester 004B,Other theft,,
7ae869f670a2931697f929d5dddfb1c5b035263590ea80a81ba65292b9b125fc,2012-02,Gloucestershire Constabulary,Gloucestershire Constabulary,-2.239516,51.862300,On or near Nightclub,E01022347,Gloucester 004B,Other theft,,
3276e24b791bbdd6e93974a6b84920098bed84907b3b2e7c75c00e1e8b283e69,2012-02,Gloucestershire Constabulary,Gloucestershire Constabulary,-2.239516,51.862300,On or near Nightclub,E01022347,Gloucester 004B,Other theft,,
97fec6ccb19a64a8c35f7bc971b10a78f36984e70b7cb9dffb6a6410aa4f2421,2012-02,Gloucestershire Constabulary,Gloucestershire Constabulary,-2.245894,51.860156,On or near Montpellier,E01022347,Gloucester 004B,Other theft,,
0cff17818aee70b90119e42fafc33052a4f99c636b1130e4c1af9dbeb4fe36f3,2012-02,Gloucestershire Constabulary,Gloucestershire Constabulary,-2.248905,51.863692,On or near Kimbrose Way,E01022347,Gloucester 004B,Public disorder and weapons,Investigation complete; no suspect identified,
12cceb925292122b0a0df92ae5204b36973417d2dbd2e3dd0a512227fc8ce3db,2012-02,Gloucestershire Constabulary,Gloucestershire Constabulary,-2.241142,51.862261,On or near Theatre/Concert Hall,E01022347,Gloucester 004B,Public disorder and weapons,Court result unavailable,
4b690d29b9076f2815a3b18a0dc9cc6752ff681e8627114b65a43f47e2c178a4,2012-02,Gloucestershire Constabulary,Gloucestershire Constabulary,-2.242661,51.858392,On or near Trier Way,E01022347,Gloucester 004B,Public disorder and weapons,Investigation complete; no suspect identified,
8a21a623fe9e63d799cf33ebdf5f487136632098d7f02b0ecbec3bd1dbe21857,2012-02,Gloucestershire Constabulary,Gloucestershire Constabulary,-2.242331,51.861836,On or near Wellington Street,E01022347,Gloucester 004B,Robbery,,
aa8699ebb1d03eb94212e4814d96f42db056a1896b22d4e7064cbaa3bb1dcd14,2012-02,Gloucestershire Constabulary,Gloucestershire Constabulary,-2.248917,51.860689,On or near Norfolk Street,E01022347,Gloucester 004B,Vehicle crime,,
671c78c937f0a16852da00eae7cc968c42f2a887e5606ec64611d3460f48b7a3,2012-02,Gloucestershire Constabulary,Gloucestershire Constabulary,-2.247431,51.862437,On or near Parliament Street,E01022347,Gloucester 004B,Violent crime,Court case unable to proceed,
883a3deb35501a7b730a7ebd78742f027f5cbe74e5ef12919dfac653a5a8a789,2012-02,Gloucestershire Constabulary,Gloucestershire Constabulary,-2.241702,51.860974,On or near Belgrave Road,E01022347,Gloucester 004B,Violent crime,Court result unavailable,
3aea5f64ccd53461a9a97fe0fe7df664c606360b4def9ee3a06170f39124d64b,2012-02,Gloucestershire Constabulary,Gloucestershire Constabulary,-2.239516,51.862300,On or near Nightclub,E01022347,Gloucester 004B,Violent crime,Investigation complete; no suspect identified,
690fe462c9083b2bb058ae08d9797649482ab4392fc946ab38ea0a041dd5c254,2012-02,Gloucestershire Constabulary,Gloucestershire Constabulary,-2.248905,51.863692,On or near Kimbrose Way,E01022347,Gloucester 004B,Violent crime,,
52cb1aa565fdeb150a5c7f8766c39a29d9331457a4a5e6273da5a528380df0dc,2012-02,Gloucestershire Constabulary,Gloucestershire Constabulary,-2.243617,51.860799,On or near Park Road,E01022347,Gloucester 004B,Violent crime,Investigation complete; no suspect identified,
a72f8ba0f339981927af7c702ec4a1c645f02c308d817cce3de2165397e9597c,2012-02,Gloucestershire Constabulary,Gloucestershire Constabulary,-2.241702,51.860974,On or near Belgrave Road,E01022347,Gloucester 004B,Violent crime,,
1a752778453c0357b104623217994c59d4981fdcf037f60e0070a53f2637407d,2012-02,Gloucestershire Constabulary,Gloucestershire Constabulary,-2.241065,51.861452,On or near Arthur Street,E01022347,Gloucester 004B,Violent crime,Investigation complete; no suspect identified,
0d798ae3b3a88227417069b8931e4310f56159443f50eb92a2371a0f379f976a,2012-02,Gloucestershire Constabulary,Gloucestershire Constabulary,-2.249978,51.863465,On or near Parking Area,E01022347,Gloucester 004B,Violent crime,,
7396774138825f573eb4c8527584231d79c3bbd27db52c20d0f4b3265c651f56,2012-02,Gloucestershire Constabulary,Gloucestershire Constabulary,-2.248905,51.863692,On or near Kimbrose Way,E01022347,Gloucester 004B,Violent crime,,
7c272d3867f5105c6e830320eee7d128a684520af067dd68370995a39603e3ef,2012-02,Gloucestershire Constabulary,Gloucestershire Constabulary,-2.249757,51.865506,On or near Barbican Road,E01022347,Gloucester 004B,Violent crime,,
90c669e4c306af552726b181db73d86fe0cf03e8c27ae7c75f1bee372ff7a971,2012-02,Gloucestershire Constabulary,Gloucestershire Constabulary,-2.249757,51.865506,On or near Barbican Road,E01022347,Gloucester 004B,Violent crime,,
74d5fa64590b03383bff168e032b70d767807c5c176f5d38765b35a67d99b1c7,2012-02,Gloucestershire Constabulary,Gloucestershire Constabulary,-2.249978,51.863465,On or near Parking Area,E01022347,Gloucester 004B,Violent crime,,
bbd86a692a362e6a9c287b4748c209cc8ae4bee64a53dfb2cfa10dc8c1c2a06d,2012-02,Gloucestershire Constabulary,Gloucestershire Constabulary,-2.239516,51.862300,On or near Nightclub,E01022347,Gloucester 004B,Violent crime,,
7bd192633b7add300410dbedb049d6bb8b630abb09357187c6879b6ee7c2b8a6,2012-02,Gloucestershire Constabulary,Gloucestershire Constabulary,-2.239516,51.862300,On or near Nightclub,E01022347,Gloucester 004B,Violent crime,,
1ae95d239f0169f1db307217b0a349dbca60dad93e0497705c9e1e12e4aedfef,2012-02,Gloucestershire Constabulary,Gloucestershire Constabulary,-2.239516,51.862300,On or near Nightclub,E01022347,Gloucester 004B,Violent crime,Local resolution,
da9defdd03613c03755ee4b276b544c83ecc75a006ab178da8a92a0bb4c83a6d,2012-02,Gloucestershire Constabulary,Gloucestershire Constabulary,-2.239516,51.862300,On or near Nightclub,E01022347,Gloucester 004B,Violent crime,,
6449cc340a9db213c4cc45486917aaa3b0ba188b7d49ed839c9ca2606173172d,2012-02,Gloucestershire Constabulary,Gloucestershire Constabulary,-2.239516,51.862300,On or near Nightclub,E01022347,Gloucester 004B,Violent crime,Local resolution,
0a6ea3a6f9ad0be39c87a2df43b7c006add54a7d4f36b9323dd3f05f31d1593a,2012-02,Gloucestershire Constabulary,Gloucestershire Constabulary,-2.239516,51.862300,On or near Nightclub,E01022347,Gloucester 004B,Violent crime,,
e160c44ba1dc5ce1c87277511448cb2e90695ea64d24fb0c9ecfb828c3db9f3f,2012-02,Gloucestershire Constabulary,Gloucestershire Constabulary,-2.244842,51.861723,On or near St Michael'S Square,E01022347,Gloucester 004B,Violent crime,,
61fecea8a7425ebe02c4bb55c1cb44baeffce52113b635d201fac51c6378b200,2012-02,Gloucestershire Constabulary,Gloucestershire Constabulary,-2.241702,51.860974,On or near Belgrave Road,E01022347,Gloucester 004B,Violent crime,,
55ce255ea40baad58b6b1236c7c468ba5bc243ae979a8157632fb4e58800daa3,2012-02,Gloucestershire Constabulary,Gloucestershire Constabulary,-2.244842,51.861723,On or near St Michael'S Square,E01022347,Gloucester 004B,Violent crime,,
434ee230f3cde77b28488172f4545075f58c71b9b0d5b9900a271e14e208807c,2012-02,Gloucestershire Constabulary,Gloucestershire Constabulary,-2.249978,51.863465,On or near Parking Area,E01022347,Gloucester 004B,Violent crime,,
6e902ece60156f55495d2c7166a7fa3ca31e08f69b9cec1ce8a952449f1b98c9,2012-02,Gloucestershire Constabulary,Gloucestershire Constabulary,-2.241142,51.862261,On or near Theatre/Concert Hall,E01022347,Gloucester 004B,Other crime,Offender sent to prison,
222362df81aa415f0ff62f38aa0b77d00890c387c7228a827a8ddbeb4c3ce70d,2012-02,Gloucestershire Constabulary,Gloucestershire Constabulary,-2.244842,51.861723,On or near St Michael'S Square,E01022347,Gloucester 004B,Other crime,,
,2012-02,Gloucestershire Constabulary,Gloucestershire Constabulary,-2.261623,51.850763,On or near Garlandstone Walk,E01022348,Gloucester 004C,Anti-social behaviour,,
,2012-02,Gloucestershire Constabulary,Gloucestershire Constabulary,-2.250870,51.859381,On or near St Lukes Street,E01022348,Gloucester 004C,Anti-social behaviour,,
,2012-02,Gloucestershire Constabulary,Gloucestershire Constabulary,-2.250358,51.861333,On or near Southgate Street,E01022348,Gloucester 004C,Anti-social behaviour,,
,2012-02,Gloucestershire Constabulary,Gloucestershire Constabulary,-2.256717,51.861131,On or near Further/Higher Educational Building,E01022348,Gloucester 004C,Anti-social behaviour,,
,2012-02,Gloucestershire Constabulary,Gloucestershire Constabulary,-2.261623,51.850763,On or near Garlandstone Walk,E01022348,Gloucester 004C,Anti-social behaviour,,
,2012-02,Gloucestershire Constabulary,Gloucestershire Constabulary,-2.262187,51.850294,On or near Soren Larsen Way,E01022348,Gloucester 004C,Anti-social behaviour,,
,2012-02,Gloucestershire Constabulary,Gloucestershire Constabulary,-2.270097,51.849916,On or near High View,E01022348,Gloucester 004C,Anti-social behaviour,,
,2012-02,Gloucestershire Constabulary,Gloucestershire Constabulary,-2.261623,51.850763,On or near Garlandstone Walk,E01022348,Gloucester 004C,Anti-social behaviour,,
,2012-02,Gloucestershire Constabulary,Gloucestershire Constabulary,-2.250000,51.859617,On or near The Chestnuts,E01022348,Gloucester 004C,Anti-social behaviour,,
,2012-02,Gloucestershire Constabulary,Gloucestershire Constabulary,-2.250870,51.859381,On or near St Lukes Street,E01022348,Gloucester 004C,Anti-social behaviour,,
,2012-02,Gloucestershire Constabulary,Gloucestershire Constabulary,-2.250870,51.859381,On or near St Lukes Street,E01022348,Gloucester 004C,Anti-social behaviour,,
,2012-02,Gloucestershire Constabulary,Gloucestershire Constabulary,-2.262187,51.850294,On or near Soren Larsen Way,E01022348,Gloucester 004C,Anti-social behaviour,,
,2012-02,Gloucestershire Constabulary,Gloucestershire Constabulary,-2.261623,51.850763,On or near Garlandstone Walk,E01022348,Gloucester 004C,Anti-social behaviour,,
,2012-02,Gloucestershire Constabulary,Gloucestershire Constabulary,-2.250870,51.859381,On or near St Lukes Street,E01022348,Gloucester 004C,Anti-social behaviour,,
,2012-02,Gloucestershire Constabulary,Gloucestershire Constabulary,-2.250000,51.859617,On or near The Chestnuts,E01022348,Gloucester 004C,Anti-social behaviour,,
,2012-02,Gloucestershire Constabulary,Gloucestershire Constabulary,-2.261623,51.850763,On or near Garlandstone Walk,E01022348,Gloucester 004C,Anti-social behaviour,,
,2012-02,Gloucestershire Constabulary,Gloucestershire Constabulary,-2.250358,51.861333,On or near Southgate Street,E01022348,Gloucester 004C,Anti-social behaviour,,
,2012-02,Gloucestershire Constabulary,Gloucestershire Constabulary,-2.266092,51.855149,On or near Honeythorn Close,E01022348,Gloucester 004C,Anti-social behaviour,,
,2012-02,Gloucestershire Constabulary,Gloucestershire Constabulary,-2.250870,51.859381,On or near St Lukes Street,E01022348,Gloucester 004C,Anti-social behaviour,,
,2012-02,Gloucestershire Constabulary,Gloucestershire Constabulary,-2.250358,51.861333,On or near Southgate Street,E01022348,Gloucester 004C,Anti-social behaviour,,
,2012-02,Gloucestershire Constabulary,Gloucestershire Constabulary,-2.259230,51.861179,On or near Hemmingsdale Road,E01022348,Gloucester 004C,Anti-social behaviour,,
,2012-02,Gloucestershire Constabulary,Gloucestershire Constabulary,-2.250870,51.859381,On or near St Lukes Street,E01022348,Gloucester 004C,Anti-social behaviour,,
1d321d6acbf977383ee0fbc8be3a7dacb3991e7c37b5d8aeb9167d4397a9ec75,2012-02,Gloucestershire Constabulary,Gloucestershire Constabulary,-2.264802,51.850630,On or near Stirrup Close,E01022348,Gloucester 004C,Burglary,Investigation complete; no suspect identified,
136a52236395daef5c1d28a64052f31f99d476487d609ac5470abb2063851ea2,2012-02,Gloucestershire Constabulary,Gloucestershire Constabulary,-2.273366,51.840756,On or near Netheridge Close,E01022348,Gloucester 004C,Burglary,,
62b7b0acf95e64f498f3115301b5bdf1521793992003c048cf3c4d46f8364552,2012-02,Gloucestershire Constabulary,Gloucestershire Constabulary,-2.262187,51.850294,On or near Soren Larsen Way,E01022348,Gloucester 004C,Criminal damage and arson,,
974a3a969dfd32ffe2666594e2df8a6fc8a081479e0c5b073f4c9aad55277616,2012-02,Gloucestershire Constabulary,Gloucestershire Constabulary,-2.250358,51.861333,On or near Southgate Street,E01022348,Gloucester 004C,Criminal damage and arson,Offender given conditional discharge,
3427a52d13bf51a65f8af3ca3651ce68e6b4ad0c7d870fea8ff0382f61d09c99,2012-02,Gloucestershire Constabulary,Gloucestershire Constabulary,-2.256717,51.861131,On or near Further/Higher Educational Building,E01022348,Gloucester 004C,Drugs,,
b86b111d685e6825db0d04cfe50a72a042827cb2eef00daf4e617c08b4f2976e,2012-02,Gloucestershire Constabulary,Gloucestershire Constabulary,-2.259230,51.861179,On or near Hemmingsdale Road,E01022348,Gloucester 004C,Other theft,,
ecf888ab3aca1423c2644c10c0b5ebccd51292ce076c09c6cc72addd4bac2ef7,2012-02,Gloucestershire Constabulary,Gloucestershire Constabulary,-2.250333,51.859472,On or near Somerset Place,E01022348,Gloucester 004C,Other theft,,
16880b937c82f0abfee243a3520b63d8b3c1af89cb6923089191d20cdb810bf8,2012-02,Gloucestershire Constabulary,Gloucestershire Constabulary,-2.250333,51.859472,On or near Somerset Place,E01022348,Gloucester 004C,Other theft,,
d67c71f641443573c64dbd90b7dc03231a06e37a8e60749f61c8f2a1ab5d612f,2012-02,Gloucestershire Constabulary,Gloucestershire Constabulary,-2.259230,51.861179,On or near Hemmingsdale Road,E01022348,Gloucester 004C,Other theft,,
c148530022571645a955ec8f459ffc00c872e5fb2fb19fc9684a61b2ab8c6f41,2012-02,Gloucestershire Constabulary,Gloucestershire Constabulary,-2.250358,51.861333,On or near Southgate Street,E01022348,Gloucester 004C,Other theft,,
084d190c067eff738691f72f367162711f59421c21dfa3ce7f5a9a0c58421062,2012-02,Gloucestershire Constabulary,Gloucestershire Constabulary,-2.250870,51.859381,On or near St Lukes Street,E01022348,Gloucester 004C,Other theft,,
4042c4d096055ca44cd040f20c3273db9e87811a1aa18b11ef1de50aec460053,2012-02,Gloucestershire Constabulary,Gloucestershire Constabulary,-2.262629,51.851489,On or near Secunda Way,E01022348,Gloucester 004C,Other theft,,
708cf51f5b87e26f13f0313f06c68fc11fc517326c01c6a6f4087f1adbecea80,2012-02,Gloucestershire Constabulary,Gloucestershire Constabulary,-2.269603,51.842617,On or near David Hook Way,E01022348,Gloucester 004C,Other theft,,
2f10fa85e0daa23284e2f6803fb4578a5c253429999c2e7594bf1e63a1afe739,2012-02,Gloucestershire Constabulary,Gloucestershire Constabulary,-2.258838,51.858645,On or near Petrol Station,E01022348,Gloucester 004C,Other theft,Investigation complete; no suspect identified,
3cecc0c829a13de9fd4afcbb794bc5284ee7c25bfe10d93eac95d7cf03d32216,2012-02,Gloucestershire Constabulary,Gloucestershire Constabulary,-2.250870,51.859381,On or near St Lukes Street,E01022348,Gloucester 004C,Shoplifting,Offender sent to prison,
40203176bd266535eef2daa6be682a422a44cfbe86ba6f82ee79c73a7c6377f4,2012-02,Gloucestershire Constabulary,Gloucestershire Constabulary,-2.250870,51.859381,On or near St Lukes Street,E01022348,Gloucester 004C,Shoplifting,Court result unavailable,
0d3d63c75706f851134a218ce3fd6d29f015ef132e04e3b47be06d7c54e07d17,2012-02,Gloucestershire Constabulary,Gloucestershire Constabulary,-2.253307,51.861444,On or near Llanthony Road,E01022348,Gloucester 004C,Shoplifting,Investigation complete; no suspect identified,
6335e8772947c4df3bee4efadce7cada759a3a71b94a6988cccd4bea511f5638,2012-02,Gloucestershire Constabulary,Gloucestershire Constabulary,-2.250870,51.859381,On or near St Lukes Street,E01022348,Gloucester 004C,Shoplifting,,
22e60f92dda026bc2d64b310af4120dff342be58fb200460cf0a6f12ad3fcb9a,2012-02,Gloucestershire Constabulary,Gloucestershire Constabulary,-2.250870,51.859381,On or near St Lukes Street,E01022348,Gloucester 004C,Shoplifting,,
bbad5818da1f5e54973da7ea26bfd1d633b568b8a54cef45d1f6de7c9c92e0c1,2012-02,Gloucestershire Constabulary,Gloucestershire Constabulary,-2.270097,51.849916,On or near High View,E01022348,Gloucester 004C,Vehicle crime,,
355cc61b05862c42e2a019a53740b6df94792e629320bdc8d35d7a216522d5d9,2012-02,Gloucestershire Constabulary,Gloucestershire Constabulary,-2.267737,51.848654,On or near Waters Reach,E01022348,Gloucester 004C,Vehicle crime,,
987bf6638feb1b7dbfb734e0ec659fbee35a4116cc44a26e022542fe5f80798a,2012-02,Gloucestershire Constabulary,Gloucestershire Constabulary,-2.266821,51.848332,On or near Bridge Close,E01022348,Gloucester 004C,Vehicle crime,,
227a666f8f850d0b7fddad04b65abeed917c477a4c7206a9d5bf1c84f146212a,2012-02,Gloucestershire Constabulary,Gloucestershire Constabulary,-2.263528,51.853743,On or near Sports/Recreation Area,E01022348,Gloucester 004C,Vehicle crime,,
6b7ea983df8d94bcf5a0c8689c33186b2cbf1e6469cbe5e35b0c50e0cf8c91bd,2012-02,Gloucestershire Constabulary,Gloucestershire Constabulary,-2.250358,51.861333,On or near Southgate Street,E01022348,Gloucester 004C,Violent crime,Offender given community sentence,
c17ccc9b1444c6500d626aa3fd0a43716027bbe4775520bda265d1beae8bb8d7,2012-02,Gloucestershire Constabulary,Gloucestershire Constabulary,-2.250358,51.861333,On or near Southgate Street,E01022348,Gloucester 004C,Violent crime,,
44ec6cde4581cb2365577aa7d4ebda749ad1117e8d1a3619ee46f7c959a5739f,2012-02,Gloucestershire Constabulary,Gloucestershire Constabulary,-2.250358,51.861333,On or near Southgate Street,E01022348,Gloucester 004C,Violent crime,Offender given conditional discharge,
f5ff5d0534e595752da2705e9a36b1052297fc55b94d35ee2a42f63d6ae88ef9,2012-02,Gloucestershire Constabulary,Gloucestershire Constabulary,-2.260814,51.853866,On or near Wharfside Close,E01022348,Gloucester 004C,Violent crime,,
6dae34218b092a0dcb9387b23606c7441b633fbfac4511b71a2c35e632aa8006,2012-02,Gloucestershire Constabulary,Gloucestershire Constabulary,-2.251646,51.860495,On or near Church Street,E01022348,Gloucester 004C,Other crime,Investigation complete; no suspect identified,
,2012-02,Gloucestershire Constabulary,Gloucestershire Constabulary,-2.255629,51.868973,On or near Petrol Station,E01032932,Gloucester 004E,Anti-social behaviour,,
,2012-02,Gloucestershire Constabulary,Gloucestershire Constabulary,-2.255629,51.868973,On or near Petrol Station,E01032932,Gloucester 004E,Anti-social behaviour,,
,2012-02,Gloucestershire Constabulary,Gloucestershire Constabulary,-2.245788,51.875306,On or near Suffolk Drive,E01032932,Gloucester 004E,Anti-social behaviour,,
,2012-02,Gloucestershire Constabulary,Gloucestershire Constabulary,-2.249165,51.871460,On or near Supermarket,E01032932,Gloucester 004E,Anti-social behaviour,,
,2012-02,Gloucestershire Constabulary,Gloucestershire Constabulary,-2.250082,51.869102,On or near Mount Street,E01032932,Gloucester 004E,Anti-social behaviour,,
,2012-02,Gloucestershire Constabulary,Gloucestershire Constabulary,-2.255057,51.873038,On or near Sports/Recreation Area,E01032932,Gloucester 004E,Anti-social behaviour,,
,2012-02,Gloucestershire Constabulary,Gloucestershire Constabulary,-2.249165,51.871460,On or near Supermarket,E01032932,Gloucester 004E,Anti-social behaviour,,
,2012-02,Gloucestershire Constabulary,Gloucestershire Constabulary,-2.249165,51.871460,On or near Supermarket,E01032932,Gloucester 004E,Anti-social behaviour,,
,2012-02,Gloucestershire Constabulary,Gloucestershire Constabulary,-2.246459,51.875844,On or near Shopping Area,E01032932,Gloucester 004E,Anti-social behaviour,,
dacbc38062a90878e3db04932eae013b2acfca0751983d65270d30aa413fc6f1,2012-02,Gloucestershire Constabulary,Gloucestershire Constabulary,-2.245788,51.875306,On or near Suffolk Drive,E01032932,Gloucester 004E,Burglary,,
0252fdeb6fd7c953fa45214309a444c5ca021d9cef73b4893937878abd623081,2012-02,Gloucestershire Constabulary,Gloucestershire Constabulary,-2.245788,51.875306,On or near Suffolk Drive,E01032932,Gloucester 004E,Burglary,,
45abb739b70d4b0241badd93168ba18c2ff47f14bbd82e462bda3f6bc8807d1d,2012-02,Gloucestershire Constabulary,Gloucestershire Constabulary,-2.255057,51.873038,On or near Sports/Recreation Area,E01032932,Gloucester 004E,Burglary,,
a26c2f35ec11b2ea62a74c8402753d20f6536db7f8491437362535b7f7a2220f,2012-02,Gloucestershire Constabulary,Gloucestershire Constabulary,-2.246459,51.875844,On or near Shopping Area,E01032932,Gloucester 004E,Criminal damage and arson,,
a33a7d3fef5577c402172705d8c521ad2f47f68d1cae618f03de77bfa172a56d,2012-02,Gloucestershire Constabulary,Gloucestershire Constabulary,-2.249165,51.871460,On or near Supermarket,E01032932,Gloucester 004E,Criminal damage and arson,,
3299ac0e9fdcf5baa49f5c973eeff737f68c5e80e64885691b662302aee15706,2012-02,Gloucestershire Constabulary,Gloucestershire Constabulary,-2.249846,51.868491,On or near Archdeacon Street,E01032932,Gloucester 004E,Criminal damage and arson,,
c5a5b50c9d6f2fcf243292735edc73f7439abfbc992ed56769a1b7f87cc86676,2012-02,Gloucestershire Constabulary,Gloucestershire Constabulary,-2.249165,51.871460,On or near Supermarket,E01032932,Gloucester 004E,Other theft,,
e7238a1c50ed41a23086db19072d0c2a14230ebf92029be98f7a7b4f8c85defe,2012-02,Gloucestershire Constabulary,Gloucestershire Constabulary,-2.255629,51.868973,On or near Petrol Station,E01032932,Gloucester 004E,Other theft,,
c1de6e842d2f1cf5fa4a0828abd39578d569db3b5cad238ef670612914f16130,2012-02,Gloucestershire Constabulary,Gloucestershire Constabulary,-2.249165,51.871460,On or near Supermarket,E01032932,Gloucester 004E,Other theft,,
42ec5482499469856ff3b6a2fefce556d5540a97c4abd21a8d3d571342419cb1,2012-02,Gloucestershire Constabulary,Gloucestershire Constabulary,-2.245788,51.875306,On or near Suffolk Drive,E01032932,Gloucester 004E,Shoplifting,,
8dab55111d1cdb7d3305dd00bd1cc2f44fc0775907a53db07364392d75ac38af,2012-02,Gloucestershire Constabulary,Gloucestershire Constabulary,-2.249165,51.871460,On or near Supermarket,E01032932,Gloucester 004E,Shoplifting,,
699fa0beb5dc751148d4c04acaa4ddfe3b582c1133dff487a79faef0646de8b7,2012-02,Gloucestershire Constabulary,Gloucestershire Constabulary,-2.255629,51.868973,On or near Petrol Station,E01032932,Gloucester 004E,Shoplifting,,
242596963381617266a67bbec11178e40de7a41a5c62af3d295e3633200a5147,2012-02,Gloucestershire Constabulary,Gloucestershire Constabulary,-2.255057,51.873038,On or near Sports/Recreation Area,E01032932,Gloucester 004E,Vehicle crime,Offender sent to prison,
b95b5954637e5508ceb4ce3b7ff76b82fd26ff325e16b364128a6ab85826cc90,2012-02,Gloucestershire Constabulary,Gloucestershire Constabulary,-2.250082,51.869102,On or near Mount Street,E01032932,Gloucester 004E,Vehicle crime,Investigation complete; no suspect identified,
53107e0f587e622cee758b8ccf3ea0159d399c24cbd3681eac91f76f9ebb9288,2012-02,Gloucestershire Constabulary,Gloucestershire Constabulary,-2.249165,51.871460,On or near Supermarket,E01032932,Gloucester 004E,Vehicle crime,,
37298c297bf7d90e0074b0a5d5fcf1a64e8455157deb95ff1789862e3ca058b9,2012-02,Gloucestershire Constabulary,Gloucestershire Constabulary,-2.255057,51.873038,On or near Sports/Recreation Area,E01032932,Gloucester 004E,Vehicle crime,Offender sent to prison,
fa327f22d38160709e85904e09cb184ad2d134c97343f620515c400fbfd55cca,2012-02,Gloucestershire Constabulary,Gloucestershire Constabulary,-2.255057,51.873038,On or near Sports/Recreation Area,E01032932,Gloucester 004E,Vehicle crime,Suspect charged as part of another case,
88eccfededa44a36d7b7d45f02e36f22363cb3749b707668a07f438f755c2f19,2012-02,Gloucestershire Constabulary,Gloucestershire Constabulary,-2.245788,51.875306,On or near Suffolk Drive,E01032932,Gloucester 004E,Vehicle crime,,
b07b1aacd2212d9468bda98fd2d1a9da8aa3e5ee62216b3a03864e9a07faf5f7,2012-02,Gloucestershire Constabulary,Gloucestershire Constabulary,-2.255057,51.873038,On or near Sports/Recreation Area,E01032932,Gloucester 004E,Violent crime,Offender sent to prison,
612db59bc4ddce5d61aa018e95ab8d3f18b074eedda5aa4e0708cc4405eee25f,2012-02,Gloucestershire Constabulary,Gloucestershire Constabulary,-2.245788,51.875306,On or near Suffolk Drive,E01032932,Gloucester 004E,Other crime,,
33b68afe77ac850a14beedb2952a08963ee67d526c64a7b0e94bdcadf0ff7c68,2012-02,Gloucestershire Constabulary,Gloucestershire Constabulary,-2.252052,51.865547,On or near Prison,E01032932,Gloucester 004E,Other crime,Offender sent to prison,
,2012-02,Gloucestershire Constabulary,Gloucestershire Constabulary,-2.247875,51.866688,On or near College Street,E01032937,Gloucester 004F,Anti-social behaviour,,
,2012-02,Gloucestershire Constabulary,Gloucestershire Constabulary,-2.251803,51.867831,On or near Westgate Street,E01032937,Gloucester 004F,Anti-social behaviour,,
,2012-02,Gloucestershire Constabulary,Gloucestershire Constabulary,-2.247461,51.865260,On or near Cross Keys Lane,E01032937,Gloucester 004F,Anti-social behaviour,,
,2012-02,Gloucestershire Constabulary,Gloucestershire Constabulary,-2.243157,51.864208,On or near Parking Area,E01032937,Gloucester 004F,Anti-social behaviour,,
,2012-02,Gloucestershire Constabulary,Gloucestershire Constabulary,-2.247122,51.866924,On or near Parking Area,E01032937,Gloucester 004F,Anti-social behaviour,,
,2012-02,Gloucestershire Constabulary,Gloucestershire Constabulary,-2.239884,51.863198,On or near Nettleton Road,E01032937,Gloucester 004F,Anti-social behaviour,,
,2012-02,Gloucestershire Constabulary,Gloucestershire Constabulary,-2.245159,51.866523,On or near St John'S Lane,E01032937,Gloucester 004F,Anti-social behaviour,,
,2012-02,Gloucestershire Constabulary,Gloucestershire Constabulary,-2.241977,51.863662,On or near Parking Area,E01032937,Gloucester 004F,Anti-social behaviour,,
,2012-02,Gloucestershire Constabulary,Gloucestershire Constabulary,-2.243321,51.864981,On or near Supermarket,E01032937,Gloucester 004F,Anti-social behaviour,,
,2012-02,Gloucestershire Constabulary,Gloucestershire Constabulary,-2.243321,51.864981,On or near Supermarket,E01032937,Gloucester 004F,Anti-social behaviour,,
,2012-02,Gloucestershire Constabulary,Gloucestershire Constabulary,-2.241819,51.866575,On or near Spread Eagle Road,E01032937,Gloucester 004F,Anti-social behaviour,,
,2012-02,Gloucestershire Constabulary,Gloucestershire Constabulary,-2.247875,51.866688,On or near College Street,E01032937,Gloucester 004F,Anti-social behaviour,,
,2012-02,Gloucestershire Constabulary,Gloucestershire Constabulary,-2.245750,51.865839,On or near Shopping Area,E01032937,Gloucester 004F,Anti-social behaviour,,
,2012-02,Gloucestershire Constabulary,Gloucestershire Constabulary,-2.241977,51.863662,On or near Parking Area,E01032937,Gloucester 004F,Anti-social behaviour,,
,2012-02,Gloucestershire Constabulary,Gloucestershire Constabulary,-2.241977,51.863662,On or near Parking Area,E01032937,Gloucester 004F,Anti-social behaviour,,
,2012-02,Gloucestershire Constabulary,Gloucestershire Constabulary,-2.245750,51.865839,On or near Shopping Area,E01032937,Gloucester 004F,Anti-social behaviour,,
,2012-02,Gloucestershire Constabulary,Gloucestershire Constabulary,-2.241218,51.862872,On or near Eastgate Street,E01032937,Gloucester 004F,Anti-social behaviour,,
,2012-02,Gloucestershire Constabulary,Gloucestershire Constabulary,-2.240396,51.863971,On or near Bedford Street,E01032937,Gloucester 004F,Anti-social behaviour,,
,2012-02,Gloucestershire Constabulary,Gloucestershire Constabulary,-2.245781,51.863420,On or near Shopping Area,E01032937,Gloucester 004F,Anti-social behaviour,,
,2012-02,Gloucestershire Constabulary,Gloucestershire Constabulary,-2.240396,51.863971,On or near Bedford Street,E01032937,Gloucester 004F,Anti-social behaviour,,
,2012-02,Gloucestershire Constabulary,Gloucestershire Constabulary,-2.245750,51.865839,On or near Shopping Area,E01032937,Gloucester 004F,Anti-social behaviour,,
,2012-02,Gloucestershire Constabulary,Gloucestershire Constabulary,-2.241819,51.866575,On or near Spread Eagle Road,E01032937,Gloucester 004F,Anti-social behaviour,,
,2012-02,Gloucestershire Constabulary,Gloucestershire Constabulary,-2.243321,51.864981,On or near Supermarket,E01032937,Gloucester 004F,Anti-social behaviour,,
,2012-02,Gloucestershire Constabulary,Gloucestershire Constabulary,-2.243667,51.864530,On or near Parking Area,E01032937,Gloucester 004F,Anti-social behaviour,,
,2012-02,Gloucestershire Constabulary,Gloucestershire Constabulary,-2.247461,51.865260,On or near Cross Keys Lane,E01032937,Gloucester 004F,Anti-social behaviour,,
,2012-02,Gloucestershire Constabulary,Gloucestershire Constabulary,-2.243321,51.864981,On or near Supermarket,E01032937,Gloucester 004F,Anti-social behaviour,,
,2012-02,Gloucestershire Constabulary,Gloucestershire Constabulary,-2.249632,51.866595,On or near Upper Quay Street,E01032937,Gloucester 004F,Anti-social behaviour,,
,2012-02,Gloucestershire Constabulary,Gloucestershire Constabulary,-2.241093,51.863906,On or near Russell Street,E01032937,Gloucester 004F,Anti-social behaviour,,
,2012-02,Gloucestershire Constabulary,Gloucestershire Constabulary,-2.251204,51.867221,On or near Lower Quay Street,E01032937,Gloucester 004F,Anti-social behaviour,,
,2012-02,Gloucestershire Constabulary,Gloucestershire Constabulary,-2.242432,51.864542,On or near Clarence Street,E01032937,Gloucester 004F,Anti-social behaviour,,
,2012-02,Gloucestershire Constabulary,Gloucestershire Constabulary,-2.243487,51.866140,On or near St Aldate Street,E01032937,Gloucester 004F,Anti-social behaviour,,
,2012-02,Gloucestershire Constabulary,Gloucestershire Constabulary,-2.240665,51.865391,On or near Bus/Coach Station,E01032937,Gloucester 004F,Anti-social behaviour,,
,2012-02,Gloucestershire Constabulary,Gloucestershire Constabulary,-2.247875,51.866688,On or near College Street,E01032937,Gloucester 004F,Anti-social behaviour,,
,2012-02,Gloucestershire Constabulary,Gloucestershire Constabulary,-2.243321,51.864981,On or near Supermarket,E01032937,Gloucester 004F,Anti-social behaviour,,
,2012-02,Gloucestershire Constabulary,Gloucestershire Constabulary,-2.245750,51.865839,On or near Shopping Area,E01032937,Gloucester 004F,Anti-social behaviour,,
,2012-02,Gloucestershire Constabulary,Gloucestershire Constabulary,-2.243637,51.867093,On or near Supermarket,E01032937,Gloucester 004F,Anti-social behaviour,,
,2012-02,Gloucestershire Constabulary,Gloucestershire Constabulary,-2.243321,51.864981,On or near Supermarket,E01032937,Gloucester 004F,Anti-social behaviour,,
,2012-02,Gloucestershire Constabulary,Gloucestershire Constabulary,-2.251803,51.867831,On or near Westgate Street,E01032937,Gloucester 004F,Anti-social behaviour,,
,2012-02,Gloucestershire Constabulary,Gloucestershire Constabulary,-2.247498,51.864136,On or near Southgate Street,E01032937,Gloucester 004F,Anti-social behaviour,,
,2012-02,Gloucestershire Constabulary,Gloucestershire Constabulary,-2.243321,51.864981,On or near Supermarket,E01032937,Gloucester 004F,Anti-social behaviour,,
,2012-02,Gloucestershire Constabulary,Gloucestershire Constabulary,-2.243157,51.864208,On or near Parking Area,E01032937,Gloucester 004F,Anti-social behaviour,,
,2012-02,Gloucestershire Constabulary,Gloucestershire Constabulary,-2.245781,51.863420,On or near Shopping Area,E01032937,Gloucester 004F,Anti-social behaviour,,
,2012-02,Gloucestershire Constabulary,Gloucestershire Constabulary,-2.240665,51.865391,On or near Bus/Coach Station,E01032937,Gloucester 004F,Anti-social behaviour,,
,2012-02,Gloucestershire Constabulary,Gloucestershire Constabulary,-2.244251,51.865167,On or near New Inn Lane,E01032937,Gloucester 004F,Anti-social behaviour,,
,2012-02,Gloucestershire Constabulary,Gloucestershire Constabulary,-2.247875,51.866688,On or near College Street,E01032937,Gloucester 004F,Anti-social behaviour,,
,2012-02,Gloucestershire Constabulary,Gloucestershire Constabulary,-2.245363,51.863969,On or near Shopping Area,E01032937,Gloucester 004F,Anti-social behaviour,,
,2012-02,Gloucestershire Constabulary,Gloucestershire Constabulary,-2.241977,51.863662,On or near Parking Area,E01032937,Gloucester 004F,Anti-social behaviour,,
,2012-02,Gloucestershire Constabulary,Gloucestershire Constabulary,-2.245781,51.863420,On or near Shopping Area,E01032937,Gloucester 004F,Anti-social behaviour,,
,2012-02,Gloucestershire Constabulary,Gloucestershire Constabulary,-2.241855,51.865172,On or near Shopping Area,E01032937,Gloucester 004F,Anti-social behaviour,,
,2012-02,Gloucestershire Constabulary,Gloucestershire Constabulary,-2.243010,51.866725,On or near Northgate Street,E01032937,Gloucester 004F,Anti-social behaviour,,
,2012-02,Gloucestershire Constabulary,Gloucestershire Constabulary,-2.245750,51.865839,On or near Shopping Area,E01032937,Gloucester 004F,Anti-social behaviour,,
,2012-02,Gloucestershire Constabulary,Gloucestershire Constabulary,-2.242248,51.862717,On or near Parking Area,E01032937,Gloucester 004F,Anti-social behaviour,,
,2012-02,Gloucestershire Constabulary,Gloucestershire Constabulary,-2.241819,51.866575,On or near Spread Eagle Road,E01032937,Gloucester 004F,Anti-social behaviour,,
,2012-02,Gloucestershire Constabulary,Gloucestershire Constabulary,-2.241819,51.866575,On or near Spread Eagle Road,E01032937,Gloucester 004F,Anti-social behaviour,,
,2012-02,Gloucestershire Constabulary,Gloucestershire Constabulary,-2.241977,51.863662,On or near Parking Area,E01032937,Gloucester 004F,Anti-social behaviour,,
,2012-02,Gloucestershire Constabulary,Gloucestershire Constabulary,-2.241218,51.862872,On or near Eastgate Street,E01032937,Gloucester 004F,Anti-social behaviour,,
,2012-02,Gloucestershire Constabulary,Gloucestershire Constabulary,-2.251803,51.867831,On or near Westgate Street,E01032937,Gloucester 004F,Anti-social behaviour,,
,2012-02,Gloucestershire Constabulary,Gloucestershire Constabulary,-2.243637,51.867093,On or near Supermarket,E01032937,Gloucester 004F,Anti-social behaviour,,
,2012-02,Gloucestershire Constabulary,Gloucestershire Constabulary,-2.241977,51.863662,On or near Parking Area,E01032937,Gloucester 004F,Anti-social behaviour,,
,2012-02,Gloucestershire Constabulary,Gloucestershire Constabulary,-2.245750,51.865839,On or near Shopping Area,E01032937,Gloucester 004F,Anti-social behaviour,,
,2012-02,Gloucestershire Constabulary,Gloucestershire Constabulary,-2.243487,51.866140,On or near St Aldate Street,E01032937,Gloucester 004F,Anti-social behaviour,,
,2012-02,Gloucestershire Constabulary,Gloucestershire Constabulary,-2.241819,51.866575,On or near Spread Eagle Road,E01032937,Gloucester 004F,Anti-social behaviour,,
,2012-02,Gloucestershire Constabulary,Gloucestershire Constabulary,-2.251803,51.867831,On or near Westgate Street,E01032937,Gloucester 004F,Anti-social behaviour,,
,2012-02,Gloucestershire Constabulary,Gloucestershire Constabulary,-2.241977,51.863662,On or near Parking Area,E01032937,Gloucester 004F,Anti-social behaviour,,
,2012-02,Gloucestershire Constabulary,Gloucestershire Constabulary,-2.241977,51.863662,On or near Parking Area,E01032937,Gloucester 004F,Anti-social behaviour,,
,2012-02,Gloucestershire Constabulary,Gloucestershire Constabulary,-2.241977,51.863662,On or near Parking Area,E01032937,Gloucester 004F,Anti-social behaviour,,
,2012-02,Gloucestershire Constabulary,Gloucestershire Constabulary,-2.247875,51.866688,On or near College Street,E01032937,Gloucester 004F,Anti-social behaviour,,
,2012-02,Gloucestershire Constabulary,Gloucestershire Constabulary,-2.245781,51.863420,On or near Shopping Area,E01032937,Gloucester 004F,Anti-social behaviour,,
,2012-02,Gloucestershire Constabulary,Gloucestershire Constabulary,-2.251803,51.867831,On or near Westgate Street,E01032937,Gloucester 004F,Anti-social behaviour,,
,2012-02,Gloucestershire Constabulary,Gloucestershire Constabulary,-2.251803,51.867831,On or near Westgate Street,E01032937,Gloucester 004F,Anti-social behaviour,,
,2012-02,Gloucestershire Constabulary,Gloucestershire Constabulary,-2.251667,51.866923,On or near Quay Street,E01032937,Gloucester 004F,Anti-social behaviour,,
,2012-02,Gloucestershire Constabulary,Gloucestershire Constabulary,-2.251803,51.867831,On or near Westgate Street,E01032937,Gloucester 004F,Anti-social behaviour,,
,2012-02,Gloucestershire Constabulary,Gloucestershire Constabulary,-2.245781,51.863420,On or near Shopping Area,E01032937,Gloucester 004F,Anti-social behaviour,,
,2012-02,Gloucestershire Constabulary,Gloucestershire Constabulary,-2.241977,51.863662,On or near Parking Area,E01032937,Gloucester 004F,Anti-social behaviour,,
,2012-02,Gloucestershire Constabulary,Gloucestershire Constabulary,-2.242432,51.864542,On or near Clarence Street,E01032937,Gloucester 004F,Anti-social behaviour,,
87b8c0ea19dec372d3403c16723408e92a8117edeb1534b0c32b388c9d6d28ed,2012-02,Gloucestershire Constabulary,Gloucestershire Constabulary,-2.243667,51.864530,On or near Parking Area,E01032937,Gloucester 004F,Burglary,,
ba0654540c8a1a1517aef67cdbb4b858d3c5ba0cbe41880b0f8b8b46dacea888,2012-02,Gloucestershire Constabulary,Gloucestershire Constabulary,-2.239884,51.863198,On or near Nettleton Road,E01032937,Gloucester 004F,Burglary,,
fc3d9317cbff9cb3d6204298bb9ef7e5cf97b99658492a4174944f4a943d745b,2012-02,Gloucestershire Constabulary,Gloucestershire Constabulary,-2.241095,51.864293,On or near Whitfield Street,E01032937,Gloucester 004F,Burglary,Investigation complete; no suspect identified,
261daf073f0f91e902f64e7daaa1340a370a6bc20f27b49ee74342f212a19677,2012-02,Gloucestershire Constabulary,Gloucestershire Constabulary,-2.243487,51.866140,On or near St Aldate Street,E01032937,Gloucester 004F,Burglary,Investigation complete; no suspect identified,
c4fbca58643823e10c1c10563878741b0077d8fadb79d631dd5e19ba987d5df9,2012-02,Gloucestershire Constabulary,Gloucestershire Constabulary,-2.243487,51.866140,On or near St Aldate Street,E01032937,Gloucester 004F,Burglary,,
b24f036d27f608145e24ac70dc26999cecd174a7c997fd555adc039dcfc08956,2012-02,Gloucestershire Constabulary,Gloucestershire Constabulary,-2.239884,51.863198,On or near Nettleton Road,E01032937,Gloucester 004F,Burglary,Investigation complete; no suspect identified,
1511c7237f543f3d9698428f7e5508dc6dca87c871341c5ca86f0eeb9061ba5d,2012-02,Gloucestershire Constabulary,Gloucestershire Constabulary,-2.246253,51.864840,On or near Parking Area,E01032937,Gloucester 004F,Burglary,Investigation complete; no suspect identified,
fd398913d66f01bcedc3c5c7f385a7b35d4b0db23db76914f463ff282afe71ff,2012-02,Gloucestershire Constabulary,Gloucestershire Constabulary,-2.241855,51.865172,On or near Shopping Area,E01032937,Gloucester 004F,Criminal damage and arson,,
aa7849b35b5626fa94391f9d63473f068845133f6887869f12438e73add6acb7,2012-02,Gloucestershire Constabulary,Gloucestershire Constabulary,-2.241977,51.863662,On or near Parking Area,E01032937,Gloucester 004F,Criminal damage and arson,Court result unavailable,
c0bf9b4e9034afaa75cf1330775199a3a55eeccb34d058fd8614d5ce98089956,2012-02,Gloucestershire Constabulary,Gloucestershire Constabulary,-2.246253,51.864840,On or near Parking Area,E01032937,Gloucester 004F,Criminal damage and arson,,
be8d7b33535f2f12e479c14660ff2a92d55cdae23c5da0b3c7c7b7640c17c7cc,2012-02,Gloucestershire Constabulary,Gloucestershire Constabulary,-2.241855,51.865172,On or near Shopping Area,E01032937,Gloucester 004F,Criminal damage and arson,Investigation complete; no suspect identified,
af5d2d347104b21a5168475876bbbfa65b67f8a46de2187903492129be82bf07,2012-02,Gloucestershire Constabulary,Gloucestershire Constabulary,-2.246253,51.864840,On or near Parking Area,E01032937,Gloucester 004F,Criminal damage and arson,,
b7e86a15c0f19252f31ff64bc15555ba01b68fdf82f4fd0376f215065c370028,2012-02,Gloucestershire Constabulary,Gloucestershire Constabulary,-2.249632,51.866595,On or near Upper Quay Street,E01032937,Gloucester 004F,Criminal damage and arson,,
55239795141228be275c250e031e5e120ed7f195b2110cf280be1ac1b6825c6f,2012-02,Gloucestershire Constabulary,Gloucestershire Constabulary,-2.243010,51.866725,On or near Northgate Street,E01032937,Gloucester 004F,Criminal damage and arson,,
039acb5c450913a04507fb5de6e3a4ff733eea0367b376f7ae256892175c8ac3,2012-02,Gloucestershire Constabulary,Gloucestershire Constabulary,-2.251204,51.867221,On or near Lower Quay Street,E01032937,Gloucester 004F,Criminal damage and arson,,
5856814bc2b00003b46150597f0ec65aca6cde461ce90a81e8886c4f9e51551e,2012-02,Gloucestershire Constabulary,Gloucestershire Constabulary,-2.251803,51.867831,On or near Westgate Street,E01032937,Gloucester 004F,Drugs,Court result unavailable,
6f8501f4dd01d5f3cb43a95dd5ed4d3ef348615b48c536e29bef89197b61dcc3,2012-02,Gloucestershire Constabulary,Gloucestershire Constabulary,-2.241855,51.865172,On or near Shopping Area,E01032937,Gloucester 004F,Drugs,Offender fined,
d39957cf7c5f8832ca93e1303eb513321c71ad128825e21d07d5e9a9acae7db3,2012-02,Gloucestershire Constabulary,Gloucestershire Constabulary,-2.244251,51.865167,On or near New Inn Lane,E01032937,Gloucester 004F,Drugs,,
819cae33e4b315531ee7164c64d46e5794d0f9fa86cfe4e896483fb620f122db,2012-02,Gloucestershire Constabulary,Gloucestershire Constabulary,-2.243487,51.866140,On or near St Aldate Street,E01032937,Gloucester 004F,Drugs,,
705d81bc78750c52eba4a6cf14182ba5c0f3aa6323a78f8bb06a643bb0ee069a,2012-02,Gloucestershire Constabulary,Gloucestershire Constabulary,-2.245363,51.863969,On or near Shopping Area,E01032937,Gloucester 004F,Drugs,,
f6d1f7238a61c386f0e0bdb37209750b55e94c26e1929cfd35495347e29ac87f,2012-02,Gloucestershire Constabulary,Gloucestershire Constabulary,-2.243487,51.866140,On or near St Aldate Street,E01032937,Gloucester 004F,Drugs,,
9bce5e53c416dd42b2f2f6a6ce0da330c11a8b0f17ee169394ed1ede25195e5c,2012-02,Gloucestershire Constabulary,Gloucestershire Constabulary,-2.245363,51.863969,On or near Shopping Area,E01032937,Gloucester 004F,Drugs,,
7416512a8828eb03fd84249a64d8dae9f677cb27f2346e83604dd8ae0b30111c,2012-02,Gloucestershire Constabulary,Gloucestershire Constabulary,-2.241218,51.862872,On or near Eastgate Street,E01032937,Gloucester 004F,Other theft,,
5b6afcb379813bd23c50379c832115cbc68098f317e2953b0041a43ce5209c01,2012-02,Gloucestershire Constabulary,Gloucestershire Constabulary,-2.244251,51.865167,On or near New Inn Lane,E01032937,Gloucester 004F,Other theft,,
8ac862644d64cbb3162bb0556723f2d51a45cbd4022420d482df32b9576f5cc4,2012-02,Gloucestershire Constabulary,Gloucestershire Constabulary,-2.239581,51.863613,On or near Parking Area,E01032937,Gloucester 004F,Other theft,,
3fa1dd8b76a0dd6bd78dbb93dfb260fc06565cf5193c1e770f44368f07fd0900,2012-02,Gloucestershire Constabulary,Gloucestershire Constabulary,-2.241855,51.865172,On or near Shopping Area,E01032937,Gloucester 004F,Other theft,,
a508c18d8c5cd6ae6d015950b4e8dcbad9ad387bf5e4bec397ba01f110cd9284,2012-02,Gloucestershire Constabulary,Gloucestershire Constabulary,-2.241218,51.862872,On or near Eastgate Street,E01032937,Gloucester 004F,Other theft,,
ba630f9ae3aac4fcf057b37797f4202aa99442de392def39e67b7dfda4d8a956,2012-02,Gloucestershire Constabulary,Gloucestershire Constabulary,-2.243157,51.864208,On or near Parking Area,E01032937,Gloucester 004F,Other theft,,
6da1ff9ae2618de15481eb2f3bb50df3c665869bc9543ae3dfc3e481a9cf1b92,2012-02,Gloucestershire Constabulary,Gloucestershire Constabulary,-2.241093,51.863906,On or near Russell Street,E01032937,Gloucester 004F,Other theft,,
d5671ffd887580c11173d7ced70cac1da5759d256d04a41f176c28491916e254,2012-02,Gloucestershire Constabulary,Gloucestershire Constabulary,-2.241977,51.863662,On or near Parking Area,E01032937,Gloucester 004F,Other theft,,
6620317dfe506bd69ac9f20201db3c041190daa119536ed50efb69077bcf24aa,2012-02,Gloucestershire Constabulary,Gloucestershire Constabulary,-2.246253,51.864840,On or near Parking Area,E01032937,Gloucester 004F,Other theft,,
9a28fbb0b62267af0f4d493c3eaf508a7ed4b8ec2b4668a4fbd50820e5f20e93,2012-02,Gloucestershire Constabulary,Gloucestershire Constabulary,-2.243157,51.864208,On or near Parking Area,E01032937,Gloucester 004F,Other theft,,
3734bf5aa10c8fbff16d5c344a2b5412e6fe1e647cde90c880a016bc4ed45486,2012-02,Gloucestershire Constabulary,Gloucestershire Constabulary,-2.247875,51.866688,On or near College Street,E01032937,Gloucester 004F,Other theft,,
7588ff2e145c49dcadec15d4bfd2e286c7ac9e4e7243b2a3c940aab037459e5d,2012-02,Gloucestershire Constabulary,Gloucestershire Constabulary,-2.241855,51.865172,On or near Shopping Area,E01032937,Gloucester 004F,Other theft,,
0329c079e77c5579fa4a0d4036af649bf8e46f5a9174e44b093f0aa6a1e9944f,2012-02,Gloucestershire Constabulary,Gloucestershire Constabulary,-2.246253,51.864840,On or near Parking Area,E01032937,Gloucester 004F,Other theft,,
879308574a91bc321b3540953342571ee9889073b100fa0a2036f85514718440,2012-02,Gloucestershire Constabulary,Gloucestershire Constabulary,-2.241855,51.865172,On or near Shopping Area,E01032937,Gloucester 004F,Other theft,Offender given community sentence,
571eb4c1879fd31fd06fa990f12f085ccf038861dce7e06999b700235d4a26fd,2012-02,Gloucestershire Constabulary,Gloucestershire Constabulary,-2.247875,51.866688,On or near College Street,E01032937,Gloucester 004F,Other theft,Investigation complete; no suspect identified,
c3d6fa768a374be929c0f9213be055b5148c288fc3c2918cf994ae0e3e013978,2012-02,Gloucestershire Constabulary,Gloucestershire Constabulary,-2.247875,51.866688,On or near College Street,E01032937,Gloucester 004F,Other theft,,
f94a02bc91affbf52e42b7921be699478cf92aaa3caa5c0fb603d77e54437139,2012-02,Gloucestershire Constabulary,Gloucestershire Constabulary,-2.241855,51.865172,On or near Shopping Area,E01032937,Gloucester 004F,Other theft,,
9277e96f27c0e229bcdecc73c9fcfe61127056d6d730d5d9c45303c8a1426936,2012-02,Gloucestershire Constabulary,Gloucestershire Constabulary,-2.243010,51.866725,On or near Northgate Street,E01032937,Gloucester 004F,Other theft,,
f5dcf9380a498714beb9533b4091ecfe8e66e9f4ad37da8d9d2176c7ce95ff67,2012-02,Gloucestershire Constabulary,Gloucestershire Constabulary,-2.243157,51.864208,On or near Parking Area,E01032937,Gloucester 004F,Other theft,,
2137262199663ec333772a83c97b544adee056b8f3928fd47ad2d19193787e25,2012-02,Gloucestershire Constabulary,Gloucestershire Constabulary,-2.247498,51.864136,On or near Southgate Street,E01032937,Gloucester 004F,Other theft,,
317434395733fea44495c6bd3726fe86c8b86ef8b95a25279ca68758d40eb9b2,2012-02,Gloucestershire Constabulary,Gloucestershire Constabulary,-2.247498,51.864136,On or near Southgate Street,E01032937,Gloucester 004F,Other theft,,
8d78a9cd0349e447cc2c1e4f9a3066158fbc412fdcfd831e4a989c2418fa6ebd,2012-02,Gloucestershire Constabulary,Gloucestershire Constabulary,-2.247498,51.864136,On or near Southgate Street,E01032937,Gloucester 004F,Other theft,,
ef3837e11065ce23c3136899b0466d6f64e591f88608d390a23beb3c1529dd8b,2012-02,Gloucestershire Constabulary,Gloucestershire Constabulary,-2.246253,51.864840,On or near Parking Area,E01032937,Gloucester 004F,Other theft,,
39af27f0bc8bd068f7390ad1e38cb8c4f250370e3397a9ae3b97bd1bd92f8a48,2012-02,Gloucestershire Constabulary,Gloucestershire Constabulary,-2.243487,51.866140,On or near St Aldate Street,E01032937,Gloucester 004F,Other theft,,
182a0d3ac9c9935e05e3e20dc2913a8111d094ca0d9565bf3588e1f9714da587,2012-02,Gloucestershire Constabulary,Gloucestershire Constabulary,-2.241855,51.865172,On or near Shopping Area,E01032937,Gloucester 004F,Other theft,,
d3fdcffbbb411aa059e865a12145b275bb86ac0e059ecb949856f83fbf6dddb0,2012-02,Gloucestershire Constabulary,Gloucestershire Constabulary,-2.243487,51.866140,On or near St Aldate Street,E01032937,Gloucester 004F,Other theft,,
5f78fac2619eba68cd9d48304ec2bf5e8f8b6ee7c5f477c6f1c9486b5f6ff91b,2012-02,Gloucestershire Constabulary,Gloucestershire Constabulary,-2.247461,51.865260,On or near Cross Keys Lane,E01032937,Gloucester 004F,Other theft,,
113837584c14a6683a89ff887e1b4a598d2719b4d19e07d51521468df581b32d,2012-02,Gloucestershire Constabulary,Gloucestershire Constabulary,-2.242432,51.864542,On or near Clarence Street,E01032937,Gloucester 004F,Other theft,,
dd37e2f6472680256c110ded90eb7cc09d90b74072f120495624fa880e3d6feb,2012-02,Gloucestershire Constabulary,Gloucestershire Constabulary,-2.240665,51.865391,On or near Bus/Coach Station,E01032937,Gloucester 004F,Public disorder and weapons,,
8b88f3c41bc1f15004b528dd576990075368ca34c0be12218f8a5fd9bb89a7ff,2012-02,Gloucestershire Constabulary,Gloucestershire Constabulary,-2.248449,51.867991,On or near St Mary'S Square,E01032937,Gloucester 004F,Public disorder and weapons,Defendant found not guilty,
c0d99d0a196e2d9d58b9acfede46c0a9cad6d85fc4bdde120072dccaccc9b0da,2012-02,Gloucestershire Constabulary,Gloucestershire Constabulary,-2.246253,51.864840,On or near Parking Area,E01032937,Gloucester 004F,Public disorder and weapons,,
7e66aefe4488d685108d56669ff814b87e5406b56d129db9433f194d4b9bf3af,2012-02,Gloucestershire Constabulary,Gloucestershire Constabulary,-2.246253,51.864840,On or near Parking Area,E01032937,Gloucester 004F,Public disorder and weapons,Offender sent to prison,
c8a5c02be7334015d944b86ad74b52838c8a2c164f12f6f8174801bb5bb4b946,2012-02,Gloucestershire Constabulary,Gloucestershire Constabulary,-2.247875,51.866688,On or near College Street,E01032937,Gloucester 004F,Public disorder and weapons,Investigation complete; no suspect identified,
b00f0d7b34619faffd51f7488a1eabffc672ba5d44c0be8adf592b7eb2104feb,2012-02,Gloucestershire Constabulary,Gloucestershire Constabulary,-2.243157,51.864208,On or near Parking Area,E01032937,Gloucester 004F,Public disorder and weapons,Offender given community sentence,
5355edea06e47b42dc62f44d7916d2f078464897aef6ae20ac418283a1eb8f4a,2012-02,Gloucestershire Constabulary,Gloucestershire Constabulary,-2.246253,51.864840,On or near Parking Area,E01032937,Gloucester 004F,Public disorder and weapons,Investigation complete; no suspect identified,
feb2ab81af2b01309d104b25d1222c7e636e58c283ba9dc190f16a0b15146ce8,2012-02,Gloucestershire Constabulary,Gloucestershire Constabulary,-2.241855,51.865172,On or near Shopping Area,E01032937,Gloucester 004F,Public disorder and weapons,,
9c72047d7263c269b5eb1ce0c405f7c0dba85e3d3e0ddb48835069ca5d4f35b2,2012-02,Gloucestershire Constabulary,Gloucestershire Constabulary,-2.243157,51.864208,On or near Parking Area,E01032937,Gloucester 004F,Public disorder and weapons,,
ef3f0eb32d098b968bdeade55b9bd2a44593348d3ecc98b94dafd88f27cbece5,2012-02,Gloucestershire Constabulary,Gloucestershire Constabulary,-2.243010,51.866725,On or near Northgate Street,E01032937,Gloucester 004F,Public disorder and weapons,,
d2490cf78f729ba0e6e46492c64aa3513ad30995a8d6aac68c1fa4a0c22bf530,2012-02,Gloucestershire Constabulary,Gloucestershire Constabulary,-2.247498,51.864136,On or near Southgate Street,E01032937,Gloucester 004F,Public disorder and weapons,Investigation complete; no suspect identified,
1c80b008c989d447707c152790a2d5b521d10b117772b9b8b7dcabdd48af7bac,2012-02,Gloucestershire Constabulary,Gloucestershire Constabulary,-2.243487,51.866140,On or near St Aldate Street,E01032937,Gloucester 004F,Robbery,,
fe2e7029397cd0f5c86414b84e37df203be6f9690d0479943e794264f40a83c4,2012-02,Gloucestershire Constabulary,Gloucestershire Constabulary,-2.243667,51.864530,On or near Parking Area,E01032937,Gloucester 004F,Shoplifting,Local resolution,
b665367547f6c219f210b00c3d99e18b80c9f51d66c342b923d341f15404171a,2012-02,Gloucestershire Constabulary,Gloucestershire Constabulary,-2.243487,51.866140,On or near St Aldate Street,E01032937,Gloucester 004F,Shoplifting,,
d1494e6a651c661e73e90f03d9d927c177c3cce761d5a8fb81f3023f3f693945,2012-02,Gloucestershire Constabulary,Gloucestershire Constabulary,-2.241086,51.865246,On or near Supermarket,E01032937,Gloucester 004F,Shoplifting,,
34390c5a6041f6fe80951679810d6cee23b148d6c310f5b9270b45957cd46f27,2012-02,Gloucestershire Constabulary,Gloucestershire Constabulary,-2.245159,51.866523,On or near St John'S Lane,E01032937,Gloucester 004F,Shoplifting,Offender fined,
ec00bfade7180b71ae0bddc1fecfc8fa00e9a5f3fa4941dda852cbecabe7f7ed,2012-02,Gloucestershire Constabulary,Gloucestershire Constabulary,-2.243157,51.864208,On or near Parking Area,E01032937,Gloucester 004F,Shoplifting,Local resolution,
306aa60d5044fdf73923c24ac543631168dd1ff6abb9bb8dba63dfeb2c94fefe,2012-02,Gloucestershire Constabulary,Gloucestershire Constabulary,-2.246253,51.864840,On or near Parking Area,E01032937,Gloucester 004F,Shoplifting,,
d517326e836d87147d53571ea4511e575c50319775b23afc700d192886571e32,2012-02,Gloucestershire Constabulary,Gloucestershire Constabulary,-2.241086,51.865246,On or near Supermarket,E01032937,Gloucester 004F,Shoplifting,Investigation complete; no suspect identified,
7aaa62f65ef7d3dc7b83b11009850fcc661739f71666a4b6f7738d0f3c85f89c,2012-02,Gloucestershire Constabulary,Gloucestershire Constabulary,-2.245750,51.865839,On or near Shopping Area,E01032937,Gloucester 004F,Shoplifting,,
7cc3e662f98adb3e9cd8b6dd91d61a718d4dcb8b422d33d8219b12863a40c625,2012-02,Gloucestershire Constabulary,Gloucestershire Constabulary,-2.244251,51.865167,On or near New Inn Lane,E01032937,Gloucester 004F,Shoplifting,Offender given suspended prison sentence,
5a1249b93faeba3d6777a35eb84ad5747cf5c0ceb7355dea7a33bfb104299f78,2012-02,Gloucestershire Constabulary,Gloucestershire Constabulary,-2.242432,51.864542,On or near Clarence Street,E01032937,Gloucester 004F,Shoplifting,,
46bd05db27390f8416d2c14e94bd6ce1d97d1af21e35a5a80adee42ab9041a06,2012-02,Gloucestershire Constabulary,Gloucestershire Constabulary,-2.242432,51.864542,On or near Clarence Street,E01032937,Gloucester 004F,Shoplifting,,
16d0e3108e60718745e792882f52c4c6b77a19c94374ba9a2b2f5ccaa2453553,2012-02,Gloucestershire Constabulary,Gloucestershire Constabulary,-2.243010,51.866725,On or near Northgate Street,E01032937,Gloucester 004F,Shoplifting,Suspect charged as part of another case,
723c23ad7d3e803a494e53ba0a14a0cc8cc6766ba1bef1839670d346b00df0a1,2012-02,Gloucestershire Constabulary,Gloucestershire Constabulary,-2.243157,51.864208,On or near Parking Area,E01032937,Gloucester 004F,Shoplifting,,
f980533bca46a0e455536a4b564bd4ec881b38433f2ac4181c549348d37f1853,2012-02,Gloucestershire Constabulary,Gloucestershire Constabulary,-2.243487,51.866140,On or near St Aldate Street,E01032937,Gloucester 004F,Shoplifting,Offender given community sentence,
d4f1636f8fbd43ff1ffcf4215acb324fef0c34e0785ddb2eae9353380096a48a,2012-02,Gloucestershire Constabulary,Gloucestershire Constabulary,-2.246253,51.864840,On or near Parking Area,E01032937,Gloucester 004F,Shoplifting,Offender sent to prison,
97b63d0a9044b9995de1008fa1eb9b764881364574bd6796e223b17c500e02ad,2012-02,Gloucestershire Constabulary,Gloucestershire Constabulary,-2.243487,51.866140,On or near St Aldate Street,E01032937,Gloucester 004F,Shoplifting,Offender given suspended prison sentence,
5a5ccec23f30c27c5e4ee9bfdc3f4847713d312a7f8862c5c1169f7d70710cfe,2012-02,Gloucestershire Constabulary,Gloucestershire Constabulary,-2.243157,51.864208,On or near Parking Area,E01032937,Gloucester 004F,Shoplifting,,
7f087038b5c544e7574ed9add205780b65e376c92676b7cbf9dc09ba380bc52b,2012-02,Gloucestershire Constabulary,Gloucestershire Constabulary,-2.243637,51.867093,On or near Supermarket,E01032937,Gloucester 004F,Shoplifting,,
d0f6fe6db69fd3bbaca2720722e13aab089700f2e27cf3127778896ad8f96284,2012-02,Gloucestershire Constabulary,Gloucestershire Constabulary,-2.245363,51.863969,On or near Shopping Area,E01032937,Gloucester 004F,Shoplifting,,
7a5c64fe40c06e61a1591d02c493e7395d6c8bd1a97a40face67751f56cfe22a,2012-02,Gloucestershire Constabulary,Gloucestershire Constabulary,-2.245750,51.865839,On or near Shopping Area,E01032937,Gloucester 004F,Shoplifting,Offender sent to prison,
94aac13bc277e4b43f722ffdf6f28ccb160afd561096ea993952dca933d23d43,2012-02,Gloucestershire Constabulary,Gloucestershire Constabulary,-2.245363,51.863969,On or near Shopping Area,E01032937,Gloucester 004F,Shoplifting,Offender sent to prison,
15244652aa0173ec73da79dea35fe43c1de727098c93178b21934959289f1c49,2012-02,Gloucestershire Constabulary,Gloucestershire Constabulary,-2.243487,51.866140,On or near St Aldate Street,E01032937,Gloucester 004F,Shoplifting,Local resolution,
b9ad8bc10f73488a863c4bc57867eaaa211844a6d48a47591c33f2a55f704e03,2012-02,Gloucestershire Constabulary,Gloucestershire Constabulary,-2.245750,51.865839,On or near Shopping Area,E01032937,Gloucester 004F,Shoplifting,Court result unavailable,
74b9e6b36dfc514ea742cfbe766c2a6d36506e6c79722e2585111e54b050a54e,2012-02,Gloucestershire Constabulary,Gloucestershire Constabulary,-2.243637,51.867093,On or near Supermarket,E01032937,Gloucester 004F,Shoplifting,,
dd2693edb748088563d4502ddf66458cf0a4b4aeeea7c3809b3b7eaee198ccb6,2012-02,Gloucestershire Constabulary,Gloucestershire Constabulary,-2.243487,51.866140,On or near St Aldate Street,E01032937,Gloucester 004F,Shoplifting,,
d67dd196d454eae05cef4676f10fa63bddc3cd7cf840f7844a60816eb5f36a58,2012-02,Gloucestershire Constabulary,Gloucestershire Constabulary,-2.243157,51.864208,On or near Parking Area,E01032937,Gloucester 004F,Shoplifting,,
ec01490fe86aeb892d6bd5f79cc094340026e3325b19e8e027ada31df3cfcfde,2012-02,Gloucestershire Constabulary,Gloucestershire Constabulary,-2.243157,51.864208,On or near Parking Area,E01032937,Gloucester 004F,Shoplifting,,
dc2e6ffd2329801ac786a40dc66dc72bbb412016b7249ca6ecdce9bcb18a31ef,2012-02,Gloucestershire Constabulary,Gloucestershire Constabulary,-2.243157,51.864208,On or near Parking Area,E01032937,Gloucester 004F,Shoplifting,,
2f786f37683dd334c58fa41dc685873dda404d8d861a744de98f6024a98a80e7,2012-02,Gloucestershire Constabulary,Gloucestershire Constabulary,-2.243010,51.866725,On or near Northgate Street,E01032937,Gloucester 004F,Shoplifting,Investigation complete; no suspect identified,
a498a29616a6b6b4a2a24252cb430c7393181c7ae60488a148652f925c0bedf9,2012-02,Gloucestershire Constabulary,Gloucestershire Constabulary,-2.243157,51.864208,On or near Parking Area,E01032937,Gloucester 004F,Shoplifting,Local resolution,
ca7f6736e0e1029c775c89c290b759d34a44b5367e008f38b794921cf3f2d934,2012-02,Gloucestershire Constabulary,Gloucestershire Constabulary,-2.243157,51.864208,On or near Parking Area,E01032937,Gloucester 004F,Shoplifting,,
d974ead0bd445afb07406f6c71f6880443f9f491c6df0fd7355ac93652fa3141,2012-02,Gloucestershire Constabulary,Gloucestershire Constabulary,-2.245750,51.865839,On or near Shopping Area,E01032937,Gloucester 004F,Shoplifting,Offender sent to prison,
1ca43fdf1255e08969290e25c5b212c68d1d27a1c18eb1fab49d092837cf319d,2012-02,Gloucestershire Constabulary,Gloucestershire Constabulary,-2.245750,51.865839,On or near Shopping Area,E01032937,Gloucester 004F,Shoplifting,Offender given community sentence,
69ce7bd9c0ce50a3cd887ad061731b0371eb38980fbb6218a1b9144aa48947b2,2012-02,Gloucestershire Constabulary,Gloucestershire Constabulary,-2.243321,51.864981,On or near Supermarket,E01032937,Gloucester 004F,Shoplifting,Offender sent to prison,
7d140f513020c830c41f4dec5ecae2aa4a848aea561d83130afec7d3f151de4a,2012-02,Gloucestershire Constabulary,Gloucestershire Constabulary,-2.243157,51.864208,On or near Parking Area,E01032937,Gloucester 004F,Shoplifting,,
43afa6c6d0763d7bd683c0289d95cf4515feea3ef7cefde39a1efc5bd8a75796,2012-02,Gloucestershire Constabulary,Gloucestershire Constabulary,-2.243487,51.866140,On or near St Aldate Street,E01032937,Gloucester 004F,Shoplifting,Offender given conditional discharge,
ef5eb7578929eee74ff8ab2c843fdb7f6429d902d3bea745018efd30eec71479,2012-02,Gloucestershire Constabulary,Gloucestershire Constabulary,-2.244210,51.865626,On or near The Oxebode,E01032937,Gloucester 004F,Shoplifting,Offender given suspended prison sentence,
3a034329a083e754ef7869acd25a8e6938d7f7e722653f3779c996fdb9ed0c9a,2012-02,Gloucestershire Constabulary,Gloucestershire Constabulary,-2.243010,51.866725,On or near Northgate Street,E01032937,Gloucester 004F,Shoplifting,Offender sent to prison,
5c402c7538ca586e77b110f715e236309a64fda71efe005389a5017bdcff156f,2012-02,Gloucestershire Constabulary,Gloucestershire Constabulary,-2.245750,51.865839,On or near Shopping Area,E01032937,Gloucester 004F,Shoplifting,,
b547683fd18d1151e06caeef2780d7d70f14234abbe27e349fcf2e1c1bd55845,2012-02,Gloucestershire Constabulary,Gloucestershire Constabulary,-2.243667,51.864530,On or near Parking Area,E01032937,Gloucester 004F,Shoplifting,,
8d85fdd68972da8b3ae1383f1e4c2e40a326a17120e4d4389272992848b80e00,2012-02,Gloucestershire Constabulary,Gloucestershire Constabulary,-2.245363,51.863969,On or near Shopping Area,E01032937,Gloucester 004F,Shoplifting,,
0da5d8c64f142cacc094f16a1279726c4c9aaea0b8a89c9f7f99c1787ea42d2a,2012-02,Gloucestershire Constabulary,Gloucestershire Constabulary,-2.243487,51.866140,On or near St Aldate Street,E01032937,Gloucester 004F,Shoplifting,,
953c8afa2378cb471afa3ba2b741100218c6c7a9d4b5d3f975efcda4dbac9d6d,2012-02,Gloucestershire Constabulary,Gloucestershire Constabulary,-2.245750,51.865839,On or near Shopping Area,E01032937,Gloucester 004F,Shoplifting,Investigation complete; no suspect identified,
2289dce40029b841db6b9ed5c133e6d34434c3c3ff838f73417f8b49a4fedcd6,2012-02,Gloucestershire Constabulary,Gloucestershire Constabulary,-2.246253,51.864840,On or near Parking Area,E01032937,Gloucester 004F,Shoplifting,Investigation complete; no suspect identified,
5084de9c9838c9a2970b680ee5f7d9d750d514afd3843a8b5c51c0ea873689f5,2012-02,Gloucestershire Constabulary,Gloucestershire Constabulary,-2.246253,51.864840,On or near Parking Area,E01032937,Gloucester 004F,Shoplifting,Suspect charged as part of another case,
7faa7c0295456ba8d2e0f312b78f58a3e6bc36022f0cda2267ab49f03331f548,2012-02,Gloucestershire Constabulary,Gloucestershire Constabulary,-2.247461,51.865260,On or near Cross Keys Lane,E01032937,Gloucester 004F,Shoplifting,Offender sent to prison,
52e6153de091b44ecca010e26187aa4b78e1a77c050ee1ea0213006e2c6c1300,2012-02,Gloucestershire Constabulary,Gloucestershire Constabulary,-2.245750,51.865839,On or near Shopping Area,E01032937,Gloucester 004F,Shoplifting,Offender given community sentence,
0c93a0e71d4ca7b63227bdf1db982fdc9db9ee78b940cc5b324924cd2d2b8c8b,2012-02,Gloucestershire Constabulary,Gloucestershire Constabulary,-2.244161,51.864547,On or near Shopping Area,E01032937,Gloucester 004F,Shoplifting,,
202cc8363f98c8bf4bc1fdcc563fba41b49f865878fe02e758c5c8d2ebec4939,2012-02,Gloucestershire Constabulary,Gloucestershire Constabulary,-2.244161,51.864547,On or near Shopping Area,E01032937,Gloucester 004F,Shoplifting,Offender sent to prison,
2e8cc604274ea3fb9f29118c9f0df46ca084adc96247abbe900d785542e0dd98,2012-02,Gloucestershire Constabulary,Gloucestershire Constabulary,-2.244251,51.865167,On or near New Inn Lane,E01032937,Gloucester 004F,Shoplifting,Offender given suspended prison sentence,
cfed00be3ed1090873ccb47e0edb3327cd938cf1ccb978c1cbb95bca48051a79,2012-02,Gloucestershire Constabulary,Gloucestershire Constabulary,-2.245363,51.863969,On or near Shopping Area,E01032937,Gloucester 004F,Shoplifting,Investigation complete; no suspect identified,
a32b5584de1631e8368844028d10721375d4e7b68e1efd25bdb9adada6cf6e94,2012-02,Gloucestershire Constabulary,Gloucestershire Constabulary,-2.241855,51.865172,On or near Shopping Area,E01032937,Gloucester 004F,Vehicle crime,,
c7bc84457ffa895beb612a926e2551fe4bf9cb725ccc5b8fcc035a511116b6db,2012-02,Gloucestershire Constabulary,Gloucestershire Constabulary,-2.248449,51.867991,On or near St Mary'S Square,E01032937,Gloucester 004F,Vehicle crime,Investigation complete; no suspect identified,
571d214cd07415de2f4c0e53f9baee6d3f2c4e56ffacf49457f5879c53c2d497,2012-02,Gloucestershire Constabulary,Gloucestershire Constabulary,-2.248449,51.867991,On or near St Mary'S Square,E01032937,Gloucester 004F,Vehicle crime,,
646ea631b6e57aaec75ff19662e3c552538f29a17b7152a3f05050d21212d3b3,2012-02,Gloucestershire Constabulary,Gloucestershire Constabulary,-2.241093,51.863906,On or near Russell Street,E01032937,Gloucester 004F,Vehicle crime,Investigation complete; no suspect identified,
6d4b69ed95f0b80c4269a4288b3d62fec6e21de07a51fcd005634082c26d67dc,2012-02,Gloucestershire Constabulary,Gloucestershire Constabulary,-2.243487,51.866140,On or near St Aldate Street,E01032937,Gloucester 004F,Violent crime,,
1b99e9c5de60812292f95c86b2996562b1e546e264a21f7598b7b2bf0b7f2dbd,2012-02,Gloucestershire Constabulary,Gloucestershire Constabulary,-2.251803,51.867831,On or near Westgate Street,E01032937,Gloucester 004F,Violent crime,,
ab866395da45673dfe9ba2bcdcddec5eddb803a83122fc39577a9a410a4bc792,2012-02,Gloucestershire Constabulary,Gloucestershire Constabulary,-2.243010,51.866725,On or near Northgate Street,E01032937,Gloucester 004F,Violent crime,,
19ca14ffb00ad62d2effcd2560aa4e1fc25abac7be09c115423ab701b25a4b68,2012-02,Gloucestershire Constabulary,Gloucestershire Constabulary,-2.243157,51.864208,On or near Parking Area,E01032937,Gloucester 004F,Violent crime,,
5010bb6ca6896e8304341808771d391e5c2699e8d2ee3dc71e08731a0b0626ef,2012-02,Gloucestershire Constabulary,Gloucestershire Constabulary,-2.246253,51.864840,On or near Parking Area,E01032937,Gloucester 004F,Violent crime,,
33d444469b778171cc2fe523780c23a8b2cea3b2dc931352cffaa2e55960bcaf,2012-02,Gloucestershire Constabulary,Gloucestershire Constabulary,-2.247498,51.864136,On or near Southgate Street,E01032937,Gloucester 004F,Violent crime,,
5425b36e44c1ce9c516ec22562cda3a026c20e820d1a8fe67b85ca75aa09d1e0,2012-02,Gloucestershire Constabulary,Gloucestershire Constabulary,-2.245363,51.863969,On or near Shopping Area,E01032937,Gloucester 004F,Violent crime,,
68ef0af9864b4539266f0eed67cf6bcbb8f95ea74fd458d6aa8facd2fe5bf661,2012-02,Gloucestershire Constabulary,Gloucestershire Constabulary,-2.245159,51.866523,On or near St John'S Lane,E01032937,Gloucester 004F,Violent crime,,
2fbdb701d1b0b5e2edc3974312c80fee8bd22b0220d91262665112bf35ffaa1a,2012-02,Gloucestershire Constabulary,Gloucestershire Constabulary,-2.247767,51.865439,On or near Bull Lane,E01032937,Gloucester 004F,Violent crime,Investigation complete; no suspect identified,
632e94aedebf624eedb6e5b4f9cce5b2cf390bc3a026422767c62451f8f73359,2012-02,Gloucestershire Constabulary,Gloucestershire Constabulary,-2.243157,51.864208,On or near Parking Area,E01032937,Gloucester 004F,Violent crime,,
01339f619d1a7db7f99910cf2f361641754f34f249308808fe5a75a2606f6776,2012-02,Gloucestershire Constabulary,Gloucestershire Constabulary,-2.247683,51.868631,On or near St Mary'S Street,E01032937,Gloucester 004F,Violent crime,Defendant found not guilty,
f7850d502efa4659508fe6da47317a2c6972a5406b0bbd2fd3ade600580b9e09,2012-02,Gloucestershire Constabulary,Gloucestershire Constabulary,-2.243010,51.866725,On or near Northgate Street,E01032937,Gloucester 004F,Violent crime,Offender fined,
650ac7906acd101e52d74080340a8f9e42065eea92b0224510efd91c07287d7a,2012-02,Gloucestershire Constabulary,Gloucestershire Constabulary,-2.247498,51.864136,On or near Southgate Street,E01032937,Gloucester 004F,Violent crime,,
1570910184d1716cfbf5e3eacf94d6357dbc9219dc18adc1347da0064507d204,2012-02,Gloucestershire Constabulary,Gloucestershire Constabulary,-2.246253,51.864840,On or near Parking Area,E01032937,Gloucester 004F,Other crime,Investigation complete; no suspect identified,
ff21eeee6731cb5072384462d59c1a838b7d1afead374614a1c78e61e4abc4c0,2012-02,Gloucestershire Constabulary,Gloucestershire Constabulary,-2.246253,51.864840,On or near Parking Area,E01032937,Gloucester 004F,Other crime,Investigation complete; no suspect identified,
32a8d0f2d3320ee0a19585247c0be9d76125f2d75e90e35193a896c39ea6de8c,2012-02,Gloucestershire Constabulary,Gloucestershire Constabulary,-2.245750,51.865839,On or near Shopping Area,E01032937,Gloucester 004F,Other crime,Investigation complete; no suspect identified,
4384412e1275ff9c22d76b2aa274ec9be3b9c6c1e8631dcb159f805d1a9990b7,2012-02,Gloucestershire Constabulary,Gloucestershire Constabulary,-2.245750,51.865839,On or near Shopping Area,E01032937,Gloucester 004F,Other crime,,
3eb7f3a35496780263c4812e7eadfab7df64673ee77f70cc6002fb0cb57d6002,2012-02,Gloucestershire Constabulary,Gloucestershire Constabulary,-2.244251,51.865167,On or near New Inn Lane,E01032937,Gloucester 004F,Other crime,Investigation complete; no suspect identified,
,2012-02,Gloucestershire Constabulary,Gloucestershire Constabulary,-2.230198,51.857562,On or near India Road,E01022288,Gloucester 005A,Anti-social behaviour,,
,2012-02,Gloucestershire Constabulary,Gloucestershire Constabulary,-2.232621,51.857135,On or near Clement Street,E01022288,Gloucester 005A,Anti-social behaviour,,
,2012-02,Gloucestershire Constabulary,Gloucestershire Constabulary,-2.228368,51.857494,On or near Burford Mews,E01022288,Gloucester 005A,Anti-social behaviour,,
,2012-02,Gloucestershire Constabulary,Gloucestershire Constabulary,-2.228368,51.857494,On or near Burford Mews,E01022288,Gloucester 005A,Anti-social behaviour,,
,2012-02,Gloucestershire Constabulary,Gloucestershire Constabulary,-2.230198,51.857562,On or near India Road,E01022288,Gloucester 005A,Anti-social behaviour,,
,2012-02,Gloucestershire Constabulary,Gloucestershire Constabulary,-2.227461,51.856138,On or near Ince Castle Way,E01022288,Gloucester 005A,Anti-social behaviour,,
,2012-02,Gloucestershire Constabulary,Gloucestershire Constabulary,-2.231168,51.857093,On or near Shopping Area,E01022288,Gloucester 005A,Anti-social behaviour,,
,2012-02,Gloucestershire Constabulary,Gloucestershire Constabulary,-2.232774,51.858825,On or near Police Station,E01022288,Gloucester 005A,Anti-social behaviour,,
,2012-02,Gloucestershire Constabulary,Gloucestershire Constabulary,-2.228368,51.857494,On or near Burford Mews,E01022288,Gloucester 005A,Anti-social behaviour,,
,2012-02,Gloucestershire Constabulary,Gloucestershire Constabulary,-2.232621,51.857135,On or near Clement Street,E01022288,Gloucester 005A,Anti-social behaviour,,
,2012-02,Gloucestershire Constabulary,Gloucestershire Constabulary,-2.230198,51.857562,On or near India Road,E01022288,Gloucester 005A,Anti-social behaviour,,
,2012-02,Gloucestershire Constabulary,Gloucestershire Constabulary,-2.232621,51.857135,On or near Clement Street,E01022288,Gloucester 005A,Anti-social behaviour,,
,2012-02,Gloucestershire Constabulary,Gloucestershire Constabulary,-2.232771,51.858106,On or near Barton Street,E01022288,Gloucester 005A,Anti-social behaviour,,
20d54b63497e0d7c90cb3677b93993c17988af755e3943e5ce65150796b71a4f,2012-02,Gloucestershire Constabulary,Gloucestershire Constabulary,-2.226769,51.857075,On or near Bishop'S Castle Way,E01022288,Gloucester 005A,Burglary,Investigation complete; no suspect identified,
9d54935d0bc4237187bc37068044ac324b4c0647de4bf11b6656e9e9beeee931,2012-02,Gloucestershire Constabulary,Gloucestershire Constabulary,-2.232771,51.858106,On or near Barton Street,E01022288,Gloucester 005A,Burglary,,
250dcf33ac14baaf8321285281c7a4d0eb53445ff7ff9b2c790044b364a83598,2012-02,Gloucestershire Constabulary,Gloucestershire Constabulary,-2.228368,51.857494,On or near Burford Mews,E01022288,Gloucester 005A,Burglary,,
6b25bf6ff969cebe7ad38ea4b4cba749f8f28843f84148f5791418a294886996,2012-02,Gloucestershire Constabulary,Gloucestershire Constabulary,-2.232774,51.858825,On or near Police Station,E01022288,Gloucester 005A,Burglary,,
abcfdebcacc53efa3fe0598b7915251079560b6e84bf1936d4bc37b4cddf46bc,2012-02,Gloucestershire Constabulary,Gloucestershire Constabulary,-2.232774,51.858825,On or near Police Station,E01022288,Gloucester 005A,Burglary,,
805a02c06518d7f2baf08fd703f381bfb8f9bfc743205f21fca33712e8c48c77,2012-02,Gloucestershire Constabulary,Gloucestershire Constabulary,-2.230198,51.857562,On or near India Road,E01022288,Gloucester 005A,Burglary,,
92e150cc08255e90b87dbdd2c9f5bce3a6350ee170afcab72b12ac7c3bd31d7e,2012-02,Gloucestershire Constabulary,Gloucestershire Constabulary,-2.232774,51.858825,On or near Police Station,E01022288,Gloucester 005A,Burglary,,
e65111332fc135ad9f5d454d68aab8da64d91267ae9cb74b4ded980074cda43f,2012-02,Gloucestershire Constabulary,Gloucestershire Constabulary,-2.235453,51.854513,On or near Percy Street,E01022288,Gloucester 005A,Burglary,,
633993c59b6da039887d0426ab88a574ebf6ad0618c4c5fcbd9b33ac879fe592,2012-02,Gloucestershire Constabulary,Gloucestershire Constabulary,-2.230198,51.857562,On or near India Road,E01022288,Gloucester 005A,Criminal damage and arson,Investigation complete; no suspect identified,
41cd173e955324a2d845a8ed8ae120462878cc77d1b6645a7dd12c0d725885d3,2012-02,Gloucestershire Constabulary,Gloucestershire Constabulary,-2.230198,51.857562,On or near India Road,E01022288,Gloucester 005A,Criminal damage and arson,,
45b672b00ba8fb75e3a2a315dffb24c40aaa1f82de8c1867a798f55fc9f87337,2012-02,Gloucestershire Constabulary,Gloucestershire Constabulary,-2.230198,51.857562,On or near India Road,E01022288,Gloucester 005A,Criminal damage and arson,,
cd3466bec649a66f6b10f8979340c2cc299e5b5eefc13baabf636dcc3a7eeb23,2012-02,Gloucestershire Constabulary,Gloucestershire Constabulary,-2.232774,51.858825,On or near Police Station,E01022288,Gloucester 005A,Criminal damage and arson,,
caec10d6aac3925174aeeefe97c908a720435cbbfa13e0f32d1f5b665cc814a1,2012-02,Gloucestershire Constabulary,Gloucestershire Constabulary,-2.228368,51.857494,On or near Burford Mews,E01022288,Gloucester 005A,Drugs,,
c0de4d77fa1a946c540e170e007e641093f576b51ef19c0b7b2765bf992f7607,2012-02,Gloucestershire Constabulary,Gloucestershire Constabulary,-2.231924,51.854322,On or near Vicarage Road,E01022288,Gloucester 005A,Drugs,,
f1e9f7268211996e86422ca41c3297ac22dde18f6082642d302306101767e6ca,2012-02,Gloucestershire Constabulary,Gloucestershire Constabulary,-2.232621,51.857135,On or near Clement Street,E01022288,Gloucester 005A,Other theft,,
0e7c7e58a95243af54e52ae38e8b2977ea55d07a791aab080eeb37ccb86a8599,2012-02,Gloucestershire Constabulary,Gloucestershire Constabulary,-2.227461,51.856138,On or near Ince Castle Way,E01022288,Gloucester 005A,Other theft,,
41d0d37e257d7affb29000a3ed49292c9301eb2fcb7d13f2670f7e3eba6b885d,2012-02,Gloucestershire Constabulary,Gloucestershire Constabulary,-2.230198,51.857562,On or near India Road,E01022288,Gloucester 005A,Public disorder and weapons,,
477220df07689e163b7a3b3ebd600063e7ae80509c73d7fade13697071d9137d,2012-02,Gloucestershire Constabulary,Gloucestershire Constabulary,-2.230198,51.857562,On or near India Road,E01022288,Gloucester 005A,Vehicle crime,,
2c20b4c6846a464ccdb8a1d388e4963adc1d4adc4c98da1d014285237b51ab8b,2012-02,Gloucestershire Constabulary,Gloucestershire Constabulary,-2.227461,51.856138,On or near Ince Castle Way,E01022288,Gloucester 005A,Vehicle crime,,
cc9c624b096d78b1ad999db4827881359a987d70ce32bea7ec185048a59483bf,2012-02,Gloucestershire Constabulary,Gloucestershire Constabulary,-2.227461,51.856138,On or near Ince Castle Way,E01022288,Gloucester 005A,Vehicle crime,,
6c52264c23af7987924c1cb50ee84cc6fadd33a436f46c8f240eab9368ec5f42,2012-02,Gloucestershire Constabulary,Gloucestershire Constabulary,-2.226769,51.857075,On or near Bishop'S Castle Way,E01022288,Gloucester 005A,Vehicle crime,,
cb2c40a0174552982a0ff16b4d0f99d461f96ab852f4865b0ce52f4a5935b5cb,2012-02,Gloucestershire Constabulary,Gloucestershire Constabulary,-2.231924,51.854322,On or near Vicarage Road,E01022288,Gloucester 005A,Vehicle crime,,
f21a67ed65f333817cddd5a1b4d75713413835a46ad81161f3dd4ed81dabb91a,2012-02,Gloucestershire Constabulary,Gloucestershire Constabulary,-2.231924,51.854322,On or near Vicarage Road,E01022288,Gloucester 005A,Violent crime,Investigation complete; no suspect identified,
ca44b6bbc733411a5a6b38c24de39097e551cca318c6a4eabbfea32e315e6750,2012-02,Gloucestershire Constabulary,Gloucestershire Constabulary,-2.231924,51.854322,On or near Vicarage Road,E01022288,Gloucester 005A,Violent crime,,
53de4d9172f7309546de9e2b7140dd948dd41054ddc954558c50b5ea910ee8eb,2012-02,Gloucestershire Constabulary,Gloucestershire Constabulary,-2.230198,51.857562,On or near India Road,E01022288,Gloucester 005A,Violent crime,Investigation complete; no suspect identified,
c6c102510b11ec8f616c2e6b0434021e937e64f0156a52dc1780983bd87244ce,2012-02,Gloucestershire Constabulary,Gloucestershire Constabulary,-2.226769,51.857075,On or near Bishop'S Castle Way,E01022288,Gloucester 005A,Violent crime,,
9eb117ad0cfea56e62174b104b68ffd895f2fedfb3f25d2b4f125b0d2ce70557,2012-02,Gloucestershire Constabulary,Gloucestershire Constabulary,-2.230207,51.856412,On or near Salisbury Road,E01022288,Gloucester 005A,Violent crime,,
7e55ae5f40ebc131ef0976e5bddbd6cb173f22b497ce7a5ff58d18b456d404aa,2012-02,Gloucestershire Constabulary,Gloucestershire Constabulary,-2.231924,51.854322,On or near Vicarage Road,E01022288,Gloucester 005A,Violent crime,,
,2012-02,Gloucestershire Constabulary,Gloucestershire Constabulary,-2.235308,51.860232,On or near Vauxhall Terrace,E01022289,Gloucester 005B,Anti-social behaviour,,
,2012-02,Gloucestershire Constabulary,Gloucestershire Constabulary,-2.235308,51.860232,On or near Vauxhall Terrace,E01022289,Gloucester 005B,Anti-social behaviour,,
,2012-02,Gloucestershire Constabulary,Gloucestershire Constabulary,-2.236122,51.863071,On or near Supermarket,E01022289,Gloucester 005B,Anti-social behaviour,,
,2012-02,Gloucestershire Constabulary,Gloucestershire Constabulary,-2.237415,51.860497,On or near Parking Area,E01022289,Gloucester 005B,Anti-social behaviour,,
,2012-02,Gloucestershire Constabulary,Gloucestershire Constabulary,-2.237415,51.860497,On or near Parking Area,E01022289,Gloucester 005B,Anti-social behaviour,,
,2012-02,Gloucestershire Constabulary,Gloucestershire Constabulary,-2.232283,51.862162,On or near Lobb Court,E01022289,Gloucester 005B,Anti-social behaviour,,
,2012-02,Gloucestershire Constabulary,Gloucestershire Constabulary,-2.235308,51.860232,On or near Vauxhall Terrace,E01022289,Gloucester 005B,Anti-social behaviour,,
,2012-02,Gloucestershire Constabulary,Gloucestershire Constabulary,-2.230259,51.861060,On or near Colwell School Close,E01022289,Gloucester 005B,Anti-social behaviour,,
,2012-02,Gloucestershire Constabulary,Gloucestershire Constabulary,-2.233255,51.861926,On or near Great Western Court,E01022289,Gloucester 005B,Anti-social behaviour,,
,2012-02,Gloucestershire Constabulary,Gloucestershire Constabulary,-2.236374,51.861210,On or near Parking Area,E01022289,Gloucester 005B,Anti-social behaviour,,
,2012-02,Gloucestershire Constabulary,Gloucestershire Constabulary,-2.235308,51.860232,On or near Vauxhall Terrace,E01022289,Gloucester 005B,Anti-social behaviour,,
,2012-02,Gloucestershire Constabulary,Gloucestershire Constabulary,-2.230259,51.861060,On or near Colwell School Close,E01022289,Gloucester 005B,Anti-social behaviour,,
,2012-02,Gloucestershire Constabulary,Gloucestershire Constabulary,-2.238271,51.860235,On or near All Saints' Road,E01022289,Gloucester 005B,Anti-social behaviour,,
,2012-02,Gloucestershire Constabulary,Gloucestershire Constabulary,-2.235308,51.860232,On or near Vauxhall Terrace,E01022289,Gloucester 005B,Anti-social behaviour,,
,2012-02,Gloucestershire Constabulary,Gloucestershire Constabulary,-2.235308,51.860232,On or near Vauxhall Terrace,E01022289,Gloucester 005B,Anti-social behaviour,,
,2012-02,Gloucestershire Constabulary,Gloucestershire Constabulary,-2.236122,51.863071,On or near Supermarket,E01022289,Gloucester 005B,Anti-social behaviour,,
,2012-02,Gloucestershire Constabulary,Gloucestershire Constabulary,-2.235308,51.860232,On or near Vauxhall Terrace,E01022289,Gloucester 005B,Anti-social behaviour,,
,2012-02,Gloucestershire Constabulary,Gloucestershire Constabulary,-2.236374,51.861210,On or near Parking Area,E01022289,Gloucester 005B,Anti-social behaviour,,
,2012-02,Gloucestershire Constabulary,Gloucestershire Constabulary,-2.238271,51.860235,On or near All Saints' Road,E01022289,Gloucester 005B,Anti-social behaviour,,
,2012-02,Gloucestershire Constabulary,Gloucestershire Constabulary,-2.235308,51.860232,On or near Vauxhall Terrace,E01022289,Gloucester 005B,Anti-social behaviour,,
,2012-02,Gloucestershire Constabulary,Gloucestershire Constabulary,-2.239310,51.859064,On or near Dinely Street,E01022289,Gloucester 005B,Anti-social behaviour,,
,2012-02,Gloucestershire Constabulary,Gloucestershire Constabulary,-2.235308,51.860232,On or near Vauxhall Terrace,E01022289,Gloucester 005B,Anti-social behaviour,,
,2012-02,Gloucestershire Constabulary,Gloucestershire Constabulary,-2.235308,51.860232,On or near Vauxhall Terrace,E01022289,Gloucester 005B,Anti-social behaviour,,
,2012-02,Gloucestershire Constabulary,Gloucestershire Constabulary,-2.235308,51.860232,On or near Vauxhall Terrace,E01022289,Gloucester 005B,Anti-social behaviour,,
,2012-02,Gloucestershire Constabulary,Gloucestershire Constabulary,-2.236122,51.863071,On or near Supermarket,E01022289,Gloucester 005B,Anti-social behaviour,,
,2012-02,Gloucestershire Constabulary,Gloucestershire Constabulary,-2.235308,51.860232,On or near Vauxhall Terrace,E01022289,Gloucester 005B,Anti-social behaviour,,
,2012-02,Gloucestershire Constabulary,Gloucestershire Constabulary,-2.233571,51.861206,On or near Millbrook Street,E01022289,Gloucester 005B,Anti-social behaviour,,
,2012-02,Gloucestershire Constabulary,Gloucestershire Constabulary,-2.233571,51.861206,On or near Millbrook Street,E01022289,Gloucester 005B,Anti-social behaviour,,
6cc0f8c137338443f41c7392798e7ab64aaef2dbd73892e2e1f7387b0768f251,2012-02,Gloucestershire Constabulary,Gloucestershire Constabulary,-2.232283,51.862162,On or near Lobb Court,E01022289,Gloucester 005B,Burglary,Investigation complete; no suspect identified,
b8cd51d07b5d5fee7b837c29135d70f0294b9c24f2993bb34718f820965a6d8f,2012-02,Gloucestershire Constabulary,Gloucestershire Constabulary,-2.235308,51.860232,On or near Vauxhall Terrace,E01022289,Gloucester 005B,Burglary,,
aed0a8a6aaf93760862c46143feeae5148a05235f585e0eb77e8545c5db0ef96,2012-02,Gloucestershire Constabulary,Gloucestershire Constabulary,-2.233255,51.861926,On or near Great Western Court,E01022289,Gloucester 005B,Criminal damage and arson,,
98d95a8a02ad622b26ca5c02623e118f94f94f4bef1f1ace56f27041de6e1fd7,2012-02,Gloucestershire Constabulary,Gloucestershire Constabulary,-2.234659,51.861060,On or near Raglan Street,E01022289,Gloucester 005B,Criminal damage and arson,,
3eae741aca3b5145def7fe00e3d653635997917eb19f6bb3f3e5694a0adb07c1,2012-02,Gloucestershire Constabulary,Gloucestershire Constabulary,-2.236122,51.863071,On or near Supermarket,E01022289,Gloucester 005B,Other theft,Investigation complete; no suspect identified,
31895532bb64c82bf3dee40fd22cf244cdb58766c4b8829a199faef2dfa79d5d,2012-02,Gloucestershire Constabulary,Gloucestershire Constabulary,-2.237415,51.860497,On or near Parking Area,E01022289,Gloucester 005B,Other theft,,
070df4424a06ebc6b2e7a29effee0df07778296fb3c6a4b44be9d78a9332c295,2012-02,Gloucestershire Constabulary,Gloucestershire Constabulary,-2.235308,51.860232,On or near Vauxhall Terrace,E01022289,Gloucester 005B,Other theft,,
69aa6944c69d25acd0963a61b573268b570ac370f846ec28fbb1ac5ca0bd2b3c,2012-02,Gloucestershire Constabulary,Gloucestershire Constabulary,-2.232283,51.862162,On or near Lobb Court,E01022289,Gloucester 005B,Other theft,,
f5808f93ad8aef5d6aca555e8b4fa0201b3ee4b1488790b64805a4bc3c202844,2012-02,Gloucestershire Constabulary,Gloucestershire Constabulary,-2.236122,51.863071,On or near Supermarket,E01022289,Gloucester 005B,Other theft,,
a946b4d5ffe70427df01debdd7adb6b280e268fdeebfc6c30f8468a718fc61fd,2012-02,Gloucestershire Constabulary,Gloucestershire Constabulary,-2.236122,51.863071,On or near Supermarket,E01022289,Gloucester 005B,Other theft,,
5bdb4ad88cc783aca9d39a90dab62fa44a8dfd782d21dbc3178039da54eff741,2012-02,Gloucestershire Constabulary,Gloucestershire Constabulary,-2.236915,51.859275,On or near Blenheim Road,E01022289,Gloucester 005B,Public disorder and weapons,,
748b1c5ac113eb9409d288de9ad1422de96f2d1c9d02d9e0ecb5f6f3df6af291,2012-02,Gloucestershire Constabulary,Gloucestershire Constabulary,-2.236122,51.863071,On or near Supermarket,E01022289,Gloucester 005B,Shoplifting,Offender sent to prison,
8569ca4cd967b03c2c8bcc2946bc1fe47abb1bc8da7a8710e0cd54e5214ad5e3,2012-02,Gloucestershire Constabulary,Gloucestershire Constabulary,-2.236122,51.863071,On or near Supermarket,E01022289,Gloucester 005B,Shoplifting,Court result unavailable,
dc06890828601f4006eb2a87695455d59a65d5cb702fb114b783da31d04fed7a,2012-02,Gloucestershire Constabulary,Gloucestershire Constabulary,-2.236122,51.863071,On or near Supermarket,E01022289,Gloucester 005B,Shoplifting,Investigation complete; no suspect identified,
d935ae92c5f08bfb6099a1c00ccc475f7a8a03f2158f035cee1433210f93c531,2012-02,Gloucestershire Constabulary,Gloucestershire Constabulary,-2.236122,51.863071,On or near Supermarket,E01022289,Gloucester 005B,Shoplifting,,
3832a43c1b34abf5725470d981115a1fdb7071e259a838866af4677efdd76609,2012-02,Gloucestershire Constabulary,Gloucestershire Constabulary,-2.236122,51.863071,On or near Supermarket,E01022289,Gloucester 005B,Shoplifting,Investigation complete; no suspect identified,
1e9ff2310281c4227d56fd077767bf17235b599c7e6ceaa556027309b57f3f6b,2012-02,Gloucestershire Constabulary,Gloucestershire Constabulary,-2.236122,51.863071,On or near Supermarket,E01022289,Gloucester 005B,Shoplifting,,
401092906c4468dae28923193618eb647fbe00d104e2cdc32da4fac6af30ac77,2012-02,Gloucestershire Constabulary,Gloucestershire Constabulary,-2.236122,51.863071,On or near Supermarket,E01022289,Gloucester 005B,Shoplifting,Offender given community sentence,
6ce50402909cdae6ebf57dbab2f944ce09564057028431876758e22db80a8ca3,2012-02,Gloucestershire Constabulary,Gloucestershire Constabulary,-2.236122,51.863071,On or near Supermarket,E01022289,Gloucester 005B,Shoplifting,,
e8e4a3c6ee031618bd12fd2748b0efbf49070fd58a7b7306932476c48136fd91,2012-02,Gloucestershire Constabulary,Gloucestershire Constabulary,-2.236915,51.859275,On or near Blenheim Road,E01022289,Gloucester 005B,Violent crime,Investigation complete; no suspect identified,
5f1cb0db08559f812ed399e3d3ba95614a4e99b31fea706bcf79512208313814,2012-02,Gloucestershire Constabulary,Gloucestershire Constabulary,-2.236122,51.863071,On or near Supermarket,E01022289,Gloucester 005B,Violent crime,,
3eda05c1da49a745037a7f9a9c27063185b278183020436c883f9dd6e5f7f7b5,2012-02,Gloucestershire Constabulary,Gloucestershire Constabulary,-2.236122,51.863071,On or near Supermarket,E01022289,Gloucester 005B,Violent crime,,
8f0205dadde5a437486e4ab37ad949db91324ff599e9799ad935bbcd3ef24b63,2012-02,Gloucestershire Constabulary,Gloucestershire Constabulary,-2.236122,51.863071,On or near Supermarket,E01022289,Gloucester 005B,Other crime,,
,2012-02,Gloucestershire Constabulary,Gloucestershire Constabulary,-2.233321,51.860604,On or near Magdala Road,E01022290,Gloucester 005C,Anti-social behaviour,,
,2012-02,Gloucestershire Constabulary,Gloucestershire Constabulary,-2.229671,51.859506,On or near Alfred Street,E01022290,Gloucester 005C,Anti-social behaviour,,
,2012-02,Gloucestershire Constabulary,Gloucestershire Constabulary,-2.233321,51.860604,On or near Magdala Road,E01022290,Gloucester 005C,Anti-social behaviour,,
,2012-02,Gloucestershire Constabulary,Gloucestershire Constabulary,-2.234319,51.859910,On or near Old Row,E01022290,Gloucester 005C,Anti-social behaviour,,
,2012-02,Gloucestershire Constabulary,Gloucestershire Constabulary,-2.229230,51.858463,On or near Birchmore Road,E01022290,Gloucester 005C,Anti-social behaviour,,
,2012-02,Gloucestershire Constabulary,Gloucestershire Constabulary,-2.233321,51.860604,On or near Magdala Road,E01022290,Gloucester 005C,Anti-social behaviour,,
50dc711ab74f91b378d84943b7d0ee24fb620b61ab01ac9282a330e0121c04ea,2012-02,Gloucestershire Constabulary,Gloucestershire Constabulary,-2.232560,51.859428,On or near Jersey Road,E01022290,Gloucester 005C,Burglary,Offender sent to prison,
5f5212e7f74398bbf402da0e78bb4491b2127518c849883e367bb7726502ce5f,2012-02,Gloucestershire Constabulary,Gloucestershire Constabulary,-2.228840,51.858905,On or near Bishopstone Road,E01022290,Gloucester 005C,Burglary,,
fff94ac0162ee261fae2f569491b5ff4e49ef8f34c3ad5b20cd3ec533f325258,2012-02,Gloucestershire Constabulary,Gloucestershire Constabulary,-2.230500,51.859810,On or near Herbert Street,E01022290,Gloucester 005C,Burglary,Investigation complete; no suspect identified,
bf93ab438ae46e9e06bac87f34082529250aaa652897f6e3f437b79c532edade,2012-02,Gloucestershire Constabulary,Gloucestershire Constabulary,-2.229671,51.859506,On or near Alfred Street,E01022290,Gloucester 005C,Burglary,,
92417b5dbe3bea7034c0d54d86d5c87fef9dcea9c548dbb43dda1b76377b848c,2012-02,Gloucestershire Constabulary,Gloucestershire Constabulary,-2.232560,51.859428,On or near Jersey Road,E01022290,Gloucester 005C,Drugs,Court result unavailable,
ac7826cc62ae68eb226fe97100777dbaed088c7c23d09d04b293257ac43d3680,2012-02,Gloucestershire Constabulary,Gloucestershire Constabulary,-2.234319,51.859910,On or near Old Row,E01022290,Gloucester 005C,Other theft,,
a77b85bb0cb7bce6b952b38c582b6507a7e1c090430e7548819b496387922a36,2012-02,Gloucestershire Constabulary,Gloucestershire Constabulary,-2.229230,51.858463,On or near Birchmore Road,E01022290,Gloucester 005C,Public disorder and weapons,Investigation complete; no suspect identified,
baef5313217ffc137efcfe731a3160d0077874cde6c1a4b87803b32ff728557f,2012-02,Gloucestershire Constabulary,Gloucestershire Constabulary,-2.231472,51.859727,On or near Hethersett Road,E01022290,Gloucester 005C,Violent crime,,
3cba83cd6f556f2380c2a7a9d38799772cee182634f2bd451cc15fb5380e0bd2,2012-02,Gloucestershire Constabulary,Gloucestershire Constabulary,-2.228178,51.860183,On or near Ayland Gardens,E01022290,Gloucester 005C,Violent crime,Offender given community sentence,
f9ba25606575922a3f0add22f1959e35f6d8a4ff4320f35757bb88622e5cee40,2012-02,Gloucestershire Constabulary,Gloucestershire Constabulary,-2.234319,51.859910,On or near Old Row,E01022290,Gloucester 005C,Violent crime,,
,2012-02,Gloucestershire Constabulary,Gloucestershire Constabulary,-2.233668,51.857610,On or near St James Street,E01022291,Gloucester 005D,Anti-social behaviour,,
,2012-02,Gloucestershire Constabulary,Gloucestershire Constabulary,-2.234411,51.858067,On or near Hopewell Street,E01022291,Gloucester 005D,Anti-social behaviour,,
,2012-02,Gloucestershire Constabulary,Gloucestershire Constabulary,-2.234370,51.855720,On or near Albany Street,E01022291,Gloucester 005D,Anti-social behaviour,,
,2012-02,Gloucestershire Constabulary,Gloucestershire Constabulary,-2.234370,51.855720,On or near Albany Street,E01022291,Gloucester 005D,Anti-social behaviour,,
,2012-02,Gloucestershire Constabulary,Gloucestershire Constabulary,-2.236260,51.856247,On or near Grove Street,E01022291,Gloucester 005D,Anti-social behaviour,,
,2012-02,Gloucestershire Constabulary,Gloucestershire Constabulary,-2.235197,51.858407,On or near Stratton Road,E01022291,Gloucester 005D,Anti-social behaviour,,
,2012-02,Gloucestershire Constabulary,Gloucestershire Constabulary,-2.238358,51.857447,On or near Falkner Street,E01022291,Gloucester 005D,Anti-social behaviour,,
,2012-02,Gloucestershire Constabulary,Gloucestershire Constabulary,-2.236128,51.858773,On or near Vauxhall Road,E01022291,Gloucester 005D,Anti-social behaviour,,
,2012-02,Gloucestershire Constabulary,Gloucestershire Constabulary,-2.234411,51.858067,On or near Hopewell Street,E01022291,Gloucester 005D,Anti-social behaviour,,
,2012-02,Gloucestershire Constabulary,Gloucestershire Constabulary,-2.236301,51.855590,On or near Dynevor Street,E01022291,Gloucester 005D,Anti-social behaviour,,
,2012-02,Gloucestershire Constabulary,Gloucestershire Constabulary,-2.238358,51.857447,On or near Falkner Street,E01022291,Gloucester 005D,Anti-social behaviour,,
,2012-02,Gloucestershire Constabulary,Gloucestershire Constabulary,-2.234370,51.855720,On or near Albany Street,E01022291,Gloucester 005D,Anti-social behaviour,,
,2012-02,Gloucestershire Constabulary,Gloucestershire Constabulary,-2.233668,51.857610,On or near St James Street,E01022291,Gloucester 005D,Anti-social behaviour,,
,2012-02,Gloucestershire Constabulary,Gloucestershire Constabulary,-2.234370,51.855720,On or near Albany Street,E01022291,Gloucester 005D,Anti-social behaviour,,
,2012-02,Gloucestershire Constabulary,Gloucestershire Constabulary,-2.234115,51.854165,On or near Moor Street,E01022291,Gloucester 005D,Anti-social behaviour,,
,2012-02,Gloucestershire Constabulary,Gloucestershire Constabulary,-2.234411,51.858067,On or near Hopewell Street,E01022291,Gloucester 005D,Anti-social behaviour,,
90b56550cfe1613f4c324c28f6283b3cdea3968e6f424b9006ed657ab9dd3735,2012-02,Gloucestershire Constabulary,Gloucestershire Constabulary,-2.234370,51.855720,On or near Albany Street,E01022291,Gloucester 005D,Burglary,,
625ddfb74b8358944b894b5a55dcd81a199d470abde89d5da4084d3f429024f4,2012-02,Gloucestershire Constabulary,Gloucestershire Constabulary,-2.236260,51.856247,On or near Grove Street,E01022291,Gloucester 005D,Criminal damage and arson,,
87231140393af1521d62d2e808a394f71bb7815db991ed33f919a02a28380562,2012-02,Gloucestershire Constabulary,Gloucestershire Constabulary,-2.236718,51.857612,On or near Ryecroft Street,E01022291,Gloucester 005D,Criminal damage and arson,,
d8d3575535446237ab01e28047b4a4bc583c170ee7385af63ad8a5175e312f5e,2012-02,Gloucestershire Constabulary,Gloucestershire Constabulary,-2.236260,51.856247,On or near Grove Street,E01022291,Gloucester 005D,Criminal damage and arson,,
536b50a5e89ac800896783bb631d83ad3df3dda5c0eb1c5b3ae6dc8f80f93113,2012-02,Gloucestershire Constabulary,Gloucestershire Constabulary,-2.234370,51.855720,On or near Albany Street,E01022291,Gloucester 005D,Criminal damage and arson,,
f444104a022137bbb88c973ede8b5369fd4a42f8a2b2ac8136422d85a40638ee,2012-02,Gloucestershire Constabulary,Gloucestershire Constabulary,-2.236301,51.855590,On or near Dynevor Street,E01022291,Gloucester 005D,Criminal damage and arson,,
8ff7e43ba5df38fc7319edd8cf2369f278dd15c6735bc45dd2a9c6a3e0584b6f,2012-02,Gloucestershire Constabulary,Gloucestershire Constabulary,-2.236260,51.856247,On or near Grove Street,E01022291,Gloucester 005D,Criminal damage and arson,,
405b8fd025e1e655a74ba510d69523946ccb41fc4bbd171b820693709e5bd883,2012-02,Gloucestershire Constabulary,Gloucestershire Constabulary,-2.234411,51.858067,On or near Hopewell Street,E01022291,Gloucester 005D,Criminal damage and arson,,
61727f72b4ac7acb3027f5414e445f13676b5e41fc75ff222d31bbfb6923fac5,2012-02,Gloucestershire Constabulary,Gloucestershire Constabulary,-2.236260,51.856247,On or near Grove Street,E01022291,Gloucester 005D,Criminal damage and arson,,
e73ed782205f05a044b9dbc5c60806f480942b85cdcefb90a2483be2de4474ef,2012-02,Gloucestershire Constabulary,Gloucestershire Constabulary,-2.234411,51.858067,On or near Hopewell Street,E01022291,Gloucester 005D,Drugs,,
0b3ba9101824dbc66f468513ea9f840ac7dd45ca85e3b3be9585dc2f0b5f818b,2012-02,Gloucestershire Constabulary,Gloucestershire Constabulary,-2.236128,51.858773,On or near Vauxhall Road,E01022291,Gloucester 005D,Drugs,Offender given conditional discharge,
6f38ea91d4c450e89b5fb026a5c707987e412af5408a66c0414eaed2987ca555,2012-02,Gloucestershire Constabulary,Gloucestershire Constabulary,-2.236260,51.856247,On or near Grove Street,E01022291,Gloucester 005D,Other theft,Investigation complete; no suspect identified,
e45adc409256647d224cb103088950e6708ad329de638ca34711138d83775bf0,2012-02,Gloucestershire Constabulary,Gloucestershire Constabulary,-2.236128,51.858773,On or near Vauxhall Road,E01022291,Gloucester 005D,Other theft,,
fbac74849229370705f2179d88483311814d9bb9fbf383d70b78f00a23878a52,2012-02,Gloucestershire Constabulary,Gloucestershire Constabulary,-2.237287,51.858142,On or near Thomas Street,E01022291,Gloucester 005D,Other theft,,
6d163fb5813ce2d6db947adeaa19ae5c86212e7992c9d54f64652c87049cf033,2012-02,Gloucestershire Constabulary,Gloucestershire Constabulary,-2.238358,51.857447,On or near Falkner Street,E01022291,Gloucester 005D,Other theft,,
420a2505ff3fdddfb046e7ac941cb145b7ed34f241b50903621e32d708e4c20c,2012-02,Gloucestershire Constabulary,Gloucestershire Constabulary,-2.236260,51.856247,On or near Grove Street,E01022291,Gloucester 005D,Public disorder and weapons,,
cd6a79067ab6b38ab97068a8a8db33ef42002ee3ef972076a075d75937582bba,2012-02,Gloucestershire Constabulary,Gloucestershire Constabulary,-2.234115,51.854165,On or near Moor Street,E01022291,Gloucester 005D,Vehicle crime,Investigation complete; no suspect identified,
50d972b88ca622152b853548b02cae21a5fe4a995f14bbcb522d424347df59c2,2012-02,Gloucestershire Constabulary,Gloucestershire Constabulary,-2.238358,51.857447,On or near Falkner Street,E01022291,Gloucester 005D,Vehicle crime,,
653259e121e1d6b501bb6886c8f3ac04e301bcbcd84ebe26124a43d06a12ac7c,2012-02,Gloucestershire Constabulary,Gloucestershire Constabulary,-2.234370,51.855720,On or near Albany Street,E01022291,Gloucester 005D,Violent crime,,
fdcacae41751b03daad41fc5808addb26a6df006dfd10f789426181e9a275287,2012-02,Gloucestershire Constabulary,Gloucestershire Constabulary,-2.234370,51.855720,On or near Albany Street,E01022291,Gloucester 005D,Violent crime,,
2e33dbc933bc3f6e2b899a9f1b9766f562f4eb3874db0ddb09adb0578f6f06da,2012-02,Gloucestershire Constabulary,Gloucestershire Constabulary,-2.236260,51.856247,On or near Grove Street,E01022291,Gloucester 005D,Violent crime,,
25802195c1a111434ab2fb8bfee288a2d39f9ea6cad038e648e09c469bb76642,2012-02,Gloucestershire Constabulary,Gloucestershire Constabulary,-2.236260,51.856247,On or near Grove Street,E01022291,Gloucester 005D,Violent crime,,
19607abb0f8f60606f8af0f0c463617552d44ca3630d94e527a28fe741ace7e3,2012-02,Gloucestershire Constabulary,Gloucestershire Constabulary,-2.235197,51.858407,On or near Stratton Road,E01022291,Gloucester 005D,Violent crime,,
,2012-02,Gloucestershire Constabulary,Gloucestershire Constabulary,-2.239241,51.857023,On or near Regent Street,E01022292,Gloucester 005E,Anti-social behaviour,,
,2012-02,Gloucestershire Constabulary,Gloucestershire Constabulary,-2.240180,51.858756,On or near Goodyere Street,E01022292,Gloucester 005E,Anti-social behaviour,,
,2012-02,Gloucestershire Constabulary,Gloucestershire Constabulary,-2.239668,51.855404,On or near Howard Street,E01022292,Gloucester 005E,Anti-social behaviour,,
,2012-02,Gloucestershire Constabulary,Gloucestershire Constabulary,-2.240153,51.859314,On or near Archibald Street,E01022292,Gloucester 005E,Anti-social behaviour,,
aa17fe73c72b7d65f26d98272c800117bb1e78cf431dcd7fb5d12d1467837c38,2012-02,Gloucestershire Constabulary,Gloucestershire Constabulary,-2.240180,51.858756,On or near Goodyere Street,E01022292,Gloucester 005E,Burglary,,
b05768970484c4b752306e00385d2b9b24675ee2895895fd7bc0652f75d06601,2012-02,Gloucestershire Constabulary,Gloucestershire Constabulary,-2.239633,51.859701,On or near Pembroke Street,E01022292,Gloucester 005E,Burglary,,
74de8699951d31bd5b59c9f84ef4de25c9a02c40d4ba43b9b542f83e66d690d7,2012-02,Gloucestershire Constabulary,Gloucestershire Constabulary,-2.240180,51.858756,On or near Goodyere Street,E01022292,Gloucester 005E,Criminal damage and arson,,
56a5f3845d215b99be1ac3c49e8bab3c324932e7d86198458e0e8fc5ea2be92b,2012-02,Gloucestershire Constabulary,Gloucestershire Constabulary,-2.238147,51.856090,On or near Daventry Terrace,E01022292,Gloucester 005E,Criminal damage and arson,,
0a1262738dd02199af7a1300f4926523071883ff0a24eefa19ec2786a4520a90,2012-02,Gloucestershire Constabulary,Gloucestershire Constabulary,-2.239633,51.859701,On or near Pembroke Street,E01022292,Gloucester 005E,Drugs,,
27a0fb235eb20185ecbad01eba5b247e0214a0b25bebe7e31684ae2ac443d825,2012-02,Gloucestershire Constabulary,Gloucestershire Constabulary,-2.240180,51.858756,On or near Goodyere Street,E01022292,Gloucester 005E,Drugs,,
820f84488c4497fd1435911d33cb28e89acc2b74fde7d9bf86b3c85f215748f9,2012-02,Gloucestershire Constabulary,Gloucestershire Constabulary,-2.239633,51.859701,On or near Pembroke Street,E01022292,Gloucester 005E,Drugs,Investigation complete; no suspect identified,
731fdf3cde757a02cf24010468dbc79587e90fa6040410dbf603bbbc87d69e1b,2012-02,Gloucestershire Constabulary,Gloucestershire Constabulary,-2.240180,51.858756,On or near Goodyere Street,E01022292,Gloucester 005E,Other theft,Court result unavailable,
51ff193fd1a4b7ff98026a8cd35693e99b83fa7bc182f0a3b45cf90df8968275,2012-02,Gloucestershire Constabulary,Gloucestershire Constabulary,-2.237892,51.854526,On or near Morpeth Street,E01022292,Gloucester 005E,Vehicle crime,,
56106dc904fc672a727835bea4e1618cb16c4615e226134139944deb18c6c787,2012-02,Gloucestershire Constabulary,Gloucestershire Constabulary,-2.237892,51.854526,On or near Morpeth Street,E01022292,Gloucester 005E,Violent crime,Defendant found not guilty,
233201c614dc779dd4c09c0ee718ede0382aa346b105c4cb6f7a99a1190a5f51,2012-02,Gloucestershire Constabulary,Gloucestershire Constabulary,-2.240180,51.858756,On or near Goodyere Street,E01022292,Gloucester 005E,Violent crime,,
,2012-02,Gloucestershire Constabulary,Gloucestershire Constabulary,-2.189852,51.858776,On or near Hillview Drive,E01022303,Gloucester 006B,Anti-social behaviour,,
,2012-02,Gloucestershire Constabulary,Gloucestershire Constabulary,-2.189852,51.858776,On or near Hillview Drive,E01022303,Gloucester 006B,Anti-social behaviour,,
99d7e3e4d3f73202d578a8c3c9415903c1f94ff854249c9585f2b0d2c127b5fa,2012-02,Gloucestershire Constabulary,Gloucestershire Constabulary,-2.188917,51.860882,On or near Queens Close,E01022303,Gloucester 006B,Criminal damage and arson,Investigation complete; no suspect identified,
d2bb2ce684423bc828e909c387c7f441121b368477f348a05789e22f244ca01c,2012-02,Gloucestershire Constabulary,Gloucestershire Constabulary,-2.190759,51.856932,On or near Supermarket,E01022303,Gloucester 006B,Criminal damage and arson,,
9436fae02025dbb4a5e5596a3d6c020e3a373aa7c870c9361c8b6de2522cd46d,2012-02,Gloucestershire Constabulary,Gloucestershire Constabulary,-2.187989,51.861189,On or near Colwell Avenue,E01022303,Gloucester 006B,Criminal damage and arson,,
8c9f7f4ee65752abc2b2e8007549194c8b437992c300cdca088de879fc87af9b,2012-02,Gloucestershire Constabulary,Gloucestershire Constabulary,-2.187778,51.859463,On or near Wilkes Avenue,E01022303,Gloucester 006B,Criminal damage and arson,,
a3d797158189f8be2e15c6b900592a2096ad871ee2c162bd73ad7f006a3ea8c5,2012-02,Gloucestershire Constabulary,Gloucestershire Constabulary,-2.187136,51.858772,On or near Larkhay Road,E01022303,Gloucester 006B,Drugs,Investigation complete; no suspect identified,
4ae282d5815a9d46cb7b2948e8b265e79eb337775bc48f16e67afea569074ff7,2012-02,Gloucestershire Constabulary,Gloucestershire Constabulary,-2.190759,51.856932,On or near Supermarket,E01022303,Gloucester 006B,Shoplifting,Investigation complete; no suspect identified,
b1fe99aa729ef6d9702d120b5311a60068849b3d13f46165aff546614e51eb65,2012-02,Gloucestershire Constabulary,Gloucestershire Constabulary,-2.190759,51.856932,On or near Supermarket,E01022303,Gloucester 006B,Shoplifting,Investigation complete; no suspect identified,
9fb11cdbfd72b3efc2a44f48ce0a5676adbc8f17fed51b75bd5db55ff298e9bd,2012-02,Gloucestershire Constabulary,Gloucestershire Constabulary,-2.188217,51.860245,On or near St Philip'S Close,E01022303,Gloucester 006B,Violent crime,,
,2012-02,Gloucestershire Constabulary,Gloucestershire Constabulary,-2.185355,51.856455,On or near Conway Road,E01022304,Gloucester 006C,Anti-social behaviour,,
,2012-02,Gloucestershire Constabulary,Gloucestershire Constabulary,-2.186868,51.860642,On or near Deer Park Road,E01022304,Gloucester 006C,Anti-social behaviour,,
,2012-02,Gloucestershire Constabulary,Gloucestershire Constabulary,-2.184161,51.855648,On or near Laynes Road,E01022304,Gloucester 006C,Anti-social behaviour,,
,2012-02,Gloucestershire Constabulary,Gloucestershire Constabulary,-2.184161,51.855648,On or near Laynes Road,E01022304,Gloucester 006C,Anti-social behaviour,,
,2012-02,Gloucestershire Constabulary,Gloucestershire Constabulary,-2.181475,51.855643,On or near Churchdown Lane,E01022304,Gloucester 006C,Anti-social behaviour,,
70c4fab972a3fef621c7309efca92c925159c563e41d5c9fb8ceb7300d491d80,2012-02,Gloucestershire Constabulary,Gloucestershire Constabulary,-2.184161,51.855648,On or near Laynes Road,E01022304,Gloucester 006C,Burglary,,
6625aca1c37c4c71332a853079bc2ddced22f0b2ecb899dff007b6b7c27103fb,2012-02,Gloucestershire Constabulary,Gloucestershire Constabulary,-2.187377,51.853719,On or near Pinemount Road,E01022304,Gloucester 006C,Criminal damage and arson,,
b3ccc5927c6759b36002795b66821dcd1b0354a0f3559fecf3841ec6a7eaa58e,2012-02,Gloucestershire Constabulary,Gloucestershire Constabulary,-2.187651,51.853260,On or near Millbridge Road,E01022304,Gloucester 006C,Vehicle crime,,
32c811d78fd884de40a2fde668d693cedd19d82fc7abe08a26b154f1c72d8985,2012-02,Gloucestershire Constabulary,Gloucestershire Constabulary,-2.187377,51.853719,On or near Pinemount Road,E01022304,Gloucester 006C,Vehicle crime,,
292d1cdc428685460d83b291e1f744710668f2d70a8fb925e8708fdbb2844b41,2012-02,Gloucestershire Constabulary,Gloucestershire Constabulary,-2.187651,51.853260,On or near Millbridge Road,E01022304,Gloucester 006C,Vehicle crime,,
49b9bc08f834228e0b9690502feeb1fbf9a4bca8255fc6239fb1bc9fa965337f,2012-02,Gloucestershire Constabulary,Gloucestershire Constabulary,-2.193405,51.857773,On or near Supermarket,E01022305,Gloucester 006D,Burglary,,
d1e03349066f708b882482e6324249221c314c84020bc561b93f34e326e81716,2012-02,Gloucestershire Constabulary,Gloucestershire Constabulary,-2.190620,51.851609,On or near Trevor Road,E01022305,Gloucester 006D,Burglary,,
f7cf56c1a7d68781099e957a36fbe138989b909cb6a1e8041dcc56d3e88f98a5,2012-02,Gloucestershire Constabulary,Gloucestershire Constabulary,-2.192879,51.857018,On or near Police Station,E01022305,Gloucester 006D,Other theft,,
e3e05bb69e09da2cf3450735fc0303900f041f2c7af5fd2ae44c04aed4f5348d,2012-02,Gloucestershire Constabulary,Gloucestershire Constabulary,-2.193405,51.857773,On or near Supermarket,E01022305,Gloucester 006D,Shoplifting,,
c4770ff9503d865f11a93b0a77fa3f8a1385e287cfc09cf09bcd21e5b0566e6f,2012-02,Gloucestershire Constabulary,Gloucestershire Constabulary,-2.193405,51.857773,On or near Supermarket,E01022305,Gloucester 006D,Shoplifting,,
bec6a744041912088eb8671dfc35491b1c692aac71c1a534a6b18aa33b377900,2012-02,Gloucestershire Constabulary,Gloucestershire Constabulary,-2.193405,51.857773,On or near Supermarket,E01022305,Gloucester 006D,Violent crime,,
,2012-02,Gloucestershire Constabulary,Gloucestershire Constabulary,-2.193160,51.861675,On or near Gatton Way,E01022308,Gloucester 006E,Anti-social behaviour,,
,2012-02,Gloucestershire Constabulary,Gloucestershire Constabulary,-2.196465,51.860321,On or near Insley Gardens,E01022308,Gloucester 006E,Anti-social behaviour,,
,2012-02,Gloucestershire Constabulary,Gloucestershire Constabulary,-2.193305,51.858249,On or near Burleigh Croft,E01022308,Gloucester 006E,Anti-social behaviour,,
ac2f7f59abb06647e3ee607d62724f32e0d8a6d299bbf0db227a41c4e9130392,2012-02,Gloucestershire Constabulary,Gloucestershire Constabulary,-2.193305,51.858249,On or near Burleigh Croft,E01022308,Gloucester 006E,Criminal damage and arson,Investigation complete; no suspect identified,
c71ebe3ea0be0c28956323c1550d9649621ef35bab5e10a987c6cb43d32c3d6e,2012-02,Gloucestershire Constabulary,Gloucestershire Constabulary,-2.193094,51.863114,On or near Gilpin Avenue,E01022308,Gloucester 006E,Criminal damage and arson,,
48386b6aef909f883d1e197cb57e33f07829cd26fdc0607da1fb4ed50de811cb,2012-02,Gloucestershire Constabulary,Gloucestershire Constabulary,-2.192661,51.860363,On or near Chosen Way,E01022308,Gloucester 006E,Criminal damage and arson,,
cc8cca852afea0a6a9f08b998f4b4591a30d79c90c453164c8f97d8bf63c5e29,2012-02,Gloucestershire Constabulary,Gloucestershire Constabulary,-2.196820,51.861732,On or near Kingstone Avenue,E01022308,Gloucester 006E,Vehicle crime,,
,2012-02,Gloucestershire Constabulary,Gloucestershire Constabulary,-2.206917,51.840514,On or near Claridge Close,E01022278,Gloucester 007A,Anti-social behaviour,,
e0e5e47e2c45ae687b3a08f2362f701eeec44e03eb835716e90d227ea704bb89,2012-02,Gloucestershire Constabulary,Gloucestershire Constabulary,-2.213196,51.842418,On or near Raven Close,E01022278,Gloucester 007A,Burglary,,
ffd3c450cdcd2c9b680eaf862d30d0689bcc1751fff6857ede8f3282af8350b6,2012-02,Gloucestershire Constabulary,Gloucestershire Constabulary,-2.211438,51.842034,On or near Autumn Rise,E01022278,Gloucester 007A,Burglary,,
1133affac96f4306b3a07838f7d903d864f29d2caf0ace0805bb6afcca7b16a7,2012-02,Gloucestershire Constabulary,Gloucestershire Constabulary,-2.211196,51.843096,On or near Heron Way,E01022278,Gloucester 007A,Burglary,,
54dde3d4e8948b896d2f56f35b91bed174c2d23192866c9b36f09dfe1f7f1671,2012-02,Gloucestershire Constabulary,Gloucestershire Constabulary,-2.212209,51.845540,On or near Woodcock Close,E01022278,Gloucester 007A,Other crime,Investigation complete; no suspect identified,
,2012-02,Gloucestershire Constabulary,Gloucestershire Constabulary,-2.216396,51.846970,On or near Curlew Road,E01022279,Gloucester 007B,Anti-social behaviour,,
,2012-02,Gloucestershire Constabulary,Gloucestershire Constabulary,-2.214115,51.846453,On or near Eagle Way,E01022279,Gloucester 007B,Anti-social behaviour,,
90502586a98a6412f545929590b90a4066c8b313f0ea8ee536b1aff9bafd6f36,2012-02,Gloucestershire Constabulary,Gloucestershire Constabulary,-2.214409,51.844187,On or near Stonechat Avenue,E01022279,Gloucester 007B,Other theft,,
,2012-02,Gloucestershire Constabulary,Gloucestershire Constabulary,-2.203321,51.847893,On or near Crock Mead,E01022282,Gloucester 007C,Anti-social behaviour,,
,2012-02,Gloucestershire Constabulary,Gloucestershire Constabulary,-2.203321,51.847893,On or near Crock Mead,E01022282,Gloucester 007C,Anti-social behaviour,,
,2012-02,Gloucestershire Constabulary,Gloucestershire Constabulary,-2.205900,51.849902,On or near Youngs Orchard,E01022282,Gloucester 007C,Anti-social behaviour,,
,2012-02,Gloucestershire Constabulary,Gloucestershire Constabulary,-2.206573,51.851052,On or near Trygrove,E01022282,Gloucester 007C,Anti-social behaviour,,
,2012-02,Gloucestershire Constabulary,Gloucestershire Constabulary,-2.204025,51.849519,On or near Stonebrack Piece,E01022282,Gloucester 007C,Anti-social behaviour,,
ecb5d9097a1d886d99d78b87d4014c8776f87b36715ddd3234e7005bdd7af9a2,2012-02,Gloucestershire Constabulary,Gloucestershire Constabulary,-2.203714,51.851336,On or near The Larches,E01022282,Gloucester 007C,Burglary,,
74fe4c77b8a32c613d57e5cfe09adae7715da02c7c77d442b43d412742d7a645,2012-02,Gloucestershire Constabulary,Gloucestershire Constabulary,-2.202048,51.848866,On or near Kimberland Way,E01022282,Gloucester 007C,Criminal damage and arson,,
95ab06741fecee0f8c4f0be9c7d47dae782f32c3e1a48a014b32ffcc32e5063a,2012-02,Gloucestershire Constabulary,Gloucestershire Constabulary,-2.202447,51.847265,On or near Home Ground,E01022282,Gloucester 007C,Criminal damage and arson,,
62915515fc563e5e5c72f2713ade4857e4447e02d72c2c0da45f28c3851690a4,2012-02,Gloucestershire Constabulary,Gloucestershire Constabulary,-2.206211,51.854541,On or near Dodington Close,E01022282,Gloucester 007C,Criminal damage and arson,,
,2012-02,Gloucestershire Constabulary,Gloucestershire Constabulary,-2.223960,51.849950,On or near Old Painswick Road,E01022284,Gloucester 007D,Anti-social behaviour,,
,2012-02,Gloucestershire Constabulary,Gloucestershire Constabulary,-2.226845,51.854998,On or near Pedestrian Subway,E01022284,Gloucester 007D,Anti-social behaviour,,
,2012-02,Gloucestershire Constabulary,Gloucestershire Constabulary,-2.223960,51.849950,On or near Old Painswick Road,E01022284,Gloucester 007D,Anti-social behaviour,,
,2012-02,Gloucestershire Constabulary,Gloucestershire Constabulary,-2.223176,51.852883,On or near Fairford Way,E01022284,Gloucester 007D,Anti-social behaviour,,
,2012-02,Gloucestershire Constabulary,Gloucestershire Constabulary,-2.223960,51.849950,On or near Old Painswick Road,E01022284,Gloucester 007D,Anti-social behaviour,,
,2012-02,Gloucestershire Constabulary,Gloucestershire Constabulary,-2.226399,51.852913,On or near Chequers Road,E01022284,Gloucester 007D,Anti-social behaviour,,
,2012-02,Gloucestershire Constabulary,Gloucestershire Constabulary,-2.226399,51.852913,On or near Chequers Road,E01022284,Gloucester 007D,Anti-social behaviour,,
,2012-02,Gloucestershire Constabulary,Gloucestershire Constabulary,-2.225491,51.854218,On or near Malmesbury Road,E01022284,Gloucester 007D,Anti-social behaviour,,
,2012-02,Gloucestershire Constabulary,Gloucestershire Constabulary,-2.226985,51.853891,On or near Savernake Road,E01022284,Gloucester 007D,Anti-social behaviour,,
,2012-02,Gloucestershire Constabulary,Gloucestershire Constabulary,-2.225794,51.850990,On or near Painswick Road,E01022284,Gloucester 007D,Anti-social behaviour,,
,2012-02,Gloucestershire Constabulary,Gloucestershire Constabulary,-2.222374,51.852138,On or near Concorde Way,E01022284,Gloucester 007D,Anti-social behaviour,,
,2012-02,Gloucestershire Constabulary,Gloucestershire Constabulary,-2.220918,51.851332,On or near Highfield Road,E01022284,Gloucester 007D,Anti-social behaviour,,
,2012-02,Gloucestershire Constabulary,Gloucestershire Constabulary,-2.222021,51.854180,On or near Highfield Place,E01022284,Gloucester 007D,Anti-social behaviour,,
228cf07105ffd2288d4b737911492a87879239ad356e5280aff454e07d601c79,2012-02,Gloucestershire Constabulary,Gloucestershire Constabulary,-2.223176,51.852883,On or near Fairford Way,E01022284,Gloucester 007D,Burglary,,
aec3cb1234cca7db9a6cd6c54d6ccc525501cc879d8dc9b709785ab6c89e0255,2012-02,Gloucestershire Constabulary,Gloucestershire Constabulary,-2.226845,51.854998,On or near Pedestrian Subway,E01022284,Gloucester 007D,Burglary,,
5f1f0acc08732f479a5e0322c88e16fab1b408668ee37dc6a004d39ead609f51,2012-02,Gloucestershire Constabulary,Gloucestershire Constabulary,-2.223176,51.852883,On or near Fairford Way,E01022284,Gloucester 007D,Criminal damage and arson,,
bb7a2c91f4c2a005e7f6e3af6296c6ddbf85153351180d90ebd0dde31e7a5878,2012-02,Gloucestershire Constabulary,Gloucestershire Constabulary,-2.226399,51.852913,On or near Chequers Road,E01022284,Gloucester 007D,Criminal damage and arson,,
eb3abfb0aee0f488f4ab89e55fc175a71d3252b778121ad7dbc11561b927974e,2012-02,Gloucestershire Constabulary,Gloucestershire Constabulary,-2.222547,51.857721,On or near Eastville Close,E01022284,Gloucester 007D,Other theft,,
726aaca6920819b30216c1dd73220a04c185f799bd60b3dbf728acdc6af53d12,2012-02,Gloucestershire Constabulary,Gloucestershire Constabulary,-2.222547,51.857721,On or near Eastville Close,E01022284,Gloucester 007D,Other theft,,
1a0caf4057c2aae4e4e8cc393a8b5c512201ed983329471dc6fa22fa355cef42,2012-02,Gloucestershire Constabulary,Gloucestershire Constabulary,-2.222547,51.857721,On or near Eastville Close,E01022284,Gloucester 007D,Other theft,,
7176edca47238ab4f07e3102a4136d7e589cc79215457105782cf5fef2451c22,2012-02,Gloucestershire Constabulary,Gloucestershire Constabulary,-2.222021,51.854180,On or near Highfield Place,E01022284,Gloucester 007D,Other theft,,
90fd22efae88384ff60f6e62f8d12d4d1140da7750d58658d9b09754961a954e,2012-02,Gloucestershire Constabulary,Gloucestershire Constabulary,-2.222021,51.854180,On or near Highfield Place,E01022284,Gloucester 007D,Other theft,,
7ed989409929957660fefd165096202f9c25c267f09991d84d1197ae55b1f7ea,2012-02,Gloucestershire Constabulary,Gloucestershire Constabulary,-2.225794,51.850990,On or near Painswick Road,E01022284,Gloucester 007D,Public disorder and weapons,,
ff763a8f19115209d51d3a3c2720b2f526e8fc89d0f4a922d088940278fcb9a9,2012-02,Gloucestershire Constabulary,Gloucestershire Constabulary,-2.225491,51.854218,On or near Malmesbury Road,E01022284,Gloucester 007D,Vehicle crime,Investigation complete; no suspect identified,
0b8a053511e26c02512ab4dc729c38b576329988331253c54272d969b0716d29,2012-02,Gloucestershire Constabulary,Gloucestershire Constabulary,-2.220918,51.851332,On or near Highfield Road,E01022284,Gloucester 007D,Vehicle crime,,
,2012-02,Gloucestershire Constabulary,Gloucestershire Constabulary,-2.208813,51.851893,On or near Seven Acres,E01022285,Gloucester 007E,Anti-social behaviour,,
,2012-02,Gloucestershire Constabulary,Gloucestershire Constabulary,-2.209590,51.850570,On or near West Lodge Drive,E01022285,Gloucester 007E,Anti-social behaviour,,
,2012-02,Gloucestershire Constabulary,Gloucestershire Constabulary,-2.211564,51.853453,On or near Naunton Road,E01022285,Gloucester 007E,Anti-social behaviour,,
,2012-02,Gloucestershire Constabulary,Gloucestershire Constabulary,-2.211564,51.853453,On or near Naunton Road,E01022285,Gloucester 007E,Anti-social behaviour,,
,2012-02,Gloucestershire Constabulary,Gloucestershire Constabulary,-2.211564,51.853453,On or near Naunton Road,E01022285,Gloucester 007E,Anti-social behaviour,,
,2012-02,Gloucestershire Constabulary,Gloucestershire Constabulary,-2.212414,51.851995,On or near Coney Hill Parade,E01022285,Gloucester 007E,Anti-social behaviour,,
,2012-02,Gloucestershire Constabulary,Gloucestershire Constabulary,-2.208813,51.851893,On or near Seven Acres,E01022285,Gloucester 007E,Anti-social behaviour,,
,2012-02,Gloucestershire Constabulary,Gloucestershire Constabulary,-2.208813,51.851893,On or near Seven Acres,E01022285,Gloucester 007E,Anti-social behaviour,,
,2012-02,Gloucestershire Constabulary,Gloucestershire Constabulary,-2.211564,51.853453,On or near Naunton Road,E01022285,Gloucester 007E,Anti-social behaviour,,
,2012-02,Gloucestershire Constabulary,Gloucestershire Constabulary,-2.211564,51.853453,On or near Naunton Road,E01022285,Gloucester 007E,Anti-social behaviour,,
,2012-02,Gloucestershire Constabulary,Gloucestershire Constabulary,-2.210373,51.853401,On or near Hailes Road,E01022285,Gloucester 007E,Anti-social behaviour,,
,2012-02,Gloucestershire Constabulary,Gloucestershire Constabulary,-2.208813,51.851893,On or near Seven Acres,E01022285,Gloucester 007E,Anti-social behaviour,,
,2012-02,Gloucestershire Constabulary,Gloucestershire Constabulary,-2.211564,51.853453,On or near Naunton Road,E01022285,Gloucester 007E,Anti-social behaviour,,
,2012-02,Gloucestershire Constabulary,Gloucestershire Constabulary,-2.208813,51.851893,On or near Seven Acres,E01022285,Gloucester 007E,Anti-social behaviour,,
,2012-02,Gloucestershire Constabulary,Gloucestershire Constabulary,-2.208748,51.859913,On or near Barnwood Avenue,E01022285,Gloucester 007E,Anti-social behaviour,,
,2012-02,Gloucestershire Constabulary,Gloucestershire Constabulary,-2.212414,51.851995,On or near Coney Hill Parade,E01022285,Gloucester 007E,Anti-social behaviour,,
5767d02b5d2ea8bb40338c51c16f9d4b9bd81fcb1fad32ba3acee5d8631f374b,2012-02,Gloucestershire Constabulary,Gloucestershire Constabulary,-2.209590,51.850570,On or near West Lodge Drive,E01022285,Gloucester 007E,Burglary,Investigation complete; no suspect identified,
8b87fbfbb3098ac91d349f1a0eba26134ecfaf8864b7ea6479b7e1a5adfcf3df,2012-02,Gloucestershire Constabulary,Gloucestershire Constabulary,-2.211564,51.853453,On or near Naunton Road,E01022285,Gloucester 007E,Criminal damage and arson,,
47571348d2016a98a38795f7249c5ef11954dc07406a904eb740d354c9d91207,2012-02,Gloucestershire Constabulary,Gloucestershire Constabulary,-2.211564,51.853453,On or near Naunton Road,E01022285,Gloucester 007E,Criminal damage and arson,,
1b45eea35904e7399b3cfbca35ba3b7e80590bdf3d088224dbed18845b01aaa8,2012-02,Gloucestershire Constabulary,Gloucestershire Constabulary,-2.210373,51.853401,On or near Hailes Road,E01022285,Gloucester 007E,Criminal damage and arson,,
4049a2b1671d557ad082a145cbcf5d20f67ddc44f30df20ebec5b6d6a6da2b2e,2012-02,Gloucestershire Constabulary,Gloucestershire Constabulary,-2.208068,51.850995,On or near Prices Ground,E01022285,Gloucester 007E,Criminal damage and arson,,
3331ac0650858c2c91e7e17da034c848c81670c207df11b5d1ef2bfdb62876c1,2012-02,Gloucestershire Constabulary,Gloucestershire Constabulary,-2.210349,51.851450,On or near Court Place,E01022285,Gloucester 007E,Criminal damage and arson,Court result unavailable,
a744790bb7f6d8d4ab68f578b459128f84583d5acd6bc71dde0c0a1f4bef3a11,2012-02,Gloucestershire Constabulary,Gloucestershire Constabulary,-2.210349,51.851450,On or near Court Place,E01022285,Gloucester 007E,Drugs,,
ff752a41b9e7f86fb9889bcdc9b2bbd3afa25ed941f15e8049bbda39cd4cb34f,2012-02,Gloucestershire Constabulary,Gloucestershire Constabulary,-2.212414,51.851995,On or near Coney Hill Parade,E01022285,Gloucester 007E,Other theft,,
6e96f33562c488ae34034d409812c18337101d1776aecba1b9fb628d7be1f888,2012-02,Gloucestershire Constabulary,Gloucestershire Constabulary,-2.210349,51.851450,On or near Court Place,E01022285,Gloucester 007E,Other theft,,
e35f2c74fc9ef79fa3e04aee9c3d1dfff35c5bf49681fd1f0070e5c3e8560d63,2012-02,Gloucestershire Constabulary,Gloucestershire Constabulary,-2.210373,51.853401,On or near Hailes Road,E01022285,Gloucester 007E,Violent crime,,
,2012-02,Gloucestershire Constabulary,Gloucestershire Constabulary,-2.221692,51.849388,On or near Cheyney Close,E01022286,Gloucester 007F,Anti-social behaviour,,
,2012-02,Gloucestershire Constabulary,Gloucestershire Constabulary,-2.212567,51.853766,On or near Stanway Road,E01022286,Gloucester 007F,Anti-social behaviour,,
,2012-02,Gloucestershire Constabulary,Gloucestershire Constabulary,-2.214689,51.854256,On or near Hartley Gardens,E01022286,Gloucester 007F,Anti-social behaviour,,
54855a152790275312cafd900c79dd78ded027508ba677c347c15770a1c4c8f7,2012-02,Gloucestershire Constabulary,Gloucestershire Constabulary,-2.217072,51.851564,On or near Church Way,E01022286,Gloucester 007F,Burglary,,
2aef4549c72dea8b2be6f81cc2e96fec339a4b0f2c753e7796a58874bea7c0d5,2012-02,Gloucestershire Constabulary,Gloucestershire Constabulary,-2.218566,51.851318,On or near Arreton Avenue,E01022286,Gloucester 007F,Other theft,,
08601050a1cff6b5e274616a375b06528256be5b81482cdb770477fa03eb3a05,2012-02,Gloucestershire Constabulary,Gloucestershire Constabulary,-2.215093,51.853635,On or near Boughton Way,E01022286,Gloucester 007F,Other theft,,
28792f85dc6839f8ea23a4af6161149c5a1beaa6440084ec47d3302dd35347a6,2012-02,Gloucestershire Constabulary,Gloucestershire Constabulary,-2.217072,51.851564,On or near Church Way,E01022286,Gloucester 007F,Public disorder and weapons,Offender given a drugs possession warning,
876bc6ea3949d1f3eccc6c7ac7b3142bd654ce73782d507237376864fd9812d8,2012-02,Gloucestershire Constabulary,Gloucestershire Constabulary,-2.222524,51.850268,On or near Askwith Road,E01022286,Gloucester 007F,Violent crime,,
50a5a55ef8600455315e401d4052976520073a3fac14a8ea219c5254c5f1137b,2012-02,Gloucestershire Constabulary,Gloucestershire Constabulary,-2.222524,51.850268,On or near Askwith Road,E01022286,Gloucester 007F,Violent crime,Investigation complete; no suspect identified,
17f8bd0e2e7d2449f374332ea075b32d0c8b3722318b5f491f9747d827a1241e,2012-02,Gloucestershire Constabulary,Gloucestershire Constabulary,-2.222524,51.850268,On or near Askwith Road,E01022286,Gloucester 007F,Violent crime,,
cb22632ac59c3beea85563ec779322517271f04058855def67798ac3123ec9e3,2012-02,Gloucestershire Constabulary,Gloucestershire Constabulary,-2.220123,51.852052,On or near Willow Avenue,E01022286,Gloucester 007F,Violent crime,Investigation complete; no suspect identified,
,2012-02,Gloucestershire Constabulary,Gloucestershire Constabulary,-2.213475,51.861559,On or near Overbrook Close,E01022287,Gloucester 007G,Anti-social behaviour,,
,2012-02,Gloucestershire Constabulary,Gloucestershire Constabulary,-2.197877,51.870865,On or near Parking Area,E01022287,Gloucester 007G,Anti-social behaviour,,
,2012-02,Gloucestershire Constabulary,Gloucestershire Constabulary,-2.211787,51.863855,On or near Petrol Station,E01022287,Gloucester 007G,Anti-social behaviour,,
,2012-02,Gloucestershire Constabulary,Gloucestershire Constabulary,-2.205147,51.866321,On or near Corinium Avenue,E01022287,Gloucester 007G,Anti-social behaviour,,
,2012-02,Gloucestershire Constabulary,Gloucestershire Constabulary,-2.213475,51.861559,On or near Overbrook Close,E01022287,Gloucester 007G,Anti-social behaviour,,
,2012-02,Gloucestershire Constabulary,Gloucestershire Constabulary,-2.213475,51.861559,On or near Overbrook Close,E01022287,Gloucester 007G,Anti-social behaviour,,
,2012-02,Gloucestershire Constabulary,Gloucestershire Constabulary,-2.203631,51.861846,On or near Welveland Lane,E01022287,Gloucester 007G,Anti-social behaviour,,
,2012-02,Gloucestershire Constabulary,Gloucestershire Constabulary,-2.211787,51.863855,On or near Petrol Station,E01022287,Gloucester 007G,Anti-social behaviour,,
,2012-02,Gloucestershire Constabulary,Gloucestershire Constabulary,-2.216077,51.862040,On or near Northbrook Road,E01022287,Gloucester 007G,Anti-social behaviour,,
,2012-02,Gloucestershire Constabulary,Gloucestershire Constabulary,-2.211228,51.862273,On or near Grove Crescent,E01022287,Gloucester 007G,Anti-social behaviour,,
,2012-02,Gloucestershire Constabulary,Gloucestershire Constabulary,-2.205299,51.861484,On or near Barnwood Road,E01022287,Gloucester 007G,Anti-social behaviour,,
,2012-02,Gloucestershire Constabulary,Gloucestershire Constabulary,-2.213475,51.861559,On or near Overbrook Close,E01022287,Gloucester 007G,Anti-social behaviour,,
,2012-02,Gloucestershire Constabulary,Gloucestershire Constabulary,-2.210506,51.863255,On or near Hazel Court,E01022287,Gloucester 007G,Anti-social behaviour,,
5bfc67e4f8a640641d9cf80a40a00da47a7c704cea4311be3739aca794b140eb,2012-02,Gloucestershire Constabulary,Gloucestershire Constabulary,-2.216913,51.857857,On or near Eastbrook Road,E01022287,Gloucester 007G,Burglary,,
a837fc17653380718f9b6df40637b97aaf069a0c057bba78d1c9c210695f138f,2012-02,Gloucestershire Constabulary,Gloucestershire Constabulary,-2.205147,51.866321,On or near Corinium Avenue,E01022287,Gloucester 007G,Other theft,Investigation complete; no suspect identified,
ef9d69ba6c7a8886ad4ace1d947613d7e2d6197d1d43401d8c0a10529a8bcd5e,2012-02,Gloucestershire Constabulary,Gloucestershire Constabulary,-2.216077,51.862040,On or near Northbrook Road,E01022287,Gloucester 007G,Other theft,,
1be3f625b5e3f20d20c9cee71c7870cc062868f0eb0fb3c265b6729398399630,2012-02,Gloucestershire Constabulary,Gloucestershire Constabulary,-2.212351,51.860374,On or near Wells Road,E01022287,Gloucester 007G,Other theft,,
fda54f3642d7de9f7c538651c6af8f2e35f0363cbc8094dd1c159e6263ab7253,2012-02,Gloucestershire Constabulary,Gloucestershire Constabulary,-2.205147,51.866321,On or near Corinium Avenue,E01022287,Gloucester 007G,Other theft,,
f4044b5521b9e425396091fbed76f2df5b8c301e1005ebba781ca42b91ecaa96,2012-02,Gloucestershire Constabulary,Gloucestershire Constabulary,-2.205147,51.866321,On or near Corinium Avenue,E01022287,Gloucester 007G,Public disorder and weapons,,
dc6662d85e16ebf18f516cc15fe2eff44c6955fe568d43f3799fc99b8d134db7,2012-02,Gloucestershire Constabulary,Gloucestershire Constabulary,-2.214669,51.859111,On or near York Road,E01022287,Gloucester 007G,Vehicle crime,,
24c524c3a8af19455ef86102680824b8ecdbe3a20c44f7ddd7822826728dcdeb,2012-02,Gloucestershire Constabulary,Gloucestershire Constabulary,-2.211787,51.863855,On or near Petrol Station,E01022287,Gloucester 007G,Vehicle crime,,
52781887dcf108cbd5b73bdafb6ca0e638512e1ee7cc56e82e3c0d1be52213d1,2012-02,Gloucestershire Constabulary,Gloucestershire Constabulary,-2.211474,51.858973,On or near Lichfield Road,E01022287,Gloucester 007G,Vehicle crime,,
ad659c677ed07257aa9fdc2696b2bf8243a4680ad0da5febf0b72b2f23c86969,2012-02,Gloucestershire Constabulary,Gloucestershire Constabulary,-2.211787,51.863855,On or near Petrol Station,E01022287,Gloucester 007G,Violent crime,,
4eaf34975196cb90a09ff4f62bc9b5ca6ca86b9645e52cef3f58fe5693c9afce,2012-02,Gloucestershire Constabulary,Gloucestershire Constabulary,-2.204133,51.860551,On or near Grovelands,E01022287,Gloucester 007G,Violent crime,,
,2012-02,Gloucestershire Constabulary,Gloucestershire Constabulary,-2.243534,51.856061,On or near Farm Street,E01022293,Gloucester 008A,Anti-social behaviour,,
,2012-02,Gloucestershire Constabulary,Gloucestershire Constabulary,-2.240167,51.856356,On or near Brook Street,E01022293,Gloucester 008A,Anti-social behaviour,,
,2012-02,Gloucestershire Constabulary,Gloucestershire Constabulary,-2.240482,51.855636,On or near Conduit Street,E01022293,Gloucester 008A,Anti-social behaviour,,
,2012-02,Gloucestershire Constabulary,Gloucestershire Constabulary,-2.243534,51.856061,On or near Farm Street,E01022293,Gloucester 008A,Anti-social behaviour,,
,2012-02,Gloucestershire Constabulary,Gloucestershire Constabulary,-2.239499,51.853588,On or near Hanman Road,E01022293,Gloucester 008A,Anti-social behaviour,,
01914cc84450713604f8c74e79eea0f42c24ba3a29d93c92b2207447bb6e5203,2012-02,Gloucestershire Constabulary,Gloucestershire Constabulary,-2.239414,51.854092,On or near Slaney Street,E01022293,Gloucester 008A,Burglary,Investigation complete; no suspect identified,
47aa6a471d62441ea802d1620baaeb99980063853f852b3ca77a81db15e8525e,2012-02,Gloucestershire Constabulary,Gloucestershire Constabulary,-2.242078,51.858042,On or near Midland Road,E01022293,Gloucester 008A,Burglary,,
ecda317f0fbf238005b8a8a8b2f3ec4f936fb09c078a231ae3752d04402ef1c1,2012-02,Gloucestershire Constabulary,Gloucestershire Constabulary,-2.239124,51.854209,On or near Knowles Road,E01022293,Gloucester 008A,Burglary,,
ea131a618051d873227f3a939562907320f5fc3bb1f19c450ce9f5daa31c7e99,2012-02,Gloucestershire Constabulary,Gloucestershire Constabulary,-2.240167,51.856356,On or near Brook Street,E01022293,Gloucester 008A,Criminal damage and arson,,
ec1d9dae31662926d710ace81fcc0a7b9a9ee3214883000cf4b1eb591af4ff29,2012-02,Gloucestershire Constabulary,Gloucestershire Constabulary,-2.239414,51.854092,On or near Slaney Street,E01022293,Gloucester 008A,Criminal damage and arson,,
71ff51d863ebbe740ae09690c593f8a461d5f1f9c2a010c01a4b0d0d04d176bb,2012-02,Gloucestershire Constabulary,Gloucestershire Constabulary,-2.240167,51.856356,On or near Brook Street,E01022293,Gloucester 008A,Criminal damage and arson,,
419215439a25375bd63dd08a8ae1307c96eb878a3633a909abc24e22902b6cc4,2012-02,Gloucestershire Constabulary,Gloucestershire Constabulary,-2.243783,51.856537,On or near Park End Road,E01022293,Gloucester 008A,Criminal damage and arson,,
1e8298ff5df31ac6b99285b3b47db01e1632b4b6ff9b03690154393e5aad01e0,2012-02,Gloucestershire Constabulary,Gloucestershire Constabulary,-2.239414,51.854092,On or near Slaney Street,E01022293,Gloucester 008A,Criminal damage and arson,,
2c731a67da6de7a59ecd7c07d54cdda2d8a5e8cce875beae932676c76f990718,2012-02,Gloucestershire Constabulary,Gloucestershire Constabulary,-2.240167,51.856356,On or near Brook Street,E01022293,Gloucester 008A,Criminal damage and arson,,
80e6443afec56d101b7d2a4257f218d4790769fe264bf819959bdbf5811464ef,2012-02,Gloucestershire Constabulary,Gloucestershire Constabulary,-2.240167,51.856356,On or near Brook Street,E01022293,Gloucester 008A,Criminal damage and arson,,
67f7a727106061089425deb3306e24a160852465cb3c18e47e62ca7c805f5291,2012-02,Gloucestershire Constabulary,Gloucestershire Constabulary,-2.239124,51.854209,On or near Knowles Road,E01022293,Gloucester 008A,Criminal damage and arson,,
5551ddd8da6753c2fc7f03923f7f51a3ecd5df97f0224aa20f34d793e3bb8eef,2012-02,Gloucestershire Constabulary,Gloucestershire Constabulary,-2.239124,51.854209,On or near Knowles Road,E01022293,Gloucester 008A,Criminal damage and arson,,
cf84030f58d5ebe5cbe1064efd57879c9828a30e9212d44a0bded1f5af7f170e,2012-02,Gloucestershire Constabulary,Gloucestershire Constabulary,-2.239124,51.854209,On or near Knowles Road,E01022293,Gloucester 008A,Criminal damage and arson,,
fc4f9111c0cf57187e6d9e775de7a50c83efa2919470c1f33343ea097077c165,2012-02,Gloucestershire Constabulary,Gloucestershire Constabulary,-2.239124,51.854209,On or near Knowles Road,E01022293,Gloucester 008A,Criminal damage and arson,,
c7fff944e1fa79fd2b413039244bcf00534f571606b25902f63e29f11b5f4b2d,2012-02,Gloucestershire Constabulary,Gloucestershire Constabulary,-2.240167,51.856356,On or near Brook Street,E01022293,Gloucester 008A,Criminal damage and arson,,
494a14a35fe84dd3e99e3c566a68243b7b844c10fe9a6905a313395cd5c4e579,2012-02,Gloucestershire Constabulary,Gloucestershire Constabulary,-2.240167,51.856356,On or near Brook Street,E01022293,Gloucester 008A,Criminal damage and arson,,
54e85c76c8a20d7ef7f441a6ed03cb9f7d8c719caea28838ed46b3f6dfe6b06b,2012-02,Gloucestershire Constabulary,Gloucestershire Constabulary,-2.240167,51.856356,On or near Brook Street,E01022293,Gloucester 008A,Criminal damage and arson,,
44c72ba4822196943d79aeadd8c1593c44b8201f8ad870c31bf6ab896b038f7c,2012-02,Gloucestershire Constabulary,Gloucestershire Constabulary,-2.239124,51.854209,On or near Knowles Road,E01022293,Gloucester 008A,Criminal damage and arson,,
961df5363e9849413dde056cfb3b4d95ebf84f7bfc6d97ce836ddc9bd4f26321,2012-02,Gloucestershire Constabulary,Gloucestershire Constabulary,-2.242148,51.854832,On or near Furlong Road,E01022293,Gloucester 008A,Criminal damage and arson,,
565e67a93e8f6eeb4f22c911c82710d1f9a542e06a8de5f50b8e5ce4de7458e5,2012-02,Gloucestershire Constabulary,Gloucestershire Constabulary,-2.242148,51.854832,On or near Furlong Road,E01022293,Gloucester 008A,Criminal damage and arson,,
a9fc9dcfcbe3dc9d932cb39cc206228818489456b2b0b97bf6c0208a168f4d80,2012-02,Gloucestershire Constabulary,Gloucestershire Constabulary,-2.239414,51.854092,On or near Slaney Street,E01022293,Gloucester 008A,Criminal damage and arson,,
1523677b8fc1d134a8ceda467ac972dd821544ff2a81c333cad347efbd1f0b39,2012-02,Gloucestershire Constabulary,Gloucestershire Constabulary,-2.240167,51.856356,On or near Brook Street,E01022293,Gloucester 008A,Criminal damage and arson,,
379691fb5a725e7bfeef06d90c08927c90b45350346bad51b2b9cb150b9d598d,2012-02,Gloucestershire Constabulary,Gloucestershire Constabulary,-2.243783,51.856537,On or near Park End Road,E01022293,Gloucester 008A,Criminal damage and arson,,
956cd7a55f5d98b31b734c675cd2a7b91bd2d88b6d1071cafe387ebc5da1d97d,2012-02,Gloucestershire Constabulary,Gloucestershire Constabulary,-2.239414,51.854092,On or near Slaney Street,E01022293,Gloucester 008A,Criminal damage and arson,,
2ba0cceecab73fe0d0b25750c16f53c96a93cc01298f03d1090c58422e090d35,2012-02,Gloucestershire Constabulary,Gloucestershire Constabulary,-2.240167,51.856356,On or near Brook Street,E01022293,Gloucester 008A,Criminal damage and arson,,
1fda8dd0151a1851dc4107897f70cbeb1aa8320ea20b9bbeebccd1c2b1792f30,2012-02,Gloucestershire Constabulary,Gloucestershire Constabulary,-2.240167,51.856356,On or near Brook Street,E01022293,Gloucester 008A,Criminal damage and arson,,
94c1ccbcf8d2bfe7c18236e961bb86702b246c2d4c97bc3749220e42c39a2a1b,2012-02,Gloucestershire Constabulary,Gloucestershire Constabulary,-2.242148,51.854832,On or near Furlong Road,E01022293,Gloucester 008A,Criminal damage and arson,,
4c1aba145fc740e2cff562c282ac75ea6e09db623ac0ec4fdda087e6d9663eba,2012-02,Gloucestershire Constabulary,Gloucestershire Constabulary,-2.240167,51.856356,On or near Brook Street,E01022293,Gloucester 008A,Criminal damage and arson,,
22e74dfe4333a368e59d7659073008355f432ac9f345ada64dd625e2ee1933fb,2012-02,Gloucestershire Constabulary,Gloucestershire Constabulary,-2.243534,51.856061,On or near Farm Street,E01022293,Gloucester 008A,Criminal damage and arson,,
b2f1728063e9739505fe1cd20cd9b8421a17fb126fddd4d3a54bb9d3921ebe20,2012-02,Gloucestershire Constabulary,Gloucestershire Constabulary,-2.239414,51.854092,On or near Slaney Street,E01022293,Gloucester 008A,Criminal damage and arson,,
d8631cd85aba58b14e253dc59bfe68609cad51fa4f0c7468278e12d7ce8ddd82,2012-02,Gloucestershire Constabulary,Gloucestershire Constabulary,-2.243534,51.856061,On or near Farm Street,E01022293,Gloucester 008A,Public disorder and weapons,Offender otherwise dealt with,
e4c3c6b7e1a0d135059b6604e40cae5e436e8079e857e6f210039cdc4bdf5548,2012-02,Gloucestershire Constabulary,Gloucestershire Constabulary,-2.240482,51.855636,On or near Conduit Street,E01022293,Gloucester 008A,Violent crime,,
b713783e2e670d2cce67dc9aebbad726f9c3a438867542caf9cf0b0334a0705a,2012-02,Gloucestershire Constabulary,Gloucestershire Constabulary,-2.242078,51.858042,On or near Midland Road,E01022293,Gloucester 008A,Violent crime,Court result unavailable,
,2012-02,Gloucestershire Constabulary,Gloucestershire Constabulary,-2.234287,51.850946,On or near Leonard Road,E01022294,Gloucester 008B,Anti-social behaviour,,
,2012-02,Gloucestershire Constabulary,Gloucestershire Constabulary,-2.236778,51.855194,On or near Carmarthen Street,E01022294,Gloucester 008B,Anti-social behaviour,,
,2012-02,Gloucestershire Constabulary,Gloucestershire Constabulary,-2.236257,51.852893,On or near Ducie Street,E01022294,Gloucester 008B,Anti-social behaviour,,
,2012-02,Gloucestershire Constabulary,Gloucestershire Constabulary,-2.236879,51.852487,On or near Victory Road,E01022294,Gloucester 008B,Anti-social behaviour,,
,2012-02,Gloucestershire Constabulary,Gloucestershire Constabulary,-2.236879,51.852487,On or near Victory Road,E01022294,Gloucester 008B,Anti-social behaviour,,
,2012-02,Gloucestershire Constabulary,Gloucestershire Constabulary,-2.235905,51.852166,On or near Dora Walk,E01022294,Gloucester 008B,Anti-social behaviour,,
ba6f95251e417c185f7a64a50598f77659c0fb8c758ed93aa023dd4d0035fd68,2012-02,Gloucestershire Constabulary,Gloucestershire Constabulary,-2.232539,51.852613,On or near Hatherley Road,E01022294,Gloucester 008B,Burglary,Investigation complete; no suspect identified,
9a11be2bdaa65bcd2b3cffe95ad2fa199809061a57ec2fe66543c5c31eea3783,2012-02,Gloucestershire Constabulary,Gloucestershire Constabulary,-2.236101,51.853523,On or near Morton Street,E01022294,Gloucester 008B,Burglary,,
635fbd3c6a1982c3ce0f1400fff451d61dfee715780f6814aa3a151e943556e0,2012-02,Gloucestershire Constabulary,Gloucestershire Constabulary,-2.236257,51.852893,On or near Ducie Street,E01022294,Gloucester 008B,Burglary,,
5db510afbda9f4b12c2b544282b30834da3e90639e93cbff18af117b3c202565,2012-02,Gloucestershire Constabulary,Gloucestershire Constabulary,-2.234001,51.851792,On or near Tarrington Road,E01022294,Gloucester 008B,Criminal damage and arson,Investigation complete; no suspect identified,
222f49d1eb74540dcf87411ed893dc419cd5c018a19b91c7a7f6620acf1473c0,2012-02,Gloucestershire Constabulary,Gloucestershire Constabulary,-2.235905,51.852166,On or near Dora Walk,E01022294,Gloucester 008B,Criminal damage and arson,,
032bde06b63a0c3e22678215f4de4208018601524667763bb94dceb2f75d245c,2012-02,Gloucestershire Constabulary,Gloucestershire Constabulary,-2.236879,51.852487,On or near Victory Road,E01022294,Gloucester 008B,Criminal damage and arson,Investigation complete; no suspect identified,
1e77af449c04de265aedc14c18dd6513e013bf797fc8de986fdde570e1a32ade,2012-02,Gloucestershire Constabulary,Gloucestershire Constabulary,-2.235905,51.852166,On or near Dora Walk,E01022294,Gloucester 008B,Criminal damage and arson,,
dfaa78bb9242899a8c146e9c87c24416d1a7c0173db2316f6699dbb6876c5cf8,2012-02,Gloucestershire Constabulary,Gloucestershire Constabulary,-2.235905,51.852166,On or near Dora Walk,E01022294,Gloucester 008B,Drugs,,
cc090bb05c090f1a3897ed091275dff8edfc13a5c668cd965e2e0d3e7a4a850f,2012-02,Gloucestershire Constabulary,Gloucestershire Constabulary,-2.235905,51.852166,On or near Dora Walk,E01022294,Gloucester 008B,Other theft,,
d209255d9c717a5b685cdfca43448f6d0bd0c1afaed52e5911fd4ca1584021bd,2012-02,Gloucestershire Constabulary,Gloucestershire Constabulary,-2.236257,51.852893,On or near Ducie Street,E01022294,Gloucester 008B,Robbery,,
e94d3c4aa82764c4f24dc6c289de19e1518971e3017bf24352085535fbde0079,2012-02,Gloucestershire Constabulary,Gloucestershire Constabulary,-2.236208,51.854512,On or near Supermarket,E01022294,Gloucester 008B,Shoplifting,,
7e79d203ee71d54fb36a84c70abba27fc9f5181f091a3567cf64e968c4cc8c41,2012-02,Gloucestershire Constabulary,Gloucestershire Constabulary,-2.237216,51.855678,On or near Llandilo Street,E01022294,Gloucester 008B,Vehicle crime,,
514b36cf00f810e7696d9dc67507fa59d84b2d5ef0b159c54865f7c334f10e09,2012-02,Gloucestershire Constabulary,Gloucestershire Constabulary,-2.234287,51.850946,On or near Leonard Road,E01022294,Gloucester 008B,Vehicle crime,,
733de20fa750387338fd21f8ab7871d802234d114626ccac65e4be25df89e566,2012-02,Gloucestershire Constabulary,Gloucestershire Constabulary,-2.235905,51.852166,On or near Dora Walk,E01022294,Gloucester 008B,Violent crime,,
,2012-02,Gloucestershire Constabulary,Gloucestershire Constabulary,-2.234546,51.847601,On or near Hazelton Close,E01022323,Gloucester 008C,Anti-social behaviour,,
,2012-02,Gloucestershire Constabulary,Gloucestershire Constabulary,-2.236321,51.845682,On or near Barnfields,E01022323,Gloucester 008C,Anti-social behaviour,,
,2012-02,Gloucestershire Constabulary,Gloucestershire Constabulary,-2.232875,51.847335,On or near Bibury Road,E01022323,Gloucester 008C,Anti-social behaviour,,
,2012-02,Gloucestershire Constabulary,Gloucestershire Constabulary,-2.232555,51.844431,On or near Beaufort Road,E01022323,Gloucester 008C,Anti-social behaviour,,
,2012-02,Gloucestershire Constabulary,Gloucestershire Constabulary,-2.232555,51.844431,On or near Beaufort Road,E01022323,Gloucester 008C,Anti-social behaviour,,
,2012-02,Gloucestershire Constabulary,Gloucestershire Constabulary,-2.236515,51.843902,On or near Finlay Road,E01022323,Gloucester 008C,Anti-social behaviour,,
,2012-02,Gloucestershire Constabulary,Gloucestershire Constabulary,-2.238424,51.845381,On or near Dickens Close,E01022323,Gloucester 008C,Anti-social behaviour,,
e78612e0254a15ca4ad8f5a38ae483c4e165518b5b2ef0f497b2998721d4129b,2012-02,Gloucestershire Constabulary,Gloucestershire Constabulary,-2.229600,51.845651,On or near Kingsley Road,E01022323,Gloucester 008C,Other theft,Investigation complete; no suspect identified,
eec3ca6bac82bf74c3cbf26906f7b0513a6fde0dd098ebd04f9b765b60647edd,2012-02,Gloucestershire Constabulary,Gloucestershire Constabulary,-2.232342,51.845429,On or near Finlay Road,E01022323,Gloucester 008C,Other theft,,
d2827b3806ec0e2927a5b166c52db3e28fc56bbf27ef1237352bc8b4a392ab14,2012-02,Gloucestershire Constabulary,Gloucestershire Constabulary,-2.229600,51.845651,On or near Kingsley Road,E01022323,Gloucester 008C,Other theft,,
e1e6bc80b0ed3fa31e2995f9a279265cbe95f8079bba2a01cc4fb9743bb2caeb,2012-02,Gloucestershire Constabulary,Gloucestershire Constabulary,-2.234592,51.845443,On or near Sapperton Road,E01022323,Gloucester 008C,Violent crime,Investigation complete; no suspect identified,
dcd4f9edb0511e6fff1fb6a6de2eb54667c1805d3a8b108f38992d7fd194b84d,2012-02,Gloucestershire Constabulary,Gloucestershire Constabulary,-2.229600,51.845651,On or near Kingsley Road,E01022323,Gloucester 008C,Violent crime,,
049bfcc0bb369cc0126585e85395d4c14ea47193914cdc4b04343376f58a779d,2012-02,Gloucestershire Constabulary,Gloucestershire Constabulary,-2.232555,51.844431,On or near Beaufort Road,E01022323,Gloucester 008C,Violent crime,Investigation complete; no suspect identified,
0767b1707a44cacde2c3dbe9a7f8f01fb10652652821506474e8e128ac95c809,2012-02,Gloucestershire Constabulary,Gloucestershire Constabulary,-2.232875,51.847335,On or near Bibury Road,E01022323,Gloucester 008C,Violent crime,,
,2012-02,Gloucestershire Constabulary,Gloucestershire Constabulary,-2.243973,51.854127,On or near Stroud Road,E01022328,Gloucester 008D,Anti-social behaviour,,
,2012-02,Gloucestershire Constabulary,Gloucestershire Constabulary,-2.241702,51.852864,On or near Catherine Court,E01022328,Gloucester 008D,Anti-social behaviour,,
,2012-02,Gloucestershire Constabulary,Gloucestershire Constabulary,-2.243973,51.854127,On or near Stroud Road,E01022328,Gloucester 008D,Anti-social behaviour,,
,2012-02,Gloucestershire Constabulary,Gloucestershire Constabulary,-2.249227,51.851140,On or near Balfour Road,E01022328,Gloucester 008D,Anti-social behaviour,,
,2012-02,Gloucestershire Constabulary,Gloucestershire Constabulary,-2.241702,51.852864,On or near Catherine Court,E01022328,Gloucester 008D,Anti-social behaviour,,
,2012-02,Gloucestershire Constabulary,Gloucestershire Constabulary,-2.241702,51.852864,On or near Catherine Court,E01022328,Gloucester 008D,Anti-social behaviour,,
,2012-02,Gloucestershire Constabulary,Gloucestershire Constabulary,-2.243973,51.854127,On or near Stroud Road,E01022328,Gloucester 008D,Anti-social behaviour,,
,2012-02,Gloucestershire Constabulary,Gloucestershire Constabulary,-2.240359,51.851536,On or near Wheatstone Road,E01022328,Gloucester 008D,Anti-social behaviour,,
aae307cee3a39e24a8b1711f56400c15edf114d327938e56ce2da1e443826a17,2012-02,Gloucestershire Constabulary,Gloucestershire Constabulary,-2.243973,51.854127,On or near Stroud Road,E01022328,Gloucester 008D,Burglary,Investigation complete; no suspect identified,
93813d6e5f8d485af5d07545e0dc532b88f62d68c74388fe03b9adb2746e04b9,2012-02,Gloucestershire Constabulary,Gloucestershire Constabulary,-2.243973,51.854127,On or near Stroud Road,E01022328,Gloucester 008D,Burglary,,
6f5acd133829d4975b302e8360e1a9749d57156265b3bfb9f5187219b13cefbe,2012-02,Gloucestershire Constabulary,Gloucestershire Constabulary,-2.239359,51.851862,On or near Huxley Road,E01022328,Gloucester 008D,Burglary,,
9fa6c8b46ea5cc3ad56b68438a14078a21a2bdb1d45c0f8e83717e8b67dd862e,2012-02,Gloucestershire Constabulary,Gloucestershire Constabulary,-2.240359,51.851536,On or near Wheatstone Road,E01022328,Gloucester 008D,Criminal damage and arson,,
1b5c885b726e1b8f496c41a95f883e87f09fbed862d12f9ac8e1aef5f5c67aaf,2012-02,Gloucestershire Constabulary,Gloucestershire Constabulary,-2.240359,51.851536,On or near Wheatstone Road,E01022328,Gloucester 008D,Other theft,,
150cb330e278cb13a9d5435b167c381efb38e5b4c0ba183f0e52f29c3f725529,2012-02,Gloucestershire Constabulary,Gloucestershire Constabulary,-2.239580,51.852491,On or near Barnaby Close,E01022328,Gloucester 008D,Violent crime,Investigation complete; no suspect identified,
,2012-02,Gloucestershire Constabulary,Gloucestershire Constabulary,-2.237381,51.851138,On or near Nelson Street,E01022329,Gloucester 008E,Anti-social behaviour,,
,2012-02,Gloucestershire Constabulary,Gloucestershire Constabulary,-2.240071,51.849217,On or near Pedestrian Subway,E01022329,Gloucester 008E,Anti-social behaviour,,
,2012-02,Gloucestershire Constabulary,Gloucestershire Constabulary,-2.237500,51.849087,On or near Parry Road,E01022329,Gloucester 008E,Anti-social behaviour,,
,2012-02,Gloucestershire Constabulary,Gloucestershire Constabulary,-2.237782,51.850202,On or near St Aldwyn Road,E01022329,Gloucester 008E,Anti-social behaviour,,
6a4f8810a1950606040b94f4dcd868219a96b359acc344ef62215b38cff905c5,2012-02,Gloucestershire Constabulary,Gloucestershire Constabulary,-2.236719,51.849629,On or near Clevedon Road,E01022329,Gloucester 008E,Criminal damage and arson,,
a76c1f1ed7b0886eb9ef40723da322224621bd6eb7344412cc2d14a1c0349573,2012-02,Gloucestershire Constabulary,Gloucestershire Constabulary,-2.236524,51.848379,On or near Hartland Road,E01022329,Gloucester 008E,Criminal damage and arson,Court case unable to proceed,
d6cae08f67ed1401352eddacbee78714496f10cb15a3a1095f247a13c1732d99,2012-02,Gloucestershire Constabulary,Gloucestershire Constabulary,-2.235981,51.850062,On or near Highworth Road,E01022329,Gloucester 008E,Other theft,,
edb4230ea2a44f7163433459093164f52225f9396417a294224389b588285034,2012-02,Gloucestershire Constabulary,Gloucestershire Constabulary,-2.237782,51.850202,On or near St Aldwyn Road,E01022329,Gloucester 008E,Public disorder and weapons,,
12fa8892078349ab96739a870b6d7074033df08067204eb9b75a923325a5a58d,2012-02,Gloucestershire Constabulary,Gloucestershire Constabulary,-2.235981,51.850062,On or near Highworth Road,E01022329,Gloucester 008E,Violent crime,,
93fa3b1a527266ccac735a0513fa73fe611c93e5135c2dff361a9284f1a4d9da,2012-02,Gloucestershire Constabulary,Gloucestershire Constabulary,-2.235981,51.850062,On or near Highworth Road,E01022329,Gloucester 008E,Violent crime,,
fbf889bfb7188b9145ec9193e258e9b9aded2f52aac59f3335c35615206faea1,2012-02,Gloucestershire Constabulary,Gloucestershire Constabulary,-2.236524,51.848379,On or near Hartland Road,E01022329,Gloucester 008E,Violent crime,,
,2012-02,Gloucestershire Constabulary,Gloucestershire Constabulary,-2.249921,51.853126,On or near Supermarket,E01022326,Gloucester 009A,Anti-social behaviour,,
,2012-02,Gloucestershire Constabulary,Gloucestershire Constabulary,-2.251899,51.853778,On or near Alma Place,E01022326,Gloucester 009A,Anti-social behaviour,,
,2012-02,Gloucestershire Constabulary,Gloucestershire Constabulary,-2.249921,51.853126,On or near Supermarket,E01022326,Gloucester 009A,Anti-social behaviour,,
,2012-02,Gloucestershire Constabulary,Gloucestershire Constabulary,-2.252701,51.854414,On or near Alma Terrace,E01022326,Gloucester 009A,Anti-social behaviour,,
6c637eee2cd5cce131c9ee1d3cf227c5022f7545784a6b01af7dd578c8e020cf,2012-02,Gloucestershire Constabulary,Gloucestershire Constabulary,-2.251380,51.854498,On or near Theresa Street,E01022326,Gloucester 009A,Burglary,,
c708dbb8407d2fc273da479980532ebf9da80e5d2a0c81f1e772ef075b255e4f,2012-02,Gloucestershire Constabulary,Gloucestershire Constabulary,-2.251380,51.854498,On or near Theresa Street,E01022326,Gloucester 009A,Burglary,,
0ab3c2c8bc30ccdcca87c3f39861e22abfc6fdc60afef439c479f2d05081eb1e,2012-02,Gloucestershire Constabulary,Gloucestershire Constabulary,-2.249921,51.853126,On or near Supermarket,E01022326,Gloucester 009A,Burglary,,
5f7b88e1d4a98418048bef98dd1ce220cb9144fa518847e8e8806af0497eb9e3,2012-02,Gloucestershire Constabulary,Gloucestershire Constabulary,-2.249921,51.853126,On or near Supermarket,E01022326,Gloucester 009A,Burglary,,
fe69eb05afb8146bcfa8cce6e651cffe41014c7593bf16c919ebcca7db438bb3,2012-02,Gloucestershire Constabulary,Gloucestershire Constabulary,-2.249921,51.853126,On or near Supermarket,E01022326,Gloucester 009A,Criminal damage and arson,Offender ordered to pay compensation,
490a53833d8abc871e50c2b95456f15abd835f2f066ad1fea92c9c323b82886d,2012-02,Gloucestershire Constabulary,Gloucestershire Constabulary,-2.252701,51.854414,On or near Alma Terrace,E01022326,Gloucester 009A,Criminal damage and arson,,
7ae8cff968096fa8ad61b4e38cbcbdd27d5b487e988744163a186e1e69f91383,2012-02,Gloucestershire Constabulary,Gloucestershire Constabulary,-2.251899,51.853778,On or near Alma Place,E01022326,Gloucester 009A,Drugs,,
8bd63de016efa23f32974ca3025feb43feadb6b00b4fa949527fe6c293769983,2012-02,Gloucestershire Constabulary,Gloucestershire Constabulary,-2.251899,51.853778,On or near Alma Place,E01022326,Gloucester 009A,Drugs,,
5009898a965589ed7c3a8d7547a76a09f60c2fabc28f163ae62b0dccaefddce9,2012-02,Gloucestershire Constabulary,Gloucestershire Constabulary,-2.249921,51.853126,On or near Supermarket,E01022326,Gloucester 009A,Violent crime,Investigation complete; no suspect identified,
,2012-02,Gloucestershire Constabulary,Gloucestershire Constabulary,-2.241916,51.852252,On or near Goodwin Court,E01022327,Gloucester 009B,Anti-social behaviour,,
,2012-02,Gloucestershire Constabulary,Gloucestershire Constabulary,-2.242595,51.851532,On or near Sydenham Terrace,E01022327,Gloucester 009B,Anti-social behaviour,,
,2012-02,Gloucestershire Constabulary,Gloucestershire Constabulary,-2.242263,51.849195,On or near Tweenbrook Avenue,E01022327,Gloucester 009B,Anti-social behaviour,,
,2012-02,Gloucestershire Constabulary,Gloucestershire Constabulary,-2.242595,51.851532,On or near Sydenham Terrace,E01022327,Gloucester 009B,Anti-social behaviour,,
,2012-02,Gloucestershire Constabulary,Gloucestershire Constabulary,-2.247339,51.845651,On or near Lewisham Road,E01022327,Gloucester 009B,Anti-social behaviour,,
,2012-02,Gloucestershire Constabulary,Gloucestershire Constabulary,-2.240971,51.846563,On or near Ivy Mews,E01022327,Gloucester 009B,Anti-social behaviour,,
,2012-02,Gloucestershire Constabulary,Gloucestershire Constabulary,-2.244025,51.850306,On or near Stanley Road,E01022327,Gloucester 009B,Anti-social behaviour,,
b4885afec5a17c38db29ab7c561a4f1c4c4ff4d1535de199e3e184558c3fce43,2012-02,Gloucestershire Constabulary,Gloucestershire Constabulary,-2.240971,51.846563,On or near Ivy Mews,E01022327,Gloucester 009B,Other theft,Investigation complete; no suspect identified,
41df2ccac8789cf2df385197bc1cf581b26504c49b2324d9189d76b97fb2fb24,2012-02,Gloucestershire Constabulary,Gloucestershire Constabulary,-2.242263,51.849195,On or near Tweenbrook Avenue,E01022327,Gloucester 009B,Vehicle crime,,
,2012-02,Gloucestershire Constabulary,Gloucestershire Constabulary,-2.256090,51.850415,On or near Tudor Street,E01022330,Gloucester 009C,Anti-social behaviour,,
,2012-02,Gloucestershire Constabulary,Gloucestershire Constabulary,-2.251060,51.851757,On or near Seymour Road,E01022330,Gloucester 009C,Anti-social behaviour,,
,2012-02,Gloucestershire Constabulary,Gloucestershire Constabulary,-2.256090,51.850415,On or near Tudor Street,E01022330,Gloucester 009C,Anti-social behaviour,,
,2012-02,Gloucestershire Constabulary,Gloucestershire Constabulary,-2.253858,51.851022,On or near Cecil Road,E01022330,Gloucester 009C,Anti-social behaviour,,
,2012-02,Gloucestershire Constabulary,Gloucestershire Constabulary,-2.254828,51.850625,On or near Granville Street,E01022330,Gloucester 009C,Anti-social behaviour,,
,2012-02,Gloucestershire Constabulary,Gloucestershire Constabulary,-2.251060,51.851757,On or near Seymour Road,E01022330,Gloucester 009C,Anti-social behaviour,,
,2012-02,Gloucestershire Constabulary,Gloucestershire Constabulary,-2.253858,51.851022,On or near Cecil Road,E01022330,Gloucester 009C,Anti-social behaviour,,
,2012-02,Gloucestershire Constabulary,Gloucestershire Constabulary,-2.253858,51.851022,On or near Cecil Road,E01022330,Gloucester 009C,Anti-social behaviour,,
,2012-02,Gloucestershire Constabulary,Gloucestershire Constabulary,-2.253858,51.851022,On or near Cecil Road,E01022330,Gloucester 009C,Anti-social behaviour,,
6c0e2eea0554921435054e7a28d944f854ee6f9d10f1b914bf904e0fe30a84cc,2012-02,Gloucestershire Constabulary,Gloucestershire Constabulary,-2.255142,51.849536,On or near Gladstone Road,E01022330,Gloucester 009C,Burglary,Investigation complete; no suspect identified,
f7122e52ba62797f31e1c89ba86b4911e8cfeac5b83b16cb2d449e8d7b0cf8c6,2012-02,Gloucestershire Constabulary,Gloucestershire Constabulary,-2.256610,51.849874,On or near Hartington Road,E01022330,Gloucester 009C,Criminal damage and arson,,
b1066e3dd372c3cf7fe93aee6b9b3fa999ed81a5365a3600a6e1b28eaa237971,2012-02,Gloucestershire Constabulary,Gloucestershire Constabulary,-2.251060,51.851757,On or near Seymour Road,E01022330,Gloucester 009C,Criminal damage and arson,Investigation complete; no suspect identified,
a9b78bc1300fd7497f21dec22bd3a549645a82b1a432b6e92001b938dca55a82,2012-02,Gloucestershire Constabulary,Gloucestershire Constabulary,-2.256610,51.849874,On or near Hartington Road,E01022330,Gloucester 009C,Other theft,,
a7e61ba82a9824a9a91cd880d4188ba820f5788e3b4d35608b9a53be64479674,2012-02,Gloucestershire Constabulary,Gloucestershire Constabulary,-2.253858,51.851022,On or near Cecil Road,E01022330,Gloucester 009C,Other theft,,
9d2ce617033dd7da66471054bbd9181a8b29d13caa810a785c2af222717e26d9,2012-02,Gloucestershire Constabulary,Gloucestershire Constabulary,-2.253858,51.851022,On or near Cecil Road,E01022330,Gloucester 009C,Other theft,,
6e5e64af2b8b4decfe158f09012b4b298aee89288cb84665933a7948697bff89,2012-02,Gloucestershire Constabulary,Gloucestershire Constabulary,-2.252779,51.852742,On or near Frampton Road,E01022330,Gloucester 009C,Violent crime,Investigation complete; no suspect identified,
a41ed230c3a78afa99817b42c987258cbde8ab3e9ae4f4b0b8b01d2485ece4ca,2012-02,Gloucestershire Constabulary,Gloucestershire Constabulary,-2.254828,51.850625,On or near Granville Street,E01022330,Gloucester 009C,Violent crime,,
,2012-02,Gloucestershire Constabulary,Gloucestershire Constabulary,-2.251929,51.848842,On or near Wilton Road,E01022331,Gloucester 009D,Anti-social behaviour,,
,2012-02,Gloucestershire Constabulary,Gloucestershire Constabulary,-2.251001,51.846407,On or near Tuffley Avenue,E01022331,Gloucester 009D,Anti-social behaviour,,
,2012-02,Gloucestershire Constabulary,Gloucestershire Constabulary,-2.244361,51.848048,On or near Calton Road,E01022331,Gloucester 009D,Anti-social behaviour,,
,2012-02,Gloucestershire Constabulary,Gloucestershire Constabulary,-2.251929,51.848842,On or near Wilton Road,E01022331,Gloucester 009D,Anti-social behaviour,,
,2012-02,Gloucestershire Constabulary,Gloucestershire Constabulary,-2.251929,51.848842,On or near Wilton Road,E01022331,Gloucester 009D,Anti-social behaviour,,
,2012-02,Gloucestershire Constabulary,Gloucestershire Constabulary,-2.250895,51.848286,On or near Raikes Road,E01022331,Gloucester 009D,Anti-social behaviour,,
49692092c41a0da601c71c61f4f81cfc99cec4675a60ba1bc954932510106ae3,2012-02,Gloucestershire Constabulary,Gloucestershire Constabulary,-2.248391,51.849595,On or near Linden Road,E01022331,Gloucester 009D,Burglary,Investigation complete; no suspect identified,
72742f48942ed82d0bbc9e94aeebadfd0ea7036b9792c1ffa9e16de12ec9b11c,2012-02,Gloucestershire Constabulary,Gloucestershire Constabulary,-2.248391,51.849595,On or near Linden Road,E01022331,Gloucester 009D,Criminal damage and arson,,
1f7769d63410e1e31010281e20a411269a0ddf05dc5d2239b4c2bd72c985ba40,2012-02,Gloucestershire Constabulary,Gloucestershire Constabulary,-2.248391,51.849595,On or near Linden Road,E01022331,Gloucester 009D,Drugs,,
7a846c99176e9f2da796e413afbca777c7a6c4e38f4ece1f270311129db5db42,2012-02,Gloucestershire Constabulary,Gloucestershire Constabulary,-2.247819,51.848509,On or near Milo Place,E01022331,Gloucester 009D,Drugs,Offender given suspended prison sentence,
e2ed182025a638b66b83a02f4f8144eec4bab8f133a70022b88b3c5b553fd19d,2012-02,Gloucestershire Constabulary,Gloucestershire Constabulary,-2.251898,51.848455,On or near Talbot Mews,E01022331,Gloucester 009D,Other theft,,
a267ff3460df46ecd0d1bcdf12b9f92a26684512699a6762736455e2c30df64b,2012-02,Gloucestershire Constabulary,Gloucestershire Constabulary,-2.250823,51.848287,On or near Bowly Road,E01022331,Gloucester 009D,Public disorder and weapons,,
05e1812441c223a0c88569b4ba966e96f340ab8a3bd80a24d66c1ce6533e7037,2012-02,Gloucestershire Constabulary,Gloucestershire Constabulary,-2.251929,51.848842,On or near Wilton Road,E01022331,Gloucester 009D,Vehicle crime,,
f5952009002d02fa7976424e62b025a7cc52e1c6a9005ccf9140a9b4594a50e9,2012-02,Gloucestershire Constabulary,Gloucestershire Constabulary,-2.250823,51.848287,On or near Bowly Road,E01022331,Gloucester 009D,Vehicle crime,,
8c4f7f409ccb97df58bc0f4a552229fb799f7824a3bc13813a5b26676d5d032a,2012-02,Gloucestershire Constabulary,Gloucestershire Constabulary,-2.244361,51.848048,On or near Calton Road,E01022331,Gloucester 009D,Violent crime,Local resolution,
,2012-02,Gloucestershire Constabulary,Gloucestershire Constabulary,-2.257728,51.842374,On or near Milton Avenue,E01022333,Gloucester 009E,Anti-social behaviour,,
,2012-02,Gloucestershire Constabulary,Gloucestershire Constabulary,-2.263656,51.845804,On or near Hempsted Lane,E01022333,Gloucester 009E,Anti-social behaviour,,
,2012-02,Gloucestershire Constabulary,Gloucestershire Constabulary,-2.257345,51.841421,On or near Shelley Avenue,E01022333,Gloucester 009E,Anti-social behaviour,,
,2012-02,Gloucestershire Constabulary,Gloucestershire Constabulary,-2.257555,51.840063,On or near Masefield Avenue,E01022333,Gloucester 009E,Anti-social behaviour,,
,2012-02,Gloucestershire Constabulary,Gloucestershire Constabulary,-2.261744,51.838939,On or near Hathaway Close,E01022333,Gloucester 009E,Anti-social behaviour,,
,2012-02,Gloucestershire Constabulary,Gloucestershire Constabulary,-2.259430,51.837928,On or near Byron Avenue,E01022333,Gloucester 009E,Anti-social behaviour,,
,2012-02,Gloucestershire Constabulary,Gloucestershire Constabulary,-2.257345,51.841421,On or near Shelley Avenue,E01022333,Gloucester 009E,Anti-social behaviour,,
,2012-02,Gloucestershire Constabulary,Gloucestershire Constabulary,-2.257728,51.842374,On or near Milton Avenue,E01022333,Gloucester 009E,Anti-social behaviour,,
,2012-02,Gloucestershire Constabulary,Gloucestershire Constabulary,-2.259430,51.837928,On or near Byron Avenue,E01022333,Gloucester 009E,Anti-social behaviour,,
,2012-02,Gloucestershire Constabulary,Gloucestershire Constabulary,-2.257345,51.841421,On or near Shelley Avenue,E01022333,Gloucester 009E,Anti-social behaviour,,
,2012-02,Gloucestershire Constabulary,Gloucestershire Constabulary,-2.259579,51.838665,On or near Keats Avenue,E01022333,Gloucester 009E,Anti-social behaviour,,
,2012-02,Gloucestershire Constabulary,Gloucestershire Constabulary,-2.259430,51.837928,On or near Byron Avenue,E01022333,Gloucester 009E,Anti-social behaviour,,
,2012-02,Gloucestershire Constabulary,Gloucestershire Constabulary,-2.264658,51.838519,On or near Lower Tuffley Lane,E01022333,Gloucester 009E,Anti-social behaviour,,
,2012-02,Gloucestershire Constabulary,Gloucestershire Constabulary,-2.256342,51.841046,On or near Tennyson Avenue,E01022333,Gloucester 009E,Anti-social behaviour,,
,2012-02,Gloucestershire Constabulary,Gloucestershire Constabulary,-2.264658,51.838519,On or near Lower Tuffley Lane,E01022333,Gloucester 009E,Anti-social behaviour,,
6692ebcf5ecc1c89ab5441501d2695eaf0ffa430f3946ba8643a0cac21bb3e6f,2012-02,Gloucestershire Constabulary,Gloucestershire Constabulary,-2.262675,51.844404,On or near Empire Way,E01022333,Gloucester 009E,Burglary,,
846fc8015349d4354483b940b593f05a1e7f68818d728d94b5d979e86ee93c23,2012-02,Gloucestershire Constabulary,Gloucestershire Constabulary,-2.261744,51.838939,On or near Hathaway Close,E01022333,Gloucester 009E,Burglary,,
7386946fab3a62f99fb7bf3757e492cd24f2dbb4688e75e1d105c8ef11b4dcf9,2012-02,Gloucestershire Constabulary,Gloucestershire Constabulary,-2.264571,51.843356,On or near Byard Road,E01022333,Gloucester 009E,Criminal damage and arson,Investigation complete; no suspect identified,
f785d300860a5cf2e9046f945ff6b5bc1db2d9d4e83492e3e0231bf4d09806f4,2012-02,Gloucestershire Constabulary,Gloucestershire Constabulary,-2.257728,51.842374,On or near Milton Avenue,E01022333,Gloucester 009E,Criminal damage and arson,,
b62e3ec23cbc4971903ec5f964b8ccd0656823fbd8d3f2431fbc6144ece32e0e,2012-02,Gloucestershire Constabulary,Gloucestershire Constabulary,-2.271906,51.837019,On or near Bristol Road,E01022333,Gloucester 009E,Criminal damage and arson,Investigation complete; no suspect identified,
d3f6748ec0401868515981f4c1b176502d4d36d60efaf49df04c55516b5c46a6,2012-02,Gloucestershire Constabulary,Gloucestershire Constabulary,-2.257882,51.843866,On or near Mansell Close,E01022333,Gloucester 009E,Criminal damage and arson,Court result unavailable,
45674a4d8455ff97164e08eb74d1049c9c2a0ea854e7d7d235f7b3e5c4b00e2f,2012-02,Gloucestershire Constabulary,Gloucestershire Constabulary,-2.257555,51.840063,On or near Masefield Avenue,E01022333,Gloucester 009E,Criminal damage and arson,Investigation complete; no suspect identified,
6c545c495e25894fb4ce4719bf439c64d6776cb72d179b6d639901babe397c2d,2012-02,Gloucestershire Constabulary,Gloucestershire Constabulary,-2.262953,51.839710,On or near Sports/Recreation Area,E01022333,Gloucester 009E,Criminal damage and arson,,
4a88672b26f3f5546a41fe9c68da5ad0ca4877e8feb6a1ed69a6242085147746,2012-02,Gloucestershire Constabulary,Gloucestershire Constabulary,-2.264571,51.843356,On or near Byard Road,E01022333,Gloucester 009E,Criminal damage and arson,,
5e87fa1e4a6725f60b291c855ceb0c0987a0df4330618c37883605deb517967b,2012-02,Gloucestershire Constabulary,Gloucestershire Constabulary,-2.258358,51.843361,On or near Harvey Close,E01022333,Gloucester 009E,Criminal damage and arson,,
83518d91318c2c70d778d412e65b36e81617e193590cb02deea0f279ee3274a9,2012-02,Gloucestershire Constabulary,Gloucestershire Constabulary,-2.257555,51.840063,On or near Masefield Avenue,E01022333,Gloucester 009E,Other theft,,
d55f9987fff99e6443cc778631113e3bccd4e664dff7f0195e9b7b2f543905be,2012-02,Gloucestershire Constabulary,Gloucestershire Constabulary,-2.265642,51.840423,On or near Pearce Way,E01022333,Gloucester 009E,Other theft,,
6ee9eb24504da2e2d7d02948285ab99d29681782bb02139451b8750e96f709af,2012-02,Gloucestershire Constabulary,Gloucestershire Constabulary,-2.264571,51.843356,On or near Byard Road,E01022333,Gloucester 009E,Other theft,,
397ac64f3b251527fb61c78ed1ac29aecc46fc8e6237898d9f20ec96e09c9bdc,2012-02,Gloucestershire Constabulary,Gloucestershire Constabulary,-2.264658,51.838519,On or near Lower Tuffley Lane,E01022333,Gloucester 009E,Public disorder and weapons,Court result unavailable,
5b0a69286dfdb667d82544057872c28071f1c6bf12cec7b0d75b04aa79101243,2012-02,Gloucestershire Constabulary,Gloucestershire Constabulary,-2.256847,51.837943,On or near Cole Avenue,E01022333,Gloucester 009E,Robbery,,
c0beb14db46e44f3c9f16c199b10cce01d2993b45e59e16bb8f7d48e02382d93,2012-02,Gloucestershire Constabulary,Gloucestershire Constabulary,-2.264571,51.843356,On or near Byard Road,E01022333,Gloucester 009E,Vehicle crime,,
62d5e8d30063d1ad5044dd987e80b9f6e27c0b03169e1323796ae14883ff599a,2012-02,Gloucestershire Constabulary,Gloucestershire Constabulary,-2.259624,51.841398,On or near Stratford Close,E01022333,Gloucester 009E,Vehicle crime,,
5ed8d8aff6cfbf6bfd1998ca14bc06fc9fedbe7b22cb18a25688dbbc9906367b,2012-02,Gloucestershire Constabulary,Gloucestershire Constabulary,-2.260865,51.840146,On or near Shakespeare Avenue,E01022333,Gloucester 009E,Vehicle crime,,
a7a815834e474d3988a386681de38974d2cde3b3444fc1543fb0bb57ce0d31d9,2012-02,Gloucestershire Constabulary,Gloucestershire Constabulary,-2.258192,51.839666,On or near Scott Avenue,E01022333,Gloucester 009E,Violent crime,,
44b915c0c7703d861bad20ab49b63e3eaa1901372a8abc9d6698b9f17c1e1479,2012-02,Gloucestershire Constabulary,Gloucestershire Constabulary,-2.261371,51.844802,On or near Caesar Road,E01022333,Gloucester 009E,Other crime,Local resolution,
9096802ef8ce5ea3f4e089ac6e647548efcbbf3fed5f785fbd58d3216d04f098,2012-02,Gloucestershire Constabulary,Gloucestershire Constabulary,-2.256847,51.837943,On or near Cole Avenue,E01022333,Gloucester 009E,Other crime,,
,2012-02,Gloucestershire Constabulary,Gloucestershire Constabulary,-2.257589,51.848542,On or near Newark Road,E01022334,Gloucester 009F,Anti-social behaviour,,
,2012-02,Gloucestershire Constabulary,Gloucestershire Constabulary,-2.255548,51.839330,On or near Sports/Recreation Area,E01022334,Gloucester 009F,Anti-social behaviour,,
,2012-02,Gloucestershire Constabulary,Gloucestershire Constabulary,-2.254049,51.843766,On or near Chaucer Close,E01022334,Gloucester 009F,Anti-social behaviour,,
b80268d02ff57550763adbea56011a6b74a7d3bde376b0fb7001e5a93d8a4834,2012-02,Gloucestershire Constabulary,Gloucestershire Constabulary,-2.255849,51.846298,On or near Tuffley Crescent,E01022334,Gloucester 009F,Burglary,Investigation complete; no suspect identified,
4c902711fc1eae7bf9b5cc8bc49850e488248cfd59d68d74ebe8aad3bed9131c,2012-02,Gloucestershire Constabulary,Gloucestershire Constabulary,-2.255849,51.846298,On or near Tuffley Crescent,E01022334,Gloucester 009F,Public disorder and weapons,Court result unavailable,
8e409dcb1f4f2fe85793eff53861b19afedb4de46a232e7901d3d16e4dfaedcb,2012-02,Gloucestershire Constabulary,Gloucestershire Constabulary,-2.255992,51.843312,On or near Woodpecker Road,E01022334,Gloucester 009F,Public disorder and weapons,Investigation complete; no suspect identified,
5cd3733005a8334649c5826c6ee2472989ad0d245e686030ed289f887a412c00,2012-02,Gloucestershire Constabulary,Gloucestershire Constabulary,-2.254727,51.842965,On or near Podsmead Road,E01022334,Gloucester 009F,Vehicle crime,,
19fd77902e8258e868008b50290ce482cab00792a4ec53855b15cf28a9e46346,2012-02,Gloucestershire Constabulary,Gloucestershire Constabulary,-2.254727,51.842965,On or near Podsmead Road,E01022334,Gloucester 009F,Violent crime,,
a498257368c0f175f16845f08d1f5692b55894a557c628e14b2ea233dbcf9adc,2012-02,Gloucestershire Constabulary,Gloucestershire Constabulary,-2.208184,51.838318,On or near Mandara Grove,E01022276,Gloucester 010A,Burglary,Investigation complete; no suspect identified,
9319dc55928d9c2ca9a27d7822449374dc00bef484efe54b6a8e695ffbba9cf8,2012-02,Gloucestershire Constabulary,Gloucestershire Constabulary,-2.209516,51.837794,On or near Filbert Close,E01022276,Gloucester 010A,Vehicle crime,,
,2012-02,Gloucestershire Constabulary,Gloucestershire Constabulary,-2.211443,51.839993,On or near Basil Close,E01022277,Gloucester 010B,Anti-social behaviour,,
,2012-02,Gloucestershire Constabulary,Gloucestershire Constabulary,-2.204511,51.841327,On or near Glevum Way,E01022277,Gloucester 010B,Anti-social behaviour,,
,2012-02,Gloucestershire Constabulary,Gloucestershire Constabulary,-2.200504,51.837891,On or near Barn Close,E01022277,Gloucester 010B,Anti-social behaviour,,
fde3c7497a8ef46ffea1a326366efd17b630e9127f8e4162de0a81c8edffe6bd,2012-02,Gloucestershire Constabulary,Gloucestershire Constabulary,-2.209909,51.841156,On or near High Meadow,E01022277,Gloucester 010B,Burglary,,
3f1edd1fd6a13cccdf6718ec9ce0fa8528f044d88242d58c7c5de7580bb5eff2,2012-02,Gloucestershire Constabulary,Gloucestershire Constabulary,-2.207274,51.839416,On or near Hunters Gate,E01022277,Gloucester 010B,Criminal damage and arson,,
67e3bee1be97e5c0eeaa926bd354e2630c4b8f834b737f29c2c0d7235cab1fba,2012-02,Gloucestershire Constabulary,Gloucestershire Constabulary,-2.207083,51.842006,On or near Shergar Close,E01022277,Gloucester 010B,Criminal damage and arson,,
3a7c9c4ec108cabda813aaaa0d12e80527027e55e6c217a4f41ec7b7bfc95d8f,2012-02,Gloucestershire Constabulary,Gloucestershire Constabulary,-2.205558,51.841766,On or near Supermarket,E01022277,Gloucester 010B,Criminal damage and arson,,
eee25756e54629874518e579c269194c403b04014e9d13e12e04e67e81dac4e7,2012-02,Gloucestershire Constabulary,Gloucestershire Constabulary,-2.205558,51.841766,On or near Supermarket,E01022277,Gloucester 010B,Other theft,,
04468e70f1b7de4fb36fec152fdf100d04c7437491323a5dadcd294aeeb24b6a,2012-02,Gloucestershire Constabulary,Gloucestershire Constabulary,-2.205558,51.841766,On or near Supermarket,E01022277,Gloucester 010B,Other theft,,
4706814c5f86caffdabbe15400730c3d947d47913ce5d1fdb590519581ab0fd2,2012-02,Gloucestershire Constabulary,Gloucestershire Constabulary,-2.211443,51.839993,On or near Basil Close,E01022277,Gloucester 010B,Robbery,Investigation complete; no suspect identified,
f8b0ee914390219ab498e2f650a00f4b9c1774f9bb5684cb6aa44691823dcf9a,2012-02,Gloucestershire Constabulary,Gloucestershire Constabulary,-2.211443,51.839993,On or near Basil Close,E01022277,Gloucester 010B,Robbery,Investigation complete; no suspect identified,
8e2d26f536f87b01238ee5a87bb65d1a42b7245063c5bb4dd564f1f95de7d6d2,2012-02,Gloucestershire Constabulary,Gloucestershire Constabulary,-2.205558,51.841766,On or near Supermarket,E01022277,Gloucester 010B,Shoplifting,,
733b62703b70ccc3c33d2a728c0a6ab3f3f850c03a4508a67b43f0b66243a45e,2012-02,Gloucestershire Constabulary,Gloucestershire Constabulary,-2.205558,51.841766,On or near Supermarket,E01022277,Gloucester 010B,Shoplifting,Investigation complete; no suspect identified,
feeb5f9ee05873f72dac40b616a15e830bad149547149e17414e4ec07e303628,2012-02,Gloucestershire Constabulary,Gloucestershire Constabulary,-2.205558,51.841766,On or near Supermarket,E01022277,Gloucester 010B,Shoplifting,Offender sent to prison,
de4f9342d51649f805f92329bc33a1a997bb1af06eb923d3f18fb956eb496b12,2012-02,Gloucestershire Constabulary,Gloucestershire Constabulary,-2.205558,51.841766,On or near Supermarket,E01022277,Gloucester 010B,Shoplifting,Local resolution,
529aa82c9bb7868341204238ddec289316843871c00f28e43905b5257e2d7dc6,2012-02,Gloucestershire Constabulary,Gloucestershire Constabulary,-2.209182,51.840780,On or near The Wheatridge,E01022277,Gloucester 010B,Vehicle crime,,
98744db4f6e03c40af25b50936b7016213096f8fc1d6aab721943b860baf41a8,2012-02,Gloucestershire Constabulary,Gloucestershire Constabulary,-2.204601,51.845157,On or near Bluebell Close,E01022280,Gloucester 010C,Burglary,Investigation complete; no suspect identified,
,2012-02,Gloucestershire Constabulary,Gloucestershire Constabulary,-2.189697,51.846279,On or near Otter Road,E01022281,Gloucester 010D,Anti-social behaviour,,
,2012-02,Gloucestershire Constabulary,Gloucestershire Constabulary,-2.197521,51.842688,On or near Peacock Close,E01022281,Gloucester 010D,Anti-social behaviour,,
,2012-02,Gloucestershire Constabulary,Gloucestershire Constabulary,-2.198307,51.840079,On or near Deerhurst Close,E01022281,Gloucester 010D,Anti-social behaviour,,
,2012-02,Gloucestershire Constabulary,Gloucestershire Constabulary,-2.191188,51.845162,On or near Cicely Way,E01022281,Gloucester 010D,Anti-social behaviour,,
e50d1be5de8bdb31f4d981f20727d02b7c735b4c670006957f70ef8914e053d9,2012-02,Gloucestershire Constabulary,Gloucestershire Constabulary,-2.191252,51.843121,On or near Watson Grove,E01022281,Gloucester 010D,Burglary,,
a0aac5cc8659e7a44e41ea5c6d40762b651cf768a0bb2e3e4d3bb805ca7b40fd,2012-02,Gloucestershire Constabulary,Gloucestershire Constabulary,-2.195263,51.840813,On or near Buddleia Close,E01022281,Gloucester 010D,Criminal damage and arson,,
a67cc7503372305085de737423b9111d4c87c7357efd7f0205f4629bdaec9498,2012-02,Gloucestershire Constabulary,Gloucestershire Constabulary,-2.194715,51.841623,On or near Gorse Close,E01022281,Gloucester 010D,Criminal damage and arson,,
8846397e25feb6ce2e5619bcf5e8304bcda895c8830f06356858e1cb7f74c42e,2012-02,Gloucestershire Constabulary,Gloucestershire Constabulary,-2.191252,51.843121,On or near Watson Grove,E01022281,Gloucester 010D,Criminal damage and arson,,
58b3da79df675cf90eb63bfab78f8cdde93d356d81195fce1533007c30d3fe74,2012-02,Gloucestershire Constabulary,Gloucestershire Constabulary,-2.199343,51.841174,On or near Apple Tree Close,E01022281,Gloucester 010D,Other theft,,
5d9284e394a7d62a9e8eba7a0ef7f1ccf680ca15e32bc9a56cd881935b23c1f0,2012-02,Gloucestershire Constabulary,Gloucestershire Constabulary,-2.190055,51.845038,On or near Bay Tree Road,E01022281,Gloucester 010D,Vehicle crime,Investigation complete; no suspect identified,
ec8ce305a1f5eedd40dfa43dc859520ab89512664b836d2f507f5762ff29b3d5,2012-02,Gloucestershire Constabulary,Gloucestershire Constabulary,-2.195213,51.842800,On or near Viburnum View,E01022281,Gloucester 010D,Vehicle crime,,
9091779a745f34bdb5c0134e941ee33ef6b34f4641b70f77ce234224533a6d8d,2012-02,Gloucestershire Constabulary,Gloucestershire Constabulary,-2.190055,51.845038,On or near Bay Tree Road,E01022281,Gloucester 010D,Vehicle crime,,
91ec484d46994f0e0252b77b13665711ca5b6aa6b94481ebe34ec7cc4721f9a8,2012-02,Gloucestershire Constabulary,Gloucestershire Constabulary,-2.195213,51.842800,On or near Viburnum View,E01022281,Gloucester 010D,Vehicle crime,,
,2012-02,Gloucestershire Constabulary,Gloucestershire Constabulary,-2.189588,51.847772,On or near Cox'S Way,E01022306,Gloucester 010E,Anti-social behaviour,,
,2012-02,Gloucestershire Constabulary,Gloucestershire Constabulary,-2.191432,51.847841,On or near Grenadier Close,E01022306,Gloucester 010E,Anti-social behaviour,,
845e0df01106a1becedfc142b53a40520c10a44848c005212ca57054369297ba,2012-02,Gloucestershire Constabulary,Gloucestershire Constabulary,-2.191618,51.847220,On or near James Grieve Road,E01022306,Gloucester 010E,Vehicle crime,,
,2012-02,Gloucestershire Constabulary,Gloucestershire Constabulary,-2.199846,51.846739,On or near Supermarket,E01022307,Gloucester 010F,Anti-social behaviour,,
,2012-02,Gloucestershire Constabulary,Gloucestershire Constabulary,-2.199846,51.846739,On or near Supermarket,E01022307,Gloucester 010F,Anti-social behaviour,,
,2012-02,Gloucestershire Constabulary,Gloucestershire Constabulary,-2.214213,51.839620,On or near Prinknash Road,E01022319,Gloucester 011A,Anti-social behaviour,,
,2012-02,Gloucestershire Constabulary,Gloucestershire Constabulary,-2.213614,51.835746,On or near Oaktree Garden,E01022319,Gloucester 011A,Anti-social behaviour,,
,2012-02,Gloucestershire Constabulary,Gloucestershire Constabulary,-2.213983,51.833911,On or near Munsley Grove,E01022319,Gloucester 011A,Anti-social behaviour,,
,2012-02,Gloucestershire Constabulary,Gloucestershire Constabulary,-2.213983,51.833911,On or near Munsley Grove,E01022319,Gloucester 011A,Anti-social behaviour,,
,2012-02,Gloucestershire Constabulary,Gloucestershire Constabulary,-2.215769,51.834159,On or near Red Well Road,E01022319,Gloucester 011A,Anti-social behaviour,,
,2012-02,Gloucestershire Constabulary,Gloucestershire Constabulary,-2.215769,51.834159,On or near Red Well Road,E01022319,Gloucester 011A,Anti-social behaviour,,
,2012-02,Gloucestershire Constabulary,Gloucestershire Constabulary,-2.213614,51.835746,On or near Oaktree Garden,E01022319,Gloucester 011A,Anti-social behaviour,,
,2012-02,Gloucestershire Constabulary,Gloucestershire Constabulary,-2.213614,51.835746,On or near Oaktree Garden,E01022319,Gloucester 011A,Anti-social behaviour,,
,2012-02,Gloucestershire Constabulary,Gloucestershire Constabulary,-2.213614,51.835746,On or near Oaktree Garden,E01022319,Gloucester 011A,Anti-social behaviour,,
,2012-02,Gloucestershire Constabulary,Gloucestershire Constabulary,-2.214326,51.838972,On or near Winsley Road,E01022319,Gloucester 011A,Anti-social behaviour,,
,2012-02,Gloucestershire Constabulary,Gloucestershire Constabulary,-2.212827,51.834938,On or near Quenneys Close,E01022319,Gloucester 011A,Anti-social behaviour,,
,2012-02,Gloucestershire Constabulary,Gloucestershire Constabulary,-2.213614,51.835746,On or near Oaktree Garden,E01022319,Gloucester 011A,Anti-social behaviour,,
,2012-02,Gloucestershire Constabulary,Gloucestershire Constabulary,-2.213983,51.833911,On or near Munsley Grove,E01022319,Gloucester 011A,Anti-social behaviour,,
,2012-02,Gloucestershire Constabulary,Gloucestershire Constabulary,-2.213983,51.833911,On or near Munsley Grove,E01022319,Gloucester 011A,Anti-social behaviour,,
,2012-02,Gloucestershire Constabulary,Gloucestershire Constabulary,-2.214213,51.839620,On or near Prinknash Road,E01022319,Gloucester 011A,Anti-social behaviour,,
,2012-02,Gloucestershire Constabulary,Gloucestershire Constabulary,-2.213614,51.835746,On or near Oaktree Garden,E01022319,Gloucester 011A,Anti-social behaviour,,
,2012-02,Gloucestershire Constabulary,Gloucestershire Constabulary,-2.214326,51.838972,On or near Winsley Road,E01022319,Gloucester 011A,Anti-social behaviour,,
,2012-02,Gloucestershire Constabulary,Gloucestershire Constabulary,-2.215769,51.834159,On or near Red Well Road,E01022319,Gloucester 011A,Anti-social behaviour,,
,2012-02,Gloucestershire Constabulary,Gloucestershire Constabulary,-2.214326,51.838972,On or near Winsley Road,E01022319,Gloucester 011A,Anti-social behaviour,,
,2012-02,Gloucestershire Constabulary,Gloucestershire Constabulary,-2.213983,51.833911,On or near Munsley Grove,E01022319,Gloucester 011A,Anti-social behaviour,,
,2012-02,Gloucestershire Constabulary,Gloucestershire Constabulary,-2.213983,51.833911,On or near Munsley Grove,E01022319,Gloucester 011A,Anti-social behaviour,,
933da4480d0e76753689328c943b377f46b9853eb59727241f373e3a3986f68d,2012-02,Gloucestershire Constabulary,Gloucestershire Constabulary,-2.213983,51.833911,On or near Munsley Grove,E01022319,Gloucester 011A,Criminal damage and arson,,
576722d72cca6a0c34c9c9242c7420b92e3f619310811292edafb5d05c875740,2012-02,Gloucestershire Constabulary,Gloucestershire Constabulary,-2.213983,51.833911,On or near Munsley Grove,E01022319,Gloucester 011A,Other theft,Offender given community sentence,
b709ddcca0486fba1e36edef10425f538e184e91b535f6a0e6a3b80564004989,2012-02,Gloucestershire Constabulary,Gloucestershire Constabulary,-2.214326,51.838972,On or near Winsley Road,E01022319,Gloucester 011A,Other theft,Local resolution,
029b9fade62f051be6cb4bfd747446627f256e0b55af5dc0b7507012f3b42238,2012-02,Gloucestershire Constabulary,Gloucestershire Constabulary,-2.213614,51.835746,On or near Oaktree Garden,E01022319,Gloucester 011A,Other theft,Investigation complete; no suspect identified,
bb8c97986ed02848d975aadd6d5fe435d87c1a4ac2374924902436c4677f3c38,2012-02,Gloucestershire Constabulary,Gloucestershire Constabulary,-2.213983,51.833911,On or near Munsley Grove,E01022319,Gloucester 011A,Public disorder and weapons,Investigation complete; no suspect identified,
4215c51ff190329bdb7419685df0ad60df00fb06b0a5b69ffd5d7ccd06c9a5b4,2012-02,Gloucestershire Constabulary,Gloucestershire Constabulary,-2.213182,51.836340,On or near St Peter'S Road,E01022319,Gloucester 011A,Vehicle crime,,
5bdec341c752dd8c023bbfbff3297b2644651e3dafaaadec6753a289909da8b5,2012-02,Gloucestershire Constabulary,Gloucestershire Constabulary,-2.214400,51.836158,On or near Matson Avenue,E01022319,Gloucester 011A,Violent crime,,
,2012-02,Gloucestershire Constabulary,Gloucestershire Constabulary,-2.220007,51.834161,On or near Larkham Close,E01022320,Gloucester 011B,Anti-social behaviour,,
,2012-02,Gloucestershire Constabulary,Gloucestershire Constabulary,-2.220007,51.834161,On or near Larkham Close,E01022320,Gloucester 011B,Anti-social behaviour,,
,2012-02,Gloucestershire Constabulary,Gloucestershire Constabulary,-2.216629,51.834994,On or near Sports/Recreation Area,E01022320,Gloucester 011B,Anti-social behaviour,,
,2012-02,Gloucestershire Constabulary,Gloucestershire Constabulary,-2.220007,51.834161,On or near Larkham Close,E01022320,Gloucester 011B,Anti-social behaviour,,
e42d1af1197b4c360734bf75acf2d9810c67af65f89193c189d32416c0c26cda,2012-02,Gloucestershire Constabulary,Gloucestershire Constabulary,-2.220007,51.834161,On or near Larkham Close,E01022320,Gloucester 011B,Burglary,,
39050e7eb655020f4da109af53823c47429ccc5ee4f9cf796a322cbbcbcf70b5,2012-02,Gloucestershire Constabulary,Gloucestershire Constabulary,-2.220007,51.834161,On or near Larkham Close,E01022320,Gloucester 011B,Burglary,,
cd39878750a9ec2af19e5a04438f99df3acb48c883b13cc91bc88e4fda25d469,2012-02,Gloucestershire Constabulary,Gloucestershire Constabulary,-2.213240,51.833382,On or near Birchall Avenue,E01022320,Gloucester 011B,Criminal damage and arson,,
63cd9614c072bf64c199b93aefb8fc112c59140e36ececfd84035b57ab472d01,2012-02,Gloucestershire Constabulary,Gloucestershire Constabulary,-2.220007,51.834161,On or near Larkham Close,E01022320,Gloucester 011B,Criminal damage and arson,,
95d8329039bcd89b88ce92a34e0d3ae80a4fef8cf0be61e7588670898b344f3f,2012-02,Gloucestershire Constabulary,Gloucestershire Constabulary,-2.220007,51.834161,On or near Larkham Close,E01022320,Gloucester 011B,Criminal damage and arson,,
96ae41b69d145fc384bfe5485bb5b1ebd79f588c8a556827756d44d5791e4a48,2012-02,Gloucestershire Constabulary,Gloucestershire Constabulary,-2.220007,51.834161,On or near Larkham Close,E01022320,Gloucester 011B,Criminal damage and arson,,
6dec8280529a7afb2a443b51d23ceadd664ccbd6500477a688e25881dd1d9ea6,2012-02,Gloucestershire Constabulary,Gloucestershire Constabulary,-2.213240,51.833382,On or near Birchall Avenue,E01022320,Gloucester 011B,Other crime,,
,2012-02,Gloucestershire Constabulary,Gloucestershire Constabulary,-2.230777,51.848705,On or near Tredworth Road,E01022321,Gloucester 011C,Anti-social behaviour,,
,2012-02,Gloucestershire Constabulary,Gloucestershire Constabulary,-2.227522,51.851076,On or near Sutherland Close,E01022321,Gloucester 011C,Anti-social behaviour,,
,2012-02,Gloucestershire Constabulary,Gloucestershire Constabulary,-2.225087,51.848779,On or near The Lampreys,E01022321,Gloucester 011C,Anti-social behaviour,,
514e69adf323219c16d53cc181e1e61717aee2481b0e4361dfc5fa2da84dd04e,2012-02,Gloucestershire Constabulary,Gloucestershire Constabulary,-2.227522,51.851076,On or near Sutherland Close,E01022321,Gloucester 011C,Burglary,Investigation complete; no suspect identified,
995a9dc56dc3e2e9ee8cc01ba50dbfb1f24c0e5dfe021403ef4f671f4edd4f15,2012-02,Gloucestershire Constabulary,Gloucestershire Constabulary,-2.226569,51.849082,On or near Eastern Avenue,E01022321,Gloucester 011C,Criminal damage and arson,,
0f24ebc504786e9bdf9dc6c1bcedf7a60245ca6f415a44832467cf94f3604201,2012-02,Gloucestershire Constabulary,Gloucestershire Constabulary,-2.225787,51.849443,On or near Petrol Station,E01022321,Gloucester 011C,Other theft,Investigation complete; no suspect identified,
91aaee3c31b069ce39bd525c879ec41b0e77c9d02f9de9295ddc29823c372fd4,2012-02,Gloucestershire Constabulary,Gloucestershire Constabulary,-2.228454,51.851569,On or near Collingbourne Road,E01022321,Gloucester 011C,Other theft,,
474b5b4b12b6764864b8391e02884c676c70ccb1c8a78a62a0f8a79fb1eb6379,2012-02,Gloucestershire Constabulary,Gloucestershire Constabulary,-2.228173,51.847560,On or near A38,E01022321,Gloucester 011C,Other theft,Investigation complete; no suspect identified,
a79fbd2e9f24cd9eb7aa8523c4ca9db5bff8db4091d9def66dceb77dd5dd8eb5,2012-02,Gloucestershire Constabulary,Gloucestershire Constabulary,-2.225087,51.848779,On or near The Lampreys,E01022321,Gloucester 011C,Public disorder and weapons,,
e5aa15b44adcebfc1f9a864e10a072480b2f64610583a7a0970607160ae77a94,2012-02,Gloucestershire Constabulary,Gloucestershire Constabulary,-2.230777,51.848705,On or near Tredworth Road,E01022321,Gloucester 011C,Robbery,Offender sent to prison,
f93c097822741227f8ebb03e064cd6c709d465a6ed212ed6d187a4449b03a0af,2012-02,Gloucestershire Constabulary,Gloucestershire Constabulary,-2.225787,51.849443,On or near Petrol Station,E01022321,Gloucester 011C,Shoplifting,,
23bc1d1cb13c1567cd0b52d143d9a29c942e363d29df36331e7cf60d6f4492b6,2012-02,Gloucestershire Constabulary,Gloucestershire Constabulary,-2.225874,51.846629,On or near Country View,E01022321,Gloucester 011C,Violent crime,,
832e623b44ea8c1de03851060335d9549b040ace07405e623b06932ac72fdf6f,2012-02,Gloucestershire Constabulary,Gloucestershire Constabulary,-2.225874,51.846629,On or near Country View,E01022321,Gloucester 011C,Violent crime,,
686d055f0bd5d2f4a4d663bd4c5574eaaadb02cef4efdce29179922181f7ab8c,2012-02,Gloucestershire Constabulary,Gloucestershire Constabulary,-2.225787,51.849443,On or near Petrol Station,E01022321,Gloucester 011C,Other crime,,
,2012-02,Gloucestershire Constabulary,Gloucestershire Constabulary,-2.220964,51.842889,On or near Whiteway Road,E01022322,Gloucester 011D,Anti-social behaviour,,
,2012-02,Gloucestershire Constabulary,Gloucestershire Constabulary,-2.226370,51.841323,On or near Vetch Close,E01022322,Gloucester 011D,Anti-social behaviour,,
,2012-02,Gloucestershire Constabulary,Gloucestershire Constabulary,-2.226370,51.841323,On or near Vetch Close,E01022322,Gloucester 011D,Anti-social behaviour,,
,2012-02,Gloucestershire Constabulary,Gloucestershire Constabulary,-2.226370,51.841323,On or near Vetch Close,E01022322,Gloucester 011D,Anti-social behaviour,,
,2012-02,Gloucestershire Constabulary,Gloucestershire Constabulary,-2.229042,51.844483,On or near Saffron Close,E01022322,Gloucester 011D,Anti-social behaviour,,
,2012-02,Gloucestershire Constabulary,Gloucestershire Constabulary,-2.220964,51.842889,On or near Whiteway Road,E01022322,Gloucester 011D,Anti-social behaviour,,
,2012-02,Gloucestershire Constabulary,Gloucestershire Constabulary,-2.222911,51.846266,On or near Withy Mews,E01022322,Gloucester 011D,Anti-social behaviour,,
,2012-02,Gloucestershire Constabulary,Gloucestershire Constabulary,-2.226370,51.841323,On or near Vetch Close,E01022322,Gloucester 011D,Anti-social behaviour,,
,2012-02,Gloucestershire Constabulary,Gloucestershire Constabulary,-2.226370,51.841323,On or near Vetch Close,E01022322,Gloucester 011D,Anti-social behaviour,,
,2012-02,Gloucestershire Constabulary,Gloucestershire Constabulary,-2.223547,51.842758,On or near Langley Road,E01022322,Gloucester 011D,Anti-social behaviour,,
,2012-02,Gloucestershire Constabulary,Gloucestershire Constabulary,-2.223547,51.842758,On or near Langley Road,E01022322,Gloucester 011D,Anti-social behaviour,,
a39dc2962d63375c3aaafb405c272f2120aedfe46fcee449b8d1b4364e63f042,2012-02,Gloucestershire Constabulary,Gloucestershire Constabulary,-2.225155,51.842063,On or near Woodruff Close,E01022322,Gloucester 011D,Burglary,,
64bd1091384671d675947bf29a791f06a61a9b454c2f5e60f0db1e99a8f9b74d,2012-02,Gloucestershire Constabulary,Gloucestershire Constabulary,-2.220208,51.842711,On or near Penhill Road,E01022322,Gloucester 011D,Vehicle crime,,
8986d4888124b4d84c65f2b74b5e6984534b5cccbf59de35221cc92958bb2f6c,2012-02,Gloucestershire Constabulary,Gloucestershire Constabulary,-2.223547,51.842758,On or near Langley Road,E01022322,Gloucester 011D,Violent crime,,
998aa2f14c026f72287e68eb0b5c0c6f3e77c79e0bd698493bfa2c97ab540e1b,2012-02,Gloucestershire Constabulary,Gloucestershire Constabulary,-2.223547,51.842758,On or near Langley Road,E01022322,Gloucester 011D,Other crime,Investigation complete; no suspect identified,
,2012-02,Gloucestershire Constabulary,Gloucestershire Constabulary,-2.219188,51.841876,On or near Cleeve Road,E01022324,Gloucester 011E,Anti-social behaviour,,
,2012-02,Gloucestershire Constabulary,Gloucestershire Constabulary,-2.214952,51.842289,On or near Rustic Close,E01022324,Gloucester 011E,Anti-social behaviour,,
,2012-02,Gloucestershire Constabulary,Gloucestershire Constabulary,-2.219514,51.843332,On or near Chatcombe Road,E01022324,Gloucester 011E,Anti-social behaviour,,
,2012-02,Gloucestershire Constabulary,Gloucestershire Constabulary,-2.216264,51.840605,On or near George Whitefield Close,E01022324,Gloucester 011E,Anti-social behaviour,,
,2012-02,Gloucestershire Constabulary,Gloucestershire Constabulary,-2.215563,51.842737,On or near Drayton Way,E01022324,Gloucester 011E,Anti-social behaviour,,
,2012-02,Gloucestershire Constabulary,Gloucestershire Constabulary,-2.219188,51.841876,On or near Cleeve Road,E01022324,Gloucester 011E,Anti-social behaviour,,
,2012-02,Gloucestershire Constabulary,Gloucestershire Constabulary,-2.214952,51.842289,On or near Rustic Close,E01022324,Gloucester 011E,Anti-social behaviour,,
,2012-02,Gloucestershire Constabulary,Gloucestershire Constabulary,-2.219188,51.841876,On or near Cleeve Road,E01022324,Gloucester 011E,Anti-social behaviour,,
,2012-02,Gloucestershire Constabulary,Gloucestershire Constabulary,-2.219188,51.841876,On or near Cleeve Road,E01022324,Gloucester 011E,Anti-social behaviour,,
,2012-02,Gloucestershire Constabulary,Gloucestershire Constabulary,-2.214565,51.840383,On or near Prinknash Close,E01022324,Gloucester 011E,Anti-social behaviour,,
,2012-02,Gloucestershire Constabulary,Gloucestershire Constabulary,-2.212607,51.837645,On or near Garnalls Road,E01022324,Gloucester 011E,Anti-social behaviour,,
,2012-02,Gloucestershire Constabulary,Gloucestershire Constabulary,-2.214952,51.842289,On or near Rustic Close,E01022324,Gloucester 011E,Anti-social behaviour,,
,2012-02,Gloucestershire Constabulary,Gloucestershire Constabulary,-2.219514,51.843332,On or near Chatcombe Road,E01022324,Gloucester 011E,Anti-social behaviour,,
,2012-02,Gloucestershire Constabulary,Gloucestershire Constabulary,-2.212607,51.837645,On or near Garnalls Road,E01022324,Gloucester 011E,Anti-social behaviour,,
,2012-02,Gloucestershire Constabulary,Gloucestershire Constabulary,-2.216264,51.840605,On or near George Whitefield Close,E01022324,Gloucester 011E,Anti-social behaviour,,
4abcf655a9ac08eeacbf46bff3661798461a32e554646c44e1e5e0a5408f43b9,2012-02,Gloucestershire Constabulary,Gloucestershire Constabulary,-2.216111,51.838888,On or near Underhill Road,E01022324,Gloucester 011E,Burglary,Investigation complete; no suspect identified,
8c19f0ec235a0e215da7a02bde0b8636f67ff0f9d35a843dc5571f8d41c1098e,2012-02,Gloucestershire Constabulary,Gloucestershire Constabulary,-2.217641,51.840108,On or near Rectory Road,E01022324,Gloucester 011E,Burglary,,
050d25c342e836e94f4b2aca08c19c39bc05a3a4e0b99b8b45969e6b1ce9cc06,2012-02,Gloucestershire Constabulary,Gloucestershire Constabulary,-2.216264,51.840605,On or near George Whitefield Close,E01022324,Gloucester 011E,Burglary,,
2f2524162f9f502979d894ccae05eaa6f0e33d6d312fc1a7be68be45ce09c29f,2012-02,Gloucestershire Constabulary,Gloucestershire Constabulary,-2.214702,51.841678,On or near Awebridge Way,E01022324,Gloucester 011E,Burglary,,
986ef36cb7a4a0c6067e10f60ac87fc9309a218e76755fd679d7729cf9b76fe0,2012-02,Gloucestershire Constabulary,Gloucestershire Constabulary,-2.212607,51.837645,On or near Garnalls Road,E01022324,Gloucester 011E,Burglary,,
f1203d962f350e90b618298a0d37f73844bc4347e2ddb0aaf374186db93b230b,2012-02,Gloucestershire Constabulary,Gloucestershire Constabulary,-2.217641,51.840108,On or near Rectory Road,E01022324,Gloucester 011E,Burglary,,
c513d7e92c4265eea668976d85bdd8dcc8c434deb086d9d1e7d155b8810d9cfb,2012-02,Gloucestershire Constabulary,Gloucestershire Constabulary,-2.217641,51.840108,On or near Rectory Road,E01022324,Gloucester 011E,Violent crime,Investigation complete; no suspect identified,
,2012-02,Gloucestershire Constabulary,Gloucestershire Constabulary,-2.225814,51.840425,On or near Campion Close,E01022325,Gloucester 011F,Anti-social behaviour,,
,2012-02,Gloucestershire Constabulary,Gloucestershire Constabulary,-2.227493,51.842445,On or near Baneberry Road,E01022325,Gloucester 011F,Anti-social behaviour,,
,2012-02,Gloucestershire Constabulary,Gloucestershire Constabulary,-2.233303,51.843099,On or near Darwin Road,E01022325,Gloucester 011F,Anti-social behaviour,,
,2012-02,Gloucestershire Constabulary,Gloucestershire Constabulary,-2.227493,51.842445,On or near Baneberry Road,E01022325,Gloucester 011F,Anti-social behaviour,,
,2012-02,Gloucestershire Constabulary,Gloucestershire Constabulary,-2.233303,51.843099,On or near Darwin Road,E01022325,Gloucester 011F,Anti-social behaviour,,
,2012-02,Gloucestershire Constabulary,Gloucestershire Constabulary,-2.233303,51.843099,On or near Darwin Road,E01022325,Gloucester 011F,Anti-social behaviour,,
53845db227518b7610de01cef1f938cbb856925ed81b0c2ea70ebff29b071714,2012-02,Gloucestershire Constabulary,Gloucestershire Constabulary,-2.227222,51.843390,On or near Myrtle Close,E01022325,Gloucester 011F,Criminal damage and arson,,
2fd7c50ad3352359e6ba28fdb08946b1364a1f87d6cf4ad4f2e69cc994a04fa3,2012-02,Gloucestershire Constabulary,Gloucestershire Constabulary,-2.227222,51.843390,On or near Myrtle Close,E01022325,Gloucester 011F,Criminal damage and arson,,
bf52a9e696ae58007bdce67f6e85ddb58c55329cbd6835e2de910119f7378728,2012-02,Gloucestershire Constabulary,Gloucestershire Constabulary,-2.227493,51.842445,On or near Baneberry Road,E01022325,Gloucester 011F,Criminal damage and arson,,
d7d78a6f46cc7f15ca3608d705a3aac0852e14056cdd2a0f98f45dc6e76124c4,2012-02,Gloucestershire Constabulary,Gloucestershire Constabulary,-2.230206,51.842026,On or near Primrose Close,E01022325,Gloucester 011F,Vehicle crime,,
95a6c3c6f0e3609f01254a3d07702c0786779641de1d341dfa863a47d7d9fcc4,2012-02,Gloucestershire Constabulary,Gloucestershire Constabulary,-2.233303,51.843099,On or near Darwin Road,E01022325,Gloucester 011F,Violent crime,,
,2012-02,Gloucestershire Constabulary,Gloucestershire Constabulary,-2.240472,51.842887,On or near Southfield Road,E01022343,Gloucester 012A,Anti-social behaviour,,
,2012-02,Gloucestershire Constabulary,Gloucestershire Constabulary,-2.238536,51.844599,On or near Southfield Road,E01022343,Gloucester 012A,Anti-social behaviour,,
,2012-02,Gloucestershire Constabulary,Gloucestershire Constabulary,-2.236119,51.843183,On or near Selwyn Road,E01022343,Gloucester 012A,Anti-social behaviour,,
,2012-02,Gloucestershire Constabulary,Gloucestershire Constabulary,-2.238536,51.844599,On or near Southfield Road,E01022343,Gloucester 012A,Anti-social behaviour,,
,2012-02,Gloucestershire Constabulary,Gloucestershire Constabulary,-2.238536,51.844599,On or near Southfield Road,E01022343,Gloucester 012A,Anti-social behaviour,,
,2012-02,Gloucestershire Constabulary,Gloucestershire Constabulary,-2.242459,51.839772,On or near Stroud Road,E01022343,Gloucester 012A,Anti-social behaviour,,
8fb944cc2f5cdec91c73141c5624fe9dd5b01ff460b071ba6e269b7dd881ac45,2012-02,Gloucestershire Constabulary,Gloucestershire Constabulary,-2.243277,51.840822,On or near Stroud Road,E01022343,Gloucester 012A,Burglary,,
206858f4f4260fe2d4c64e0f10d9bb7e7398e1fd942ba012ee97840094316ff8,2012-02,Gloucestershire Constabulary,Gloucestershire Constabulary,-2.241217,51.838345,On or near Oakbank,E01022343,Gloucester 012A,Burglary,,
5c5cb7c91558a0fec17a693b06cc18af2d60cbdd472f48c579b71323728b23ce,2012-02,Gloucestershire Constabulary,Gloucestershire Constabulary,-2.244964,51.836125,On or near Larchwood Drive,E01022343,Gloucester 012A,Burglary,,
302f2bdb9cf90747f35e8720c787f531c94376d0e5ef5f21187ba2b8bd2c74ce,2012-02,Gloucestershire Constabulary,Gloucestershire Constabulary,-2.238838,51.843996,On or near Eastfield Mews,E01022343,Gloucester 012A,Burglary,Offender otherwise dealt with,
c3d95212a36d16c015b831cc86bf0b70a8a7a23c6077c1ddfe86ee5a931020a3,2012-02,Gloucestershire Constabulary,Gloucestershire Constabulary,-2.242104,51.841274,On or near Pembury Road,E01022343,Gloucester 012A,Criminal damage and arson,,
5edf1450feddc0442b1d88bb8c7cb03df589b4b4acca01afc1617a454ef8b40e,2012-02,Gloucestershire Constabulary,Gloucestershire Constabulary,-2.238536,51.844599,On or near Southfield Road,E01022343,Gloucester 012A,Other theft,,
,2012-02,Gloucestershire Constabulary,Gloucestershire Constabulary,-2.250010,51.837751,On or near Westbury Road,E01022344,Gloucester 012B,Anti-social behaviour,,
,2012-02,Gloucestershire Constabulary,Gloucestershire Constabulary,-2.250010,51.837751,On or near Westbury Road,E01022344,Gloucester 012B,Anti-social behaviour,,
,2012-02,Gloucestershire Constabulary,Gloucestershire Constabulary,-2.251684,51.836048,On or near Slimbridge Road,E01022344,Gloucester 012B,Anti-social behaviour,,
,2012-02,Gloucestershire Constabulary,Gloucestershire Constabulary,-2.253287,51.837204,On or near Longney Road,E01022344,Gloucester 012B,Anti-social behaviour,,
,2012-02,Gloucestershire Constabulary,Gloucestershire Constabulary,-2.250010,51.837751,On or near Westbury Road,E01022344,Gloucester 012B,Anti-social behaviour,,
,2012-02,Gloucestershire Constabulary,Gloucestershire Constabulary,-2.250010,51.837751,On or near Westbury Road,E01022344,Gloucester 012B,Anti-social behaviour,,
,2012-02,Gloucestershire Constabulary,Gloucestershire Constabulary,-2.251681,51.838197,On or near Arlingham Road,E01022344,Gloucester 012B,Anti-social behaviour,,
,2012-02,Gloucestershire Constabulary,Gloucestershire Constabulary,-2.250010,51.837751,On or near Westbury Road,E01022344,Gloucester 012B,Anti-social behaviour,,
,2012-02,Gloucestershire Constabulary,Gloucestershire Constabulary,-2.252896,51.837358,On or near Fretherne Road,E01022344,Gloucester 012B,Anti-social behaviour,,
,2012-02,Gloucestershire Constabulary,Gloucestershire Constabulary,-2.250010,51.837751,On or near Westbury Road,E01022344,Gloucester 012B,Anti-social behaviour,,
,2012-02,Gloucestershire Constabulary,Gloucestershire Constabulary,-2.250010,51.837751,On or near Westbury Road,E01022344,Gloucester 012B,Anti-social behaviour,,
ea16474e52136e127a43f5d01475b4cdf652b1bdab46b5da00d52507c8bba4a8,2012-02,Gloucestershire Constabulary,Gloucestershire Constabulary,-2.246913,51.836894,On or near Cedarwood Drive,E01022344,Gloucester 012B,Criminal damage and arson,,
eeccaf674182c96bea5cd338bd026255604413f1751f90f7b3989b3a4453bb39,2012-02,Gloucestershire Constabulary,Gloucestershire Constabulary,-2.251681,51.838197,On or near Arlingham Road,E01022344,Gloucester 012B,Criminal damage and arson,,
091372676abb4d1dbf76da389d92ecb76805df1c54d1f0d491dc5ba89dfb8525,2012-02,Gloucestershire Constabulary,Gloucestershire Constabulary,-2.250010,51.837751,On or near Westbury Road,E01022344,Gloucester 012B,Criminal damage and arson,,
cb340e4df0cc1bc9414674a20785acc232cbdb7b1e7140d362467e6f64de5a8e,2012-02,Gloucestershire Constabulary,Gloucestershire Constabulary,-2.250010,51.837751,On or near Westbury Road,E01022344,Gloucester 012B,Violent crime,,
,2012-02,Gloucestershire Constabulary,Gloucestershire Constabulary,-2.245913,51.834433,On or near Cowley Road,E01022345,Gloucester 012C,Anti-social behaviour,,
,2012-02,Gloucestershire Constabulary,Gloucestershire Constabulary,-2.244918,51.832826,On or near Stroud Road,E01022345,Gloucester 012C,Anti-social behaviour,,
987967b0054f56941fb6919b9298a9fd93a194005dee4df5f57e796915cbe8ca,2012-02,Gloucestershire Constabulary,Gloucestershire Constabulary,-2.241968,51.829415,On or near Forest View Road,E01022345,Gloucester 012C,Burglary,Investigation complete; no suspect identified,
eac7a158a4dc896024941225a7ec6071a05fadc25fc59c648106911cb6033394,2012-02,Gloucestershire Constabulary,Gloucestershire Constabulary,-2.243763,51.831255,On or near Eardisland Road,E01022345,Gloucester 012C,Burglary,,
e773fc21a31b05b5c1404361a794f3ef408e287f034483cb8150ba17ddf34405,2012-02,Gloucestershire Constabulary,Gloucestershire Constabulary,-2.241968,51.829415,On or near Forest View Road,E01022345,Gloucester 012C,Burglary,Investigation complete; no suspect identified,
db42f870f867a2adb27614acb21dcd88896e1235591f4ffd49780a531e51b59e,2012-02,Gloucestershire Constabulary,Gloucestershire Constabulary,-2.246285,51.833434,On or near Rissington Road,E01022345,Gloucester 012C,Criminal damage and arson,Suspect charged as part of another case,
6a7b10300f3f0194200539f3747378a39c7ab6f0c96785875409824484602073,2012-02,Gloucestershire Constabulary,Gloucestershire Constabulary,-2.243763,51.831255,On or near Eardisland Road,E01022345,Gloucester 012C,Other theft,,
c88bf1986d662a93de69903ae8c9e9dd0fddac3494974bce8e9161ce34a5bd71,2012-02,Gloucestershire Constabulary,Gloucestershire Constabulary,-2.246285,51.833434,On or near Rissington Road,E01022345,Gloucester 012C,Public disorder and weapons,,
a32e867774df2a76f62ba0f607f9af3d55566d501ee1d3f8f5f26ed9e954dfe8,2012-02,Gloucestershire Constabulary,Gloucestershire Constabulary,-2.249289,51.825462,On or near Harwell Close,E01022345,Gloucester 012C,Vehicle crime,Suspect charged as part of another case,
e051c0d226686545724119efe4393f097e7d65edb3693c4e6f4590465f3dc588,2012-02,Gloucestershire Constabulary,Gloucestershire Constabulary,-2.246285,51.833434,On or near Rissington Road,E01022345,Gloucester 012C,Vehicle crime,,
d65d2b9bb03b68708fce9ec5b3802929260cbea4717be494ce6fa68ab88e4688,2012-02,Gloucestershire Constabulary,Gloucestershire Constabulary,-2.247769,51.834186,On or near Chedworth Road,E01022345,Gloucester 012C,Violent crime,Investigation complete; no suspect identified,
,2012-02,Gloucestershire Constabulary,Gloucestershire Constabulary,-2.247195,51.827453,On or near Bisley Road,E01022346,Gloucester 012D,Anti-social behaviour,,
,2012-02,Gloucestershire Constabulary,Gloucestershire Constabulary,-2.251630,51.828972,On or near Goddard Way,E01022346,Gloucester 012D,Anti-social behaviour,,
,2012-02,Gloucestershire Constabulary,Gloucestershire Constabulary,-2.249716,51.831862,On or near Supermarket,E01022346,Gloucester 012D,Anti-social behaviour,,
,2012-02,Gloucestershire Constabulary,Gloucestershire Constabulary,-2.247187,51.831176,On or near Kemble Road,E01022346,Gloucester 012D,Anti-social behaviour,,
,2012-02,Gloucestershire Constabulary,Gloucestershire Constabulary,-2.248881,51.830543,On or near Chadwick Close,E01022346,Gloucester 012D,Anti-social behaviour,,
a33fa61609d505cbb74a0fa53106d4797c89fa9579dfce0e83fc180e5825a8df,2012-02,Gloucestershire Constabulary,Gloucestershire Constabulary,-2.249104,51.828897,On or near Gere Close,E01022346,Gloucester 012D,Burglary,,
400d7b8c51cd8b0e3955c8cf124b337d7f60880f47e803d940a877daf9f49c56,2012-02,Gloucestershire Constabulary,Gloucestershire Constabulary,-2.247187,51.831176,On or near Kemble Road,E01022346,Gloucester 012D,Criminal damage and arson,,
3c8d74e78529e6f1dd603da2ac249e783ae2bb92cc4f50f74898b23213d32255,2012-02,Gloucestershire Constabulary,Gloucestershire Constabulary,-2.247156,51.828218,On or near Chalford Road,E01022346,Gloucester 012D,Criminal damage and arson,,
fbbaeb516002570487627976ab01a547e4bca1da6936054c3260824562da6792,2012-02,Gloucestershire Constabulary,Gloucestershire Constabulary,-2.247195,51.827453,On or near Bisley Road,E01022346,Gloucester 012D,Other theft,Investigation complete; no suspect identified,
5eb0225379844a973094280951a10f4da297809c5b9eb711a10ef33ab5db7289,2012-02,Gloucestershire Constabulary,Gloucestershire Constabulary,-2.251630,51.828972,On or near Goddard Way,E01022346,Gloucester 012D,Other theft,,
6cc0a3f4df9a36602d536c3a19cd5ab9938bb3536449eef47859e3e298eb5f7b,2012-02,Gloucestershire Constabulary,Gloucestershire Constabulary,-2.251630,51.828972,On or near Goddard Way,E01022346,Gloucester 012D,Vehicle crime,,
,2012-02,Gloucestershire Constabulary,Gloucestershire Constabulary,-2.269402,51.833222,On or near Greenhill Court,E01022299,Gloucester 013A,Anti-social behaviour,,
654f3fd722297ac0c7691913175cfdd43b1ab1d51f843f373e1ccdade5521068,2012-02,Gloucestershire Constabulary,Gloucestershire Constabulary,-2.263636,51.827570,On or near Dunster Close,E01022299,Gloucester 013A,Other theft,,
4ea3ad7ba75d74e2dd6d6e6b06f3a28d716d9e909d913b0e6a9fb3b4def94604,2012-02,Gloucestershire Constabulary,Gloucestershire Constabulary,-2.261307,51.826164,On or near Arundel Close,E01022299,Gloucester 013A,Other theft,,
402e80432aa1534e18d1a503ab679447044d2fbc017b0cf0e8520b766383e258,2012-02,Gloucestershire Constabulary,Gloucestershire Constabulary,-2.269402,51.833222,On or near Greenhill Court,E01022299,Gloucester 013A,Violent crime,,
,2012-02,Gloucestershire Constabulary,Gloucestershire Constabulary,-2.259705,51.827741,On or near Harewood Close,E01022300,Gloucester 013B,Anti-social behaviour,,
,2012-02,Gloucestershire Constabulary,Gloucestershire Constabulary,-2.256480,51.826993,On or near Woburn Avenue,E01022300,Gloucester 013B,Anti-social behaviour,,
f0be122ac3b46ff0afdcf0075ea70e8b3d6483c005a7a4169452dc110139f80c,2012-02,Gloucestershire Constabulary,Gloucestershire Constabulary,-2.256968,51.823674,On or near Thoresby Avenue,E01022300,Gloucester 013B,Burglary,,
59892e568ed8230b222bc7e22bc8044bd328031babef19f4579453e32bf1e1f7,2012-02,Gloucestershire Constabulary,Gloucestershire Constabulary,-2.258943,51.826403,On or near Chatsworth Avenue,E01022300,Gloucester 013B,Other theft,,
b656a9467d96b489951b795bac470d2f3d05279d57cdfdc6432b76cf0e2ab39b,2012-02,Gloucestershire Constabulary,Gloucestershire Constabulary,-2.259890,51.827039,On or near Denham Close,E01022300,Gloucester 013B,Other theft,Investigation complete; no suspect identified,
5ee172e47c6803cdd2e75762529163b54e9c77a7a64c063416dd4fefb43f5441,2012-02,Gloucestershire Constabulary,Gloucestershire Constabulary,-2.254594,51.829739,On or near Holmwood Close,E01022300,Gloucester 013B,Vehicle crime,Suspect charged as part of another case,
e463707c0e360ea905cd552535ecd74701dfab3fc389c960d99edf2893939428,2012-02,Gloucestershire Constabulary,Gloucestershire Constabulary,-2.257238,51.825067,On or near Glencairn Avenue,E01022300,Gloucester 013B,Vehicle crime,Investigation complete; no suspect identified,
735a706adb96612ac8b1935460c9b8cf364407a592afb9ac1385a54fc89dfd2d,2012-02,Gloucestershire Constabulary,Gloucestershire Constabulary,-2.256480,51.826993,On or near Woburn Avenue,E01022300,Gloucester 013B,Vehicle crime,,
,2012-02,Gloucestershire Constabulary,Gloucestershire Constabulary,-2.262305,51.835584,On or near Emerald Close,E01022301,Gloucester 013C,Anti-social behaviour,,
,2012-02,Gloucestershire Constabulary,Gloucestershire Constabulary,-2.262305,51.835584,On or near Emerald Close,E01022301,Gloucester 013C,Anti-social behaviour,,
,2012-02,Gloucestershire Constabulary,Gloucestershire Constabulary,-2.263223,51.833793,On or near Coral Close,E01022301,Gloucester 013C,Anti-social behaviour,,
,2012-02,Gloucestershire Constabulary,Gloucestershire Constabulary,-2.262319,51.833031,On or near Sapphire Close,E01022301,Gloucester 013C,Anti-social behaviour,,
,2012-02,Gloucestershire Constabulary,Gloucestershire Constabulary,-2.262305,51.835584,On or near Emerald Close,E01022301,Gloucester 013C,Anti-social behaviour,,
,2012-02,Gloucestershire Constabulary,Gloucestershire Constabulary,-2.261370,51.834570,On or near Holmleigh Road,E01022301,Gloucester 013C,Anti-social behaviour,,
,2012-02,Gloucestershire Constabulary,Gloucestershire Constabulary,-2.261370,51.834570,On or near Holmleigh Road,E01022301,Gloucester 013C,Anti-social behaviour,,
,2012-02,Gloucestershire Constabulary,Gloucestershire Constabulary,-2.264161,51.835427,On or near Tuffley Lane,E01022301,Gloucester 013C,Anti-social behaviour,,
,2012-02,Gloucestershire Constabulary,Gloucestershire Constabulary,-2.266584,51.835278,On or near Shepherd Road,E01022301,Gloucester 013C,Anti-social behaviour,,
,2012-02,Gloucestershire Constabulary,Gloucestershire Constabulary,-2.262305,51.835584,On or near Emerald Close,E01022301,Gloucester 013C,Anti-social behaviour,,
70f0d3d659b1bd560eb9092daaec00c95c1d1a5a96446fcc7670b85982947df8,2012-02,Gloucestershire Constabulary,Gloucestershire Constabulary,-2.266584,51.835278,On or near Shepherd Road,E01022301,Gloucester 013C,Burglary,,
da4d61de3f2f724a8cbec0d57202cc18fc5e2b875ae91ed1db8262f495f20433,2012-02,Gloucestershire Constabulary,Gloucestershire Constabulary,-2.262319,51.833031,On or near Sapphire Close,E01022301,Gloucester 013C,Criminal damage and arson,,
d666280fb6e2eece12ba5b1652b0d1fb8a114156b967e67412b4844df65a43f7,2012-02,Gloucestershire Constabulary,Gloucestershire Constabulary,-2.256304,51.836928,On or near Epney Road,E01022301,Gloucester 013C,Drugs,Offender given conditional discharge,
3de432ed3408ee97811a4d32098258cf8ea65de8342722f51518410f3ffeeed8,2012-02,Gloucestershire Constabulary,Gloucestershire Constabulary,-2.266584,51.835278,On or near Shepherd Road,E01022301,Gloucester 013C,Other theft,,
07b79d3f054b577d86165eff446057de2180cf4dbf9d921218d8b21129a435a4,2012-02,Gloucestershire Constabulary,Gloucestershire Constabulary,-2.261370,51.834570,On or near Holmleigh Road,E01022301,Gloucester 013C,Violent crime,,
,2012-02,Gloucestershire Constabulary,Gloucestershire Constabulary,-2.255662,51.831310,On or near Sports/Recreation Area,E01022302,Gloucester 013D,Anti-social behaviour,,
,2012-02,Gloucestershire Constabulary,Gloucestershire Constabulary,-2.259109,51.835178,On or near Further/Higher Educational Building,E01022302,Gloucester 013D,Anti-social behaviour,,
,2012-02,Gloucestershire Constabulary,Gloucestershire Constabulary,-2.258764,51.830575,On or near Gainsborough Drive,E01022302,Gloucester 013D,Anti-social behaviour,,
,2012-02,Gloucestershire Constabulary,Gloucestershire Constabulary,-2.257437,51.829526,On or near Nutley Avenue,E01022302,Gloucester 013D,Anti-social behaviour,,
,2012-02,Gloucestershire Constabulary,Gloucestershire Constabulary,-2.255662,51.831310,On or near Sports/Recreation Area,E01022302,Gloucester 013D,Anti-social behaviour,,
,2012-02,Gloucestershire Constabulary,Gloucestershire Constabulary,-2.257437,51.829526,On or near Nutley Avenue,E01022302,Gloucester 013D,Anti-social behaviour,,
,2012-02,Gloucestershire Constabulary,Gloucestershire Constabulary,-2.253996,51.834335,On or near Nympsfield Road,E01022302,Gloucester 013D,Anti-social behaviour,,
,2012-02,Gloucestershire Constabulary,Gloucestershire Constabulary,-2.258764,51.830575,On or near Gainsborough Drive,E01022302,Gloucester 013D,Anti-social behaviour,,
,2012-02,Gloucestershire Constabulary,Gloucestershire Constabulary,-2.258764,51.830575,On or near Gainsborough Drive,E01022302,Gloucester 013D,Anti-social behaviour,,
a8f9241b0cf069049f2ca009a36c57169a730ed3dc0ba3e0610549004d5972a1,2012-02,Gloucestershire Constabulary,Gloucestershire Constabulary,-2.257762,51.835648,On or near Crypt Court,E01022302,Gloucester 013D,Burglary,Investigation complete; no suspect identified,
976e5f9f27a00d84e6500804879bac192cd30d4ff13a43e32c5ab5ec0b1e43b8,2012-02,Gloucestershire Constabulary,Gloucestershire Constabulary,-2.256825,51.834095,On or near St George'S Close,E01022302,Gloucester 013D,Criminal damage and arson,,
ef8eafa9a7a2810fd15eccc5ef7f5d10e8af5984acf355b4e810c2f15bd43514,2012-02,Gloucestershire Constabulary,Gloucestershire Constabulary,-2.259109,51.835178,On or near Further/Higher Educational Building,E01022302,Gloucester 013D,Criminal damage and arson,,
d7233dd41ae9d7f6d780d663bd98cd391fd5be4b73528831095fb1f8b6eabbe1,2012-02,Gloucestershire Constabulary,Gloucestershire Constabulary,-2.253802,51.833364,On or near Randwick Road,E01022302,Gloucester 013D,Other theft,,
953ba2053f587af120571684cd4813a3c46c6bc014402972bd30a27e9a61b927,2012-02,Gloucestershire Constabulary,Gloucestershire Constabulary,-2.257226,51.828124,On or near Sandringham Avenue,E01022302,Gloucester 013D,Other theft,,
28bea8799cadf27881c37c4208025eee08276a9041220231a0d5f6369ce894c0,2012-02,Gloucestershire Constabulary,Gloucestershire Constabulary,-2.258764,51.830575,On or near Gainsborough Drive,E01022302,Gloucester 013D,Robbery,Court result unavailable,
c870a7ea555cf7c11d8e2a11827dcbdf85ca022abbf99fb6f93b8c8241645e71,2012-02,Gloucestershire Constabulary,Gloucestershire Constabulary,-2.259109,51.835178,On or near Further/Higher Educational Building,E01022302,Gloucester 013D,Vehicle crime,Suspect charged as part of another case,
d48bdc3b942917879ef45d4cb17ec43d4f718a9e29ebcd00fc2f942fb44eec0d,2012-02,Gloucestershire Constabulary,Gloucestershire Constabulary,-2.257226,51.828124,On or near Sandringham Avenue,E01022302,Gloucester 013D,Vehicle crime,,
d7fdfc040e98c1c201dc066a30d137ad15b333fcbba37859e227a3fcb17b52f5,2012-02,Gloucestershire Constabulary,Gloucestershire Constabulary,-2.258764,51.830575,On or near Gainsborough Drive,E01022302,Gloucester 013D,Violent crime,Local resolution,
,2012-02,Gloucestershire Constabulary,Gloucestershire Constabulary,-2.279572,51.835131,On or near Goshawk Road,E01022339,Gloucester 014A,Anti-social behaviour,,
f606bcfcfd965658d122a3bb96a5fca08ce0fc98b4663bb2ebfb1a9625d127a7,2012-02,Gloucestershire Constabulary,Gloucestershire Constabulary,-2.274834,51.836392,On or near Davillian Court,E01022339,Gloucester 014A,Burglary,,
b97d68421bdc8080004377d18546bf05be167afe5f2650282fc0d277abc1e698,2012-02,Gloucestershire Constabulary,Gloucestershire Constabulary,-2.275100,51.837065,On or near Sports/Recreation Area,E01022339,Gloucester 014A,Other theft,Investigation complete; no suspect identified,
,2012-02,Gloucestershire Constabulary,Gloucestershire Constabulary,-2.290537,51.825061,On or near Tirley Close,E01022340,Gloucester 014B,Anti-social behaviour,,
,2012-02,Gloucestershire Constabulary,Gloucestershire Constabulary,-2.288867,51.829363,On or near Aspen Drive,E01022340,Gloucester 014B,Anti-social behaviour,,
,2012-02,Gloucestershire Constabulary,Gloucestershire Constabulary,-2.286673,51.828883,On or near Camellia Walk,E01022340,Gloucester 014B,Anti-social behaviour,,
,2012-02,Gloucestershire Constabulary,Gloucestershire Constabulary,-2.286673,51.828883,On or near Camellia Walk,E01022340,Gloucester 014B,Anti-social behaviour,,
,2012-02,Gloucestershire Constabulary,Gloucestershire Constabulary,-2.288867,51.829363,On or near Aspen Drive,E01022340,Gloucester 014B,Anti-social behaviour,,
357d483a91be5fac0cad0eae5d56cf3dee1b4461b09a163142b5703126bdab1e,2012-02,Gloucestershire Constabulary,Gloucestershire Constabulary,-2.285954,51.827581,On or near Curtis Hayward Drive,E01022340,Gloucester 014B,Vehicle crime,,
5d3f5f63ca90e00a06b81a47ce6ac74aa2d0cd53e57b434c960be95d3b923c42,2012-02,Gloucestershire Constabulary,Gloucestershire Constabulary,-2.291742,51.825202,On or near Water Wheel Close,E01022340,Gloucester 014B,Vehicle crime,Offender given community sentence,
,2012-02,Gloucestershire Constabulary,Gloucestershire Constabulary,-2.270189,51.828967,On or near Cardinal Drive,E01022341,Gloucester 014C,Anti-social behaviour,,
,2012-02,Gloucestershire Constabulary,Gloucestershire Constabulary,-2.270189,51.828967,On or near Cardinal Drive,E01022341,Gloucester 014C,Anti-social behaviour,,
,2012-02,Gloucestershire Constabulary,Gloucestershire Constabulary,-2.270189,51.828967,On or near Cardinal Drive,E01022341,Gloucester 014C,Anti-social behaviour,,
,2012-02,Gloucestershire Constabulary,Gloucestershire Constabulary,-2.270189,51.828967,On or near Cardinal Drive,E01022341,Gloucester 014C,Anti-social behaviour,,
,2012-02,Gloucestershire Constabulary,Gloucestershire Constabulary,-2.271858,51.829044,On or near Watermint Drive,E01022341,Gloucester 014C,Anti-social behaviour,,
,2012-02,Gloucestershire Constabulary,Gloucestershire Constabulary,-2.270189,51.828967,On or near Cardinal Drive,E01022341,Gloucester 014C,Anti-social behaviour,,
794c8be2bea7377d081ca3d5ce4bf7413b0e1cd2e7b109f52486d55377c3993b,2012-02,Gloucestershire Constabulary,Gloucestershire Constabulary,-2.271372,51.832624,On or near Daniel'S Meadow,E01022341,Gloucester 014C,Burglary,Suspect charged as part of another case,
a52b9977f9f0ae093198e9f77badb2cb6dca95141a0384f53458d13ba721cb86,2012-02,Gloucestershire Constabulary,Gloucestershire Constabulary,-2.276002,51.830320,On or near Petrol Station,E01022341,Gloucester 014C,Burglary,,
38d3bf7e8ffa32b1682e245598b4bd638412e6edc22b4fd28803bd08fbf16c70,2012-02,Gloucestershire Constabulary,Gloucestershire Constabulary,-2.283203,51.830878,On or near Bentley Close,E01022341,Gloucester 014C,Criminal damage and arson,,
ffc566f30a0c60e7c82022dfd86aa07469276ce252dc9e39aca70549ba011d4f,2012-02,Gloucestershire Constabulary,Gloucestershire Constabulary,-2.287751,51.829528,On or near Acer Grove,E01022341,Gloucester 014C,Drugs,Offender given conditional discharge,
66c793f4f331b80649733e427c9a21d0f8292ec7dbd20b425095c97b96bd73f4,2012-02,Gloucestershire Constabulary,Gloucestershire Constabulary,-2.276036,51.831129,On or near Fox Run,E01022341,Gloucester 014C,Shoplifting,,
3892886f2ff076cd9e1b43eedb74f6d81bec524ae8ffb2a669b42aba7c333b54,2012-02,Gloucestershire Constabulary,Gloucestershire Constabulary,-2.271248,51.831338,On or near The Warren,E01022341,Gloucester 014C,Vehicle crime,,
425134765d9307c46ae66914a30883cf55b5cff560907a8cf3052299e1bc2631,2012-02,Gloucestershire Constabulary,Gloucestershire Constabulary,-2.285037,51.827233,On or near The Willows,E01022341,Gloucester 014C,Violent crime,,
,2012-02,Gloucestershire Constabulary,Gloucestershire Constabulary,-2.293488,51.828066,On or near Teal Close,E01022342,Gloucester 014D,Anti-social behaviour,,
,2012-02,Gloucestershire Constabulary,Gloucestershire Constabulary,-2.296208,51.824688,On or near Spoonbill Close,E01022342,Gloucester 014D,Anti-social behaviour,,
6cbcc699662dd833b2f5ca10bf66909d95c875525441b424aed0b92baa31d7e9,2012-02,Gloucestershire Constabulary,Gloucestershire Constabulary,-2.293404,51.826376,On or near Millers Dyke,E01022342,Gloucester 014D,Vehicle crime,,
,2012-02,Gloucestershire Constabulary,Gloucestershire Constabulary,-2.276962,51.825966,On or near Bristol Road,E01022335,Gloucester 015A,Anti-social behaviour,,
,2012-02,Gloucestershire Constabulary,Gloucestershire Constabulary,-2.276828,51.827810,On or near Bristol Road,E01022335,Gloucester 015A,Anti-social behaviour,,
,2012-02,Gloucestershire Constabulary,Gloucestershire Constabulary,-2.276828,51.827810,On or near Bristol Road,E01022335,Gloucester 015A,Anti-social behaviour,,
,2012-02,Gloucestershire Constabulary,Gloucestershire Constabulary,-2.276828,51.827810,On or near Bristol Road,E01022335,Gloucester 015A,Anti-social behaviour,,
,2012-02,Gloucestershire Constabulary,Gloucestershire Constabulary,-2.279330,51.824082,On or near Church Drive,E01022335,Gloucester 015A,Anti-social behaviour,,
,2012-02,Gloucestershire Constabulary,Gloucestershire Constabulary,-2.276962,51.825966,On or near Bristol Road,E01022335,Gloucester 015A,Anti-social behaviour,,
,2012-02,Gloucestershire Constabulary,Gloucestershire Constabulary,-2.282962,51.824855,On or near Scholars Walk,E01022335,Gloucester 015A,Anti-social behaviour,,
,2012-02,Gloucestershire Constabulary,Gloucestershire Constabulary,-2.276828,51.827810,On or near Bristol Road,E01022335,Gloucester 015A,Anti-social behaviour,,
d3667156819b89a3e03cdbad498659c58075154317e215194b8bae6c796da6a4,2012-02,Gloucestershire Constabulary,Gloucestershire Constabulary,-2.279330,51.824082,On or near Church Drive,E01022335,Gloucester 015A,Burglary,,
9381ee858157cadc81e8fdf0cb184a6002344e104137c7ffaa05eb955ac3f08e,2012-02,Gloucestershire Constabulary,Gloucestershire Constabulary,-2.284596,51.824024,On or near School Lane,E01022335,Gloucester 015A,Criminal damage and arson,,
10eb8ea2f827bddab961cabd6ea3c382090879e7f8441b8f5af6ef1253df1af5,2012-02,Gloucestershire Constabulary,Gloucestershire Constabulary,-2.279330,51.824082,On or near Church Drive,E01022335,Gloucester 015A,Criminal damage and arson,,
cdb28021725090f7396adb8f7b4f8736e59f50fd710ffb093311600f0f38b89f,2012-02,Gloucestershire Constabulary,Gloucestershire Constabulary,-2.278320,51.822672,On or near The Dawes,E01022335,Gloucester 015A,Drugs,,
1002c8f0f2f123d8dc67d88456f275d649d3d2abd5009d5f763b84a62a243954,2012-02,Gloucestershire Constabulary,Gloucestershire Constabulary,-2.279595,51.827093,On or near Supermarket,E01022335,Gloucester 015A,Other theft,Investigation complete; no suspect identified,
d4f29c7f6a2af31cec3f91eb58db2e6618d0749ae5720b93a4d1f938b658d170,2012-02,Gloucestershire Constabulary,Gloucestershire Constabulary,-2.283623,51.823873,On or near Druids Oak,E01022335,Gloucester 015A,Other theft,,
a828fea956dbee238c281b6fd41c15bf4bc3a8c1c9050448940acefab304a2c3,2012-02,Gloucestershire Constabulary,Gloucestershire Constabulary,-2.276023,51.829133,On or near Queen Anne Court,E01022335,Gloucester 015A,Other theft,,
1f7e894c6325d3adeeab13dd9544f873ca9d4510c2effe301ef0b31bfbfa49dd,2012-02,Gloucestershire Constabulary,Gloucestershire Constabulary,-2.279595,51.827093,On or near Supermarket,E01022335,Gloucester 015A,Other theft,,
e5395120af8502d07f88abe25eb4ce6843dac20d89c6399d850bab5ce7516c6c,2012-02,Gloucestershire Constabulary,Gloucestershire Constabulary,-2.279595,51.827093,On or near Supermarket,E01022335,Gloucester 015A,Other theft,,
8762eca7deb38046d419133e6918c2f626583be42e730ea5171f30e2bdd15f14,2012-02,Gloucestershire Constabulary,Gloucestershire Constabulary,-2.279595,51.827093,On or near Supermarket,E01022335,Gloucester 015A,Shoplifting,,
63b09d75c6f233b58e8da0fce1f3a71a988328149d44f293c73b7a4a8f702045,2012-02,Gloucestershire Constabulary,Gloucestershire Constabulary,-2.279595,51.827093,On or near Supermarket,E01022335,Gloucester 015A,Shoplifting,,
4e37564a867a05a61e2539de5dc42e36ebffa0f967be8d828babb381336b525d,2012-02,Gloucestershire Constabulary,Gloucestershire Constabulary,-2.279595,51.827093,On or near Supermarket,E01022335,Gloucester 015A,Shoplifting,Offender sent to prison,
b5d5edc67e4c3466797c31fdadb3cc9ccab69cb860f2c8872bf1fb6629157dc4,2012-02,Gloucestershire Constabulary,Gloucestershire Constabulary,-2.279595,51.827093,On or near Supermarket,E01022335,Gloucester 015A,Shoplifting,Local resolution,
d8b42814979cb5e0b8ff01c6c00f09879f1d2997cd4c6a342dc5878afe24187d,2012-02,Gloucestershire Constabulary,Gloucestershire Constabulary,-2.279595,51.827093,On or near Supermarket,E01022335,Gloucester 015A,Shoplifting,,
6ae87ac6fb8084b0070367da07fd8d53d42f30ad5454e347a911fd534ceba42e,2012-02,Gloucestershire Constabulary,Gloucestershire Constabulary,-2.279595,51.827093,On or near Supermarket,E01022335,Gloucester 015A,Shoplifting,,
707bf6ca09c6e876aa0b8e1db63c05aa29913a12378b1308269889d9be2820b4,2012-02,Gloucestershire Constabulary,Gloucestershire Constabulary,-2.279595,51.827093,On or near Supermarket,E01022335,Gloucester 015A,Shoplifting,,
3668e74ab18b760b9a138bda8cd35c27339d2fe4567bbd15d336b16c1da7836f,2012-02,Gloucestershire Constabulary,Gloucestershire Constabulary,-2.279595,51.827093,On or near Supermarket,E01022335,Gloucester 015A,Shoplifting,,
9188daca5fc7d6532b7831ecd679439e5b0ab78307e4c7ba2955f5879aa7dc5b,2012-02,Gloucestershire Constabulary,Gloucestershire Constabulary,-2.279595,51.827093,On or near Supermarket,E01022335,Gloucester 015A,Shoplifting,,
726246db1e3ea690f5fe9aefd45a057d7d3487775bab9d1a0733986c658d1901,2012-02,Gloucestershire Constabulary,Gloucestershire Constabulary,-2.279595,51.827093,On or near Supermarket,E01022335,Gloucester 015A,Other crime,,
,2012-02,Gloucestershire Constabulary,Gloucestershire Constabulary,-2.287733,51.822110,On or near Brecon Close,E01022336,Gloucester 015B,Anti-social behaviour,,
6d948e2cdb33090101d3b6ae3504fb05de4c0c3c2f083f6c253b8c413c45845c,2012-02,Gloucestershire Constabulary,Gloucestershire Constabulary,-2.287218,51.821024,On or near Pennine Close,E01022336,Gloucester 015B,Drugs,,
090277c081a6975b7b22b6372729f2c086e9ce2b3e5d8c4e847c9884df868d54,2012-02,Gloucestershire Constabulary,Gloucestershire Constabulary,-2.288867,51.822521,On or near Mendip Close,E01022336,Gloucester 015B,Vehicle crime,,
8d08bad1efafa91c87af8ddc1fb1b1c06ab1d0058dce72126907a51faf3d9a20,2012-02,Gloucestershire Constabulary,Gloucestershire Constabulary,-2.289019,51.823689,On or near Ashleworth Gardens,E01022336,Gloucester 015B,Violent crime,,
e280370410686b3be6a6894c87345aba84361d749d1d7b73c9b205c4642f0431,2012-02,Gloucestershire Constabulary,Gloucestershire Constabulary,-2.284707,51.818656,On or near Squirrel Close,E01022338,Gloucester 015D,Criminal damage and arson,Defendant found not guilty,
cd403ef3f707533a32c857689641dd9fe06b05f0166ef45e1f159f42443a6993,2012-02,Gloucestershire Constabulary,Gloucestershire Constabulary,-2.286756,51.819191,On or near Overbrook Road,E01022338,Gloucester 015D,Drugs,Offender given a drugs possession warning,
0ac74885e161839890777deb2aaaca451a5e61085904d0325de7e4995871c448,2012-02,Gloucestershire Constabulary,Gloucestershire Constabulary,-2.284707,51.818656,On or near Squirrel Close,E01022338,Gloucester 015D,Violent crime,Defendant found not guilty,
,2012-02,Gloucestershire Constabulary,Gloucestershire Constabulary,-2.272784,51.826102,On or near Headley Court,E01032933,Gloucester 015E,Anti-social behaviour,,
,2012-02,Gloucestershire Constabulary,Gloucestershire Constabulary,-2.273914,51.823537,On or near Shawbury Avenue,E01032933,Gloucester 015E,Anti-social behaviour,,
,2012-02,Gloucestershire Constabulary,Gloucestershire Constabulary,-2.272784,51.826102,On or near Headley Court,E01032933,Gloucester 015E,Anti-social behaviour,,
,2012-02,Gloucestershire Constabulary,Gloucestershire Constabulary,-2.273914,51.823537,On or near Shawbury Avenue,E01032933,Gloucester 015E,Anti-social behaviour,,
16a91ef4adf8ae2204689d22593cd4f4f9696a85f91a535874e63daa73d2333d,2012-02,Gloucestershire Constabulary,Gloucestershire Constabulary,-2.273914,51.823537,On or near Shawbury Avenue,E01032933,Gloucester 015E,Criminal damage and arson,,
dd6eb3f684f25a66dc4e74e82639dadeaf088010190f37586b56f85d856fc295,2012-02,Gloucestershire Constabulary,Gloucestershire Constabulary,-2.272951,51.824897,On or near Digby Green,E01032933,Gloucester 015E,Other theft,,
2b41c33acb1919ec4abe57b511a8f6f0aaafe00ea2f71b7cfacbdcb81834633c,2012-02,Gloucestershire Constabulary,Gloucestershire Constabulary,-2.271747,51.827498,On or near Henlow Drive,E01032933,Gloucester 015E,Other theft,Court result unavailable,
ddd7476058ec396fcbb186d2902f037fc6c17f9852a3226b83887a953000d451,2012-02,Gloucestershire Constabulary,Gloucestershire Constabulary,-2.272951,51.824897,On or near Digby Green,E01032933,Gloucester 015E,Public disorder and weapons,,
7b84a44de9d1037335d2c04f95665a9b87e09bfc61ce491e5590d6d437ba340b,2012-02,Gloucestershire Constabulary,Gloucestershire Constabulary,-2.273914,51.823537,On or near Shawbury Avenue,E01032933,Gloucester 015E,Violent crime,Investigation complete; no suspect identified,
3a3eab872e6112f638bb06e77564c3f207fb26ae347f5fe28e4f035ffdc163d9,2012-02,Gloucestershire Constabulary,Gloucestershire Constabulary,-2.274501,51.826880,On or near Shopping Area,E01032933,Gloucester 015E,Violent crime,Offender given community sentence,
19039694f0a2775f8d459d0a5a75104bde655815af5d75929e70e881ee583f55,2012-02,Gloucestershire Constabulary,Gloucestershire Constabulary,-2.274501,51.826880,On or near Shopping Area,E01032933,Gloucester 015E,Violent crime,Offender given community sentence,
a9e689233cac14640fcd473b0e7241fa19562b008f360a888dd4d29240006013,2012-02,Gloucestershire Constabulary,Gloucestershire Constabulary,-2.272951,51.824897,On or near Digby Green,E01032933,Gloucester 015E,Violent crime,,
,2012-02,Gloucestershire Constabulary,Gloucestershire Constabulary,-2.281951,51.821018,On or near Barrow Close,E01032934,Gloucester 015F,Anti-social behaviour,,
,2012-02,Gloucestershire Constabulary,Gloucestershire Constabulary,-2.267119,51.815308,On or near Needham Avenue,E01032934,Gloucester 015F,Anti-social behaviour,,
,2012-02,Gloucestershire Constabulary,Gloucestershire Constabulary,-2.283904,51.822434,On or near Courtfield Road,E01032934,Gloucester 015F,Anti-social behaviour,,
,2012-02,Gloucestershire Constabulary,Gloucestershire Constabulary,-2.278663,51.821826,On or near Holly End,E01032934,Gloucester 015F,Anti-social behaviour,,
,2012-02,Gloucestershire Constabulary,Gloucestershire Constabulary,-2.283904,51.822434,On or near Courtfield Road,E01032934,Gloucester 015F,Anti-social behaviour,,
,2012-02,Gloucestershire Constabulary,Gloucestershire Constabulary,-2.267119,51.815308,On or near Needham Avenue,E01032934,Gloucester 015F,Anti-social behaviour,,
,2012-02,Gloucestershire Constabulary,Gloucestershire Constabulary,-2.283904,51.822434,On or near Courtfield Road,E01032934,Gloucester 015F,Anti-social behaviour,,
33d11ba4be423edea37122c1084452a8910fff91851584fa7881a4c5d4703919,2012-02,Gloucestershire Constabulary,Gloucestershire Constabulary,-2.277387,51.819654,On or near Parking Area,E01032934,Gloucester 015F,Drugs,,
ed31fd020f622e042992d674f0ac422caec81d83dc119a26c4774e516c04623c,2012-02,Gloucestershire Constabulary,Gloucestershire Constabulary,-2.275682,51.815935,On or near Edison Close,E01032934,Gloucester 015F,Vehicle crime,,
2f89dc2b469ac7209784b47ab0e3650bcf4e484cb1079d8e3efc3ce532a069e1,2012-02,Gloucestershire Constabulary,Gloucestershire Constabulary,-2.280324,51.820609,On or near The Holly Grove,E01032934,Gloucester 015F,Vehicle crime,,
0f8b8c5e3066c0a283a8d70457ddfdffc81bd881c6e6b91b82cc6e91fd60bce3,2012-02,Gloucestershire Constabulary,Gloucestershire Constabulary,-2.278663,51.821826,On or near Holly End,E01032934,Gloucester 015F,Violent crime,,
4355134a186ca5e65aaa117d43f886e9c431aa95e6db2682bf2be4d18465e7b4,2012-02,Gloucestershire Constabulary,Gloucestershire Constabulary,-2.269370,51.810879,On or near Jessop Court,E01032934,Gloucester 015F,Violent crime,,
,2012-02,Gloucestershire Constabulary,Gloucestershire Constabulary,-2.269619,51.823448,On or near Lyneham Drive,E01032935,Gloucester 015G,Anti-social behaviour,,
,2012-02,Gloucestershire Constabulary,Gloucestershire Constabulary,-2.269619,51.823448,On or near Lyneham Drive,E01032935,Gloucester 015G,Anti-social behaviour,,
,2012-02,Gloucestershire Constabulary,Gloucestershire Constabulary,-2.265298,51.823853,On or near Thatcham Avenue,E01032935,Gloucester 015G,Anti-social behaviour,,
,2012-02,Gloucestershire Constabulary,Gloucestershire Constabulary,-2.269619,51.823448,On or near Lyneham Drive,E01032935,Gloucester 015G,Anti-social behaviour,,
,2012-02,Gloucestershire Constabulary,Gloucestershire Constabulary,-2.265298,51.823853,On or near Thatcham Avenue,E01032935,Gloucester 015G,Anti-social behaviour,,
592ff329f8def6ae0eb54caf8229b6885a6f3e55b9496eb0b56a8b116d904ecb,2012-02,Gloucestershire Constabulary,Gloucestershire Constabulary,-2.269310,51.825058,On or near Mount Pleasant,E01032935,Gloucester 015G,Drugs,,
baeff4f75430eb1f0e5761100369b2f178153e8306f604d8fb153640371206be,2012-02,Gloucestershire Constabulary,Gloucestershire Constabulary,-2.269310,51.825058,On or near Mount Pleasant,E01032935,Gloucester 015G,Robbery,Investigation complete; no suspect identified,
0dc1d485ff0634c88f5da4d72fcf695aa19f8ed9c76be32b64da4e28b19a8f71,2012-02,Gloucestershire Constabulary,Gloucestershire Constabulary,-2.269310,51.825058,On or near Mount Pleasant,E01032935,Gloucester 015G,Vehicle crime,,
10ac1ab914743e14cf45ee28482da51f5a5b95558476428b7b89e7c68ff9ae12,2012-02,Gloucestershire Constabulary,Gloucestershire Constabulary,-2.269310,51.825058,On or near Mount Pleasant,E01032935,Gloucester 015G,Vehicle crime,,
c0c00b3439c4169f2ce8e05e4f3807d81a806089316ee180453afaca1e5907e2,2012-02,Gloucestershire Constabulary,Gloucestershire Constabulary,-2.269310,51.825058,On or near Mount Pleasant,E01032935,Gloucester 015G,Other crime,,
,2012-02,Gloucestershire Constabulary,Gloucestershire Constabulary,-2.262639,51.820820,On or near Boddington Drive,E01032936,Gloucester 015H,Anti-social behaviour,,
,2012-02,Gloucestershire Constabulary,Gloucestershire Constabulary,-2.265001,51.822667,On or near Lakenheath,E01032936,Gloucester 015H,Anti-social behaviour,,
,2012-02,Gloucestershire Constabulary,Gloucestershire Constabulary,-2.263030,51.823121,On or near Neatishead Road,E01032936,Gloucester 015H,Anti-social behaviour,,
,2012-02,Gloucestershire Constabulary,Gloucestershire Constabulary,-2.261242,51.820068,On or near Mona Avenue,E01032936,Gloucester 015H,Anti-social behaviour,,
,2012-02,Gloucestershire Constabulary,Gloucestershire Constabulary,-2.268007,51.823155,On or near Valley Gardens,E01032936,Gloucester 015H,Anti-social behaviour,,
,2012-02,Gloucestershire Constabulary,Gloucestershire Constabulary,-2.268007,51.823155,On or near Valley Gardens,E01032936,Gloucester 015H,Anti-social behaviour,,
,2012-02,Gloucestershire Constabulary,Gloucestershire Constabulary,-2.262639,51.820820,On or near Boddington Drive,E01032936,Gloucester 015H,Anti-social behaviour,,
,2012-02,Gloucestershire Constabulary,Gloucestershire Constabulary,-2.261242,51.820068,On or near Mona Avenue,E01032936,Gloucester 015H,Anti-social behaviour,,
,2012-02,Gloucestershire Constabulary,Gloucestershire Constabulary,-2.261242,51.820068,On or near Mona Avenue,E01032936,Gloucester 015H,Anti-social behaviour,,
,2012-02,Gloucestershire Constabulary,Gloucestershire Constabulary,-2.261778,51.822297,On or near Locking Drive,E01032936,Gloucester 015H,Anti-social behaviour,,
,2012-02,Gloucestershire Constabulary,Gloucestershire Constabulary,-2.262709,51.820272,On or near Linton Avenue,E01032936,Gloucester 015H,Anti-social behaviour,,
,2012-02,Gloucestershire Constabulary,Gloucestershire Constabulary,-2.268007,51.823155,On or near Valley Gardens,E01032936,Gloucester 015H,Anti-social behaviour,,
804a832a30b321402b3a17752e827fd1c61a8c2c5e1a45a1bfa498c261f94dad,2012-02,Gloucestershire Constabulary,Gloucestershire Constabulary,-2.266261,51.822404,On or near Aldergrove,E01032936,Gloucester 015H,Burglary,Offender sent to prison,
996ae9ca24d8f02ffa501d3cdffe36d25d5719a218aaa667e33b304c498b4ce1,2012-02,Gloucestershire Constabulary,Gloucestershire Constabulary,-2.270948,51.824892,On or near Woodvale,E01032936,Gloucester 015H,Drugs,Offender given a drugs possession warning,
375defeafcde29c4fc27bd426bf276f32e7b7df2143724f2c97863daaee45d96,2012-02,Gloucestershire Constabulary,Gloucestershire Constabulary,-2.265776,51.821335,On or near Buchan Drive,E01032936,Gloucester 015H,Drugs,,
03548f5e8c3a2b5efac94e2e75617d69f3fed9c0231728fe377810abc7511fd4,2012-02,Gloucestershire Constabulary,Gloucestershire Constabulary,-2.261568,51.821164,On or near Waddington Way,E01032936,Gloucester 015H,Other theft,,
01a7c7812a0a3372658da749fe401f01950c8e819518a408e733372514ab5205,2012-02,Gloucestershire Constabulary,Gloucestershire Constabulary,-2.265776,51.821335,On or near Buchan Drive,E01032936,Gloucester 015H,Shoplifting,,
daf6f8b81ad482e088ea930cf881b0a5259c556e87fa6b9faa8bb271260f87c7,2012-02,Gloucestershire Constabulary,Gloucestershire Constabulary,-2.262709,51.820272,On or near Linton Avenue,E01032936,Gloucester 015H,Vehicle crime,,
d1c5302e3cfa4e5756663fdde26f729a3e47640610dad423cd98299c7531f5e0,2012-02,Gloucestershire Constabulary,Gloucestershire Constabulary,-2.266261,51.822404,On or near Aldergrove,E01032936,Gloucester 015H,Vehicle crime,,
a9c0a4fd4bc3749085048bbabb6f0b4baf485952a81ad01b1f3cc69c3694f82a,2012-02,Gloucestershire Constabulary,Gloucestershire Constabulary,-2.263250,51.823498,On or near Uxbridge Lane,E01032936,Gloucester 015H,Vehicle crime,,
94b4d661213ff848b5b7830960b14a0218509497c794bdf943046ce9dd46a996,2012-02,Gloucestershire Constabulary,Gloucestershire Constabulary,-2.261444,51.822387,On or near Syerston Place,E01032936,Gloucester 015H,Vehicle crime,,
6cfcc29a1be0314998220599c30b6b0f45192c29e2489754e55ada2d4b64d4a8,2012-02,Gloucestershire Constabulary,Gloucestershire Constabulary,-2.263686,51.823596,On or near Prestwick Road,E01032936,Gloucester 015H,Vehicle crime,,
9ac61e37304d3dbaa5f2d5aac46e068a2fc02750f57ef9c773ab4b3dbedb6da3,2012-02,Gloucestershire Constabulary,Gloucestershire Constabulary,-2.263686,51.823596,On or near Prestwick Road,E01032936,Gloucester 015H,Violent crime,,
,2012-02,Gloucestershire Constabulary,Gloucestershire Constabulary,-2.290557,51.821339,On or near Pinewood Road,E01022378,Stroud 001A,Anti-social behaviour,,
,2012-02,Gloucestershire Constabulary,Gloucestershire Constabulary,-2.290557,51.821339,On or near Pinewood Road,E01022378,Stroud 001A,Anti-social behaviour,,
,2012-02,Gloucestershire Constabulary,Gloucestershire Constabulary,-2.289265,51.819058,On or near Cherry Close,E01022378,Stroud 001A,Anti-social behaviour,,
beb66fbdf0d7809ff738f401bf828e335e44d789864730abad60ee3d67bbf960,2012-02,Gloucestershire Constabulary,Gloucestershire Constabulary,-2.293635,51.817231,On or near Sellars Road,E01022378,Stroud 001A,Criminal damage and arson,,
2df6376a133a2de014bed7c8e11cb15a88f6388db3874e9a05365bbf143f1f23,2012-02,Gloucestershire Constabulary,Gloucestershire Constabulary,-2.292477,51.819842,On or near Sunnyfield Road,E01022378,Stroud 001A,Criminal damage and arson,,
dad410f3e8fa2f81c84171bcb5b3b14fd96407c25fa77c713e701648c0ed2cb9,2012-02,Gloucestershire Constabulary,Gloucestershire Constabulary,-2.293635,51.817231,On or near Sellars Road,E01022378,Stroud 001A,Robbery,,
430eec7ed6846f8dc496126b9ecf3e189ba8f06db020395550a04b45da8b6439,2012-02,Gloucestershire Constabulary,Gloucestershire Constabulary,-2.294484,51.820709,On or near Arkendale Drive,E01022378,Stroud 001A,Vehicle crime,,
,2012-02,Gloucestershire Constabulary,Gloucestershire Constabulary,-2.290042,51.815712,On or near Pear Tree Close,E01022379,Stroud 001B,Anti-social behaviour,,
,2012-02,Gloucestershire Constabulary,Gloucestershire Constabulary,-2.291553,51.820518,On or near Maple Close,E01022379,Stroud 001B,Anti-social behaviour,,
,2012-02,Gloucestershire Constabulary,Gloucestershire Constabulary,-2.289079,51.819338,On or near Overbrook Road,E01022379,Stroud 001B,Anti-social behaviour,,
,2012-02,Gloucestershire Constabulary,Gloucestershire Constabulary,-2.290537,51.816007,On or near Poplar Way,E01022379,Stroud 001B,Anti-social behaviour,,
,2012-02,Gloucestershire Constabulary,Gloucestershire Constabulary,-2.285991,51.817448,On or near Springfield,E01022379,Stroud 001B,Anti-social behaviour,,
600f1defd1d5f826e12a937d25f65ce137ccae3e137b4876012040c5a9b14ab3,2012-02,Gloucestershire Constabulary,Gloucestershire Constabulary,-2.286426,51.815100,On or near Barley Close,E01022379,Stroud 001B,Violent crime,,
8566ac0322c6cf833967128a844e082416eef3eb541aa255fa6e378d3a130c2d,2012-02,Gloucestershire Constabulary,Gloucestershire Constabulary,-2.290623,51.820350,On or near Mulberry Close,E01022379,Stroud 001B,Violent crime,,
,2012-02,Gloucestershire Constabulary,Gloucestershire Constabulary,-2.284668,51.814682,On or near Clover Drive,E01022380,Stroud 001C,Anti-social behaviour,,
,2012-02,Gloucestershire Constabulary,Gloucestershire Constabulary,-2.290874,51.805334,On or near Petrol Station,E01022380,Stroud 001C,Anti-social behaviour,,
,2012-02,Gloucestershire Constabulary,Gloucestershire Constabulary,-2.284338,51.812975,On or near Bristol Road,E01022380,Stroud 001C,Anti-social behaviour,,
17de7a894c84ad3750ee0cef5c5674d8dcf5afcc1a0add485517ed1e2a86c4dd,2012-02,Gloucestershire Constabulary,Gloucestershire Constabulary,-2.284668,51.814682,On or near Clover Drive,E01022380,Stroud 001C,Burglary,,
5ddcd90eccead4c5a3acf31ccfc937ac930f243da94aaf9e7ee1c003010eff3a,2012-02,Gloucestershire Constabulary,Gloucestershire Constabulary,-2.285437,51.814779,On or near Ploughmans Way,E01022380,Stroud 001C,Criminal damage and arson,,
8852a58fec7f667d50d2fb5fbab2ec884f66d4d249d4bb40d53c19c3173058b4,2012-02,Gloucestershire Constabulary,Gloucestershire Constabulary,-2.290874,51.805334,On or near Petrol Station,E01022380,Stroud 001C,Shoplifting,Investigation complete; no suspect identified,
293ad00c86c2ce6e54085c2e55f41dd17a1f2cea5f6b5a7e5f57a68ae6196be2,2012-02,Gloucestershire Constabulary,Gloucestershire Constabulary,-2.290874,51.805334,On or near Petrol Station,E01022380,Stroud 001C,Shoplifting,Investigation complete; no suspect identified,
23fab94ad523f122d74551bd903e3b5a968c5093136226e488378463b422eeeb,2012-02,Gloucestershire Constabulary,Gloucestershire Constabulary,-2.288927,51.811561,On or near Sticky Lane,E01022380,Stroud 001C,Violent crime,,
d927abfe7408f05b6ba49400208ca68c82990c8163b30c5cda9a24468ebf2791,2012-02,Gloucestershire Constabulary,Gloucestershire Constabulary,-2.290874,51.805334,On or near Petrol Station,E01022380,Stroud 001C,Other crime,Investigation complete; no suspect identified,
,2012-02,Gloucestershire Constabulary,Gloucestershire Constabulary,-2.197392,51.836637,On or near Staites Orchard,E01022412,Stroud 001D,Anti-social behaviour,,
,2012-02,Gloucestershire Constabulary,Gloucestershire Constabulary,-2.204845,51.831895,On or near Sports/Recreation Area,E01022412,Stroud 001D,Anti-social behaviour,,
,2012-02,Gloucestershire Constabulary,Gloucestershire Constabulary,-2.182261,51.841769,On or near Gauntlet Road,E01022412,Stroud 001D,Anti-social behaviour,,
,2012-02,Gloucestershire Constabulary,Gloucestershire Constabulary,-2.198031,51.810266,On or near Castle End,E01022412,Stroud 001D,Anti-social behaviour,,
,2012-02,Gloucestershire Constabulary,Gloucestershire Constabulary,-2.229990,51.816861,On or near Pedestrian Subway,E01022412,Stroud 001D,Anti-social behaviour,,
,2012-02,Gloucestershire Constabulary,Gloucestershire Constabulary,-2.219256,51.823103,On or near Winnycroft Lane,E01022412,Stroud 001D,Anti-social behaviour,,
d529816a54cd755e0d95e8fc659c4d131fc2e72ffe365029fbfda9f2da94165b,2012-02,Gloucestershire Constabulary,Gloucestershire Constabulary,-2.200913,51.832028,On or near Rance Pitch,E01022412,Stroud 001D,Burglary,Investigation complete; no suspect identified,
90b2f7b3bdecd3fde2a8fa09d16201227cad4d8e42823e1700758156a8fc5eab,2012-02,Gloucestershire Constabulary,Gloucestershire Constabulary,-2.196974,51.833932,On or near Six Acres,E01022412,Stroud 001D,Burglary,,
658c02719be6282db88c5869e95f43025f75c36af604aca589cb5028939fb874,2012-02,Gloucestershire Constabulary,Gloucestershire Constabulary,-2.204845,51.831895,On or near Sports/Recreation Area,E01022412,Stroud 001D,Burglary,,
cd5a130d890802fc9a154f69b82d691a4dc9d7a7f40152a70af1b78888016f09,2012-02,Gloucestershire Constabulary,Gloucestershire Constabulary,-2.237808,51.808358,On or near Andrew'S Close,E01022412,Stroud 001D,Criminal damage and arson,,
26b2511be28a5b4fb07aafcf0aa2901bfd1d8891cd4be4cbb131cc71791f3e9e,2012-02,Gloucestershire Constabulary,Gloucestershire Constabulary,-2.237808,51.808358,On or near Andrew'S Close,E01022412,Stroud 001D,Criminal damage and arson,,
94c9a809f481edc7362d8a79f525b05244362138f5d7c8ae173420d1368794d9,2012-02,Gloucestershire Constabulary,Gloucestershire Constabulary,-2.199770,51.835959,On or near Woodland Green,E01022412,Stroud 001D,Other theft,,
66a20491909a30185d47db5c202eeea613318bbb2b01b56e855a95b7b9a3d16a,2012-02,Gloucestershire Constabulary,Gloucestershire Constabulary,-2.198710,51.832553,On or near St Leonards Close,E01022412,Stroud 001D,Other theft,,
a8617aace88629c00f0bf388521ee6eb3c4625f99859d37095e2ed5123cb1c87,2012-02,Gloucestershire Constabulary,Gloucestershire Constabulary,-2.194027,51.833739,On or near Twyver Bank,E01022412,Stroud 001D,Vehicle crime,,
0863873d45945604263b3663e350b68d1fbae9884aee792aa5ca19a35017fbf3,2012-02,Gloucestershire Constabulary,Gloucestershire Constabulary,-2.180300,51.841403,On or near Zura Avenue,E01022412,Stroud 001D,Vehicle crime,,
9dca8dd3014cd366830eb989ff503d6790167b3f301ff0bd9d22675c23c7cc25,2012-02,Gloucestershire Constabulary,Gloucestershire Constabulary,-2.197392,51.836637,On or near Staites Orchard,E01022412,Stroud 001D,Vehicle crime,,
330cf4ee45c4f9bb21c0e6b004232fe7cf9d77df429f330638526d071f858961,2012-02,Gloucestershire Constabulary,Gloucestershire Constabulary,-2.235615,51.807823,On or near Maitlands,E01022412,Stroud 001D,Other crime,,
,2012-02,Gloucestershire Constabulary,Gloucestershire Constabulary,-2.137397,51.746903,On or near Holloway Road,E01022354,Stroud 002A,Anti-social behaviour,,
2abbb9e1f745fa3ff2c26e5f0acdb76ea500f21283093b9f34d19de4b85dde5c,2012-02,Gloucestershire Constabulary,Gloucestershire Constabulary,-2.158206,51.741401,On or near Fidges Lane,E01022354,Stroud 002A,Burglary,,
2fead28409d06172fcf407f3acbfb8a791da4d6e5b99df7ec71f8abcb0dfe683,2012-02,Gloucestershire Constabulary,Gloucestershire Constabulary,-2.156396,51.737267,On or near Brockley Acres,E01022354,Stroud 002A,Drugs,Offender given community sentence,
e7dd1fe2ef971b6ab03b24af663da2e29385248cf611fb325d4ec15ce799601e,2012-02,Gloucestershire Constabulary,Gloucestershire Constabulary,-2.159666,51.736373,On or near Bracelands,E01022354,Stroud 002A,Other crime,Investigation complete; no suspect identified,
,2012-02,Gloucestershire Constabulary,Gloucestershire Constabulary,-2.193245,51.786582,On or near Conference/Exhibition Centre,E01022390,Stroud 002B,Anti-social behaviour,,
,2012-02,Gloucestershire Constabulary,Gloucestershire Constabulary,-2.193245,51.786582,On or near Conference/Exhibition Centre,E01022390,Stroud 002B,Anti-social behaviour,,
513889b6e77cda898098a1e1198e53be34583a1895c52c7505a8262822da6189,2012-02,Gloucestershire Constabulary,Gloucestershire Constabulary,-2.193403,51.786213,On or near Friday Street,E01022390,Stroud 002B,Criminal damage and arson,,
763df5914134f636f685026ca687e4c31ff32ff2d0b514977423620f706e3386,2012-02,Gloucestershire Constabulary,Gloucestershire Constabulary,-2.193027,51.786439,On or near Bisley Street,E01022390,Stroud 002B,Vehicle crime,Investigation complete; no suspect identified,
,2012-02,Gloucestershire Constabulary,Gloucestershire Constabulary,-2.196619,51.782360,On or near Stamage'S Lane,E01022391,Stroud 002C,Anti-social behaviour,,
,2012-02,Gloucestershire Constabulary,Gloucestershire Constabulary,-2.191384,51.795639,On or near Golf Course Road,E01022391,Stroud 002C,Anti-social behaviour,,
57dd3e3dc0be8cd554122fb4318f529fb658104d55fae5fb8f870a66977d666a,2012-02,Gloucestershire Constabulary,Gloucestershire Constabulary,-2.182480,51.766612,On or near Park/Open Space,E01022391,Stroud 002C,Burglary,,
517495423df2cd5ce0e979e2c542a6574cba75c7d21a583973816085af4947e6,2012-02,Gloucestershire Constabulary,Gloucestershire Constabulary,-2.196619,51.782360,On or near Stamage'S Lane,E01022391,Stroud 002C,Burglary,Investigation complete; no suspect identified,
6d63e63c70833e7eaab54219cc3ce4fb45c1daa51c279a61c6cb1fe4f28331ca,2012-02,Gloucestershire Constabulary,Gloucestershire Constabulary,-2.198338,51.780963,On or near King'S Mill Lane,E01022391,Stroud 002C,Burglary,,
49e60b5df83c1198c55da163f5bf62ec026167f93a8b0167502ed26bed5f5545,2012-02,Gloucestershire Constabulary,Gloucestershire Constabulary,-2.191384,51.795639,On or near Golf Course Road,E01022391,Stroud 002C,Criminal damage and arson,,
55105c71f66d02668967c27ce2882cf2f3fe5a425883869a89a171ab9ea7ab0b,2012-02,Gloucestershire Constabulary,Gloucestershire Constabulary,-2.191384,51.795639,On or near Golf Course Road,E01022391,Stroud 002C,Other theft,,
4450ecf6a4b085a0bf02f7ef8a127cac7ae704f5fad0bf22e061e72933bde9d9,2012-02,Gloucestershire Constabulary,Gloucestershire Constabulary,-2.214995,51.775378,On or near Wragg Castle Lane,E01022391,Stroud 002C,Other theft,Investigation complete; no suspect identified,
c4c3c14682ded911b6dda77c5f6164c53ed56365be010a27c2eea75797b7a192,2012-02,Gloucestershire Constabulary,Gloucestershire Constabulary,-2.221631,51.783790,On or near A4173,E01022391,Stroud 002C,Vehicle crime,,
92a3af5d40c80e712e3ae352ff94bf8669490f45f1b2eb8921da2f2758ea3ba0,2012-02,Gloucestershire Constabulary,Gloucestershire Constabulary,-2.182480,51.766612,On or near Park/Open Space,E01022391,Stroud 002C,Vehicle crime,,
c42eda88c3960576f1c6c476dd2013a3b1ef98cb68a915f724bf9aea98e7400b,2012-02,Gloucestershire Constabulary,Gloucestershire Constabulary,-2.220130,51.785150,On or near Cud Lane,E01022391,Stroud 002C,Vehicle crime,,
a59a4b18ff04c60499f9522708424d2e5a38dd225fa1a94d91e8ad9b79c5ee31,2012-02,Gloucestershire Constabulary,Gloucestershire Constabulary,-2.191384,51.795639,On or near Golf Course Road,E01022391,Stroud 002C,Vehicle crime,,
755781cdb54ae431f29e5a14e887a191301d7dd5bca1556293296208852d22ff,2012-02,Gloucestershire Constabulary,Gloucestershire Constabulary,-2.186632,51.754540,On or near Slad Lane,E01022391,Stroud 002C,Violent crime,,
ac9210f5aae85763bd9d63b222ec6c7c82da394d8965c2cba3d0a7ea44e7c10f,2012-02,Gloucestershire Constabulary,Gloucestershire Constabulary,-2.186829,51.805717,On or near A46,E01022392,Stroud 002D,Burglary,,
c3463ee5ec1652cb49f8d57c4891fbb092864f88a422689c5fba1843b10164c6,2012-02,Gloucestershire Constabulary,Gloucestershire Constabulary,-2.135741,51.793703,On or near B4070,E01022392,Stroud 002D,Burglary,Investigation complete; no suspect identified,
c6626cb4efe550c63b77399e82c956adbf35de87a7fed450c0cacc1ea64d7974,2012-02,Gloucestershire Constabulary,Gloucestershire Constabulary,-2.166085,51.812329,On or near Mill Lane,E01022392,Stroud 002D,Other theft,,
48e6232f466c7ef33f629e6d93197908114b07d0e54d5debb7b1ebc91e011f7e,2012-02,Gloucestershire Constabulary,Gloucestershire Constabulary,-2.180702,51.785802,On or near Beech Lane,E01022392,Stroud 002D,Other theft,,
ccb45a2f1bb8168597a016d577c2a81fe5a3df67aff276ed7617ab43e9abb3fb,2012-02,Gloucestershire Constabulary,Gloucestershire Constabulary,-2.155783,51.794757,On or near Sports/Recreation Area,E01022392,Stroud 002D,Other theft,,
76054f03be6d40f4e934db7e5adeb80fcd648c5b1d95f7425da0154b0d59fd2f,2012-02,Gloucestershire Constabulary,Gloucestershire Constabulary,-2.155410,51.821092,On or near Buckholt Road,E01022392,Stroud 002D,Vehicle crime,,
,2012-02,Gloucestershire Constabulary,Gloucestershire Constabulary,-2.325769,51.747016,On or near Victoria Drive,E01022376,Stroud 003A,Anti-social behaviour,,
,2012-02,Gloucestershire Constabulary,Gloucestershire Constabulary,-2.327747,51.748054,On or near Buckingham Close,E01022376,Stroud 003A,Anti-social behaviour,,
,2012-02,Gloucestershire Constabulary,Gloucestershire Constabulary,-2.327978,51.746012,On or near Supermarket,E01022376,Stroud 003A,Anti-social behaviour,,
,2012-02,Gloucestershire Constabulary,Gloucestershire Constabulary,-2.323112,51.746098,On or near Middlecroft,E01022376,Stroud 003A,Anti-social behaviour,,
,2012-02,Gloucestershire Constabulary,Gloucestershire Constabulary,-2.327978,51.746012,On or near Supermarket,E01022376,Stroud 003A,Anti-social behaviour,,
,2012-02,Gloucestershire Constabulary,Gloucestershire Constabulary,-2.343942,51.751982,On or near A38,E01022376,Stroud 003A,Anti-social behaviour,,
,2012-02,Gloucestershire Constabulary,Gloucestershire Constabulary,-2.327978,51.746012,On or near Supermarket,E01022376,Stroud 003A,Anti-social behaviour,,
,2012-02,Gloucestershire Constabulary,Gloucestershire Constabulary,-2.325769,51.747016,On or near Victoria Drive,E01022376,Stroud 003A,Anti-social behaviour,,
,2012-02,Gloucestershire Constabulary,Gloucestershire Constabulary,-2.292365,51.773448,On or near Park/Open Space,E01022376,Stroud 003A,Anti-social behaviour,,
8f0a478ca7c132ffa31ef99bd4c35d4ee41a7fbc943df474f52c700daa2af996,2012-02,Gloucestershire Constabulary,Gloucestershire Constabulary,-2.313557,51.755124,On or near Petrol Station,E01022376,Stroud 003A,Shoplifting,,
a5849c58c0aeb6cc604818fbf5f3c8b9037b5b0262d57397ff706bc6ba67e60c,2012-02,Gloucestershire Constabulary,Gloucestershire Constabulary,-2.343942,51.751982,On or near A38,E01022376,Stroud 003A,Violent crime,,
167687319c4aaefdabe0ed0a2902e8e84db7cdf52c05745b877b2e7863ad54d1,2012-02,Gloucestershire Constabulary,Gloucestershire Constabulary,-2.336618,51.758647,On or near Petrol Station,E01022376,Stroud 003A,Other crime,Investigation complete; no suspect identified,
,2012-02,Gloucestershire Constabulary,Gloucestershire Constabulary,-2.327140,51.772314,On or near Kidnams Walk,E01022396,Stroud 003B,Anti-social behaviour,,
,2012-02,Gloucestershire Constabulary,Gloucestershire Constabulary,-2.325561,51.774476,On or near Hyde Lane,E01022396,Stroud 003B,Anti-social behaviour,,
,2012-02,Gloucestershire Constabulary,Gloucestershire Constabulary,-2.328681,51.772903,On or near Little Holbury,E01022396,Stroud 003B,Anti-social behaviour,,
,2012-02,Gloucestershire Constabulary,Gloucestershire Constabulary,-2.320783,51.785269,On or near Church Lane,E01022396,Stroud 003B,Anti-social behaviour,,
,2012-02,Gloucestershire Constabulary,Gloucestershire Constabulary,-2.317271,51.764141,On or near M5,E01022396,Stroud 003B,Anti-social behaviour,,
87fb9fb1abd219642c07aae6902ac98f753dfa40107ddb24966c4cbf5f93cd4c,2012-02,Gloucestershire Constabulary,Gloucestershire Constabulary,-2.326635,51.770661,On or near Manor Court,E01022396,Stroud 003B,Other theft,Investigation complete; no suspect identified,
af1798cad701e67ae523d2c6e2898c486a738e00eca8084ad45e7c1a6b95656c,2012-02,Gloucestershire Constabulary,Gloucestershire Constabulary,-2.326635,51.770661,On or near Manor Court,E01022396,Stroud 003B,Shoplifting,,
,2012-02,Gloucestershire Constabulary,Gloucestershire Constabulary,-2.360482,51.775183,On or near Oatfield Road,E01022397,Stroud 003C,Anti-social behaviour,,
640d4c6eb83e3e951e810b8c45035e9df20f28763caedc87c2d0a961db10f6f8,2012-02,Gloucestershire Constabulary,Gloucestershire Constabulary,-2.416705,51.799039,On or near Woolthorpe Lane,E01022397,Stroud 003C,Other theft,,
deea5035f697b6fb3646cd886cefd75b062d1d819b8cc145faa7636e7090a2c0,2012-02,Gloucestershire Constabulary,Gloucestershire Constabulary,-2.368553,51.782081,On or near Sports/Recreation Area,E01022397,Stroud 003C,Violent crime,,
,2012-02,Gloucestershire Constabulary,Gloucestershire Constabulary,-2.377380,51.726398,On or near Tyning Crescent,E01022398,Stroud 003D,Anti-social behaviour,,
,2012-02,Gloucestershire Constabulary,Gloucestershire Constabulary,-2.376907,51.726966,On or near The Close,E01022398,Stroud 003D,Anti-social behaviour,,
2bebb517e686cee00beb33a556769090e58be52d0788f6fb3e65ac548b30f36f,2012-02,Gloucestershire Constabulary,Gloucestershire Constabulary,-2.379296,51.732164,On or near Lancelot Court,E01022398,Stroud 003D,Criminal damage and arson,,
ccad5725bfc5031aa31ab5c10b57d36a88908910a5b27e9342dfee3e6dd29163,2012-02,Gloucestershire Constabulary,Gloucestershire Constabulary,-2.379296,51.732164,On or near Lancelot Court,E01022398,Stroud 003D,Criminal damage and arson,,
fa0b5cec666bf2d58aa1cc1a4959b1f10e4a55f5a5014eac56a218ceda222e77,2012-02,Gloucestershire Constabulary,Gloucestershire Constabulary,-2.368365,51.718020,On or near M5,E01022398,Stroud 003D,Other theft,,
,2012-02,Gloucestershire Constabulary,Gloucestershire Constabulary,-2.256386,51.741524,On or near Orchard Road,E01022355,Stroud 004A,Anti-social behaviour,,
,2012-02,Gloucestershire Constabulary,Gloucestershire Constabulary,-2.256386,51.741524,On or near Orchard Road,E01022355,Stroud 004A,Anti-social behaviour,,
,2012-02,Gloucestershire Constabulary,Gloucestershire Constabulary,-2.256699,51.743142,On or near Robbins Close,E01022355,Stroud 004A,Anti-social behaviour,,
,2012-02,Gloucestershire Constabulary,Gloucestershire Constabulary,-2.252354,51.745795,On or near Pedestrian Subway,E01022355,Stroud 004A,Anti-social behaviour,,
,2012-02,Gloucestershire Constabulary,Gloucestershire Constabulary,-2.258138,51.743966,On or near Devereaux Road,E01022355,Stroud 004A,Anti-social behaviour,,
,2012-02,Gloucestershire Constabulary,Gloucestershire Constabulary,-2.252354,51.745795,On or near Pedestrian Subway,E01022355,Stroud 004A,Anti-social behaviour,,
,2012-02,Gloucestershire Constabulary,Gloucestershire Constabulary,-2.255774,51.746075,On or near Glynfield Rise,E01022355,Stroud 004A,Anti-social behaviour,,
,2012-02,Gloucestershire Constabulary,Gloucestershire Constabulary,-2.256386,51.741524,On or near Orchard Road,E01022355,Stroud 004A,Anti-social behaviour,,
,2012-02,Gloucestershire Constabulary,Gloucestershire Constabulary,-2.252354,51.745795,On or near Pedestrian Subway,E01022355,Stroud 004A,Anti-social behaviour,,
156be75d445ee29c1cd5047e9306351621d842b86e1cb600b2d4dbfd0dc35f94,2012-02,Gloucestershire Constabulary,Gloucestershire Constabulary,-2.256508,51.745255,On or near Foxmoor Lane,E01022355,Stroud 004A,Criminal damage and arson,Suspect charged as part of another case,
,2012-02,Gloucestershire Constabulary,Gloucestershire Constabulary,-2.253902,51.740226,On or near Bridge Road,E01022356,Stroud 004B,Anti-social behaviour,,
,2012-02,Gloucestershire Constabulary,Gloucestershire Constabulary,-2.250638,51.741869,On or near Cedar Close,E01022356,Stroud 004B,Anti-social behaviour,,
,2012-02,Gloucestershire Constabulary,Gloucestershire Constabulary,-2.250788,51.740259,On or near Home Orchard,E01022356,Stroud 004B,Anti-social behaviour,,
,2012-02,Gloucestershire Constabulary,Gloucestershire Constabulary,-2.240097,51.742368,On or near Bridge-Side,E01022356,Stroud 004B,Anti-social behaviour,,
,2012-02,Gloucestershire Constabulary,Gloucestershire Constabulary,-2.245985,51.743866,On or near Upper Church Road,E01022356,Stroud 004B,Anti-social behaviour,,
,2012-02,Gloucestershire Constabulary,Gloucestershire Constabulary,-2.242513,51.741913,On or near Hilly Orchard,E01022356,Stroud 004B,Anti-social behaviour,,
,2012-02,Gloucestershire Constabulary,Gloucestershire Constabulary,-2.247846,51.742379,On or near Parking Area,E01022356,Stroud 004B,Anti-social behaviour,,
,2012-02,Gloucestershire Constabulary,Gloucestershire Constabulary,-2.250638,51.741869,On or near Cedar Close,E01022356,Stroud 004B,Anti-social behaviour,,
,2012-02,Gloucestershire Constabulary,Gloucestershire Constabulary,-2.250788,51.740259,On or near Home Orchard,E01022356,Stroud 004B,Anti-social behaviour,,
,2012-02,Gloucestershire Constabulary,Gloucestershire Constabulary,-2.247846,51.742379,On or near Parking Area,E01022356,Stroud 004B,Anti-social behaviour,,
8c0bd9aa731231db9b5af9a2925564a882b2878df539cf4ec6111f1721857e4e,2012-02,Gloucestershire Constabulary,Gloucestershire Constabulary,-2.243778,51.742846,On or near Westward Road,E01022356,Stroud 004B,Burglary,,
43f7ac8825b2633baeaafbf8e8fa86b4dca678b44f69b4012c4be48667ef4249,2012-02,Gloucestershire Constabulary,Gloucestershire Constabulary,-2.239861,51.744292,On or near Paganhill Lane,E01022356,Stroud 004B,Criminal damage and arson,,
b7c627d821f8de414ff5b6e53e6029b98eccf86dc512aaff7ba11ba2e80e1e37,2012-02,Gloucestershire Constabulary,Gloucestershire Constabulary,-2.248664,51.741100,On or near Westward Road,E01022356,Stroud 004B,Other theft,,
733e647417183f27c1c4620f36eb3e52c7b02df6ee2b6837d272c376cc019e4b,2012-02,Gloucestershire Constabulary,Gloucestershire Constabulary,-2.248664,51.741100,On or near Westward Road,E01022356,Stroud 004B,Other theft,,
a55011a8c8077e44eb73b51829d75a1c68f968ec1dc034a0ea4619d93f2864bd,2012-02,Gloucestershire Constabulary,Gloucestershire Constabulary,-2.248664,51.741100,On or near Westward Road,E01022356,Stroud 004B,Other theft,,
987ef2ac92ef3e152110aa5b9de529d4758229deaa900911e13a76d72b6ddeb5,2012-02,Gloucestershire Constabulary,Gloucestershire Constabulary,-2.250788,51.740259,On or near Home Orchard,E01022356,Stroud 004B,Other theft,,
7570a36b2e1dd94b9e6e9171f83a54e41aab12f76fb4e555bad99f50f73e698f,2012-02,Gloucestershire Constabulary,Gloucestershire Constabulary,-2.240274,51.740156,On or near Dudbridge Hill,E01022356,Stroud 004B,Shoplifting,Court result unavailable,
9a1db1207476509059a74e38a2ded53d9281589255c111a9d865742ce13e38eb,2012-02,Gloucestershire Constabulary,Gloucestershire Constabulary,-2.240302,51.742727,On or near Fort View Terrace,E01022356,Stroud 004B,Violent crime,,
493a3e31b94b498a57eff7009ad22ab27e8c5032edc263122cf8574a5c1cddc5,2012-02,Gloucestershire Constabulary,Gloucestershire Constabulary,-2.240129,51.742898,On or near Bridge Street,E01022356,Stroud 004B,Violent crime,Court result unavailable,
b6013c35dd7e6abe1d194abea58732547fc63483075f418f6c7040649f8c759d,2012-02,Gloucestershire Constabulary,Gloucestershire Constabulary,-2.241886,51.741042,On or near Golden Jubilee Way,E01022356,Stroud 004B,Violent crime,,
5c537ec403f4097965dcee6bb6bb85780817321fe8c661df1185309d3554eb72,2012-02,Gloucestershire Constabulary,Gloucestershire Constabulary,-2.252525,51.742638,On or near Huntingdon Close,E01022356,Stroud 004B,Violent crime,Investigation complete; no suspect identified,
dfe59c3c42917a7e5a6aa617ed78febb9c21e13619c4493c6f592e4b562e4ad2,2012-02,Gloucestershire Constabulary,Gloucestershire Constabulary,-2.240129,51.742898,On or near Bridge Street,E01022356,Stroud 004B,Violent crime,Court result unavailable,
,2012-02,Gloucestershire Constabulary,Gloucestershire Constabulary,-2.249752,51.749262,On or near Etheldene Road,E01022357,Stroud 004C,Anti-social behaviour,,
,2012-02,Gloucestershire Constabulary,Gloucestershire Constabulary,-2.249732,51.750970,On or near The Wordens,E01022357,Stroud 004C,Anti-social behaviour,,
,2012-02,Gloucestershire Constabulary,Gloucestershire Constabulary,-2.246643,51.747533,On or near Spinning Wheel Court,E01022358,Stroud 004D,Anti-social behaviour,,
,2012-02,Gloucestershire Constabulary,Gloucestershire Constabulary,-2.245071,51.748849,On or near Queen'S Drive,E01022358,Stroud 004D,Anti-social behaviour,,
,2012-02,Gloucestershire Constabulary,Gloucestershire Constabulary,-2.245071,51.748849,On or near Queen'S Drive,E01022358,Stroud 004D,Anti-social behaviour,,
,2012-02,Gloucestershire Constabulary,Gloucestershire Constabulary,-2.245071,51.748849,On or near Queen'S Drive,E01022358,Stroud 004D,Anti-social behaviour,,
,2012-02,Gloucestershire Constabulary,Gloucestershire Constabulary,-2.245071,51.748849,On or near Queen'S Drive,E01022358,Stroud 004D,Anti-social behaviour,,
,2012-02,Gloucestershire Constabulary,Gloucestershire Constabulary,-2.246643,51.747533,On or near Spinning Wheel Court,E01022358,Stroud 004D,Anti-social behaviour,,
,2012-02,Gloucestershire Constabulary,Gloucestershire Constabulary,-2.245397,51.750116,On or near Harper Road,E01022358,Stroud 004D,Anti-social behaviour,,
,2012-02,Gloucestershire Constabulary,Gloucestershire Constabulary,-2.245071,51.748849,On or near Queen'S Drive,E01022358,Stroud 004D,Anti-social behaviour,,
,2012-02,Gloucestershire Constabulary,Gloucestershire Constabulary,-2.245397,51.750116,On or near Harper Road,E01022358,Stroud 004D,Anti-social behaviour,,
,2012-02,Gloucestershire Constabulary,Gloucestershire Constabulary,-2.243303,51.745985,On or near Hyett Road,E01022358,Stroud 004D,Anti-social behaviour,,
,2012-02,Gloucestershire Constabulary,Gloucestershire Constabulary,-2.243652,51.748978,On or near Moor Hall Place,E01022358,Stroud 004D,Anti-social behaviour,,
,2012-02,Gloucestershire Constabulary,Gloucestershire Constabulary,-2.245797,51.749252,On or near Princes Road,E01022358,Stroud 004D,Anti-social behaviour,,
,2012-02,Gloucestershire Constabulary,Gloucestershire Constabulary,-2.246643,51.747533,On or near Spinning Wheel Court,E01022358,Stroud 004D,Anti-social behaviour,,
,2012-02,Gloucestershire Constabulary,Gloucestershire Constabulary,-2.245397,51.750116,On or near Harper Road,E01022358,Stroud 004D,Anti-social behaviour,,
,2012-02,Gloucestershire Constabulary,Gloucestershire Constabulary,-2.245071,51.748849,On or near Queen'S Drive,E01022358,Stroud 004D,Anti-social behaviour,,
,2012-02,Gloucestershire Constabulary,Gloucestershire Constabulary,-2.243303,51.745985,On or near Hyett Road,E01022358,Stroud 004D,Anti-social behaviour,,
,2012-02,Gloucestershire Constabulary,Gloucestershire Constabulary,-2.243652,51.748978,On or near Moor Hall Place,E01022358,Stroud 004D,Anti-social behaviour,,
,2012-02,Gloucestershire Constabulary,Gloucestershire Constabulary,-2.245397,51.750116,On or near Harper Road,E01022358,Stroud 004D,Anti-social behaviour,,
,2012-02,Gloucestershire Constabulary,Gloucestershire Constabulary,-2.245397,51.750116,On or near Harper Road,E01022358,Stroud 004D,Anti-social behaviour,,
,2012-02,Gloucestershire Constabulary,Gloucestershire Constabulary,-2.245397,51.750116,On or near Harper Road,E01022358,Stroud 004D,Anti-social behaviour,,
7cd7587f36c64af2086a9e0580a1c76c40c4dc58763c00d2a98bc0024f64a052,2012-02,Gloucestershire Constabulary,Gloucestershire Constabulary,-2.245071,51.748849,On or near Queen'S Drive,E01022358,Stroud 004D,Criminal damage and arson,,
5dd61e13e715768b7694e62a5ad5f9c4e4363409739edca23883dcc799cc233d,2012-02,Gloucestershire Constabulary,Gloucestershire Constabulary,-2.249709,51.744155,On or near Pedestrian Subway,E01022358,Stroud 004D,Criminal damage and arson,,
429d15cd1d67af499d43dde3d48cd272e881d464b224b5d1c514d441f91ce281,2012-02,Gloucestershire Constabulary,Gloucestershire Constabulary,-2.245071,51.748849,On or near Queen'S Drive,E01022358,Stroud 004D,Criminal damage and arson,,
4ceb1a5a10275f98fa2a7a41ae679e41cf724100522e1006bbc96bf70d13e96e,2012-02,Gloucestershire Constabulary,Gloucestershire Constabulary,-2.246882,51.749007,On or near Sunnyhill,E01022358,Stroud 004D,Other theft,,
fc5d62976aba9adc5b5078de978f229c0a5910fd0c031f41d16877802a726bf3,2012-02,Gloucestershire Constabulary,Gloucestershire Constabulary,-2.245797,51.749252,On or near Princes Road,E01022358,Stroud 004D,Violent crime,,
eb0da3928b66711b7db6bd2c0b278327251c0660cf15e24946f12eff717d3ecb,2012-02,Gloucestershire Constabulary,Gloucestershire Constabulary,-2.245071,51.748849,On or near Queen'S Drive,E01022358,Stroud 004D,Violent crime,,
,2012-02,Gloucestershire Constabulary,Gloucestershire Constabulary,-2.240413,51.750099,On or near Ruscombe Road,E01022377,Stroud 004E,Anti-social behaviour,,
,2012-02,Gloucestershire Constabulary,Gloucestershire Constabulary,-2.236671,51.751860,On or near Wheelers Walk,E01022377,Stroud 004E,Anti-social behaviour,,
,2012-02,Gloucestershire Constabulary,Gloucestershire Constabulary,-2.241292,51.749252,On or near Mill Farm Drive,E01022377,Stroud 004E,Anti-social behaviour,,
,2012-02,Gloucestershire Constabulary,Gloucestershire Constabulary,-2.233808,51.752873,On or near Farmhill Lane,E01022377,Stroud 004E,Anti-social behaviour,,
,2012-02,Gloucestershire Constabulary,Gloucestershire Constabulary,-2.237019,51.749117,On or near Supermarket,E01022377,Stroud 004E,Anti-social behaviour,,
,2012-02,Gloucestershire Constabulary,Gloucestershire Constabulary,-2.237019,51.749117,On or near Supermarket,E01022377,Stroud 004E,Anti-social behaviour,,
,2012-02,Gloucestershire Constabulary,Gloucestershire Constabulary,-2.232783,51.750780,On or near Allen Drive,E01022377,Stroud 004E,Anti-social behaviour,,
,2012-02,Gloucestershire Constabulary,Gloucestershire Constabulary,-2.237301,51.750429,On or near Paganhill Estate,E01022377,Stroud 004E,Anti-social behaviour,,
,2012-02,Gloucestershire Constabulary,Gloucestershire Constabulary,-2.240413,51.750099,On or near Ruscombe Road,E01022377,Stroud 004E,Anti-social behaviour,,
,2012-02,Gloucestershire Constabulary,Gloucestershire Constabulary,-2.236671,51.751860,On or near Wheelers Walk,E01022377,Stroud 004E,Anti-social behaviour,,
,2012-02,Gloucestershire Constabulary,Gloucestershire Constabulary,-2.234114,51.750454,On or near Mathews Way,E01022377,Stroud 004E,Anti-social behaviour,,
,2012-02,Gloucestershire Constabulary,Gloucestershire Constabulary,-2.234114,51.750454,On or near Mathews Way,E01022377,Stroud 004E,Anti-social behaviour,,
11820653a94deb24bffde21e2bd349f7cfe78ec708a268ba57d8e71641d846ef,2012-02,Gloucestershire Constabulary,Gloucestershire Constabulary,-2.237301,51.750429,On or near Paganhill Estate,E01022377,Stroud 004E,Criminal damage and arson,,
e1cea8a0bc13bed9069b2daa451ca2aa039d38ff82ade0d3271a083a19aef0cb,2012-02,Gloucestershire Constabulary,Gloucestershire Constabulary,-2.237467,51.748973,On or near Stratford Road,E01022377,Stroud 004E,Criminal damage and arson,,
ed748b744e1bd1141d826a17b66278e341aaf12b597111bf790cd85e882572d7,2012-02,Gloucestershire Constabulary,Gloucestershire Constabulary,-2.233808,51.752873,On or near Farmhill Lane,E01022377,Stroud 004E,Criminal damage and arson,,
b04ba17fa31c9412d9c3c3c2fa8647934f582cf15cfae8b20cf1d10e99b3d8cd,2012-02,Gloucestershire Constabulary,Gloucestershire Constabulary,-2.237467,51.748973,On or near Stratford Road,E01022377,Stroud 004E,Drugs,Investigation complete; no suspect identified,
7c9d0a8522ffd6e631aa2b1c4f8a791a085b292e046bf9e5f290d3ac982e4bc4,2012-02,Gloucestershire Constabulary,Gloucestershire Constabulary,-2.237467,51.748973,On or near Stratford Road,E01022377,Stroud 004E,Other theft,Investigation complete; no suspect identified,
ed6f8190978d24b7c8fb3596e4fabc8edbbba32ef28b6167487f99ab599755dd,2012-02,Gloucestershire Constabulary,Gloucestershire Constabulary,-2.237301,51.750429,On or near Paganhill Estate,E01022377,Stroud 004E,Other theft,Investigation complete; no suspect identified,
3f9afe48944b5317e2b47236ccb631c075ecb0338969c0c6b2dc977ca7acb7db,2012-02,Gloucestershire Constabulary,Gloucestershire Constabulary,-2.233808,51.752873,On or near Farmhill Lane,E01022377,Stroud 004E,Public disorder and weapons,Investigation complete; no suspect identified,
65cff4d2f1c5796cf7ebf456c5413f19aeaac3cb054ff62686ed3dc46c2f86d2,2012-02,Gloucestershire Constabulary,Gloucestershire Constabulary,-2.237019,51.749117,On or near Supermarket,E01022377,Stroud 004E,Vehicle crime,,
9118a07f748b4cb0186065c5fc73b0b2757722c3252cdac90de6da28ab7bbbc4,2012-02,Gloucestershire Constabulary,Gloucestershire Constabulary,-2.232821,51.749647,On or near Archway Gardens,E01022377,Stroud 004E,Vehicle crime,,
06c329ff076009ecd2a76f7dd9b02187ae0b8aa2d36d09cd646bdfbfb9f7c7df,2012-02,Gloucestershire Constabulary,Gloucestershire Constabulary,-2.234114,51.750454,On or near Mathews Way,E01022377,Stroud 004E,Violent crime,Investigation complete; no suspect identified,
8aea9bd171118d2f81da77a094b4875d3833d999f8105b7874c7c03c2296e735,2012-02,Gloucestershire Constabulary,Gloucestershire Constabulary,-2.237467,51.748973,On or near Stratford Road,E01022377,Stroud 004E,Violent crime,,
0eac04ec6fc9dd4d4214702cc5e196c3f9a95e5b368acf67bb9af52faa8bb0cb,2012-02,Gloucestershire Constabulary,Gloucestershire Constabulary,-2.234114,51.750454,On or near Mathews Way,E01022377,Stroud 004E,Violent crime,,
16c1a273d83e590a22614363a5c1cbad44bdd7548702823ae496d516cc8b3e34,2012-02,Gloucestershire Constabulary,Gloucestershire Constabulary,-2.234114,51.750454,On or near Mathews Way,E01022377,Stroud 004E,Violent crime,Investigation complete; no suspect identified,
0030347891a57f9e967857d4bf61ede1ecc40db99125ad89fc84ba278d421c5f,2012-02,Gloucestershire Constabulary,Gloucestershire Constabulary,-2.237467,51.748973,On or near Stratford Road,E01022377,Stroud 004E,Violent crime,,
,2012-02,Gloucestershire Constabulary,Gloucestershire Constabulary,-2.233078,51.760238,On or near Sports/Recreation Area,E01022389,Stroud 004F,Anti-social behaviour,,
,2012-02,Gloucestershire Constabulary,Gloucestershire Constabulary,-2.248331,51.759488,On or near The Stocks,E01022389,Stroud 004F,Anti-social behaviour,,
,2012-02,Gloucestershire Constabulary,Gloucestershire Constabulary,-2.248331,51.759488,On or near The Stocks,E01022389,Stroud 004F,Anti-social behaviour,,
499d19ec83102cda8000221dafc62e79b0b6a49d36dff3089475884e1d4f5c80,2012-02,Gloucestershire Constabulary,Gloucestershire Constabulary,-2.232003,51.756806,On or near Farmhill Lane,E01022389,Stroud 004F,Drugs,,
c27e6f61aea6f1aa8a819772d02633f6a7244c9ddedfe46d75d28896550df8ac,2012-02,Gloucestershire Constabulary,Gloucestershire Constabulary,-2.231655,51.762435,On or near Field Road,E01022389,Stroud 004F,Other theft,,
,2012-02,Gloucestershire Constabulary,Gloucestershire Constabulary,-2.286147,51.748235,On or near Elms Road,E01022400,Stroud 005A,Anti-social behaviour,,
,2012-02,Gloucestershire Constabulary,Gloucestershire Constabulary,-2.283609,51.745445,On or near Sports/Recreation Area,E01022400,Stroud 005A,Anti-social behaviour,,
,2012-02,Gloucestershire Constabulary,Gloucestershire Constabulary,-2.296343,51.745710,On or near Bristol Road,E01022400,Stroud 005A,Anti-social behaviour,,
,2012-02,Gloucestershire Constabulary,Gloucestershire Constabulary,-2.283965,51.749085,On or near The Lawns,E01022400,Stroud 005A,Anti-social behaviour,,
,2012-02,Gloucestershire Constabulary,Gloucestershire Constabulary,-2.283609,51.745445,On or near Sports/Recreation Area,E01022400,Stroud 005A,Anti-social behaviour,,
,2012-02,Gloucestershire Constabulary,Gloucestershire Constabulary,-2.283609,51.745445,On or near Sports/Recreation Area,E01022400,Stroud 005A,Anti-social behaviour,,
,2012-02,Gloucestershire Constabulary,Gloucestershire Constabulary,-2.286670,51.741670,On or near Wharfdale Way,E01022400,Stroud 005A,Anti-social behaviour,,
,2012-02,Gloucestershire Constabulary,Gloucestershire Constabulary,-2.287244,51.740715,On or near Crescent Road,E01022400,Stroud 005A,Anti-social behaviour,,
5e55610d12722cb06c3d37cb19a687ffc9c684385ab8c92cb12c3e47f0dbaaaa,2012-02,Gloucestershire Constabulary,Gloucestershire Constabulary,-2.286147,51.748235,On or near Elms Road,E01022400,Stroud 005A,Criminal damage and arson,,
38c2a40042d7024f883e80b414df26fd8971ac7e36603fb43df681131ab034f8,2012-02,Gloucestershire Constabulary,Gloucestershire Constabulary,-2.288283,51.747034,On or near Festival Road,E01022400,Stroud 005A,Criminal damage and arson,,
ab14e6bcbe0eea70eafd3cb6ad6fa70639a74705760e59827004810f6a1d286e,2012-02,Gloucestershire Constabulary,Gloucestershire Constabulary,-2.286670,51.741670,On or near Wharfdale Way,E01022400,Stroud 005A,Criminal damage and arson,,
73f2533f41752cbe51f04d8fc9f4862f23744e3662ebf1a94caf9a6313c96100,2012-02,Gloucestershire Constabulary,Gloucestershire Constabulary,-2.290683,51.744016,On or near Church Lane,E01022400,Stroud 005A,Other theft,,
05b506fa411394823474f38b3a4466eb5f50d5c2db9f6bb5772fc41fe08871eb,2012-02,Gloucestershire Constabulary,Gloucestershire Constabulary,-2.286147,51.748235,On or near Elms Road,E01022400,Stroud 005A,Robbery,Investigation complete; no suspect identified,
10a21f6d5602ee5bad092557adc522651f8876c6a402a34b4160dcb6edf3eb44,2012-02,Gloucestershire Constabulary,Gloucestershire Constabulary,-2.283470,51.746380,On or near Supermarket,E01022400,Stroud 005A,Shoplifting,,
25532f74896d27107137a241b0dc365dff8c6b6f6e7bfd442c32af7bd471ba05,2012-02,Gloucestershire Constabulary,Gloucestershire Constabulary,-2.292100,51.745891,On or near Court View,E01022400,Stroud 005A,Vehicle crime,,
,2012-02,Gloucestershire Constabulary,Gloucestershire Constabulary,-2.277228,51.751196,On or near Cedar Gardens,E01022401,Stroud 005B,Anti-social behaviour,,
,2012-02,Gloucestershire Constabulary,Gloucestershire Constabulary,-2.283203,51.747693,On or near High Street,E01022401,Stroud 005B,Anti-social behaviour,,
,2012-02,Gloucestershire Constabulary,Gloucestershire Constabulary,-2.283258,51.747208,On or near High Street,E01022401,Stroud 005B,Anti-social behaviour,,
85472482cbdaf24f25d30b8eb1f04119865885eafd02167823f41679f240cbeb,2012-02,Gloucestershire Constabulary,Gloucestershire Constabulary,-2.278739,51.749592,On or near Robin Court,E01022401,Stroud 005B,Criminal damage and arson,,
,2012-02,Gloucestershire Constabulary,Gloucestershire Constabulary,-2.279001,51.752145,On or near Woodcock Lane,E01022402,Stroud 005C,Anti-social behaviour,,
,2012-02,Gloucestershire Constabulary,Gloucestershire Constabulary,-2.279001,51.752145,On or near Woodcock Lane,E01022402,Stroud 005C,Anti-social behaviour,,
,2012-02,Gloucestershire Constabulary,Gloucestershire Constabulary,-2.282334,51.752308,On or near Blackwell Close,E01022402,Stroud 005C,Anti-social behaviour,,
,2012-02,Gloucestershire Constabulary,Gloucestershire Constabulary,-2.279001,51.752145,On or near Woodcock Lane,E01022402,Stroud 005C,Anti-social behaviour,,
545071674b5570b88f61528528e39e72512da1266abc024185fe466bccbd52bd,2012-02,Gloucestershire Constabulary,Gloucestershire Constabulary,-2.279411,51.750490,On or near Partridge Close,E01022402,Stroud 005C,Criminal damage and arson,,
59fbfe94087dd9929a82b79720fd5d407213d467bae35caaf23b31cba384c48f,2012-02,Gloucestershire Constabulary,Gloucestershire Constabulary,-2.279411,51.750490,On or near Partridge Close,E01022402,Stroud 005C,Criminal damage and arson,,
32fe4abccc1e2f3940cd722dbb43043483c5bafe39d1cd2fa20cdc0684fcc0eb,2012-02,Gloucestershire Constabulary,Gloucestershire Constabulary,-2.286280,51.755508,On or near Sydney,E01022402,Stroud 005C,Drugs,,
,2012-02,Gloucestershire Constabulary,Gloucestershire Constabulary,-2.289432,51.750034,On or near Severn Road,E01022403,Stroud 005D,Anti-social behaviour,,
,2012-02,Gloucestershire Constabulary,Gloucestershire Constabulary,-2.289432,51.750034,On or near Severn Road,E01022403,Stroud 005D,Anti-social behaviour,,
,2012-02,Gloucestershire Constabulary,Gloucestershire Constabulary,-2.289432,51.750034,On or near Severn Road,E01022403,Stroud 005D,Anti-social behaviour,,
,2012-02,Gloucestershire Constabulary,Gloucestershire Constabulary,-2.283754,51.750066,On or near Petrol Station,E01022403,Stroud 005D,Anti-social behaviour,,
,2012-02,Gloucestershire Constabulary,Gloucestershire Constabulary,-2.289432,51.750034,On or near Severn Road,E01022403,Stroud 005D,Anti-social behaviour,,
,2012-02,Gloucestershire Constabulary,Gloucestershire Constabulary,-2.289206,51.746429,On or near Willow Road,E01022403,Stroud 005D,Anti-social behaviour,,
0ed469d127896fd4033a6ac5e8d448fb7059331b653771f5b0a5a323b52c4a6b,2012-02,Gloucestershire Constabulary,Gloucestershire Constabulary,-2.301890,51.752178,On or near Brunel Way,E01022403,Stroud 005D,Burglary,,
2566d21fca3d337ea54ef6c87f43f47923818f28bbb524c59be307ccbeb73d43,2012-02,Gloucestershire Constabulary,Gloucestershire Constabulary,-2.288401,51.749614,On or near Park Road,E01022403,Stroud 005D,Criminal damage and arson,Local resolution,
4877f502d3ffef3771a98b0e3086d2f74e19c59d23e2be9a7a0b2b22e6c2fecc,2012-02,Gloucestershire Constabulary,Gloucestershire Constabulary,-2.289432,51.750034,On or near Severn Road,E01022403,Stroud 005D,Criminal damage and arson,,
fbf249347741a56444b4bb8ee0070bb4b5c291cb720ec26f3b54e9dea49299f2,2012-02,Gloucestershire Constabulary,Gloucestershire Constabulary,-2.289206,51.746429,On or near Willow Road,E01022403,Stroud 005D,Criminal damage and arson,,
d279ad8f8f4b365fbb587af72b439ccf4a2d52c616b2fec6ec1d16339f27b2fa,2012-02,Gloucestershire Constabulary,Gloucestershire Constabulary,-2.290990,51.748978,On or near Midland Road,E01022403,Stroud 005D,Criminal damage and arson,,
cc0b5292ef5dda3f4c993fef102ebb9fa032cd028fc76eec93cde8b520a9add1,2012-02,Gloucestershire Constabulary,Gloucestershire Constabulary,-2.301890,51.752178,On or near Brunel Way,E01022403,Stroud 005D,Criminal damage and arson,Investigation complete; no suspect identified,
b47714f611d2b08cdfd192f9c64602dbfcd6b7ef42dc49bde3fcd4d0c85fb249,2012-02,Gloucestershire Constabulary,Gloucestershire Constabulary,-2.289432,51.750034,On or near Severn Road,E01022403,Stroud 005D,Criminal damage and arson,,
b6d67c915f3638df2c412cbaf6ba6347ac829c65d314ff2302155d0831f6a707,2012-02,Gloucestershire Constabulary,Gloucestershire Constabulary,-2.289432,51.750034,On or near Severn Road,E01022403,Stroud 005D,Criminal damage and arson,,
4e673346a4e61832b58320bc0afb281fbe8ed5a326e0c1235f087fb28b9cd758,2012-02,Gloucestershire Constabulary,Gloucestershire Constabulary,-2.289432,51.750034,On or near Severn Road,E01022403,Stroud 005D,Criminal damage and arson,Local resolution,
df9b064dcaf7aca6052af3d493c5a68e815adfc76b4d29d2c4c7c59cb1c4d141,2012-02,Gloucestershire Constabulary,Gloucestershire Constabulary,-2.288694,51.752310,On or near Sports/Recreation Area,E01022403,Stroud 005D,Public disorder and weapons,Offender given penalty notice,
1c15dd8028ddd39769efebdcf2e7cb68b5766836886a5795f005d71586107ed9,2012-02,Gloucestershire Constabulary,Gloucestershire Constabulary,-2.296362,51.753029,On or near Latimer Road,E01022403,Stroud 005D,Violent crime,,
,2012-02,Gloucestershire Constabulary,Gloucestershire Constabulary,-2.270954,51.738839,On or near Parking Area,E01022404,Stroud 005E,Anti-social behaviour,,
,2012-02,Gloucestershire Constabulary,Gloucestershire Constabulary,-2.270954,51.738839,On or near Parking Area,E01022404,Stroud 005E,Anti-social behaviour,,
71522506a580ccff4586ec1743de8e3989e380dc999781524c3e1058d0bdc8c0,2012-02,Gloucestershire Constabulary,Gloucestershire Constabulary,-2.272608,51.741766,On or near Sports/Recreation Area,E01022404,Stroud 005E,Criminal damage and arson,,
83841adf6ae52f657b40a4a96ed3cc9f3ff16920093c65badfc170e62e09ff9e,2012-02,Gloucestershire Constabulary,Gloucestershire Constabulary,-2.283326,51.744106,On or near Regent Street,E01022404,Stroud 005E,Criminal damage and arson,,
b54f4c4412220430aa31ce83a438bb6bb3363b5272e790ab37b34eb091768fe4,2012-02,Gloucestershire Constabulary,Gloucestershire Constabulary,-2.276354,51.743322,On or near Pearcroft Road,E01022404,Stroud 005E,Criminal damage and arson,,
a7e28df69a6ac2630510ee58ea479e24fcfe8b6c3117a70bac58b076e9dc48bc,2012-02,Gloucestershire Constabulary,Gloucestershire Constabulary,-2.276354,51.743322,On or near Pearcroft Road,E01022404,Stroud 005E,Violent crime,,
,2012-02,Gloucestershire Constabulary,Gloucestershire Constabulary,-2.217219,51.746539,On or near Gloucester Street,E01022365,Stroud 006A,Anti-social behaviour,,
,2012-02,Gloucestershire Constabulary,Gloucestershire Constabulary,-2.214559,51.744458,On or near Farr'S Lane,E01022365,Stroud 006A,Anti-social behaviour,,
,2012-02,Gloucestershire Constabulary,Gloucestershire Constabulary,-2.214559,51.744458,On or near Farr'S Lane,E01022365,Stroud 006A,Anti-social behaviour,,
,2012-02,Gloucestershire Constabulary,Gloucestershire Constabulary,-2.218402,51.745494,On or near King Street,E01022365,Stroud 006A,Anti-social behaviour,,
,2012-02,Gloucestershire Constabulary,Gloucestershire Constabulary,-2.216776,51.744805,On or near Shopping Area,E01022365,Stroud 006A,Anti-social behaviour,,
,2012-02,Gloucestershire Constabulary,Gloucestershire Constabulary,-2.218402,51.745494,On or near King Street,E01022365,Stroud 006A,Anti-social behaviour,,
,2012-02,Gloucestershire Constabulary,Gloucestershire Constabulary,-2.224149,51.747821,On or near Petrol Station,E01022365,Stroud 006A,Anti-social behaviour,,
,2012-02,Gloucestershire Constabulary,Gloucestershire Constabulary,-2.218051,51.744793,On or near Russell Street,E01022365,Stroud 006A,Anti-social behaviour,,
,2012-02,Gloucestershire Constabulary,Gloucestershire Constabulary,-2.216776,51.744805,On or near Shopping Area,E01022365,Stroud 006A,Anti-social behaviour,,
,2012-02,Gloucestershire Constabulary,Gloucestershire Constabulary,-2.215851,51.745067,On or near Supermarket,E01022365,Stroud 006A,Anti-social behaviour,,
,2012-02,Gloucestershire Constabulary,Gloucestershire Constabulary,-2.219135,51.744234,On or near Parking Area,E01022365,Stroud 006A,Anti-social behaviour,,
,2012-02,Gloucestershire Constabulary,Gloucestershire Constabulary,-2.219818,51.744853,On or near Rowcroft,E01022365,Stroud 006A,Anti-social behaviour,,
,2012-02,Gloucestershire Constabulary,Gloucestershire Constabulary,-2.224149,51.747821,On or near Petrol Station,E01022365,Stroud 006A,Anti-social behaviour,,
,2012-02,Gloucestershire Constabulary,Gloucestershire Constabulary,-2.214559,51.744458,On or near Farr'S Lane,E01022365,Stroud 006A,Anti-social behaviour,,
,2012-02,Gloucestershire Constabulary,Gloucestershire Constabulary,-2.218402,51.745494,On or near King Street,E01022365,Stroud 006A,Anti-social behaviour,,
,2012-02,Gloucestershire Constabulary,Gloucestershire Constabulary,-2.232131,51.747949,On or near Sports/Recreation Area,E01022365,Stroud 006A,Anti-social behaviour,,
,2012-02,Gloucestershire Constabulary,Gloucestershire Constabulary,-2.218402,51.745494,On or near King Street,E01022365,Stroud 006A,Anti-social behaviour,,
,2012-02,Gloucestershire Constabulary,Gloucestershire Constabulary,-2.213907,51.744504,On or near Nelson Street,E01022365,Stroud 006A,Anti-social behaviour,,
,2012-02,Gloucestershire Constabulary,Gloucestershire Constabulary,-2.224149,51.747821,On or near Petrol Station,E01022365,Stroud 006A,Anti-social behaviour,,
,2012-02,Gloucestershire Constabulary,Gloucestershire Constabulary,-2.212344,51.744660,On or near Wesley Court,E01022365,Stroud 006A,Anti-social behaviour,,
,2012-02,Gloucestershire Constabulary,Gloucestershire Constabulary,-2.218869,51.746212,On or near Shopping Area,E01022365,Stroud 006A,Anti-social behaviour,,
,2012-02,Gloucestershire Constabulary,Gloucestershire Constabulary,-2.216776,51.744805,On or near Shopping Area,E01022365,Stroud 006A,Anti-social behaviour,,
,2012-02,Gloucestershire Constabulary,Gloucestershire Constabulary,-2.218869,51.746212,On or near Shopping Area,E01022365,Stroud 006A,Anti-social behaviour,,
,2012-02,Gloucestershire Constabulary,Gloucestershire Constabulary,-2.232131,51.747949,On or near Sports/Recreation Area,E01022365,Stroud 006A,Anti-social behaviour,,
,2012-02,Gloucestershire Constabulary,Gloucestershire Constabulary,-2.217471,51.744633,On or near Kendrick Street,E01022365,Stroud 006A,Anti-social behaviour,,
,2012-02,Gloucestershire Constabulary,Gloucestershire Constabulary,-2.215297,51.744259,On or near Cornhill,E01022365,Stroud 006A,Anti-social behaviour,,
,2012-02,Gloucestershire Constabulary,Gloucestershire Constabulary,-2.218869,51.746212,On or near Shopping Area,E01022365,Stroud 006A,Anti-social behaviour,,
,2012-02,Gloucestershire Constabulary,Gloucestershire Constabulary,-2.218402,51.745494,On or near King Street,E01022365,Stroud 006A,Anti-social behaviour,,
,2012-02,Gloucestershire Constabulary,Gloucestershire Constabulary,-2.218869,51.746212,On or near Shopping Area,E01022365,Stroud 006A,Anti-social behaviour,,
,2012-02,Gloucestershire Constabulary,Gloucestershire Constabulary,-2.218869,51.746212,On or near Shopping Area,E01022365,Stroud 006A,Anti-social behaviour,,
,2012-02,Gloucestershire Constabulary,Gloucestershire Constabulary,-2.217219,51.746539,On or near Gloucester Street,E01022365,Stroud 006A,Anti-social behaviour,,
,2012-02,Gloucestershire Constabulary,Gloucestershire Constabulary,-2.222906,51.745459,On or near The Hill,E01022365,Stroud 006A,Anti-social behaviour,,
,2012-02,Gloucestershire Constabulary,Gloucestershire Constabulary,-2.213907,51.744504,On or near Nelson Street,E01022365,Stroud 006A,Anti-social behaviour,,
,2012-02,Gloucestershire Constabulary,Gloucestershire Constabulary,-2.214559,51.744458,On or near Farr'S Lane,E01022365,Stroud 006A,Anti-social behaviour,,
,2012-02,Gloucestershire Constabulary,Gloucestershire Constabulary,-2.218869,51.746212,On or near Shopping Area,E01022365,Stroud 006A,Anti-social behaviour,,
,2012-02,Gloucestershire Constabulary,Gloucestershire Constabulary,-2.219818,51.744853,On or near Rowcroft,E01022365,Stroud 006A,Anti-social behaviour,,
,2012-02,Gloucestershire Constabulary,Gloucestershire Constabulary,-2.212636,51.742115,On or near Castle Rise,E01022365,Stroud 006A,Anti-social behaviour,,
,2012-02,Gloucestershire Constabulary,Gloucestershire Constabulary,-2.215188,51.745851,On or near Church Street,E01022365,Stroud 006A,Anti-social behaviour,,
,2012-02,Gloucestershire Constabulary,Gloucestershire Constabulary,-2.232131,51.747949,On or near Sports/Recreation Area,E01022365,Stroud 006A,Anti-social behaviour,,
,2012-02,Gloucestershire Constabulary,Gloucestershire Constabulary,-2.218869,51.746212,On or near Shopping Area,E01022365,Stroud 006A,Anti-social behaviour,,
,2012-02,Gloucestershire Constabulary,Gloucestershire Constabulary,-2.217219,51.746539,On or near Gloucester Street,E01022365,Stroud 006A,Anti-social behaviour,,
,2012-02,Gloucestershire Constabulary,Gloucestershire Constabulary,-2.218051,51.744793,On or near Russell Street,E01022365,Stroud 006A,Anti-social behaviour,,
,2012-02,Gloucestershire Constabulary,Gloucestershire Constabulary,-2.215188,51.745851,On or near Church Street,E01022365,Stroud 006A,Anti-social behaviour,,
51f32c12038b8c9e844bdc41b62f1bcc4e8ccffb0ed15477090949a130a83116,2012-02,Gloucestershire Constabulary,Gloucestershire Constabulary,-2.221871,51.744031,On or near Pedestrian Subway,E01022365,Stroud 006A,Burglary,Investigation complete; no suspect identified,
878258167b7ee60c66d3a1363eb9ae318dd20058b42f482018557cc846d7702d,2012-02,Gloucestershire Constabulary,Gloucestershire Constabulary,-2.217280,51.747123,On or near Gloucester Street,E01022365,Stroud 006A,Burglary,Offender given suspended prison sentence,
e7f7a85aa309f049edbbdcf92a2fdae5de2be4dc72fad664ea7fc3e63d29c04a,2012-02,Gloucestershire Constabulary,Gloucestershire Constabulary,-2.227694,51.749990,On or near Parking Area,E01022365,Stroud 006A,Criminal damage and arson,,
2a6cc6a9a4b1e347888a18c6af729bb0d3115e017d817ffa2cf84f29c70fcbdb,2012-02,Gloucestershire Constabulary,Gloucestershire Constabulary,-2.218869,51.746212,On or near Shopping Area,E01022365,Stroud 006A,Criminal damage and arson,,
0ade147f59a66325fb0ef5ff1d211c2d214f3a1319209e2a6fedb0d7351e42e5,2012-02,Gloucestershire Constabulary,Gloucestershire Constabulary,-2.217668,51.746377,On or near Bath Street,E01022365,Stroud 006A,Criminal damage and arson,,
8073150ea98272e96effa38bbe78eff671fda7914af9f4f9ca8184d2cb7a9e27,2012-02,Gloucestershire Constabulary,Gloucestershire Constabulary,-2.218402,51.745494,On or near King Street,E01022365,Stroud 006A,Criminal damage and arson,,
bc2f23f190dea3a28a0f1df9b19f38f82e3fb6bc6971bfe692320bca941a12f4,2012-02,Gloucestershire Constabulary,Gloucestershire Constabulary,-2.218869,51.746212,On or near Shopping Area,E01022365,Stroud 006A,Criminal damage and arson,,
0a7dd82304a5891988cf307edd6112532dd1dc3dc512424bcde9fdadc6b51b7d,2012-02,Gloucestershire Constabulary,Gloucestershire Constabulary,-2.218402,51.745494,On or near King Street,E01022365,Stroud 006A,Criminal damage and arson,Investigation complete; no suspect identified,
04504cdf8c0bec6a3258d1d58aec99c095af36b9f3e3bb26f4c08cc88e5bb2ba,2012-02,Gloucestershire Constabulary,Gloucestershire Constabulary,-2.216776,51.744805,On or near Shopping Area,E01022365,Stroud 006A,Criminal damage and arson,,
a63111b37770f6e92edac836ff3c94f78155072f77a6d6ef8d9eb31324d2d824,2012-02,Gloucestershire Constabulary,Gloucestershire Constabulary,-2.223072,51.743813,On or near Bath Road,E01022365,Stroud 006A,Drugs,,
d9eb606c4950fa6b75ddabc64ba1eb24c3b854a3d161f2bb48c9aca2bc9f0665,2012-02,Gloucestershire Constabulary,Gloucestershire Constabulary,-2.218402,51.745494,On or near King Street,E01022365,Stroud 006A,Drugs,,
c2925415ed13d00c43bbde8d1ad02854f04e5cb40cb3f1e42da42e3177b7716e,2012-02,Gloucestershire Constabulary,Gloucestershire Constabulary,-2.218402,51.745494,On or near King Street,E01022365,Stroud 006A,Drugs,,
30eb37a3e605950f09fa3fb6c098308d003cee03c1bd72cc0498b3fe13fccd90,2012-02,Gloucestershire Constabulary,Gloucestershire Constabulary,-2.215851,51.745067,On or near Supermarket,E01022365,Stroud 006A,Drugs,,
31e27663c1a876fc4b14fe8dcff0ce5ac46262475e9c346131833f9b7546ce00,2012-02,Gloucestershire Constabulary,Gloucestershire Constabulary,-2.215851,51.745067,On or near Supermarket,E01022365,Stroud 006A,Drugs,,
b8a0e4f696856c08a7a8cb0f3602d23f5cea988ed4d14b508d591b1ce8d62a77,2012-02,Gloucestershire Constabulary,Gloucestershire Constabulary,-2.227694,51.749990,On or near Parking Area,E01022365,Stroud 006A,Drugs,,
14a85349b02780e023529037a8adffe057a8f94e51410e8970e46618203a492c,2012-02,Gloucestershire Constabulary,Gloucestershire Constabulary,-2.215297,51.744259,On or near Cornhill,E01022365,Stroud 006A,Drugs,,
0f3a1efc36ee350209907e3b59df5cb0f2d0be2233e367c15612c34c6c46857a,2012-02,Gloucestershire Constabulary,Gloucestershire Constabulary,-2.231866,51.744227,On or near Strachans Close,E01022365,Stroud 006A,Drugs,Offender given a caution,
c61e71490ffe0d857055738bda33591f76c1959bffde1a1c2b17b68708bc7625,2012-02,Gloucestershire Constabulary,Gloucestershire Constabulary,-2.217471,51.744633,On or near Kendrick Street,E01022365,Stroud 006A,Other theft,Investigation complete; no suspect identified,
d02d27adecdd7ce7c853c3c09c1e76dfa2736e46604ee5a5c7fa51ad194bad8f,2012-02,Gloucestershire Constabulary,Gloucestershire Constabulary,-2.211952,51.744598,On or near Acre Street,E01022365,Stroud 006A,Other theft,,
6638c952c71e5cd242aadab0bbc0bed617aefdd42c9164fd8378dcf6c6943658,2012-02,Gloucestershire Constabulary,Gloucestershire Constabulary,-2.218402,51.745494,On or near King Street,E01022365,Stroud 006A,Other theft,Investigation complete; no suspect identified,
8f140bb9e819b7f531e4d018bed9612a3767696d4402fd75178beac66d3ebc28,2012-02,Gloucestershire Constabulary,Gloucestershire Constabulary,-2.227694,51.749990,On or near Parking Area,E01022365,Stroud 006A,Other theft,,
991b630b4c3a189a871589780ae7ef83cbaacce72056dcce47e569d64159f02f,2012-02,Gloucestershire Constabulary,Gloucestershire Constabulary,-2.217471,51.744633,On or near Kendrick Street,E01022365,Stroud 006A,Other theft,Investigation complete; no suspect identified,
eace4ff0c9d37f1b2b6d4b1e82f470b011921e188b7a78a7519e6cf5e1c64692,2012-02,Gloucestershire Constabulary,Gloucestershire Constabulary,-2.217668,51.746377,On or near Bath Street,E01022365,Stroud 006A,Other theft,,
5b8e178c395811f454cd453b2b5d3046facb38fb9915e6886d10cf10b9c4a0a3,2012-02,Gloucestershire Constabulary,Gloucestershire Constabulary,-2.217219,51.746539,On or near Gloucester Street,E01022365,Stroud 006A,Other theft,,
87f7a07017298500a977316862b293414112491c81b7ecad764530d02abb888f,2012-02,Gloucestershire Constabulary,Gloucestershire Constabulary,-2.214559,51.744458,On or near Farr'S Lane,E01022365,Stroud 006A,Public disorder and weapons,,
00a01dc69d14cae8f42ba7b8464a8e35231a707db4c3aa4b857f9c08baf99328,2012-02,Gloucestershire Constabulary,Gloucestershire Constabulary,-2.217471,51.744633,On or near Kendrick Street,E01022365,Stroud 006A,Public disorder and weapons,Court result unavailable,
0c82e1887f6640736df0709c3696c25408661100ce9023f2b41d86b61084701f,2012-02,Gloucestershire Constabulary,Gloucestershire Constabulary,-2.218869,51.746212,On or near Shopping Area,E01022365,Stroud 006A,Shoplifting,Investigation complete; no suspect identified,
dfc0c0253970312a96ee294ae49580419932e272b4e762555a2979400ca2744d,2012-02,Gloucestershire Constabulary,Gloucestershire Constabulary,-2.224149,51.747821,On or near Petrol Station,E01022365,Stroud 006A,Shoplifting,Court result unavailable,
49472ec87b43b7ac1a7ebfea470c2d3b3d623416f8af54fac5fad0b325f3d49f,2012-02,Gloucestershire Constabulary,Gloucestershire Constabulary,-2.215851,51.745067,On or near Supermarket,E01022365,Stroud 006A,Shoplifting,,
64dd337626a7af02a1dc3b5685eb21b151554a11dafd71eb32bf174064b66b1b,2012-02,Gloucestershire Constabulary,Gloucestershire Constabulary,-2.218402,51.745494,On or near King Street,E01022365,Stroud 006A,Shoplifting,Investigation complete; no suspect identified,
c8345ef7b74a1d1b01a1729c1e6238492f053720eef38d03a64bbd11725e3c3e,2012-02,Gloucestershire Constabulary,Gloucestershire Constabulary,-2.218190,51.746663,On or near Bus/Coach Station,E01022365,Stroud 006A,Shoplifting,Offender given conditional discharge,
fe0917658712adff73598e7e55436b27fb6acc584f0700d5f7855ad6a41ea80a,2012-02,Gloucestershire Constabulary,Gloucestershire Constabulary,-2.211952,51.744598,On or near Acre Street,E01022365,Stroud 006A,Shoplifting,,
1da04459039d4658feba7bd3ebc9d16e4f3c5e8c8662ba3541ab8ef954bac12c,2012-02,Gloucestershire Constabulary,Gloucestershire Constabulary,-2.218190,51.746663,On or near Bus/Coach Station,E01022365,Stroud 006A,Shoplifting,Offender given community sentence,
b06066256a71ffee0f12f85b21b360afb9b0214ce4ebc4b72be25eb244b21fc9,2012-02,Gloucestershire Constabulary,Gloucestershire Constabulary,-2.218402,51.745494,On or near King Street,E01022365,Stroud 006A,Shoplifting,,
52b84551176d2a0da39a462c9692c964eba4a9c67b6ee21410223326bcb10e67,2012-02,Gloucestershire Constabulary,Gloucestershire Constabulary,-2.234796,51.742351,On or near Sports/Recreation Area,E01022365,Stroud 006A,Vehicle crime,Investigation complete; no suspect identified,
f42f4bf65ad6b6f0359bcac177ad8cd4b66641ab8e48a9738da184f2ee9cbd7f,2012-02,Gloucestershire Constabulary,Gloucestershire Constabulary,-2.216776,51.744805,On or near Shopping Area,E01022365,Stroud 006A,Violent crime,Court result unavailable,
3d25fcbe8c147145c6d87334065cbb32667ce2caa43c21b73bfc9e61e4e7e691,2012-02,Gloucestershire Constabulary,Gloucestershire Constabulary,-2.224149,51.747821,On or near Petrol Station,E01022365,Stroud 006A,Violent crime,,
a11ff2c881e5bceaa81c1f3b3bd88970594adddd86189676e3ef513df6eedfdf,2012-02,Gloucestershire Constabulary,Gloucestershire Constabulary,-2.217219,51.746539,On or near Gloucester Street,E01022365,Stroud 006A,Violent crime,,
043f7cfb1faf9e2642da5bace0cac907ca0dfdc19c32f952653f06445def42d7,2012-02,Gloucestershire Constabulary,Gloucestershire Constabulary,-2.216776,51.744805,On or near Shopping Area,E01022365,Stroud 006A,Violent crime,Court result unavailable,
1405172ca83e4fdf8908ec1a5f5b55838248806f360709316461aac06fff84a3,2012-02,Gloucestershire Constabulary,Gloucestershire Constabulary,-2.217219,51.746539,On or near Gloucester Street,E01022365,Stroud 006A,Violent crime,,
a803dfa20044cde0be5f191f51437fc08ac1de524f69091f0761dd1d9e4aaf47,2012-02,Gloucestershire Constabulary,Gloucestershire Constabulary,-2.218784,51.746563,On or near Bus/Coach Station,E01022365,Stroud 006A,Violent crime,,
b039a02b08ab6ec3b40f35d6fcf52badf4430d602d3ad13db93768914235edb4,2012-02,Gloucestershire Constabulary,Gloucestershire Constabulary,-2.218051,51.744793,On or near Russell Street,E01022365,Stroud 006A,Other crime,Investigation complete; no suspect identified,
,2012-02,Gloucestershire Constabulary,Gloucestershire Constabulary,-2.208825,51.744738,On or near Wood Street,E01022399,Stroud 006B,Anti-social behaviour,,
,2012-02,Gloucestershire Constabulary,Gloucestershire Constabulary,-2.201056,51.743502,On or near Belmont Road,E01022399,Stroud 006B,Anti-social behaviour,,
,2012-02,Gloucestershire Constabulary,Gloucestershire Constabulary,-2.194872,51.743656,On or near Daniels Road,E01022399,Stroud 006B,Anti-social behaviour,,
,2012-02,Gloucestershire Constabulary,Gloucestershire Constabulary,-2.208825,51.744738,On or near Wood Street,E01022399,Stroud 006B,Anti-social behaviour,,
,2012-02,Gloucestershire Constabulary,Gloucestershire Constabulary,-2.208825,51.744738,On or near Wood Street,E01022399,Stroud 006B,Anti-social behaviour,,
,2012-02,Gloucestershire Constabulary,Gloucestershire Constabulary,-2.208825,51.744738,On or near Wood Street,E01022399,Stroud 006B,Anti-social behaviour,,
,2012-02,Gloucestershire Constabulary,Gloucestershire Constabulary,-2.208825,51.744738,On or near Wood Street,E01022399,Stroud 006B,Anti-social behaviour,,
,2012-02,Gloucestershire Constabulary,Gloucestershire Constabulary,-2.208825,51.744738,On or near Wood Street,E01022399,Stroud 006B,Anti-social behaviour,,
203c5ecbbb409bd33789f0885bb05e14715a8a090445dafd8c5dc2d262c3dbd9,2012-02,Gloucestershire Constabulary,Gloucestershire Constabulary,-2.208825,51.744738,On or near Wood Street,E01022399,Stroud 006B,Burglary,Court result unavailable,
a15b31c526b1fff083baeaa0ce990c0caca59b307fd3e80fc4ec41a9eca1a0ef,2012-02,Gloucestershire Constabulary,Gloucestershire Constabulary,-2.202596,51.744587,On or near Clare Court,E01022399,Stroud 006B,Criminal damage and arson,,
aa6fa4f75162f7f1ddcb71be18bc8c606d2d83d9ff5681a22cf6000df549795a,2012-02,Gloucestershire Constabulary,Gloucestershire Constabulary,-2.208825,51.744738,On or near Wood Street,E01022399,Stroud 006B,Criminal damage and arson,,
d4507539996b7a18424e2e875cbe019c20591e8210d954634ee807497df05378,2012-02,Gloucestershire Constabulary,Gloucestershire Constabulary,-2.208825,51.744738,On or near Wood Street,E01022399,Stroud 006B,Violent crime,,
,2012-02,Gloucestershire Constabulary,Gloucestershire Constabulary,-2.208731,51.743318,On or near Trinity Road,E01022410,Stroud 006C,Anti-social behaviour,,
,2012-02,Gloucestershire Constabulary,Gloucestershire Constabulary,-2.209761,51.743748,On or near Piccadilly,E01022410,Stroud 006C,Anti-social behaviour,,
,2012-02,Gloucestershire Constabulary,Gloucestershire Constabulary,-2.208472,51.740549,On or near Park Road,E01022410,Stroud 006C,Anti-social behaviour,,
,2012-02,Gloucestershire Constabulary,Gloucestershire Constabulary,-2.209961,51.740016,On or near Bishop'S Close,E01022410,Stroud 006C,Anti-social behaviour,,
,2012-02,Gloucestershire Constabulary,Gloucestershire Constabulary,-2.209761,51.743748,On or near Piccadilly,E01022410,Stroud 006C,Anti-social behaviour,,
,2012-02,Gloucestershire Constabulary,Gloucestershire Constabulary,-2.205253,51.739683,On or near Field House Gardens,E01022410,Stroud 006C,Anti-social behaviour,,
0f5ae6ca22c540ba2703a9a045806750cf53ad0b24a798071ac435a827469ae5,2012-02,Gloucestershire Constabulary,Gloucestershire Constabulary,-2.210410,51.743144,On or near Lower Street,E01022410,Stroud 006C,Burglary,Investigation complete; no suspect identified,
41004b117e7c7981c2d91515abfa053454fcd8d3afc61712891a82f5dbb5c645,2012-02,Gloucestershire Constabulary,Gloucestershire Constabulary,-2.210744,51.740149,On or near Arundell Mill Lane,E01022410,Stroud 006C,Burglary,Investigation complete; no suspect identified,
9f52c810167979eeb463776dc9b46c43636e43bbfc416a6c5f126e86ff4530ae,2012-02,Gloucestershire Constabulary,Gloucestershire Constabulary,-2.202908,51.739938,On or near Highfield Road,E01022410,Stroud 006C,Criminal damage and arson,,
cbe4f101f80f36efafc32f396c01e3c68129232221ee067bb6851bb1d359750d,2012-02,Gloucestershire Constabulary,Gloucestershire Constabulary,-2.205888,51.742361,On or near Nursery Close,E01022410,Stroud 006C,Criminal damage and arson,,
a671c1fb5bf765030eb9898ef0b2ac50beda2a122b257b102591b8392790420d,2012-02,Gloucestershire Constabulary,Gloucestershire Constabulary,-2.208472,51.740549,On or near Park Road,E01022410,Stroud 006C,Other theft,Investigation complete; no suspect identified,
31188ba77fcd7cefe2fd418d05f9ad06f6ad9225714696b1ccc5dc901af8573c,2012-02,Gloucestershire Constabulary,Gloucestershire Constabulary,-2.205253,51.739683,On or near Field House Gardens,E01022410,Stroud 006C,Vehicle crime,,
1a4da7b89c6423fde6c18aa5e0830785d9bf7707323d09b432a40b86763f4bf2,2012-02,Gloucestershire Constabulary,Gloucestershire Constabulary,-2.210744,51.740149,On or near Arundell Mill Lane,E01022410,Stroud 006C,Other crime,,
,2012-02,Gloucestershire Constabulary,Gloucestershire Constabulary,-2.211803,51.749858,On or near Upper Springfield Road,E01022411,Stroud 006D,Anti-social behaviour,,
,2012-02,Gloucestershire Constabulary,Gloucestershire Constabulary,-2.201333,51.753760,On or near Catswood Court,E01022411,Stroud 006D,Anti-social behaviour,,
,2012-02,Gloucestershire Constabulary,Gloucestershire Constabulary,-2.207690,51.753129,On or near Folly Rise,E01022411,Stroud 006D,Anti-social behaviour,,
,2012-02,Gloucestershire Constabulary,Gloucestershire Constabulary,-2.213042,51.751384,On or near Grange View,E01022411,Stroud 006D,Anti-social behaviour,,
,2012-02,Gloucestershire Constabulary,Gloucestershire Constabulary,-2.212287,51.751125,On or near The Square,E01022411,Stroud 006D,Anti-social behaviour,,
74f30c5d2db6015f753030c7229b8f7d179d813f8136490c591c1764cc7eb4a0,2012-02,Gloucestershire Constabulary,Gloucestershire Constabulary,-2.209909,51.750697,On or near Thompson Road,E01022411,Stroud 006D,Criminal damage and arson,,
e0406b184f0856dd8fa9e8c26f2a219fe52469a0e3c634c8b95687caaa744f54,2012-02,Gloucestershire Constabulary,Gloucestershire Constabulary,-2.213138,51.750260,On or near The Circle,E01022411,Stroud 006D,Drugs,,
b19061c6d83179d92949b438d047007411fbf87a7c640c4f625bc4499de55b81,2012-02,Gloucestershire Constabulary,Gloucestershire Constabulary,-2.209909,51.750697,On or near Thompson Road,E01022411,Stroud 006D,Violent crime,,
7c88580def0c06e3ccaf10e1e46d79b295830c22465f4146963539cfbcd5675e,2012-02,Gloucestershire Constabulary,Gloucestershire Constabulary,-2.204558,51.752604,On or near Peghouse Close,E01022411,Stroud 006D,Violent crime,,
,2012-02,Gloucestershire Constabulary,Gloucestershire Constabulary,-2.210353,51.749528,On or near All Saints Road,E01022414,Stroud 006E,Anti-social behaviour,,
,2012-02,Gloucestershire Constabulary,Gloucestershire Constabulary,-2.200097,51.746264,On or near Catherine'S Close,E01022414,Stroud 006E,Anti-social behaviour,,
,2012-02,Gloucestershire Constabulary,Gloucestershire Constabulary,-2.203800,51.745116,On or near Middle Hill,E01022414,Stroud 006E,Anti-social behaviour,,
,2012-02,Gloucestershire Constabulary,Gloucestershire Constabulary,-2.200620,51.746398,On or near St Brendan'S Road,E01022414,Stroud 006E,Anti-social behaviour,,
,2012-02,Gloucestershire Constabulary,Gloucestershire Constabulary,-2.212971,51.745639,On or near Ryeleaze Close,E01022414,Stroud 006E,Anti-social behaviour,,
,2012-02,Gloucestershire Constabulary,Gloucestershire Constabulary,-2.211043,51.745193,On or near Parliament Street,E01022414,Stroud 006E,Anti-social behaviour,,
985fe59175cf32ea9c85cd38b44a49903259239e1007289edf5333dfb66454dc,2012-02,Gloucestershire Constabulary,Gloucestershire Constabulary,-2.208784,51.748425,On or near Little Mill Court,E01022414,Stroud 006E,Criminal damage and arson,,
7d84670f5987066aaab7304d6efcdbd3cfe4192f60d43a978cb2b61ec14c893d,2012-02,Gloucestershire Constabulary,Gloucestershire Constabulary,-2.210915,51.748915,On or near Uplands Road,E01022414,Stroud 006E,Criminal damage and arson,,
76dcb571386da260cfcfbd3a0e1868ae6212b594672985b291474b2151a7b091,2012-02,Gloucestershire Constabulary,Gloucestershire Constabulary,-2.213428,51.747310,On or near Lansdown,E01022414,Stroud 006E,Drugs,,
d87e9c11c3484fd16f9aeda56418d594c9317c0aea54e55952aab385ddd75e1c,2012-02,Gloucestershire Constabulary,Gloucestershire Constabulary,-2.212971,51.745639,On or near Ryeleaze Close,E01022414,Stroud 006E,Public disorder and weapons,,
2a07cdfac303b173d61e505e5650fc4855358dcdd9947e434ce2d39f01b8e810,2012-02,Gloucestershire Constabulary,Gloucestershire Constabulary,-2.210915,51.748915,On or near Uplands Road,E01022414,Stroud 006E,Public disorder and weapons,,
543e88fa625f08e98cf1c59af1aec66602b0484871d1d26caaf755a7b97b1f73,2012-02,Gloucestershire Constabulary,Gloucestershire Constabulary,-2.203800,51.745116,On or near Middle Hill,E01022414,Stroud 006E,Vehicle crime,,
5b1a06566d7b32e2b0d4098eada3c179c0249652cf80d78fffa9ccc8e996403b,2012-02,Gloucestershire Constabulary,Gloucestershire Constabulary,-2.213426,51.746906,On or near Brickrow,E01022414,Stroud 006E,Violent crime,,
,2012-02,Gloucestershire Constabulary,Gloucestershire Constabulary,-2.230841,51.730653,On or near Larksfield Road,E01022393,Stroud 007A,Anti-social behaviour,,
,2012-02,Gloucestershire Constabulary,Gloucestershire Constabulary,-2.229330,51.729658,On or near Birch Road,E01022393,Stroud 007A,Anti-social behaviour,,
e6442f23ebffe968079935960bb61cc73ea56a1015737977ad93ad0474690541,2012-02,Gloucestershire Constabulary,Gloucestershire Constabulary,-2.229382,51.731321,On or near Fishers Way,E01022393,Stroud 007A,Other theft,,
,2012-02,Gloucestershire Constabulary,Gloucestershire Constabulary,-2.222046,51.741351,On or near Oak Drive,E01022394,Stroud 007B,Anti-social behaviour,,
,2012-02,Gloucestershire Constabulary,Gloucestershire Constabulary,-2.238964,51.739016,On or near Petrol Station,E01022394,Stroud 007B,Anti-social behaviour,,
,2012-02,Gloucestershire Constabulary,Gloucestershire Constabulary,-2.230645,51.740651,On or near Frome Park Road,E01022394,Stroud 007B,Anti-social behaviour,,
,2012-02,Gloucestershire Constabulary,Gloucestershire Constabulary,-2.235084,51.739123,On or near Dudbridge Hill,E01022394,Stroud 007B,Anti-social behaviour,,
,2012-02,Gloucestershire Constabulary,Gloucestershire Constabulary,-2.233986,51.734153,On or near Shopping Area,E01022394,Stroud 007B,Anti-social behaviour,,
1f7032938b0076b5757ac1e1ebfe30ed58eb174b2d217ed4c67e9f88653de609,2012-02,Gloucestershire Constabulary,Gloucestershire Constabulary,-2.229430,51.740879,On or near Frome Avenue,E01022394,Stroud 007B,Burglary,,
46290ee08759cff039495a3e3d0bfdc01546023c12f8f9e743f7356df14f33bf,2012-02,Gloucestershire Constabulary,Gloucestershire Constabulary,-2.226900,51.741792,On or near Lower Spillman'S,E01022394,Stroud 007B,Criminal damage and arson,,
85113b427eb03d3c4874f108c7f7c221a12fb5b7cfc719b0e1bcdf30425c0863,2012-02,Gloucestershire Constabulary,Gloucestershire Constabulary,-2.231988,51.739911,On or near Sports/Recreation Area,E01022394,Stroud 007B,Criminal damage and arson,,
0e4ce165a783408dd288bee8b67cbbeedad7e085db5536a0081e954b246a9d00,2012-02,Gloucestershire Constabulary,Gloucestershire Constabulary,-2.226900,51.741792,On or near Lower Spillman'S,E01022394,Stroud 007B,Criminal damage and arson,,
141d7b5782882ee7a7a5f17a492f6ad9c5f56702b1d5d378ef6e71750882092d,2012-02,Gloucestershire Constabulary,Gloucestershire Constabulary,-2.226900,51.741792,On or near Lower Spillman'S,E01022394,Stroud 007B,Criminal damage and arson,Investigation complete; no suspect identified,
d4b62150df4ef4a8daa5a091d715af17934b566c018d416115906dfd4e5aa788,2012-02,Gloucestershire Constabulary,Gloucestershire Constabulary,-2.226900,51.741792,On or near Lower Spillman'S,E01022394,Stroud 007B,Criminal damage and arson,,
d6a7dcdaa3529f5e29e57004c4fddb21a09a0e14f6fb678a83846b611a3f898f,2012-02,Gloucestershire Constabulary,Gloucestershire Constabulary,-2.230645,51.740651,On or near Frome Park Road,E01022394,Stroud 007B,Other theft,,
f95051def91922e582e013511370236622212bbb7d07f428adbd47480d5369cb,2012-02,Gloucestershire Constabulary,Gloucestershire Constabulary,-2.226900,51.741792,On or near Lower Spillman'S,E01022394,Stroud 007B,Violent crime,,
c234d4a0ebec00ba852bae86a8a2269bc44ccd8aabf44a1f5b89691e329acc6c,2012-02,Gloucestershire Constabulary,Gloucestershire Constabulary,-2.227907,51.740459,On or near Spillman'S Pitch,E01022394,Stroud 007B,Violent crime,,
,2012-02,Gloucestershire Constabulary,Gloucestershire Constabulary,-2.226617,51.740237,On or near Spillman'S Road,E01022395,Stroud 007C,Anti-social behaviour,,
,2012-02,Gloucestershire Constabulary,Gloucestershire Constabulary,-2.221900,51.738097,On or near Butterow West,E01022395,Stroud 007C,Anti-social behaviour,,
,2012-02,Gloucestershire Constabulary,Gloucestershire Constabulary,-2.235178,51.737837,On or near Constance Close,E01022395,Stroud 007C,Anti-social behaviour,,
2366de740ea63f330ef986224f811842ce19eee560be520dd8e2852a02c8cb34,2012-02,Gloucestershire Constabulary,Gloucestershire Constabulary,-2.235178,51.737837,On or near Constance Close,E01022395,Stroud 007C,Criminal damage and arson,Investigation complete; no suspect identified,
cce07e5bb4ddba5fe073cc8af4488a8c0f7597c6b7a7be6315caa69c0e6118af,2012-02,Gloucestershire Constabulary,Gloucestershire Constabulary,-2.226617,51.740237,On or near Spillman'S Road,E01022395,Stroud 007C,Criminal damage and arson,,
121b962b485df19a1a99ff89b942114e738432a3b99bce4253ebef571118441b,2012-02,Gloucestershire Constabulary,Gloucestershire Constabulary,-2.235178,51.737837,On or near Constance Close,E01022395,Stroud 007C,Public disorder and weapons,,
e8984355496dd16cb3a8ac44f23c7cd110a2cb536ada7615d3e7ba6e19a62dfa,2012-02,Gloucestershire Constabulary,Gloucestershire Constabulary,-2.230178,51.737065,On or near Court Way,E01022395,Stroud 007C,Vehicle crime,,
a788779990572a1431657011a33b4f91c5a8ed94e771ca8e9e9fdc3f21ad9edc,2012-02,Gloucestershire Constabulary,Gloucestershire Constabulary,-2.232006,51.734867,On or near Erin Park,E01022395,Stroud 007C,Vehicle crime,,
3c4dda3e588f972f2684429c0a3bbdebca8101f7b3990e15e3008e3290e61902,2012-02,Gloucestershire Constabulary,Gloucestershire Constabulary,-2.230197,51.735078,On or near Stringer'S Close,E01022395,Stroud 007C,Vehicle crime,,
7ff92766db01eb1aee32119c6d463b47edfb0b0b18da2d631405ffe9f0a13d91,2012-02,Gloucestershire Constabulary,Gloucestershire Constabulary,-2.222643,51.735991,On or near Tabernacle Walk,E01022395,Stroud 007C,Vehicle crime,,
3e9cdf52831ed490b82a0a9b1eeec8ea7fd589007dd82cb1b9f955bc802cb320,2012-02,Gloucestershire Constabulary,Gloucestershire Constabulary,-2.222643,51.735991,On or near Tabernacle Walk,E01022395,Stroud 007C,Vehicle crime,,
f47d64dcfb5521ed55a657934cb91a420d3c02576bcf49ef0ce07eb170485b46,2012-02,Gloucestershire Constabulary,Gloucestershire Constabulary,-2.222643,51.735991,On or near Tabernacle Walk,E01022395,Stroud 007C,Vehicle crime,,
e808a21a61a0c82d5e195b94b56b68896ec8ddddb55e7455e0d04961f4819b9c,2012-02,Gloucestershire Constabulary,Gloucestershire Constabulary,-2.235178,51.737837,On or near Constance Close,E01022395,Stroud 007C,Vehicle crime,,
,2012-02,Gloucestershire Constabulary,Gloucestershire Constabulary,-2.210067,51.722222,On or near Bownham Mead,E01022408,Stroud 007D,Anti-social behaviour,,
,2012-02,Gloucestershire Constabulary,Gloucestershire Constabulary,-2.184633,51.719163,On or near Golden Valley,E01022409,Stroud 007E,Anti-social behaviour,,
,2012-02,Gloucestershire Constabulary,Gloucestershire Constabulary,-2.184633,51.719163,On or near Golden Valley,E01022409,Stroud 007E,Anti-social behaviour,,
258837a800a5b9594ce648adb27065940748840a94e54a75b6017ebd3132f965,2012-02,Gloucestershire Constabulary,Gloucestershire Constabulary,-2.193022,51.720939,On or near Brimscombe Lane,E01022409,Stroud 007E,Criminal damage and arson,,
,2012-02,Gloucestershire Constabulary,Gloucestershire Constabulary,-2.167604,51.721580,On or near Smythe Meadow,E01022366,Stroud 008A,Anti-social behaviour,,
,2012-02,Gloucestershire Constabulary,Gloucestershire Constabulary,-2.161232,51.720681,On or near London Road,E01022366,Stroud 008A,Anti-social behaviour,,
68438969d1f8beda1bbed43ef31faeaea74ade37438b3b797994c0046260d613,2012-02,Gloucestershire Constabulary,Gloucestershire Constabulary,-2.149651,51.720876,On or near Old Station Close,E01022366,Stroud 008A,Other theft,,
266a53120993a54ef67c183ebf464153dd92c317daa07275f607fbee6438961f,2012-02,Gloucestershire Constabulary,Gloucestershire Constabulary,-2.155216,51.722694,On or near Dark Lane,E01022366,Stroud 008A,Vehicle crime,,
01f6f6391dca6059b3f6eb9761fc799bf7b573bde94aa9f7a6d4812673fd83bb,2012-02,Gloucestershire Constabulary,Gloucestershire Constabulary,-2.161232,51.720681,On or near London Road,E01022366,Stroud 008A,Other crime,Investigation complete; no suspect identified,
,2012-02,Gloucestershire Constabulary,Gloucestershire Constabulary,-2.147797,51.724808,On or near Randalls Green,E01022367,Stroud 008B,Anti-social behaviour,,
,2012-02,Gloucestershire Constabulary,Gloucestershire Constabulary,-2.147797,51.724808,On or near Randalls Green,E01022367,Stroud 008B,Anti-social behaviour,,
2ad6beb3ccc1135c9dbe0a5aec9db4cf4f1cafdfb08b25f981e752a185f66738,2012-02,Gloucestershire Constabulary,Gloucestershire Constabulary,-2.143725,51.728391,On or near Lynch Road,E01022367,Stroud 008B,Violent crime,Investigation complete; no suspect identified,
fce1df2cf49045b3b3a5eb4622b8eefeb3bafe51a7c999fecaed5b4f52830b96,2012-02,Gloucestershire Constabulary,Gloucestershire Constabulary,-2.178845,51.719595,On or near Cotswold Close,E01022368,Stroud 008C,Public disorder and weapons,,
,2012-02,Gloucestershire Constabulary,Gloucestershire Constabulary,-2.162802,51.726721,On or near Frithwood Park,E01022369,Stroud 008D,Anti-social behaviour,,
,2012-02,Gloucestershire Constabulary,Gloucestershire Constabulary,-2.160880,51.731768,On or near Farriers Croft,E01022369,Stroud 008D,Anti-social behaviour,,
7efd76832fdf6afa7a3b53ace804e5a4896b24170c0b3d1479466ff16b64f71c,2012-02,Gloucestershire Constabulary,Gloucestershire Constabulary,-2.159330,51.731644,On or near Foxes Close,E01022369,Stroud 008D,Other theft,,
,2012-02,Gloucestershire Constabulary,Gloucestershire Constabulary,-2.307611,51.683921,On or near Raglan Way,E01022370,Stroud 009A,Anti-social behaviour,,
7cd744ad0bea743ac2c320b91d6ac6b62d4d9b9017a487db71796b05b67b1020,2012-02,Gloucestershire Constabulary,Gloucestershire Constabulary,-2.289899,51.705311,On or near Benton Court,E01022370,Stroud 009A,Other theft,,
ec94283abfa3a345f13b47c106280ffd82db05faddaa54b5a2df0290644ce69c,2012-02,Gloucestershire Constabulary,Gloucestershire Constabulary,-2.272308,51.703923,On or near Tinkley Lane,E01022370,Stroud 009A,Vehicle crime,,
7a3f7855b765ae6691c7092990f9a14ef3beae870d7790b79e26eccfd4d9ae75,2012-02,Gloucestershire Constabulary,Gloucestershire Constabulary,-2.337729,51.721133,On or near Peter'S Street,E01022371,Stroud 009B,Burglary,,
d45fbb3e51f66d2564b761b3f4b3b23fcce32b6173e115e204d54caa75ff70b6,2012-02,Gloucestershire Constabulary,Gloucestershire Constabulary,-2.307149,51.690449,On or near Crawley Lane,E01022371,Stroud 009B,Drugs,,
,2012-02,Gloucestershire Constabulary,Gloucestershire Constabulary,-2.265740,51.726461,On or near Coldwell,E01022405,Stroud 009C,Anti-social behaviour,,
,2012-02,Gloucestershire Constabulary,Gloucestershire Constabulary,-2.278543,51.731844,On or near Brimley,E01022405,Stroud 009C,Anti-social behaviour,,
,2012-02,Gloucestershire Constabulary,Gloucestershire Constabulary,-2.275984,51.732542,On or near Beeches Close,E01022405,Stroud 009C,Anti-social behaviour,,
,2012-02,Gloucestershire Constabulary,Gloucestershire Constabulary,-2.284007,51.730356,On or near Marsh Road,E01022405,Stroud 009C,Anti-social behaviour,,
562a9f32320d74b71594cc3aa9170820a016c2d52fcf93fcb51056d45b4fa809,2012-02,Gloucestershire Constabulary,Gloucestershire Constabulary,-2.281873,51.722476,On or near Woodside Lane,E01022405,Stroud 009C,Burglary,,
22aeb208bb9f70a71b08870e47108178901a69cabb050231af6c545f33af6426,2012-02,Gloucestershire Constabulary,Gloucestershire Constabulary,-2.266937,51.725613,On or near Coldwell Lane,E01022405,Stroud 009C,Other theft,Investigation complete; no suspect identified,
aeba6d774ff8f41edde7a085ff385c838ab64a2ffd569c577884710a7d57d26b,2012-02,Gloucestershire Constabulary,Gloucestershire Constabulary,-2.266937,51.725613,On or near Coldwell Lane,E01022405,Stroud 009C,Other theft,,
86399818b3e21f17e9ce1926202eabcd0cb162e55e207bda245eaede07a22658,2012-02,Gloucestershire Constabulary,Gloucestershire Constabulary,-2.263479,51.726044,On or near Daffodil Leaze,E01022405,Stroud 009C,Other theft,,
84b201d881e9487fda038c74eeab4fce689d2add4c02206fc1a33cf5f75f32c2,2012-02,Gloucestershire Constabulary,Gloucestershire Constabulary,-2.281873,51.722476,On or near Woodside Lane,E01022405,Stroud 009C,Other theft,,
,2012-02,Gloucestershire Constabulary,Gloucestershire Constabulary,-2.263588,51.727356,On or near Orchard Close,E01022406,Stroud 009D,Anti-social behaviour,,
,2012-02,Gloucestershire Constabulary,Gloucestershire Constabulary,-2.273254,51.728773,On or near New Street,E01022406,Stroud 009D,Anti-social behaviour,,
,2012-02,Gloucestershire Constabulary,Gloucestershire Constabulary,-2.273254,51.728773,On or near New Street,E01022406,Stroud 009D,Anti-social behaviour,,
,2012-02,Gloucestershire Constabulary,Gloucestershire Constabulary,-2.273216,51.732099,On or near Willow Road,E01022406,Stroud 009D,Anti-social behaviour,,
,2012-02,Gloucestershire Constabulary,Gloucestershire Constabulary,-2.274371,51.729211,On or near High Street,E01022406,Stroud 009D,Anti-social behaviour,,
a7d8246affb2bc76c29747b073e94b194210c3ca97c0caa690d9cc67571eb169,2012-02,Gloucestershire Constabulary,Gloucestershire Constabulary,-2.274343,51.731692,On or near Church Street,E01022406,Stroud 009D,Criminal damage and arson,,
91792b0cc55563b64dc9408abec691fed7f04fb28b34a26eadc6715db8beb471,2012-02,Gloucestershire Constabulary,Gloucestershire Constabulary,-2.274805,51.731502,On or near Gardeners Way,E01022406,Stroud 009D,Other theft,,
81090ec1b597c8a21572e2b0a3dc39f63d6f8c867a6918ac3ea678df376c32c4,2012-02,Gloucestershire Constabulary,Gloucestershire Constabulary,-2.274343,51.731692,On or near Church Street,E01022406,Stroud 009D,Other theft,,
3917ecafd65b750c41bdd9c6dce80fbe5142f0e8b76b80867b880c488e439464,2012-02,Gloucestershire Constabulary,Gloucestershire Constabulary,-2.274371,51.729211,On or near High Street,E01022406,Stroud 009D,Shoplifting,,
7559222c3b9df4cd348f891e536db67d1eed237a3d8076a0cc1ce73001706bda,2012-02,Gloucestershire Constabulary,Gloucestershire Constabulary,-2.274371,51.729211,On or near High Street,E01022406,Stroud 009D,Shoplifting,Suspect charged as part of another case,
20ad7db26febeb16d669d7634f817904c82210c78fec0cc427cab296133b3983,2012-02,Gloucestershire Constabulary,Gloucestershire Constabulary,-2.249417,51.727837,On or near Park/Open Space,E01022406,Stroud 009D,Vehicle crime,,
,2012-02,Gloucestershire Constabulary,Gloucestershire Constabulary,-2.278808,51.732545,On or near Brockley Road,E01022407,Stroud 009E,Anti-social behaviour,,
2e0fa659a62b3ad500a191536d0b1f6d8621c45566cd19d81f6469a4b3c19f83,2012-02,Gloucestershire Constabulary,Gloucestershire Constabulary,-2.286745,51.730602,On or near Bath Road,E01022407,Stroud 009E,Criminal damage and arson,,
5c2da7178b257008f39f2b890771d804f04e7c0e2b9fb56603c74e4ccaf66a20,2012-02,Gloucestershire Constabulary,Gloucestershire Constabulary,-2.285257,51.728789,On or near Woodlands,E01022407,Stroud 009E,Criminal damage and arson,,
be18a51e46011fdaa0ff8cc947e81dd1b64c9e80ba75d7ba4a8a7ef060d26322,2012-02,Gloucestershire Constabulary,Gloucestershire Constabulary,-2.310968,51.726161,On or near Court Road,E01022407,Stroud 009E,Other theft,Investigation complete; no suspect identified,
8b7995496eb007308da92547f12c39b000a0e84d997968e2c67b55e0c9b4fd0a,2012-02,Gloucestershire Constabulary,Gloucestershire Constabulary,-2.310968,51.726161,On or near Court Road,E01022407,Stroud 009E,Vehicle crime,,
,2012-02,Gloucestershire Constabulary,Gloucestershire Constabulary,-2.233235,51.723257,On or near Berrymore Road,E01022350,Stroud 010A,Anti-social behaviour,,
,2012-02,Gloucestershire Constabulary,Gloucestershire Constabulary,-2.233235,51.723257,On or near Berrymore Road,E01022350,Stroud 010A,Anti-social behaviour,,
3de8b22380705900be4bd39518b2709fbe2870f6fd182c26ec39a0129d8653b2,2012-02,Gloucestershire Constabulary,Gloucestershire Constabulary,-2.229952,51.718229,On or near Bath Road,E01022350,Stroud 010A,Burglary,Investigation complete; no suspect identified,
69b5b641b06253fcd7c13749f140e7e3482b3b4e49346aa4831d965fa23c02e3,2012-02,Gloucestershire Constabulary,Gloucestershire Constabulary,-2.232354,51.715167,On or near Frogmarsh Lane,E01022350,Stroud 010A,Other theft,,
bdf704d7d5ae67f03977f68c68542e47216ca96639711494f664573c073bdaab,2012-02,Gloucestershire Constabulary,Gloucestershire Constabulary,-2.236336,51.718324,On or near Bospin Lane,E01022350,Stroud 010A,Vehicle crime,,
,2012-02,Gloucestershire Constabulary,Gloucestershire Constabulary,-2.194299,51.718230,On or near Victoria Road,E01022382,Stroud 010B,Anti-social behaviour,,
,2012-02,Gloucestershire Constabulary,Gloucestershire Constabulary,-2.179517,51.706520,On or near Glebe Road,E01022383,Stroud 010C,Anti-social behaviour,,
,2012-02,Gloucestershire Constabulary,Gloucestershire Constabulary,-2.180229,51.707221,On or near Syon Road,E01022383,Stroud 010C,Anti-social behaviour,,
,2012-02,Gloucestershire Constabulary,Gloucestershire Constabulary,-2.182965,51.703863,On or near Tobacconist Road,E01022384,Stroud 010D,Anti-social behaviour,,
,2012-02,Gloucestershire Constabulary,Gloucestershire Constabulary,-2.205512,51.697837,On or near Scar Hill,E01022384,Stroud 010D,Anti-social behaviour,,
,2012-02,Gloucestershire Constabulary,Gloucestershire Constabulary,-2.186616,51.704999,On or near High Street,E01022384,Stroud 010D,Anti-social behaviour,,
,2012-02,Gloucestershire Constabulary,Gloucestershire Constabulary,-2.183410,51.706721,On or near Butt Street,E01022384,Stroud 010D,Anti-social behaviour,,
,2012-02,Gloucestershire Constabulary,Gloucestershire Constabulary,-2.195138,51.704652,On or near Box Crescent,E01022384,Stroud 010D,Anti-social behaviour,,
,2012-02,Gloucestershire Constabulary,Gloucestershire Constabulary,-2.186616,51.704999,On or near High Street,E01022384,Stroud 010D,Anti-social behaviour,,
,2012-02,Gloucestershire Constabulary,Gloucestershire Constabulary,-2.186039,51.705440,On or near Market Square,E01022384,Stroud 010D,Anti-social behaviour,,
,2012-02,Gloucestershire Constabulary,Gloucestershire Constabulary,-2.183410,51.706721,On or near Butt Street,E01022384,Stroud 010D,Anti-social behaviour,,
96abda65eca0cea5186f804aee95a2ee1150440368d1ce50a5a0f85bef83f02c,2012-02,Gloucestershire Constabulary,Gloucestershire Constabulary,-2.200156,51.694115,On or near Park/Open Space,E01022384,Stroud 010D,Burglary,,
1a0853541276e91efe324e5952355afcb8f7c57b555be201d4c54e78e8fdee77,2012-02,Gloucestershire Constabulary,Gloucestershire Constabulary,-2.182965,51.703863,On or near Tobacconist Road,E01022384,Stroud 010D,Criminal damage and arson,,
9d9de02c0b1f1f69dced85c007aa7eadc8919f33c70bd0c6b510f0674160e4ca,2012-02,Gloucestershire Constabulary,Gloucestershire Constabulary,-2.183410,51.706721,On or near Butt Street,E01022384,Stroud 010D,Violent crime,Offender given community sentence,
,2012-02,Gloucestershire Constabulary,Gloucestershire Constabulary,-2.368083,51.699445,On or near High Furlong,E01022359,Stroud 011A,Anti-social behaviour,,
,2012-02,Gloucestershire Constabulary,Gloucestershire Constabulary,-2.368008,51.697296,On or near Delkin Road,E01022359,Stroud 011A,Anti-social behaviour,,
,2012-02,Gloucestershire Constabulary,Gloucestershire Constabulary,-2.363946,51.697732,On or near Winterbotham Road,E01022359,Stroud 011A,Anti-social behaviour,,
f34f7bf975e210f642cb77d57da9cc6949f53575e3e9b318fa802b33b2daa079,2012-02,Gloucestershire Constabulary,Gloucestershire Constabulary,-2.363772,51.694046,On or near Parkland Road,E01022359,Stroud 011A,Criminal damage and arson,,
fe8ee33d2a61e833f58f0612fa5a2da42dbb3418716de881b7aeeef37828a9f9,2012-02,Gloucestershire Constabulary,Gloucestershire Constabulary,-2.363772,51.694046,On or near Parkland Road,E01022359,Stroud 011A,Criminal damage and arson,,
664868a20f638dce2b5f0f64230cf044071a942c48f7286ef0330e2c33228b18,2012-02,Gloucestershire Constabulary,Gloucestershire Constabulary,-2.363772,51.694046,On or near Parkland Road,E01022359,Stroud 011A,Criminal damage and arson,,
6d0b3593c7d6015ca989c431b04f8da4f81a28c38a9e613ddb98635b310a6d36,2012-02,Gloucestershire Constabulary,Gloucestershire Constabulary,-2.363772,51.694046,On or near Parkland Road,E01022359,Stroud 011A,Criminal damage and arson,,
bf056c974f7a89b620ef4c9ea2a134065cb58e3e8688f0cec13bebe257e28071,2012-02,Gloucestershire Constabulary,Gloucestershire Constabulary,-2.349625,51.690636,On or near Springhill (Old Court),E01022360,Stroud 011B,Burglary,Investigation complete; no suspect identified,
47da5bd075888914ca97da9809e81c7197d20b938cfc861e6a278d3e06d4a80c,2012-02,Gloucestershire Constabulary,Gloucestershire Constabulary,-2.353161,51.691471,On or near Church Road,E01022360,Stroud 011B,Other theft,,
16177675874b9f8c593a24239b436af3b1d610e5aaeb7685cc934f1a4e13ee10,2012-02,Gloucestershire Constabulary,Gloucestershire Constabulary,-2.355644,51.690798,On or near Kingshill Lane,E01022360,Stroud 011B,Vehicle crime,Court result unavailable,
2825a363bccbbac085da0ff3b5eaf7ad2aa671cc95193d823320fb1ebe45b0fe,2012-02,Gloucestershire Constabulary,Gloucestershire Constabulary,-2.344607,51.687055,On or near Drake Lane,E01022360,Stroud 011B,Violent crime,Investigation complete; no suspect identified,
,2012-02,Gloucestershire Constabulary,Gloucestershire Constabulary,-2.361408,51.700680,On or near Rowley,E01022361,Stroud 011C,Anti-social behaviour,,
,2012-02,Gloucestershire Constabulary,Gloucestershire Constabulary,-2.361408,51.700680,On or near Rowley,E01022361,Stroud 011C,Anti-social behaviour,,
e44a81ddbbbbde0691f5859cc87913ec334bb4523d633ae654e59782d3c1adb4,2012-02,Gloucestershire Constabulary,Gloucestershire Constabulary,-2.361768,51.696785,On or near Woodview Road,E01022361,Stroud 011C,Burglary,,
7e02002a3d3bba52d7eb9a35181b964bb2d7ad1c18a6c0c6ee9b5a3940c202b2,2012-02,Gloucestershire Constabulary,Gloucestershire Constabulary,-2.362939,51.700333,On or near Chapel Street,E01022361,Stroud 011C,Criminal damage and arson,,
3c26ca5c84675fa6316f0aaaa10e162fbe30a07c63f8cb76ae620605eed5da30,2012-02,Gloucestershire Constabulary,Gloucestershire Constabulary,-2.362549,51.696693,On or near Leaside Close,E01022361,Stroud 011C,Other theft,Suspect charged as part of another case,
69fb9bb73d6a786bca36150c4ee1aab37a476bc17f438b219d2d53382a1f5ae0,2012-02,Gloucestershire Constabulary,Gloucestershire Constabulary,-2.362494,51.698950,On or near Spouthouse Lane,E01022361,Stroud 011C,Vehicle crime,,
,2012-02,Gloucestershire Constabulary,Gloucestershire Constabulary,-2.375772,51.694799,On or near Marment Road,E01022362,Stroud 011D,Anti-social behaviour,,
,2012-02,Gloucestershire Constabulary,Gloucestershire Constabulary,-2.374922,51.693516,On or near Broadmere Close,E01022362,Stroud 011D,Anti-social behaviour,,
,2012-02,Gloucestershire Constabulary,Gloucestershire Constabulary,-2.375772,51.694799,On or near Marment Road,E01022362,Stroud 011D,Anti-social behaviour,,
,2012-02,Gloucestershire Constabulary,Gloucestershire Constabulary,-2.374544,51.695055,On or near Phillimore Road,E01022362,Stroud 011D,Anti-social behaviour,,
975c0495a5c8a5ab5fbf536c8d56d7e6fc233696e634f8144b9614c2898db26e,2012-02,Gloucestershire Constabulary,Gloucestershire Constabulary,-2.375772,51.694799,On or near Marment Road,E01022362,Stroud 011D,Burglary,Investigation complete; no suspect identified,
eae87e2ed5238199ae7a22881770f4fce1a0b5add8e647333475b8a33db90559,2012-02,Gloucestershire Constabulary,Gloucestershire Constabulary,-2.379850,51.696333,On or near Westend,E01022362,Stroud 011D,Burglary,,
fc443e262d5549590880767e55ca8c8d2b4b638d4a507b8cf378c6cf93cec5c6,2012-02,Gloucestershire Constabulary,Gloucestershire Constabulary,-2.378441,51.693919,On or near Quarry Gardens,E01022362,Stroud 011D,Burglary,Investigation complete; no suspect identified,
763352997e6f3956a89fe6f68dac29a1cd8eaaca7406394733757ffc33794638,2012-02,Gloucestershire Constabulary,Gloucestershire Constabulary,-2.388231,51.708578,On or near Bristol Road,E01022362,Stroud 011D,Burglary,Offender otherwise dealt with,
6905cdc1349e220950aae596255dcbad85dc094602ddf26e2caf165a9fde48be,2012-02,Gloucestershire Constabulary,Gloucestershire Constabulary,-2.378441,51.693919,On or near Quarry Gardens,E01022362,Stroud 011D,Violent crime,,
1d3040b9ec1e54999b3ae9dc4803e3d7e7b05506e112062ebed5adc7c13734c5,2012-02,Gloucestershire Constabulary,Gloucestershire Constabulary,-2.374544,51.695055,On or near Phillimore Road,E01022362,Stroud 011D,Other crime,Investigation complete; no suspect identified,
,2012-02,Gloucestershire Constabulary,Gloucestershire Constabulary,-2.363074,51.715339,On or near Bus/Coach Station,E01022363,Stroud 011E,Anti-social behaviour,,
,2012-02,Gloucestershire Constabulary,Gloucestershire Constabulary,-2.362097,51.714434,On or near Box Road,E01022363,Stroud 011E,Anti-social behaviour,,
,2012-02,Gloucestershire Constabulary,Gloucestershire Constabulary,-2.367076,51.707280,On or near Draycott Crescent,E01022363,Stroud 011E,Anti-social behaviour,,
,2012-02,Gloucestershire Constabulary,Gloucestershire Constabulary,-2.364106,51.701463,On or near Supermarket,E01022363,Stroud 011E,Anti-social behaviour,,
5cae527425e4c8cdc7662426e0c70e4bc65a0c03983befda3cfe352c2128cdf9,2012-02,Gloucestershire Constabulary,Gloucestershire Constabulary,-2.369804,51.702847,On or near Spark Hill,E01022363,Stroud 011E,Burglary,,
f5e4f832a8ae0c9192f43f02f9ca5c662a9e7919fc36a0d790b6f01d4cc465d7,2012-02,Gloucestershire Constabulary,Gloucestershire Constabulary,-2.370234,51.705894,On or near Jubilee Close,E01022363,Stroud 011E,Burglary,Investigation complete; no suspect identified,
123823a11335b604a0f5c2871edb15ecded4a108e7a38ffb3f7b82e2ddb33927,2012-02,Gloucestershire Constabulary,Gloucestershire Constabulary,-2.363074,51.715339,On or near Bus/Coach Station,E01022363,Stroud 011E,Burglary,,
e5f5ff756ad15da11f0df05a8332503b272cc24760be4540c814baf17927a360,2012-02,Gloucestershire Constabulary,Gloucestershire Constabulary,-2.367091,51.705544,On or near Everside Lane,E01022363,Stroud 011E,Criminal damage and arson,,
307c6f742d0b406fb75159bd07303180d14c8e2abd06f51298826a7497b93a4e,2012-02,Gloucestershire Constabulary,Gloucestershire Constabulary,-2.362097,51.714434,On or near Box Road,E01022363,Stroud 011E,Criminal damage and arson,,
445d69636f239b54704a785e26ae828f922ed8e166dcb08e5df1f1c0f7ef82c8,2012-02,Gloucestershire Constabulary,Gloucestershire Constabulary,-2.364106,51.701463,On or near Supermarket,E01022363,Stroud 011E,Other theft,Investigation complete; no suspect identified,
7096c2add9446aa5f56d2a86104b779034619aecb1f6d3c212cc3ed6f27ae11b,2012-02,Gloucestershire Constabulary,Gloucestershire Constabulary,-2.367076,51.707280,On or near Draycott Crescent,E01022363,Stroud 011E,Other theft,,
877aa8507f53ef30efabc647b2f78c2a0d171de98cb1c8a05127fe23685ba3b5,2012-02,Gloucestershire Constabulary,Gloucestershire Constabulary,-2.365721,51.715079,On or near A4135,E01022363,Stroud 011E,Violent crime,,
1b8ff360178e98859be672c67c867a0a473330f35c3ddba288a0873535306ea8,2012-02,Gloucestershire Constabulary,Gloucestershire Constabulary,-2.367076,51.707280,On or near Draycott Crescent,E01022363,Stroud 011E,Violent crime,Investigation complete; no suspect identified,
,2012-02,Gloucestershire Constabulary,Gloucestershire Constabulary,-2.370523,51.695176,On or near Tilsdown Close,E01022364,Stroud 011F,Anti-social behaviour,,
,2012-02,Gloucestershire Constabulary,Gloucestershire Constabulary,-2.369379,51.695017,On or near Meadow Vale,E01022364,Stroud 011F,Anti-social behaviour,,
,2012-02,Gloucestershire Constabulary,Gloucestershire Constabulary,-2.371363,51.697016,On or near The Close,E01022364,Stroud 011F,Anti-social behaviour,,
c198220bd867119ebeddedaa4f347a41118cc63236b0153606f328b00e88193e,2012-02,Gloucestershire Constabulary,Gloucestershire Constabulary,-2.372802,51.696113,On or near Severn Road,E01022364,Stroud 011F,Burglary,,
d08849eda57ef8467f51381a87cfa2ea8d3cf602386ffa551a6142500780dbb4,2012-02,Gloucestershire Constabulary,Gloucestershire Constabulary,-2.372802,51.696113,On or near Severn Road,E01022364,Stroud 011F,Burglary,Investigation complete; no suspect identified,
b3d95640da5af269474e0d2a80eeb33db7b0a99a64538257eeb59eefd99987e3,2012-02,Gloucestershire Constabulary,Gloucestershire Constabulary,-2.372802,51.696113,On or near Severn Road,E01022364,Stroud 011F,Other theft,,
,2012-02,Gloucestershire Constabulary,Gloucestershire Constabulary,-2.481555,51.715956,On or near Great Western Road,E01022351,Stroud 012A,Anti-social behaviour,,
c495f6079582211d9531b933ac65276f09de8cb905f62b99507b56dab33f2d12,2012-02,Gloucestershire Constabulary,Gloucestershire Constabulary,-2.471555,51.714747,On or near Jubilee Way,E01022351,Stroud 012A,Violent crime,,
,2012-02,Gloucestershire Constabulary,Gloucestershire Constabulary,-2.461771,51.692110,On or near Leaze Close,E01022352,Stroud 012B,Anti-social behaviour,,
66a9fb9df70e1ed52245e2a729be95a49fca7995f0b9255e4822953298c31ab9,2012-02,Gloucestershire Constabulary,Gloucestershire Constabulary,-2.425510,51.719221,On or near Slimbridge Lane,E01022352,Stroud 012B,Burglary,Investigation complete; no suspect identified,
b9ce50bef25fa2439f23f576dd3c9c445986b1e24081ba20cbf57f3423cf7aff,2012-02,Gloucestershire Constabulary,Gloucestershire Constabulary,-2.464909,51.691954,On or near Lynch Road,E01022352,Stroud 012B,Burglary,,
532116cfa61010288d6d93bd81ed59da507869a87c565e0caf47adb2175ce3fe,2012-02,Gloucestershire Constabulary,Gloucestershire Constabulary,-2.464909,51.691954,On or near Lynch Road,E01022352,Stroud 012B,Criminal damage and arson,,
5da70eaba22dc68065e41a4f9c865192c1edd7d241bc11d5d05c0fe66f962ae4,2012-02,Gloucestershire Constabulary,Gloucestershire Constabulary,-2.424697,51.692708,On or near Petrol Station,E01022352,Stroud 012B,Other theft,Investigation complete; no suspect identified,
ac4ffc60dcf9139515371d6dd5e82bf5dd6e48088c5df07b409a56924ec47a2a,2012-02,Gloucestershire Constabulary,Gloucestershire Constabulary,-2.464909,51.691954,On or near Lynch Road,E01022352,Stroud 012B,Public disorder and weapons,,
a13dc1b3a58750a8377ed1a5c1a38bb5800f162431da7f0223dece829fbc1989,2012-02,Gloucestershire Constabulary,Gloucestershire Constabulary,-2.464149,51.692676,On or near James Orchard,E01022352,Stroud 012B,Vehicle crime,,
4772b73556eecc1e6a85391054173feda79b4a7598661a759a10ddb2660c729c,2012-02,Gloucestershire Constabulary,Gloucestershire Constabulary,-2.464093,51.691372,On or near Park View Road,E01022352,Stroud 012B,Vehicle crime,,
5b12bfaf0378875d7c1da9de3a07fff43181d5e268ce79cef4f06343bbeb5221,2012-02,Gloucestershire Constabulary,Gloucestershire Constabulary,-2.464093,51.691372,On or near Park View Road,E01022352,Stroud 012B,Vehicle crime,,
970c8554fdb011150937000d8dc9a74f30df1b731ebd13050e72b0cd0a2be1b9,2012-02,Gloucestershire Constabulary,Gloucestershire Constabulary,-2.424697,51.692708,On or near Petrol Station,E01022352,Stroud 012B,Vehicle crime,,
ba9ffd47fa40b281c3d9ed02299d39f9656bc9faa16948603444155f05e28cb4,2012-02,Gloucestershire Constabulary,Gloucestershire Constabulary,-2.464909,51.691954,On or near Lynch Road,E01022352,Stroud 012B,Vehicle crime,,
d838a114a6798d799180c16bb6771ca0a25cac5650a2244a589a3ff4d2cafae7,2012-02,Gloucestershire Constabulary,Gloucestershire Constabulary,-2.461401,51.694116,On or near Severn Drive,E01022352,Stroud 012B,Vehicle crime,,
,2012-02,Gloucestershire Constabulary,Gloucestershire Constabulary,-2.455789,51.691387,On or near Police Station,E01022353,Stroud 012C,Anti-social behaviour,,
,2012-02,Gloucestershire Constabulary,Gloucestershire Constabulary,-2.460182,51.692305,On or near School Lane,E01022353,Stroud 012C,Anti-social behaviour,,
,2012-02,Gloucestershire Constabulary,Gloucestershire Constabulary,-2.460375,51.691396,On or near Salter Street,E01022353,Stroud 012C,Anti-social behaviour,,
14dff73d9399a9f61318fe760825afc166ae17554aaca842e3261555f291f6cd,2012-02,Gloucestershire Constabulary,Gloucestershire Constabulary,-2.456334,51.693822,On or near Hillcrest,E01022353,Stroud 012C,Criminal damage and arson,Investigation complete; no suspect identified,
bda44858797daffcf4f0dc39e7cca721e1803a558828c53efa93f94b74513ba3,2012-02,Gloucestershire Constabulary,Gloucestershire Constabulary,-2.459331,51.691193,On or near Supermarket,E01022353,Stroud 012C,Criminal damage and arson,,
514e83e13dc753c7ead5193743f70230898f900d418b57714eecf28a287c1ff0,2012-02,Gloucestershire Constabulary,Gloucestershire Constabulary,-2.459331,51.691193,On or near Supermarket,E01022353,Stroud 012C,Criminal damage and arson,Offender given conditional discharge,
29b9ae8cd56b48afdce0b4824dc51a1bdf0cb253f5dd9a312d73006800a2688b,2012-02,Gloucestershire Constabulary,Gloucestershire Constabulary,-2.458493,51.691323,On or near Market Place,E01022353,Stroud 012C,Other theft,,
b3fb3cf707987b5a2575bade59c004cff12213ddbc0f7b91a1a62495b9bf5ebb,2012-02,Gloucestershire Constabulary,Gloucestershire Constabulary,-2.459331,51.691193,On or near Supermarket,E01022353,Stroud 012C,Other crime,Investigation complete; no suspect identified,
,2012-02,Gloucestershire Constabulary,Gloucestershire Constabulary,-2.395309,51.688846,On or near Echo Lane,E01022413,Stroud 012D,Anti-social behaviour,,
,2012-02,Gloucestershire Constabulary,Gloucestershire Constabulary,-2.457956,51.655306,On or near A38,E01022413,Stroud 012D,Anti-social behaviour,,
,2012-02,Gloucestershire Constabulary,Gloucestershire Constabulary,-2.429625,51.657004,On or near Petrol Station,E01022413,Stroud 012D,Anti-social behaviour,,
,2012-02,Gloucestershire Constabulary,Gloucestershire Constabulary,-2.434708,51.665509,On or near Swanley Lane,E01022413,Stroud 012D,Anti-social behaviour,,
9d3ec1c53fdb17aa015e50f61cb65a1d4e9756a1f619de00657007e9d849c793,2012-02,Gloucestershire Constabulary,Gloucestershire Constabulary,-2.434708,51.665509,On or near Swanley Lane,E01022413,Stroud 012D,Burglary,,
c57769cc0054a6012ecd0bf3e195f9b520931504fff0eb5fda78d91a16017c53,2012-02,Gloucestershire Constabulary,Gloucestershire Constabulary,-2.395309,51.688846,On or near Echo Lane,E01022413,Stroud 012D,Other theft,,
b6a7ca35bfd7504c3ac950f97ab15c40f3b8e67e61e9cff7fff77b4d4a9a1d0b,2012-02,Gloucestershire Constabulary,Gloucestershire Constabulary,-2.458882,51.652461,On or near Petrol Station,E01022413,Stroud 012D,Other theft,,
197b091a91782f437fb6428478b2fc08c2ac214ed59f1d8179a5210c0a91de81,2012-02,Gloucestershire Constabulary,Gloucestershire Constabulary,-2.402355,51.698676,On or near Berkeley Road,E01022413,Stroud 012D,Other theft,Investigation complete; no suspect identified,
7531fae4108d50e00dd2ad7b5affeb2b0f4a3ae62266bc363529b6ea945f931d,2012-02,Gloucestershire Constabulary,Gloucestershire Constabulary,-2.434803,51.678402,On or near Church View,E01022413,Stroud 012D,Vehicle crime,,
3796d649375dafd0fc5328fa293a048bf4f20ae69bc2cec2063ef35ca82c34c9,2012-02,Gloucestershire Constabulary,Gloucestershire Constabulary,-2.429625,51.657004,On or near Petrol Station,E01022413,Stroud 012D,Other crime,Suspect charged as part of another case,
,2012-02,Gloucestershire Constabulary,Gloucestershire Constabulary,-2.219221,51.693281,On or near Butcher Hill'S Lane,E01022385,Stroud 013A,Anti-social behaviour,,
,2012-02,Gloucestershire Constabulary,Gloucestershire Constabulary,-2.216677,51.693870,On or near Park Road,E01022385,Stroud 013A,Anti-social behaviour,,
,2012-02,Gloucestershire Constabulary,Gloucestershire Constabulary,-2.234880,51.680384,On or near Priory Fields,E01022385,Stroud 013A,Anti-social behaviour,,
,2012-02,Gloucestershire Constabulary,Gloucestershire Constabulary,-2.230783,51.682415,On or near Horsley Hill,E01022385,Stroud 013A,Anti-social behaviour,,
60d8786879a5e436fb3f8b3225d3757b29650fd9c18d49607608bca4abc397cb,2012-02,Gloucestershire Constabulary,Gloucestershire Constabulary,-2.227796,51.686647,On or near Rockness Hill,E01022385,Stroud 013A,Criminal damage and arson,,
,2012-02,Gloucestershire Constabulary,Gloucestershire Constabulary,-2.218164,51.696160,On or near Bridge Street,E01022386,Stroud 013B,Anti-social behaviour,,
,2012-02,Gloucestershire Constabulary,Gloucestershire Constabulary,-2.218164,51.696160,On or near Bridge Street,E01022386,Stroud 013B,Anti-social behaviour,,
,2012-02,Gloucestershire Constabulary,Gloucestershire Constabulary,-2.219239,51.693955,On or near Market Street,E01022386,Stroud 013B,Anti-social behaviour,,
,2012-02,Gloucestershire Constabulary,Gloucestershire Constabulary,-2.211024,51.697747,On or near The Ladder,E01022386,Stroud 013B,Anti-social behaviour,,
,2012-02,Gloucestershire Constabulary,Gloucestershire Constabulary,-2.219966,51.694835,On or near Parking Area,E01022386,Stroud 013B,Anti-social behaviour,,
,2012-02,Gloucestershire Constabulary,Gloucestershire Constabulary,-2.219270,51.694387,On or near Supermarket,E01022386,Stroud 013B,Anti-social behaviour,,
,2012-02,Gloucestershire Constabulary,Gloucestershire Constabulary,-2.219966,51.694835,On or near Parking Area,E01022386,Stroud 013B,Anti-social behaviour,,
,2012-02,Gloucestershire Constabulary,Gloucestershire Constabulary,-2.211024,51.697747,On or near The Ladder,E01022386,Stroud 013B,Anti-social behaviour,,
,2012-02,Gloucestershire Constabulary,Gloucestershire Constabulary,-2.218164,51.696160,On or near Bridge Street,E01022386,Stroud 013B,Anti-social behaviour,,
,2012-02,Gloucestershire Constabulary,Gloucestershire Constabulary,-2.219966,51.694835,On or near Parking Area,E01022386,Stroud 013B,Anti-social behaviour,,
aabdf8e163d04d9a6da56f70ad69dd2f37f80793f9ccdcaab42ef5821ed7b16e,2012-02,Gloucestershire Constabulary,Gloucestershire Constabulary,-2.222490,51.696116,On or near Fewster Square,E01022386,Stroud 013B,Burglary,Investigation complete; no suspect identified,
c397641872af4dcd9c8ffc47c91162876611919f7e3e32042de480cc3efd7b2e,2012-02,Gloucestershire Constabulary,Gloucestershire Constabulary,-2.222238,51.697933,On or near Whitecroft,E01022386,Stroud 013B,Burglary,,
6a4e25d752a57adcbe6e972862ca97859851f3f5c8778c05378e148e21d2154c,2012-02,Gloucestershire Constabulary,Gloucestershire Constabulary,-2.222510,51.697312,On or near Old School Close,E01022386,Stroud 013B,Burglary,,
9d8e4d5d7d22e5509e6373fa7add60a5268cdd7f72049901d89fdfc23d7341f1,2012-02,Gloucestershire Constabulary,Gloucestershire Constabulary,-2.218955,51.695080,On or near Bus/Coach Station,E01022386,Stroud 013B,Shoplifting,Investigation complete; no suspect identified,
,2012-02,Gloucestershire Constabulary,Gloucestershire Constabulary,-2.234125,51.705076,On or near Millbrook Walk,E01022387,Stroud 013C,Anti-social behaviour,,
ccfdd899581c0af12723688cfda441586ec919e2df90be9093e549ef8a48e1ac,2012-02,Gloucestershire Constabulary,Gloucestershire Constabulary,-2.234404,51.700274,On or near Nortonwood,E01022387,Stroud 013C,Criminal damage and arson,,
,2012-02,Gloucestershire Constabulary,Gloucestershire Constabulary,-2.232056,51.696574,On or near Bunting Hill,E01022388,Stroud 013D,Anti-social behaviour,,
,2012-02,Gloucestershire Constabulary,Gloucestershire Constabulary,-2.233382,51.698469,On or near Beechwood Close,E01022388,Stroud 013D,Anti-social behaviour,,
,2012-02,Gloucestershire Constabulary,Gloucestershire Constabulary,-2.232056,51.696574,On or near Bunting Hill,E01022388,Stroud 013D,Anti-social behaviour,,
,2012-02,Gloucestershire Constabulary,Gloucestershire Constabulary,-2.233382,51.698469,On or near Beechwood Close,E01022388,Stroud 013D,Anti-social behaviour,,
,2012-02,Gloucestershire Constabulary,Gloucestershire Constabulary,-2.233382,51.698469,On or near Beechwood Close,E01022388,Stroud 013D,Anti-social behaviour,,
,2012-02,Gloucestershire Constabulary,Gloucestershire Constabulary,-2.233382,51.698469,On or near Beechwood Close,E01022388,Stroud 013D,Anti-social behaviour,,
,2012-02,Gloucestershire Constabulary,Gloucestershire Constabulary,-2.232056,51.696574,On or near Bunting Hill,E01022388,Stroud 013D,Anti-social behaviour,,
,2012-02,Gloucestershire Constabulary,Gloucestershire Constabulary,-2.232056,51.696574,On or near Bunting Hill,E01022388,Stroud 013D,Anti-social behaviour,,
ef1c08dbac215d1133363b0d7c500f98c9a25a49cac5870f5367217c535e5d65,2012-02,Gloucestershire Constabulary,Gloucestershire Constabulary,-2.226952,51.697186,On or near Upper Tynings,E01022388,Stroud 013D,Burglary,,
1d10a21c8532fc335eec201759018b921566c1d16aa57089142a62a1018a2090,2012-02,Gloucestershire Constabulary,Gloucestershire Constabulary,-2.232056,51.696574,On or near Bunting Hill,E01022388,Stroud 013D,Criminal damage and arson,,
1218b19533bb493df8ffaab678d5fd9e85007f9f2d24480112b4d16a807f6ccf,2012-02,Gloucestershire Constabulary,Gloucestershire Constabulary,-2.233381,51.695403,On or near Lower Newmarket Road,E01022388,Stroud 013D,Other theft,,
0638682106e36992b41435b49a545ed0c9f088b874b8cb02a27d1351519d2889,2012-02,Gloucestershire Constabulary,Gloucestershire Constabulary,-2.226537,51.698239,On or near Upper Hayes Road,E01022388,Stroud 013D,Other theft,,
10ee61d1c779ca1031539e95165f36d0f58ee85dbc2b9cd4198039d6b3ea3f07,2012-02,Gloucestershire Constabulary,Gloucestershire Constabulary,-2.234446,51.697127,On or near Bunting Way,E01022388,Stroud 013D,Violent crime,,
edb1c95703b2a5d1a5c9698d44d3973c4408e2a5da8023afd190dbbaea09bf01,2012-02,Gloucestershire Constabulary,Gloucestershire Constabulary,-2.232466,51.697445,On or near Lawnside,E01022388,Stroud 013D,Violent crime,Offender given community sentence,
0fbe5d825a081a03e33351e03c7b59a5da58ce9294c085fededfa4a5931e8e16,2012-02,Gloucestershire Constabulary,Gloucestershire Constabulary,-2.224894,51.696471,On or near Churchill Road,E01022388,Stroud 013D,Violent crime,Offender given community sentence,
12bc40dc0ed1ae2b2f4386c82104e439dae2e3f1e93d0e9dcdd1a83aa91e63ba,2012-02,Gloucestershire Constabulary,Gloucestershire Constabulary,-2.232466,51.697445,On or near Lawnside,E01022388,Stroud 013D,Violent crime,,
7f5cec2d4c907084c43b1bb44f9de7e7009d39a0f8978ccd58daabe151950f25,2012-02,Gloucestershire Constabulary,Gloucestershire Constabulary,-2.224894,51.696471,On or near Churchill Road,E01022388,Stroud 013D,Violent crime,,
,2012-02,Gloucestershire Constabulary,Gloucestershire Constabulary,-2.354109,51.681299,On or near Market Place,E01022372,Stroud 014A,Anti-social behaviour,,
,2012-02,Gloucestershire Constabulary,Gloucestershire Constabulary,-2.354109,51.681299,On or near Market Place,E01022372,Stroud 014A,Anti-social behaviour,,
,2012-02,Gloucestershire Constabulary,Gloucestershire Constabulary,-2.356266,51.681544,On or near Supermarket,E01022372,Stroud 014A,Anti-social behaviour,,
,2012-02,Gloucestershire Constabulary,Gloucestershire Constabulary,-2.354109,51.681299,On or near Market Place,E01022372,Stroud 014A,Anti-social behaviour,,
,2012-02,Gloucestershire Constabulary,Gloucestershire Constabulary,-2.354109,51.681299,On or near Market Place,E01022372,Stroud 014A,Anti-social behaviour,,
,2012-02,Gloucestershire Constabulary,Gloucestershire Constabulary,-2.357539,51.679733,On or near April Close,E01022372,Stroud 014A,Anti-social behaviour,,
,2012-02,Gloucestershire Constabulary,Gloucestershire Constabulary,-2.356024,51.682093,On or near Parking Area,E01022372,Stroud 014A,Anti-social behaviour,,
9fbb960dd9dcd0a86f675d7a65d599bf0cf3d5a72a34ce5fc8cc6aec13f4ef58,2012-02,Gloucestershire Constabulary,Gloucestershire Constabulary,-2.361133,51.687922,On or near Kings Drive,E01022372,Stroud 014A,Criminal damage and arson,,
b0a5954d497733c4f51b9db755cdeb7455e8721c95861ac0f54f5b5818728008,2012-02,Gloucestershire Constabulary,Gloucestershire Constabulary,-2.359131,51.679872,On or near Five Acres,E01022372,Stroud 014A,Criminal damage and arson,,
ec0b9b5a6088ea45e9f9a114317c70c2941412a9e715dd1adfe3cc4f29d166ff,2012-02,Gloucestershire Constabulary,Gloucestershire Constabulary,-2.362006,51.686723,On or near Olive Grove,E01022372,Stroud 014A,Other theft,Offender ordered to pay compensation,
55c0f060a0a94cc6da4ee3ba35f86fe046cb836b1bdb445df7880e5f4013bb71,2012-02,Gloucestershire Constabulary,Gloucestershire Constabulary,-2.361133,51.687922,On or near Kings Drive,E01022372,Stroud 014A,Public disorder and weapons,Court result unavailable,
16f716fbb91c4f69b7901cc95f433915c9a998aae076a4d6c2355839a7e0d5a3,2012-02,Gloucestershire Constabulary,Gloucestershire Constabulary,-2.361133,51.687922,On or near Kings Drive,E01022372,Stroud 014A,Shoplifting,Suspect charged as part of another case,
690dde580f7d0892616aa7b5758ba90e177ad3b5153d0a985e1eaf98dd19f853,2012-02,Gloucestershire Constabulary,Gloucestershire Constabulary,-2.361133,51.687922,On or near Kings Drive,E01022372,Stroud 014A,Shoplifting,,
306edb79b9c23dd81930b65019b1b1952fde6a3fa881619a0aae390a77ce56d6,2012-02,Gloucestershire Constabulary,Gloucestershire Constabulary,-2.361133,51.687922,On or near Kings Drive,E01022372,Stroud 014A,Violent crime,Investigation complete; no suspect identified,
ec2274ee32b0a055630eaa85d7b37d1d40cf31dcbf8efa5d225cf6ea0d1c01b0,2012-02,Gloucestershire Constabulary,Gloucestershire Constabulary,-2.361133,51.687922,On or near Kings Drive,E01022372,Stroud 014A,Violent crime,Court result unavailable,
0e6f68a644ef173aa16c99412bb78b9b0779b72691cb1bfc46599caf424daa41,2012-02,Gloucestershire Constabulary,Gloucestershire Constabulary,-2.361133,51.687922,On or near Kings Drive,E01022372,Stroud 014A,Violent crime,Investigation complete; no suspect identified,
36d8f9a533765ff667ab280e4c9af63937aee3afc903ad3c447c129a3a81de1f,2012-02,Gloucestershire Constabulary,Gloucestershire Constabulary,-2.361133,51.687922,On or near Kings Drive,E01022372,Stroud 014A,Violent crime,Court result unavailable,
72298fedd4fb5e8eba26c470816ae788ae897efc162b24f3a806770f4b938fc8,2012-02,Gloucestershire Constabulary,Gloucestershire Constabulary,-2.361133,51.687922,On or near Kings Drive,E01022372,Stroud 014A,Violent crime,Investigation complete; no suspect identified,
b9fd3334ef2bb72309ff47af9436c5415a3843c514180697f5f58573024b7664,2012-02,Gloucestershire Constabulary,Gloucestershire Constabulary,-2.356706,51.684159,On or near Sports/Recreation Area,E01022372,Stroud 014A,Violent crime,,
,2012-02,Gloucestershire Constabulary,Gloucestershire Constabulary,-2.341316,51.678487,On or near Castle Stream Court,E01022373,Stroud 014B,Anti-social behaviour,,
7f4e11c90fb762031b5249d046e02a82d38fc020abade9b7155bd5fce4b1d774,2012-02,Gloucestershire Constabulary,Gloucestershire Constabulary,-2.341842,51.677226,On or near School Road,E01022373,Stroud 014B,Other crime,Court result unavailable,
,2012-02,Gloucestershire Constabulary,Gloucestershire Constabulary,-2.355098,51.682015,On or near Castle Street,E01022374,Stroud 014C,Anti-social behaviour,,
,2012-02,Gloucestershire Constabulary,Gloucestershire Constabulary,-2.348134,51.675463,On or near Welling Close,E01022374,Stroud 014C,Anti-social behaviour,,
,2012-02,Gloucestershire Constabulary,Gloucestershire Constabulary,-2.355098,51.682015,On or near Castle Street,E01022374,Stroud 014C,Anti-social behaviour,,
,2012-02,Gloucestershire Constabulary,Gloucestershire Constabulary,-2.348134,51.675463,On or near Welling Close,E01022374,Stroud 014C,Anti-social behaviour,,
,2012-02,Gloucestershire Constabulary,Gloucestershire Constabulary,-2.346806,51.673957,On or near Whiteway Close,E01022374,Stroud 014C,Anti-social behaviour,,
,2012-02,Gloucestershire Constabulary,Gloucestershire Constabulary,-2.355098,51.682015,On or near Castle Street,E01022374,Stroud 014C,Anti-social behaviour,,
a0308e067fe9e8cace0c972f0579996626f05e129bfca4b2b78672af1f93ad3c,2012-02,Gloucestershire Constabulary,Gloucestershire Constabulary,-2.352206,51.682096,On or near Long Street,E01022374,Stroud 014C,Violent crime,,
d3ada599c1f38215fb089418c67cff94b599f4ad5299cdbc4466807d03c047f9,2012-02,Gloucestershire Constabulary,Gloucestershire Constabulary,-2.352206,51.682096,On or near Long Street,E01022374,Stroud 014C,Violent crime,,
,2012-02,Gloucestershire Constabulary,Gloucestershire Constabulary,-2.362633,51.690992,On or near Bramble Drive,E01022375,Stroud 014D,Anti-social behaviour,,
,2012-02,Gloucestershire Constabulary,Gloucestershire Constabulary,-2.362633,51.690992,On or near Bramble Drive,E01022375,Stroud 014D,Anti-social behaviour,,
,2012-02,Gloucestershire Constabulary,Gloucestershire Constabulary,-2.357822,51.691834,On or near Acacia Drive,E01022375,Stroud 014D,Anti-social behaviour,,
,2012-02,Gloucestershire Constabulary,Gloucestershire Constabulary,-2.361626,51.689809,On or near Blackboys,E01022375,Stroud 014D,Anti-social behaviour,,
,2012-02,Gloucestershire Constabulary,Gloucestershire Constabulary,-2.360475,51.690612,On or near Kingsway,E01022375,Stroud 014D,Anti-social behaviour,,
,2012-02,Gloucestershire Constabulary,Gloucestershire Constabulary,-2.357822,51.691834,On or near Acacia Drive,E01022375,Stroud 014D,Anti-social behaviour,,
,2012-02,Gloucestershire Constabulary,Gloucestershire Constabulary,-2.358005,51.689334,On or near Kingsdown,E01022375,Stroud 014D,Anti-social behaviour,,
,2012-02,Gloucestershire Constabulary,Gloucestershire Constabulary,-2.357822,51.691834,On or near Acacia Drive,E01022375,Stroud 014D,Anti-social behaviour,,
,2012-02,Gloucestershire Constabulary,Gloucestershire Constabulary,-2.360277,51.689408,On or near Kingshill Park,E01022375,Stroud 014D,Anti-social behaviour,,
998d7fdc82fbe99b1f844e9dcc6366a81d7e4d79a296a70993c63dca13da15b9,2012-02,Gloucestershire Constabulary,Gloucestershire Constabulary,-2.357822,51.691834,On or near Acacia Drive,E01022375,Stroud 014D,Burglary,Suspect charged as part of another case,
496113fa609fcaa34ed2d046d35a84049de69618443e680875e1afdb30f52c10,2012-02,Gloucestershire Constabulary,Gloucestershire Constabulary,-2.357822,51.691834,On or near Acacia Drive,E01022375,Stroud 014D,Drugs,Offender given community sentence,
a40b9f3ed6c8b8b2744f3250aade1ff72dce28f1509067a8e0baeea63e403c03,2012-02,Gloucestershire Constabulary,Gloucestershire Constabulary,-2.360655,51.691412,On or near St George'S Road,E01022375,Stroud 014D,Violent crime,Offender fined,
10c12b82dcdd406b2ae9de611fbac9dd7ee6a29187342ed158b6b48742352c47,2012-02,Gloucestershire Constabulary,Gloucestershire Constabulary,-2.361626,51.689809,On or near Blackboys,E01022375,Stroud 014D,Violent crime,,
6f1746e83d9cdf9c8b8acd8e26da4d98cc54e67d6809b7e2cf56eb596187cb22,2012-02,Gloucestershire Constabulary,Gloucestershire Constabulary,-2.357822,51.691834,On or near Acacia Drive,E01022375,Stroud 014D,Violent crime,,
f8bf8f56acae4e9f0e08bdb9a93da718b511dbd07df1050589fbcf03686e1f89,2012-02,Gloucestershire Constabulary,Gloucestershire Constabulary,-2.360655,51.691412,On or near St George'S Road,E01022375,Stroud 014D,Violent crime,Offender fined,
eede6eb7815fc57ad5437fc8bdd72a2943e1d7481b69112daaf00be14718050a,2012-02,Gloucestershire Constabulary,Gloucestershire Constabulary,-2.360655,51.691412,On or near St George'S Road,E01022375,Stroud 014D,Violent crime,Offender fined,
,2012-02,Gloucestershire Constabulary,Gloucestershire Constabulary,-2.365096,51.624971,On or near Bramley Close,E01022381,Stroud 015A,Anti-social behaviour,,
75a8af6d1839527b13ff233f1454c8e2ae4678f11bd46011cc86d3829e50b059,2012-02,Gloucestershire Constabulary,Gloucestershire Constabulary,-2.336270,51.606391,On or near Farmcote,E01022381,Stroud 015A,Burglary,Investigation complete; no suspect identified,
1d75c8359d6cf1a175c23ea9affe2ece5f57d76cc51f0e0276881ba9fe2671f4,2012-02,Gloucestershire Constabulary,Gloucestershire Constabulary,-2.337638,51.605902,On or near Vicarage Lane,E01022381,Stroud 015A,Burglary,,
6724204b7fbc507ac2d53511b3250fb11899dc91a6a8b0145ef9ef3e8f521f11,2012-02,Gloucestershire Constabulary,Gloucestershire Constabulary,-2.368333,51.625033,On or near Old Rectory Road,E01022381,Stroud 015A,Burglary,,
5ab6b7d0db630f76e0538060fc817da9759047fe7f68c0bfbb325b7fb69d1782,2012-02,Gloucestershire Constabulary,Gloucestershire Constabulary,-2.377891,51.619284,On or near Wickwar Road,E01022381,Stroud 015A,Criminal damage and arson,Local resolution,
3d9e600976364d8f463fc4b07d32b0646fc25640984ca2af541b262a98455ba6,2012-02,Gloucestershire Constabulary,Gloucestershire Constabulary,-2.377891,51.619284,On or near Wickwar Road,E01022381,Stroud 015A,Vehicle crime,,
5643462d27c8df6fadfd6888607301737cb60aab931e60ab176c2e292fb03732,2012-02,Gloucestershire Constabulary,Gloucestershire Constabulary,-2.351611,51.638958,On or near Old Town,E01022415,Stroud 015B,Criminal damage and arson,,
f092e38474f228fee0186c9152bda4e15d2a19d5f9853d66301a1e3c5c02b943,2012-02,Gloucestershire Constabulary,Gloucestershire Constabulary,-2.351611,51.638958,On or near Old Town,E01022415,Stroud 015B,Criminal damage and arson,,
3f21afebae4d393c14b4c9abcce85255b36d53ca9836896b5aee02c9dd1373e3,2012-02,Gloucestershire Constabulary,Gloucestershire Constabulary,-2.351611,51.638958,On or near Old Town,E01022415,Stroud 015B,Criminal damage and arson,,
9a9a3b110bf2afba625ac011da3ffd3a6af1255c8e01be95dea0d23d08921afc,2012-02,Gloucestershire Constabulary,Gloucestershire Constabulary,-2.351611,51.638958,On or near Old Town,E01022415,Stroud 015B,Criminal damage and arson,,
51e662cf269ef418b246cdb5e0606920e0bbf03a16dcebe0159abed39aa2f3df,2012-02,Gloucestershire Constabulary,Gloucestershire Constabulary,-2.351611,51.638958,On or near Old Town,E01022415,Stroud 015B,Criminal damage and arson,,
7aa9e0ea6b2ae8831828f7997e1e6e1a495eb4f1eb3acddb759ca0a3df71d206,2012-02,Gloucestershire Constabulary,Gloucestershire Constabulary,-2.338137,51.669109,On or near Whiteway,E01022415,Stroud 015B,Robbery,Investigation complete; no suspect identified,
,2012-02,Gloucestershire Constabulary,Gloucestershire Constabulary,-2.344168,51.631139,On or near Wotton Crescent,E01022416,Stroud 015C,Anti-social behaviour,,
,2012-02,Gloucestershire Constabulary,Gloucestershire Constabulary,-2.341283,51.637523,On or near Cherry Orchard,E01022416,Stroud 015C,Anti-social behaviour,,
,2012-02,Gloucestershire Constabulary,Gloucestershire Constabulary,-2.345217,51.632296,On or near Pitman Place,E01022416,Stroud 015C,Anti-social behaviour,,
,2012-02,Gloucestershire Constabulary,Gloucestershire Constabulary,-2.349127,51.639064,On or near Culverhay,E01022417,Stroud 015D,Anti-social behaviour,,
f30c20d56cd6ec23fe60c7f186287a05636c53185f866bbefb4789a673622cc4,2012-02,Gloucestershire Constabulary,Gloucestershire Constabulary,-2.343717,51.638352,On or near Cotswold Gardens,E01022417,Stroud 015D,Violent crime,Unable to prosecute suspect,
,2012-02,Gloucestershire Constabulary,Gloucestershire Constabulary,-2.354278,51.638122,On or near High Street,E01022418,Stroud 015E,Anti-social behaviour,,
,2012-02,Gloucestershire Constabulary,Gloucestershire Constabulary,-2.354558,51.638859,On or near Parking Area,E01022418,Stroud 015E,Anti-social behaviour,,
,2012-02,Gloucestershire Constabulary,Gloucestershire Constabulary,-2.353897,51.637395,On or near Market Street,E01022418,Stroud 015E,Anti-social behaviour,,
,2012-02,Gloucestershire Constabulary,Gloucestershire Constabulary,-2.352122,51.637742,On or near Long Street,E01022418,Stroud 015E,Anti-social behaviour,,
,2012-02,Gloucestershire Constabulary,Gloucestershire Constabulary,-2.352122,51.637742,On or near Long Street,E01022418,Stroud 015E,Anti-social behaviour,,
,2012-02,Gloucestershire Constabulary,Gloucestershire Constabulary,-2.356847,51.637746,On or near Westfields,E01022418,Stroud 015E,Anti-social behaviour,,
6a857e47e7eb231366dce0482ae0c451736c380a3c5cb3f62f01db227cdede41,2012-02,Gloucestershire Constabulary,Gloucestershire Constabulary,-2.354278,51.638122,On or near High Street,E01022418,Stroud 015E,Criminal damage and arson,,
1c5aa26c60fd2d74f7981c9dac5f059744d8513d5de2076e08c66b0c3d025143,2012-02,Gloucestershire Constabulary,Gloucestershire Constabulary,-2.352815,51.637623,On or near Supermarket,E01022418,Stroud 015E,Shoplifting,Investigation complete; no suspect identified,
febf3ece0174542b64dd837e07cae7157450b94c2b6d8f345fc22f5e2dbe97d5,2012-02,Gloucestershire Constabulary,Gloucestershire Constabulary,-2.352815,51.637623,On or near Supermarket,E01022418,Stroud 015E,Shoplifting,,
f7dfd44a7dfc5a0236bcf626aed30286bf677a1d0189a178f6a1802e495309dc,2012-02,Gloucestershire Constabulary,Gloucestershire Constabulary,-2.356861,51.639535,On or near Gloucester Street,E01022418,Stroud 015E,Vehicle crime,,
,2012-02,Gloucestershire Constabulary,Gloucestershire Constabulary,-2.112106,52.002972,On or near Steward Road,E01022450,Tewkesbury 001B,Anti-social behaviour,,
,2012-02,Gloucestershire Constabulary,Gloucestershire Constabulary,-2.111114,52.002541,On or near Woodward Close,E01022450,Tewkesbury 001B,Anti-social behaviour,,
,2012-02,Gloucestershire Constabulary,Gloucestershire Constabulary,-2.110409,52.005905,On or near Grange Road,E01022450,Tewkesbury 001B,Anti-social behaviour,,
,2012-02,Gloucestershire Constabulary,Gloucestershire Constabulary,-2.113479,52.004544,On or near Spruce Close,E01022450,Tewkesbury 001B,Anti-social behaviour,,
,2012-02,Gloucestershire Constabulary,Gloucestershire Constabulary,-2.113061,52.000526,On or near Davey Road,E01022450,Tewkesbury 001B,Anti-social behaviour,,
,2012-02,Gloucestershire Constabulary,Gloucestershire Constabulary,-2.111114,52.002541,On or near Woodward Close,E01022450,Tewkesbury 001B,Anti-social behaviour,,
,2012-02,Gloucestershire Constabulary,Gloucestershire Constabulary,-2.111114,52.002541,On or near Woodward Close,E01022450,Tewkesbury 001B,Anti-social behaviour,,
,2012-02,Gloucestershire Constabulary,Gloucestershire Constabulary,-2.109897,52.005060,On or near Grange Court,E01022450,Tewkesbury 001B,Anti-social behaviour,,
,2012-02,Gloucestershire Constabulary,Gloucestershire Constabulary,-2.113061,52.000526,On or near Davey Road,E01022450,Tewkesbury 001B,Anti-social behaviour,,
,2012-02,Gloucestershire Constabulary,Gloucestershire Constabulary,-2.112106,52.002972,On or near Steward Road,E01022450,Tewkesbury 001B,Anti-social behaviour,,
,2012-02,Gloucestershire Constabulary,Gloucestershire Constabulary,-2.114690,52.005118,On or near Springwater Close,E01022450,Tewkesbury 001B,Anti-social behaviour,,
,2012-02,Gloucestershire Constabulary,Gloucestershire Constabulary,-2.114537,52.002232,On or near Ash Road,E01022450,Tewkesbury 001B,Anti-social behaviour,,
,2012-02,Gloucestershire Constabulary,Gloucestershire Constabulary,-2.112106,52.002972,On or near Steward Road,E01022450,Tewkesbury 001B,Anti-social behaviour,,
,2012-02,Gloucestershire Constabulary,Gloucestershire Constabulary,-2.114537,52.002232,On or near Ash Road,E01022450,Tewkesbury 001B,Anti-social behaviour,,
,2012-02,Gloucestershire Constabulary,Gloucestershire Constabulary,-2.111114,52.002541,On or near Woodward Close,E01022450,Tewkesbury 001B,Anti-social behaviour,,
,2012-02,Gloucestershire Constabulary,Gloucestershire Constabulary,-2.111364,52.003467,On or near Elm Road,E01022450,Tewkesbury 001B,Anti-social behaviour,,
,2012-02,Gloucestershire Constabulary,Gloucestershire Constabulary,-2.110409,52.005905,On or near Grange Road,E01022450,Tewkesbury 001B,Anti-social behaviour,,
,2012-02,Gloucestershire Constabulary,Gloucestershire Constabulary,-2.113479,52.004544,On or near Spruce Close,E01022450,Tewkesbury 001B,Anti-social behaviour,,
,2012-02,Gloucestershire Constabulary,Gloucestershire Constabulary,-2.111981,52.005606,On or near Redwood Court,E01022450,Tewkesbury 001B,Anti-social behaviour,,
,2012-02,Gloucestershire Constabulary,Gloucestershire Constabulary,-2.111546,52.006515,On or near Merret Close,E01022450,Tewkesbury 001B,Anti-social behaviour,,
3783b2000c514ef9bc34a860806a0a3e1a00c89cb215df5b36279426ed687cbe,2012-02,Gloucestershire Constabulary,Gloucestershire Constabulary,-2.113479,52.004544,On or near Spruce Close,E01022450,Tewkesbury 001B,Burglary,Investigation complete; no suspect identified,
e70280b40b8260528cc9e08eb338d262bdf48a37f0325bf09fd2323788004be5,2012-02,Gloucestershire Constabulary,Gloucestershire Constabulary,-2.114537,52.002232,On or near Ash Road,E01022450,Tewkesbury 001B,Criminal damage and arson,,
ca7d3a1d61ea98963a0979190ce497166458a268195dbd10ec48fd12ed5e2820,2012-02,Gloucestershire Constabulary,Gloucestershire Constabulary,-2.112675,52.003358,On or near Cedar Road,E01022450,Tewkesbury 001B,Criminal damage and arson,Investigation complete; no suspect identified,
dae2ccc963d173fa9bcb2f84e31fc0565c59ec85f3f43cebe24f2302c2832cc7,2012-02,Gloucestershire Constabulary,Gloucestershire Constabulary,-2.114537,52.002232,On or near Ash Road,E01022450,Tewkesbury 001B,Criminal damage and arson,,
aeda76815f397e955e2eac7ab4a73f5a739dadcf2be4f60c1b5f8ede51b58cdf,2012-02,Gloucestershire Constabulary,Gloucestershire Constabulary,-2.109770,52.007020,On or near Hawthorn Way,E01022450,Tewkesbury 001B,Criminal damage and arson,,
aa596ade39dfb4525b9899cfb89d522831d79fea2a5e23c011cf77c3739fddbb,2012-02,Gloucestershire Constabulary,Gloucestershire Constabulary,-2.110762,52.007253,On or near Bevan Gardens,E01022450,Tewkesbury 001B,Criminal damage and arson,,
9f1aa94de8bcfda56c9ba61e634bf19f09de8374d7a6580594b7a6824df3abc0,2012-02,Gloucestershire Constabulary,Gloucestershire Constabulary,-2.114584,52.003788,On or near Sycamore Road,E01022450,Tewkesbury 001B,Other theft,,
ef2b7fd3b6ed4b15e85cb54b4d4ca45498bcd6ec5b6f244bba1c20c32c3d1031,2012-02,Gloucestershire Constabulary,Gloucestershire Constabulary,-2.114537,52.002232,On or near Ash Road,E01022450,Tewkesbury 001B,Other theft,,
e9f8f46d8ca15ffdcf3e62ccd2076e5e446eba64d60d4a677145dae15e4af92c,2012-02,Gloucestershire Constabulary,Gloucestershire Constabulary,-2.110653,51.998514,On or near Sports/Recreation Area,E01022450,Tewkesbury 001B,Other theft,Local resolution,
f6ffa4da8eba67e801e4ef6414af8ff40de56dfebf623d5257da1abc41d7e5f9,2012-02,Gloucestershire Constabulary,Gloucestershire Constabulary,-2.111481,52.003800,On or near Virginia Road,E01022450,Tewkesbury 001B,Shoplifting,,
749409bf90844ec326ef19c7803f14aa5dabc9266b833379ef4e68ce082d01e9,2012-02,Gloucestershire Constabulary,Gloucestershire Constabulary,-2.111364,52.003467,On or near Elm Road,E01022450,Tewkesbury 001B,Vehicle crime,,
4875e2da19f7f174aa265d65bf04b1e7a9843cd8a70f27ab6236f86eb4d2d3df,2012-02,Gloucestershire Constabulary,Gloucestershire Constabulary,-2.114537,52.002232,On or near Ash Road,E01022450,Tewkesbury 001B,Violent crime,Court result unavailable,
,2012-02,Gloucestershire Constabulary,Gloucestershire Constabulary,-2.113675,52.007052,On or near Sports/Recreation Area,E01022451,Tewkesbury 001C,Anti-social behaviour,,
,2012-02,Gloucestershire Constabulary,Gloucestershire Constabulary,-2.113794,52.008194,On or near George Dowty Drive,E01022451,Tewkesbury 001C,Anti-social behaviour,,
,2012-02,Gloucestershire Constabulary,Gloucestershire Constabulary,-2.113675,52.007052,On or near Sports/Recreation Area,E01022451,Tewkesbury 001C,Anti-social behaviour,,
,2012-02,Gloucestershire Constabulary,Gloucestershire Constabulary,-2.119175,52.009897,On or near Sallis Close,E01022451,Tewkesbury 001C,Anti-social behaviour,,
783dbb57ee4bf697d89df93cdaebaa28fb61d32a39d09808860227da2b332289,2012-02,Gloucestershire Constabulary,Gloucestershire Constabulary,-2.110502,52.008215,On or near Hughes Close,E01022451,Tewkesbury 001C,Criminal damage and arson,,
1458f5737829d2058458a7e0702afe9b2b545e767df8ba82cbfa5b46a3ba42a5,2012-02,Gloucestershire Constabulary,Gloucestershire Constabulary,-2.117742,52.008190,On or near Willis Walk,E01022451,Tewkesbury 001C,Other theft,,
a38a5646ccd8e8d40465d9e4a7ec68fb5360f214b3428e579061c1ea2a26b889,2012-02,Gloucestershire Constabulary,Gloucestershire Constabulary,-2.117742,52.008190,On or near Willis Walk,E01022451,Tewkesbury 001C,Vehicle crime,,
,2012-02,Gloucestershire Constabulary,Gloucestershire Constabulary,-2.146851,51.995022,On or near Supermarket,E01022455,Tewkesbury 001E,Anti-social behaviour,,
,2012-02,Gloucestershire Constabulary,Gloucestershire Constabulary,-2.132916,51.995992,On or near Walton Close,E01022455,Tewkesbury 001E,Anti-social behaviour,,
,2012-02,Gloucestershire Constabulary,Gloucestershire Constabulary,-2.123090,52.003177,On or near Northway Lane,E01022455,Tewkesbury 001E,Anti-social behaviour,,
,2012-02,Gloucestershire Constabulary,Gloucestershire Constabulary,-2.146851,51.995022,On or near Supermarket,E01022455,Tewkesbury 001E,Anti-social behaviour,,
,2012-02,Gloucestershire Constabulary,Gloucestershire Constabulary,-2.140461,51.996315,On or near Canterbury Leys,E01022455,Tewkesbury 001E,Anti-social behaviour,,
,2012-02,Gloucestershire Constabulary,Gloucestershire Constabulary,-2.132916,51.995992,On or near Walton Close,E01022455,Tewkesbury 001E,Anti-social behaviour,,
,2012-02,Gloucestershire Constabulary,Gloucestershire Constabulary,-2.146851,51.995022,On or near Supermarket,E01022455,Tewkesbury 001E,Anti-social behaviour,,
,2012-02,Gloucestershire Constabulary,Gloucestershire Constabulary,-2.137104,51.998612,On or near Northway Lane,E01022455,Tewkesbury 001E,Anti-social behaviour,,
,2012-02,Gloucestershire Constabulary,Gloucestershire Constabulary,-2.139859,51.994662,On or near Troughton Place,E01022455,Tewkesbury 001E,Anti-social behaviour,,
be9e2764f69a064c61985afd8ac36415491f346314fd4a39cf2cce3e8309e836,2012-02,Gloucestershire Constabulary,Gloucestershire Constabulary,-2.128876,52.004303,On or near Shannon Place,E01022455,Tewkesbury 001E,Burglary,,
6314ce422ba064fc579d6c90e802accc83e13cfaced0d2dc7214738b71def163,2012-02,Gloucestershire Constabulary,Gloucestershire Constabulary,-2.137297,51.995186,On or near Spa Gardens,E01022455,Tewkesbury 001E,Burglary,,
e9f98d1086eb6cc78d810a83ec28f337eb544e4f438b8e15efbc65b9b666e26f,2012-02,Gloucestershire Constabulary,Gloucestershire Constabulary,-2.137297,51.995186,On or near Spa Gardens,E01022455,Tewkesbury 001E,Other theft,,
eb2563d10f7c3cb3df6bba58ba9fff3f123e0fe779bf7bb54c0d374c6f284ccd,2012-02,Gloucestershire Constabulary,Gloucestershire Constabulary,-2.137297,51.995186,On or near Spa Gardens,E01022455,Tewkesbury 001E,Shoplifting,Investigation complete; no suspect identified,
3d9a711e63587d0f63c96c327b5fc175d075296862c771952999a396c7b31cef,2012-02,Gloucestershire Constabulary,Gloucestershire Constabulary,-2.137297,51.995186,On or near Spa Gardens,E01022455,Tewkesbury 001E,Shoplifting,,
32db66c2ba3cca5658dbaa31faca2dd47b7d497ad073bdf93a3ae8a2ad7dc3ae,2012-02,Gloucestershire Constabulary,Gloucestershire Constabulary,-2.135831,51.996734,On or near Springfield,E01022455,Tewkesbury 001E,Vehicle crime,Investigation complete; no suspect identified,
91c268eadc97b369b6f9458bb9bdbc5ec71212391c9354d25946089b7761440d,2012-02,Gloucestershire Constabulary,Gloucestershire Constabulary,-2.126841,52.005645,On or near The Courtyard,E01022455,Tewkesbury 001E,Vehicle crime,,
826d81e1012c2d5826ec5af9bcebe178a4ec3b7fef070c4f080893911bdfce37,2012-02,Gloucestershire Constabulary,Gloucestershire Constabulary,-2.137104,51.998612,On or near Northway Lane,E01022455,Tewkesbury 001E,Vehicle crime,,
da63f0f5fa9b5a06656a175ac1b7133944fe1183bc18d0d9cd19500810b5f08a,2012-02,Gloucestershire Constabulary,Gloucestershire Constabulary,-2.140461,51.996315,On or near Canterbury Leys,E01022455,Tewkesbury 001E,Violent crime,Investigation complete; no suspect identified,
,2012-02,Gloucestershire Constabulary,Gloucestershire Constabulary,-2.139189,51.980655,On or near Starling Road,E01032938,Tewkesbury 001F,Anti-social behaviour,,
,2012-02,Gloucestershire Constabulary,Gloucestershire Constabulary,-2.139189,51.980655,On or near Starling Road,E01032938,Tewkesbury 001F,Anti-social behaviour,,
,2012-02,Gloucestershire Constabulary,Gloucestershire Constabulary,-2.094293,51.997584,On or near Sports/Recreation Area,E01032938,Tewkesbury 001F,Anti-social behaviour,,
,2012-02,Gloucestershire Constabulary,Gloucestershire Constabulary,-2.141591,51.980266,On or near Columbine Road,E01032938,Tewkesbury 001F,Anti-social behaviour,,
,2012-02,Gloucestershire Constabulary,Gloucestershire Constabulary,-2.139189,51.980655,On or near Starling Road,E01032938,Tewkesbury 001F,Anti-social behaviour,,
,2012-02,Gloucestershire Constabulary,Gloucestershire Constabulary,-2.139189,51.980655,On or near Starling Road,E01032938,Tewkesbury 001F,Anti-social behaviour,,
,2012-02,Gloucestershire Constabulary,Gloucestershire Constabulary,-2.102406,51.997550,On or near St Barbara'S Close,E01032938,Tewkesbury 001F,Anti-social behaviour,,
,2012-02,Gloucestershire Constabulary,Gloucestershire Constabulary,-2.137528,51.980136,On or near Hazel Avenue,E01032938,Tewkesbury 001F,Anti-social behaviour,,
,2012-02,Gloucestershire Constabulary,Gloucestershire Constabulary,-2.139189,51.980655,On or near Starling Road,E01032938,Tewkesbury 001F,Anti-social behaviour,,
38f268fdf37798446f25dafb51c52da9b258d94c6dc4766866fd098164fc3c25,2012-02,Gloucestershire Constabulary,Gloucestershire Constabulary,-2.141009,51.980455,On or near Bristow Road,E01032938,Tewkesbury 001F,Other theft,Investigation complete; no suspect identified,
9eda5915d65630844313764160b4ad3243206158bef9419c514adb46de3a3f4a,2012-02,Gloucestershire Constabulary,Gloucestershire Constabulary,-2.116488,51.996620,On or near Petrol Station,E01032938,Tewkesbury 001F,Shoplifting,,
,2012-02,Gloucestershire Constabulary,Gloucestershire Constabulary,-2.145098,51.984424,On or near Longtown Road,E01032939,Tewkesbury 001G,Anti-social behaviour,,
,2012-02,Gloucestershire Constabulary,Gloucestershire Constabulary,-2.144066,51.985001,On or near Clifford Avenue,E01032939,Tewkesbury 001G,Anti-social behaviour,,
,2012-02,Gloucestershire Constabulary,Gloucestershire Constabulary,-2.144717,51.983480,On or near Holmoak Close,E01032939,Tewkesbury 001G,Anti-social behaviour,,
,2012-02,Gloucestershire Constabulary,Gloucestershire Constabulary,-2.145126,51.988416,On or near Byron Close,E01032939,Tewkesbury 001G,Anti-social behaviour,,
,2012-02,Gloucestershire Constabulary,Gloucestershire Constabulary,-2.143998,51.981944,On or near Cypress Road,E01032939,Tewkesbury 001G,Anti-social behaviour,,
,2012-02,Gloucestershire Constabulary,Gloucestershire Constabulary,-2.144717,51.983480,On or near Holmoak Close,E01032939,Tewkesbury 001G,Anti-social behaviour,,
,2012-02,Gloucestershire Constabulary,Gloucestershire Constabulary,-2.138685,51.982274,On or near Jasper Drive,E01032940,Tewkesbury 001H,Anti-social behaviour,,
ee39075730ad28df26f5768789af172f989c2e3161da6c1a53502ff8d100979f,2012-02,Gloucestershire Constabulary,Gloucestershire Constabulary,-2.137402,51.981853,On or near Foxglove Walk,E01032940,Tewkesbury 001H,Other theft,Local resolution,
72db6c34d9687bb0361c4473d722d7b75fe98b3160ef7a10768a5b334ca136eb,2012-02,Gloucestershire Constabulary,Gloucestershire Constabulary,-2.141356,51.984447,On or near Arlington Road,E01032940,Tewkesbury 001H,Violent crime,,
5be0e3d07488d6513e061ef29f5a132141e113ebe5f1be3bd4603c929488c1ca,2012-02,Gloucestershire Constabulary,Gloucestershire Constabulary,-2.138030,51.982293,On or near Crown Road,E01032940,Tewkesbury 001H,Violent crime,Investigation complete; no suspect identified,
,2012-02,Gloucestershire Constabulary,Gloucestershire Constabulary,-2.153249,51.979127,On or near Malmsey Close,E01022456,Tewkesbury 002A,Anti-social behaviour,,
1093496a45e248c9d8a7c5b7bea9e7ed0f3624e7727afaa5e978fccf134ec301,2012-02,Gloucestershire Constabulary,Gloucestershire Constabulary,-2.156331,51.981901,On or near Gupshill Close,E01022456,Tewkesbury 002A,Burglary,,
c722bf1228ac0fda05cc452b30abef680aab81b9fcfcceaee5e096fe4110ee1e,2012-02,Gloucestershire Constabulary,Gloucestershire Constabulary,-2.162703,51.984554,On or near Lincoln Close,E01022456,Tewkesbury 002A,Burglary,Investigation complete; no suspect identified,
d2f5e4687f6b8c5e333e72949c64bcbb03ea4f33332da1ff63d3d2949d22c332,2012-02,Gloucestershire Constabulary,Gloucestershire Constabulary,-2.162755,51.982747,On or near Lincoln Green Lane,E01022456,Tewkesbury 002A,Burglary,,
1b99c341fcec02d0c93c2d995de5a176a93233b4566cff00485beffb7124ee2d,2012-02,Gloucestershire Constabulary,Gloucestershire Constabulary,-2.154059,51.981814,On or near Manor Place,E01022456,Tewkesbury 002A,Other theft,,
e823ab0d52c8075dbacf10bce8a9307bb762b7817ad3e832dbd18f44fbee0860,2012-02,Gloucestershire Constabulary,Gloucestershire Constabulary,-2.162703,51.984554,On or near Lincoln Close,E01022456,Tewkesbury 002A,Vehicle crime,,
5f15efb8722f64ce9e21bc129e52895d5ba4f11ee2e3ee6dec8ef06540fa7e54,2012-02,Gloucestershire Constabulary,Gloucestershire Constabulary,-2.162963,51.984014,On or near Battle Road,E01022456,Tewkesbury 002A,Vehicle crime,,
2d8f2697fb9f92ad102857f1b2057023e0e59b8752da2b223541a5609e2b8f45,2012-02,Gloucestershire Constabulary,Gloucestershire Constabulary,-2.153028,51.978372,On or near Holme Road,E01022456,Tewkesbury 002A,Violent crime,,
,2012-02,Gloucestershire Constabulary,Gloucestershire Constabulary,-2.155148,51.985095,On or near Clarence Road,E01022457,Tewkesbury 002B,Anti-social behaviour,,
,2012-02,Gloucestershire Constabulary,Gloucestershire Constabulary,-2.155148,51.985095,On or near Clarence Road,E01022457,Tewkesbury 002B,Anti-social behaviour,,
,2012-02,Gloucestershire Constabulary,Gloucestershire Constabulary,-2.155148,51.985095,On or near Clarence Road,E01022457,Tewkesbury 002B,Anti-social behaviour,,
,2012-02,Gloucestershire Constabulary,Gloucestershire Constabulary,-2.155148,51.985095,On or near Clarence Road,E01022457,Tewkesbury 002B,Anti-social behaviour,,
,2012-02,Gloucestershire Constabulary,Gloucestershire Constabulary,-2.155148,51.985095,On or near Clarence Road,E01022457,Tewkesbury 002B,Anti-social behaviour,,
,2012-02,Gloucestershire Constabulary,Gloucestershire Constabulary,-2.159119,51.983965,On or near Gloucester Road,E01022457,Tewkesbury 002B,Anti-social behaviour,,
,2012-02,Gloucestershire Constabulary,Gloucestershire Constabulary,-2.155148,51.985095,On or near Clarence Road,E01022457,Tewkesbury 002B,Anti-social behaviour,,
,2012-02,Gloucestershire Constabulary,Gloucestershire Constabulary,-2.156227,51.985480,On or near Hastings Place,E01022457,Tewkesbury 002B,Anti-social behaviour,,
,2012-02,Gloucestershire Constabulary,Gloucestershire Constabulary,-2.155148,51.985095,On or near Clarence Road,E01022457,Tewkesbury 002B,Anti-social behaviour,,
,2012-02,Gloucestershire Constabulary,Gloucestershire Constabulary,-2.155148,51.985095,On or near Clarence Road,E01022457,Tewkesbury 002B,Anti-social behaviour,,
,2012-02,Gloucestershire Constabulary,Gloucestershire Constabulary,-2.155148,51.985095,On or near Clarence Road,E01022457,Tewkesbury 002B,Anti-social behaviour,,
,2012-02,Gloucestershire Constabulary,Gloucestershire Constabulary,-2.155148,51.985095,On or near Clarence Road,E01022457,Tewkesbury 002B,Anti-social behaviour,,
,2012-02,Gloucestershire Constabulary,Gloucestershire Constabulary,-2.156227,51.985480,On or near Hastings Place,E01022457,Tewkesbury 002B,Anti-social behaviour,,
,2012-02,Gloucestershire Constabulary,Gloucestershire Constabulary,-2.155148,51.985095,On or near Clarence Road,E01022457,Tewkesbury 002B,Anti-social behaviour,,
,2012-02,Gloucestershire Constabulary,Gloucestershire Constabulary,-2.155148,51.985095,On or near Clarence Road,E01022457,Tewkesbury 002B,Anti-social behaviour,,
,2012-02,Gloucestershire Constabulary,Gloucestershire Constabulary,-2.155148,51.985095,On or near Clarence Road,E01022457,Tewkesbury 002B,Anti-social behaviour,,
,2012-02,Gloucestershire Constabulary,Gloucestershire Constabulary,-2.155148,51.985095,On or near Clarence Road,E01022457,Tewkesbury 002B,Anti-social behaviour,,
ad0fbbccfdf258861c2ed975367d1697fba40d9c59172c1e1322a3ccbed7ac83,2012-02,Gloucestershire Constabulary,Gloucestershire Constabulary,-2.162624,51.986945,On or near Shephard Mead,E01022457,Tewkesbury 002B,Burglary,,
13b5c5be8ed465e82877dcd02c3063c1da18c3409d7c7dbfc25139c876f152ba,2012-02,Gloucestershire Constabulary,Gloucestershire Constabulary,-2.156354,51.984311,On or near Abbot'S Road,E01022457,Tewkesbury 002B,Burglary,,
761774df3bdb70ae9e6a5d9e22da82f97b815856334c2c0e426f7d1eb200e73e,2012-02,Gloucestershire Constabulary,Gloucestershire Constabulary,-2.152771,51.984064,On or near Devonshire Place,E01022457,Tewkesbury 002B,Burglary,,
9031135b9fb0155c65981b7f4030ac16164e30ef3a903876b3951ce4a43f4b00,2012-02,Gloucestershire Constabulary,Gloucestershire Constabulary,-2.152771,51.984064,On or near Devonshire Place,E01022457,Tewkesbury 002B,Other theft,,
,2012-02,Gloucestershire Constabulary,Gloucestershire Constabulary,-2.157193,51.987016,On or near Abbey View,E01022458,Tewkesbury 002C,Anti-social behaviour,,
,2012-02,Gloucestershire Constabulary,Gloucestershire Constabulary,-2.152966,51.985907,On or near Warwick Place,E01022458,Tewkesbury 002C,Anti-social behaviour,,
,2012-02,Gloucestershire Constabulary,Gloucestershire Constabulary,-2.157889,51.986134,On or near Foresters Road,E01022458,Tewkesbury 002C,Anti-social behaviour,,
,2012-02,Gloucestershire Constabulary,Gloucestershire Constabulary,-2.153121,51.988586,On or near Neville Road,E01022458,Tewkesbury 002C,Anti-social behaviour,,
,2012-02,Gloucestershire Constabulary,Gloucestershire Constabulary,-2.152124,51.986573,On or near Queens Road,E01022458,Tewkesbury 002C,Anti-social behaviour,,
,2012-02,Gloucestershire Constabulary,Gloucestershire Constabulary,-2.156972,51.986270,On or near Belfry Drive,E01022458,Tewkesbury 002C,Anti-social behaviour,,
,2012-02,Gloucestershire Constabulary,Gloucestershire Constabulary,-2.154084,51.989016,On or near Wenlock Road,E01022458,Tewkesbury 002C,Anti-social behaviour,,
,2012-02,Gloucestershire Constabulary,Gloucestershire Constabulary,-2.156972,51.986270,On or near Belfry Drive,E01022458,Tewkesbury 002C,Anti-social behaviour,,
7cc9bba1130b93a9e6dfbd22c87dfe1c3656be13865d1497694f7a9af1d6d1a0,2012-02,Gloucestershire Constabulary,Gloucestershire Constabulary,-2.152966,51.985907,On or near Warwick Place,E01022458,Tewkesbury 002C,Burglary,,
5ab66561508c46e67141df28d293cc96174f78c16970e9450671b4958a03aa35,2012-02,Gloucestershire Constabulary,Gloucestershire Constabulary,-2.155022,51.986767,On or near Despenser Road,E01022458,Tewkesbury 002C,Other theft,,
896b308bd2a20d534a1dafd8b0675f42cd27fc311fc4ac1d03c6c018e9197293,2012-02,Gloucestershire Constabulary,Gloucestershire Constabulary,-2.152966,51.985907,On or near Warwick Place,E01022458,Tewkesbury 002C,Vehicle crime,,
175f14abe9a9983edbba264f6c6d99b0c642c425a8355c6f3a6fd01d668d277c,2012-02,Gloucestershire Constabulary,Gloucestershire Constabulary,-2.157193,51.987016,On or near Abbey View,E01022458,Tewkesbury 002C,Violent crime,,
,2012-02,Gloucestershire Constabulary,Gloucestershire Constabulary,-2.159408,51.991472,On or near Church Street,E01022459,Tewkesbury 002D,Anti-social behaviour,,
,2012-02,Gloucestershire Constabulary,Gloucestershire Constabulary,-2.154353,51.995426,On or near Parking Area,E01022459,Tewkesbury 002D,Anti-social behaviour,,
,2012-02,Gloucestershire Constabulary,Gloucestershire Constabulary,-2.156643,51.992015,On or near Compton'S Alley,E01022459,Tewkesbury 002D,Anti-social behaviour,,
,2012-02,Gloucestershire Constabulary,Gloucestershire Constabulary,-2.156696,51.994731,On or near High Street,E01022459,Tewkesbury 002D,Anti-social behaviour,,
,2012-02,Gloucestershire Constabulary,Gloucestershire Constabulary,-2.163782,51.988868,On or near Parking Area,E01022459,Tewkesbury 002D,Anti-social behaviour,,
,2012-02,Gloucestershire Constabulary,Gloucestershire Constabulary,-2.155233,51.992880,On or near Police Station,E01022459,Tewkesbury 002D,Anti-social behaviour,,
,2012-02,Gloucestershire Constabulary,Gloucestershire Constabulary,-2.162027,51.991010,On or near Mill Street,E01022459,Tewkesbury 002D,Anti-social behaviour,,
,2012-02,Gloucestershire Constabulary,Gloucestershire Constabulary,-2.154353,51.995426,On or near Parking Area,E01022459,Tewkesbury 002D,Anti-social behaviour,,
,2012-02,Gloucestershire Constabulary,Gloucestershire Constabulary,-2.154353,51.995426,On or near Parking Area,E01022459,Tewkesbury 002D,Anti-social behaviour,,
,2012-02,Gloucestershire Constabulary,Gloucestershire Constabulary,-2.159408,51.991472,On or near Church Street,E01022459,Tewkesbury 002D,Anti-social behaviour,,
,2012-02,Gloucestershire Constabulary,Gloucestershire Constabulary,-2.157120,51.995197,On or near Quay Street,E01022459,Tewkesbury 002D,Anti-social behaviour,,
,2012-02,Gloucestershire Constabulary,Gloucestershire Constabulary,-2.157120,51.995197,On or near Quay Street,E01022459,Tewkesbury 002D,Anti-social behaviour,,
ff9a304f3e4ef9186e8c507a09549671bd3ba00b3a73b811d3dc6ba391001a26,2012-02,Gloucestershire Constabulary,Gloucestershire Constabulary,-2.156643,51.992015,On or near Compton'S Alley,E01022459,Tewkesbury 002D,Burglary,Offender sent to prison,
2b1cd33e3f70904950bbf213bd49d01e0c87d184dc11ea84239656d9a197eb6c,2012-02,Gloucestershire Constabulary,Gloucestershire Constabulary,-2.157535,51.993228,On or near Supermarket,E01022459,Tewkesbury 002D,Burglary,,
bb4084ceb4ceb2228a17963c89a5e79cdcd135e9bfc9f794d0f3da13412f3c5f,2012-02,Gloucestershire Constabulary,Gloucestershire Constabulary,-2.162027,51.991010,On or near Mill Street,E01022459,Tewkesbury 002D,Burglary,Investigation complete; no suspect identified,
eb9f6c26de9b570f816a6f621f5d5b9cef99cc954abfd88cbf4bc2ef69f34b87,2012-02,Gloucestershire Constabulary,Gloucestershire Constabulary,-2.158362,51.992310,On or near Post Office Lane,E01022459,Tewkesbury 002D,Criminal damage and arson,Local resolution,
e2d9fba494940d7bf607124ccb398ec368fa9b4abf1cb49c628acacba82f5403,2012-02,Gloucestershire Constabulary,Gloucestershire Constabulary,-2.157612,51.994451,On or near Smith'S Lane,E01022459,Tewkesbury 002D,Other theft,,
e4efca92bbfb3002b4366e0893a64385c734dbc0c0736d58396f2a75c92a1ef2,2012-02,Gloucestershire Constabulary,Gloucestershire Constabulary,-2.157612,51.994451,On or near Smith'S Lane,E01022459,Tewkesbury 002D,Other theft,,
9e825b5f6585103b9e8b354898b19b49200c5a3171e2fd220dcfbe8ab99a67a1,2012-02,Gloucestershire Constabulary,Gloucestershire Constabulary,-2.157612,51.994451,On or near Smith'S Lane,E01022459,Tewkesbury 002D,Other theft,,
16cb7d173f88c92b345e538a2aab9152e1789d81875265f2783f75282c5a0d5f,2012-02,Gloucestershire Constabulary,Gloucestershire Constabulary,-2.155518,51.995227,On or near Parking Area,E01022459,Tewkesbury 002D,Other theft,,
1610a4e884cc22d5e8144de90e8837162916708dd7e76fde30c9233490b8f972,2012-02,Gloucestershire Constabulary,Gloucestershire Constabulary,-2.157612,51.994451,On or near Smith'S Lane,E01022459,Tewkesbury 002D,Other theft,Investigation complete; no suspect identified,
07cb2149945fba0fbebc220b00950612281372bcb2a489ff30a1f32eca9e5d25,2012-02,Gloucestershire Constabulary,Gloucestershire Constabulary,-2.155433,51.996072,On or near Theatre/Concert Hall,E01022459,Tewkesbury 002D,Other theft,,
c9dc33fd1703bb299a2372179e1f3708e11d214a42736caf4d20ab3241185a6a,2012-02,Gloucestershire Constabulary,Gloucestershire Constabulary,-2.156214,51.994309,On or near Trinity Street,E01022459,Tewkesbury 002D,Other theft,,
2fd2722c2a7edc6782d8fe8cf6406525f2a7269b372d57d5149272f1e02485c0,2012-02,Gloucestershire Constabulary,Gloucestershire Constabulary,-2.157612,51.994451,On or near Smith'S Lane,E01022459,Tewkesbury 002D,Other theft,,
4f5c263ed954c43458fc2a9d86f0ee2ef9a4347586e853cff7a342f92bd57dc8,2012-02,Gloucestershire Constabulary,Gloucestershire Constabulary,-2.158362,51.992310,On or near Post Office Lane,E01022459,Tewkesbury 002D,Public disorder and weapons,,
d400fd66713a907fee23549976346ac142403bad4fc955a26ecbcef4ec44fd38,2012-02,Gloucestershire Constabulary,Gloucestershire Constabulary,-2.157612,51.994451,On or near Smith'S Lane,E01022459,Tewkesbury 002D,Public disorder and weapons,Offender sent to prison,
d7dbf4f9100a2048b0c32bde4615ba86d3af7acd059daa1927db1e450a60c5bc,2012-02,Gloucestershire Constabulary,Gloucestershire Constabulary,-2.157535,51.993228,On or near Supermarket,E01022459,Tewkesbury 002D,Shoplifting,,
1aad0463f34aa65d79a9dd2df4935a46d96ea172c8547ad7852e6de3754da40c,2012-02,Gloucestershire Constabulary,Gloucestershire Constabulary,-2.159408,51.991472,On or near Church Street,E01022459,Tewkesbury 002D,Violent crime,,
79d5c05d6366a05adc0ce9a9fb2602b6bf07781faf6ecb3d438463fc68f55eb3,2012-02,Gloucestershire Constabulary,Gloucestershire Constabulary,-2.157612,51.994451,On or near Smith'S Lane,E01022459,Tewkesbury 002D,Violent crime,,
c3fb5a911469b30b45e3024f4933ef7d033a9df40b7e27fd2edea79afa6a6000,2012-02,Gloucestershire Constabulary,Gloucestershire Constabulary,-2.157612,51.994451,On or near Smith'S Lane,E01022459,Tewkesbury 002D,Other crime,,
e3aab1a9235279744efdf8387519ce99696223796bb53b2a9ad39e16bc18779a,2012-02,Gloucestershire Constabulary,Gloucestershire Constabulary,-2.158362,51.992310,On or near Post Office Lane,E01022459,Tewkesbury 002D,Other crime,Court result unavailable,
bdf869d15de259009a6b347ebe1f9c7641dfa86b10e51a881f937c0ae2ffc167,2012-02,Gloucestershire Constabulary,Gloucestershire Constabulary,-2.155518,51.995227,On or near Parking Area,E01022459,Tewkesbury 002D,Other crime,Investigation complete; no suspect identified,
36218fa576fce643986fc9c9196af86cf15081569ed5f5cba534348ca1288e8f,2012-02,Gloucestershire Constabulary,Gloucestershire Constabulary,-2.159408,51.991472,On or near Church Street,E01022459,Tewkesbury 002D,Other crime,Court result unavailable,
9d1a80992dfcbdc42459dc34440f9b4cfd07c858c56f52af592a5ef0a6a4dc3e,2012-02,Gloucestershire Constabulary,Gloucestershire Constabulary,-2.160210,51.991687,On or near Smiths Court,E01022459,Tewkesbury 002D,Other crime,Court result unavailable,
,2012-02,Gloucestershire Constabulary,Gloucestershire Constabulary,-2.149425,51.993724,On or near Wynyards Close,E01022460,Tewkesbury 002E,Anti-social behaviour,,
,2012-02,Gloucestershire Constabulary,Gloucestershire Constabulary,-2.151656,51.994548,On or near Ropewalk,E01022460,Tewkesbury 002E,Anti-social behaviour,,
,2012-02,Gloucestershire Constabulary,Gloucestershire Constabulary,-2.151650,51.997120,On or near Workman Close,E01022460,Tewkesbury 002E,Anti-social behaviour,,
,2012-02,Gloucestershire Constabulary,Gloucestershire Constabulary,-2.152929,51.996255,On or near Hollams Road,E01022460,Tewkesbury 002E,Anti-social behaviour,,
,2012-02,Gloucestershire Constabulary,Gloucestershire Constabulary,-2.153849,51.992774,On or near Orchard Court,E01022460,Tewkesbury 002E,Anti-social behaviour,,
f66e8f08b4b8e0daa40e10792213f6b9df275a0400568dbf7b16ce48e65f59ef,2012-02,Gloucestershire Constabulary,Gloucestershire Constabulary,-2.153716,51.996488,On or near Old Hospital Lane,E01022460,Tewkesbury 002E,Burglary,,
3acb366198749071a34a3046486c69bf86fbe7ecf1de94326fd1fa6b79cb3cca,2012-02,Gloucestershire Constabulary,Gloucestershire Constabulary,-2.149738,51.995845,On or near Cotswold Gardens,E01022460,Tewkesbury 002E,Burglary,Suspect charged as part of another case,
baef44bccdf079bff6ebf5902b254f3763317a1764aee5562ed2785ec076833b,2012-02,Gloucestershire Constabulary,Gloucestershire Constabulary,-2.153310,51.996875,On or near Jeynes Row,E01022460,Tewkesbury 002E,Criminal damage and arson,,
45ef70e87d6cfa94629c4509b964a9b02260231b126e2ace7adcd6bf7d769b65,2012-02,Gloucestershire Constabulary,Gloucestershire Constabulary,-2.151650,51.997120,On or near Workman Close,E01022460,Tewkesbury 002E,Vehicle crime,,
b0cb2b9fde6634483f05e334fa4ff9123a9252f5cc35a42462226ff63d9b50d2,2012-02,Gloucestershire Constabulary,Gloucestershire Constabulary,-2.147312,52.002169,On or near Webbs Way,E01022460,Tewkesbury 002E,Vehicle crime,,
8945daa1314da38194e56e66a9d95c370ffb643d15f7f9b4d77d66c251ed4327,2012-02,Gloucestershire Constabulary,Gloucestershire Constabulary,-2.154666,51.997466,On or near High Street,E01022460,Tewkesbury 002E,Vehicle crime,,
,2012-02,Gloucestershire Constabulary,Gloucestershire Constabulary,-2.147345,51.998869,On or near Carrant Road,E01022461,Tewkesbury 002F,Anti-social behaviour,,
44ac61111f83d311fb810ded5bea3beab0fd726e7ba2177fc092d271d4518211,2012-02,Gloucestershire Constabulary,Gloucestershire Constabulary,-2.147345,51.998869,On or near Carrant Road,E01022461,Tewkesbury 002F,Burglary,,
fbd50668c7bfd871ace88d352cfc0a7eb9788e95ed611cf240ed4f31372ba754,2012-02,Gloucestershire Constabulary,Gloucestershire Constabulary,-2.151743,51.998756,On or near Petrol Station,E01022461,Tewkesbury 002F,Other crime,,
,2012-02,Gloucestershire Constabulary,Gloucestershire Constabulary,-2.150442,52.032032,On or near Freemans Close,E01022462,Tewkesbury 002G,Anti-social behaviour,,
323c59e59aa6761d204ea1d7fb1bdbdea60e873b9bdd42b8795289ec83682f05,2012-02,Gloucestershire Constabulary,Gloucestershire Constabulary,-2.161144,52.024744,On or near Page'S Lane,E01022462,Tewkesbury 002G,Criminal damage and arson,,
32e83e88ca29b11ee18079c9dd23c809ac0605f96a2f3fc15bef906a425563d2,2012-02,Gloucestershire Constabulary,Gloucestershire Constabulary,-2.162344,52.001987,On or near A438,E01022462,Tewkesbury 002G,Drugs,,
ec38f374223f4bc79c8d2b3a39b6678c16b99fa001a242d0a54104a09e37eb63,2012-02,Gloucestershire Constabulary,Gloucestershire Constabulary,-2.163598,52.014438,On or near Mythe Road,E01022462,Tewkesbury 002G,Other theft,,
91a2c0bc098d33457ad00ff329373ca8e172ea7322dda216965473edbfa0101a,2012-02,Gloucestershire Constabulary,Gloucestershire Constabulary,-2.147367,52.032306,On or near Hillview Lane,E01022462,Tewkesbury 002G,Violent crime,,
,2012-02,Gloucestershire Constabulary,Gloucestershire Constabulary,-2.050945,51.996056,On or near Walnut Bank Drive,E01022449,Tewkesbury 003A,Anti-social behaviour,,
b9e8cca3715c5f3ecfc837e0c51dbdd1b95d0c25750f717cfd38b0e6566db45a,2012-02,Gloucestershire Constabulary,Gloucestershire Constabulary,-1.976608,52.021023,On or near St Peters Lane,E01022449,Tewkesbury 003A,Burglary,Investigation complete; no suspect identified,
5c75c1ecfad0d65a0d25b4ee33dda72903e46c67ea4450fd0ee8164b6073ac23,2012-02,Gloucestershire Constabulary,Gloucestershire Constabulary,-2.050945,51.996056,On or near Walnut Bank Drive,E01022449,Tewkesbury 003A,Burglary,,
5fe61329f0b7021792ad34a8910c18cc6521814b9da192a97b7345e77f0d7db8,2012-02,Gloucestershire Constabulary,Gloucestershire Constabulary,-1.976608,52.021023,On or near St Peters Lane,E01022449,Tewkesbury 003A,Burglary,,
5a20c62b3097e7b0c05e100c8e7af30cd4d4db8882ce75fae849e24004087504,2012-02,Gloucestershire Constabulary,Gloucestershire Constabulary,-2.023503,51.992567,On or near Sports/Recreation Area,E01022449,Tewkesbury 003A,Burglary,Investigation complete; no suspect identified,
707c3eeed8c861c78fa3ee170a763e3eba83ce49a6d2d0743c188706f558d317,2012-02,Gloucestershire Constabulary,Gloucestershire Constabulary,-2.050945,51.996056,On or near Walnut Bank Drive,E01022449,Tewkesbury 003A,Criminal damage and arson,,
656e15b5ac756bd316801e6b206d566e3fbf5a3975656d2cba0d5d40c5f506ce,2012-02,Gloucestershire Constabulary,Gloucestershire Constabulary,-1.885271,52.024359,On or near The Lane,E01022449,Tewkesbury 003A,Other theft,,
df069bc117198eb3ef8c20a5bf3e70d61a742008d84f4f0ea8a0a23666bca7d6,2012-02,Gloucestershire Constabulary,Gloucestershire Constabulary,-1.904375,52.005118,On or near Stanway Road,E01022449,Tewkesbury 003A,Other theft,,
58a1a82d291249df9c9138d644a828a00e60cbe48020f56f56d02891684f4534,2012-02,Gloucestershire Constabulary,Gloucestershire Constabulary,-1.975587,52.022767,On or near Blacksmiths Lane,E01022449,Tewkesbury 003A,Vehicle crime,,
bd47d3e215d2c6c01819397774c771c4b11443340cead71cbe81b87f88f0bad2,2012-02,Gloucestershire Constabulary,Gloucestershire Constabulary,-1.860527,52.004813,On or near Parking Area,E01022449,Tewkesbury 003A,Vehicle crime,,
,2012-02,Gloucestershire Constabulary,Gloucestershire Constabulary,-1.965614,51.952682,On or near Abbey Terrace,E01022463,Tewkesbury 003B,Anti-social behaviour,,
,2012-02,Gloucestershire Constabulary,Gloucestershire Constabulary,-1.966908,51.954399,On or near Parking Area,E01022463,Tewkesbury 003B,Anti-social behaviour,,
,2012-02,Gloucestershire Constabulary,Gloucestershire Constabulary,-1.949232,51.937715,On or near Park/Open Space,E01022463,Tewkesbury 003B,Anti-social behaviour,,
,2012-02,Gloucestershire Constabulary,Gloucestershire Constabulary,-1.884926,51.897157,On or near B4068,E01022463,Tewkesbury 003B,Anti-social behaviour,,
40c617fcdbd1d30ceb86ef0c328329e9b217f29fc5109275a43d64e05d1526a3,2012-02,Gloucestershire Constabulary,Gloucestershire Constabulary,-1.975074,51.948539,On or near B4632,E01022463,Tewkesbury 003B,Burglary,,
e369576b5bda5b99cec43982255b8914101319e57a10aae4ac720d5cfd1ea42d,2012-02,Gloucestershire Constabulary,Gloucestershire Constabulary,-1.975074,51.948539,On or near B4632,E01022463,Tewkesbury 003B,Vehicle crime,,
,2012-02,Gloucestershire Constabulary,Gloucestershire Constabulary,-1.974387,51.954005,On or near Farmcote Gardens,E01022464,Tewkesbury 003C,Anti-social behaviour,,
,2012-02,Gloucestershire Constabulary,Gloucestershire Constabulary,-1.971361,51.953187,On or near Abbey View,E01022464,Tewkesbury 003C,Anti-social behaviour,,
,2012-02,Gloucestershire Constabulary,Gloucestershire Constabulary,-1.972394,51.953367,On or near Binyon Road,E01022464,Tewkesbury 003C,Anti-social behaviour,,
,2012-02,Gloucestershire Constabulary,Gloucestershire Constabulary,-1.967953,51.958113,On or near Cedar Grove,E01022464,Tewkesbury 003C,Anti-social behaviour,,
,2012-02,Gloucestershire Constabulary,Gloucestershire Constabulary,-1.972991,51.953385,On or near Oakey Close,E01022464,Tewkesbury 003C,Anti-social behaviour,,
,2012-02,Gloucestershire Constabulary,Gloucestershire Constabulary,-1.972991,51.953385,On or near Oakey Close,E01022464,Tewkesbury 003C,Anti-social behaviour,,
1486f99124342315bfbdfd883d8a37c31c7f77e8de0d12542d4732ff7b2bc1cc,2012-02,Gloucestershire Constabulary,Gloucestershire Constabulary,-1.967953,51.958113,On or near Cedar Grove,E01022464,Tewkesbury 003C,Vehicle crime,,
,2012-02,Gloucestershire Constabulary,Gloucestershire Constabulary,-1.990302,51.972349,On or near Barn Close,E01022465,Tewkesbury 003D,Anti-social behaviour,,
01d4553128f46c143264c8586cb1192dda0cf117f39f7272cb23024c50614cd2,2012-02,Gloucestershire Constabulary,Gloucestershire Constabulary,-1.985731,51.972690,On or near Sports/Recreation Area,E01022465,Tewkesbury 003D,Criminal damage and arson,Investigation complete; no suspect identified,
,2012-02,Gloucestershire Constabulary,Gloucestershire Constabulary,-1.929742,51.964641,On or near Salter'S Lane,E01022466,Tewkesbury 003E,Anti-social behaviour,,
,2012-02,Gloucestershire Constabulary,Gloucestershire Constabulary,-1.966657,51.958508,On or near Crispin Road,E01022466,Tewkesbury 003E,Anti-social behaviour,,
,2012-02,Gloucestershire Constabulary,Gloucestershire Constabulary,-1.929742,51.964641,On or near Salter'S Lane,E01022466,Tewkesbury 003E,Anti-social behaviour,,
70af4fe21082f53793ffd5cba7134bd1ccdaedd9d11f90229df98483e532c5e0,2012-02,Gloucestershire Constabulary,Gloucestershire Constabulary,-1.931520,51.992019,On or near Broadway Road,E01022466,Tewkesbury 003E,Criminal damage and arson,,
472616198e8ae420fe81221ae9b9e111d526d0fccca5f628536e0c3d1179891c,2012-02,Gloucestershire Constabulary,Gloucestershire Constabulary,-1.931520,51.992019,On or near Broadway Road,E01022466,Tewkesbury 003E,Criminal damage and arson,,
6bb86b03d9267e188d0870c7dab4d2d39edcadebde02afdd0a87bda7ad09e477,2012-02,Gloucestershire Constabulary,Gloucestershire Constabulary,-1.900726,51.981937,On or near B4077,E01022466,Tewkesbury 003E,Other theft,,
b2dad13f1800deee365fcaff95e157528c760b0962682ae3143bd5d0e4b79c48,2012-02,Gloucestershire Constabulary,Gloucestershire Constabulary,-1.963579,51.967336,On or near The Pines,E01022466,Tewkesbury 003E,Violent crime,,
,2012-02,Gloucestershire Constabulary,Gloucestershire Constabulary,-2.022705,51.941428,On or near Park/Open Space,E01022434,Tewkesbury 004A,Anti-social behaviour,,
f045fa7f42aa669e8ef26757fd2102cbd3f7d244592569f92d2cefd0a1d3bd35,2012-02,Gloucestershire Constabulary,Gloucestershire Constabulary,-2.064547,51.934139,On or near Sports/Recreation Area,E01022434,Tewkesbury 004A,Burglary,,
a2a9fd79f8ac18472d2723a75b5c46b0cb869c42ead1b10720c28aa8378f1953,2012-02,Gloucestershire Constabulary,Gloucestershire Constabulary,-2.031082,51.937533,On or near B4632,E01022434,Tewkesbury 004A,Burglary,Investigation complete; no suspect identified,
bbbd78a156af711d84808473a9136d7df537f70b12ef442635f189ceb4a34361,2012-02,Gloucestershire Constabulary,Gloucestershire Constabulary,-2.040252,51.944849,On or near Beverley Gardens,E01022434,Tewkesbury 004A,Burglary,,
eb845a0296f6f11158fd2cf5936414eff87867aade414fb521c1a799b7081472,2012-02,Gloucestershire Constabulary,Gloucestershire Constabulary,-2.053430,51.929991,On or near Southam Lane,E01022434,Tewkesbury 004A,Criminal damage and arson,,
ffe804c1625aebf3b993b4d2bae723c599a1ac0acf0e059d543dc07b90048e36,2012-02,Gloucestershire Constabulary,Gloucestershire Constabulary,-2.066806,51.937536,On or near A435,E01022434,Tewkesbury 004A,Other theft,Offender given a caution,
4cdafd94f9f915c51f76fe32e37c607eb495903231317305079163ebd2dc32f1,2012-02,Gloucestershire Constabulary,Gloucestershire Constabulary,-2.066806,51.937536,On or near A435,E01022434,Tewkesbury 004A,Other theft,,
9dbeed181433fcfcf7240cc2d646f706ee984e87aa524f3a42bd85cfbf8a349a,2012-02,Gloucestershire Constabulary,Gloucestershire Constabulary,-2.020917,51.943496,On or near Petty Lane,E01022434,Tewkesbury 004A,Vehicle crime,,
3d9aaa862f73f9e7f9bd5493a3c3f63c13c2e19fa8cd89f5fab8d79dd45465fb,2012-02,Gloucestershire Constabulary,Gloucestershire Constabulary,-2.020917,51.943496,On or near Petty Lane,E01022434,Tewkesbury 004A,Vehicle crime,,
32b352559708d875d71d04f38f778ae5577a512b2b6bb6d25da10fc530561617,2012-02,Gloucestershire Constabulary,Gloucestershire Constabulary,-2.026478,51.949833,On or near Park/Open Space,E01022434,Tewkesbury 004A,Vehicle crime,,
,2012-02,Gloucestershire Constabulary,Gloucestershire Constabulary,-2.116153,51.934845,On or near Lowdilow Lane,E01022441,Tewkesbury 004B,Anti-social behaviour,,
,2012-02,Gloucestershire Constabulary,Gloucestershire Constabulary,-2.123869,51.921612,On or near Moat Lane,E01022441,Tewkesbury 004B,Anti-social behaviour,,
,2012-02,Gloucestershire Constabulary,Gloucestershire Constabulary,-2.130371,51.937348,On or near M5,E01022441,Tewkesbury 004B,Anti-social behaviour,,
bd347167ea3a636a60ea88f275364cd96f82170ae432dc6014ef62accae98022,2012-02,Gloucestershire Constabulary,Gloucestershire Constabulary,-2.156406,51.953553,On or near Cursey Lane,E01022441,Tewkesbury 004B,Burglary,,
15595e32a3630bfd694303c374d9d6aa9ff228c89f4dfc5c6fec57aba80a28b3,2012-02,Gloucestershire Constabulary,Gloucestershire Constabulary,-2.198363,51.954902,On or near Apperley Park,E01022441,Tewkesbury 004B,Criminal damage and arson,,
424cfdb7474b0d727429b0b06145b2c5777ae38f3de78dfd5bc6999f672d5810,2012-02,Gloucestershire Constabulary,Gloucestershire Constabulary,-2.198363,51.954902,On or near Apperley Park,E01022441,Tewkesbury 004B,Criminal damage and arson,,
583351eb2312784eca9b3b7e0a302100e6cd94a228fa2b434b37816867b45856,2012-02,Gloucestershire Constabulary,Gloucestershire Constabulary,-2.130612,51.925075,On or near A4019,E01022441,Tewkesbury 004B,Other theft,,
07f577cace9088ac6bd4d2437fb5a60dc44c4db6829c4e0b319b22aab0d5aaaf,2012-02,Gloucestershire Constabulary,Gloucestershire Constabulary,-2.109611,51.918057,On or near Supermarket,E01022441,Tewkesbury 004B,Other theft,,
39c3b5b19ea2323c21e373b3ab925013a4a45f385d2847bfde25346a4e96868a,2012-02,Gloucestershire Constabulary,Gloucestershire Constabulary,-2.109611,51.918057,On or near Supermarket,E01022441,Tewkesbury 004B,Shoplifting,,
a20024075ae2b639dc0a6707984572041701ac5245e6952204cc9a3e9b9619f7,2012-02,Gloucestershire Constabulary,Gloucestershire Constabulary,-2.123869,51.921612,On or near Moat Lane,E01022441,Tewkesbury 004B,Vehicle crime,,
3cfd8b574608b23ff5621fc179e34a50ce8b6a69fecfbbf8b2918671e7a665ba,2012-02,Gloucestershire Constabulary,Gloucestershire Constabulary,-2.243563,51.958134,On or near Josend Crescent,E01022445,Tewkesbury 004C,Burglary,Investigation complete; no suspect identified,
9e7467b11e894b1d75c81058bcfa6d51a83bc46e68a54909e0879134964f0389,2012-02,Gloucestershire Constabulary,Gloucestershire Constabulary,-2.274774,51.943105,On or near Wickridge Street,E01022445,Tewkesbury 004C,Burglary,,
2f3e7979fe8f23c0ed43a90f5bb20b85dd86aef9fc99e451ab6046dbf36b2178,2012-02,Gloucestershire Constabulary,Gloucestershire Constabulary,-2.273623,51.928452,On or near Bloxhams Orchard,E01022445,Tewkesbury 004C,Burglary,Investigation complete; no suspect identified,
1f1a1396d501e0e62d1a7535010e0e4386f940454ac527d0f7674bc5a09d4692,2012-02,Gloucestershire Constabulary,Gloucestershire Constabulary,-2.265904,51.929162,On or near White End,E01022445,Tewkesbury 004C,Vehicle crime,Investigation complete; no suspect identified,
b9992a5cd57892bd637569114d5a1cd7acee4cbb5d564198e7d574a8f5aeaf4a,2012-02,Gloucestershire Constabulary,Gloucestershire Constabulary,-2.121901,51.951634,On or near Archers Lane,E01022453,Tewkesbury 004D,Burglary,,
7ea87555531e771597e3294ae4e29dd58732e709a129755ab606dcb792e34bf3,2012-02,Gloucestershire Constabulary,Gloucestershire Constabulary,-2.082391,51.964417,On or near Gotherington Fields,E01022453,Tewkesbury 004D,Other theft,Investigation complete; no suspect identified,
5861d9a41af3bcf0aa4d01e7df95be9f7b5343075774c3ffa42eb6137d9f9f6c,2012-02,Gloucestershire Constabulary,Gloucestershire Constabulary,-2.046032,51.963430,On or near Manor Lane,E01022453,Tewkesbury 004D,Other theft,Investigation complete; no suspect identified,
,2012-02,Gloucestershire Constabulary,Gloucestershire Constabulary,-2.067958,51.939010,On or near The Nurseries,E01022432,Tewkesbury 005A,Anti-social behaviour,,
,2012-02,Gloucestershire Constabulary,Gloucestershire Constabulary,-2.058215,51.941272,On or near Sunnycroft Close,E01022432,Tewkesbury 005A,Anti-social behaviour,,
,2012-02,Gloucestershire Constabulary,Gloucestershire Constabulary,-2.063817,51.942213,On or near Kingswood Close,E01022432,Tewkesbury 005A,Anti-social behaviour,,
ab5b22b3c05abe04fc5240f6e075bd7936ea45c22fc0089cbdcb717318dfd487,2012-02,Gloucestershire Constabulary,Gloucestershire Constabulary,-2.057310,51.939546,On or near Kayte Lane,E01022432,Tewkesbury 005A,Burglary,Investigation complete; no suspect identified,
467ad32047242500067e14fb6d5256cec6b1c396f584ea36f730d443b7399ba2,2012-02,Gloucestershire Constabulary,Gloucestershire Constabulary,-2.057310,51.939546,On or near Kayte Lane,E01022432,Tewkesbury 005A,Other theft,,
,2012-02,Gloucestershire Constabulary,Gloucestershire Constabulary,-2.045419,51.947400,On or near Longwood Leys,E01022433,Tewkesbury 005B,Anti-social behaviour,,
89043f2a72ed2c128d3da2126f582d5c0b51d994c9fb7e7e08d49236b558a995,2012-02,Gloucestershire Constabulary,Gloucestershire Constabulary,-2.041621,51.945909,On or near Aesops Orchard,E01022433,Tewkesbury 005B,Criminal damage and arson,,
1de03fe017fa893dfdce9d085a4aa6ae7f185a4d3077ce0c24a3602d269f5664,2012-02,Gloucestershire Constabulary,Gloucestershire Constabulary,-2.041621,51.945909,On or near Aesops Orchard,E01022433,Tewkesbury 005B,Criminal damage and arson,,
7066361b93b023f1c6292c7f8ac4731ea2eda37150b9f364fcee20754596bb7c,2012-02,Gloucestershire Constabulary,Gloucestershire Constabulary,-2.046771,51.946204,On or near Celandine Bank,E01022433,Tewkesbury 005B,Other crime,,
,2012-02,Gloucestershire Constabulary,Gloucestershire Constabulary,-2.059457,51.945802,On or near Tobyfield Lane,E01022435,Tewkesbury 005C,Anti-social behaviour,,
,2012-02,Gloucestershire Constabulary,Gloucestershire Constabulary,-2.057505,51.943637,On or near Courtiers Drive,E01022435,Tewkesbury 005C,Anti-social behaviour,,
,2012-02,Gloucestershire Constabulary,Gloucestershire Constabulary,-2.059457,51.945802,On or near Tobyfield Lane,E01022435,Tewkesbury 005C,Anti-social behaviour,,
,2012-02,Gloucestershire Constabulary,Gloucestershire Constabulary,-2.053424,51.949474,On or near Owls End Road,E01022435,Tewkesbury 005C,Anti-social behaviour,,
,2012-02,Gloucestershire Constabulary,Gloucestershire Constabulary,-2.058118,51.945659,On or near Tobyfield Close,E01022435,Tewkesbury 005C,Anti-social behaviour,,
,2012-02,Gloucestershire Constabulary,Gloucestershire Constabulary,-2.052270,51.945806,On or near Longlands Road,E01022435,Tewkesbury 005C,Anti-social behaviour,,
,2012-02,Gloucestershire Constabulary,Gloucestershire Constabulary,-2.057505,51.943637,On or near Courtiers Drive,E01022435,Tewkesbury 005C,Anti-social behaviour,,
,2012-02,Gloucestershire Constabulary,Gloucestershire Constabulary,-2.055587,51.945256,On or near Pecked Lane,E01022435,Tewkesbury 005C,Anti-social behaviour,,
,2012-02,Gloucestershire Constabulary,Gloucestershire Constabulary,-2.052892,51.942641,On or near Jesson Road,E01022435,Tewkesbury 005C,Anti-social behaviour,,
,2012-02,Gloucestershire Constabulary,Gloucestershire Constabulary,-2.058568,51.944517,On or near Bishops Close,E01022435,Tewkesbury 005C,Anti-social behaviour,,
,2012-02,Gloucestershire Constabulary,Gloucestershire Constabulary,-2.057505,51.943637,On or near Courtiers Drive,E01022435,Tewkesbury 005C,Anti-social behaviour,,
,2012-02,Gloucestershire Constabulary,Gloucestershire Constabulary,-2.058347,51.942413,On or near Dale Walk,E01022435,Tewkesbury 005C,Anti-social behaviour,,
c1ef0035140ecc74acb97accce2450a23a5c3ddf98fab146d3a63744e06e446d,2012-02,Gloucestershire Constabulary,Gloucestershire Constabulary,-2.054604,51.950723,On or near Oldacre Drive,E01022435,Tewkesbury 005C,Other theft,Offender given a caution,
28a2861f097a235b08fbe7ad716f32284e8e61ea346dd5f92efba51682391676,2012-02,Gloucestershire Constabulary,Gloucestershire Constabulary,-2.059019,51.944859,On or near Tobyfield Road,E01022435,Tewkesbury 005C,Shoplifting,Local resolution,
55fdc9bce441dfb232723137d0fdc019f52a867abaea1fc71417d23fda942ad3,2012-02,Gloucestershire Constabulary,Gloucestershire Constabulary,-2.052639,51.950157,On or near Bootenhay Road,E01022435,Tewkesbury 005C,Vehicle crime,,
87c569e0a9979714413c62f400795ecceffc61c80628b454acba5dfffc3f6d9e,2012-02,Gloucestershire Constabulary,Gloucestershire Constabulary,-2.059019,51.944859,On or near Tobyfield Road,E01022435,Tewkesbury 005C,Violent crime,,
4cbdf03ffac63e12fc7160a78cfe7b4b95d476a59c206a4bdfcb2e99ea945404,2012-02,Gloucestershire Constabulary,Gloucestershire Constabulary,-2.059019,51.944859,On or near Tobyfield Road,E01022435,Tewkesbury 005C,Violent crime,,
,2012-02,Gloucestershire Constabulary,Gloucestershire Constabulary,-2.059997,51.946980,On or near Parking Area,E01022436,Tewkesbury 005D,Anti-social behaviour,,
,2012-02,Gloucestershire Constabulary,Gloucestershire Constabulary,-2.059997,51.946980,On or near Parking Area,E01022436,Tewkesbury 005D,Anti-social behaviour,,
,2012-02,Gloucestershire Constabulary,Gloucestershire Constabulary,-2.059997,51.946980,On or near Parking Area,E01022436,Tewkesbury 005D,Anti-social behaviour,,
,2012-02,Gloucestershire Constabulary,Gloucestershire Constabulary,-2.060361,51.947357,On or near Church Road,E01022436,Tewkesbury 005D,Anti-social behaviour,,
,2012-02,Gloucestershire Constabulary,Gloucestershire Constabulary,-2.061613,51.948139,On or near Gilders Paddock,E01022436,Tewkesbury 005D,Anti-social behaviour,,
,2012-02,Gloucestershire Constabulary,Gloucestershire Constabulary,-2.062113,51.951708,On or near Nottingham Road,E01022436,Tewkesbury 005D,Anti-social behaviour,,
,2012-02,Gloucestershire Constabulary,Gloucestershire Constabulary,-2.064628,51.950196,On or near Roberts Close,E01022436,Tewkesbury 005D,Anti-social behaviour,,
,2012-02,Gloucestershire Constabulary,Gloucestershire Constabulary,-2.061742,51.946494,On or near Supermarket,E01022436,Tewkesbury 005D,Anti-social behaviour,,
,2012-02,Gloucestershire Constabulary,Gloucestershire Constabulary,-2.061742,51.946494,On or near Supermarket,E01022436,Tewkesbury 005D,Anti-social behaviour,,
,2012-02,Gloucestershire Constabulary,Gloucestershire Constabulary,-2.059997,51.946980,On or near Parking Area,E01022436,Tewkesbury 005D,Anti-social behaviour,,
,2012-02,Gloucestershire Constabulary,Gloucestershire Constabulary,-2.061742,51.946494,On or near Supermarket,E01022436,Tewkesbury 005D,Anti-social behaviour,,
a85249a81ad17d6b51f90bcccf41ad1351a2cc25fed4c63d94d7e8eb4d92d6b9,2012-02,Gloucestershire Constabulary,Gloucestershire Constabulary,-2.061742,51.946494,On or near Supermarket,E01022436,Tewkesbury 005D,Criminal damage and arson,,
9963a7eec1cdeabd71ec812540fcd491d5b076af642b24f3c1e928ef58d7788b,2012-02,Gloucestershire Constabulary,Gloucestershire Constabulary,-2.065419,51.953621,On or near Bluebell Court,E01022436,Tewkesbury 005D,Drugs,,
66ef2e871dd936447515baf742833f08338f9f1e146d4b7eb83fc4c8349625ad,2012-02,Gloucestershire Constabulary,Gloucestershire Constabulary,-2.061742,51.946494,On or near Supermarket,E01022436,Tewkesbury 005D,Public disorder and weapons,Court result unavailable,
58de16379b9103e3759abf7e5dff3f0c45bba03629925370a22986dafe05bfe9,2012-02,Gloucestershire Constabulary,Gloucestershire Constabulary,-2.059997,51.946980,On or near Parking Area,E01022436,Tewkesbury 005D,Shoplifting,,
2eddb29f3b2aa5dad4243886b86151879d2a3f9098376378d3570973d2b9da49,2012-02,Gloucestershire Constabulary,Gloucestershire Constabulary,-2.061742,51.946494,On or near Supermarket,E01022436,Tewkesbury 005D,Shoplifting,Offender fined,
85c2b60032fd98e7d72eff795b6eb8a123bb6ce995fb3d97b656e3031dfb528a,2012-02,Gloucestershire Constabulary,Gloucestershire Constabulary,-2.061742,51.946494,On or near Supermarket,E01022436,Tewkesbury 005D,Shoplifting,Investigation complete; no suspect identified,
48d9fdf15607eb6a20cc3d046d1371103bbf22b4bb9bc6ff026af572c6e2f7ba,2012-02,Gloucestershire Constabulary,Gloucestershire Constabulary,-2.059916,51.951520,On or near Wellbrook Road,E01022436,Tewkesbury 005D,Violent crime,Investigation complete; no suspect identified,
,2012-02,Gloucestershire Constabulary,Gloucestershire Constabulary,-2.078010,51.947922,On or near Hanson Gardens,E01022437,Tewkesbury 005E,Anti-social behaviour,,
,2012-02,Gloucestershire Constabulary,Gloucestershire Constabulary,-2.072495,51.947162,On or near A435,E01022437,Tewkesbury 005E,Anti-social behaviour,,
,2012-02,Gloucestershire Constabulary,Gloucestershire Constabulary,-2.060982,51.944174,On or near Bishops Drive,E01022437,Tewkesbury 005E,Anti-social behaviour,,
,2012-02,Gloucestershire Constabulary,Gloucestershire Constabulary,-2.060240,51.943815,On or near Hemming Way,E01022437,Tewkesbury 005E,Anti-social behaviour,,
,2012-02,Gloucestershire Constabulary,Gloucestershire Constabulary,-2.072495,51.947162,On or near A435,E01022437,Tewkesbury 005E,Anti-social behaviour,,
445628b6a9295e2daf0ed3b77ef18a3466742793b2d7b50fdd706bb58aa11e06,2012-02,Gloucestershire Constabulary,Gloucestershire Constabulary,-2.068668,51.946696,On or near Little Orchard,E01022437,Tewkesbury 005E,Criminal damage and arson,,
25ffed9cdade2039d8efa1ac7a36eae1c4e55c7b1b7c4a1ea63a330b561d974e,2012-02,Gloucestershire Constabulary,Gloucestershire Constabulary,-2.062700,51.944533,On or near Woodmans Way,E01022437,Tewkesbury 005E,Other theft,,
a60836bfb73ff2e69654476d36b9efc9f5ed1a06146b26ff0bc7e2973b252957,2012-02,Gloucestershire Constabulary,Gloucestershire Constabulary,-2.089465,51.943023,On or near Park/Open Space,E01022437,Tewkesbury 005E,Vehicle crime,,
,2012-02,Gloucestershire Constabulary,Gloucestershire Constabulary,-2.068506,51.945932,On or near Green Meadow Bank,E01022438,Tewkesbury 005F,Anti-social behaviour,,
40dfae1fa6734296b51f45f8433812dfc8f10651552158752089c530ea235cb3,2012-02,Gloucestershire Constabulary,Gloucestershire Constabulary,-2.071792,51.944213,On or near Littlecote Close,E01022438,Tewkesbury 005F,Violent crime,Investigation complete; no suspect identified,
,2012-02,Gloucestershire Constabulary,Gloucestershire Constabulary,-2.068964,51.949843,On or near Blackberry Grove,E01022439,Tewkesbury 005G,Anti-social behaviour,,
,2012-02,Gloucestershire Constabulary,Gloucestershire Constabulary,-2.235820,51.883148,On or near Hayes Court,E01022440,Tewkesbury 006A,Anti-social behaviour,,
,2012-02,Gloucestershire Constabulary,Gloucestershire Constabulary,-2.249061,51.884110,On or near Sandhurst Lane,E01022440,Tewkesbury 006A,Anti-social behaviour,,
a7a568279c469f2e1cc97f2a23111ed06a5aa69d79366ac8bf95f19d50ed4769,2012-02,Gloucestershire Constabulary,Gloucestershire Constabulary,-2.229479,51.881812,On or near A40,E01022440,Tewkesbury 006A,Criminal damage and arson,,
5be4d7a779f3e1460945c0c5f636d607e24c597fd79783875220c6e795c102bf,2012-02,Gloucestershire Constabulary,Gloucestershire Constabulary,-2.249061,51.884110,On or near Sandhurst Lane,E01022440,Tewkesbury 006A,Public disorder and weapons,,
d268db6b840cd87c997d06e02c3a31aa4880448440b23e15db9c58bcd91f1302,2012-02,Gloucestershire Constabulary,Gloucestershire Constabulary,-2.236144,51.883903,On or near Victoria Road,E01022440,Tewkesbury 006A,Violent crime,,
,2012-02,Gloucestershire Constabulary,Gloucestershire Constabulary,-2.247796,51.904999,On or near Sandhurst Lane,E01022442,Tewkesbury 006B,Anti-social behaviour,,
,2012-02,Gloucestershire Constabulary,Gloucestershire Constabulary,-2.246611,51.906350,On or near St Lawrence Close,E01022442,Tewkesbury 006B,Anti-social behaviour,,
4df13f7d27c411e82274640b767d8ef2b2f7262bd752fc8a1ad9dde67f42c760,2012-02,Gloucestershire Constabulary,Gloucestershire Constabulary,-2.247351,51.903426,On or near Old Moat Courtyard,E01022442,Tewkesbury 006B,Criminal damage and arson,,
c27f1debd6361c0a37b6d7dbc4f679008af23bbf1c8c2c4d8dacb91093ffa7ee,2012-02,Gloucestershire Constabulary,Gloucestershire Constabulary,-2.247351,51.903426,On or near Old Moat Courtyard,E01022442,Tewkesbury 006B,Vehicle crime,,
4136548f90afa0b1044455cbc7b0f1c52b59fe0b08b926bef8c091e9553d63c0,2012-02,Gloucestershire Constabulary,Gloucestershire Constabulary,-2.190558,51.929524,On or near Church Lane,E01022442,Tewkesbury 006B,Other crime,,
,2012-02,Gloucestershire Constabulary,Gloucestershire Constabulary,-2.266063,51.877375,On or near Parking Area,E01022443,Tewkesbury 006C,Anti-social behaviour,,
,2012-02,Gloucestershire Constabulary,Gloucestershire Constabulary,-2.266063,51.877375,On or near Parking Area,E01022443,Tewkesbury 006C,Anti-social behaviour,,
,2012-02,Gloucestershire Constabulary,Gloucestershire Constabulary,-2.296078,51.882275,On or near Mickle Mead,E01022443,Tewkesbury 006C,Anti-social behaviour,,
,2012-02,Gloucestershire Constabulary,Gloucestershire Constabulary,-2.276436,51.889255,On or near Persch Way,E01022443,Tewkesbury 006C,Anti-social behaviour,,
,2012-02,Gloucestershire Constabulary,Gloucestershire Constabulary,-2.266063,51.877375,On or near Parking Area,E01022443,Tewkesbury 006C,Anti-social behaviour,,
,2012-02,Gloucestershire Constabulary,Gloucestershire Constabulary,-2.266063,51.877375,On or near Parking Area,E01022443,Tewkesbury 006C,Anti-social behaviour,,
de6bb950b1275e45a5d8d3f5b61e9f8f09395129e7be495f7e894cefd9634af3,2012-02,Gloucestershire Constabulary,Gloucestershire Constabulary,-2.276850,51.892904,On or near Old Road,E01022443,Tewkesbury 006C,Criminal damage and arson,,
5a3ffebc72964718755d94cf43dbbca040f943169388081357072e3a29236771,2012-02,Gloucestershire Constabulary,Gloucestershire Constabulary,-2.273769,51.892875,On or near Church Road,E01022443,Tewkesbury 006C,Vehicle crime,Investigation complete; no suspect identified,
,2012-02,Gloucestershire Constabulary,Gloucestershire Constabulary,-2.280111,51.870527,On or near Pedestrian Subway,E01022444,Tewkesbury 006D,Anti-social behaviour,,
,2012-02,Gloucestershire Constabulary,Gloucestershire Constabulary,-2.326406,51.851239,On or near Church Lane,E01022444,Tewkesbury 006D,Anti-social behaviour,,
3e3b9507843760bd16b8ba7a6987eec4c96d4e8033a30d1c98c7f2259aeb1961,2012-02,Gloucestershire Constabulary,Gloucestershire Constabulary,-2.306709,51.877500,On or near Two Mile Lane,E01022444,Tewkesbury 006D,Burglary,,
f839acaf8526b9c58b6ff4a9a8bd6e843ff2635c06451da84197b847233138b9,2012-02,Gloucestershire Constabulary,Gloucestershire Constabulary,-2.270135,51.875702,On or near Horseshoe Drive,E01022444,Tewkesbury 006D,Drugs,,
,2012-02,Gloucestershire Constabulary,Gloucestershire Constabulary,-2.180559,51.880504,On or near Alms Close,E01022425,Tewkesbury 007A,Anti-social behaviour,,
12b8e44981c3ed9dc31742042248bcbe0f5fb9a41a8261905c1ae2a353c5ba94,2012-02,Gloucestershire Constabulary,Gloucestershire Constabulary,-2.178396,51.880921,On or near Melville Road,E01022425,Tewkesbury 007A,Burglary,,
d8683a7ef1602747f891a2c3e599a00b97579c4e39ed1dfe7b5c71513899dbaf,2012-02,Gloucestershire Constabulary,Gloucestershire Constabulary,-2.178396,51.880921,On or near Melville Road,E01022425,Tewkesbury 007A,Vehicle crime,Investigation complete; no suspect identified,
5995a0d2c3ea5678c60a6c45e063ebe739344cbb93680f5fb67f311c3afeaef7,2012-02,Gloucestershire Constabulary,Gloucestershire Constabulary,-2.169767,51.873408,On or near Criftycraft Lane,E01022426,Tewkesbury 007B,Other theft,,
,2012-02,Gloucestershire Constabulary,Gloucestershire Constabulary,-2.168428,51.876629,On or near The Chase,E01022427,Tewkesbury 007C,Anti-social behaviour,,
d14d1f145f2c5185ef5bda57c8f888214a73b77270166578e6efabb5868c3f7c,2012-02,Gloucestershire Constabulary,Gloucestershire Constabulary,-2.170442,51.882803,On or near Chesford Drive,E01022427,Tewkesbury 007C,Burglary,,
1f70433d23eb0fec1641e5f55d72911da37a690cc51971db3f00c3edb5e30bc9,2012-02,Gloucestershire Constabulary,Gloucestershire Constabulary,-2.166271,51.878592,On or near Sandfield Road,E01022427,Tewkesbury 007C,Criminal damage and arson,,
be5ee5655fdc034e7161d34c58e9b1a9abf120fa39a3d15f26f2a6e7250bc4ff,2012-02,Gloucestershire Constabulary,Gloucestershire Constabulary,-2.170971,51.880698,On or near Parton Drive,E01022427,Tewkesbury 007C,Drugs,,
,2012-02,Gloucestershire Constabulary,Gloucestershire Constabulary,-2.191484,51.887410,On or near Shamrock Close,E01022428,Tewkesbury 007D,Anti-social behaviour,,
1905da011039aff50b2e89ce071320599b0dd78ab6f1fa46099653e96cda1841,2012-02,Gloucestershire Constabulary,Gloucestershire Constabulary,-2.192891,51.890366,On or near Silcock Close,E01022428,Tewkesbury 007D,Criminal damage and arson,,
1ff211e3f1183573a92a04519cafaa045a39401755f041ee54a9cffc61b01d4f,2012-02,Gloucestershire Constabulary,Gloucestershire Constabulary,-2.190667,51.886701,On or near Salvia Close,E01022428,Tewkesbury 007D,Criminal damage and arson,,
76af59719646f00ef18e045cd3564cc0e6b0b058a4cae4ec5a959bda1fb20788,2012-02,Gloucestershire Constabulary,Gloucestershire Constabulary,-2.191423,51.886924,On or near Elderberry Mews,E01022428,Tewkesbury 007D,Violent crime,,
c0ed416d219ef81c629095d6f07c2d25b640de513296ac92377eb1d69839fcb1,2012-02,Gloucestershire Constabulary,Gloucestershire Constabulary,-2.189336,51.888034,On or near Japonica Close,E01022428,Tewkesbury 007D,Violent crime,Investigation complete; no suspect identified,
,2012-02,Gloucestershire Constabulary,Gloucestershire Constabulary,-2.178179,51.884922,On or near Golden Vale,E01022429,Tewkesbury 007E,Anti-social behaviour,,
,2012-02,Gloucestershire Constabulary,Gloucestershire Constabulary,-2.176975,51.885518,On or near Parton Road,E01022429,Tewkesbury 007E,Anti-social behaviour,,
,2012-02,Gloucestershire Constabulary,Gloucestershire Constabulary,-2.180311,51.887589,On or near Meadow Way,E01022429,Tewkesbury 007E,Anti-social behaviour,,
a3909db3638b78bf433a5ec8a2455ad3f310a840785d85dde368f978511b631c,2012-02,Gloucestershire Constabulary,Gloucestershire Constabulary,-2.182623,51.887945,On or near Supermarket,E01022429,Tewkesbury 007E,Shoplifting,Investigation complete; no suspect identified,
a672cbcb27bb82a32e965d75b112220ced1c2b2954f85a240fdbd1df3147e656,2012-02,Gloucestershire Constabulary,Gloucestershire Constabulary,-2.182623,51.887945,On or near Supermarket,E01022429,Tewkesbury 007E,Shoplifting,Investigation complete; no suspect identified,
e14fd33b967a88a9c8040c276c8f4a9e4d818ab063a79f3573263432590e9cc0,2012-02,Gloucestershire Constabulary,Gloucestershire Constabulary,-2.182623,51.887945,On or near Supermarket,E01022429,Tewkesbury 007E,Shoplifting,,
3e0971f4195996a0da1b1b23a9c5a40e74210a4a4293f7bd8d9a82a45a77cd3d,2012-02,Gloucestershire Constabulary,Gloucestershire Constabulary,-2.182623,51.887945,On or near Supermarket,E01022429,Tewkesbury 007E,Shoplifting,,
8deef44c04fc42442c95147d4d1be198bee456e6855af15729db477edc0e4a20,2012-02,Gloucestershire Constabulary,Gloucestershire Constabulary,-2.182623,51.887945,On or near Supermarket,E01022429,Tewkesbury 007E,Shoplifting,Suspect charged as part of another case,
23bb1ee171e86ce686bd304ee0ed84dd80629829dccb0cf9e49db287f03d15cf,2012-02,Gloucestershire Constabulary,Gloucestershire Constabulary,-2.182623,51.887945,On or near Supermarket,E01022429,Tewkesbury 007E,Other crime,,
,2012-02,Gloucestershire Constabulary,Gloucestershire Constabulary,-2.184303,51.883142,On or near Keriston Avenue,E01022430,Tewkesbury 007F,Anti-social behaviour,,
ae0f704e2a40286a861907859d7e2c01d5076ced984c06011dc97b1a91b4f0ca,2012-02,Gloucestershire Constabulary,Gloucestershire Constabulary,-2.187491,51.884764,On or near Briars Close,E01022430,Tewkesbury 007F,Burglary,,
fafd6b98955de872db909dff7911ba5dcd9861a0606fe82708f93650ece0c9a8,2012-02,Gloucestershire Constabulary,Gloucestershire Constabulary,-2.181882,51.884539,On or near Martindale Road,E01022430,Tewkesbury 007F,Criminal damage and arson,,
113359ecff9904ddf92ddcc37f7f7bd5e15a57ea9c086c7a08d753192236b164,2012-02,Gloucestershire Constabulary,Gloucestershire Constabulary,-2.184529,51.885020,On or near Eastcott Way,E01022430,Tewkesbury 007F,Criminal damage and arson,,
9054b5a8565ab565a7e6a64fef13e09b20ff3ef8443c2d03ba3091d26a75a008,2012-02,Gloucestershire Constabulary,Gloucestershire Constabulary,-2.187226,51.883847,On or near Morley Avenue,E01022430,Tewkesbury 007F,Criminal damage and arson,,
0577c90da0928074832b54f217ce0e8afa5dcfbf5d4d4d3435c1478c9b21426d,2012-02,Gloucestershire Constabulary,Gloucestershire Constabulary,-2.185217,51.886296,On or near St Johns Avenue,E01022430,Tewkesbury 007F,Drugs,,
3cd2b71f0a532f873e75870238b30bf9cccfd7e15e930586cec66c9233c585d5,2012-02,Gloucestershire Constabulary,Gloucestershire Constabulary,-2.184003,51.884347,On or near Goodmoor Crescent,E01022430,Tewkesbury 007F,Other theft,,
6500e28ad3316bc58ad0c6796c4adf857a86a630af3b7357aedb97d01aa9cb4f,2012-02,Gloucestershire Constabulary,Gloucestershire Constabulary,-2.181882,51.884539,On or near Martindale Road,E01022430,Tewkesbury 007F,Other theft,,
,2012-02,Gloucestershire Constabulary,Gloucestershire Constabulary,-2.189720,51.893095,On or near Essex Close,E01022431,Tewkesbury 007G,Anti-social behaviour,,
a8ed7152ba6bc7b596e32769f85fcf2cdfc52b461454ddbdbe8b6dd9ca8b81fc,2012-02,Gloucestershire Constabulary,Gloucestershire Constabulary,-2.192385,51.894250,On or near Katherine Close,E01022431,Tewkesbury 007G,Other theft,,
,2012-02,Gloucestershire Constabulary,Gloucestershire Constabulary,-2.199334,51.888467,On or near Gibson Road,E01022447,Tewkesbury 007H,Anti-social behaviour,,
,2012-02,Gloucestershire Constabulary,Gloucestershire Constabulary,-2.209893,51.887450,On or near Finch Road,E01022447,Tewkesbury 007H,Anti-social behaviour,,
,2012-02,Gloucestershire Constabulary,Gloucestershire Constabulary,-2.207651,51.886465,On or near Blackbird Avenue,E01022447,Tewkesbury 007H,Anti-social behaviour,,
,2012-02,Gloucestershire Constabulary,Gloucestershire Constabulary,-2.207651,51.886465,On or near Blackbird Avenue,E01022447,Tewkesbury 007H,Anti-social behaviour,,
ce3cf73e23ca88d1570fb96ab69992e0f564581cc44236b751522589b4f9f17c,2012-02,Gloucestershire Constabulary,Gloucestershire Constabulary,-2.198349,51.879262,On or near A40,E01022447,Tewkesbury 007H,Other theft,Investigation complete; no suspect identified,
e9f6894cc456518c7b292e38dc78fcba781e26c3246642b22c7e914a8257cf38,2012-02,Gloucestershire Constabulary,Gloucestershire Constabulary,-2.203155,51.885125,On or near Jackson Crescent,E01022447,Tewkesbury 007H,Violent crime,,
,2012-02,Gloucestershire Constabulary,Gloucestershire Constabulary,-2.147057,51.893516,On or near Valley Park,E01022420,Tewkesbury 008A,Anti-social behaviour,,
,2012-02,Gloucestershire Constabulary,Gloucestershire Constabulary,-2.153488,51.900053,On or near Staverton Connection,E01022420,Tewkesbury 008A,Anti-social behaviour,,
bcfcc658bcadfed013c616dca25171a8d770e8bf1f3ab23479343a3a86fe2f52,2012-02,Gloucestershire Constabulary,Gloucestershire Constabulary,-2.140568,51.900384,On or near Pheasant Lane,E01022420,Tewkesbury 008A,Burglary,Investigation complete; no suspect identified,
f07996c117e496785dec8c13199b981ff87700b44092991fdeb915b75d18c731,2012-02,Gloucestershire Constabulary,Gloucestershire Constabulary,-2.140715,51.909959,On or near Hayden Lane,E01022420,Tewkesbury 008A,Burglary,,
3b5b25d3377009e244a375047e29d6d5a96a508b8015bfbbaeed393f87d39cc2,2012-02,Gloucestershire Constabulary,Gloucestershire Constabulary,-2.140715,51.909959,On or near Hayden Lane,E01022420,Tewkesbury 008A,Vehicle crime,,
c6d88681102c95e93a5309dd0258ab808878b00ca9de3e15e0b53e7df2b92e60,2012-02,Gloucestershire Constabulary,Gloucestershire Constabulary,-2.159375,51.900414,On or near Old Gloucester Road,E01022420,Tewkesbury 008A,Vehicle crime,,
,2012-02,Gloucestershire Constabulary,Gloucestershire Constabulary,-2.210768,51.888249,On or near Bullfinch Way,E01022448,Tewkesbury 008B,Anti-social behaviour,,
,2012-02,Gloucestershire Constabulary,Gloucestershire Constabulary,-2.211517,51.886683,On or near Rookery Road,E01022448,Tewkesbury 008B,Anti-social behaviour,,
5b1065be6e9d8a3be1df5a88e74b40f5b11409583bda7af2a9502562964c3dd0,2012-02,Gloucestershire Constabulary,Gloucestershire Constabulary,-2.210768,51.888249,On or near Bullfinch Way,E01022448,Tewkesbury 008B,Criminal damage and arson,,
e966676c588bb6b52c68bf9bd89a3811737fb03db62105d4eb32622f1f72a221,2012-02,Gloucestershire Constabulary,Gloucestershire Constabulary,-2.204040,51.887946,On or near Gray Close,E01022448,Tewkesbury 008B,Criminal damage and arson,,
5a3ed359e1c977fe223386ede865af8fa039bb1a1b495523d5c60bcb80e29cf8,2012-02,Gloucestershire Constabulary,Gloucestershire Constabulary,-2.204167,51.887299,On or near Ward Avenue,E01022448,Tewkesbury 008B,Other theft,,
75bd3c0e8e2f86d75d163ce960aa6c80efdf819e8918a4d634af3a91d0cb1fba,2012-02,Gloucestershire Constabulary,Gloucestershire Constabulary,-2.210768,51.888249,On or near Bullfinch Way,E01022448,Tewkesbury 008B,Other theft,Investigation complete; no suspect identified,
633835d361bd71eae57509f35a24b7694dc623b7417036768c1c293eefe6c4b6,2012-02,Gloucestershire Constabulary,Gloucestershire Constabulary,-2.212201,51.886952,On or near Falcon Close,E01022448,Tewkesbury 008B,Other theft,,
e98be469be4a56565f7306ebe2de369bef607618174c6fe9b72297a4a38fb2cc,2012-02,Gloucestershire Constabulary,Gloucestershire Constabulary,-2.211683,51.888184,On or near Chaffinch Close,E01022448,Tewkesbury 008B,Other theft,,
bfa56b75f78ba0919e48d2bc6d93ca53710df8c8b4a61010fbfd873c6df2a8b5,2012-02,Gloucestershire Constabulary,Gloucestershire Constabulary,-2.206371,51.886297,On or near Swallow Crescent,E01022448,Tewkesbury 008B,Vehicle crime,Investigation complete; no suspect identified,
ba11c6990a6137fc969b365df5856dedf107a06e22ce5ab559cb828636b7183e,2012-02,Gloucestershire Constabulary,Gloucestershire Constabulary,-2.196980,51.901687,On or near Down Hatherley Lane,E01022448,Tewkesbury 008B,Vehicle crime,,
,2012-02,Gloucestershire Constabulary,Gloucestershire Constabulary,-2.121097,51.864118,On or near Lambert Close,E01022454,Tewkesbury 008C,Anti-social behaviour,,
,2012-02,Gloucestershire Constabulary,Gloucestershire Constabulary,-2.120113,51.865513,On or near Atherton Close,E01022454,Tewkesbury 008C,Anti-social behaviour,,
,2012-02,Gloucestershire Constabulary,Gloucestershire Constabulary,-2.120113,51.865513,On or near Atherton Close,E01022454,Tewkesbury 008C,Anti-social behaviour,,
,2012-02,Gloucestershire Constabulary,Gloucestershire Constabulary,-2.077897,51.857636,On or near Hartley Lane,E01022454,Tewkesbury 008C,Anti-social behaviour,,
,2012-02,Gloucestershire Constabulary,Gloucestershire Constabulary,-2.104895,51.872387,On or near Sports/Recreation Area,E01022454,Tewkesbury 008C,Anti-social behaviour,,
,2012-02,Gloucestershire Constabulary,Gloucestershire Constabulary,-2.118477,51.867465,On or near Marsh Terrace,E01022454,Tewkesbury 008C,Anti-social behaviour,,
915f7898b30a3006fc1d63a2f68f1b783ecb2c632e07e182572d9d3e5967d477,2012-02,Gloucestershire Constabulary,Gloucestershire Constabulary,-2.113308,51.867983,On or near Sports/Recreation Area,E01022454,Tewkesbury 008C,Burglary,,
cf14aaea33cc07729370f8e71d9ea8fbd483ad183023796ab33b95dbffe704ac,2012-02,Gloucestershire Constabulary,Gloucestershire Constabulary,-2.118435,51.862511,On or near Farm Lane,E01022454,Tewkesbury 008C,Burglary,,
496305022e75852e72cc3fa65398ddb4f588cd0936c41866b760ab2f8b0ea650,2012-02,Gloucestershire Constabulary,Gloucestershire Constabulary,-2.077897,51.857636,On or near Hartley Lane,E01022454,Tewkesbury 008C,Criminal damage and arson,,
e97406d568fe4240eeafadd9c24c80c5856411749cc5a2cce5bb941b2cab8150,2012-02,Gloucestershire Constabulary,Gloucestershire Constabulary,-2.120113,51.865513,On or near Atherton Close,E01022454,Tewkesbury 008C,Other theft,Investigation complete; no suspect identified,
856e1ab9224b973f0e99ca80020730e9ee7cb4101ed09c0917209023cae3ec95,2012-02,Gloucestershire Constabulary,Gloucestershire Constabulary,-2.118435,51.862511,On or near Farm Lane,E01022454,Tewkesbury 008C,Other theft,,
c98dba478498faf11339ed27ea4a07e65db768b6ca3ce320d022b0846c504598,2012-02,Gloucestershire Constabulary,Gloucestershire Constabulary,-2.121532,51.858399,On or near Whitelands Lane,E01022454,Tewkesbury 008C,Other theft,,
a8c17f24bdcb0e5fd06662c8734fe140adfa645bb10cca3e0bd4de993f4ca466,2012-02,Gloucestershire Constabulary,Gloucestershire Constabulary,-2.119945,51.862321,On or near Hillview Gardens,E01022454,Tewkesbury 008C,Other theft,,
2bab0c978040c4ebb81f16366c7b9b8bc60b5ad641cc43c598be1cdc8ef52c8c,2012-02,Gloucestershire Constabulary,Gloucestershire Constabulary,-2.119300,51.865657,On or near Harrison Road,E01022454,Tewkesbury 008C,Violent crime,,
,2012-02,Gloucestershire Constabulary,Gloucestershire Constabulary,-2.154932,51.842626,On or near Buckholt Way,E01022421,Tewkesbury 009A,Anti-social behaviour,,
,2012-02,Gloucestershire Constabulary,Gloucestershire Constabulary,-2.158081,51.846353,On or near Sayers Crescent,E01022421,Tewkesbury 009A,Anti-social behaviour,,
,2012-02,Gloucestershire Constabulary,Gloucestershire Constabulary,-2.158081,51.846353,On or near Sayers Crescent,E01022421,Tewkesbury 009A,Anti-social behaviour,,
,2012-02,Gloucestershire Constabulary,Gloucestershire Constabulary,-2.159247,51.843636,On or near Century Court,E01022421,Tewkesbury 009A,Anti-social behaviour,,
,2012-02,Gloucestershire Constabulary,Gloucestershire Constabulary,-2.156893,51.847191,On or near Vicarage Lane,E01022421,Tewkesbury 009A,Anti-social behaviour,,
,2012-02,Gloucestershire Constabulary,Gloucestershire Constabulary,-2.159356,51.849723,On or near Ansdell Drive,E01022421,Tewkesbury 009A,Anti-social behaviour,,
,2012-02,Gloucestershire Constabulary,Gloucestershire Constabulary,-2.158081,51.846353,On or near Sayers Crescent,E01022421,Tewkesbury 009A,Anti-social behaviour,,
,2012-02,Gloucestershire Constabulary,Gloucestershire Constabulary,-2.158081,51.846353,On or near Sayers Crescent,E01022421,Tewkesbury 009A,Anti-social behaviour,,
,2012-02,Gloucestershire Constabulary,Gloucestershire Constabulary,-2.157965,51.842190,On or near Green Acre,E01022421,Tewkesbury 009A,Anti-social behaviour,,
,2012-02,Gloucestershire Constabulary,Gloucestershire Constabulary,-2.154932,51.842626,On or near Buckholt Way,E01022421,Tewkesbury 009A,Anti-social behaviour,,
6ec908effdd2d30d02fd91e39bd6b55ee53374ca0921de145b37990eca83ba03,2012-02,Gloucestershire Constabulary,Gloucestershire Constabulary,-2.158081,51.846353,On or near Sayers Crescent,E01022421,Tewkesbury 009A,Criminal damage and arson,,
fe137f3b7b53d44d65d4627f94f7ea5af71bfced4cef43cb72612101a5eaf9bb,2012-02,Gloucestershire Constabulary,Gloucestershire Constabulary,-2.160129,51.846746,On or near Ridgemount Close,E01022421,Tewkesbury 009A,Drugs,Offender given community sentence,
6901da61a05e9a683d3597a0704d6e38654c28fd62b0f8462861aa44b904618a,2012-02,Gloucestershire Constabulary,Gloucestershire Constabulary,-2.157040,51.843468,On or near Cooper'S View,E01022421,Tewkesbury 009A,Other theft,,
9b2af1ef6e2e191ba990ff98c8eb1e91e3d255daf339ca60e5f1a7015f817ec9,2012-02,Gloucestershire Constabulary,Gloucestershire Constabulary,-2.160658,51.844444,On or near Seabrook Road,E01022421,Tewkesbury 009A,Public disorder and weapons,Offender fined,
7e69afd00d75812d6deed2733577fb62f2d7c8fe5a42995201b6dade470b1d1e,2012-02,Gloucestershire Constabulary,Gloucestershire Constabulary,-2.156665,51.844080,On or near Supermarket,E01022421,Tewkesbury 009A,Shoplifting,Investigation complete; no suspect identified,
d315fa9b78d3875e57ece425831b9f6c82b59a9ee483156f0714acd1241c551b,2012-02,Gloucestershire Constabulary,Gloucestershire Constabulary,-2.158548,51.847234,On or near Supermarket,E01022421,Tewkesbury 009A,Shoplifting,Local resolution,
3493ebd34f4231d8bda70c49df29b66a7c673ab63ba70100b7c9a9dd32ead41a,2012-02,Gloucestershire Constabulary,Gloucestershire Constabulary,-2.158548,51.847234,On or near Supermarket,E01022421,Tewkesbury 009A,Shoplifting,Investigation complete; no suspect identified,
6a48e3825258150ce747e55b9cc5a9095f3d862a5fb3d0e6a30ec73eb4dc616f,2012-02,Gloucestershire Constabulary,Gloucestershire Constabulary,-2.156893,51.847191,On or near Vicarage Lane,E01022421,Tewkesbury 009A,Vehicle crime,,
7611437cb7051b1a72fd4243dd435410701008e06e9f9a0c09e5f5a07bfd07bb,2012-02,Gloucestershire Constabulary,Gloucestershire Constabulary,-2.158081,51.846353,On or near Sayers Crescent,E01022421,Tewkesbury 009A,Violent crime,,
,2012-02,Gloucestershire Constabulary,Gloucestershire Constabulary,-2.158786,51.840373,On or near Kennel Lane,E01022422,Tewkesbury 009B,Anti-social behaviour,,
74154d1e1a99ff7f697659fe33ea140779b7b901a73cbc02d2dcad3818ad91e0,2012-02,Gloucestershire Constabulary,Gloucestershire Constabulary,-2.149942,51.843550,On or near Tone Drive,E01022422,Tewkesbury 009B,Other theft,,
732b8ee3a5159d483ba89174c476081ad21a4d92535e10e921a1bb09f7326610,2012-02,Gloucestershire Constabulary,Gloucestershire Constabulary,-2.149300,51.842310,On or near A46,E01022422,Tewkesbury 009B,Shoplifting,,
e112e4791b00a2a57460917176cf77635abccbf6ef930c0c97ea2b7f129b8bbc,2012-02,Gloucestershire Constabulary,Gloucestershire Constabulary,-2.149300,51.842310,On or near A46,E01022422,Tewkesbury 009B,Other crime,,
,2012-02,Gloucestershire Constabulary,Gloucestershire Constabulary,-2.146401,51.848050,On or near Sports/Recreation Area,E01022423,Tewkesbury 009C,Anti-social behaviour,,
,2012-02,Gloucestershire Constabulary,Gloucestershire Constabulary,-2.161995,51.848955,On or near Boverton Drive,E01022423,Tewkesbury 009C,Anti-social behaviour,,
9cfc5f16f65f8598d85240086778656b625ec1fe82350e5e6ed73df7d272df8d,2012-02,Gloucestershire Constabulary,Gloucestershire Constabulary,-2.168673,51.848991,On or near Hucclecote Road,E01022423,Tewkesbury 009C,Burglary,Investigation complete; no suspect identified,
f3258fe2e2a27b9b06caa5dd2cbde791612d7322922b953738299ce73230324c,2012-02,Gloucestershire Constabulary,Gloucestershire Constabulary,-2.170667,51.846434,On or near Delta Way,E01022423,Tewkesbury 009C,Other theft,Investigation complete; no suspect identified,
a13adfcc15931a6d3a220fece19aa5a8d26d453cab60c186a9985a60d06f0b64,2012-02,Gloucestershire Constabulary,Gloucestershire Constabulary,-2.168816,51.844378,On or near Golf Club Lane,E01022423,Tewkesbury 009C,Other theft,,
,2012-02,Gloucestershire Constabulary,Gloucestershire Constabulary,-2.145331,51.845084,On or near Shurdington Road,E01022424,Tewkesbury 009D,Anti-social behaviour,,
,2012-02,Gloucestershire Constabulary,Gloucestershire Constabulary,-2.149105,51.845052,On or near Hebden Close,E01022424,Tewkesbury 009D,Anti-social behaviour,,
,2012-02,Gloucestershire Constabulary,Gloucestershire Constabulary,-2.151435,51.847018,On or near Tamar Road,E01022424,Tewkesbury 009D,Anti-social behaviour,,
,2012-02,Gloucestershire Constabulary,Gloucestershire Constabulary,-2.155669,51.845772,On or near Twyver Place,E01022424,Tewkesbury 009D,Anti-social behaviour,,
,2012-02,Gloucestershire Constabulary,Gloucestershire Constabulary,-2.152908,51.844822,On or near Leadon Close,E01022424,Tewkesbury 009D,Anti-social behaviour,,
,2012-02,Gloucestershire Constabulary,Gloucestershire Constabulary,-2.145331,51.845084,On or near Shurdington Road,E01022424,Tewkesbury 009D,Anti-social behaviour,,
b066be348b4484c40a095c5f4119440aa13e062f3e102f49fb12f6ee753ea499,2012-02,Gloucestershire Constabulary,Gloucestershire Constabulary,-2.145331,51.845084,On or near Shurdington Road,E01022424,Tewkesbury 009D,Vehicle crime,,
b57cc54bfc7f5e66f9feadc54104e7630ace036260a6ba4602e01d699acf3735,2012-02,Gloucestershire Constabulary,Gloucestershire Constabulary,-2.154347,51.845477,On or near Moorfield Road,E01022424,Tewkesbury 009D,Violent crime,,
f801d26e94c42f1929d0a182d8fc7e23cb5b23ff8d72bea42acde8145dea153a,2012-02,Gloucestershire Constabulary,Gloucestershire Constabulary,-2.151435,51.847018,On or near Tamar Road,E01022424,Tewkesbury 009D,Violent crime,,
455ac6ac0521d51ede2fb36a864f015b957f18e288e21a07e287d2aa2761b46d,2012-02,Gloucestershire Constabulary,Gloucestershire Constabulary,-2.151435,51.847018,On or near Tamar Road,E01022424,Tewkesbury 009D,Violent crime,,
,2012-02,Gloucestershire Constabulary,Gloucestershire Constabulary,-2.180612,51.850429,On or near Stocken Close,E01022446,Tewkesbury 009E,Anti-social behaviour,,
,2012-02,Gloucestershire Constabulary,Gloucestershire Constabulary,-2.181524,51.842561,On or near Typhoon Way,E01022446,Tewkesbury 009E,Anti-social behaviour,,
,2012-02,Gloucestershire Constabulary,Gloucestershire Constabulary,-2.179115,51.849991,On or near Waterton Close,E01022446,Tewkesbury 009E,Anti-social behaviour,,
,2012-02,Gloucestershire Constabulary,Gloucestershire Constabulary,-2.173079,51.847087,On or near Petrol Station,E01022446,Tewkesbury 009E,Anti-social behaviour,,
946e14b299c3ff5fb6718bb3de7083572458c19436305ad4c5d7213f374d50b2,2012-02,Gloucestershire Constabulary,Gloucestershire Constabulary,-2.179955,51.849325,On or near Bird Road,E01022446,Tewkesbury 009E,Burglary,Investigation complete; no suspect identified,
0cd7ccbecc3b2e760d77be9c27e324bd1174a76c76e05a6828120822a4748dba,2012-02,Gloucestershire Constabulary,Gloucestershire Constabulary,-2.176109,51.849717,On or near Greenwood Close,E01022446,Tewkesbury 009E,Burglary,,
caec82a90d1a5093584b316eb2072e66260c0e082b273a29531f91f7e49300be,2012-02,Gloucestershire Constabulary,Gloucestershire Constabulary,-2.170405,51.850049,On or near Bulford Close,E01022446,Tewkesbury 009E,Criminal damage and arson,,
064f1a440fae81ccf9af83c384dd2a861b046d1c0b335ec8ec9bd7ea605a73cb,2012-02,Gloucestershire Constabulary,Gloucestershire Constabulary,-2.177523,51.847557,On or near Pioneer Avenue,E01022446,Tewkesbury 009E,Criminal damage and arson,,
f79e5aeba9611bd66644f7fc3234b47625db74680681822e2a4796d85d5160ef,2012-02,Gloucestershire Constabulary,Gloucestershire Constabulary,-2.173079,51.847087,On or near Petrol Station,E01022446,Tewkesbury 009E,Other theft,Investigation complete; no suspect identified,
472e9ba943d359facb63332586b4182352010962eff92752b0eb5dbff7b13bfc,2012-02,Gloucestershire Constabulary,Gloucestershire Constabulary,-2.170405,51.850049,On or near Bulford Close,E01022446,Tewkesbury 009E,Shoplifting,,
1bca156b74a5a5544d9ae8f5209786f06edf8d5388af137882ac98e70215ef69,2012-02,Gloucestershire Constabulary,Gloucestershire Constabulary,-2.170405,51.850049,On or near Bulford Close,E01022446,Tewkesbury 009E,Shoplifting,Offender sent to prison,
bda9dc96b41ee271322cc7d126b5c1240477da19dd2b5c3b4f008e9edbd99585,2012-02,Gloucestershire Constabulary,Gloucestershire Constabulary,-2.170405,51.850049,On or near Bulford Close,E01022446,Tewkesbury 009E,Vehicle crime,,
2d0b5b89e68a0cd5ba33e0af9e811f637d9f1ca3b79f776af730ed469fd05bef,2012-02,Gloucestershire Constabulary,Gloucestershire Constabulary,-2.177746,51.848968,On or near Regent Court,E01022446,Tewkesbury 009E,Violent crime,Local resolution,
fd35e0208264a5a0a40c3dfb77a66dfc735ada5ad43e15e49f42a0e581835f30,2012-02,Gloucestershire Constabulary,Gloucestershire Constabulary,-1.998919,52.030061,On or near Petrol Station,E01032413,Wychavon 019F,Other theft,,
,2012-02,Gloucestershire Constabulary,Gloucestershire Constabulary,,,No Location,,,Anti-social behaviour,,
,2012-02,Gloucestershire Constabulary,Gloucestershire Constabulary,,,No Location,,,Anti-social behaviour,,
,2012-02,Gloucestershire Constabulary,Gloucestershire Constabulary,,,No Location,,,Anti-social behaviour,,
,2012-02,Gloucestershire Constabulary,Gloucestershire Constabulary,,,No Location,,,Anti-social behaviour,,
,2012-02,Gloucestershire Constabulary,Gloucestershire Constabulary,,,No Location,,,Anti-social behaviour,,
,2012-02,Gloucestershire Constabulary,Gloucestershire Constabulary,,,No Location,,,Anti-social behaviour,,
,2012-02,Gloucestershire Constabulary,Gloucestershire Constabulary,,,No Location,,,Anti-social behaviour,,
,2012-02,Gloucestershire Constabulary,Gloucestershire Constabulary,,,No Location,,,Anti-social behaviour,,
,2012-02,Gloucestershire Constabulary,Gloucestershire Constabulary,,,No Location,,,Anti-social behaviour,,
,2012-02,Gloucestershire Constabulary,Gloucestershire Constabulary,,,No Location,,,Anti-social behaviour,,
,2012-02,Gloucestershire Constabulary,Gloucestershire Constabulary,,,No Location,,,Anti-social behaviour,,
,2012-02,Gloucestershire Constabulary,Gloucestershire Constabulary,,,No Location,,,Anti-social behaviour,,
,2012-02,Gloucestershire Constabulary,Gloucestershire Constabulary,,,No Location,,,Anti-social behaviour,,
,2012-02,Gloucestershire Constabulary,Gloucestershire Constabulary,,,No Location,,,Anti-social behaviour,,
,2012-02,Gloucestershire Constabulary,Gloucestershire Constabulary,,,No Location,,,Anti-social behaviour,,
,2012-02,Gloucestershire Constabulary,Gloucestershire Constabulary,,,No Location,,,Anti-social behaviour,,
,2012-02,Gloucestershire Constabulary,Gloucestershire Constabulary,,,No Location,,,Anti-social behaviour,,
,2012-02,Gloucestershire Constabulary,Gloucestershire Constabulary,,,No Location,,,Anti-social behaviour,,
,2012-02,Gloucestershire Constabulary,Gloucestershire Constabulary,,,No Location,,,Anti-social behaviour,,
,2012-02,Gloucestershire Constabulary,Gloucestershire Constabulary,,,No Location,,,Anti-social behaviour,,
,2012-02,Gloucestershire Constabulary,Gloucestershire Constabulary,,,No Location,,,Anti-social behaviour,,
,2012-02,Gloucestershire Constabulary,Gloucestershire Constabulary,,,No Location,,,Anti-social behaviour,,
,2012-02,Gloucestershire Constabulary,Gloucestershire Constabulary,,,No Location,,,Anti-social behaviour,,
,2012-02,Gloucestershire Constabulary,Gloucestershire Constabulary,,,No Location,,,Anti-social behaviour,,
,2012-02,Gloucestershire Constabulary,Gloucestershire Constabulary,,,No Location,,,Anti-social behaviour,,
,2012-02,Gloucestershire Constabulary,Gloucestershire Constabulary,,,No Location,,,Anti-social behaviour,,
,2012-02,Gloucestershire Constabulary,Gloucestershire Constabulary,,,No Location,,,Anti-social behaviour,,
,2012-02,Gloucestershire Constabulary,Gloucestershire Constabulary,,,No Location,,,Anti-social behaviour,,
,2012-02,Gloucestershire Constabulary,Gloucestershire Constabulary,,,No Location,,,Anti-social behaviour,,
,2012-02,Gloucestershire Constabulary,Gloucestershire Constabulary,,,No Location,,,Anti-social behaviour,,
,2012-02,Gloucestershire Constabulary,Gloucestershire Constabulary,,,No Location,,,Anti-social behaviour,,
,2012-02,Gloucestershire Constabulary,Gloucestershire Constabulary,,,No Location,,,Anti-social behaviour,,
,2012-02,Gloucestershire Constabulary,Gloucestershire Constabulary,,,No Location,,,Anti-social behaviour,,
,2012-02,Gloucestershire Constabulary,Gloucestershire Constabulary,,,No Location,,,Anti-social behaviour,,
,2012-02,Gloucestershire Constabulary,Gloucestershire Constabulary,,,No Location,,,Anti-social behaviour,,
,2012-02,Gloucestershire Constabulary,Gloucestershire Constabulary,,,No Location,,,Anti-social behaviour,,
,2012-02,Gloucestershire Constabulary,Gloucestershire Constabulary,,,No Location,,,Anti-social behaviour,,
,2012-02,Gloucestershire Constabulary,Gloucestershire Constabulary,,,No Location,,,Anti-social behaviour,,
,2012-02,Gloucestershire Constabulary,Gloucestershire Constabulary,,,No Location,,,Anti-social behaviour,,
21ca3d94986ed72c9cb5abaca6d6bd313e19f562f66b9d3e8b2e9d9a05b40f17,2012-02,Gloucestershire Constabulary,Gloucestershire Constabulary,,,No Location,,,Burglary,Investigation complete; no suspect identified,
eac8427c9d60c71f0bbfbf9035eeb0d3f6bbb400bc3b2ed8eaf7fc3783cd8eaf,2012-02,Gloucestershire Constabulary,Gloucestershire Constabulary,,,No Location,,,Other theft,,
