Crime ID,Month,Reported by,Falls within,Longitude,Latitude,Location,LSOA code,LSOA name,Outcome type
49e3056e012051c0ea33e6760666b6d9e84e9a6f92b4f9c2ab7661875f97eca3,2013-06,Nottinghamshire Police,Nottinghamshire Police,-1.064738,52.962127,On or near TEAL CLOSE,E01028187,Gedling 015D,Suspect charged
c9d0660e842ac0eba2c3816d13f0e6a9ca7ae7c0efad3ff62c148e3d1ae84229,2013-06,Nottinghamshire Police,Nottinghamshire Police,-1.255787,52.906070,On or near OLD MILL CLOSE,E01028138,Broxtowe 015D,Investigation complete; no suspect identified
d7b293a4e8b2d14cb94c54edfdf8359a975c80f84bfa975bffa7201c8e845888,2013-06,Nottinghamshire Police,Nottinghamshire Police,-1.205473,52.923112,On or near MALLARD COURT,E01028083,Broxtowe 012D,Investigation complete; no suspect identified
22bc734a4b01e5f0b38f137a8e1b26b473221120ac1057d596cbc2220e9937c0,2013-06,Nottinghamshire Police,Nottinghamshire Police,-1.240053,52.937703,On or near THE JARDINES,E01028089,Broxtowe 007C,Investigation complete; no suspect identified
2a7632af6652b61b83cd519bfe521ab83e4713861fb1f2b7daae0ad348a56696,2013-06,Nottinghamshire Police,Nottinghamshire Police,-1.254926,53.006539,On or near TILSTOCK COURT,E01028123,Broxtowe 004E,Investigation complete; no suspect identified
0285ccc54e433b84fc23e32ca5fab6f6204324cd7caebd78a69b775e5a13c08b,2013-06,Nottinghamshire Police,Nottinghamshire Police,-1.077664,52.964781,On or near MIDLAND AVENUE,E01028185,Gedling 015B,Investigation complete; no suspect identified
c384d9b8e6c6e0f80b5bdb77db4d3cbd2288ecf42485c17802ab48c1a3067ebb,2013-06,Nottinghamshire Police,Nottinghamshire Police,-1.070616,52.960870,On or near NETHER PASTURE,E01028187,Gedling 015D,Investigation complete; no suspect identified
bc93f13fc5b6dd9325811d6af1a8b7a5b4861943ebfeeac32d8414d1c5b781df,2013-06,Nottinghamshire Police,Nottinghamshire Police,-1.303870,53.017443,On or near Supermarket,E01028112,Broxtowe 002C,Investigation complete; no suspect identified
76e68c5bc2279256516e50f6a68a2dcda3990d86be8f76db30a7b171b5ca9387,2013-06,Nottinghamshire Police,Nottinghamshire Police,-1.130402,52.934219,On or near MILLICENT GROVE,E01028417,Rushcliffe 005E,Investigation complete; no suspect identified
e459d94024947773c15643aa0ae0986262026967f62486bf240acb318afd15fa,2013-06,Nottinghamshire Police,Nottinghamshire Police,-1.134313,52.858968,On or near Petrol Station,E01028409,Rushcliffe 015D,Investigation complete; no suspect identified
0455d049b7d218c74dce1f37c141a7c6da56b298c8a1c21c15b4019282ba93e2,2013-06,Nottinghamshire Police,Nottinghamshire Police,-1.072069,52.963920,On or near BRIERLEY GREEN,E01028185,Gedling 015B,Offender given a caution
4f1ff38f7910e2ffee776b5f3d4fd281519a4acc57c751d396228e80e2bb92d8,2013-06,Nottinghamshire Police,Nottinghamshire Police,-1.302578,53.129891,On or near MAIN STREET,E01027986,Ashfield 003B,Suspect charged
6e9df27d5255e43816159a0bd9a396aea9ea574bfa508f3522fb0ebcbd92288e,2013-06,Nottinghamshire Police,Nottinghamshire Police,-1.082390,52.960943,On or near BALMORAL ROAD,E01028186,Gedling 015C,Offender given a caution
9e4df13ef37389aa0e3195bca10527a30b1feb92d12a00467034d2099785afb8,2013-06,Nottinghamshire Police,Nottinghamshire Police,-1.126938,53.002109,On or near GEDLING ROAD,E01028209,Gedling 005D,Local resolution
7fb8327ca052d93c6c47bc5b1d7d71e3d286d2716ff49806283c604910fe4d48,2013-06,Nottinghamshire Police,Nottinghamshire Police,-1.107524,53.009219,On or near CANONBIE CLOSE,E01028181,Gedling 007C,Suspect charged
dfd0cbb936be342bb7eb0f224a69e3d2ed1177a5e782f3cc619bd747816948b2,2013-06,Nottinghamshire Police,Nottinghamshire Police,-1.123833,52.983235,On or near Petrol Station,E01013935,Nottingham 010A,Suspect charged
c6d96fac4d0c74555fe0814791b0b69afedd36e045bafb41d6c88fc6ed3ef6ce,2013-06,Nottinghamshire Police,Nottinghamshire Police,-1.218682,52.964416,On or near MONKTON DRIVE,E01013861,Nottingham 020B,Local resolution
364eb7619391571c06d2771f1ec0f15a972a9d5aeb114cdeae9bc35e9c866816,2013-06,Nottinghamshire Police,Nottinghamshire Police,-1.159851,53.006940,On or near RIDGEWAY,E01013849,Nottingham 038A,Suspect charged
e9751d5c260c49b6401bff3d9d81f9ce68e038cd21678a566d8b4c6ec2c57468,2013-06,Nottinghamshire Police,Nottinghamshire Police,-1.172947,53.003274,On or near THORNBURY WAY,E01013893,Nottingham 001C,Suspect charged
e84b10e66f95139b37fde11383d41f9d9ee6526d6e0551502250eaa090a066ff,2013-06,Nottinghamshire Police,Nottinghamshire Police,-1.174211,52.950254,On or near WILLOUGHBY AVENUE,E01013924,Nottingham 031C,Local resolution
3529f4eea03ac50c73491511ae9afe71a8d3f3f17901e08516dbbcb140c331ec,2013-06,Nottinghamshire Police,Nottinghamshire Police,-1.169771,52.965289,On or near Further/Higher Educational Building,E01013811,Nottingham 018B,Offender given a drugs possession warning
52458f10eada9f4c2eb13b534000ac5f953a5e326644d8b8db0163c7b9ee9011,2013-06,Nottinghamshire Police,Nottinghamshire Police,-1.146601,52.954068,On or near THURLAND STREET,E01033406,Nottingham 039E,Offender given a caution
ce6f7d9e4d954c16f9ef76f54a63e79d951601a0452a50a99423863674eeba99,2013-06,Nottinghamshire Police,Nottinghamshire Police,-1.152891,52.952864,On or near Nightclub,E01033400,Nottingham 039B,Suspect charged
443d47a186aff0849bb21b613e12a67b7510e773641352d546c7fbb212d14928,2013-06,Nottinghamshire Police,Nottinghamshire Police,-1.108295,53.165469,On or near GREENDALE CRESCENT,E01028313,Newark and Sherwood 002A,Suspect charged
6bdb5c301e3980b5e3afba06d4635ed3712ea837a8204af1fea2251993656083,2013-06,Nottinghamshire Police,Nottinghamshire Police,-1.110314,53.119171,On or near KIRKLINGTON ROAD,E01028296,Newark and Sherwood 006A,Suspect charged
20c8e77f947f95ec8375878b7b10dbaa1fd46e329073b82da8e3547cdf163317,2013-06,Nottinghamshire Police,Nottinghamshire Police,-1.098394,53.119001,On or near FOREST CLOSE,E01028296,Newark and Sherwood 006A,Suspect charged
6e1de67ab2c8c278cf3b7fc334fc2857d8a80a8552632a6f7dfee7f7056ec879,2013-06,Nottinghamshire Police,Nottinghamshire Police,-1.101944,53.117131,On or near AMBER CLOSE,E01028344,Newark and Sherwood 006G,Suspect charged
7cf5421b95a0ba6f8be113846bd0903a0b2885bb1a1f6f2b3cb9d25d43e03ff1,2013-06,Nottinghamshire Police,Nottinghamshire Police,-1.112647,53.118335,On or near NORTH AVENUE,E01028342,Newark and Sherwood 006E,Suspect charged
017ca623ffd451953114fbe6dd57b2413e9dc6fea43d4cd69d57d7f5a72342f6,2013-06,Nottinghamshire Police,Nottinghamshire Police,-0.997247,53.097966,On or near STATION ROAD,E01028329,Newark and Sherwood 005E,Suspect charged
7bdeb31031b44d006b0e7cd2ec224d61e8e6e10bf154f6e3bb1e5b12634e514c,2013-06,Nottinghamshire Police,Nottinghamshire Police,-0.837672,53.290407,On or near Hospital,E01028033,Bassetlaw 015C,Suspect charged
ed684adc10080d11a53a7ef134900f642056553f7839c9415fabc0e0141ba84e,2013-06,Nottinghamshire Police,Nottinghamshire Police,-0.837672,53.290407,On or near Hospital,E01028033,Bassetlaw 015C,Suspect charged
921e661234d1b8945b250eb1a2f95950e0629b544ce0c3f169102a99476a4896,2013-06,Nottinghamshire Police,Nottinghamshire Police,-0.948286,53.315902,On or near STATION ROAD,E01028020,Bassetlaw 010D,Suspect charged
8d38b8563cd779d90176738abebdbaa55f6d495a4b3ae34265d27a8832cc720a,2013-06,Nottinghamshire Police,Nottinghamshire Police,-1.183830,53.205859,On or near NORTH STREET,E01028259,Mansfield 001D,Offender given a caution
02dd207b45d9c4832417dd94ed505b1785e0a17dd4f1f62d73ae77d9cb3806ae,2013-06,Nottinghamshire Police,Nottinghamshire Police,-1.202823,53.149725,On or near Parking Area,E01028284,Mansfield 008F,Offender given a drugs possession warning
2bc943a558c89a32560e123eff5ee68ad33ce541630ebd603bafbb5cd3b2c99a,2013-06,Nottinghamshire Police,Nottinghamshire Police,-1.245137,53.137038,On or near COSGROVE AVENUE,E01027984,Ashfield 002D,Suspect charged
53ef6b07390ed238c24e88b61d6b3bf262eb4e6bb7d72a54ee47d6b043d40c3a,2013-06,Nottinghamshire Police,Nottinghamshire Police,-1.253438,53.135895,On or near ASHFIELD STREET,E01027982,Ashfield 002C,Suspect charged
8d5c65032ada4b312ee656f1ff9aa40792ebc0e29d23dcdf7520508ec36928cd,2013-06,Nottinghamshire Police,Nottinghamshire Police,-1.148315,52.893311,On or near CUMBERLAND CLOSE,E01028406,Rushcliffe 011C,Offender given a caution
6c0e17eb8f25953344645f9ad01ec92799e7547b0b17e2b157f825232f9a0bb3,2013-06,Nottinghamshire Police,Nottinghamshire Police,-1.090333,52.871144,On or near Supermarket,E01028383,Rushcliffe 013D,Suspect charged
fce3545ae531e5068c97ad6467bc09a03d7569bdf35613670c194ef5ef269ffe,2013-06,Nottinghamshire Police,Nottinghamshire Police,-1.276409,52.925776,On or near DEEPDALE AVENUE,E01028131,Broxtowe 010D,Suspect charged
bb264fb86b3887ab63b062c7a0ae764a34764a1a40693249ece69c7b1d6efcd5,2013-06,Nottinghamshire Police,Nottinghamshire Police,-1.170932,52.993309,On or near GAINSFORD CLOSE,E01033397,Nottingham 006F,Offender given a caution
ae194814c51ef5c2617f98c35a438b379bea2f86951dbb3341146844b9548176,2013-06,Nottinghamshire Police,Nottinghamshire Police,-1.139933,52.923303,On or near Supermarket,E01028392,Rushcliffe 007E,Suspect charged
85b4942b4917fbe568410bfad7fc0c484a4d375965200fe2fcf7dc95eca6bdbb,2013-06,Nottinghamshire Police,Nottinghamshire Police,-1.030273,52.910862,On or near TROUTBECK,E01028367,Rushcliffe 009B,Offender given a caution
0369c4f9b809732e9ad08eb43488a93d9b427939da2039d4fda9c50f17808827,2013-06,Nottinghamshire Police,Nottinghamshire Police,-1.067692,52.972237,On or near STOKE LANE,E01028168,Gedling 012A,Suspect charged
f312c6757cbcc9b33ca9651d49bcdd18a281058c995946af596f45d143456dea,2013-06,Nottinghamshire Police,Nottinghamshire Police,-1.109934,52.973891,On or near ERNEST ROAD,E01028211,Gedling 013E,Offender given a drugs possession warning
c8bac597fc7b7698f25317c8e6499e4f092bd7c200f052a1139f91638bcde81d,2013-06,Nottinghamshire Police,Nottinghamshire Police,-1.130309,52.995275,On or near THACKERAY'S LANE,E01028177,Gedling 009B,Offender given a drugs possession warning
24e5bb62a531c798d9202f4fd8a19249a42bc8b927154eeae6ea25d8a3a39500,2013-06,Nottinghamshire Police,Nottinghamshire Police,-1.127715,52.965752,On or near HURCOMB STREET,E01013942,Nottingham 016D,Suspect charged
3f5826a895a145352d6d476ee604e89b2bfd6468209f5f365d0f6996efdbd537,2013-06,Nottinghamshire Police,Nottinghamshire Police,-1.179549,52.910395,On or near SUNNINGHILL DRIVE,E01013898,Nottingham 035B,Suspect charged
1f9d44ffc302256b270fc64638fb816d23b9655dde861b7988f0a5e06911318a,2013-06,Nottinghamshire Police,Nottinghamshire Police,-1.181345,52.905868,On or near LEVERTON GREEN,E01013907,Nottingham 035F,Local resolution
244e53e95b6f4dc97929f6b6b7d4636c802dbcb0b1bfadf1be18b99aece42532,2013-06,Nottinghamshire Police,Nottinghamshire Police,-1.153622,52.939052,On or near QUEEN'S WALK,E01013870,Nottingham 040A,Suspect charged
7ef0cd84ed62bef71efd5a77f155af6d62f64597f21fe6006a2d70e946512373,2013-06,Nottinghamshire Police,Nottinghamshire Police,-1.163756,53.000746,On or near Sports/Recreation Area,E01013854,Nottingham 006B,Offender given a caution
97faffed016b3d0d283a5c51bc7f18dea677d52548afb56d3302784389c45358,2013-06,Nottinghamshire Police,Nottinghamshire Police,-1.172947,53.003274,On or near THORNBURY WAY,E01013893,Nottingham 001C,Suspect charged
950f502ae69955f7b5cde5fab9c3d6fde68c349bef52bf18d3e9ca8d7446a167,2013-06,Nottinghamshire Police,Nottinghamshire Police,-1.212361,53.002517,On or near PLANE CLOSE,E01013883,Nottingham 005E,Local resolution
52f59d7d1f51cecd162d919a5131d92840c436cac20cacfce3ed82ea2bf6cfaa,2013-06,Nottinghamshire Police,Nottinghamshire Police,-1.153077,52.972318,On or near NEW STREET,E01013972,Nottingham 015E,Local resolution
c32c2721ea4bded487f27c21d82fd2647508d79ccccf469ba2be44179d41f811,2013-06,Nottinghamshire Police,Nottinghamshire Police,-1.094332,53.178587,On or near ARCHWAY GROVE,E01028313,Newark and Sherwood 002A,Offender given a caution
a1115a6b2efe66d5bdc79df58a5c8730fbc27d38fcd3c6eeac53d5c74e4bad28,2013-06,Nottinghamshire Police,Nottinghamshire Police,-1.105219,53.115555,On or near KINGFIELD CLOSE,E01028344,Newark and Sherwood 006G,Suspect charged
a73928a0f86e224abdeb08d112bbe172e9f70db094feb47d01c1c4c37b6c61b9,2013-06,Nottinghamshire Police,Nottinghamshire Police,-1.108295,53.165469,On or near GREENDALE CRESCENT,E01028313,Newark and Sherwood 002A,Suspect charged
cbe7b385850767113ccc56ed6d5a06bc4e08f66383c1431f08756d1bfe0a86ac,2013-06,Nottinghamshire Police,Nottinghamshire Police,-0.806490,53.075018,On or near Parking Area,E01028335,Newark and Sherwood 009E,Local resolution
934ede62f13c14041780d4ae46fbc513b71de75f428293b441777b7afb47cd74,2013-06,Nottinghamshire Police,Nottinghamshire Police,-1.197845,53.001017,On or near PILKINGTON STREET,E01013885,Nottingham 002E,Investigation complete; no suspect identified
5e2a46448e2334b03a4fb0025b4452b7da98892fd04b93283fc160a7bcfef754,2013-06,Nottinghamshire Police,Nottinghamshire Police,-1.218110,53.007642,On or near DABELL AVENUE,E01013883,Nottingham 005E,Investigation complete; no suspect identified
cc4f82ac75e9734060cd8c6102dc2b24109fc7acdc57c79f0d51bdebb87f4279,2013-06,Nottinghamshire Police,Nottinghamshire Police,-1.211366,52.963064,On or near GREETWELL CLOSE,E01013861,Nottingham 020B,Investigation complete; no suspect identified
34a79cb59741ba5749acd37e4fe160458bfdfecdfdb772f485721eec4b0bac4d,2013-06,Nottinghamshire Police,Nottinghamshire Police,-1.195451,53.002349,On or near MONTAGUE STREET,E01013885,Nottingham 002E,Investigation complete; no suspect identified
f87d4b7a448da6cba1d190a3042266c9d2a57e3e91ab16a947f70b52e0ef0495,2013-06,Nottinghamshire Police,Nottinghamshire Police,-1.213247,52.975905,On or near BIDFORD ROAD,E01013822,Nottingham 011C,Investigation complete; no suspect identified
0b6c3792345a5fb20fac061ab50647c9797a3c955362d00480acf5c92c6ae345,2013-06,Nottinghamshire Police,Nottinghamshire Police,-1.230371,52.979406,On or near KILDONAN CLOSE,E01013864,Nottingham 014A,Investigation complete; no suspect identified
1f3d2ae14caf55c140fe4986ab507220515ead83b56bfbe267cf3feeb67652c2,2013-06,Nottinghamshire Police,Nottinghamshire Police,-1.167547,53.009736,On or near Pedestrian Subway,E01013851,Nottingham 038C,Investigation complete; no suspect identified
624743453303802115a03d2db669475c5adf901f86342ca264f73a04b184d57b,2013-06,Nottinghamshire Police,Nottinghamshire Police,-1.201580,52.989985,On or near DONBAS CLOSE,E01013876,Nottingham 005B,Investigation complete; no suspect identified
d9be4ffa5cb8e49b79bfe766bcae31639e90cbc524ce7a64464afd0d0bf9fa4b,2013-06,Nottinghamshire Police,Nottinghamshire Police,-1.182600,52.984526,On or near DAVID LANE,E01013829,Nottingham 009A,Investigation complete; no suspect identified
ed790daa1c15eaae71604439f01508ca72c308f7bf8dabce17c7f1197f422795,2013-06,Nottinghamshire Police,Nottinghamshire Police,-1.195355,52.991463,On or near TANNIN CRESCENT,E01013876,Nottingham 005B,Investigation complete; no suspect identified
ea8073a8f22c5073ae5cb8ad6c208e2671990e9b5de1ba7b8df515c53dc4e2ef,2013-06,Nottinghamshire Police,Nottinghamshire Police,-1.219115,52.972590,On or near FIRCROFT AVENUE,E01013867,Nottingham 014D,Investigation complete; no suspect identified
a3fe33f215ec36c35c466f95775bceaa31539fbf071de62076180d4df1871dd5,2013-06,Nottinghamshire Police,Nottinghamshire Police,-1.180397,52.980474,On or near CHURCH STREET,E01013832,Nottingham 009D,Investigation complete; no suspect identified
fe3b41d5f0a162232e0b0054b68ed4abe9f3bcf1d7e6c3fa4ee88fc9c2074444,2013-06,Nottinghamshire Police,Nottinghamshire Police,-1.227926,52.964477,On or near Supermarket,E01013868,Nottingham 020C,Investigation complete; no suspect identified
4e44b02bd5ffccc5506be848a48dff1e406f171ba0a7c78db82eb7b10565c341,2013-06,Nottinghamshire Police,Nottinghamshire Police,-1.176917,52.991175,On or near VENUS CLOSE,E01013835,Nottingham 008D,Investigation complete; no suspect identified
226c758132e95dd07ef6c13a653d63cbf521b7709ee7a1751ae3725934c02506,2013-06,Nottinghamshire Police,Nottinghamshire Police,-1.176307,52.991134,On or near BRITANNIA AVENUE,E01013835,Nottingham 008D,Investigation complete; no suspect identified
abdcd1aaf8aad84033ca7672e49892fe8d5542917c882de2c1bb4e5ce2b14e35,2013-06,Nottinghamshire Police,Nottinghamshire Police,-1.189971,53.014870,On or near WOODLEY SQUARE,E01013879,Nottingham 002A,Investigation complete; no suspect identified
e5680b03a36229df7ce75f4914aba69d986903d27b541ef513caa35d760a0c47,2013-06,Nottinghamshire Police,Nottinghamshire Police,-1.220153,52.978638,On or near FRINTON ROAD,E01013818,Nottingham 011B,Investigation complete; no suspect identified
c31809726558fbc6d147a4915a798cf02f2c25864107503f72ae93851b56549b,2013-06,Nottinghamshire Police,Nottinghamshire Police,-1.196633,53.004524,On or near MERCHANT STREET,E01013882,Nottingham 002D,Investigation complete; no suspect identified
aead467dea6bd90ade56de2f95e9594f3ef075950b1ab4dfee165a63a4c07a56,2013-06,Nottinghamshire Police,Nottinghamshire Police,-1.227123,52.979439,On or near MOORGREEN DRIVE,E01013864,Nottingham 014A,Investigation complete; no suspect identified
434b82f67aaf86d0f5728d17a7bdc9b9eb8ff20fb20d9bcf9caf8f6b79f8708d,2013-06,Nottinghamshire Police,Nottinghamshire Police,-1.195568,53.003267,On or near MAIN STREET,E01013885,Nottingham 002E,Investigation complete; no suspect identified
e9992966fc6aac420a41fd457c0cc1e87c9c3d99be7d9afb9828f12c7c5be4fb,2013-06,Nottinghamshire Police,Nottinghamshire Police,-1.207431,52.988586,On or near MILLENNIUM WAY WEST,E01013876,Nottingham 005B,Investigation complete; no suspect identified
a91b14a3d6fbd251db9b396aba4c6229583427eb66bf1656877d337a36c68340,2013-06,Nottinghamshire Police,Nottinghamshire Police,-1.148233,53.004376,On or near QUEEN'S BOWER ROAD,E01032621,Nottingham 038E,Investigation complete; no suspect identified
1b31c3ec9a0798fa92609fa90ec17aeee26e2ceb10a8cd6440e66c562b2dc666,2013-06,Nottinghamshire Police,Nottinghamshire Police,-1.200243,53.001860,On or near CARLIN STREET,E01013885,Nottingham 002E,Investigation complete; no suspect identified
0c0de2629c5aadc7b0e414b7a970b147aaf2e50663c8f6d369c2bb5bf4aceba3,2013-06,Nottinghamshire Police,Nottinghamshire Police,-1.198105,52.984568,On or near Petrol Station,E01013831,Nottingham 009C,Investigation complete; no suspect identified
9eae75f10ba8287224e878a6b03e9b4849d93ca6ab36064353dbd1975aca68ce,2013-06,Nottinghamshire Police,Nottinghamshire Police,-1.187287,52.960160,On or near VALE CRESCENT SOUTH,E01013933,Nottingham 019D,Investigation complete; no suspect identified
1a7658c54f5a5fd464b90a045db5e4beac03312d70376b6bf200ddec07017957,2013-06,Nottinghamshire Police,Nottinghamshire Police,-1.197192,52.956695,On or near HOLLINWELL AVENUE,E01013979,Nottingham 027C,Investigation complete; no suspect identified
68089dcaf6b479bc915c589b4e07aadc6508e211ae6e4ebbfeffc1a5366b5616,2013-06,Nottinghamshire Police,Nottinghamshire Police,-1.151482,52.951110,On or near ST NICHOLAS STREET,E01033400,Nottingham 039B,Investigation complete; no suspect identified
48d55e2e78067a2e7fe6145aecd6cc94cd18e4bdd20fc36b9289d785039fce0f,2013-06,Nottinghamshire Police,Nottinghamshire Police,-1.211292,52.935232,On or near HATHERN GREEN,E01013976,Nottingham 032D,Investigation complete; no suspect identified
76b6a7ca7bc312338d240d3d399ecf4844c436ce1041dbd13dd6308c2fd3ca2a,2013-06,Nottinghamshire Police,Nottinghamshire Police,-1.150650,52.985219,On or near GAMSTON CRESCENT,E01013966,Nottingham 007D,Investigation complete; no suspect identified
5e10b5074768f95a456a7c11fd016e0b065bcf03bad427853de93752f3de1b1a,2013-06,Nottinghamshire Police,Nottinghamshire Police,-1.147953,52.949646,On or near COLLIN STREET,E01033400,Nottingham 039B,Investigation complete; no suspect identified
4e32e7853a67432db9850a0e4b87173e2eeb7385418c0ed224902418e7a535ee,2013-06,Nottinghamshire Police,Nottinghamshire Police,-1.174506,52.948863,On or near CHURCH STREET,E01013924,Nottingham 031C,Investigation complete; no suspect identified
56467a3d8e3b71176d0ead83331f857fe1e6381bd04a4a17a0242b2ea3847186,2013-06,Nottinghamshire Police,Nottinghamshire Police,-1.167714,52.955324,On or near SEELY ROAD,E01033404,Nottingham 028G,Investigation complete; no suspect identified
43b7b1f543aab70a63ebf7b4d129ec123ca9f31a2ba372607b243e2570abb0c7,2013-06,Nottinghamshire Police,Nottinghamshire Police,-1.174796,52.948487,On or near Supermarket,E01033410,Nottingham 031I,Investigation complete; no suspect identified
d69d8d3243b68cc3ea603e457b33fb0630f2eaf00df8724b3fde5c67c4d88b92,2013-06,Nottinghamshire Police,Nottinghamshire Police,-1.183992,52.946177,On or near HILL SIDE,E01033410,Nottingham 031I,Investigation complete; no suspect identified
72b1132e95a8c3e5e1ff0abb2399fd1560ddb16d30388853bd6be7c9942a5a08,2013-06,Nottinghamshire Police,Nottinghamshire Police,-1.172812,52.951844,On or near DERBY ROAD,E01013953,Nottingham 026F,Investigation complete; no suspect identified
a7861826ef4f5f802f12cf03d03f54c703f4ed0a512dab229b48744525d39996,2013-06,Nottinghamshire Police,Nottinghamshire Police,-1.167587,52.979001,On or near MALTON ROAD,E01013840,Nottingham 012D,Investigation complete; no suspect identified
48d60a84b32f62b796a54067c855b18c2152580e46e8bcc74e42ad16b856c769,2013-06,Nottinghamshire Police,Nottinghamshire Police,-1.183627,52.967956,On or near NUTHALL ROAD,E01013930,Nottingham 019A,Investigation complete; no suspect identified
0d5ad88add41b7af1a70305f5c2b1bcf9e6b0510bf7bec099ca25bc93f9f7539,2013-06,Nottinghamshire Police,Nottinghamshire Police,-1.175969,52.944702,On or near HOYLAND AVENUE,E01013926,Nottingham 031E,Investigation complete; no suspect identified
bf816add82af57cfc1ba9a1e508aed4475b29846584a31d0bebbd4e86b5951b9,2013-06,Nottinghamshire Police,Nottinghamshire Police,-1.143859,52.951963,On or near Further/Higher Educational Building,E01033403,Nottingham 039D,Investigation complete; no suspect identified
ccab71d9985a4cfe689248d37e887149d800a15c30b24755469e56cff78dd0c6,2013-06,Nottinghamshire Police,Nottinghamshire Police,-1.150606,52.954816,On or near Theatre/Concert Hall,E01033406,Nottingham 039E,Investigation complete; no suspect identified
5eda62d8a853c7f307ea3b6b4ae7060dc284d3d959c4817bcd5dd5c8317965e5,2013-06,Nottinghamshire Police,Nottinghamshire Police,-1.169771,52.965289,On or near Further/Higher Educational Building,E01013811,Nottingham 018B,Investigation complete; no suspect identified
958b92d6896154eb2ba6117c4f0adc49d4a31548d9e88612b316cd0a277ac05c,2013-06,Nottinghamshire Police,Nottinghamshire Police,-1.169756,52.966853,On or near Supermarket,E01013846,Nottingham 018E,Investigation complete; no suspect identified
923d79d8c6e62c2f678ae1492d37a53c31603938c1a0f8069a02ed9885cf0a32,2013-06,Nottinghamshire Police,Nottinghamshire Police,-1.164590,52.958331,On or near NEWDIGATE STREET,E01013814,Nottingham 022B,Investigation complete; no suspect identified
0a0d31bf9cbed45f93d7641a77abcd741dfded91735036aad2f5057672b8f0fe,2013-06,Nottinghamshire Police,Nottinghamshire Police,-1.169623,52.929465,On or near A453,E01013928,Nottingham 031G,Investigation complete; no suspect identified
baabf026987be28ea46da60b971b127e4b5f2a8858fc1a912cac83272aac17ad,2013-06,Nottinghamshire Police,Nottinghamshire Police,-1.156119,52.949138,On or near PEVERIL DRIVE,E01032522,Nottingham 028F,Investigation complete; no suspect identified
4a26e3f443de9a547886f299793a7447370d2b746cd5d35b6711e6321a7c1d0a,2013-06,Nottinghamshire Police,Nottinghamshire Police,-1.145120,52.982383,On or near Supermarket,E01013969,Nottingham 010C,Investigation complete; no suspect identified
63cb31f74474046255e881dcb873dd66dd651528946af70abd1d5d55e1ea5baa,2013-06,Nottinghamshire Police,Nottinghamshire Police,-1.142623,52.952763,On or near RISTE'S PLACE,E01033406,Nottingham 039E,Investigation complete; no suspect identified
ab866bae788d1d5ba67202b9653a142ad750c82c7fe5b8e4a1dc4f70adaa25f1,2013-06,Nottinghamshire Police,Nottinghamshire Police,-1.161966,52.970080,On or near BIRRELL ROAD,E01013847,Nottingham 017D,Investigation complete; no suspect identified
0eb700c4d3c834b21e3357992a01a6e63e4f93852293db1d43da929d82bb3a5c,2013-06,Nottinghamshire Police,Nottinghamshire Police,-1.153011,52.973387,On or near OAK STREET,E01013972,Nottingham 015E,Investigation complete; no suspect identified
8cbbd9e344ae78852cd59b98b7c6d42868c09d86aab649d85cbb1cb3e4098c91,2013-06,Nottinghamshire Police,Nottinghamshire Police,-1.179381,52.967280,On or near PLANTATION SIDE,E01013930,Nottingham 019A,Investigation complete; no suspect identified
d4b5d4e1b30e8f7a1777f5d727ee177f999551c835045dc2f2fa350c7c6a58aa,2013-06,Nottinghamshire Police,Nottinghamshire Police,-1.171326,52.955574,On or near Supermarket,E01033404,Nottingham 028G,Investigation complete; no suspect identified
325e290e9eb3e2949066f254f7fb36941e3de23fea8d21d14fa12e096d50a756,2013-06,Nottinghamshire Police,Nottinghamshire Police,-1.144608,52.982649,On or near Shopping Area,E01013969,Nottingham 010C,Investigation complete; no suspect identified
cffc4933955824c059ae287687fec1773b7a7005a695a018467d3576b0fec978,2013-06,Nottinghamshire Police,Nottinghamshire Police,-1.174506,52.948863,On or near CHURCH STREET,E01013924,Nottingham 031C,Investigation complete; no suspect identified
799ad0b827f0d13debbb6084456d14a4af5bb784e2bd7a5fbf0a5b32aa7ca1a1,2013-06,Nottinghamshire Police,Nottinghamshire Police,-1.146601,52.954068,On or near THURLAND STREET,E01033406,Nottingham 039E,Investigation complete; no suspect identified
9c7ec4b45cb9ddc691d90467aebf1db31b186fee8e8172b43b226323a7577bc5,2013-06,Nottinghamshire Police,Nottinghamshire Police,-1.149477,52.954655,On or near KING STREET,E01033406,Nottingham 039E,Investigation complete; no suspect identified
cc3ff056bc073ce15ea80cb0cc8e3768ea5a5d289a68377d7e40c91aed7770ac,2013-06,Nottinghamshire Police,Nottinghamshire Police,-1.147591,52.955945,On or near Shopping Area,E01033409,Nottingham 023H,Investigation complete; no suspect identified
49c6af0ff9e1f86e89897b155d1a7de7ab83d5bc51945db63b023818b4193c8c,2013-06,Nottinghamshire Police,Nottinghamshire Police,-1.163057,52.969117,On or near LESLIE ROAD,E01013845,Nottingham 017C,Investigation complete; no suspect identified
d8c2625da5f22aae8e7e312b38c2c714dd764de7518a4000100ac15e6fb44cc8,2013-06,Nottinghamshire Police,Nottinghamshire Police,-1.146273,52.954111,On or near Theatre/Concert Hall,E01033406,Nottingham 039E,Investigation complete; no suspect identified
93602c584f75050f81a4163687c1a4fd4a3ccb807ef7c778ac7e9545fc1786fb,2013-06,Nottinghamshire Police,Nottinghamshire Police,-1.166830,52.957151,On or near HIGHURST STREET,E01033404,Nottingham 028G,Investigation complete; no suspect identified
577cc5328d08ce678b4fcf39009169ace45f3906e9f175d260de57a434201686,2013-06,Nottinghamshire Police,Nottinghamshire Police,-1.171611,52.962515,On or near COPE STREET,E01013812,Nottingham 018C,Investigation complete; no suspect identified
5777357f8fac3c75496926746475a009a60acb1ea29d8d041424f54bd8b92fcf,2013-06,Nottinghamshire Police,Nottinghamshire Police,-0.990547,53.206132,On or near THE HEATHERS,E01028302,Newark and Sherwood 001B,Investigation complete; no suspect identified
43d6a6050d2e450eedeb7662cd99ee7edbb39471e0a1ab91927accd65a65855a,2013-06,Nottinghamshire Police,Nottinghamshire Police,-0.955879,53.078768,On or near BULL YARD,E01028345,Newark and Sherwood 008A,Investigation complete; no suspect identified
d46805afd946beab65b086e742104bfe4f1abac157dcb222a7e3068b1db6107d,2013-06,Nottinghamshire Police,Nottinghamshire Police,-0.968431,53.209934,On or near THE FURZE,E01028303,Newark and Sherwood 003A,Investigation complete; no suspect identified
ae72c2a81b411857cbbf9580824ea7373f2d26af7f4a78aeb9e01f8279d166be,2013-06,Nottinghamshire Police,Nottinghamshire Police,-0.947826,53.082716,On or near MILL PARK,E01028345,Newark and Sherwood 008A,Investigation complete; no suspect identified
c07f4cc2d9e442a0603b072844d39bc8b028e4b676667c2628222c3172044cc2,2013-06,Nottinghamshire Police,Nottinghamshire Police,-0.963331,53.074312,On or near HALLOUGHTON ROAD,E01028348,Newark and Sherwood 008D,Investigation complete; no suspect identified
2a8476f61964979a36ab61a6bb39095f50f3079bb7b27bd66a62e4746caac3d5,2013-06,Nottinghamshire Police,Nottinghamshire Police,-0.956536,53.078765,On or near QUEEN STREET,E01028345,Newark and Sherwood 008A,Investigation complete; no suspect identified
b05be4880425dc2fc6d85943bd7d5912dee9cce5a1acbd4ba66eb95363fad670,2013-06,Nottinghamshire Police,Nottinghamshire Police,-0.891628,53.063651,On or near HOLLY COURT,E01028352,Newark and Sherwood 012E,Investigation complete; no suspect identified
af3393d1072cd5723a94db66068ffd116113a1c5692ae57822ac39d30f832200,2013-06,Nottinghamshire Police,Nottinghamshire Police,-1.062420,53.187383,On or near OCCUPATION LANE,E01028321,Newark and Sherwood 002C,Investigation complete; no suspect identified
a54b0628401f25dd7545fec14938ffbac98ad4c025c206fd31ffcd5bc1d93241,2013-06,Nottinghamshire Police,Nottinghamshire Police,-0.765887,53.134043,On or near Parking Area,E01028316,Newark and Sherwood 004B,Investigation complete; no suspect identified
447c981bfae4df58e365fcbe2d7758a49bb3924aa8340711cdda64bc8c2c3036,2013-06,Nottinghamshire Police,Nottinghamshire Police,-0.760859,53.235994,On or near Parking Area,E01028317,Newark and Sherwood 004C,Investigation complete; no suspect identified
08fe541e649866b88198d42a1c843d1c4909f106f052515ce76b7700c0f2c8dc,2013-06,Nottinghamshire Police,Nottinghamshire Police,-0.796315,53.083420,On or near TRENT WAY,E01028304,Newark and Sherwood 007B,Investigation complete; no suspect identified
f285620b6d5dddf0f518357aec8a48d190db26c7e6821a51d3294e40bae37e74,2013-06,Nottinghamshire Police,Nottinghamshire Police,-0.806490,53.075018,On or near Parking Area,E01028335,Newark and Sherwood 009E,Investigation complete; no suspect identified
f5857c881f0a9e006005c74219d306e8488358ef78181e2fe1978a2ccc667e2d,2013-06,Nottinghamshire Police,Nottinghamshire Police,-0.797805,53.090465,On or near WOLSEY ROAD,E01028306,Newark and Sherwood 007D,Investigation complete; no suspect identified
8c2b643a6b72e8b683099979db872415fa70ecd9c52711950cd6de066476b088,2013-06,Nottinghamshire Police,Nottinghamshire Police,-0.790138,53.090710,On or near STANHOPE AVENUE,E01028307,Newark and Sherwood 007E,Investigation complete; no suspect identified
203b6401ab9d7b423de15c302fab0157860ab9c36113185ee6d9f4c5785f2057,2013-06,Nottinghamshire Police,Nottinghamshire Police,-0.790397,53.083593,On or near FARRAR CLOSE,E01028304,Newark and Sherwood 007B,Investigation complete; no suspect identified
c15b420eb6d7b3f48f0dc3a0e930f8ea447a43c90a289b47ab1940499753eeaa,2013-06,Nottinghamshire Police,Nottinghamshire Police,-1.060955,53.424008,On or near BUCKINGHAM COURT,E01028028,Bassetlaw 001F,Investigation complete; no suspect identified
73dcefcadc708571695fecc1700a83988913b102f87cf1346d19e519b0f7808e,2013-06,Nottinghamshire Police,Nottinghamshire Police,-1.048867,53.425539,On or near PLUMTREE ROAD,E01028027,Bassetlaw 001E,Investigation complete; no suspect identified
118cac745e0cd92a5e6f54f99784f5b68c1c0ff1d1108e2cec50414914eceb0d,2013-06,Nottinghamshire Police,Nottinghamshire Police,-1.196609,53.173396,On or near ALDER GROVE,E01028279,Mansfield 004B,Investigation complete; no suspect identified
500a84d8a701c09fc42f35edab6c326cff2fd6cbd92876e1cf4b95271c287708,2013-06,Nottinghamshire Police,Nottinghamshire Police,-1.183513,53.136613,On or near WINDSOR GARDENS,E01033389,Mansfield 013G,Investigation complete; no suspect identified
68f0bb053c7470e44e8ae3142f3251dfce603b822c19367deb3e74aac76e3329,2013-06,Nottinghamshire Police,Nottinghamshire Police,-1.192309,53.149851,On or near NURSERY COURT,E01028274,Mansfield 009C,Investigation complete; no suspect identified
d02caabed67d3687ffae723efc381976c2fac5b491a274456e667d8ace2ac3a3,2013-06,Nottinghamshire Police,Nottinghamshire Police,-1.193568,53.137698,On or near BAUM'S LANE,E01028270,Mansfield 013F,Investigation complete; no suspect identified
e12a33aa309c473d003b617834ee6aea4255c7d069162cd69d48d6cd79d3a06f,2013-06,Nottinghamshire Police,Nottinghamshire Police,-1.159703,53.144196,On or near CARISBROOK AVENUE,E01028262,Mansfield 011C,Investigation complete; no suspect identified
02898698c6cdcaa0f16eb3f72cb27818f011641fd54a18eac387a1a299ca616a,2013-06,Nottinghamshire Police,Nottinghamshire Police,-1.199832,53.145713,On or near Parking Area,E01028284,Mansfield 008F,Investigation complete; no suspect identified
e1db23f07682573bc5cd654596a52bfc900aa148232b78ca851c63b5450f47c1,2013-06,Nottinghamshire Police,Nottinghamshire Police,-1.197486,53.145662,On or near Shopping Area,E01028284,Mansfield 008F,Investigation complete; no suspect identified
1bc2122cb23dfedebb504f9be86addbf99346d29230493eae1fe4d5583ceacac,2013-06,Nottinghamshire Police,Nottinghamshire Police,-1.296480,53.059425,On or near CHURCH LANE,E01027993,Ashfield 012C,Investigation complete; no suspect identified
66f8545cbf2226bb6d765090284d71c64a0799027211f3414eaba68bca7387c1,2013-06,Nottinghamshire Police,Nottinghamshire Police,-1.203265,53.038458,On or near Shopping Area,E01027933,Ashfield 014D,Investigation complete; no suspect identified
32997c65355605d2ede347e00ba5c7a09861179ac0e9e33fb2c5b46b242456c9,2013-06,Nottinghamshire Police,Nottinghamshire Police,-1.268513,53.111618,On or near RAYMOND CLOSE,E01027959,Ashfield 009E,Investigation complete; no suspect identified
4b9f2151a6cf5cededa3589c10d9872e7cad49991edd64789ccdcd5439fd363a,2013-06,Nottinghamshire Police,Nottinghamshire Police,-1.235254,53.105162,On or near PINEWOOD CLOSE,E01027951,Ashfield 007B,Investigation complete; no suspect identified
2cdedfea5db6a6179df09534945b35cfa6024b8445c846e0ab1822c10bf2c0b0,2013-06,Nottinghamshire Police,Nottinghamshire Police,-1.242664,53.096571,On or near ST THOMAS' AVENUE,E01027949,Ashfield 007A,Investigation complete; no suspect identified
8a1ba0e74c9aea2d2267d6f0c07b31104777be3bedd01fa613b2cbb11c07e6de,2013-06,Nottinghamshire Police,Nottinghamshire Police,-1.244401,53.090325,On or near QUARRY DRIVE,E01027950,Ashfield 009C,Investigation complete; no suspect identified
a393718b11e610f17368688778c09b95d2e7a7c4c7a4e4104604cb56ac8b69a4,2013-06,Nottinghamshire Police,Nottinghamshire Police,-1.264881,53.103847,On or near HIGHFIELD AVENUE,E01027957,Ashfield 009D,Investigation complete; no suspect identified
f8a0a2c1e5924f9b93513c345078c43cc6b6c50ace350434c10dfed85ca01ef5,2013-06,Nottinghamshire Police,Nottinghamshire Police,-1.132876,52.938480,On or near ROSEBERY AVENUE,E01028416,Rushcliffe 005D,Investigation complete; no suspect identified
8861f34c3de1f2948d0f95436dab023432210e3370d97323d56afbfe2dd9db14,2013-06,Nottinghamshire Police,Nottinghamshire Police,-1.182707,52.838968,On or near HEAVENSIDE,E01028388,Rushcliffe 015A,Investigation complete; no suspect identified
ef00cd347aeb1c7087e34a06038b9d53d385bb4ef71a6e2ee73a366f841928cc,2013-06,Nottinghamshire Police,Nottinghamshire Police,-1.071626,52.960959,On or near GODFREY STREET,E01028187,Gedling 015D,Investigation complete; no suspect identified
518bc784fe3681830c75a989034bb4c8d92afe1562047680d8266c28c30f6c6d,2013-06,Nottinghamshire Police,Nottinghamshire Police,-1.119636,52.984562,On or near Parking Area,E01028194,Gedling 010B,Investigation complete; no suspect identified
06787345f2c04e43442b2f981d080b8e114dd3f034808886d0ce43e7ba93a670,2013-06,Nottinghamshire Police,Nottinghamshire Police,-1.121531,52.983641,On or near Parking Area,E01028194,Gedling 010B,Investigation complete; no suspect identified
a0889fc6f013180abbd8f4c3c80224555cd95448e22850f3d7bb3176bf195919,2013-06,Nottinghamshire Police,Nottinghamshire Police,-1.130921,53.001904,On or near Parking Area,E01028165,Gedling 006B,Suspect charged
ba30ac4978bc193b767ce0c757568474e815c09797f9cda7dac051c9c8e3dd8e,2013-06,Nottinghamshire Police,Nottinghamshire Police,-1.133240,52.952281,On or near SNEINTON ROAD,E01013957,Nottingham 029E,Investigation complete; no suspect identified
05afaa7e495c548b51f972829a4c597c79274c249d04d8fc6c99bfd562f84954,2013-06,Nottinghamshire Police,Nottinghamshire Police,-1.143415,52.969175,On or near FOWLER STREET,E01013943,Nottingham 015D,Investigation complete; no suspect identified
28435856da9b2d543e240e842115c65523fb1a0d4f06529f523fbd16ace1aa36,2013-06,Nottinghamshire Police,Nottinghamshire Police,-1.187747,52.903799,On or near MAYDENE CLOSE,E01013905,Nottingham 036A,Investigation complete; no suspect identified
c08924bd1050282265c320e7e1e8476b18b8507164d846fbc754caa136e75dd2,2013-06,Nottinghamshire Police,Nottinghamshire Police,-1.187747,52.903799,On or near MAYDENE CLOSE,E01013905,Nottingham 036A,Investigation complete; no suspect identified
d0592bf9a61ce5ac57986f3a3e1ed1da373d619b6e359c960e566f8fc852df52,2013-06,Nottinghamshire Police,Nottinghamshire Police,-1.127517,52.945282,On or near POULTON DRIVE,E01013920,Nottingham 029C,Investigation complete; no suspect identified
5ce1af007bb5178550c123a0be6528f2461df813d903af8cfde3687377a8fecf,2013-06,Nottinghamshire Police,Nottinghamshire Police,-1.205334,52.983520,On or near BELLS LANE,E01013825,Nottingham 011D,Suspect charged
9072dafd1d89a7c9e3a52762915fa1ed52ac9f9426dc200ce06a78b914ad5ca1,2013-06,Nottinghamshire Police,Nottinghamshire Police,-1.198418,53.004653,On or near RAVENSWORTH ROAD,E01013882,Nottingham 002D,Investigation complete; no suspect identified
d2ab4e5ac0716d11080155e1f968ee29df491191e6f5964dc271fa3b4caf0038,2013-06,Nottinghamshire Police,Nottinghamshire Police,-1.205223,52.976580,On or near MINVER CRESCENT,E01013821,Nottingham 013C,Investigation complete; no suspect identified
eb99b1b051d14195f5172f4be9b348c54604a7502b4e4da08925b2268206522a,2013-06,Nottinghamshire Police,Nottinghamshire Police,-1.208573,52.979047,On or near Supermarket,E01013817,Nottingham 011A,Investigation complete; no suspect identified
3b466e6b4a45986710e917a9a097ef4d7a0d054c35f09d74dbe484d9083926f7,2013-06,Nottinghamshire Police,Nottinghamshire Police,-1.213134,52.982952,On or near ELTHAM CLOSE,E01013826,Nottingham 011E,Investigation complete; no suspect identified
894d8880a7cf5d21ebf7d125cf604c8a8af86eeea35e3c9121d3eba14601261a,2013-06,Nottinghamshire Police,Nottinghamshire Police,-1.214099,52.979839,On or near FENWICK ROAD,E01013817,Nottingham 011A,Investigation complete; no suspect identified
331bac58186030fa138194754b6046c3258aab2f0adfb16b59ac07ad24c9c987,2013-06,Nottinghamshire Police,Nottinghamshire Police,-1.192673,52.981907,On or near OVERDALE ROAD,E01013830,Nottingham 009B,Investigation complete; no suspect identified
0038066825454caa5205c850af3159ff61ac8c5b70137f574481c2bc3b7cd760,2013-06,Nottinghamshire Police,Nottinghamshire Police,-1.208567,52.984288,On or near Sports/Recreation Area,E01013826,Nottingham 011E,Investigation complete; no suspect identified
8d27dea1a2642de2001b7cb08fea928914acdf1154ad2171d03a1a2c8b0b9b26,2013-06,Nottinghamshire Police,Nottinghamshire Police,-1.163916,52.993277,On or near BRATTON DRIVE,E01033397,Nottingham 006F,Investigation complete; no suspect identified
2bd43219623f3f0d4c1dbe229caa1e803cd8cea8517a68521883664e30e51c33,2013-06,Nottinghamshire Police,Nottinghamshire Police,-1.189153,53.005264,On or near BESTWOOD TERRACE,E01013886,Nottingham 004A,Investigation complete; no suspect identified
3c37bad18e071182904a348d54dc19e836230769bf92f6301e0f2cb63df95bc7,2013-06,Nottinghamshire Police,Nottinghamshire Police,-1.198538,52.967626,On or near SPEAN DRIVE,E01013931,Nottingham 019B,Investigation complete; no suspect identified
88127a6af2e419ed5e4363c5704e1e7f0ec789ed5170d3270a0a0830432a1530,2013-06,Nottinghamshire Police,Nottinghamshire Police,-1.200787,52.961897,On or near Petrol Station,E01013929,Nottingham 020D,Investigation complete; no suspect identified
a12a54c14d498a1326d76d600947b02f858eccb3a8f3c072d04241a50acd5467,2013-06,Nottinghamshire Police,Nottinghamshire Police,-1.196146,52.976959,On or near BERRYDOWN CLOSE,E01013819,Nottingham 013A,Investigation complete; no suspect identified
2febf70db73f88058dcbe751c7ed7eca3b83afae8fb043a0891f092bc49ff868,2013-06,Nottinghamshire Police,Nottinghamshire Police,-1.213995,52.974076,On or near EXBOURNE ROAD,E01013821,Nottingham 013C,Investigation complete; no suspect identified
579ee3d84636dc85898f5eb7e45ec5f408076ad0d817d9b96f1427bf162a3b1e,2013-06,Nottinghamshire Police,Nottinghamshire Police,-1.204313,52.979909,On or near ARKLOW CLOSE,E01013820,Nottingham 013B,Investigation complete; no suspect identified
c0595c6e0bb9c1fe7fb7566e131036760c37ee854f50bd58d79ac6b4e3f6c1bb,2013-06,Nottinghamshire Police,Nottinghamshire Police,-1.200104,52.971484,On or near Supermarket,E01013929,Nottingham 020D,Investigation complete; no suspect identified
29dbe2fc799f417f6a094eca58f3e1f4522a708d55a522baaabb59256886c350,2013-06,Nottinghamshire Police,Nottinghamshire Police,-1.192673,52.981907,On or near OVERDALE ROAD,E01013830,Nottingham 009B,Investigation complete; no suspect identified
320b90ec23da17e50f0e79da82a0e661a17dc50ca8f703bbeba5339794666d39,2013-06,Nottinghamshire Police,Nottinghamshire Police,-1.235384,52.962880,On or near MCCABE COURT,E01013858,Nottingham 025A,Investigation complete; no suspect identified
edad92d678c0cbb4dcc4a994b7b9c6d3a9f8bbf9489a13f860e4b559494f034e,2013-06,Nottinghamshire Police,Nottinghamshire Police,-1.179006,53.003577,On or near Petrol Station,E01013893,Nottingham 001C,Investigation complete; no suspect identified
c71985f3e61dd4e54a1dad2ce474fb270ecfd4a5f34fd21b5c1d3cc220b4d61f,2013-06,Nottinghamshire Police,Nottinghamshire Police,-1.192648,52.992838,On or near Hospital,E01013891,Nottingham 004E,Investigation complete; no suspect identified
4e929acbd71e315b518758582fbda20fb4941934d7c6aac65cdd24285871eaf6,2013-06,Nottinghamshire Police,Nottinghamshire Police,-1.174834,53.002766,On or near CHICHESTER CLOSE,E01013893,Nottingham 001C,Investigation complete; no suspect identified
69aeb3555d337420e915d7d16f848efeac7f5d17a157a0a44086eace49cc88e4,2013-06,Nottinghamshire Police,Nottinghamshire Police,-1.169611,52.970502,On or near BEACONSFIELD STREET,E01013842,Nottingham 018D,Investigation complete; no suspect identified
8be9d461a8b45db2a1f38aa26e7da11b50bb4f281a978a124fef8e25fca668a0,2013-06,Nottinghamshire Police,Nottinghamshire Police,-1.150829,52.954053,On or near Shopping Area,E01033406,Nottingham 039E,Investigation complete; no suspect identified
5a7b74e8589e93d5d613c5e8137a088b6ad6cf23af6f4a3709d295541e63d7bb,2013-06,Nottinghamshire Police,Nottinghamshire Police,-1.183613,52.944188,On or near EAST ROAD,E01013926,Nottingham 031E,Investigation complete; no suspect identified
47b2a20d125841c09610cdeecffb4a72db71966f35458cb3532661b646f1610e,2013-06,Nottinghamshire Police,Nottinghamshire Police,-1.147153,52.956293,On or near Supermarket,E01033409,Nottingham 023H,Investigation complete; no suspect identified
c5e70642d617c8347067ec60006aabd54694d8bb8fddcd0fb72560889b389586,2013-06,Nottinghamshire Police,Nottinghamshire Police,-1.179024,52.936605,On or near GIBBONS STREET,E01013928,Nottingham 031G,Investigation complete; no suspect identified
d2fb07b8c4094cb80c0de904018301bd2bea3f06b4dd38af0db73fb5da19a18e,2013-06,Nottinghamshire Police,Nottinghamshire Police,-1.227776,52.952007,On or near ARLESTON DRIVE,E01013980,Nottingham 030A,Investigation complete; no suspect identified
238a6e248636443e1a185fcfe3ca8b84eaf36337a6dfe6079b1172694ffc270f,2013-06,Nottinghamshire Police,Nottinghamshire Police,-1.167954,52.953689,On or near BARRACK LANE,E01032520,Nottingham 028E,Investigation complete; no suspect identified
792c0f1ec5e44816a9991051e575006149fb0bac6532eb0c9da3d2214cbd14e3,2013-06,Nottinghamshire Police,Nottinghamshire Police,-1.171603,52.947350,On or near Supermarket,E01013926,Nottingham 031E,Investigation complete; no suspect identified
843ad7dc3938ed3761cfdbb6926e096c036d5d2d0d2a9b0d503947574e1e1c4f,2013-06,Nottinghamshire Police,Nottinghamshire Police,-1.217392,52.955050,On or near RUSSELL DRIVE,E01013981,Nottingham 027D,Investigation complete; no suspect identified
18b0783d3c9b50b0a7e49d172c57cfc079f2a6ad7532b59263ff9ecb37f0751c,2013-06,Nottinghamshire Police,Nottinghamshire Police,-1.152983,52.961908,On or near NEWSTEAD GROVE,E01013813,Nottingham 022A,Investigation complete; no suspect identified
c1eefda1b309ed98b5f347490cc0f4dccb112bfcf16f2766f136f8448f87d32e,2013-06,Nottinghamshire Police,Nottinghamshire Police,-1.146941,52.981417,On or near Bus/Coach Station,E01013969,Nottingham 010C,Investigation complete; no suspect identified
d49d1a44afea0ee6506c04b3a7bfa823ba06e840bb2470ccdfac99997b886b95,2013-06,Nottinghamshire Police,Nottinghamshire Police,-1.171943,52.960711,On or near DENISON STREET,E01013948,Nottingham 026E,Investigation complete; no suspect identified
ac7d295b6275aeb549303dca6c80b0712169d7000eafff4b0f8ac8089dec5a0e,2013-06,Nottinghamshire Police,Nottinghamshire Police,-1.150053,52.948097,On or near CANAL STREET,E01033400,Nottingham 039B,Suspect charged
eb36f7fc02bf15c99108d4f29aee0f7b30679897c01172ab6edf1cdfc1a50390,2013-06,Nottinghamshire Police,Nottinghamshire Police,-1.148358,52.951797,On or near Shopping Area,E01033400,Nottingham 039B,Investigation complete; no suspect identified
5852e1567fc3c2f21623e98dfaea99c4efb7648b755064505a6dbde18117785c,2013-06,Nottinghamshire Police,Nottinghamshire Police,-1.145733,52.985291,On or near THE CLOSE,E01013966,Nottingham 007D,Investigation complete; no suspect identified
467cb05f7dcdfc0be975b0556ecf30c3af514599ba8dc7df8c0efef27f71aa9e,2013-06,Nottinghamshire Police,Nottinghamshire Police,-1.145251,52.951604,On or near Theatre/Concert Hall,E01033403,Nottingham 039D,Investigation complete; no suspect identified
94b238d01c8c17375c8b3ca0ed804d0e41ed708fbd35c0ebf6b649d040759b81,2013-06,Nottinghamshire Police,Nottinghamshire Police,-1.167620,52.968762,On or near RUSSELL ROAD,E01013846,Nottingham 018E,Investigation complete; no suspect identified
533016ddf7330be03e1d7ee08d4f10c39353e1618509cf630b019542aad5eb19,2013-06,Nottinghamshire Police,Nottinghamshire Police,-1.146941,52.981417,On or near Bus/Coach Station,E01013969,Nottingham 010C,Investigation complete; no suspect identified
3495a7c28c5543260563011616ae13aaed9eb1832138027f5898a4a629489c9e,2013-06,Nottinghamshire Police,Nottinghamshire Police,-1.180959,52.972010,On or near WISTOW CLOSE,E01013930,Nottingham 019A,Investigation complete; no suspect identified
77fb51202044a9693efeceab4c330b5b78533402d2e4c206cc911ce1a523f956,2013-06,Nottinghamshire Police,Nottinghamshire Police,-1.158430,52.969650,On or near 3RD AVENUE,E01013843,Nottingham 017A,Investigation complete; no suspect identified
ef332036f31844109ca3773c3b3adca9534bfa5a6e3affdda6f8e24d30023965,2013-06,Nottinghamshire Police,Nottinghamshire Police,-1.174796,52.948487,On or near Supermarket,E01033410,Nottingham 031I,Investigation complete; no suspect identified
ebe9c5e46bab48f7c7d094dc8ecc384860458391230f73d3b2d9551bbf5ed20c,2013-06,Nottinghamshire Police,Nottinghamshire Police,-1.148837,52.956215,On or near Supermarket,E01033409,Nottingham 023H,Investigation complete; no suspect identified
7d5ff89e3cbc0a4879efdcd6df98718b7de411a6cd462675cd915b60ae1f9e70,2013-06,Nottinghamshire Police,Nottinghamshire Police,-1.146168,52.954910,On or near Shopping Area,E01033406,Nottingham 039E,Investigation complete; no suspect identified
84784ce7aefed6018f0b7de1433daffd0f9d5e6f4d0283d40f955f461db6d024,2013-06,Nottinghamshire Police,Nottinghamshire Police,-1.137715,52.954067,On or near FRECKINGHAM STREET,E01033405,Nottingham 023G,Investigation complete; no suspect identified
3442499a36d6638f5df717b8dd3e2f3633dbb6e4c3b75982a189e142599ba2cd,2013-06,Nottinghamshire Police,Nottinghamshire Police,-1.155052,52.956547,On or near Parking Area,E01013816,Nottingham 022D,Investigation complete; no suspect identified
f1cd4f4d97dbd1336e6fb7af3ab58ac9b88a956d12a123cd3544341c6f919c86,2013-06,Nottinghamshire Police,Nottinghamshire Police,-1.169676,52.966367,On or near TERRACE STREET,E01013846,Nottingham 018E,Investigation complete; no suspect identified
b827f510c4f5dc51c3879946fa814fb59580d8707405063012591b60c5b12dc5,2013-06,Nottinghamshire Police,Nottinghamshire Police,-1.147645,52.950201,On or near Shopping Area,E01033400,Nottingham 039B,Investigation complete; no suspect identified
f11cc70df04866a8fb716ce04b0dbfe474d398b63639f42bfab31bc0da3e4eca,2013-06,Nottinghamshire Police,Nottinghamshire Police,-1.174473,52.970922,On or near RADFORD ROAD,E01013842,Nottingham 018D,Investigation complete; no suspect identified
1e3fe8d86f9e46cd59e5d0ce1adc7ce6b98dbbdc8ca482778d45c6f4e8ca58d7,2013-06,Nottinghamshire Police,Nottinghamshire Police,-1.169756,52.966853,On or near Supermarket,E01013846,Nottingham 018E,Investigation complete; no suspect identified
2247694387124f8642e6c47ccee246a4a4b1112ba3f4ddb8c6e5250534201acd,2013-06,Nottinghamshire Police,Nottinghamshire Police,-1.155052,52.956547,On or near Parking Area,E01013816,Nottingham 022D,Investigation complete; no suspect identified
d18d50105b8976628a52a2099a6237bc3bb256fd43a937ebcdc5c6dcffb70d52,2013-06,Nottinghamshire Police,Nottinghamshire Police,-1.169114,52.964610,On or near PATTERSON ROAD,E01013811,Nottingham 018B,Investigation complete; no suspect identified
8e2751ae1b76027f5705a207b254e72633fc0d1a8ac07b91855f3d97f3ebff05,2013-06,Nottinghamshire Police,Nottinghamshire Police,-1.167749,52.946523,On or near CASTLE BRIDGE ROAD,E01033408,Nottingham 031H,Investigation complete; no suspect identified
1febec61358c8ccf876ba166d694a871ac9f13e93d4aab11e0ff68b15cf3f5a4,2013-06,Nottinghamshire Police,Nottinghamshire Police,-1.169842,52.963132,On or near HUBERT STREET,E01013814,Nottingham 022B,Investigation complete; no suspect identified
c20a12939f7d9c8208fb79b6677ba3502f15458b210a5ff029a8eee0315c3813,2013-06,Nottinghamshire Police,Nottinghamshire Police,-1.173158,52.962544,On or near ALFRETON ROAD,E01013812,Nottingham 018C,Investigation complete; no suspect identified
e368d6625026ae912580e3726ac570e32b4e91e2ca98c12f50258891c93068e3,2013-06,Nottinghamshire Police,Nottinghamshire Police,-1.153011,52.973387,On or near OAK STREET,E01013972,Nottingham 015E,Investigation complete; no suspect identified
4fd87570c35965596557c465ec7f111c8f7b2beec202d4fd219992d3f973e06d,2013-06,Nottinghamshire Police,Nottinghamshire Police,-1.161299,52.978381,On or near WARREN AVENUE,E01013840,Nottingham 012D,Investigation complete; no suspect identified
7d7e82458e35034fb375b80db2912c7aebfeca93ea384b66132fd8f5c9925a2d,2013-06,Nottinghamshire Police,Nottinghamshire Police,-1.113899,53.315943,On or near HIGHLAND GROVE,E01028042,Bassetlaw 016E,Investigation complete; no suspect identified
9af00a574c2242199a0ba4c54793cd52eb127246bc0341c365c459fdb647ec2f,2013-06,Nottinghamshire Police,Nottinghamshire Police,-1.111664,53.296331,On or near RICHMOND ROAD,E01028065,Bassetlaw 012B,Investigation complete; no suspect identified
c112117d8bcfd4126e823d9784471e5ed7ceb2d864ea0a350fcfd28ffb338439,2013-06,Nottinghamshire Police,Nottinghamshire Police,-1.110365,53.293894,On or near CAVENDISH ROAD,E01028067,Bassetlaw 013D,Investigation complete; no suspect identified
78c57a35648c3e98cad1000347abdfe68a68aa81acb50dba39301ce0052582fb,2013-06,Nottinghamshire Police,Nottinghamshire Police,-1.099935,53.294715,On or near KINGSTON CLOSE,E01028064,Bassetlaw 014E,Investigation complete; no suspect identified
be0c3c86f976719f96e05341c6a826aba5fe02efa748c9af243ddb2059e7ab81,2013-06,Nottinghamshire Police,Nottinghamshire Police,-1.122825,53.307407,On or near B6045,E01028057,Bassetlaw 012A,Investigation complete; no suspect identified
1fef60984623588e9bc18fcd215076f2f573bd24bdcf9583254d95415689eaf5,2013-06,Nottinghamshire Police,Nottinghamshire Police,-1.066589,53.266880,On or near Sports/Recreation Area,E01028040,Bassetlaw 014A,Investigation complete; no suspect identified
fb42a39df4e58685a711b6abb19f0b69e99360feea35be0094d35edbee024a58,2013-06,Nottinghamshire Police,Nottinghamshire Police,-1.062420,53.187383,On or near OCCUPATION LANE,E01028321,Newark and Sherwood 002C,Investigation complete; no suspect identified
64c19196295145957577365946eb804752dc27fa1d9e7928e95ee3536d3b118c,2013-06,Nottinghamshire Police,Nottinghamshire Police,-0.903851,53.211038,On or near TANYARD,E01028312,Newark and Sherwood 003B,Investigation complete; no suspect identified
905987c3a6a4fc5ed6c420f9c9001202e7a2a8567f111214626211574b3266cd,2013-06,Nottinghamshire Police,Nottinghamshire Police,-1.116461,53.097733,On or near Petrol Station,E01028300,Newark and Sherwood 006D,Investigation complete; no suspect identified
5b4c5b791b5c69a4ed6ef144bce114262317f5532b34eacbef0669b5a4fa1045,2013-06,Nottinghamshire Police,Nottinghamshire Police,-0.792943,53.087071,On or near BARROWS GATE,E01028304,Newark and Sherwood 007B,Investigation complete; no suspect identified
60d01a32c1f3a4cb308e3c8f787650e720121d81dc427614da835da9f03495f0,2013-06,Nottinghamshire Police,Nottinghamshire Police,-0.811092,53.080817,On or near MATHER ROAD,E01028311,Newark and Sherwood 007G,Investigation complete; no suspect identified
94bea767a69cfc45ae37f095a607e8f49f72a9222384f86df8a3b31f015485b6,2013-06,Nottinghamshire Police,Nottinghamshire Police,-0.796545,53.080509,On or near STANLEY STREET,E01028304,Newark and Sherwood 007B,Investigation complete; no suspect identified
fc923dc6b9df6142e752c4db08753fc835a19ddc282088694d56cf8bebae0a5d,2013-06,Nottinghamshire Police,Nottinghamshire Police,-0.799423,53.095110,On or near ROBERT DUKESON AVENUE,E01028306,Newark and Sherwood 007D,Investigation complete; no suspect identified
bc3737bd3bb4438bdc7d1072e2d76f509c64da6549dd8ae328114ce05d5b7b01,2013-06,Nottinghamshire Police,Nottinghamshire Police,-0.796313,53.086170,On or near LINCOLN COURT,E01028304,Newark and Sherwood 007B,Investigation complete; no suspect identified
a8261fd8a528fbd807eff5f20b27ad79c608e528cb663121649cd235dbbbf3e3,2013-06,Nottinghamshire Police,Nottinghamshire Police,-0.803747,53.085131,On or near KINGS SCONCE AVENUE,E01028310,Newark and Sherwood 007F,Investigation complete; no suspect identified
065d691b33caf0d22cb38cdd63997e9ce46c51ab7ab31af0f972dcbfb6ae1157,2013-06,Nottinghamshire Police,Nottinghamshire Police,-0.796313,53.086170,On or near LINCOLN COURT,E01028304,Newark and Sherwood 007B,Investigation complete; no suspect identified
30ec7ce7595354a82c69b94d11692ede6ca6668813e10b13779bd8e412814b74,2013-06,Nottinghamshire Police,Nottinghamshire Police,-0.791366,53.053272,On or near MEAD WAY,E01028291,Newark and Sherwood 011G,Investigation complete; no suspect identified
c63ce20cd4fc7f18a5d0bc8bf0c8dcb0ba06d50f94722066a4cb3e8026842833,2013-06,Nottinghamshire Police,Nottinghamshire Police,-0.810182,53.060779,On or near SYCAMORE CLOSE,E01028320,Newark and Sherwood 010E,Investigation complete; no suspect identified
c788244c0f5ad83cd2983f424eba6bf7c13f2f07648244c6497d34ceaff8816f,2013-06,Nottinghamshire Police,Nottinghamshire Police,-0.796313,53.086170,On or near LINCOLN COURT,E01028304,Newark and Sherwood 007B,Investigation complete; no suspect identified
98741e0c6b861ad88867c410bb574a5fceb2bf42e71fd0609bf51290b62c1819,2013-06,Nottinghamshire Police,Nottinghamshire Police,-0.806490,53.075018,On or near Parking Area,E01028335,Newark and Sherwood 009E,Investigation complete; no suspect identified
4ae4fea210e1426101863f709598e265ff04d2153330cfee33b65c1f0ce86792,2013-06,Nottinghamshire Police,Nottinghamshire Police,-0.801181,53.080241,On or near SYDNEY STREET,E01028305,Newark and Sherwood 007C,Investigation complete; no suspect identified
78e0c1d5bc984d47f32f0d25741440444aef57a6d3476350d19ce790010bad0f,2013-06,Nottinghamshire Police,Nottinghamshire Police,-0.803946,53.081744,On or near NEWNHAM ROAD,E01028310,Newark and Sherwood 007F,Investigation complete; no suspect identified
dfc13e9bcd37db1d93271473674bf54987235f8d2cf2cca6ec299b1e8d9af453,2013-06,Nottinghamshire Police,Nottinghamshire Police,-0.805646,53.082875,On or near Shopping Area,E01028310,Newark and Sherwood 007F,Investigation complete; no suspect identified
cc68338cbfe204cd17bb85e7c4de631a210ab589b999c5d13497320bd847b3f8,2013-06,Nottinghamshire Police,Nottinghamshire Police,-0.805646,53.082875,On or near Shopping Area,E01028310,Newark and Sherwood 007F,Investigation complete; no suspect identified
d9f68829cf62610546c71143ec5cd8076585675d745229572625a685b41de882,2013-06,Nottinghamshire Police,Nottinghamshire Police,-0.805646,53.082875,On or near Shopping Area,E01028310,Newark and Sherwood 007F,Investigation complete; no suspect identified
612809455effb098c8bac17ed238eae159d93238930bfbccdfe77044de3323fa,2013-06,Nottinghamshire Police,Nottinghamshire Police,-0.808486,53.077339,On or near WILSON STREET,E01028310,Newark and Sherwood 007F,Investigation complete; no suspect identified
2cd8888c9cbd49235294b20fa5966754491c3f9ee12c63e7753d1ab1bc270edd,2013-06,Nottinghamshire Police,Nottinghamshire Police,-0.793585,53.087608,On or near EMMENDINGEN AVENUE,E01028304,Newark and Sherwood 007B,Investigation complete; no suspect identified
c037a4a0e8cecbb2505e9869891a2f9e44e4a0bff892da8c632c7aab58894909,2013-06,Nottinghamshire Police,Nottinghamshire Police,-0.808267,53.067970,On or near ENRIGHT CLOSE,E01028335,Newark and Sherwood 009E,Investigation complete; no suspect identified
1f7fabd49f1cd3b355217032aecd677aded21b581ec272be45f6864c42b806bf,2013-06,Nottinghamshire Police,Nottinghamshire Police,-0.808714,53.067471,On or near HOLDEN CRESCENT,E01028334,Newark and Sherwood 009D,Investigation complete; no suspect identified
1455650305d1c7e089ada413743f0f9f4ed8da3943e34b8d7a5a7eefb5ec5b65,2013-06,Nottinghamshire Police,Nottinghamshire Police,-0.817728,53.072388,On or near KING STREET,E01028311,Newark and Sherwood 007G,Investigation complete; no suspect identified
4a338686255cf33cf3dbb554040105904968883d01bd0cd90725710aa99e8683,2013-06,Nottinghamshire Police,Nottinghamshire Police,-1.045168,53.418660,On or near NORFOLK AVENUE,E01028025,Bassetlaw 001C,Investigation complete; no suspect identified
a7b50c6239dc72ce64e21d93b69beb37acecdd9a058aec9e07c9f67fe78f07d4,2013-06,Nottinghamshire Police,Nottinghamshire Police,-0.976589,53.272272,On or near HEADLAND AVENUE,E01028040,Bassetlaw 014A,Investigation complete; no suspect identified
d0d1f5f7cc3bed59fd7aa4e5122bf22730daaff214d788b6fa437c390d7ac610,2013-06,Nottinghamshire Police,Nottinghamshire Police,-0.940298,53.320236,On or near NEW STREET,E01028011,Bassetlaw 008D,Investigation complete; no suspect identified
95d5c5c8d82c9711c76bac2f42c755e89b3d8a54c4ebb720508c49fee40348bd,2013-06,Nottinghamshire Police,Nottinghamshire Police,-1.061870,53.420051,On or near HOLDERNESS CLOSE,E01028026,Bassetlaw 001D,Investigation complete; no suspect identified
f8313ae6343fde499c968bfaebc4f06ac306576611b1dcfc11416a466ba833ef,2013-06,Nottinghamshire Police,Nottinghamshire Police,-1.069277,53.419156,On or near SAXON WAY,E01028024,Bassetlaw 001B,Investigation complete; no suspect identified
d38482ed9f8b7b81de8f18aa3548e5d9991c463722103e181bbd6968267a35f5,2013-06,Nottinghamshire Police,Nottinghamshire Police,-1.076133,53.417367,On or near MAIN STREET,E01028024,Bassetlaw 001B,Investigation complete; no suspect identified
1e82524403cdb4e3f078bd1576b47cdc2563a3576ef62967fc993b235efbfbb3,2013-06,Nottinghamshire Police,Nottinghamshire Police,-0.940298,53.320236,On or near NEW STREET,E01028011,Bassetlaw 008D,Investigation complete; no suspect identified
7c44ce6d78729e7f3b90c2e09a7165038386d5d4c2f435b6523f332e976c28a0,2013-06,Nottinghamshire Police,Nottinghamshire Police,-1.197848,53.167130,On or near VALE ROAD,E01028281,Mansfield 004D,Investigation complete; no suspect identified
b2a1a8e11ac56d8435b6e97eb6f8939bf70845bceb5ca1f4e2f4b689dd596d9d,2013-06,Nottinghamshire Police,Nottinghamshire Police,-1.174149,53.165809,On or near CALVER STREET,E01028252,Mansfield 003B,Investigation complete; no suspect identified
b21409ac75bb08469e7c3194e07c98134052f4d05aeb0428b0336c88e7c11325,2013-06,Nottinghamshire Police,Nottinghamshire Police,-1.202674,53.148052,On or near WESTFIELD LANE,E01028284,Mansfield 008F,Investigation complete; no suspect identified
5a4ef54153937de710778c0da5359ce6ab07eea3f38b1201f630efd5d72ec9e0,2013-06,Nottinghamshire Police,Nottinghamshire Police,-1.152345,53.151875,On or near PRESTWOLD AVENUE,E01028239,Mansfield 007C,Investigation complete; no suspect identified
0d25a1396c18f1f06d31014e7216e6364a13c0d70d688f66792d29e7a33306ee,2013-06,Nottinghamshire Police,Nottinghamshire Police,-0.957671,53.329926,On or near DENMAN CLOSE,E01028016,Bassetlaw 005D,Investigation complete; no suspect identified
9e97b82616ba5e4cbbdf2ece26e7df698a512d13dc63271addcd4d02bdab8251,2013-06,Nottinghamshire Police,Nottinghamshire Police,-1.233439,53.166915,On or near CARDALE ROAD,E01033392,Mansfield 006G,Investigation complete; no suspect identified
d6cee2b0e606953833810189a17dc1b549f5ca78e1e967016d1eb4d6d9225a11,2013-06,Nottinghamshire Police,Nottinghamshire Police,-1.195438,53.146412,On or near Parking Area,E01028284,Mansfield 008F,Investigation complete; no suspect identified
736a3d3a529f05a27c7d10278db9f122c87a08cec7f024ac77d392b2646e43bd,2013-06,Nottinghamshire Police,Nottinghamshire Police,-1.217742,53.023911,On or near DANIELS WAY,E01027942,Ashfield 016E,Investigation complete; no suspect identified
a0c6007f9115736f6aa16cb3f9c400d84dbbcdc1cc0c0f602d7f4e9421d00530,2013-06,Nottinghamshire Police,Nottinghamshire Police,-1.204698,53.039232,On or near BAKER STREET,E01027928,Ashfield 014B,Investigation complete; no suspect identified
2003dd093399c695928b17114a97378e5a49c4d9319f83feb539d0e5a9553e60,2013-06,Nottinghamshire Police,Nottinghamshire Police,-1.185158,53.017184,On or near Park/Open Space,E01027929,Ashfield 013A,Investigation complete; no suspect identified
02884776adbd145bd0624c929e5fe8f725abb1709f55c911c325f90bc3075d0a,2013-06,Nottinghamshire Police,Nottinghamshire Police,-1.298916,53.075710,On or near COLUMBIA CLOSE,E01027961,Ashfield 011B,Investigation complete; no suspect identified
8f4fc99c2473fd02309db8ac3bdb3a2a9ea59a46c8910ef4ab979a4a0c486cb9,2013-06,Nottinghamshire Police,Nottinghamshire Police,-1.315454,53.071967,On or near TUDOR COURT,E01027960,Ashfield 011A,Investigation complete; no suspect identified
cd1db7c5bdf9788522d38f4d00b4e8aa0b38ab74db944eaa774642a05581a393,2013-06,Nottinghamshire Police,Nottinghamshire Police,-1.197591,53.038816,On or near STATION TERRACE,E01027933,Ashfield 014D,Investigation complete; no suspect identified
05b9f51a009de770e756097978db5ab2593d8764d1090a94f551ab3a3c281a1a,2013-06,Nottinghamshire Police,Nottinghamshire Police,-1.242585,53.084902,On or near GRAINGER AVENUE,E01027997,Ashfield 010C,Investigation complete; no suspect identified
2c720453a592dfcb44cfe055d0d1f186f1606f25066e63c2002ad773925ab269,2013-06,Nottinghamshire Police,Nottinghamshire Police,-1.254940,53.101754,On or near FORSTER STREET,E01027956,Ashfield 008C,Investigation complete; no suspect identified
0b308825ce4d9af578115eea3dbeb5a987c56f62babfc84d4928453477a92843,2013-06,Nottinghamshire Police,Nottinghamshire Police,-1.254656,53.124216,On or near LAWN LANE,E01027978,Ashfield 004D,Investigation complete; no suspect identified
cc9bede0d12eef5e156d30eae02fe0e8c63a99690577fca67cbb7f00d413e35f,2013-06,Nottinghamshire Police,Nottinghamshire Police,-1.236257,53.104171,On or near SPRUCE GROVE,E01027951,Ashfield 007B,Investigation complete; no suspect identified
be169c4ade4a5e764750a0edc1d8893d62893d630dd27b2cf2850299c2a5ca49,2013-06,Nottinghamshire Police,Nottinghamshire Police,-1.235254,53.105162,On or near PINEWOOD CLOSE,E01027951,Ashfield 007B,Investigation complete; no suspect identified
c453be65c104f9485cb35c55fd267284bad3dda7a09450cbfae44262f8bf1e71,2013-06,Nottinghamshire Police,Nottinghamshire Police,-1.148358,52.951797,On or near Shopping Area,E01033400,Nottingham 039B,Investigation complete; no suspect identified
de890f4107ee572b5e47e734cdd424fd8a5cd2371b6720ebf18c3be5d78c16dd,2013-06,Nottinghamshire Police,Nottinghamshire Police,-1.155052,52.956547,On or near Parking Area,E01013816,Nottingham 022D,Investigation complete; no suspect identified
e8894b5b0efbbe913bfe1912008b9e115cf48f131f8adfa02b726463f3b1c26b,2013-06,Nottinghamshire Police,Nottinghamshire Police,-1.083347,52.965688,On or near PRIMROSE STREET,E01028158,Gedling 014D,Offender given a drugs possession warning
4ad37e0ee1e6da25565f8045db5fd7578b45d7cc7009cdf7d8ec096bd65d03bb,2013-06,Nottinghamshire Police,Nottinghamshire Police,-1.121531,52.983641,On or near Parking Area,E01028194,Gedling 010B,Suspect charged
55a886c5587636ed7e12e860f7b05c3f6a287f66913f8bc1671edc7534fcbcc0,2013-06,Nottinghamshire Police,Nottinghamshire Police,-1.213151,53.046758,On or near BARBARA SQUARE,E01027935,Ashfield 013D,Offender given a caution
5a83c9a1528299cfbf58ac9882b0230068b383596298cd12f62b1540cef2629d,2013-06,Nottinghamshire Police,Nottinghamshire Police,-1.243938,52.815389,On or near ORCHARD CLOSE,E01028408,Rushcliffe 014C,Offender given a caution
9604308ce9d28605c953898bcae1aecdac53025d4024ce9823be3f0750888a54,2013-06,Nottinghamshire Police,Nottinghamshire Police,-1.131920,53.319258,On or near GATEFORD ROAD,E01028049,Bassetlaw 006D,Offender given a caution
a5d21cbfe8b1a87f3959a054f6b3f560b4bec500d2eb93101ab49248d9e27237,2013-06,Nottinghamshire Police,Nottinghamshire Police,-1.177334,52.912708,On or near WOODBRIDGE AVENUE,E01013903,Nottingham 035E,Local resolution
ef2322d3e24ddfc7348c0e19348d29e708dbcc18aeb1cfd97456574d7fe624e0,2013-06,Nottinghamshire Police,Nottinghamshire Police,-1.198316,52.982044,On or near BIANT CLOSE,E01013825,Nottingham 011D,Suspect charged
b2dc7ba35d6e76c0324ea61cbae9f37e0a63d0049d94cedf16ffb9c8f0ebacb3,2013-06,Nottinghamshire Police,Nottinghamshire Police,-1.150053,52.948097,On or near CANAL STREET,E01033400,Nottingham 039B,Suspect charged
7b2bfbc55cd383f3afa04707953e0761a359f5c3dce4f47908ff89a2449c5d1a,2013-06,Nottinghamshire Police,Nottinghamshire Police,-1.146168,52.954910,On or near Shopping Area,E01033406,Nottingham 039E,Offender given a caution
8c7ac29f217f2a134a441675ee7cf1f4884dbeb227d5fafb6bb4ce37ad6a5687,2013-06,Nottinghamshire Police,Nottinghamshire Police,-1.148030,52.957890,On or near Shopping Area,E01033399,Nottingham 023E,Offender given a caution
2d7436a1671229685fe5a23f652d28f70bfa258ac9a05439bf393588e5c58b1e,2013-06,Nottinghamshire Police,Nottinghamshire Police,-1.152397,52.953777,On or near LONG ROW WEST,E01033400,Nottingham 039B,Suspect charged
aca5b394c6cb68b50b9ec338931599a51d210770cb00d6b23b8e0d54dcd15288,2013-06,Nottinghamshire Police,Nottinghamshire Police,-1.152701,52.964899,On or near MANSFIELD ROAD,E01013941,Nottingham 015C,Offender given a caution
00fafe7f8cfe5862bc2d8b57d73b86db75ca82c5fe180b5c621e9bcd3079279f,2013-06,Nottinghamshire Police,Nottinghamshire Police,-1.175647,52.838631,On or near MANOR ROAD,E01028387,Rushcliffe 014B,Offender given a caution
fbe8f6329f45d1ee10bc3510b4aaa49e28857fc1238a62f14fde8669e7e912f5,2013-06,Nottinghamshire Police,Nottinghamshire Police,-1.008009,53.202719,On or near Bus/Coach Station,E01028341,Newark and Sherwood 001F,Offender given a caution
e1ab49e5df3d20be0dcd51a26e2eb8dcdc1ee7ca7333e1ef8be4526ab5369f04,2013-06,Nottinghamshire Police,Nottinghamshire Police,-1.114002,53.300105,On or near CLINTON STREET,E01028065,Bassetlaw 012B,Suspect charged
a2002185e64251a96789e7a1b8cd54a851761b70c49cec4f8a8dcef358a0575b,2013-06,Nottinghamshire Police,Nottinghamshire Police,-1.121127,53.303880,On or near Supermarket,E01028068,Bassetlaw 012D,Suspect charged as part of another case
61aeb993ffb50e6cfa3e932173608347ce0d16666cce5560e075d0e63e033dc0,2013-06,Nottinghamshire Police,Nottinghamshire Police,-1.035785,53.141784,On or near MICKLEDALE LANE,E01028297,Newark and Sherwood 005B,Offender given a caution
68062bf780511f302fa23a1c36c515af2c35573ab0ef816528d1b8093e0df940,2013-06,Nottinghamshire Police,Nottinghamshire Police,-1.065870,53.193891,On or near WEST LANE,E01028323,Newark and Sherwood 002E,Suspect charged as part of another case
8f5f69c6af9c72ca2838b21549f08efb11cddbcb38b2b2a7f92546fd87489b90,2013-06,Nottinghamshire Police,Nottinghamshire Police,-0.812944,53.074840,On or near Bus/Coach Station,E01028311,Newark and Sherwood 007G,Local resolution
d95df06e7289176fa08a83687e3a3532c711e8e96e6ad673183a61d3e32a94f0,2013-06,Nottinghamshire Police,Nottinghamshire Police,-0.787179,53.055189,On or near VESSEY CLOSE,E01028290,Newark and Sherwood 011F,Offender given a caution
80d88c398cb2c40fde4d52c6bb970eba00717f780dede5c190ac67c2c96bc22c,2013-06,Nottinghamshire Police,Nottinghamshire Police,-1.059461,53.420077,On or near WOODSIDE VIEW,E01028026,Bassetlaw 001D,Suspect charged
795faba45ec1a25fe6c4e8ad9aa57a760b08496251eec8d7696d46cd83c2a2eb,2013-06,Nottinghamshire Police,Nottinghamshire Police,-0.941522,53.322944,On or near Further/Higher Educational Building,E01028011,Bassetlaw 008D,Suspect charged
31ece192a61b8afc94eb40c2f8e91b2f86b9c195e75a3f9674ed5fe906b4f9d1,2013-06,Nottinghamshire Police,Nottinghamshire Police,-1.195736,53.175296,On or near DUNDEE DRIVE,E01028279,Mansfield 004B,Local resolution
a17c06b8f7812eb0c0c4518799da1a4071ea758d1a6391893027d7d56c26bf70,2013-06,Nottinghamshire Police,Nottinghamshire Police,-1.202823,53.149725,On or near Parking Area,E01028284,Mansfield 008F,Offender given a caution
a2847b84c83b1812be284ca54c613c57891331d515f8ead216fe9a56816f5c85,2013-06,Nottinghamshire Police,Nottinghamshire Police,-1.222856,53.144077,On or near FRITH GROVE,E01028230,Mansfield 010A,Suspect charged
ff8321e9b4749d9fe04ee5de942927a3f241486850e495165ca5e889e6bfe6c1,2013-06,Nottinghamshire Police,Nottinghamshire Police,-1.200395,53.144378,On or near Parking Area,E01028284,Mansfield 008F,Local resolution
35bbe35db3e230392fc0cb7fd4554c0b2d48b5deeb8114cee0111bb262be56ad,2013-06,Nottinghamshire Police,Nottinghamshire Police,-1.134774,53.125123,On or near RANSOM ROAD,E01028254,Mansfield 012A,Suspect charged
992acd2b18474b36fe77ce5d67b57718c27b9365549503497fd745876d807d4c,2013-06,Nottinghamshire Police,Nottinghamshire Police,-1.298777,53.073264,On or near DERWENT DRIVE,E01027961,Ashfield 011B,Offender given a drugs possession warning
c949370b529410c85f529b553d96acf3f5e5ddd7ef38b7ebd566434206b03b09,2013-06,Nottinghamshire Police,Nottinghamshire Police,-1.223873,53.033686,On or near ROCKWOOD WALK,E01027939,Ashfield 016C,Offender given a caution
6e1e08f34861a8037bd67d4199d371fa5b9b3abf016a4c0a8ae7423105909108,2013-06,Nottinghamshire Police,Nottinghamshire Police,-1.217664,53.043058,On or near WASHDYKE LANE,E01027943,Ashfield 015D,Offender given a caution
68f90423f273461006419795542b4714cfff231c5c5a0bd101fb636df3075614,2013-06,Nottinghamshire Police,Nottinghamshire Police,-1.245509,53.128599,On or near GARDEN LANE,E01027985,Ashfield 004E,Suspect charged
e0eb88c7c7061f67a570bb196c1afb80065eb40445f86be9a5c4f56e5456966d,2013-06,Nottinghamshire Police,Nottinghamshire Police,-1.166005,52.969875,On or near STANLEY ROAD,E01013845,Nottingham 017C,Offender given a caution
b60d0b834fa85a80fd2abc7233c8ce44cc7d315d6310b788d3c83c1b5979dd0d,2013-06,Nottinghamshire Police,Nottinghamshire Police,-0.770687,53.048548,On or near PARSONS CLOSE,E01033393,Newark and Sherwood 012F,Local resolution
01aba1f8ab17ce4b0d0042de22d7f7b644b38d8cac38efc902be19769beee8c7,2013-06,Nottinghamshire Police,Nottinghamshire Police,-1.214187,53.030800,On or near HIGH LEYS ROAD,E01027925,Ashfield 015A,Suspect charged
8dc7e4928b20fe03799ab9053f992984f82eff68549f611955c0e79d6f7c804f,2013-06,Nottinghamshire Police,Nottinghamshire Police,-1.116168,52.966152,On or near OLD BRICKYARD,E01028161,Gedling 013B,Suspect charged
2f55e6bbbc5e19f68c088d556ea8464beff185efdf966dd8f9b684848c327eac,2013-06,Nottinghamshire Police,Nottinghamshire Police,-1.084554,52.980449,On or near AXFORD CLOSE,E01028172,Gedling 011A,Suspect charged
997eb7e77e75ff677d35818f7f6bd30f1139681724466c0a1fffc3ffde3c7cf2,2013-06,Nottinghamshire Police,Nottinghamshire Police,-1.214794,52.930779,On or near MURIEL ROAD,E01028079,Broxtowe 009D,Local resolution
7a4a71f88effd70e760aac54221031552614b908c5a4dc96c232b776abbeb94f,2013-06,Nottinghamshire Police,Nottinghamshire Police,-1.167329,52.933512,On or near CENTURION WAY,E01013870,Nottingham 040A,Offender given a caution
5dc85fbf7e0f755e9b105558d52f6006d760e47a070900b4ebc03fae7836b8a2,2013-06,Nottinghamshire Police,Nottinghamshire Police,-1.146442,52.939486,On or near BEAUVALE ROAD,E01013873,Nottingham 040D,Offender given a caution
1940fa1cfaf0c5b33ceeb0fdd697b798a8b41e06dcc4d69d60209853b2bf08c0,2013-06,Nottinghamshire Police,Nottinghamshire Police,-1.122127,52.951265,On or near BADEN POWELL ROAD,E01013921,Nottingham 029D,Local resolution
73cbad35e93126299b58ae899a0cb5b2208d42701137788346aa2edfaeacaec1,2013-06,Nottinghamshire Police,Nottinghamshire Police,-1.144533,52.937414,On or near PAVILION CLOSE,E01013874,Nottingham 039A,Suspect charged
f4a51e6e6aa308588b75e21b7b399cd6f26a138ff8744ed14c9ecf73dc73cad3,2013-06,Nottinghamshire Police,Nottinghamshire Police,-1.204534,53.002743,On or near BELGRAVE ROAD,E01013885,Nottingham 002E,Offender given a caution
4c3a55cd16b3111b7bd3351c871372ac57a2838ed4a1ab9fbc9048f423cb86c6,2013-06,Nottinghamshire Police,Nottinghamshire Police,-1.158627,52.995559,On or near HAYLES CLOSE,E01013856,Nottingham 006D,Local resolution
56200d5b274fc8357e871b1ee62783435032bcc76a47fc16618b8a1e58397b94,2013-06,Nottinghamshire Police,Nottinghamshire Police,-1.209424,52.980590,On or near DEEPDENE CLOSE,E01013817,Nottingham 011A,Suspect charged
41f93af4f5ee0c55911972e8b3be73998a6ff702759651becddfa8c4520cf5ac,2013-06,Nottinghamshire Police,Nottinghamshire Police,-1.145724,52.978927,On or near MAPPERLEY STREET,E01013971,Nottingham 010E,Suspect charged
ccf576836d2c35d188d8923f98d965836e8a96a1b1c4db71bf1d9d13c2b997a0,2013-06,Nottinghamshire Police,Nottinghamshire Police,-1.159514,52.951400,On or near HUNTINGDON DRIVE,E01032522,Nottingham 028F,Local resolution
e98f380a3cb36859e26ff6b06a24d6acdea5da159c46f24ddaf819a7dd28100d,2013-06,Nottinghamshire Police,Nottinghamshire Police,-1.163057,52.969117,On or near LESLIE ROAD,E01013845,Nottingham 017C,Suspect charged
915323ab1fb1b3841d087ec215adc77c492306b34b2ee1c7e17068c107bc433f,2013-06,Nottinghamshire Police,Nottinghamshire Police,-1.147443,52.947602,On or near CARRINGTON STREET,E01033400,Nottingham 039B,Suspect charged
04410ef2d06b299014f40e54da62fe50453174dd6e6e35d92fb0993abfa6377a,2013-06,Nottinghamshire Police,Nottinghamshire Police,-1.136535,53.304783,On or near HALLIDAY CLOSE,E01028061,Bassetlaw 013B,Suspect charged as part of another case
505071ce3d71b75e2d93d791bbbbb80d13832a329783df1c27619697d43f5a6b,2013-06,Nottinghamshire Police,Nottinghamshire Police,-1.115486,53.323389,On or near MAPLE DRIVE,E01028053,Bassetlaw 016C,Suspect charged
071a54a674a95e1f1f1d57492050d05c94c9975f67032472334cc73fabdb4cf7,2013-06,Nottinghamshire Police,Nottinghamshire Police,-1.114577,53.300595,On or near ELY CLOSE,E01028065,Bassetlaw 012B,Suspect charged
1faf80d226fcbda0ee06380415964e0e3b1f94170582e76fc6d4daec51c07751,2013-06,Nottinghamshire Police,Nottinghamshire Police,-1.112571,53.299654,On or near LINCOLN STREET,E01028065,Bassetlaw 012B,Offender given a caution
8c5b8e724d15d6348a03b296961a98f051dbd3a2d132308d9f7ce2bed82ebe4c,2013-06,Nottinghamshire Police,Nottinghamshire Police,-1.112571,53.299654,On or near LINCOLN STREET,E01028065,Bassetlaw 012B,Offender given a caution
0bcda778e9c711f546e5e20af357958bc2c522f88009bb239e74eed4cb8f0345,2013-06,Nottinghamshire Police,Nottinghamshire Police,-1.142413,53.302003,On or near MEADOW ROAD,E01028063,Bassetlaw 014D,Offender given a caution
3243336610ee55e76407386cca68192b79cf0b854a331a0b10f1f31945f09f20,2013-06,Nottinghamshire Police,Nottinghamshire Police,-1.132668,53.326041,On or near Supermarket,E01028049,Bassetlaw 006D,Suspect charged as part of another case
5aed9454a5e07d29f18fdbb072aa74ddab4e280946a02a2655dc81e1666fa0ec,2013-06,Nottinghamshire Police,Nottinghamshire Police,-1.131920,53.319258,On or near GATEFORD ROAD,E01028049,Bassetlaw 006D,Suspect charged as part of another case
9857e302e678237c60e0553d6d155df8d1c2ca21ef5d198c6454dca849771649,2013-06,Nottinghamshire Police,Nottinghamshire Police,-1.102193,53.113789,On or near KINGS MEADOW,E01028344,Newark and Sherwood 006G,Suspect charged
c0635e26dc7456a4b5fc952597450b595cb347f847e63738db985b48b77bac38,2013-06,Nottinghamshire Police,Nottinghamshire Police,-1.101944,53.117131,On or near AMBER CLOSE,E01028344,Newark and Sherwood 006G,Suspect charged
5f34ea23ce151ebb25b4e3fa920089dd00e6b50809edbe076ce1bdb58216edc6,2013-06,Nottinghamshire Police,Nottinghamshire Police,-0.965189,53.272399,On or near TWYFORD LANE,E01028040,Bassetlaw 014A,Offender given a caution
6073fcbc9c21ea5e4ed6878214b2f77d1b15442bdfa228fb50d580084c98662e,2013-06,Nottinghamshire Police,Nottinghamshire Police,-1.206829,53.147369,On or near BROWNING STREET,E01028248,Mansfield 010F,Offender given a caution
4cb48129a5bc2df6978664efe6431e0ee44260121c7608744530ef38d67ed4ef,2013-06,Nottinghamshire Police,Nottinghamshire Police,-1.222856,53.144077,On or near FRITH GROVE,E01028230,Mansfield 010A,Suspect charged
bdf4acfe76ef27c199a4182f53c6bffab8076e20531d51ac74b2e7cb65f8590b,2013-06,Nottinghamshire Police,Nottinghamshire Police,-1.146894,53.215659,On or near RECTORY ROAD,E01028258,Mansfield 001C,Local resolution
0b8d5926705fea627cd4845f74cc7b624740f4bf93016e961697987a58a11d5c,2013-06,Nottinghamshire Police,Nottinghamshire Police,-1.197245,53.143332,On or near QUEEN STREET,E01028268,Mansfield 008D,Suspect charged
2b0b8dbf92a4db1c4ed961bb418cc5b9a808f80ac48634a286c2f1173fd5d37d,2013-06,Nottinghamshire Police,Nottinghamshire Police,-1.200395,53.144378,On or near Parking Area,E01028284,Mansfield 008F,Local resolution
12c2994a6002f85c9e66f08c5b7f073ffd68c0302e277990eacd61720f75ef11,2013-06,Nottinghamshire Police,Nottinghamshire Police,-1.134774,53.125123,On or near RANSOM ROAD,E01028254,Mansfield 012A,Suspect charged
5805166ae684ae88ba9951c3a1610f56bd172beeb43b49ffe9cab78a9e1b2068,2013-06,Nottinghamshire Police,Nottinghamshire Police,-1.330372,53.060924,On or near WILTSHIRE AVENUE,E01027946,Ashfield 012B,Suspect charged
5fb475fff58a6b7b8633874ae6b6cd37a9d1f75d5e9e5b529c36b77362e69eaa,2013-06,Nottinghamshire Police,Nottinghamshire Police,-1.270647,53.117061,On or near NETHERFIELD GRANGE,E01027975,Ashfield 006B,Suspect charged
a05166675beb3d05c6bb2cf193878a6ac9443d103cf441e9dc84627236712522,2013-06,Nottinghamshire Police,Nottinghamshire Police,-1.277013,53.129487,On or near ASHLAND ROAD,E01027989,Ashfield 006D,Suspect charged
e344866d1158774c8aeaa37eec8c00c5edd6bc57a3f4ad0d9d9d2991e4a2fa42,2013-06,Nottinghamshire Police,Nottinghamshire Police,-1.149477,52.954655,On or near KING STREET,E01033406,Nottingham 039E,Local resolution
406552b0e4b8e19af579bdc0fc52830b487d29099df2a95e2f4803b2a59bc95a,2013-06,Nottinghamshire Police,Nottinghamshire Police,-1.152112,52.954683,On or near Parking Area,E01033406,Nottingham 039E,Suspect charged
e1cc5e76e1622e31ece1f6bc958a9a2e0e8ee284c5fb698034ea5d9af2d3e359,2013-06,Nottinghamshire Police,Nottinghamshire Police,-0.787179,53.055189,On or near VESSEY CLOSE,E01028290,Newark and Sherwood 011F,Local resolution
40f7a8f4d0481a5d27c40d2da569c6c509fbc14de7293e73be6fe8fc15e67515,2013-06,Nottinghamshire Police,Nottinghamshire Police,-0.759000,53.150512,On or near VICARAGE CLOSE,E01028315,Newark and Sherwood 004A,Local resolution
40f7a8f4d0481a5d27c40d2da569c6c509fbc14de7293e73be6fe8fc15e67515,2013-06,Nottinghamshire Police,Nottinghamshire Police,-0.759000,53.150512,On or near VICARAGE CLOSE,E01028315,Newark and Sherwood 004A,Local resolution
37734f77c60dc4661b4e22b996195d9bdade51756b7a328f022b4d7d8d77fde7,2013-06,Nottinghamshire Police,Nottinghamshire Police,-1.308391,53.018153,On or near MANSFIELD ROAD,E01028111,Broxtowe 002B,Suspect charged
d81c557b5c1edf089c73677df52674bfc98565064395cf49ae27e8d3e04c34b2,2013-06,Nottinghamshire Police,Nottinghamshire Police,-1.207431,52.988586,On or near MILLENNIUM WAY WEST,E01013876,Nottingham 005B,Offender given a caution
db5047f8605634fca3cb916192c29e5c8e7739518af321a2a6e01de9e8d663cd,2013-06,Nottinghamshire Police,Nottinghamshire Police,-1.266154,53.002654,On or near CORNFIELD ROAD,E01028103,Broxtowe 004B,Suspect charged
26eda17ce2d0cdb07c7e25fdda01920ba41299e92035a94c6490b414650bd780,2013-06,Nottinghamshire Police,Nottinghamshire Police,-1.104430,52.980825,On or near Supermarket,E01028204,Gedling 010F,Suspect charged
c766a97c1c857265c7976632e918f43766bb902c4b8e2cf60027d32cc6f9713b,2013-06,Nottinghamshire Police,Nottinghamshire Police,-1.216050,52.927146,On or near COMMERCIAL AVENUE,E01028085,Broxtowe 011D,Offender given a caution
da7e7b5a94d7e4751e33481ee0c36705407f06ac2507454ee8c72c38e80bef9c,2013-06,Nottinghamshire Police,Nottinghamshire Police,-1.262169,52.937411,On or near HILLFIELD ROAD,E01028129,Broxtowe 010B,Offender given a caution
d15d085160e8367893e7a5204479f60241f353757a006f636dced8afb1688b1c,2013-06,Nottinghamshire Police,Nottinghamshire Police,-1.215429,52.926954,On or near STATION ROAD,E01028085,Broxtowe 011D,Suspect charged
3f607f98f6735f4c619013f03f2813ec9d4eb1f586cf58ff0dbffe23c2f9db72,2013-06,Nottinghamshire Police,Nottinghamshire Police,-1.123833,52.983235,On or near Petrol Station,E01013935,Nottingham 010A,Suspect charged
fdd2b7055401f7737e24dfe273d729881a574234e6d4be23df43b7862cfc6e57,2013-06,Nottinghamshire Police,Nottinghamshire Police,-1.126258,52.948671,On or near RADBOURNE ROAD,E01013920,Nottingham 029C,Suspect charged
180c4864a3ea54c582777259a15eba2b5dd9b1173a5071050aa2ceb4887b6940,2013-06,Nottinghamshire Police,Nottinghamshire Police,-1.197845,53.001017,On or near PILKINGTON STREET,E01013885,Nottingham 002E,Suspect charged
c23bcda1df8e7383f5e7d451975460b9d4cbe12379c6a30b9d66905deb17b4c2,2013-06,Nottinghamshire Police,Nottinghamshire Police,-1.197227,53.007036,On or near SQUIRES AVENUE,E01013882,Nottingham 002D,Local resolution
184dd7706f25e47caeaa372a28919da86b69d57b02ecc30600d66b694782655a,2013-06,Nottinghamshire Police,Nottinghamshire Police,-1.230049,52.955609,On or near Petrol Station,E01013980,Nottingham 030A,Suspect charged
1567e7cedfde4b6a9ce4ee0d6d08c882ccfff99292fdb85053f6cd5fb2c7c63a,2013-06,Nottinghamshire Police,Nottinghamshire Police,-1.143842,52.953608,On or near CARLTON STREET,E01033406,Nottingham 039E,Suspect charged
6486f827346843915006b7bf6343dca46eee3939c16cae6642a56dd9c6ee1f83,2013-06,Nottinghamshire Police,Nottinghamshire Police,-1.143842,52.953608,On or near CARLTON STREET,E01033406,Nottingham 039E,Suspect charged
ee5406a1148c5109383e668189efee5f5219650e15045ecdde4ac02af53ec3bd,2013-06,Nottinghamshire Police,Nottinghamshire Police,-1.178966,52.956184,On or near LISMORE CLOSE,E01033396,Nottingham 026H,Suspect charged
88c69852e3042b69e2d1d2d3924c43738593d58ea232b9bd4f988f766f835aaa,2013-06,Nottinghamshire Police,Nottinghamshire Police,-1.146601,52.954068,On or near THURLAND STREET,E01033406,Nottingham 039E,Local resolution
9578ec0b98698c670978533c835841c4b8a94f65ffcd7b91976cee8a607d4f65,2013-06,Nottinghamshire Police,Nottinghamshire Police,-1.152112,52.954683,On or near Parking Area,E01033406,Nottingham 039E,Suspect charged
9bc44c9b6413c70a7c9a326c59cb8bcba6cf980ac041bd54d12c4e4185758a31,2013-06,Nottinghamshire Police,Nottinghamshire Police,-1.150053,52.948097,On or near CANAL STREET,E01033400,Nottingham 039B,Suspect charged
75887ce832d82c554d5030cd394e20913579e11bd4c1639d27b0a68576b831a7,2013-06,Nottinghamshire Police,Nottinghamshire Police,-1.165654,52.948666,On or near HARDWICK ROAD,E01032520,Nottingham 028E,Offender given penalty notice
7ba899a7099f7b7fca583a0d25d880f7b5266f3847806389158740ed6908ae8f,2013-06,Nottinghamshire Police,Nottinghamshire Police,-1.169611,52.970502,On or near BEACONSFIELD STREET,E01013842,Nottingham 018D,Suspect charged
7bb6f961ff1e90f3880ab476e57920d84e571748c980398fc450e056782a184c,2013-06,Nottinghamshire Police,Nottinghamshire Police,-1.178939,52.959986,On or near HARTLEY ROAD,E01013947,Nottingham 026D,Offender given a caution
6984efdaf3bc4687643881c2502e991e4b1d214b0d96e80577f7435984b97c18,2013-06,Nottinghamshire Police,Nottinghamshire Police,-1.112571,53.299654,On or near LINCOLN STREET,E01028065,Bassetlaw 012B,Suspect charged as part of another case
54ad46c23afacf593ac59f54fa2c0b3ab676438b0b7c01355f4bd7be958893cb,2013-06,Nottinghamshire Police,Nottinghamshire Police,-1.113900,53.117005,On or near SOUTH AVENUE,E01028342,Newark and Sherwood 006E,Suspect charged
db816a07bb5254c330fd13010e2212278cee2bbfd09a3e9d9737b263267490bf,2013-06,Nottinghamshire Police,Nottinghamshire Police,-0.977027,53.112402,On or near A617,E01028329,Newark and Sherwood 005E,Local resolution
927608dc5cbf75249eb231d2f3386aaa064efc0151a9e2db134999c57d9fd418,2013-06,Nottinghamshire Police,Nottinghamshire Police,-0.793533,53.088929,On or near LINCOLN ROAD,E01028306,Newark and Sherwood 007D,Offender given a caution
ad9d2ad32cca08dddfcae5785769d4dcbdcfcb889ffba31228dd73be7c998a6f,2013-06,Nottinghamshire Police,Nottinghamshire Police,-0.805361,53.062448,On or near QUIBELL ROAD,E01028334,Newark and Sherwood 009D,Offender given a caution
49e310c149d753af640586119d75d2b9385d888c4bb9195163347f81ad454ef4,2013-06,Nottinghamshire Police,Nottinghamshire Police,-0.805646,53.082875,On or near Shopping Area,E01028310,Newark and Sherwood 007F,Suspect charged
b41bdca7cfb2a2285ae41373079beb2267e37ae0a2e81c5016776301f6ee88b9,2013-06,Nottinghamshire Police,Nottinghamshire Police,-0.817899,53.068866,On or near ST CATHERINES CLOSE,E01028308,Newark and Sherwood 010A,Suspect charged
97f95658843207f965785948e60af12e6b4475fe58c6a893d728c5a34506e761,2013-06,Nottinghamshire Police,Nottinghamshire Police,-0.803562,53.082117,On or near CURRIE ROAD,E01028310,Newark and Sherwood 007F,Suspect charged
16291182d1bbe8335ce87f536e45d4b75ca707279f5a9fc8a790c0d64b544797,2013-06,Nottinghamshire Police,Nottinghamshire Police,-0.796167,53.094071,On or near STEPHEN ROAD,E01028306,Newark and Sherwood 007D,Suspect charged
2031ad485fb998206bf356dd05443612b52b033ec4858fbfc00005318bd9cbd2,2013-06,Nottinghamshire Police,Nottinghamshire Police,-0.804610,53.077166,On or near MAGNUS STREET,E01028335,Newark and Sherwood 009E,Suspect charged
a7889af2981fcc780ed9937ea7028e3a41de89db8f33bc5a46fab46a02e9ca4b,2013-06,Nottinghamshire Police,Nottinghamshire Police,-1.202823,53.149725,On or near Parking Area,E01028284,Mansfield 008F,Suspect charged
ae44ad2b1cb90d8c00417b2c229719b8a39231ad421b7b4d4ac382e473fab6ee,2013-06,Nottinghamshire Police,Nottinghamshire Police,-1.202823,53.149725,On or near Parking Area,E01028284,Mansfield 008F,Local resolution
a17c06b8f7812eb0c0c4518799da1a4071ea758d1a6391893027d7d56c26bf70,2013-06,Nottinghamshire Police,Nottinghamshire Police,-1.202823,53.149725,On or near Parking Area,E01028284,Mansfield 008F,Suspect charged
f4621d6c0c5a65ea1f9f1e063df98744b7f3f0f579265454e1d1801b06cd3a1c,2013-06,Nottinghamshire Police,Nottinghamshire Police,-1.196687,53.145180,On or near Shopping Area,E01028284,Mansfield 008F,Suspect charged
fd2fc2275327124480888add691d24064f5d0d8546aea418bf0a6d56b03f8c4d,2013-06,Nottinghamshire Police,Nottinghamshire Police,-1.245790,52.950927,On or near MOOR LANE,E01013862,Nottingham 025C,Offender given a caution
b8eac100e252dd27b406a2cc4e951c33de811bff10d057e8ea032ec72bee6734,2013-06,Nottinghamshire Police,Nottinghamshire Police,-1.210279,52.983490,On or near AMESBURY CIRCUS,E01013826,Nottingham 011E,Offender given a caution
25d29b34178b4ee050600df05283df8836ac3fd929179e82895cc05a5c6267e1,2013-06,Nottinghamshire Police,Nottinghamshire Police,-1.152112,52.954683,On or near Parking Area,E01033406,Nottingham 039E,Suspect charged
5ada1e795f0633b3b3dd6cec21daa7c27d20bf15d3f6e39fb85bed5d31eacc2f,2013-06,Nottinghamshire Police,Nottinghamshire Police,-1.145030,52.980899,On or near MANSFIELD STREET,E01013969,Nottingham 010C,Suspect charged
177c166de076cb7692f15fa4cad5a3a48168756c81490b0634d6e5feac4ef9ea,2013-06,Nottinghamshire Police,Nottinghamshire Police,-0.804507,53.074405,On or near THE CROFT,E01028335,Newark and Sherwood 009E,Suspect charged
003d793c251e4ffc520646f7c5c4afcb47056fd80280152d3a53ca83cf69f8f2,2013-06,Nottinghamshire Police,Nottinghamshire Police,-1.284128,53.007015,On or near NOTTINGHAM ROAD,E01028115,Broxtowe 003B,Local resolution
47a4120dd0d92b46d889f18b31219ec33105aa55c0372096f7a6e47e84615716,2013-06,Nottinghamshire Police,Nottinghamshire Police,-1.146631,52.961611,On or near WOODBOROUGH ROAD,E01013961,Nottingham 023D,Suspect charged
e560b77f90f70b051644135fae0b9ea61720b13489e4d2240b008ac7a700cc9a,2013-06,Nottinghamshire Police,Nottinghamshire Police,-1.200429,52.973275,On or near AMERSHAM RISE,E01013823,Nottingham 013D,Offender given a drugs possession warning
18b71dfbc7877d9b2b091027ba7acd3df8747f7550aed402a2bb386f819a5740,2013-06,Nottinghamshire Police,Nottinghamshire Police,-1.149477,52.954655,On or near KING STREET,E01033406,Nottingham 039E,Offender given penalty notice
7ca3879fba6678e8d8b0c0a7bf0f22770fa114f7b11b82edd70204db6a67a7b2,2013-06,Nottinghamshire Police,Nottinghamshire Police,-1.150223,52.987265,On or near KNEETON VALE,E01013966,Nottingham 007D,Local resolution
a3b227a1e42dd1fa23b7d3aac5d015692356f9b21c4b212d345eef0b5d49a39a,2013-06,Nottinghamshire Police,Nottinghamshire Police,-1.150053,52.948097,On or near CANAL STREET,E01033400,Nottingham 039B,Suspect charged
cb8f45f08d2a9c6229248ea42fcac25d7c80fa0bf252937adda91d4e3920ca1b,2013-06,Nottinghamshire Police,Nottinghamshire Police,-1.123080,53.306681,On or near BRIDGE PLACE,E01028062,Bassetlaw 013C,Offender given a caution
95bcf625101e38050256473637866edaecce4d13651016a23646daac46d53d0b,2013-06,Nottinghamshire Police,Nottinghamshire Police,-1.112571,53.299654,On or near LINCOLN STREET,E01028065,Bassetlaw 012B,Offender given a caution
ae44ad2b1cb90d8c00417b2c229719b8a39231ad421b7b4d4ac382e473fab6ee,2013-06,Nottinghamshire Police,Nottinghamshire Police,-1.202823,53.149725,On or near Parking Area,E01028284,Mansfield 008F,Local resolution
847354972ad591a64072e160206cf57160df9e7153bcbbad4bdd710423e2f583,2013-06,Nottinghamshire Police,Nottinghamshire Police,-1.064738,52.962127,On or near TEAL CLOSE,E01028187,Gedling 015D,Local resolution
31128a7eb8a14be2923288fde10836f248e7354efd21bd66c86e59e1f7d0ef14,2013-06,Nottinghamshire Police,Nottinghamshire Police,-1.105559,53.115028,On or near WESTBROOK DRIVE,E01028344,Newark and Sherwood 006G,Suspect charged
89095322df463a1de248375f445dda2a7870afcf3143ac6df4b708accbe848a0,2013-06,Nottinghamshire Police,Nottinghamshire Police,-1.104430,52.980825,On or near Supermarket,E01028204,Gedling 010F,Suspect charged
261f91bb07ec5f38028ea026b04dfa222e3ef44a888650862a968364b0770d41,2013-06,Nottinghamshire Police,Nottinghamshire Police,-1.159151,52.940143,On or near ANMER CLOSE,E01013870,Nottingham 040A,Offender given a caution
51a7fa30abf3b3eb50fc46cf8d6dddcddd4eef60ee8804af54365e5fb1476001,2013-06,Nottinghamshire Police,Nottinghamshire Police,-1.143330,52.955393,On or near Nightclub,E01033405,Nottingham 023G,Offender given a caution
d18a9682f196811ec1fdf58a9de823d5ffb0b99af59800dea8785cda84717302,2013-06,Nottinghamshire Police,Nottinghamshire Police,-1.147953,52.949646,On or near COLLIN STREET,E01033400,Nottingham 039B,Suspect charged
d18a9682f196811ec1fdf58a9de823d5ffb0b99af59800dea8785cda84717302,2013-06,Nottinghamshire Police,Nottinghamshire Police,-1.147953,52.949646,On or near COLLIN STREET,E01033400,Nottingham 039B,Suspect charged
eac3a7793012ebd78b0e98eebc4adaa555e382178235710456e1725a56193594,2013-06,Nottinghamshire Police,Nottinghamshire Police,-1.149477,52.954655,On or near KING STREET,E01033406,Nottingham 039E,Local resolution
9506be881c3c63ee3516dc0f75aa6070ce0138a310d4d60ec1778fb919018b19,2013-06,Nottinghamshire Police,Nottinghamshire Police,-1.164561,52.960596,On or near LARKDALE STREET,E01013816,Nottingham 022D,Suspect charged
6f9068de1789a455a43032cdd3678c810da14213394178990a73d09e47aaccae,2013-06,Nottinghamshire Police,Nottinghamshire Police,-1.151663,52.951758,On or near SPANIEL ROW,E01033400,Nottingham 039B,Offender given a drugs possession warning
575c4bf97b530874311fad02be96b5a7f72509a61eccb031d071fb9cf5df1d88,2013-06,Nottinghamshire Police,Nottinghamshire Police,-1.123566,53.304203,On or near NEWCASTLE STREET,E01028062,Bassetlaw 013C,Suspect charged
fbc56b168e98fa1c66220ecaec30650ec84511141eba3fd113b3c5b06ff1f1af,2013-06,Nottinghamshire Police,Nottinghamshire Police,-0.957753,53.087711,On or near Sports/Recreation Area,E01028346,Newark and Sherwood 008B,Offender given a caution
c51aa7f4fde2ab93e1a5e210d22e814f4c038aee6af3232159085586a7a1fc8d,2013-06,Nottinghamshire Police,Nottinghamshire Police,-0.822664,53.105950,On or near GREAT NORTH ROAD,E01028336,Newark and Sherwood 012D,Suspect charged
e3840cb55ae836bb8b4699d70427b7fdcfc3f00773d582212d4815ce9107f7b3,2013-06,Nottinghamshire Police,Nottinghamshire Police,-0.837672,53.290407,On or near Hospital,E01028033,Bassetlaw 015C,Suspect charged
14f0be38b15a94151f5b1e413db408a604fa147fd811ade9d58e2b9f2a8494da,2013-06,Nottinghamshire Police,Nottinghamshire Police,-0.997359,53.319623,On or near STRAIGHT MILE,E01028036,Bassetlaw 003C,Suspect charged
48d206a520e86d94b25912a72894718057125a0f276ec7f9c6601ea09b68b668,2013-06,Nottinghamshire Police,Nottinghamshire Police,-1.145710,52.955473,On or near CLARE STREET,E01033409,Nottingham 023H,Local resolution
4f1ff38f7910e2ffee776b5f3d4fd281519a4acc57c751d396228e80e2bb92d8,2013-06,Nottinghamshire Police,Nottinghamshire Police,-1.302578,53.129891,On or near MAIN STREET,E01027986,Ashfield 003B,Suspect charged
bb675edfb3ae93c18d178514781a99804c8c58940e6c1aaee38d20dfb29fbd19,2013-06,Nottinghamshire Police,Nottinghamshire Police,-1.164821,52.913862,On or near COTON CLOSE,E01013895,Nottingham 034A,Offender given a caution
daac20fd40acdeff42dd30bd52fa93457ff66f3ca1b22b45316aefe03077643b,2013-06,Nottinghamshire Police,Nottinghamshire Police,-1.145334,52.951146,On or near WEEKDAY CROSS,E01033403,Nottingham 039D,Suspect charged
07adbb46945fa638a9e2a9ac75d55e0ab3434784e93877a3602f4954542d8a60,2013-06,Nottinghamshire Police,Nottinghamshire Police,-1.130309,52.995275,On or near THACKERAY'S LANE,E01028177,Gedling 009B,Offender given a drugs possession warning
cfbaccefb757134e5925b4c0e0331695d17756b609e4b506a1493a3a36ab3baa,2013-06,Nottinghamshire Police,Nottinghamshire Police,-1.215720,52.970114,On or near OAKMEAD AVENUE,E01013867,Nottingham 014D,Suspect charged
6fbe5df1ecb1e9ca9c362c589891772d944dbf36c918e9e53834a16205816012,2013-06,Nottinghamshire Police,Nottinghamshire Police,-1.173566,52.960668,On or near HARTLEY ROAD,E01013945,Nottingham 026B,Offender given a drugs possession warning
a57597ea73fc71c1e0074b048a31c573eb1c291bcd522507c67486313bbd01cb,2013-06,Nottinghamshire Police,Nottinghamshire Police,-1.150053,52.948097,On or near CANAL STREET,E01033400,Nottingham 039B,Offender given a caution
95d9248b948c38cf8137d057d54c4200cbc1e74f0fcc80b085a4303d2ea7b010,2013-06,Nottinghamshire Police,Nottinghamshire Police,-1.125719,53.304614,On or near HARDY STREET,E01028062,Bassetlaw 013C,Offender given a drugs possession warning
7b32102cb27de46df7dd28a14022fba0dee62def2e571ae19763c8d65ed8ef69,2013-06,Nottinghamshire Police,Nottinghamshire Police,-1.132401,53.123487,On or near THE CLOSE,E01028254,Mansfield 012A,Suspect charged
7897aa7dc19ef253cd5b72037ba4b51f0423c095f925f5fd17c0abb9a045931b,2013-06,Nottinghamshire Police,Nottinghamshire Police,-1.271812,53.117131,On or near LONGWOOD DRIVE,E01027992,Ashfield 006F,Suspect charged
963052e1f11d0b911b88868a80b86568a2b1e2533c764f3d5e1d388324250967,2013-06,Nottinghamshire Police,Nottinghamshire Police,-1.141215,52.996792,On or near SHERBROOK TERRACE,E01028167,Gedling 006D,Offender given a drugs possession warning
5577058810e23d657d7b33286591b4376e7344d106c7fc6ddbd2363f43609363,2013-06,Nottinghamshire Police,Nottinghamshire Police,-1.148695,52.889098,On or near DUNBLANE ROAD,E01028405,Rushcliffe 011B,Local resolution
e65f96edca9692ba51a628cde9df7956e8daa0f755cd5b0d3d06d5e1c6779df4,2013-06,Nottinghamshire Police,Nottinghamshire Police,-1.302089,53.014233,On or near PLUMPTRE WAY,E01028113,Broxtowe 002D,Local resolution
f647d184b6307cf024f7b2b3728393df34e863c0c2b4c6cea963bf2cfc53a12a,2013-06,Nottinghamshire Police,Nottinghamshire Police,-1.084554,52.980449,On or near AXFORD CLOSE,E01028172,Gedling 011A,Suspect charged
72319918c98e31b7beb0319360fed362c87ddabe6c95bddcba403a4e6376e3ae,2013-06,Nottinghamshire Police,Nottinghamshire Police,-1.120002,53.303098,On or near BOUNDARY ROW,E01028068,Bassetlaw 012D,Suspect charged as part of another case
e337113242d1240b231d277048ab5e139d45a4f94743cb8b748c18465a007f89,2013-06,Nottinghamshire Police,Nottinghamshire Police,-0.805098,53.073017,On or near BALDERTON GATE,E01028335,Newark and Sherwood 009E,Suspect charged
e337113242d1240b231d277048ab5e139d45a4f94743cb8b748c18465a007f89,2013-06,Nottinghamshire Police,Nottinghamshire Police,-0.805098,53.073017,On or near BALDERTON GATE,E01028335,Newark and Sherwood 009E,Suspect charged
b37dfa08c6f81fd7550d1c2a6ae1591bffe002ad2563b6e4dd0d67dfa88e1945,2013-06,Nottinghamshire Police,Nottinghamshire Police,-0.947245,53.307587,On or near GRANGE ROAD,E01028018,Bassetlaw 010B,Offender given a caution
229b61084e276965905792b36b20e913f667c21eb0b2999ddfaceb1d94e8981b,2013-06,Nottinghamshire Police,Nottinghamshire Police,-0.952706,53.328490,On or near WEST FURLONG,E01028013,Bassetlaw 005A,Suspect charged
7688bbde39db380effee963ddf6909757ba87129dc921c7213d8cfa3f89a71d5,2013-06,Nottinghamshire Police,Nottinghamshire Police,-1.125009,53.121761,On or near THIRD AVENUE,E01028254,Mansfield 012A,Suspect charged
0fe4ea79b5e29006fe1dc23cd80604cea03160661843ecfec1e156834187fe3f,2013-06,Nottinghamshire Police,Nottinghamshire Police,-1.152871,53.141137,On or near FRITCHLEY COURT,E01028261,Mansfield 012C,Local resolution
4a2b8f43e298d17c273c46d321ead9f5a7e66298e62e2678b4c461bf36b414f3,2013-06,Nottinghamshire Police,Nottinghamshire Police,-1.146601,52.954068,On or near THURLAND STREET,E01033406,Nottingham 039E,Offender given a caution
2bd74b79399bf2c474e5e33cc14116f897be7d410882dbc9240790bafab1a77b,2013-06,Nottinghamshire Police,Nottinghamshire Police,-1.188404,53.158697,On or near GLADSTONE STREET,E01028273,Mansfield 005D,Suspect charged
840b0ea6d31b7d617857c92a6c74adeeb58919abbc19065fdb38b14cb27b045e,2013-06,Nottinghamshire Police,Nottinghamshire Police,-1.257917,52.998108,On or near CHAPEL STREET,E01028103,Broxtowe 004B,Offender given a caution
a75b8a4b9c866d733a6a323fcaa8f5c8a5bd79e8c3383ad4e95c5b21e34b2dba,2013-06,Nottinghamshire Police,Nottinghamshire Police,-1.135144,52.974023,On or near CAUNTON AVENUE,E01013937,Nottingham 015A,Offender given a caution
1f3dcfd872d6b5dfbab46b32dd9761f85041924b0ce3725d2e47a4567c91e4d6,2013-06,Nottinghamshire Police,Nottinghamshire Police,-1.168008,53.006718,On or near AVELINE CLOSE,E01013851,Nottingham 038C,Offender given a caution
720c7ad03fd801e9aaa42715c3de764738ffe9de4309dc54702e6716ff96ed91,2013-06,Nottinghamshire Police,Nottinghamshire Police,-1.173566,52.960668,On or near HARTLEY ROAD,E01013945,Nottingham 026B,Suspect charged
c398e01e672afe36fb9dad3c320d0d33889d8ef2a910b402a1447a5fd9b44cf9,2013-06,Nottinghamshire Police,Nottinghamshire Police,-1.173566,52.960668,On or near HARTLEY ROAD,E01013945,Nottingham 026B,Suspect charged
1d9883f0ff6866ab1d510b206954c1ca68860200250f7750d3cced54ed65a830,2013-06,Nottinghamshire Police,Nottinghamshire Police,-1.150053,52.948097,On or near CANAL STREET,E01033400,Nottingham 039B,Offender given a caution
51d2ea6cab9976d1c7af9c88c6cc2dce253f2d80976ada222deb60662c4c5b42,2013-06,Nottinghamshire Police,Nottinghamshire Police,-1.179329,52.941722,On or near CLOISTER STREET,E01013928,Nottingham 031G,Suspect charged
6955704a46884262b6f267a8369eabc4425a05fb24c6cdb9194e9826d345e90b,2013-06,Nottinghamshire Police,Nottinghamshire Police,-1.141905,52.953711,On or near GOOSE GATE,E01033407,Nottingham 039F,Suspect charged
33d51c845c077e83b544bec9d4b7b4993e56eb1c194e6238ed19d65a5a58c905,2013-06,Nottinghamshire Police,Nottinghamshire Police,-1.123080,53.306681,On or near BRIDGE PLACE,E01028062,Bassetlaw 013C,Offender given a caution
edb3f9371014b03947cb749bc36e628c6ee8ab02bd6467469828eb7d7a512685,2013-06,Nottinghamshire Police,Nottinghamshire Police,-0.953487,53.078307,On or near Parking Area,E01028345,Newark and Sherwood 008A,Local resolution
a7499e42a86556bf28662593935bbd464f50c623d3a9929f8898bf6a81717778,2013-06,Nottinghamshire Police,Nottinghamshire Police,-1.003342,53.208990,On or near FIR VIEW,E01028338,Newark and Sherwood 001C,Offender given a caution
528f587868ca617661675cd5c309c694ef14c77a9858f3c566f5c006a7aad945,2013-06,Nottinghamshire Police,Nottinghamshire Police,-1.202674,53.025249,On or near LEVERTONS PLACE,E01027930,Ashfield 016B,Suspect charged
0455d049b7d218c74dce1f37c141a7c6da56b298c8a1c21c15b4019282ba93e2,2013-06,Nottinghamshire Police,Nottinghamshire Police,-1.072069,52.963920,On or near BRIERLEY GREEN,E01028185,Gedling 015B,Offender given a caution
c62f040dfca74583c577d6a952c16468c7e4f8054ec6636ad1677b31cb5841ff,2013-06,Nottinghamshire Police,Nottinghamshire Police,-1.149881,52.950775,On or near STANFORD STREET,E01033400,Nottingham 039B,Local resolution
d86447ec203d113f09a544ce6b5986cf865aed00e7ea0ae41131abb301a2d1ea,2013-06,Nottinghamshire Police,Nottinghamshire Police,-1.147591,52.955945,On or near Shopping Area,E01033409,Nottingham 023H,Suspect charged
50a792ac2673984646976886f9b8c0579ef2164d41f26bc289aa2c9e9642c4a2,2013-06,Nottinghamshire Police,Nottinghamshire Police,-1.106919,53.313078,On or near KEATS CRESCENT,E01028044,Bassetlaw 016F,Offender given a caution
52371d24e70f3a210d968778662159ed3938082494118faf5dea26a9586c389c,2013-06,Nottinghamshire Police,Nottinghamshire Police,-0.808921,53.076723,On or near CHURCH STREET,E01028310,Newark and Sherwood 007F,Suspect charged
6ed56f1fdfbbd8a7066defc8f41d48e2e0ffcc228205d4512642564b937d089e,2013-06,Nottinghamshire Police,Nottinghamshire Police,-1.145030,52.980899,On or near MANSFIELD STREET,E01013969,Nottingham 010C,Suspect charged
c51aa7f4fde2ab93e1a5e210d22e814f4c038aee6af3232159085586a7a1fc8d,2013-06,Nottinghamshire Police,Nottinghamshire Police,-0.822664,53.105950,On or near GREAT NORTH ROAD,E01028336,Newark and Sherwood 012D,Suspect charged
dc642631244da42c5b55ed6cfa3f147c86ca7684c7bc6d5b4ee60d74a71ea814,2013-06,Nottinghamshire Police,Nottinghamshire Police,-1.202823,53.149725,On or near Parking Area,E01028284,Mansfield 008F,Local resolution
0df4af2b2882e4f1c60d8ee1c98b6c9645b11c5c5ffc7c06f8aa62b05dd52947,2013-06,Nottinghamshire Police,Nottinghamshire Police,-1.212755,53.151139,On or near HOWARD ROAD,E01028228,Mansfield 008B,Suspect charged
a607df0562177b73582835e754129466ec7f0e7d1588467822a16a575f16fde1,2013-06,Nottinghamshire Police,Nottinghamshire Police,-1.270176,53.142264,On or near WEST HILL,E01027983,Ashfield 001D,Local resolution
1b37e976a9bc8be52d9c57b67713bec6a5d22017dc566b4d98f8a7d2a3880670,2013-06,Nottinghamshire Police,Nottinghamshire Police,-1.255505,53.130460,On or near NEW CROSS STREET,E01027967,Ashfield 004A,Offender given a caution
98294e891472f8d11a838e7c6fa12de272b68a263db490d1ba86b4ee2713abda,2013-06,Nottinghamshire Police,Nottinghamshire Police,-1.103405,52.925982,On or near MILLBECK CLOSE,E01028376,Rushcliffe 006C,Local resolution
09885d590bb185736a12d8c42f234ed7db559616ed24cdcf7a3ecca7a1afbe31,2013-06,Nottinghamshire Police,Nottinghamshire Police,-1.175305,52.958478,On or near WYVILLE CLOSE,E01013945,Nottingham 026B,Offender given penalty notice
7d0d00784a864b82d5060a5d0a3842d2bdba26a666ab9e293ec7463a389982fb,2013-06,Nottinghamshire Police,Nottinghamshire Police,-1.158507,52.955735,On or near WOLLATON STREET,E01013816,Nottingham 022D,Suspect charged
b38c136845672c403050c512533942103337360b6226e44e261d8dbb007d337d,2013-06,Nottinghamshire Police,Nottinghamshire Police,-1.152397,52.953777,On or near LONG ROW WEST,E01033400,Nottingham 039B,Suspect charged
0ed9678a871d850a0946d4d13d47b1eaa731ebd1c4e0a7781736a780c8aa76a7,2013-06,Nottinghamshire Police,Nottinghamshire Police,-1.151702,52.955849,On or near Theatre/Concert Hall,E01013816,Nottingham 022D,Offender given a caution
3dd4dd771ec7c3c7b9e2b8d347815ab2d390648d473630d30313353785a82c1f,2013-06,Nottinghamshire Police,Nottinghamshire Police,-1.129665,53.303169,On or near BROOK TERRACE,E01028062,Bassetlaw 013C,Suspect charged as part of another case
9e8043c6abfc3f86bcd89da05708a8774255d9ed9fa44c11b67f2b66a0fa2f53,2013-06,Nottinghamshire Police,Nottinghamshire Police,-1.105540,53.113778,On or near DERWENT CLOSE,E01028342,Newark and Sherwood 006E,Suspect charged
b78ef9383e77478115667f7f2fd49a010583c9603a99bb0d9f377c47f377c92d,2013-06,Nottinghamshire Police,Nottinghamshire Police,-1.199797,53.025221,On or near MAGNOLIA GROVE,E01027930,Ashfield 016B,Local resolution
d4ed5abfec4bae2a954d262beb305564ee3edf7919f4f52efc66015d50d5dfbb,2013-06,Nottinghamshire Police,Nottinghamshire Police,-1.253677,53.141056,On or near Petrol Station,E01027979,Ashfield 001A,Offender given a caution
27eacc6f94521427ee0836471add582a332f0bc5b0d1aca9076da7e871cc9a8b,2013-06,Nottinghamshire Police,Nottinghamshire Police,-1.115649,53.006179,On or near BEECHWOOD ROAD,E01028174,Gedling 005B,Offender given a caution
49dc0cf5bf85a548483e37748926c69bfa163b5669bdb0b1ab36608a4b8d5a8a,2013-06,Nottinghamshire Police,Nottinghamshire Police,-1.166036,52.945055,On or near Supermarket,E01013870,Nottingham 040A,Local resolution
8e40cb8e7ff45eb8af1b3bcf75fddb0a966c74e5319f4f7d916264e5770719e3,2013-06,Nottinghamshire Police,Nottinghamshire Police,-0.810138,53.076439,On or near Shopping Area,E01028310,Newark and Sherwood 007F,Local resolution
08cb187c19bcfdb55f699db8b674651f22df97a8135a1e2ded45ee707268148b,2013-06,Nottinghamshire Police,Nottinghamshire Police,-1.164991,53.128206,On or near LINDHURST LANE,E01028255,Mansfield 013E,Local resolution
85ab7d7c913ee85359b1df6b704744a6a7706220ed3a2e8f3ea971518a2ca63a,2013-06,Nottinghamshire Police,Nottinghamshire Police,-1.147153,52.956293,On or near Supermarket,E01033409,Nottingham 023H,Local resolution
e56223015dd9d46936e09d8957a0cc47437a1bd6569c04d0f7ecf5a60a1677a3,2013-06,Nottinghamshire Police,Nottinghamshire Police,-1.126803,53.360345,On or near WILLOW AVENUE,E01028001,Bassetlaw 004A,Offender given a caution
7a4a71f88effd70e760aac54221031552614b908c5a4dc96c232b776abbeb94f,2013-06,Nottinghamshire Police,Nottinghamshire Police,-1.167329,52.933512,On or near CENTURION WAY,E01013870,Nottingham 040A,Offender given a caution
8f03d0971f75f59c5e84491cc10df30946e6dfb086c66024c20ebcc4e752361a,2013-06,Nottinghamshire Police,Nottinghamshire Police,-1.149045,52.953187,On or near SOUTH PARADE,E01033406,Nottingham 039E,Offender given a caution
9de367b00a4775ca33c3368e2884dd92be4495253550e56a192f5fe65358c234,2013-06,Nottinghamshire Police,Nottinghamshire Police,-1.150199,52.955820,On or near Theatre/Concert Hall,E01033409,Nottingham 023H,Suspect charged
c91c023f85047807ea88b772b587d295c6ec97837591b5a10b7999f666e84514,2013-06,Nottinghamshire Police,Nottinghamshire Police,-1.225155,53.152605,On or near MELLORS ROAD,E01028232,Mansfield 006B,Offender given a caution
969aa3534e3974316144aa78a1dad2556046baaf3bc6fce9b50058c79eb8bbb4,2013-06,Nottinghamshire Police,Nottinghamshire Police,-1.271812,53.117131,On or near LONGWOOD DRIVE,E01027992,Ashfield 006F,Suspect charged
67c54d411566556ec53061861428680e7d51cf6004d39ebfe23d821ee6423bb3,2013-06,Nottinghamshire Police,Nottinghamshire Police,-1.207144,52.933443,On or near TURNPIKE LANE,E01013973,Nottingham 032A,Local resolution
ce03bba5625168c3346b79fcc522fe1b8908a119c9c28a72a61ec35fcb52deeb,2013-06,Nottinghamshire Police,Nottinghamshire Police,-1.138631,52.965670,On or near HUNGERHILL ROAD,E01013943,Nottingham 015D,Offender given a drugs possession warning
0b1036c48053f80121841adfb4b4b6c3f82b4c951fdda3a988807eba37687959,2013-06,Nottinghamshire Police,Nottinghamshire Police,-1.129618,53.005203,On or near CHAPEL LANE,E01028144,Gedling 006A,Local resolution
99730640d07bf368b1db838292fcb3a94a5316317525c0e4974e1348f6eba240,2013-06,Nottinghamshire Police,Nottinghamshire Police,-1.123861,52.990688,On or near LONGRIDGE ROAD,E01028216,Gedling 009E,Local resolution
779749785d43aa7f0d3eafd9253fe105de49bcf56b5f416f93b061046a4f38b6,2013-06,Nottinghamshire Police,Nottinghamshire Police,-1.101944,53.117131,On or near AMBER CLOSE,E01028344,Newark and Sherwood 006G,Suspect charged
fa33be803ab8a6a9caa1d20a5ceed798a8426c111d32a19a3d79881c594994d8,2013-06,Nottinghamshire Police,Nottinghamshire Police,-1.103864,53.118224,On or near RUFFORD AVENUE,E01028296,Newark and Sherwood 006A,Suspect charged
8567aa57ecb2330b6e20f42fe77493915b928d72cebe55bc7dd6b3c512a5c19e,2013-06,Nottinghamshire Police,Nottinghamshire Police,-1.104504,53.116916,On or near SHERWOOD ROAD,E01028344,Newark and Sherwood 006G,Suspect charged
b2c38cebce83cf69557723bd09ae42e208250911008bbde8d59b82536e9180b7,2013-06,Nottinghamshire Police,Nottinghamshire Police,-1.178939,52.959986,On or near HARTLEY ROAD,E01013947,Nottingham 026D,Suspect charged
ef74f953354f45ce5503bde4deb2c15b5d441c84fcf6aa4c2605b61c95e8f9d0,2013-06,Nottinghamshire Police,Nottinghamshire Police,-1.103864,53.118224,On or near RUFFORD AVENUE,E01028296,Newark and Sherwood 006A,Suspect charged
5e099e524755720a77376b828838117d2ba885101be02666e1c709d9f33bbd2d,2013-06,Nottinghamshire Police,Nottinghamshire Police,-1.239345,52.995896,On or near GLEBE ROAD,E01028124,Broxtowe 004F,Suspect charged
c76bb2829d64228216cec019b03bac70e61a2427c6b555ef4e598db4cc4e1aae,2013-06,Nottinghamshire Police,Nottinghamshire Police,-1.134412,52.963698,On or near RUSHWORTH CLOSE,E01013960,Nottingham 021C,Offender given a caution
e2c1bf2914fb7d931414009f7c07cea1780ba4da5fb547780cc21014f0079b9c,2013-06,Nottinghamshire Police,Nottinghamshire Police,-1.127376,52.972240,On or near STONEPIT CLOSE,E01013940,Nottingham 016C,Offender given a caution
de5d4f65beec120870afe4de721cd11a4be572d126914b8a07435218a419690f,2013-06,Nottinghamshire Police,Nottinghamshire Police,-1.135542,52.953323,On or near BOND STREET,E01033405,Nottingham 023G,Suspect charged
9ea4d2436fa16390548b3329d2062b72741536019db07fae08e2dfa1da66ce24,2013-06,Nottinghamshire Police,Nottinghamshire Police,-1.169524,52.962654,On or near Parking Area,E01013812,Nottingham 018C,Offender given a caution
51940b14d223e9edf73d6dbdff01772024bcaad3294e48b68b0a0cf86f1c4ed7,2013-06,Nottinghamshire Police,Nottinghamshire Police,-1.126996,52.948991,On or near COSBY ROAD,E01013920,Nottingham 029C,Offender given a caution
bae872da7b3ef0c70a5071e6b8a93b7798c4947d8aed78588b72eefe34297f15,2013-06,Nottinghamshire Police,Nottinghamshire Police,-1.162028,52.956102,On or near ALFRETON ROAD,E01013816,Nottingham 022D,Offender given a caution
ce6f7d9e4d954c16f9ef76f54a63e79d951601a0452a50a99423863674eeba99,2013-06,Nottinghamshire Police,Nottinghamshire Police,-1.152891,52.952864,On or near Nightclub,E01033400,Nottingham 039B,Suspect charged
e6ade7de47164f0aa672819fd8e4d41e7c7b9de23097d0acd4874eacb85029f1,2013-06,Nottinghamshire Police,Nottinghamshire Police,-1.152189,53.204595,On or near Parking Area,E01028223,Mansfield 002A,Local resolution
0b49bffa029c0b6312a57fd1061e50999e2290d67c6baf3614bdb4a20bb82eb4,2013-06,Nottinghamshire Police,Nottinghamshire Police,-1.082900,52.960803,On or near WOODLAND GROVE,E01028186,Gedling 015C,Local resolution
8a246f129217235762fff8088ba783b44aba0f987fd2d74e14d2231d54f75c05,2013-06,Nottinghamshire Police,Nottinghamshire Police,-1.231988,52.935215,On or near KENDAL DRIVE,E01028091,Broxtowe 007E,Offender given penalty notice
5a417b4d01da58b942da2a273841db359827f165ef9016276631de1ac7232dc7,2013-06,Nottinghamshire Police,Nottinghamshire Police,-1.128165,53.003368,On or near Supermarket,E01028209,Gedling 005D,Offender given penalty notice
ea3ac282ee0e52fd63aaf0331bb6e12c59d7c1842cc9006786a209eaea9a8c97,2013-06,Nottinghamshire Police,Nottinghamshire Police,-0.812124,53.073177,On or near CLINTON STREET,E01028311,Newark and Sherwood 007G,Offender given a drugs possession warning
3229e332ac6a10dffe840ca25bbb8fe776780b197eab6cd359ba6ce7f0001e57,2013-06,Nottinghamshire Police,Nottinghamshire Police,-1.146111,52.953292,On or near VICTORIA STREET,E01033406,Nottingham 039E,Local resolution
71316ae35ef3eaaae6f53eeb91ee8e85cac02a372f9f8df4c1b46c001f074bae,2013-06,Nottinghamshire Police,Nottinghamshire Police,-1.093170,52.977971,On or near PERLETHORPE AVENUE,E01028190,Gedling 011B,Suspect charged
a5affd028b6c6f2cdb17dab4a62c7a112216e960fae4034c297bf04c2bee695a,2013-06,Nottinghamshire Police,Nottinghamshire Police,-1.180782,53.094714,On or near LITTLE RICKET LANE,E01028200,Gedling 001D,Local resolution
440cd98c12b746791337f6f7840eec8586af636c879fe4289c939853d6180059,2013-06,Nottinghamshire Police,Nottinghamshire Police,-1.132035,53.002074,On or near ALBANY CLOSE,E01028165,Gedling 006B,Offender given a caution
55a886c5587636ed7e12e860f7b05c3f6a287f66913f8bc1671edc7534fcbcc0,2013-06,Nottinghamshire Police,Nottinghamshire Police,-1.213151,53.046758,On or near BARBARA SQUARE,E01027935,Ashfield 013D,Offender given a caution
0ecb37b7f16614fcfd657146f722a5e7fd181521498a429025d9484d09177eb9,2013-06,Nottinghamshire Police,Nottinghamshire Police,-1.149477,52.954655,On or near KING STREET,E01033406,Nottingham 039E,Offender given a caution
8497c6fe90334f68c6e8edc1bb6ec01860777beff00ca3ab1e3599b851316495,2013-06,Nottinghamshire Police,Nottinghamshire Police,-1.195425,52.982123,On or near NUTHALL ROAD,E01013819,Nottingham 013A,Suspect charged
043b1c1c225f1bf3f66d00756f7e19220963d064b11612db87af8247e862185a,2013-06,Nottinghamshire Police,Nottinghamshire Police,-1.141905,52.953711,On or near GOOSE GATE,E01033407,Nottingham 039F,Offender given a caution
431df14587d7e8e286975d5423141128139e050bc6f790fb1f5b93e01c1912e7,2013-06,Nottinghamshire Police,Nottinghamshire Police,-1.185800,52.943439,On or near Further/Higher Educational Building,E01033410,Nottingham 031I,Offender given a caution
8315ba25742b1202a3d7e6fad9a7128a7fe14d0d59b2608636914ed41ad8522c,2013-06,Nottinghamshire Police,Nottinghamshire Police,-1.132401,53.123487,On or near THE CLOSE,E01028254,Mansfield 012A,Suspect charged
41515af6cc990590fec78389977b1e30101ba7c0a4af262f688b4f9af22f7fcd,2013-06,Nottinghamshire Police,Nottinghamshire Police,-1.112012,53.010592,On or near MERTON CLOSE,E01028173,Gedling 005A,Suspect charged
01920708af3e4830750d3e55ecc468010231b64bace75f2e2d632e86118c73e0,2013-06,Nottinghamshire Police,Nottinghamshire Police,-1.109168,53.314641,On or near KILTON HILL,E01028042,Bassetlaw 016E,Suspect charged as part of another case
30b64f2041c4c7dbfb4e9715cd4ab7462bff1984fca266b52937a5393b0d7c1a,2013-06,Nottinghamshire Police,Nottinghamshire Police,-1.130193,53.310409,On or near CROWN STREET,E01028055,Bassetlaw 009A,Offender given a drugs possession warning
907f4f25795f37348ea50d8a6a859717ac854c5623d10ba419f8905136002d0e,2013-06,Nottinghamshire Police,Nottinghamshire Police,-1.123833,52.983235,On or near Petrol Station,E01013935,Nottingham 010A,Local resolution
f93b82bf6f28da62b632b2304cdbd41229dbe6a5a1cbe291409688ff7ac7bf59,2013-06,Nottinghamshire Police,Nottinghamshire Police,-1.148358,52.951797,On or near Shopping Area,E01033400,Nottingham 039B,Suspect charged
0308c3a50d6ae26f5008ce21aff9fc9664916a91c2e11d541bf1ab00e5a70570,2013-06,Nottinghamshire Police,Nottinghamshire Police,-1.059461,53.420077,On or near WOODSIDE VIEW,E01028026,Bassetlaw 001D,Suspect charged
ab86fe6610f66e462503a3fe11fcbd3f2f9956a4d51ddf073f4a5d756d1e61a0,2013-06,Nottinghamshire Police,Nottinghamshire Police,-1.046035,52.944018,On or near PADDOCK CLOSE,E01028394,Rushcliffe 003B,Local resolution
e399f1e7ff5144cc2ae8fe0b69fd22f611352c91f3c817b4a5546a8b540c16d7,2013-06,Nottinghamshire Police,Nottinghamshire Police,-1.165157,53.010815,On or near LINDISFARNE GARDENS,E01028147,Gedling 016C,Offender given a caution
8b000ba0d9fb0b7bf3ca4d95cb7524adfa44d2bc920d8ddcb235557b8de945bd,2013-06,Nottinghamshire Police,Nottinghamshire Police,-1.261239,53.125498,On or near FOREST STREET,E01027965,Ashfield 005B,Local resolution
ab7750ad3a182b44d143f594b497503a8d51db495d495c4a3c65c53dc8113e92,2013-06,Nottinghamshire Police,Nottinghamshire Police,-0.837672,53.290407,On or near Hospital,E01028033,Bassetlaw 015C,Suspect charged
cbef15a22b3067dee27979abdd3246d90735496794682e269e7f72ec095b6774,2013-06,Nottinghamshire Police,Nottinghamshire Police,-1.127715,52.965752,On or near HURCOMB STREET,E01013942,Nottingham 016D,Suspect charged
2031ad485fb998206bf356dd05443612b52b033ec4858fbfc00005318bd9cbd2,2013-06,Nottinghamshire Police,Nottinghamshire Police,-0.804610,53.077166,On or near MAGNUS STREET,E01028335,Newark and Sherwood 009E,Suspect charged
a97c52ab6164ae0e7af54cf0e809e92f27327edb5fa50812417751ea6dba1c6c,2013-06,Nottinghamshire Police,Nottinghamshire Police,-0.779987,53.055206,On or near Supermarket,E01028287,Newark and Sherwood 011C,Suspect charged
f56e3dd671e79aec5b155893114775b62affbee4364307abfc4afe5344219156,2013-06,Nottinghamshire Police,Nottinghamshire Police,-1.048451,53.419208,On or near NORFOLK ROAD,E01028025,Bassetlaw 001C,Local resolution
3bc45e0870c401f9f318bb7a017268e053e49948cf5afb3e7aee6dac8ed948b8,2013-06,Nottinghamshire Police,Nottinghamshire Police,-1.111138,53.320246,On or near Supermarket,E01028053,Bassetlaw 016C,Suspect charged as part of another case
cd8e678eb7bd8329ec9a7d89015bec6bfef6bf097ec5f47ffd53b09c1fbbfafc,2013-06,Nottinghamshire Police,Nottinghamshire Police,-1.088833,53.039723,On or near Supermarket,E01028153,Gedling 002D,Local resolution
721c7ba383f06152895d01f6779666c49f344be8f62d2e3ecc304338e4409bd6,2013-06,Nottinghamshire Police,Nottinghamshire Police,-1.239925,53.135018,On or near KINGS MILL ROAD EAST,E01027985,Ashfield 004E,Local resolution
c83c05f204338b9522b22a53ac15c4903c4dc1ea9048977bb3cb3a63f9a30ead,2013-06,Nottinghamshire Police,Nottinghamshire Police,-0.808921,53.076723,On or near CHURCH STREET,E01028310,Newark and Sherwood 007F,Suspect charged
d42f8f9a0c9082d7e6d8b32f78cd66acbcd379e2782b97d13253278f50c040d6,2013-06,Nottinghamshire Police,Nottinghamshire Police,-1.240102,52.913684,On or near MARTON ROAD,E01028099,Broxtowe 013C,Offender given a caution
4e8a847bef86e3ad502dab41ee54a2875bb81a62048cb39d624c7ee78470ec2d,2013-06,Nottinghamshire Police,Nottinghamshire Police,-1.245915,52.904327,On or near HICKTON DRIVE,E01028137,Broxtowe 015C,Offender given a caution
2031ad485fb998206bf356dd05443612b52b033ec4858fbfc00005318bd9cbd2,2013-06,Nottinghamshire Police,Nottinghamshire Police,-0.804610,53.077166,On or near MAGNUS STREET,E01028335,Newark and Sherwood 009E,Suspect charged
ab85b8094c0c94dbf90e0a481a3304e7f0286984fb4798d0b44ab1fc0bc9e380,2013-06,Nottinghamshire Police,Nottinghamshire Police,-0.818305,53.061660,On or near CLARKE AVENUE,E01028319,Newark and Sherwood 010D,Offender given a caution
aca3263d0e471a458949e029de50b9716e148b8afab9d2b0fa0de8ca6764b1e6,2013-06,Nottinghamshire Police,Nottinghamshire Police,-1.108295,53.165469,On or near GREENDALE CRESCENT,E01028313,Newark and Sherwood 002A,Suspect charged
92d21eaa7cf912ca657a661f529cbec9631708d66ba9b0789af3bd35b2baee85,2013-06,Nottinghamshire Police,Nottinghamshire Police,-1.151702,52.955849,On or near Theatre/Concert Hall,E01013816,Nottingham 022D,Local resolution
92d21eaa7cf912ca657a661f529cbec9631708d66ba9b0789af3bd35b2baee85,2013-06,Nottinghamshire Police,Nottinghamshire Police,-1.151702,52.955849,On or near Theatre/Concert Hall,E01013816,Nottingham 022D,Local resolution
c51aa7f4fde2ab93e1a5e210d22e814f4c038aee6af3232159085586a7a1fc8d,2013-06,Nottinghamshire Police,Nottinghamshire Police,-0.822664,53.105950,On or near GREAT NORTH ROAD,E01028336,Newark and Sherwood 012D,Suspect charged
22ef255e5b48e5ea5bc7bea4b9d0aebe21f64dc400b689cdca68437b72b4cd9e,2013-06,Nottinghamshire Police,Nottinghamshire Police,-1.233035,53.119018,On or near SEARBY ROAD,E01027973,Ashfield 007E,Offender given a caution
cd7b0c9c3e33137e615109d4b1106c87ae471d0be74dc2e2a3f3166a15354a65,2013-06,Nottinghamshire Police,Nottinghamshire Police,-0.774100,53.048142,On or near DALE CRESCENT,E01033393,Newark and Sherwood 012F,Suspect charged
557cae82e8c3f5120da481554d7dc448b858af8ab68fa1a02cbb3b0b6f111ff2,2013-06,Nottinghamshire Police,Nottinghamshire Police,-0.809634,53.075229,On or near Parking Area,E01028310,Newark and Sherwood 007F,Local resolution
3057a829870b3b5a5611d01b3e5bd5d4c655f5a065097013c1aa86239077a499,2013-06,Nottinghamshire Police,Nottinghamshire Police,-1.249373,53.138386,On or near BINGHAM AVENUE,E01027982,Ashfield 002C,Local resolution
da0bbfdc4da1542e112669cf0768f7003f6783713c5300ef932aa13f1d9c6eb6,2013-06,Nottinghamshire Police,Nottinghamshire Police,-1.134774,53.125123,On or near RANSOM ROAD,E01028254,Mansfield 012A,Suspect charged
2618a0a11235bdc79214be4c8693627410cf467ff3da641dad8a5cb443e05c93,2013-06,Nottinghamshire Police,Nottinghamshire Police,-0.975834,52.857150,On or near MILL LANE,E01028402,Rushcliffe 010A,Suspect charged
4ec2a4755a72c4dfd9ec6d44b6859fcb7d0435b285b25caefdc5c49683b22231,2013-06,Nottinghamshire Police,Nottinghamshire Police,-1.123669,53.305031,On or near RYTON STREET,E01028062,Bassetlaw 013C,Suspect charged
e1fe431ef9d8cdacad7070a2b78121a3a08feaa2549f56e8bd829711257c8af8,2013-06,Nottinghamshire Police,Nottinghamshire Police,-1.012933,53.018774,On or near EPPERSTONE BY-PASS,E01028331,Newark and Sherwood 013B,Suspect charged
499060ff674da71877dc9b2cd1d66888c6dd826cf5e08d58ba81c4a34a815a1a,2013-06,Nottinghamshire Police,Nottinghamshire Police,-1.206296,53.149487,On or near ROSEMARY AVENUE,E01028227,Mansfield 008A,Suspect charged
fa3d6f8a94e4de8e4d497bf7befcdea44c801035c6afe0addc8449a080b28210,2013-06,Nottinghamshire Police,Nottinghamshire Police,-1.134621,52.937549,On or near LONDON ROAD,E01028416,Rushcliffe 005D,Investigation complete; no suspect identified
44423fc42300eb6852ce5bbee1b644ee790f7c7cea5b06cc7ac2a096ce6e0378,2013-06,Nottinghamshire Police,Nottinghamshire Police,-1.228547,52.985669,On or near CROXLEY GARDENS,E01028119,Broxtowe 016C,Investigation complete; no suspect identified
3008b2e6d3c415a244d3025269111a358bb225cdf9ef32ab50807644c43ba478,2013-06,Nottinghamshire Police,Nottinghamshire Police,-1.234261,52.971655,On or near STRELLEY ROAD,E01013864,Nottingham 014A,Investigation complete; no suspect identified
4539210f16ede679bffb3c8476cd8ce902ccafebeaabd099bc8b0f35b64620b6,2013-06,Nottinghamshire Police,Nottinghamshire Police,-1.111831,52.970705,On or near ERNEST ROAD,E01028163,Gedling 013D,Investigation complete; no suspect identified
2e6c0df61fbb8d5c6f1f4c989a16a6986b91252713070dd14ff8372a20c26245,2013-06,Nottinghamshire Police,Nottinghamshire Police,-1.215356,52.927672,On or near VERNON AVENUE,E01028085,Broxtowe 011D,Investigation complete; no suspect identified
a4fc3dff08c7a7fed91e8c2d8781bab391004128366122c74d2c7ce078a22875,2013-06,Nottinghamshire Police,Nottinghamshire Police,-1.205603,52.924120,On or near WINDSOR STREET,E01028083,Broxtowe 012D,Investigation complete; no suspect identified
e99d3dd2d834bdeb29be085728d211444e31f9104a92cc5d09ee01e6888d3e19,2013-06,Nottinghamshire Police,Nottinghamshire Police,-1.254523,52.907815,On or near HILL VIEW ROAD,E01028139,Broxtowe 015E,Investigation complete; no suspect identified
c0859d8cfd2856209c59b277fb2f6900dc30b25a89e1610afe09ddabcce304d2,2013-06,Nottinghamshire Police,Nottinghamshire Police,-1.207533,52.923530,On or near ALEXANDRA CRESCENT,E01028083,Broxtowe 012D,Investigation complete; no suspect identified
dd4af23990676569938cc573a18d4e5c3c3b84c5817959d283f8612b5cbe070e,2013-06,Nottinghamshire Police,Nottinghamshire Police,-1.205603,52.924120,On or near WINDSOR STREET,E01028083,Broxtowe 012D,Investigation complete; no suspect identified
c290e3baa4716aa445eef7c444f2bbf319413d1a9d401083b17ea5f88dd7a11a,2013-06,Nottinghamshire Police,Nottinghamshire Police,-1.201139,52.919397,On or near BEECH AVENUE,E01028082,Broxtowe 012C,Investigation complete; no suspect identified
7ff3eba4b69da4a7b6aa5699cd63e6ce6ec1b97fcf40381c63e166ac9d961a1a,2013-06,Nottinghamshire Police,Nottinghamshire Police,-1.219345,52.937497,On or near BURROWS CRESCENT,E01028077,Broxtowe 009B,Investigation complete; no suspect identified
e834dccd007d97441bb20be6dbc2d7b2142bda7aeaca2c6289cee18b810facae,2013-06,Nottinghamshire Police,Nottinghamshire Police,-1.114136,53.010941,On or near BOYD CLOSE,E01028173,Gedling 005A,Suspect charged
fdae5ed078d825693689eb725c84a0f0482af7eea2110f688ab1cad1ba3e365f,2013-06,Nottinghamshire Police,Nottinghamshire Police,-1.106820,53.005780,On or near CORNELL DRIVE,E01028180,Gedling 007B,Investigation complete; no suspect identified
086f6efafb5bf7c8a2c9984d2b766501dcba63d58546bd5cfe5f1097c7a48c36,2013-06,Nottinghamshire Police,Nottinghamshire Police,-1.188149,52.900566,On or near WYCOMBE CLOSE,E01013905,Nottingham 036A,Investigation complete; no suspect identified
a5d8e5b7d6d1aae71c2af1f887603f528295751879ac83ae062fe8255360d136,2013-06,Nottinghamshire Police,Nottinghamshire Police,-1.135144,52.974023,On or near CAUNTON AVENUE,E01013937,Nottingham 015A,Investigation complete; no suspect identified
d7372d043f33d43ae30384b52083bbe443eedfd97f135598c53026a55b3253bf,2013-06,Nottinghamshire Police,Nottinghamshire Police,-1.133240,52.952281,On or near SNEINTON ROAD,E01013957,Nottingham 029E,Investigation complete; no suspect identified
739377130e6b1aa8f4710c6fcad3f20df0d60a7b222fdac17bef9723d1489645,2013-06,Nottinghamshire Police,Nottinghamshire Police,-1.145307,52.960100,On or near PALMERSTON GARDENS,E01013961,Nottingham 023D,Investigation complete; no suspect identified
8eb56c4d53425a1c349b0a113fe08919be18c7bb02ac33c3d21066d31be08965,2013-06,Nottinghamshire Police,Nottinghamshire Police,-1.122150,52.966314,On or near KELVIN ROAD,E01013939,Nottingham 016B,Investigation complete; no suspect identified
a89499e3adf8bb0e7afd5ac84020bb244221b1a9862acc094d2d0c348fd66d93,2013-06,Nottinghamshire Police,Nottinghamshire Police,-1.194903,52.901124,On or near HODGKIN CLOSE,E01013909,Nottingham 036C,Investigation complete; no suspect identified
c2fd6efd705fa3f3c6482355a997c35ffc91418046b6d03f765fc1758a7cd1f6,2013-06,Nottinghamshire Police,Nottinghamshire Police,-1.113706,52.948191,On or near Parking Area,E01013920,Nottingham 029C,Investigation complete; no suspect identified
711166b3103e89414c641f24099721e70b01c897512da564e34ed88704f0f08f,2013-06,Nottinghamshire Police,Nottinghamshire Police,-1.123833,52.983235,On or near Petrol Station,E01013935,Nottingham 010A,Investigation complete; no suspect identified
c30a40bb6a17e7c825d64ea35cb6a6a0d8756f4522eae97776525b424e5ac165,2013-06,Nottinghamshire Police,Nottinghamshire Police,-1.123833,52.983235,On or near Petrol Station,E01013935,Nottingham 010A,Investigation complete; no suspect identified
d4cf7eb27d6c7d2fcd17ddc074a194119c19e814c0e6f7d3cd3e76e768d8d744,2013-06,Nottinghamshire Police,Nottinghamshire Police,-1.188776,52.898871,On or near YEWDALE CLOSE,E01013908,Nottingham 036B,Investigation complete; no suspect identified
8f44f602a9ff5b00b1d5b12325571a03e0fc280ddb0929919f2fca65ab33032b,2013-06,Nottinghamshire Police,Nottinghamshire Police,-1.129925,52.956563,On or near WORKSOP ROAD,E01013954,Nottingham 021A,Investigation complete; no suspect identified
77b8ddadf5049fc6eede331d3082348187d7344751fb731421a5d6eb31a381de,2013-06,Nottinghamshire Police,Nottinghamshire Police,-1.180458,52.911894,On or near RIVERGREEN,E01013903,Nottingham 035E,Investigation complete; no suspect identified
98ef1e1fff79b04a094e4e80214b086703c760859b6169def33f975c02fc9a14,2013-06,Nottinghamshire Police,Nottinghamshire Police,-1.180458,52.911894,On or near RIVERGREEN,E01013903,Nottingham 035E,Investigation complete; no suspect identified
4acfd69bcc29001a3fe13b5b02bfd68087ce7a718564386150e6ced75b8d3f49,2013-06,Nottinghamshire Police,Nottinghamshire Police,-1.180458,52.911894,On or near RIVERGREEN,E01013903,Nottingham 035E,Investigation complete; no suspect identified
730c945972d1a90007064d4076722b2c9cb9f48432a1e1a762bde6bdc88ba746,2013-06,Nottinghamshire Police,Nottinghamshire Police,-1.127376,52.972240,On or near STONEPIT CLOSE,E01013940,Nottingham 016C,Investigation complete; no suspect identified
d6e4fbf53bcae8bf738e927bc4e731cf29dc53cff8bcda61fed0319442ca4d6c,2013-06,Nottinghamshire Police,Nottinghamshire Police,-1.119006,52.953274,On or near SNEINTON BOULEVARD,E01013917,Nottingham 024E,Investigation complete; no suspect identified
7cc36a4a95b51ee2f2ae949d4d5610f4fda47a7dea467fa9d3f65bcf59d3b5b9,2013-06,Nottinghamshire Police,Nottinghamshire Police,-1.129280,52.950877,On or near MILL VIEW CLOSE,E01013919,Nottingham 029B,Investigation complete; no suspect identified
762c047ed71b6789fa6f270022135def3d88c6fe655a9eb8bc6e769c03dd37ff,2013-06,Nottinghamshire Police,Nottinghamshire Police,-1.151704,52.962573,On or near CHATHAM STREET,E01013961,Nottingham 023D,Investigation complete; no suspect identified
0d1521e1f5997aef0ae38110b1fc0e872860442aaed5f01a1ce15c57f68907ab,2013-06,Nottinghamshire Police,Nottinghamshire Police,-1.228049,52.967624,On or near CAINCROSS ROAD,E01013868,Nottingham 020C,Investigation complete; no suspect identified
6ff11165359b8cdf8c3a5705886ca6e82b6db04a6bee6bd552a8f4349f4446b7,2013-06,Nottinghamshire Police,Nottinghamshire Police,-1.188318,52.975081,On or near Petrol Station,E01013934,Nottingham 019E,Investigation complete; no suspect identified
2c0593644170d21375b1dae0e0113ce7842138df21d5b988e28ff6fd742d1724,2013-06,Nottinghamshire Police,Nottinghamshire Police,-1.198105,52.984568,On or near Petrol Station,E01013831,Nottingham 009C,Investigation complete; no suspect identified
07d68a182aee0a2670574b6d736ccb62e77045e03152d7099f6737735b264f6c,2013-06,Nottinghamshire Police,Nottinghamshire Police,-1.188248,53.000278,On or near BRORA ROAD,E01013890,Nottingham 004D,Investigation complete; no suspect identified
c515c36eb2ce2f0b436400450d6f1ddb5e8c8119db00bcc17dcbfa027559d660,2013-06,Nottinghamshire Police,Nottinghamshire Police,-1.182128,52.977942,On or near TINTERN DRIVE,E01013833,Nottingham 009E,Investigation complete; no suspect identified
46fa72a8953232ec6e38464e40ae12c20067fa6fdb0ca6cb253dffefa2eea2c1,2013-06,Nottinghamshire Police,Nottinghamshire Police,-1.228594,52.970432,On or near FAIRNLEY ROAD,E01013866,Nottingham 014C,Investigation complete; no suspect identified
93b5a9b58b04d4490c6d19da0b7fc81356b2c918ff23b4b54742c2277811cfdd,2013-06,Nottinghamshire Police,Nottinghamshire Police,-1.182923,52.965003,On or near POULTER CLOSE,E01013944,Nottingham 026A,Investigation complete; no suspect identified
75397af56455cccfdb8055b6f67bedefed305d0a2f872fc15001e97f9b558a81,2013-06,Nottinghamshire Police,Nottinghamshire Police,-1.181549,52.980977,On or near ROMANS COURT,E01013832,Nottingham 009D,Investigation complete; no suspect identified
858decc2acde30e033f83ea013586c4286128a30d93439d551e13f5b1bb78f31,2013-06,Nottinghamshire Police,Nottinghamshire Police,-1.205674,52.978749,On or near ROSSLYN DRIVE,E01013820,Nottingham 013B,Investigation complete; no suspect identified
5a6b093f22171bd5ab67baac1bf26e375541acf72b4d4d7dd1adfd22aa3db1d6,2013-06,Nottinghamshire Police,Nottinghamshire Police,-1.213995,52.974076,On or near EXBOURNE ROAD,E01013821,Nottingham 013C,Investigation complete; no suspect identified
0075dee034658f88a9b38ed1ecb911ce685c92d9c4379860b936858ed98cadd5,2013-06,Nottinghamshire Police,Nottinghamshire Police,-1.185996,52.972638,On or near NUTHALL ROAD,E01013934,Nottingham 019E,Investigation complete; no suspect identified
3546d7c21f7c3253c711f3448ae723d846183d6158740918760aadc06a079f62,2013-06,Nottinghamshire Police,Nottinghamshire Police,-1.150219,52.952512,On or near WHEELER GATE,E01033400,Nottingham 039B,Investigation complete; no suspect identified
003183101809dd198195af0a02fc9a6f504b52714de02b9999c7f92d352c66fc,2013-06,Nottinghamshire Police,Nottinghamshire Police,-1.142521,52.954174,On or near BRIGHTMOOR STREET,E01033407,Nottingham 039F,Investigation complete; no suspect identified
24fab1a7628bb70c49f1c7190c89463cbf199b65a008a5a32818bc1bf630a7ca,2013-06,Nottinghamshire Police,Nottinghamshire Police,-1.149881,52.950775,On or near STANFORD STREET,E01033400,Nottingham 039B,Investigation complete; no suspect identified
860c2ace03454a7ea0ea511bc955dfef78e93fdb2d4fb5a680889af374ac7b29,2013-06,Nottinghamshire Police,Nottinghamshire Police,-1.141092,52.950406,On or near PEMBERTON STREET,E01033403,Nottingham 039D,Investigation complete; no suspect identified
aaf20c225bab0baa9be51d248859092968b8549d4dbe57d8fdaa07add7545e52,2013-06,Nottinghamshire Police,Nottinghamshire Police,-1.148358,52.951797,On or near Shopping Area,E01033400,Nottingham 039B,Investigation complete; no suspect identified
b896f48b9da486c32fd743dbff1ea77649fa294165d6a870d3f71751db9c5ecc,2013-06,Nottinghamshire Police,Nottinghamshire Police,-1.181789,52.954864,On or near WRAGBY ROAD,E01033395,Nottingham 026G,Investigation complete; no suspect identified
c71791c0e90f5da54eb45c06046778dc62481d637a452fbeb281d3dfb494a132,2013-06,Nottinghamshire Police,Nottinghamshire Police,-1.146601,52.954068,On or near THURLAND STREET,E01033406,Nottingham 039E,Investigation complete; no suspect identified
931eba9554bf41bb01508b5ecce648b2b38cdbd6e9d75e3cc59dc8abc788714f,2013-06,Nottinghamshire Police,Nottinghamshire Police,-1.167661,52.959647,On or near SUNBOURNE COURT,E01013814,Nottingham 022B,Investigation complete; no suspect identified
d0cf2b74abfe7a3fcd4828213548f1433fb41c617261518a9c0116528e0486ff,2013-06,Nottinghamshire Police,Nottinghamshire Police,-1.152112,52.954683,On or near Parking Area,E01033406,Nottingham 039E,Investigation complete; no suspect identified
8fe3b5b5b92bf83330e907960dd09b72230d0de85b56664beebeb6ea553a57f3,2013-06,Nottinghamshire Police,Nottinghamshire Police,-1.146601,52.954068,On or near THURLAND STREET,E01033406,Nottingham 039E,Investigation complete; no suspect identified
4fcc3d5e9ad17ec6e2e4e55bfec89abdda521ce501a643cbf36729a8e7dc99ae,2013-06,Nottinghamshire Police,Nottinghamshire Police,-1.151702,52.955849,On or near Theatre/Concert Hall,E01013816,Nottingham 022D,Investigation complete; no suspect identified
747eda563b2a57c07ea76e299bf9ee4f59462c2ffda407374608628268a56bba,2013-06,Nottinghamshire Police,Nottinghamshire Police,-1.177105,52.956198,On or near REDOUBT STREET,E01033396,Nottingham 026H,Investigation complete; no suspect identified
1ba03e970e4cb23fd6b347dc702160b8d17e3277f2a703318095a4044b061c11,2013-06,Nottinghamshire Police,Nottinghamshire Police,-1.061681,53.388283,On or near Petrol Station,E01028000,Bassetlaw 001A,Investigation complete; no suspect identified
a4e63c09003efbb155ae096b9c54520927e24f46ecadb9d53c1262732cff6696,2013-06,Nottinghamshire Police,Nottinghamshire Police,-1.127495,53.312439,On or near A60,E01028055,Bassetlaw 009A,Investigation complete; no suspect identified
dc73ed01b3ca45622c10fc1dfd32d6c4da20d4a3c22a302fe9254916c016c76b,2013-06,Nottinghamshire Police,Nottinghamshire Police,-1.124389,53.308713,On or near SHAW STREET,E01028057,Bassetlaw 012A,Investigation complete; no suspect identified
118728695d9d97156f17c030f9bee95e8c06a19bf0077bafe22ea3c742ae2cca,2013-06,Nottinghamshire Police,Nottinghamshire Police,-1.008009,53.202719,On or near Bus/Coach Station,E01028341,Newark and Sherwood 001F,Investigation complete; no suspect identified
ff525876721bbc1d4a8908d5a3e8391f6d499f0e6824e6165a35708c98a85cca,2013-06,Nottinghamshire Police,Nottinghamshire Police,-0.999487,53.206063,On or near HAZEL ROAD,E01028302,Newark and Sherwood 001B,Suspect charged
298a2b6beafdfd95abdc3b5a1eec11175fdd9beac2f0d4b91bafa4019a4fddbc,2013-06,Nottinghamshire Police,Nottinghamshire Police,-0.990547,53.206132,On or near THE HEATHERS,E01028302,Newark and Sherwood 001B,Investigation complete; no suspect identified
5c5500341e0b0b690cd62065723dd25d4fa9a3e54ed3efd54939665373c92bc3,2013-06,Nottinghamshire Police,Nottinghamshire Police,-1.047446,53.165420,On or near Park/Open Space,E01028295,Newark and Sherwood 005A,Investigation complete; no suspect identified
d3b1329ca37e824a20f1e18c8ee89267f281e4d6727f21d89e35ca84729b7f1a,2013-06,Nottinghamshire Police,Nottinghamshire Police,-1.064900,53.193758,On or near Parking Area,E01028323,Newark and Sherwood 002E,Investigation complete; no suspect identified
3dcd5f01c7f28db0a067e56d5e45bf41db6785b052490067b89f3274b1fc11ff,2013-06,Nottinghamshire Police,Nottinghamshire Police,-1.123098,53.159853,On or near VICARS COURT,E01028314,Newark and Sherwood 002B,Investigation complete; no suspect identified
5c4be3ca9674f960eb1b4af852ed2d5e0fba62afb443b69a81ba53ec51e2bd7b,2013-06,Nottinghamshire Police,Nottinghamshire Police,-1.001316,53.212434,On or near BRAMBLE CLOSE,E01028301,Newark and Sherwood 001A,Investigation complete; no suspect identified
23a9fa1bdda6f365a8db9c1522d52eb405db6b209be6b10c518346937746fc7b,2013-06,Nottinghamshire Police,Nottinghamshire Police,-1.007413,53.209060,On or near JAMES CLOSE,E01028339,Newark and Sherwood 001D,Investigation complete; no suspect identified
cd8ebc42eef54b4ffe85fd7178a5eddd05bfa1987b8d1b058b9eb5a7a1653409,2013-06,Nottinghamshire Police,Nottinghamshire Police,-0.753409,53.081234,On or near MAIN STREET,E01028353,Newark and Sherwood 004D,Investigation complete; no suspect identified
ce581136b366daa6649b3f87e86b40f69719d2cffbd39de99c15e0b45d87131b,2013-06,Nottinghamshire Police,Nottinghamshire Police,-0.813468,53.076400,On or near CASTLE GATE,E01028311,Newark and Sherwood 007G,Investigation complete; no suspect identified
e930124e076471293e00ef640a8bd27afd9e265cc6d24db81d8591a3e8eec419,2013-06,Nottinghamshire Police,Nottinghamshire Police,-0.944032,53.322813,On or near Nightclub,E01028020,Bassetlaw 010D,Investigation complete; no suspect identified
287c01b798f188acb08f791b91cbb35f36c4fa5b0d55fda08a527c86904529b3,2013-06,Nottinghamshire Police,Nottinghamshire Police,-0.796266,53.258920,On or near LANEHAM ROAD,E01028039,Bassetlaw 015F,Investigation complete; no suspect identified
93ecdeb1e5289bbd897ec29acb2d459d025669129048398b06cdf7060e63905f,2013-06,Nottinghamshire Police,Nottinghamshire Police,-0.953279,53.321043,On or near MYRTLE STREET,E01028021,Bassetlaw 010E,Investigation complete; no suspect identified
555a30ae0d88d51e576b4a2622971ad46af187ddcd9fc68fd398d84f74f2acd3,2013-06,Nottinghamshire Police,Nottinghamshire Police,-0.960701,53.330070,On or near SWALES CLOSE,E01028014,Bassetlaw 005B,Investigation complete; no suspect identified
a3412014c9f1c8c1ea4462cf49cf132430c23580f7b1c9c822e5223931da812c,2013-06,Nottinghamshire Police,Nottinghamshire Police,-1.073671,53.422633,On or near OXFORD DRIVE,E01028028,Bassetlaw 001F,Investigation complete; no suspect identified
546dc4b6e123fe48d021594c2dbacc51b8421799cfadecb9f52e1d8c67705965,2013-06,Nottinghamshire Police,Nottinghamshire Police,-0.958943,53.328266,On or near Petrol Station,E01028016,Bassetlaw 005D,Investigation complete; no suspect identified
5cb75d8d1912c55d0e39826ad7d3de01ce13d30e0f588bcdd55a10551340e70c,2013-06,Nottinghamshire Police,Nottinghamshire Police,-0.939932,53.318651,On or near CAROLGATE,E01028022,Bassetlaw 008F,Investigation complete; no suspect identified
d1e7e04964763257215640da2eaa43f15b7affffb692da9dafa37f68093ef051,2013-06,Nottinghamshire Police,Nottinghamshire Police,-0.947425,53.310636,On or near Sports/Recreation Area,E01028017,Bassetlaw 010A,Investigation complete; no suspect identified
f8bfb102bbe515875156365fe12bbf6d63419dcc49ab587fe861e82c7c7af371,2013-06,Nottinghamshire Police,Nottinghamshire Police,-0.796266,53.258920,On or near LANEHAM ROAD,E01028039,Bassetlaw 015F,Investigation complete; no suspect identified
ef8db7867a442c4904bdc29b5e9aed517a3467357817c95c9ee81aaa726a3e06,2013-06,Nottinghamshire Police,Nottinghamshire Police,-0.940769,53.319377,On or near Supermarket,E01028011,Bassetlaw 008D,Investigation complete; no suspect identified
db7e8ea6f4104c90da4df3fa89bbf20abad1165f6ac9ff0fd911b9a7ba32006c,2013-06,Nottinghamshire Police,Nottinghamshire Police,-1.227679,53.156945,On or near RUSKIN ROAD,E01028267,Mansfield 006E,Investigation complete; no suspect identified
983a7baecea19ed70a905752b4c9b4091bd3e3e6f23445dd226c9fa3863519b2,2013-06,Nottinghamshire Police,Nottinghamshire Police,-1.222856,53.144077,On or near FRITH GROVE,E01028230,Mansfield 010A,Investigation complete; no suspect identified
83e77447208ed70e9b4169805fcd6ba82f03363a97bb93969b15b84976270568,2013-06,Nottinghamshire Police,Nottinghamshire Police,-1.151752,53.203999,On or near PORTLAND STREET,E01028226,Mansfield 002C,Investigation complete; no suspect identified
89ddcec98314da7176727ca772ba7a21fe555c23d44e0c0dd7e7e8c5597ed250,2013-06,Nottinghamshire Police,Nottinghamshire Police,-1.222390,53.136784,On or near HELMSDALE CLOSE,E01028246,Mansfield 010E,Investigation complete; no suspect identified
17a0ecd89caffcf84ca123e53921a522874b7f8954235b151dbd40610a9f3a9f,2013-06,Nottinghamshire Police,Nottinghamshire Police,-1.141298,53.159940,On or near LANGWELL DRIVE,E01028237,Mansfield 007A,Investigation complete; no suspect identified
c8469635e500924c75b3b7fbe737283ecb3f911568c9858ea51cac4b4672a2f3,2013-06,Nottinghamshire Police,Nottinghamshire Police,-1.224349,53.159152,On or near FIELDEN AVENUE,E01028267,Mansfield 006E,Investigation complete; no suspect identified
9f3af3966560ea9063c831a120b5a50e449426875bbf22492d41f57f7c24910d,2013-06,Nottinghamshire Police,Nottinghamshire Police,-1.219915,53.148013,On or near NELSON CLOSE,E01028231,Mansfield 010B,Investigation complete; no suspect identified
426445f1ea68930159377c6784407e9d7a5acb6483f6fcc420b14219edd84a38,2013-06,Nottinghamshire Police,Nottinghamshire Police,-1.158023,53.150594,On or near EIGHTH AVENUE,E01028239,Mansfield 007C,Investigation complete; no suspect identified
c8adcaba3d3c460f330ccd3557717876ae5a6a2174344f6738107e4d87fff6c2,2013-06,Nottinghamshire Police,Nottinghamshire Police,-1.144703,53.206088,On or near GLEBE AVENUE,E01028224,Mansfield 001A,Investigation complete; no suspect identified
d025b482f4a63c524b1f68e73a58d000e8e96f4353bd1353e79eae8f52f515b8,2013-06,Nottinghamshire Police,Nottinghamshire Police,-1.230932,53.165712,On or near CATOR ROAD,E01033392,Mansfield 006G,Investigation complete; no suspect identified
5db6344b43a2b1bb599044b41a4bb6dee6dd09cd383de7a0ecf1ca8a18bc1377,2013-06,Nottinghamshire Police,Nottinghamshire Police,-1.241071,53.169247,On or near POPLAR DRIVE,E01033392,Mansfield 006G,Investigation complete; no suspect identified
a19b5ed1c9fb2503588ed0dfac84cd7dee95490f3a70f18a069848605bf09e39,2013-06,Nottinghamshire Police,Nottinghamshire Police,-1.151787,53.202219,On or near NEWCASTLE STREET,E01028226,Mansfield 002C,Investigation complete; no suspect identified
6c50c63d2d84b0bf7e09be9fb96e81bbaa6371dccaa204affefbebf788463f8c,2013-06,Nottinghamshire Police,Nottinghamshire Police,-1.225744,53.153094,On or near PRATT CLOSE,E01028232,Mansfield 006B,Investigation complete; no suspect identified
1477434d73876bb6046b6ca231c292ee0743332c4a87e38192dbff58c07cc9da,2013-06,Nottinghamshire Police,Nottinghamshire Police,-1.205466,53.142641,On or near HERBERT STREET,E01028247,Mansfield 008C,Suspect charged
b54140c75bb27be562c6beb1853721ee8e31d2132110c87750619a49e74fc114,2013-06,Nottinghamshire Police,Nottinghamshire Police,-1.158712,53.151282,On or near SIXTH AVENUE,E01028239,Mansfield 007C,Investigation complete; no suspect identified
c3e11aa25fe586c422beb77334b0a16197a8faf534dfe282052f038454dc1d42,2013-06,Nottinghamshire Police,Nottinghamshire Police,-1.204489,53.133169,On or near HILLSWAY CRESCENT,E01028270,Mansfield 013F,Investigation complete; no suspect identified
63071287745446b7ff7b4db7e6746d3e3b6b0f2d6287a2abe7a87edbf2ff35f6,2013-06,Nottinghamshire Police,Nottinghamshire Police,-1.218357,53.130042,On or near MELTON WAY,E01028270,Mansfield 013F,Investigation complete; no suspect identified
ec66742fcfd23e2752ebf66aa74a0d0364136e1e336940b46d826676b4010cb6,2013-06,Nottinghamshire Police,Nottinghamshire Police,-1.162743,53.128568,On or near VERONA COURT,E01028255,Mansfield 013E,Investigation complete; no suspect identified
82d9ec2eefb847cc9e36195d282cbfdb72bffe6080d16a263fe3c3f944bd8dd8,2013-06,Nottinghamshire Police,Nottinghamshire Police,-1.184922,53.134070,On or near MILLRISE ROAD,E01033389,Mansfield 013G,Investigation complete; no suspect identified
ecd179a65849da3f02ae41ed07418010b9e1b650793e45a719aed9eca00a086d,2013-06,Nottinghamshire Police,Nottinghamshire Police,-1.191154,53.138913,On or near LITTLEWORTH,E01028269,Mansfield 008E,Investigation complete; no suspect identified
245d3d5723d31225c60e4a4d6b34bfb60f12a575cb0b322231b7dbe45e6005f4,2013-06,Nottinghamshire Police,Nottinghamshire Police,-1.192909,53.148166,On or near TERRACE ROAD,E01028274,Mansfield 009C,Investigation complete; no suspect identified
b9861f3c23c2e2d22d7beeb54c44c9e3dd21ff5a119a50af55af87b6289b9ed8,2013-06,Nottinghamshire Police,Nottinghamshire Police,-1.227310,53.026616,On or near WILLOW AVENUE,E01027942,Ashfield 016E,Investigation complete; no suspect identified
af16670e2beb934907c8e760590f9d73924a0d3c73f8f2f5802ba0f3fe083e59,2013-06,Nottinghamshire Police,Nottinghamshire Police,-1.190558,53.025743,On or near ORCHID CROFT,E01027929,Ashfield 013A,Investigation complete; no suspect identified
3f056eaec6115a71899c159e6d3f5dc9fed048a84ef87b0c612fb1972991fabd,2013-06,Nottinghamshire Police,Nottinghamshire Police,-1.212707,53.042513,On or near Supermarket,E01027943,Ashfield 015D,Investigation complete; no suspect identified
583bab0571da40b3be881cf94a1e7881009e4b755b9a5c12ad50810760fe5e06,2013-06,Nottinghamshire Police,Nottinghamshire Police,-1.217742,53.023911,On or near DANIELS WAY,E01027942,Ashfield 016E,Investigation complete; no suspect identified
cdca70f74e1b323209c43431361c7c8cc756ced62cbc05ffb211bfe28bb7677d,2013-06,Nottinghamshire Police,Nottinghamshire Police,-1.215472,53.036427,On or near MUNKS AVENUE,E01027925,Ashfield 015A,Investigation complete; no suspect identified
0fa0ca5cb073f540c20223e7b2acdb3407a78d370a778008011bed9a188415b4,2013-06,Nottinghamshire Police,Nottinghamshire Police,-1.279053,53.140673,On or near MORLEY STREET,E01027983,Ashfield 001D,Suspect charged
07a7690e020bbd3d5f1ee6b525acd8d25c9a9c6bcda4058682c8571952bb7b00,2013-06,Nottinghamshire Police,Nottinghamshire Police,-1.279053,53.140673,On or near MORLEY STREET,E01027983,Ashfield 001D,Suspect charged
fd9239d912897c76ad3755b1efcd4d400b60f5c2027c4c5709d8104f6cbd9485,2013-06,Nottinghamshire Police,Nottinghamshire Police,-1.255471,53.102117,On or near ASHFIELD DRIVE,E01027956,Ashfield 008C,Suspect charged
57ec46d1896f2aa8aa07b34db39082574f542c5a9c28a64a6dfa4dfdf3cb86f8,2013-06,Nottinghamshire Police,Nottinghamshire Police,-1.239102,53.133422,On or near BLACKMIRES WAY,E01027985,Ashfield 004E,Investigation complete; no suspect identified
747b53f585e6b4188df36e22852c69629df8ce603c75f7ceba4af01875d4f7e5,2013-06,Nottinghamshire Police,Nottinghamshire Police,-1.265054,53.145414,On or near OVERDALE AVENUE,E01027979,Ashfield 001A,Investigation complete; no suspect identified
d8b7db5d008168dfce67a3cd49573e8108fafdc96344266d417fc0ac549847c4,2013-06,Nottinghamshire Police,Nottinghamshire Police,-1.265054,53.145414,On or near OVERDALE AVENUE,E01027979,Ashfield 001A,Investigation complete; no suspect identified
524a0c6a9c086592380915d38bf5f38597a5ac0bf0cdb93d991be3fd2990d31d,2013-06,Nottinghamshire Police,Nottinghamshire Police,-1.236257,53.104171,On or near SPRUCE GROVE,E01027951,Ashfield 007B,Investigation complete; no suspect identified
81e4240261622efd9dc8acf4576d8b3c71ca09a963337eaa6259de78eacb5189,2013-06,Nottinghamshire Police,Nottinghamshire Police,-1.297299,53.128296,On or near MILL CLOSE,E01027987,Ashfield 003C,Investigation complete; no suspect identified
b5f323a5b0de175fe22d8cfbcabdb7955703486ececcac65a5e49ca01b79ed2d,2013-06,Nottinghamshire Police,Nottinghamshire Police,-1.250882,53.122143,On or near BATHWOOD DRIVE,E01027977,Ashfield 004C,Investigation complete; no suspect identified
0fb9ba6232fe4defa265f11f38a22fa410445bde14e0e7ccb4773c55bb49e63b,2013-06,Nottinghamshire Police,Nottinghamshire Police,-1.248961,53.090830,On or near BETONY GROVE,E01027950,Ashfield 009C,Investigation complete; no suspect identified
7caa0d867c35b41b9dff3a1cdd3c24d52c8ac555202a4165b68c93ff2d25c441,2013-06,Nottinghamshire Police,Nottinghamshire Police,-1.260393,53.140828,On or near HARLOW CLOSE,E01027979,Ashfield 001A,Investigation complete; no suspect identified
a77832abcbeac976eab14b0f804babc55584a7f48e58b00383f173115ad6f1f4,2013-06,Nottinghamshire Police,Nottinghamshire Police,-1.302447,53.128758,On or near Supermarket,E01027990,Ashfield 003D,Investigation complete; no suspect identified
9ac3710bb7bd80f281686f29b88fc598d6810cde44f2d11819574b15faa30cd4,2013-06,Nottinghamshire Police,Nottinghamshire Police,-1.300995,53.122439,On or near ROBERTS AVENUE,E01027990,Ashfield 003D,Investigation complete; no suspect identified
7f7a8db6c223c9aa0e6fa60ac7e4f5d5e069a2704b708d2fb2013646a485ca55,2013-06,Nottinghamshire Police,Nottinghamshire Police,-1.243349,53.100917,On or near SHERWOOD STREET,E01027952,Ashfield 008A,Investigation complete; no suspect identified
a8aa58e0f9770e6b9ace45fba645108f9b5268084ef97bf6582d85a4d293c8f9,2013-06,Nottinghamshire Police,Nottinghamshire Police,-1.157204,52.896350,On or near CAMELOT STREET,E01028407,Rushcliffe 011D,Investigation complete; no suspect identified
9e21eee2c77a4828b9136dde2dfbc66117f574dbf5dd37d665c3d2fdbf841a1e,2013-06,Nottinghamshire Police,Nottinghamshire Police,-1.125610,52.936503,On or near ELLA ROAD,E01028384,Rushcliffe 004C,Investigation complete; no suspect identified
91a3a1baff3fedc5bedf927a7d749c69ec6377e58788c35c54ec90f6befd0f17,2013-06,Nottinghamshire Police,Nottinghamshire Police,-1.120639,52.924861,On or near BURLEIGH ROAD,E01028356,Rushcliffe 006A,Investigation complete; no suspect identified
3aa868ac6e1af4df775437429e2f4b35c968c6cfb09bf46ff02d882ed9c9bf11,2013-06,Nottinghamshire Police,Nottinghamshire Police,-1.101521,52.923576,On or near Petrol Station,E01028375,Rushcliffe 006B,Investigation complete; no suspect identified
05adff85b24d4f8cb714436bc17247bb5a4edd8c6093ef4f4a3ba29961f22860,2013-06,Nottinghamshire Police,Nottinghamshire Police,-1.160912,52.893706,On or near WIBBERLEY DRIVE,E01028405,Rushcliffe 011B,Investigation complete; no suspect identified
522dffd20c979dceec6e0e9b5cb6b101c70661011a3d47e321267d981abf3f3c,2013-06,Nottinghamshire Police,Nottinghamshire Police,-1.132700,52.931674,On or near MUSTERS ROAD,E01028417,Rushcliffe 005E,Investigation complete; no suspect identified
1a500fa159c77f6657042bb654059086aef20ec2f43912beccbe3832e850a79d,2013-06,Nottinghamshire Police,Nottinghamshire Police,-1.147203,52.896180,On or near LING CRESCENT,E01028406,Rushcliffe 011C,Investigation complete; no suspect identified
5ceb972c98fd508e5745a76324ffdce02f9664a554b4ea83bdc7bb0028431a93,2013-06,Nottinghamshire Police,Nottinghamshire Police,-1.126860,52.932071,On or near CENTRAL AVENUE,E01028416,Rushcliffe 005D,Investigation complete; no suspect identified
954c5e871f45a75539c4e0b901c6986c6446503d6c86ff5c63902e8ebcc8abb2,2013-06,Nottinghamshire Police,Nottinghamshire Police,-1.127873,52.930515,On or near RECTORY ROAD,E01028398,Rushcliffe 005B,Investigation complete; no suspect identified
e092ad494844cc475aee3281a7f6e676d8f62fb6540756c2e3687f8bef055945,2013-06,Nottinghamshire Police,Nottinghamshire Police,-1.146121,52.908883,On or near FAIRVIEW COURT,E01028364,Rushcliffe 007B,Investigation complete; no suspect identified
131db6fede355d1d5a451bf7472fed47c5b9448da287f3ab777ce0b4804e75ca,2013-06,Nottinghamshire Police,Nottinghamshire Police,-1.139933,52.923303,On or near Supermarket,E01028392,Rushcliffe 007E,Investigation complete; no suspect identified
d680dea2379d25d4be065d315e9b8532349ef6c42183ceae7ae615c6cf10b840,2013-06,Nottinghamshire Police,Nottinghamshire Police,-1.130505,52.936503,On or near Sports/Recreation Area,E01028416,Rushcliffe 005D,Investigation complete; no suspect identified
f94331fc5008147e829cf22b20364e3029377f8cf1387bfe7aa3fb46122049f6,2013-06,Nottinghamshire Police,Nottinghamshire Police,-1.101521,52.923576,On or near Petrol Station,E01028375,Rushcliffe 006B,Investigation complete; no suspect identified
f101e56b28bf015cd160ef272b3521d670f704570b216f0e807d6ad2a28ae558,2013-06,Nottinghamshire Police,Nottinghamshire Police,-1.126621,52.931386,On or near Supermarket,E01028416,Rushcliffe 005D,Investigation complete; no suspect identified
ebdaa4ae82b72d416cf13884f79d182fa757e20f9610e5e3dcbfa524e40c27f2,2013-06,Nottinghamshire Police,Nottinghamshire Police,-1.147203,52.896180,On or near LING CRESCENT,E01028406,Rushcliffe 011C,Investigation complete; no suspect identified
2521168fe34a16d9994f95228e04accc8d9fe1f698b8c74567a6ed9c85ed3d3d,2013-06,Nottinghamshire Police,Nottinghamshire Police,-1.124412,52.939101,On or near WOODLAND ROAD,E01028386,Rushcliffe 004E,Investigation complete; no suspect identified
7d9bb7fd7255330101122e8efec2e46c6cc71eaaf8bcfa558ee40871506b50bf,2013-06,Nottinghamshire Police,Nottinghamshire Police,-1.148713,52.888163,On or near LEYS ROAD,E01028405,Rushcliffe 011B,Investigation complete; no suspect identified
3b801ecd6abbec15c81a0e46f17515358c4f96d54653df37078995cbfef477d3,2013-06,Nottinghamshire Police,Nottinghamshire Police,-1.263668,52.854303,On or near KEGWORTH ROAD,E01028408,Rushcliffe 014C,Investigation complete; no suspect identified
3813e0177a10f3c411b795addddf8cff7316e69a51ff282b523f0f5017c5a0e1,2013-06,Nottinghamshire Police,Nottinghamshire Police,-1.034776,52.902943,On or near SAXON WAY,E01028369,Rushcliffe 009D,Investigation complete; no suspect identified
f25cd2007100ea53cd80ef218996d38b104a317e8c9c8fe5100e0bab10812e61,2013-06,Nottinghamshire Police,Nottinghamshire Police,-0.893517,52.918154,On or near BARNSTONE LANE,E01028411,Rushcliffe 001C,Investigation complete; no suspect identified
3f5d8a5f419724002d42e9a960ba57db6c504a1a5d1ed8c2691c83bf79cdd215,2013-06,Nottinghamshire Police,Nottinghamshire Police,-1.179967,52.830741,On or near THE GREEN,E01028389,Rushcliffe 015B,Investigation complete; no suspect identified
51486f5d86ab7ca4bb2051510d3757515bb59245d91c1b365a0d81bd800601df,2013-06,Nottinghamshire Police,Nottinghamshire Police,-1.253384,52.828726,On or near Sports/Recreation Area,E01028408,Rushcliffe 014C,Investigation complete; no suspect identified
4302ebb6942ff8bd5c6963f76ce0d56cd82f7fc9a28dde426b6d6f29d7b94177,2013-06,Nottinghamshire Police,Nottinghamshire Police,-0.970255,52.979838,On or near HAYCROFT WAY,E01028403,Rushcliffe 001B,Investigation complete; no suspect identified
be78fc6cdfacd8b93723775c1275b242ac16631e6f9a2aaabe9935faa29920a7,2013-06,Nottinghamshire Police,Nottinghamshire Police,-1.025596,52.941676,On or near DEWBERRY LANE,E01028393,Rushcliffe 003A,Investigation complete; no suspect identified
55186a1852adf5a75f975a463fbdd91b65f2c4584daf91556cacb3b0e2971728,2013-06,Nottinghamshire Police,Nottinghamshire Police,-1.078288,52.873748,On or near THE RIDINGS,E01028382,Rushcliffe 013C,Investigation complete; no suspect identified
6df3f01a6bd7fde29563ba4baa49f23ded6d10f55c93cbe344871beee66eeeca,2013-06,Nottinghamshire Police,Nottinghamshire Police,-1.090333,52.871144,On or near Supermarket,E01028383,Rushcliffe 013D,Investigation complete; no suspect identified
4f64729174480b6e243f8032e5e12066355ce735eff6a4cf2b2ea648b5438a75,2013-06,Nottinghamshire Police,Nottinghamshire Police,-1.073405,52.870744,On or near WILLOW BROOK,E01028381,Rushcliffe 013B,Investigation complete; no suspect identified
9ba5c080894fb548a000d76e161c8c8f4628555af9f1b21c5d9a549c2d4e5c36,2013-06,Nottinghamshire Police,Nottinghamshire Police,-0.942467,52.952185,On or near COGLEY LANE,E01028357,Rushcliffe 002A,Investigation complete; no suspect identified
f5757340dccd1aa4052faec52a11447fa5a1c9e3a39ddb8a0fd19c9f0dd6b651,2013-06,Nottinghamshire Police,Nottinghamshire Police,-0.945895,52.947747,On or near KESTREL DRIVE,E01028359,Rushcliffe 002C,Investigation complete; no suspect identified
bcba1d0fbd48d25ff0c2a7d76aec12505bb525bf3f971a0b4faa26beec35705d,2013-06,Nottinghamshire Police,Nottinghamshire Police,-0.948363,52.947239,On or near SANDPIPER CLOSE,E01028359,Rushcliffe 002C,Investigation complete; no suspect identified
1b9d788d99544507d38c3310ffbe0245fc66f9da3d04ed44314ccafdf5b45646,2013-06,Nottinghamshire Police,Nottinghamshire Police,-0.948363,52.947239,On or near SANDPIPER CLOSE,E01028359,Rushcliffe 002C,Investigation complete; no suspect identified
22d9e8f107efc7d402bd6b18defe4a2230e41c2f29b59849c0e4adb5674979e7,2013-06,Nottinghamshire Police,Nottinghamshire Police,-0.945126,52.948127,On or near WOODPECKER CLOSE,E01028359,Rushcliffe 002C,Investigation complete; no suspect identified
1f4b6735d1d8ba67e237aaa958f82d542713a9900e978cf794fd01c50ee2a5d5,2013-06,Nottinghamshire Police,Nottinghamshire Police,-0.945126,52.948127,On or near WOODPECKER CLOSE,E01028359,Rushcliffe 002C,Investigation complete; no suspect identified
602ba506bf0762ba0d2b99e988ba9df1811d4b921b58119b8e2ad2cdb709022b,2013-06,Nottinghamshire Police,Nottinghamshire Police,-0.948363,52.947239,On or near SANDPIPER CLOSE,E01028359,Rushcliffe 002C,Investigation complete; no suspect identified
2461c53da51d2a3a83eb7d647e00838a05daa6e90dc16ac498fe209925ac685d,2013-06,Nottinghamshire Police,Nottinghamshire Police,-0.948363,52.947239,On or near SANDPIPER CLOSE,E01028359,Rushcliffe 002C,Investigation complete; no suspect identified
2281531527820ac6c5639526a072aaf637ae05259016b9c793d2ec0f13047cf6,2013-06,Nottinghamshire Police,Nottinghamshire Police,-1.093597,52.877031,On or near CHESTNUT CLOSE,E01028380,Rushcliffe 013A,Investigation complete; no suspect identified
95c65c82b598c7129b34258b7c634b55143d3554e1923e8701948f0bb187a211,2013-06,Nottinghamshire Police,Nottinghamshire Police,-1.096417,52.897926,On or near Petrol Station,E01028412,Rushcliffe 012B,Investigation complete; no suspect identified
8e833ebf3eba6c63b6388be842f17868de06c4d1ec9be1b437df96b922d12862,2013-06,Nottinghamshire Police,Nottinghamshire Police,-1.315408,53.047624,On or near HIGH STREET,E01028092,Broxtowe 001A,Investigation complete; no suspect identified
b011ed83f353dbd48283f61072c76c77626fffa27c0b77615b01bc26c100f8e5,2013-06,Nottinghamshire Police,Nottinghamshire Police,-1.313229,53.017596,On or near DERBY ROAD,E01028111,Broxtowe 002B,Suspect charged
aa1054fcd033a3ac3ce32330845d57761e86aba8390e14b26edb597db45bef9b,2013-06,Nottinghamshire Police,Nottinghamshire Police,-1.313229,53.017596,On or near DERBY ROAD,E01028111,Broxtowe 002B,Suspect charged
6b81e2e9e0c26e429a6bcaa535e101d64853f48a6782c5f02e43481150e265c5,2013-06,Nottinghamshire Police,Nottinghamshire Police,-1.284844,52.984411,On or near AWSWORTH LANE,E01028106,Broxtowe 016B,Investigation complete; no suspect identified
0b1591ed9092fda97220c696839e8e6e88a5b7929177d7eba77a70655387b4b6,2013-06,Nottinghamshire Police,Nottinghamshire Police,-1.088927,52.974343,On or near WESTDALE LANE EAST,E01028191,Gedling 012E,Investigation complete; no suspect identified
ca9107422b098463020062bb90ea33c939f4fc5528daecb042e440e5099a4030,2013-06,Nottinghamshire Police,Nottinghamshire Police,-1.117612,52.974946,On or near PILKINGTON ROAD,E01028195,Gedling 010C,Investigation complete; no suspect identified
fcb4bcdb73981b58511d6e8a94b4e3851f4713758ec748bf30a17452b0f68b78,2013-06,Nottinghamshire Police,Nottinghamshire Police,-1.064738,52.962127,On or near TEAL CLOSE,E01028187,Gedling 015D,Investigation complete; no suspect identified
cf868dbf2daa7894901f68571410ccda7f24d4b8568b16c53bff95f04a60f3af,2013-06,Nottinghamshire Police,Nottinghamshire Police,-1.279875,52.927550,On or near PARK STREET,E01028133,Broxtowe 010F,Investigation complete; no suspect identified
5c2a9c6ea6dc131fc66d8dfc0cb4db2303010b28e0b485c49822aac672981b36,2013-06,Nottinghamshire Police,Nottinghamshire Police,-1.259953,52.906815,On or near WHITING AVENUE,E01028139,Broxtowe 015E,Investigation complete; no suspect identified
5aef4dab954f24a67aee3026eee68def1df200f9ece7839c7c7de39c8425cd04,2013-06,Nottinghamshire Police,Nottinghamshire Police,-1.254523,52.907815,On or near HILL VIEW ROAD,E01028139,Broxtowe 015E,Investigation complete; no suspect identified
fc6e4c06779072cd62213340aab5d1770c87dc7c2398194733a49a03abc09d42,2013-06,Nottinghamshire Police,Nottinghamshire Police,-1.209195,52.921267,On or near BARTON STREET,E01028083,Broxtowe 012D,Investigation complete; no suspect identified
955f40ac18f58649ad3e3cf09a8ab58d295eaecc32909dd34a586695edd82323,2013-06,Nottinghamshire Police,Nottinghamshire Police,-1.254523,52.907815,On or near HILL VIEW ROAD,E01028139,Broxtowe 015E,Investigation complete; no suspect identified
e0333cde46d8c012862949e4c36ef4f28771fbb99eeaf55391403f7c0d0ef989,2013-06,Nottinghamshire Police,Nottinghamshire Police,-1.258898,52.908525,On or near SWINEY WAY,E01028139,Broxtowe 015E,Investigation complete; no suspect identified
8079f60ae2bf06ee632a78ce050f36f5f9c0baafa19c1f2c06f451b460286c55,2013-06,Nottinghamshire Police,Nottinghamshire Police,-1.215356,52.927672,On or near VERNON AVENUE,E01028085,Broxtowe 011D,Investigation complete; no suspect identified
234cafe83ee5eeedd6b38db58725d69149218391f55ed454c4b72d3cd396cf34,2013-06,Nottinghamshire Police,Nottinghamshire Police,-1.274245,52.930671,On or near Further/Higher Educational Building,E01028134,Broxtowe 008D,Investigation complete; no suspect identified
73178f08be41d662d6060569ac1dc534b198f85c941c5bcc1897c539bfc1a7b3,2013-06,Nottinghamshire Police,Nottinghamshire Police,-1.215523,52.929139,On or near Parking Area,E01028085,Broxtowe 011D,Investigation complete; no suspect identified
bf4c0315f1dd657875d0afd7cd4556dba8354e4f10428b493a41b7d7cb628706,2013-06,Nottinghamshire Police,Nottinghamshire Police,-1.214899,52.929935,On or near Parking Area,E01028085,Broxtowe 011D,Investigation complete; no suspect identified
86b62867b8fbf3a52fce2a64afd93cc3db8d82209cadfde00d8165922827a66f,2013-06,Nottinghamshire Police,Nottinghamshire Police,-1.213484,52.930015,On or near ENDSLEIGH GARDENS,E01028079,Broxtowe 009D,Investigation complete; no suspect identified
d98bcaba43dd62cf57ff39828948101470761699c358dd998f5c57d00746acf5,2013-06,Nottinghamshire Police,Nottinghamshire Police,-1.275648,52.928603,On or near Supermarket,E01028133,Broxtowe 010F,Investigation complete; no suspect identified
e7bbe9729ad36709b4dfc77da6f8c130ad0d5262433c1ba6403ed9646f8091cb,2013-06,Nottinghamshire Police,Nottinghamshire Police,-1.275648,52.928603,On or near Supermarket,E01028133,Broxtowe 010F,Investigation complete; no suspect identified
0f3e73948ffddf9cf636194f29c3c3eddbe83c8839458ae09b25a9ff2a49c99e,2013-06,Nottinghamshire Police,Nottinghamshire Police,-1.218376,52.937590,On or near BOUNDARY CRESCENT,E01028077,Broxtowe 009B,Investigation complete; no suspect identified
f54185338356fbb930bd6459b86f2818d654179f0be3df5cf0f7a92d89840762,2013-06,Nottinghamshire Police,Nottinghamshire Police,-1.120275,52.994877,On or near THETFORD CLOSE,E01028177,Gedling 009B,Investigation complete; no suspect identified
9011b6348b29cabbb6ed28c0733d83b80d15d88881fc573186540ec2de83647d,2013-06,Nottinghamshire Police,Nottinghamshire Police,-1.114620,52.995285,On or near RAMSEY DRIVE,E01028177,Gedling 009B,Investigation complete; no suspect identified
17a6e3a8ff0bd8c0d24c9fccb8a4a84b9cba224f65d5ebde189408342f7945af,2013-06,Nottinghamshire Police,Nottinghamshire Police,-1.125520,53.010324,On or near ST MARY'S CLOSE,E01028208,Gedling 004E,Investigation complete; no suspect identified
c995392523da04d337ded0f15bfa2d4134f8e4136fb4cbece59a85bb4e0e48b6,2013-06,Nottinghamshire Police,Nottinghamshire Police,-1.119701,53.003350,On or near BENTWELL AVENUE,E01028174,Gedling 005B,Investigation complete; no suspect identified
3b312c995884a9743ec812f1f6e97d7b664d8d6da8fcb6535868fa9a0df84bc6,2013-06,Nottinghamshire Police,Nottinghamshire Police,-1.148818,52.941211,On or near HUMBER CLOSE,E01013871,Nottingham 040B,Investigation complete; no suspect identified
63f0bf2b5a52225ba573d183ae8a3efd1fa550907b68b4cf32fe31f4891798e6,2013-06,Nottinghamshire Police,Nottinghamshire Police,-1.134465,52.952084,On or near BEAUMONT STREET,E01013920,Nottingham 029C,Suspect charged
9282a0d23eec9a39ba2ae543f4f2fda8e95298e27be2b9d612bf2f709a62b7aa,2013-06,Nottinghamshire Police,Nottinghamshire Police,-1.119362,52.958454,On or near SHELFORD RISE,E01013916,Nottingham 024D,Investigation complete; no suspect identified
eef7f81cff4a4211c9d1a1ea82b9ee05a791a523df420b4e354e27335dba4d09,2013-06,Nottinghamshire Police,Nottinghamshire Police,-1.128798,52.963756,On or near MOFFAT CLOSE,E01013962,Nottingham 021D,Investigation complete; no suspect identified
a792a928fac9bc990b066dc941c4a4854862953d1d02eb099577c8bd008b40c6,2013-06,Nottinghamshire Police,Nottinghamshire Police,-1.132421,52.979855,On or near QUERNEBY AVENUE,E01013935,Nottingham 010A,Investigation complete; no suspect identified
869eac97f8136d056ed720e58468f586a8d0204d273dd289427c6ab95b555ea4,2013-06,Nottinghamshire Police,Nottinghamshire Police,-1.165429,52.922424,On or near Petrol Station,E01013902,Nottingham 034D,Investigation complete; no suspect identified
ad29d3187a0c65cf63dff5e28733958c132c91b742ccfc92174a6c838938c54a,2013-06,Nottinghamshire Police,Nottinghamshire Police,-1.176348,52.909061,On or near ELLERBY AVENUE,E01013897,Nottingham 035A,Investigation complete; no suspect identified
a134b68dad69012633e77ca85f305e1e47c249b72558c3f6b56dc0684ed6e15e,2013-06,Nottinghamshire Police,Nottinghamshire Police,-1.119006,52.953274,On or near SNEINTON BOULEVARD,E01013917,Nottingham 024E,Suspect charged
e24e5f76560e5551c537f3c44a24ee0b32812f738e3d52bc0bd52689aefaa144,2013-06,Nottinghamshire Police,Nottinghamshire Police,-1.173664,52.906300,On or near EDENHALL GARDENS,E01013900,Nottingham 035D,Investigation complete; no suspect identified
e5321142229bfa3cea67e7fa90e9ffd276201c40270a7dc9575cbfff37955075,2013-06,Nottinghamshire Police,Nottinghamshire Police,-1.127376,52.972240,On or near STONEPIT CLOSE,E01013940,Nottingham 016C,Investigation complete; no suspect identified
bea6b4082b773b649a278d00d938822c3021052acc52b1ca70dfb786a23a5c53,2013-06,Nottinghamshire Police,Nottinghamshire Police,-1.122860,52.949643,On or near KINGSLEY ROAD,E01013921,Nottingham 029D,Suspect charged
3e79147aeaf783bfce2a67dbec13477deb75ab214ebcc797bd029e99504c7c71,2013-06,Nottinghamshire Police,Nottinghamshire Police,-1.189153,53.005264,On or near BESTWOOD TERRACE,E01013886,Nottingham 004A,Investigation complete; no suspect identified
48749cbb52d10ac06c38d9fe434da7a90f6b0828b90b48d54b9629bfb8bd9d75,2013-06,Nottinghamshire Police,Nottinghamshire Police,-1.209424,52.980590,On or near DEEPDENE CLOSE,E01013817,Nottingham 011A,Suspect charged
a049fbf3126301c1256e25e35cb70cdd9edbfd35cef6dcbbf163e2cae0680d97,2013-06,Nottinghamshire Police,Nottinghamshire Police,-1.223038,52.983026,On or near KEW GARDENS,E01028121,Broxtowe 016E,Investigation complete; no suspect identified
14177eac6a9c9330f012cc9cddf049ee4e22c9f8f978a9b29ea28049ccb453f4,2013-06,Nottinghamshire Police,Nottinghamshire Police,-1.232776,52.964697,On or near CHIDLOW ROAD,E01013858,Nottingham 025A,Investigation complete; no suspect identified
2ba28c7019500b8b59cd7ef55b2c9e8be06be89ac330ce1d941210afd35f0cdf,2013-06,Nottinghamshire Police,Nottinghamshire Police,-1.185679,52.968105,On or near LEACROFT ROAD,E01013931,Nottingham 019B,Investigation complete; no suspect identified
3a9abe967093088f1dfb9170dbc34ea747f07afb633aca28b6b010aff8dde585,2013-06,Nottinghamshire Police,Nottinghamshire Police,-1.192673,52.981907,On or near OVERDALE ROAD,E01013830,Nottingham 009B,Investigation complete; no suspect identified
dc205af7a15463f81c6be982f66ed25443ea4ff40041b1c8631a65ec6a0a2ec0,2013-06,Nottinghamshire Police,Nottinghamshire Police,-1.228860,52.974731,On or near MOOR ROAD,E01013865,Nottingham 014B,Investigation complete; no suspect identified
6d5b792abdb24f72bb92ceff4d33c292e93bda47e4e167747d9038f230ed4e9f,2013-06,Nottinghamshire Police,Nottinghamshire Police,-1.194537,53.009813,On or near WINGBOURNE WALK,E01013881,Nottingham 002C,Investigation complete; no suspect identified
d5dc0b41b5a1914cdfab179e845fdfb830cda7bb7e32aae8dc79dc42e5f5d290,2013-06,Nottinghamshire Police,Nottinghamshire Police,-1.173291,52.991473,On or near RIBER CRESCENT,E01013835,Nottingham 008D,Investigation complete; no suspect identified
3fb0418cba91d53223c85f4788cdb05965c2c8ef80bc835b1eb7a2c8209a503a,2013-06,Nottinghamshire Police,Nottinghamshire Police,-1.230386,52.974345,On or near MORRIS ROAD,E01013866,Nottingham 014C,Investigation complete; no suspect identified
7c0c139c3c197b284d1bbd67ba93e641b01031d93540273dc20399056a099b9a,2013-06,Nottinghamshire Police,Nottinghamshire Police,-1.165413,53.001405,On or near COLMON CLOSE,E01013854,Nottingham 006B,Investigation complete; no suspect identified
e5517868a1d5b661e4c7f8aecfb523a2eecd505a8a9e34dc65f06876a73654bf,2013-06,Nottinghamshire Police,Nottinghamshire Police,-1.207901,53.002766,On or near Pedestrian Subway,E01013880,Nottingham 002B,Investigation complete; no suspect identified
b8ae5b6ed9d246a89aa33153aa86f555dcdb135e3365cfc138ed2ee28274cb15,2013-06,Nottinghamshire Police,Nottinghamshire Police,-1.220153,52.978638,On or near FRINTON ROAD,E01013818,Nottingham 011B,Investigation complete; no suspect identified
2eaa9c0517e2ff3af79e7bec1890c488300f6664ebdbabc9a347000127d34f9e,2013-06,Nottinghamshire Police,Nottinghamshire Police,-1.185646,53.012657,On or near BESTWOOD ROAD,E01013892,Nottingham 001B,Investigation complete; no suspect identified
840226db592b4ea33ed577a846e8104272ad68eda01ef41f39a1f8cd538424bf,2013-06,Nottinghamshire Police,Nottinghamshire Police,-1.218673,53.003727,On or near BIRLING CLOSE,E01013883,Nottingham 005E,Investigation complete; no suspect identified
bcaf19a4b765361d57f3560f3510cd0ed980bfed5f84e8e61bdf9ab7c9c88cb0,2013-06,Nottinghamshire Police,Nottinghamshire Police,-1.164979,53.004576,On or near BRADWELL DRIVE,E01013849,Nottingham 038A,Investigation complete; no suspect identified
40d837b1608ca8a4299b0051dfd6681c050bc5a48be7ed15dd814617722a3117,2013-06,Nottinghamshire Police,Nottinghamshire Police,-1.169555,53.004509,On or near HORSHAM DRIVE,E01013893,Nottingham 001C,Investigation complete; no suspect identified
2de8a24adfeb4118338c6fd313a016d23cfd55f49cd37722dc13bec5b8ca9dd4,2013-06,Nottinghamshire Police,Nottinghamshire Police,-1.213894,52.976350,On or near WITHERN ROAD,E01013822,Nottingham 011C,Investigation complete; no suspect identified
9af507ee706dc8adff113a780b2bf5b48d65f36637406e7c98f4875b73057d17,2013-06,Nottinghamshire Police,Nottinghamshire Police,-1.229622,52.980471,On or near CLIPSTONE CLOSE,E01013864,Nottingham 014A,Investigation complete; no suspect identified
34fb41089626111b818ebed3d06f492d796a1fefbfee361429f40fabc2e64b0f,2013-06,Nottinghamshire Police,Nottinghamshire Police,-1.164443,53.008392,On or near WHITCOMBE GARDENS,E01013851,Nottingham 038C,Investigation complete; no suspect identified
309c58a0f92734b9c09abc9a17e309a6dfd65cb0d21cb08560464e5cb612a1ad,2013-06,Nottinghamshire Police,Nottinghamshire Police,-1.192516,52.978364,On or near COMMODORE GARDENS,E01013819,Nottingham 013A,Investigation complete; no suspect identified
2f07bae629701a04cfa268d84a849f17e206be0d8e4f818f793d704e71c1442b,2013-06,Nottinghamshire Police,Nottinghamshire Police,-1.231035,52.972174,On or near STRELLEY ROAD,E01013866,Nottingham 014C,Investigation complete; no suspect identified
6dfb2a58d84e7696c4fd545b5d2e28f5905bb5c5c3cfdb640bdd1fae206f020a,2013-06,Nottinghamshire Police,Nottinghamshire Police,-1.170285,52.990544,On or near MAYFAIR GARDENS,E01013835,Nottingham 008D,Suspect charged
6649796341b9b1b17eb0cf732277bb3095eb772a79ba7c0bf6819fb67cdc3965,2013-06,Nottinghamshire Police,Nottinghamshire Police,-1.170932,52.993309,On or near GAINSFORD CLOSE,E01033397,Nottingham 006F,Suspect charged
9adcb9fedd1f28dca0a1e42df75f44f188a3f70eec21bbf6be3cbb4b566281aa,2013-06,Nottinghamshire Police,Nottinghamshire Police,-1.163332,52.955625,On or near ELLIOTT STREET,E01033404,Nottingham 028G,Suspect charged
4f20cf0b0e624d3808d0594a455ca4f4e5bb696d227a10b41ee7a8d198614d95,2013-06,Nottinghamshire Police,Nottinghamshire Police,-1.148505,52.979909,On or near PENNHOME AVENUE,E01013969,Nottingham 010C,Investigation complete; no suspect identified
1d9f6cda98bb11b3a4e306f14012a927d02cd51fcdac617964e5ec2cfdf89070,2013-06,Nottinghamshire Police,Nottinghamshire Police,-1.151158,52.953211,On or near BEAST MARKET HILL,E01033400,Nottingham 039B,Suspect charged
3744a69c4ee802e879cc49d07f523f1da38c34e068401bcac7ce24f48b53d13c,2013-06,Nottinghamshire Police,Nottinghamshire Police,-1.234350,52.945559,On or near KEVIN ROAD,E01013984,Nottingham 030D,Suspect charged
4891b431c573ae8a4d045d53ed9a584deb8a7b9c7b826abf94ca64d126553a91,2013-06,Nottinghamshire Police,Nottinghamshire Police,-1.229554,52.949942,On or near Supermarket,E01013982,Nottingham 030B,Suspect charged
ca05c9b792f9c862525a7238dc91847e150df37f9aac4e3202256f2be7f7bb81,2013-06,Nottinghamshire Police,Nottinghamshire Police,-1.170133,52.951061,On or near HARROWBY ROAD,E01033408,Nottingham 031H,Local resolution
c7199d590a3194752f329e006d712fcb8722def4597508b1b60c3b0ea98c9263,2013-06,Nottinghamshire Police,Nottinghamshire Police,-1.144763,52.954442,On or near OLD LENTON STREET,E01033406,Nottingham 039E,Investigation complete; no suspect identified
a8ef255d7e89d2098be33c2599d9c885f3ac687da78344c29b0803fae4370d73,2013-06,Nottinghamshire Police,Nottinghamshire Police,-1.234350,52.945559,On or near KEVIN ROAD,E01013984,Nottingham 030D,Suspect charged
7ffe57e08814e6f38c119cc1fe476ff260aa04014a089a0146e9a73f4bd92772,2013-06,Nottinghamshire Police,Nottinghamshire Police,-1.161966,52.970080,On or near BIRRELL ROAD,E01013847,Nottingham 017D,Investigation complete; no suspect identified
964e904e41b5d434aab6e6dc82371f9d4c94016112e78bf337138202a8d5fec1,2013-06,Nottinghamshire Police,Nottinghamshire Police,-1.169114,52.964610,On or near PATTERSON ROAD,E01013811,Nottingham 018B,Suspect charged
3c6dcf022c150d419d5ba4765a0270defc69e12259aa2b01101321c710dca13b,2013-06,Nottinghamshire Police,Nottinghamshire Police,-1.149761,52.956878,On or near NORTH CHURCH STREET,E01033409,Nottingham 023H,Suspect charged
8d401d487beea0f9b93667e59827adc074dcecc83e3bd83ae989cee5f56e28f2,2013-06,Nottinghamshire Police,Nottinghamshire Police,-1.168461,52.959077,On or near CLIFFORD STREET,E01013948,Nottingham 026E,Suspect charged
516e197503cf0537fb16598f50d79afb12a83587071a2a6b7361275101d9f20a,2013-06,Nottinghamshire Police,Nottinghamshire Police,-1.174984,52.955815,On or near Shopping Area,E01033396,Nottingham 026H,Offender given a drugs possession warning
2bafcc822ca6fbc7b009b45be484bcf4cc5d38500a7f63438097ac677999414d,2013-06,Nottinghamshire Police,Nottinghamshire Police,-1.144430,52.953199,On or near WARSER GATE,E01033406,Nottingham 039E,Suspect charged
db523a8a1be4ac49a48ad0a6d13aef25526db1069e12184fcf4d63480e613712,2013-06,Nottinghamshire Police,Nottinghamshire Police,-1.158260,52.963078,On or near BALMORAL ROAD,E01013815,Nottingham 022C,Investigation complete; no suspect identified
0cba7be5877b83fad48c46539545f888862d9e2c31d1758fba26953e71254366,2013-06,Nottinghamshire Police,Nottinghamshire Police,-1.143859,52.951963,On or near Further/Higher Educational Building,E01033403,Nottingham 039D,Investigation complete; no suspect identified
fbeb3a8364b8c5b4790da8118e0e66df6f2296bfed1518ce30634f317bee5497,2013-06,Nottinghamshire Police,Nottinghamshire Police,-1.169897,52.954808,On or near ALBERT GROVE,E01033404,Nottingham 028G,Investigation complete; no suspect identified
c0579e4883d92fa3127504ccd8f15140a3c415fa89eb2f743aae20eee3d99fbb,2013-06,Nottinghamshire Police,Nottinghamshire Police,-1.142623,52.952763,On or near RISTE'S PLACE,E01033406,Nottingham 039E,Investigation complete; no suspect identified
1a71eecb15c5935e22b147c97a1320d98004c11346fccc82430b70979068e6f2,2013-06,Nottinghamshire Police,Nottinghamshire Police,-1.142053,52.954485,On or near CRANBROOK STREET,E01033407,Nottingham 039F,Investigation complete; no suspect identified
c37f468d01b6822be5b4295e4d5e8f74aa2f336b051bef4271ee146e1c3d8355,2013-06,Nottinghamshire Police,Nottinghamshire Police,-1.156903,52.972390,On or near ALEXANDRA STREET,E01013843,Nottingham 017A,Investigation complete; no suspect identified
e391023555233c7d73c560a4fe7655521e604ab9efe274f6e1bede9f059f650e,2013-06,Nottinghamshire Police,Nottinghamshire Police,-1.148505,52.979909,On or near PENNHOME AVENUE,E01013969,Nottingham 010C,Investigation complete; no suspect identified
615b0827e092f9579865045ee0c652a8c10c91b2773cec14e2bfb92b9eb32093,2013-06,Nottinghamshire Police,Nottinghamshire Police,-1.154462,52.962395,On or near Pedestrian Subway,E01013815,Nottingham 022C,Investigation complete; no suspect identified
ace3019c7a93cb354886f7e8342b625080cc408982e2306e1322cbad16f99bcd,2013-06,Nottinghamshire Police,Nottinghamshire Police,-1.230049,52.955609,On or near Petrol Station,E01013980,Nottingham 030A,Investigation complete; no suspect identified
ffd51496cd024b576ba4432570c04771d2ad6953b59069ce76537232382e10f3,2013-06,Nottinghamshire Police,Nottinghamshire Police,-1.180959,52.972010,On or near WISTOW CLOSE,E01013930,Nottingham 019A,Investigation complete; no suspect identified
c4c6a9692e14f403aec42a9592738503e7f6a51667fcfcd320f8266e659b9c73,2013-06,Nottinghamshire Police,Nottinghamshire Police,-1.155365,52.977162,On or near AUBREY ROAD,E01013972,Nottingham 015E,Investigation complete; no suspect identified
4c17d6c1a695f441648b7c94508538298a9d11ee3c0131f8c5c46234964f7bbd,2013-06,Nottinghamshire Police,Nottinghamshire Police,-1.157271,52.949614,On or near OGLE DRIVE,E01032522,Nottingham 028F,Investigation complete; no suspect identified
013186fe968b54848892957a4b4c2273e6dc52eaba5a64436b1e4a45bb63da1a,2013-06,Nottinghamshire Police,Nottinghamshire Police,-1.151158,52.953211,On or near BEAST MARKET HILL,E01033400,Nottingham 039B,Suspect charged
514aeb832ab22497c6f88bb41b13e1ce17e555c1813e2e8c986060fc088f9c53,2013-06,Nottinghamshire Police,Nottinghamshire Police,-1.145431,52.990054,On or near BARNBY WALK,E01013965,Nottingham 007C,Investigation complete; no suspect identified
aed8dfb4bc1debe542f0d0aded2179c3995c1af2a7d0ff283f292676d1e0c03b,2013-06,Nottinghamshire Police,Nottinghamshire Police,-1.177720,52.961470,On or near Parking Area,E01013944,Nottingham 026A,Investigation complete; no suspect identified
0a13a8702341b36a292f7f7ad2178d1a34e1e8b4d44b68f9c6ed6ee1047d7f79,2013-06,Nottinghamshire Police,Nottinghamshire Police,-1.146005,52.997186,On or near NORTHWOOD ROAD,E01013963,Nottingham 007A,Investigation complete; no suspect identified
866ad2ef46f9b73cfe02fe57baaf1d5942eb76bf5ddbaa37c220e1e122effbe6,2013-06,Nottinghamshire Police,Nottinghamshire Police,-1.154497,52.959096,On or near HAMPDEN STREET,E01013813,Nottingham 022A,Investigation complete; no suspect identified
ebba846ac9444f3088f6d53ec92812b9b7378907689e6427e617cbfbac4c4f0d,2013-06,Nottinghamshire Police,Nottinghamshire Police,-1.175284,52.962694,On or near WALLAN STREET,E01013945,Nottingham 026B,Investigation complete; no suspect identified
822f55fa12a57509dff73d78bc6b33b6ad50091f306cd224ef787e9993312131,2013-06,Nottinghamshire Police,Nottinghamshire Police,-1.167762,52.964466,On or near MAPLES STREET,E01013811,Nottingham 018B,Investigation complete; no suspect identified
fcda1ea0f4564de15693a5970554316d0918f1eba30939bb8f142de81f0418e9,2013-06,Nottinghamshire Police,Nottinghamshire Police,-1.210736,52.955950,On or near OLD COACH ROAD,E01013977,Nottingham 027A,Investigation complete; no suspect identified
7ed6103b4616db4b949457f1c0009ef6001f00d308d2e4ddcd415bfd30a326db,2013-06,Nottinghamshire Police,Nottinghamshire Police,-1.151325,52.955307,On or near Theatre/Concert Hall,E01013816,Nottingham 022D,Suspect charged
ad8e1e788fe5ddd72ef6cb90017276a3048e8f685f159bd0e7dd7e0ca0c5a413,2013-06,Nottinghamshire Police,Nottinghamshire Police,-1.143330,52.955393,On or near Nightclub,E01033405,Nottingham 023G,Investigation complete; no suspect identified
8dfe82d3bd3b8180250e62901c5345604f45e919bae220850d6f75258d7d9cd3,2013-06,Nottinghamshire Police,Nottinghamshire Police,-1.173757,52.948336,On or near METTHAM STREET,E01033408,Nottingham 031H,Investigation complete; no suspect identified
1f14bd2ce25037613b30d86de1f9d8d1f0dd2d83a0d14dbffbea2e730ca03e16,2013-06,Nottinghamshire Police,Nottinghamshire Police,-1.155779,52.986487,On or near RAVEN AVENUE,E01013967,Nottingham 007E,Investigation complete; no suspect identified
cb0792bc462a21408521052a5bc6d2d5d3fe992931518988344693f31b79ce8a,2013-06,Nottinghamshire Police,Nottinghamshire Police,-1.180642,52.949417,On or near RADMARSH ROAD,E01013974,Nottingham 032B,Investigation complete; no suspect identified
a65c43ffcca795eab341d098c775e1ac3503410b194b587500ce1ee711034241,2013-06,Nottinghamshire Police,Nottinghamshire Police,-1.163661,52.970191,On or near BERRIDGE ROAD,E01013845,Nottingham 017C,Investigation complete; no suspect identified
68c06bf039ebd3a0c17c26c40a9b3500470228b40e5104cb1df67e971da3f7dd,2013-06,Nottinghamshire Police,Nottinghamshire Police,-1.155052,52.956547,On or near Parking Area,E01013816,Nottingham 022D,Investigation complete; no suspect identified
b914c0d8c79457dced504b0f59cbf2208014b341145aeb2a2c8d1b6927ef311c,2013-06,Nottinghamshire Police,Nottinghamshire Police,-1.145710,52.955473,On or near CLARE STREET,E01033409,Nottingham 023H,Suspect charged
173d92045879bca2046ba4b0531ec2d5a297b85f33c36fbabef194151fb7a959,2013-06,Nottinghamshire Police,Nottinghamshire Police,-1.151158,52.953211,On or near BEAST MARKET HILL,E01033400,Nottingham 039B,Investigation complete; no suspect identified
24fd02b3d5a9fc6d1c638903dcd0c004105b0f97ac40c37da041d2b74fbc69e2,2013-06,Nottinghamshire Police,Nottinghamshire Police,-1.154996,52.964017,On or near FOREST GROVE,E01013815,Nottingham 022C,Investigation complete; no suspect identified
a6566e4aefe6a71a74f114986fcd070b64dd9928691dceaeda134f341cb155d3,2013-06,Nottinghamshire Police,Nottinghamshire Police,-1.234512,53.103207,On or near DARLEY AVENUE,E01027951,Ashfield 007B,Investigation complete; no suspect identified
45bc03f12051ab6c86e0a2e52f7b1e647250344be7cae3bf34d5b7c5a537a709,2013-06,Nottinghamshire Police,Nottinghamshire Police,-1.234512,53.103207,On or near DARLEY AVENUE,E01027951,Ashfield 007B,Investigation complete; no suspect identified
b96a3bd198e8de8d5a73930afcee201a31f1ca6785899b9cca57e0fc55c67c74,2013-06,Nottinghamshire Police,Nottinghamshire Police,-1.235254,53.105162,On or near PINEWOOD CLOSE,E01027951,Ashfield 007B,Investigation complete; no suspect identified
66f7d6c1ab70e3f9be6ea69952fc7a2d357ce39c228a8b6311f13bc849b34b38,2013-06,Nottinghamshire Police,Nottinghamshire Police,-1.244360,53.126767,On or near LUCKNOW DRIVE,E01027977,Ashfield 004C,Investigation complete; no suspect identified
025c2716317226e59b5cbd75ff399664c189de446496b5d5af84a0480f59501c,2013-06,Nottinghamshire Police,Nottinghamshire Police,-1.237823,53.103462,On or near POPLAR AVENUE,E01027952,Ashfield 008A,Investigation complete; no suspect identified
b8f484534820361037332c2bb1beb3d532254c1a0f29fbc0625757450a53b2b6,2013-06,Nottinghamshire Police,Nottinghamshire Police,-1.247172,53.099269,On or near STATION STREET,E01027952,Ashfield 008A,Investigation complete; no suspect identified
3c4d201999970d8715e36770b7e56cd05c717262518a95f4b21613f46fec46e2,2013-06,Nottinghamshire Police,Nottinghamshire Police,-1.270135,53.123467,On or near MAYFIELD PLACE,E01027968,Ashfield 005C,Investigation complete; no suspect identified
25645c497c86d99c6cfc7223e85aaeb1610699f61020872573951bae46dde3c2,2013-06,Nottinghamshire Police,Nottinghamshire Police,-1.234512,53.103207,On or near DARLEY AVENUE,E01027951,Ashfield 007B,Investigation complete; no suspect identified
0aa15a8cb76629dddf3bc8f4b1f9f93f5a95b6130e8bf3b79fc43081571e4d8c,2013-06,Nottinghamshire Police,Nottinghamshire Police,-1.130402,52.934219,On or near MILLICENT GROVE,E01028417,Rushcliffe 005E,Investigation complete; no suspect identified
5a87a12dd31cb83b1555d4025b5450bf4e2ac65b4f45f9cee2ab306535277204,2013-06,Nottinghamshire Police,Nottinghamshire Police,-1.092183,52.869361,On or near FAR PASTURES CLOSE,E01028383,Rushcliffe 013D,Investigation complete; no suspect identified
31a2d0171d301de44677752add92c912686e6f702f121977072fc50bfc7a6220,2013-06,Nottinghamshire Police,Nottinghamshire Police,-0.968342,52.978869,On or near WALNUT GROVE,E01028403,Rushcliffe 001B,Investigation complete; no suspect identified
f55707ab0d2e6036181cf55838082ca67bf1fed0e98dd35c1a171e56c6c61b30,2013-06,Nottinghamshire Police,Nottinghamshire Police,-1.092489,52.874586,On or near MANOR ROAD,E01028380,Rushcliffe 013A,Investigation complete; no suspect identified
f163694a9866309eaaba3056eec83b03671dbd1bbb1995663981fdf877cfe1c7,2013-06,Nottinghamshire Police,Nottinghamshire Police,-1.315149,53.016870,On or near RYEMERE CLOSE,E01028111,Broxtowe 002B,Investigation complete; no suspect identified
7d32298237633b5aa489f8538e80a1fb7e8a8f2068068443a46423cd50ba3c7e,2013-06,Nottinghamshire Police,Nottinghamshire Police,-1.256041,52.996262,On or near GREENS LANE,E01028102,Broxtowe 004A,Investigation complete; no suspect identified
a29d5fe098891fdc0b06728dfd4669ee623ebcdf1b839da5e7dc1128020460e6,2013-06,Nottinghamshire Police,Nottinghamshire Police,-1.073956,52.962712,On or near VICTORIA ROAD,E01028187,Gedling 015D,Investigation complete; no suspect identified
5f2f5052b3cfb562538a6b58688a53c67a40106b8e632b5c7ba8ba78332b73d3,2013-06,Nottinghamshire Police,Nottinghamshire Police,-1.086005,52.968163,On or near CARLILE ROAD,E01028210,Gedling 014G,Investigation complete; no suspect identified
03cee333ddcd8183bb36bedffedfd35813946facc7b5221b223d648352e3c819,2013-06,Nottinghamshire Police,Nottinghamshire Police,-1.104430,52.980825,On or near Supermarket,E01028204,Gedling 010F,Investigation complete; no suspect identified
f9b651ce5a8316acfceb041303f62765a459a0c5f9538b40f533c17e440e51ef,2013-06,Nottinghamshire Police,Nottinghamshire Police,-1.109152,52.967053,On or near CORNHILL ROAD,E01028160,Gedling 013A,Investigation complete; no suspect identified
5cb47bc5387e4d3d000565ea8e1d9eef1955bce2181ae142c47fe601b11fdbe0,2013-06,Nottinghamshire Police,Nottinghamshire Police,-1.107653,52.969676,On or near THIRD AVENUE,E01028163,Gedling 013D,Investigation complete; no suspect identified
30bea9d90770354d2a4a9b8b687d511a8460ca5fff1daff26996cbf0f3c09165,2013-06,Nottinghamshire Police,Nottinghamshire Police,-1.083588,52.971911,On or near ACACIA CRESCENT,E01028191,Gedling 012E,Investigation complete; no suspect identified
6d4153a5fc9863b9f1418d7b3bea3a5cb6015d481d92a94e5da3bc459a32887d,2013-06,Nottinghamshire Police,Nottinghamshire Police,-1.106961,52.977249,On or near CONINGSWATH ROAD,E01028197,Gedling 010E,Investigation complete; no suspect identified
2d77e23d95d614380582b6c06adebdbaf2720162571ebc97eaceb766b309e3b6,2013-06,Nottinghamshire Police,Nottinghamshire Police,-1.143405,52.958378,On or near BOOTH CLOSE,E01033399,Nottingham 023E,Investigation complete; no suspect identified
cefb335775ada14f00346f9079a8645087b6c2a73abea201b3f0f9a868e34f95,2013-06,Nottinghamshire Police,Nottinghamshire Police,-1.072764,52.964132,On or near DUNSTAN STREET,E01028185,Gedling 015B,Investigation complete; no suspect identified
90b4ca98bcff73e1bc1231e5659d440db1a398835d1a5275a09a467eccf98e1b,2013-06,Nottinghamshire Police,Nottinghamshire Police,-1.043140,52.990947,On or near COVERT CLOSE,E01028148,Gedling 008A,Investigation complete; no suspect identified
2695f18aaffebbb7f3e7d291c62eced0d4e3ad74a5b97f36205aaedbe4fd1290,2013-06,Nottinghamshire Police,Nottinghamshire Police,-1.078925,52.968486,On or near EASTMOOR DRIVE,E01028171,Gedling 012D,Investigation complete; no suspect identified
de10f5c457042c2a9db06d94f53950e5a64e0e5970e84e297b51c7f2a848db08,2013-06,Nottinghamshire Police,Nottinghamshire Police,-1.260366,52.932303,On or near SEVERALS,E01028129,Broxtowe 010B,Investigation complete; no suspect identified
a4036d28bd324d40096ae2c5a95942b82ba669c6c64e403f0f9db8f1437716e4,2013-06,Nottinghamshire Police,Nottinghamshire Police,-1.120351,52.987453,On or near CLUMBER AVENUE,E01028214,Gedling 009C,Investigation complete; no suspect identified
ec471accd482035d0e05f0ec4c6c814d6b9054212e6ad67d7b07aa323a404997,2013-06,Nottinghamshire Police,Nottinghamshire Police,-1.196400,53.082828,On or near Park/Open Space,E01028189,Gedling 001A,Investigation complete; no suspect identified
3bcffc33946e70c36f7a2a826df09a7c5d347a53e5238db2237168e691af26d4,2013-06,Nottinghamshire Police,Nottinghamshire Police,-1.189915,52.895966,On or near OLDBURY CLOSE,E01013908,Nottingham 036B,Investigation complete; no suspect identified
3b10902391c667b3a0bde79de2735b9d8bc4fb493d0f8ad3b9db769d2480567c,2013-06,Nottinghamshire Police,Nottinghamshire Police,-1.115323,52.958703,On or near SNEINTON DALE,E01013917,Nottingham 024E,Investigation complete; no suspect identified
ce5ca9e8f33c8d034c90e904d7e1d14e32b4e425375ec0d39fcf2b8e6d849114,2013-06,Nottinghamshire Police,Nottinghamshire Police,-1.173851,52.908225,On or near SOUTHCHURCH DRIVE,E01013899,Nottingham 035C,Investigation complete; no suspect identified
6b322e802603d0ac1bad81ccf1e11cc7510a4558e875b3af1c53a193b98b4bcc,2013-06,Nottinghamshire Police,Nottinghamshire Police,-1.105975,52.960062,On or near ROSEDALE ROAD,E01013915,Nottingham 024C,Investigation complete; no suspect identified
2818f1c7e6ca6849b28fdaa4a38f2cc4283707656d23b22f4c0bd0ece822fce4,2013-06,Nottinghamshire Police,Nottinghamshire Police,-1.152693,52.966814,On or near ST ANDREW'S ROAD,E01013941,Nottingham 015C,Investigation complete; no suspect identified
d60c0abafca8e368418a103b0ed0308097291e045d433fd6013350515ce8856e,2013-06,Nottinghamshire Police,Nottinghamshire Police,-1.175701,52.903177,On or near LANTHWAITE CLOSE,E01013907,Nottingham 035F,Investigation complete; no suspect identified
c35303e0909ce76be99615442ed5ca20bd2311de721681671ab618dd238093c3,2013-06,Nottinghamshire Police,Nottinghamshire Police,-1.141044,52.964861,On or near TEAK CLOSE,E01013959,Nottingham 021B,Investigation complete; no suspect identified
fd17927a821ce67bb40d945f20eb42b1805b82b5e6d60eb582f1536d3a163651,2013-06,Nottinghamshire Police,Nottinghamshire Police,-1.180324,52.907164,On or near MIDHURST WAY,E01013897,Nottingham 035A,Investigation complete; no suspect identified
22f14056ee5547cfa8dac5b861c93ea98915c74156bc6a6b98d130c1011c9061,2013-06,Nottinghamshire Police,Nottinghamshire Police,-1.146235,52.971937,On or near MERRIVALE COURT,E01013938,Nottingham 015B,Investigation complete; no suspect identified
be0c1a7052e1b5b385bc4239e466788c9c1fd759e3d98207a285622727e6cf0f,2013-06,Nottinghamshire Police,Nottinghamshire Police,-1.182229,52.908670,On or near FAIRMAID GROVE,E01013897,Nottingham 035A,Investigation complete; no suspect identified
aaa23d259c1af4e92a52bc2b155aabb1ecc455ea1cc77b9d2320a3c7be557a24,2013-06,Nottinghamshire Police,Nottinghamshire Police,-1.123659,52.952805,On or near SANDRINGHAM ROAD,E01013918,Nottingham 029A,Investigation complete; no suspect identified
d42c0903d2465db904c6f4b6b17dd583c8a17cae7b17111cf8ef6c06b2da6265,2013-06,Nottinghamshire Police,Nottinghamshire Police,-1.103487,52.949382,On or near Sports/Recreation Area,E01013920,Nottingham 029C,Investigation complete; no suspect identified
236f4acd65482e4b7d153b513174f69e84fda9f7f10c4d6f5ca43463c91b4ed4,2013-06,Nottinghamshire Police,Nottinghamshire Police,-1.151838,52.970952,On or near ZULLA ROAD,E01013938,Nottingham 015B,Investigation complete; no suspect identified
f67c57f1c6ed600199c7c274a2b9fa3ba9a6e29ab581587d3f8f341dc9900b8f,2013-06,Nottinghamshire Police,Nottinghamshire Police,-1.117792,52.963162,On or near COMERY AVENUE,E01013916,Nottingham 024D,Investigation complete; no suspect identified
0a12afb14213600e8b9e8c58f4d076c73098609b5650cd912d2715ca953070f8,2013-06,Nottinghamshire Police,Nottinghamshire Police,-1.129526,52.974198,On or near HAZELBANK AVENUE,E01013936,Nottingham 016A,Investigation complete; no suspect identified
689733918113802453a16494c017ce0d5106896c24b47ec7b99df0a11c612db3,2013-06,Nottinghamshire Police,Nottinghamshire Police,-1.145307,52.960100,On or near PALMERSTON GARDENS,E01013961,Nottingham 023D,Investigation complete; no suspect identified
d799725ce9636f5a860dbaca52ee7965d850db41b195ff0e683a450282f63443,2013-06,Nottinghamshire Police,Nottinghamshire Police,-1.187327,52.957248,On or near KENNINGTON ROAD,E01013933,Nottingham 019D,Investigation complete; no suspect identified
16d95471559377aa71a2892d03ff68692aa97e5242867855f688ddd2662c047c,2013-06,Nottinghamshire Police,Nottinghamshire Police,-1.200948,53.003249,On or near BARRY STREET,E01013885,Nottingham 002E,Investigation complete; no suspect identified
01120bf265385160f6ff4b7247ac6c6b374f55a801ee49b727988c0277011b12,2013-06,Nottinghamshire Police,Nottinghamshire Police,-1.206361,53.005515,On or near HARWICH CLOSE,E01013880,Nottingham 002B,Investigation complete; no suspect identified
8d73c45734c1a9eac68c15a3069e68f3eeb219d25a57e609ae1a189b4aaa0340,2013-06,Nottinghamshire Police,Nottinghamshire Police,-1.159682,52.998776,On or near RAITHBY CLOSE,E01013854,Nottingham 006B,Investigation complete; no suspect identified
869fb548c262db50b6b900ee2a4d8ee7597ac2d45115a1fb4f349a065b63d2d9,2013-06,Nottinghamshire Police,Nottinghamshire Police,-1.160115,52.994105,On or near ARNOLD ROAD,E01013856,Nottingham 006D,Investigation complete; no suspect identified
bb9a26f67fa5d33ee64db4985db8a153695d6f15a3c3d91826738b70ef090e70,2013-06,Nottinghamshire Police,Nottinghamshire Police,-1.228594,52.970432,On or near FAIRNLEY ROAD,E01013866,Nottingham 014C,Investigation complete; no suspect identified
6e4f125e66fa6e8380f884d34e6d0c82ce596192d28a08462f49458415465615,2013-06,Nottinghamshire Police,Nottinghamshire Police,-1.226548,52.971650,On or near ST MARTIN'S CLOSE,E01013866,Nottingham 014C,Investigation complete; no suspect identified
013d72523fbe3289cbfbc023ea4486f9b87eeba2f7376cd8d19caf516f219bff,2013-06,Nottinghamshire Police,Nottinghamshire Police,-1.200104,52.971484,On or near Supermarket,E01013929,Nottingham 020D,Investigation complete; no suspect identified
57e384b1a1ed23103cbea738d37319215a47ba61e7e2b9161c6f146bb94f92b9,2013-06,Nottinghamshire Police,Nottinghamshire Police,-1.223526,52.966596,On or near BRACEBRIDGE DRIVE,E01013861,Nottingham 020B,Investigation complete; no suspect identified
ec7279e974e07386fa5a445f6fb776a465aa094f509844425699862111f43574,2013-06,Nottinghamshire Police,Nottinghamshire Police,-1.184128,52.966638,On or near ASCOT ROAD,E01013931,Nottingham 019B,Investigation complete; no suspect identified
b68deaf1dbfdd7d6c6e96bf4e210451d3b831877afb369e1172405593500606f,2013-06,Nottinghamshire Police,Nottinghamshire Police,-1.193685,52.986750,On or near BAGNALL ROAD,E01013831,Nottingham 009C,Investigation complete; no suspect identified
7fd89bd4e866cb6457cbe5695b6f6eed37de9706480e8bcac31f602aa3756d00,2013-06,Nottinghamshire Police,Nottinghamshire Police,-1.166250,52.990417,On or near CAIRNS CLOSE,E01033398,Nottingham 006G,Investigation complete; no suspect identified
478217d16f333c89fab1853a10461d4c131a8a9ae679b3ab14acd456bb48a919,2013-06,Nottinghamshire Police,Nottinghamshire Police,-1.150199,52.955820,On or near Theatre/Concert Hall,E01033409,Nottingham 023H,Investigation complete; no suspect identified
11f25eba474b1ed09beba60bb829ef2b0e9bbe1928a7d5acc15f84debb86b3e6,2013-06,Nottinghamshire Police,Nottinghamshire Police,-1.169842,52.963132,On or near HUBERT STREET,E01013814,Nottingham 022B,Offender given a drugs possession warning
6ce429f7753f5789fa3a44fa1eab077949cf67560ef1ad6fe55170598e986492,2013-06,Nottinghamshire Police,Nottinghamshire Police,-1.146168,52.954910,On or near Shopping Area,E01033406,Nottingham 039E,Suspect charged
3b62d7695f46da14aae795358609b950689e9d0b43a08623e6a85441467349f8,2013-06,Nottinghamshire Police,Nottinghamshire Police,-1.178382,52.959515,On or near LONSDALE ROAD,E01013947,Nottingham 026D,Investigation complete; no suspect identified
82ae41c9d23af8bf975d67e41ddeb93350a8e8f3cde522971750df30b8b32325,2013-06,Nottinghamshire Police,Nottinghamshire Police,-1.148754,52.958884,On or near YORK STREET,E01013961,Nottingham 023D,Investigation complete; no suspect identified
9e2c6a150441c6fb366e2b93ba4e9804b824e8c161e15c9cbb2921215817f839,2013-06,Nottinghamshire Police,Nottinghamshire Police,-1.143835,52.988631,On or near COLLIN GREEN,E01013965,Nottingham 007C,Investigation complete; no suspect identified
a5a3c2e68d4e7c27c543a4638553dce119fce160b50c68c47389c2a3b955ab87,2013-06,Nottinghamshire Police,Nottinghamshire Police,-1.170077,52.957084,On or near WOLSEY AVENUE,E01013948,Nottingham 026E,Investigation complete; no suspect identified
2e8a741bd1fa2a53a25725aef5dbac1cb0d893dc2a4a8eeae2e67d75df1d5e6f,2013-06,Nottinghamshire Police,Nottinghamshire Police,-1.167953,52.961501,On or near GADD STREET,E01013814,Nottingham 022B,Suspect charged
a6ae9a5e21353e9fd65220b163ba9540c61e8be45226ac6107c1c743a2d8491e,2013-06,Nottinghamshire Police,Nottinghamshire Police,-1.167953,52.961501,On or near GADD STREET,E01013814,Nottingham 022B,Suspect charged
4b7443a48b2283c64455cc33683d263efcfbabfe731edbf2cd57855416b47223,2013-06,Nottinghamshire Police,Nottinghamshire Police,-1.158260,52.963078,On or near BALMORAL ROAD,E01013815,Nottingham 022C,Investigation complete; no suspect identified
8a5736a087ed971067d92451451ae11384d060c351312519258d37f5c07dfeab,2013-06,Nottinghamshire Police,Nottinghamshire Police,-1.185800,52.943439,On or near Further/Higher Educational Building,E01033410,Nottingham 031I,Suspect charged
9f1d47ec6dd9c0eb9e1deb62f2776180aad6afeebd7aeb9810f9064fcfc6cfab,2013-06,Nottinghamshire Police,Nottinghamshire Police,-1.161331,52.972853,On or near FALCON GROVE,E01013841,Nottingham 012E,Investigation complete; no suspect identified
aabb660fa4bbf69a454cc6e93c2b7ec2459694e76966cb2989d20f9ff3af5a2c,2013-06,Nottinghamshire Police,Nottinghamshire Police,-1.228123,52.955111,On or near TROWELL ROAD,E01013980,Nottingham 030A,Investigation complete; no suspect identified
888efacc3cd64a0e5c1879d10360d84f9c38fd4c542f9c793409f90b5485197a,2013-06,Nottinghamshire Police,Nottinghamshire Police,-1.142980,52.953539,On or near Nightclub,E01033406,Nottingham 039E,Investigation complete; no suspect identified
5b54c58d4d6f9e16cf856beacf29bd95260e2e36bf1ca5732c81312595eb4b35,2013-06,Nottinghamshire Police,Nottinghamshire Police,-1.149045,52.953187,On or near SOUTH PARADE,E01033406,Nottingham 039E,Investigation complete; no suspect identified
4dc7aa13730ec075cee536d33af5d9cfd7623208db5d1bc6a7e2b2a7e9516a19,2013-06,Nottinghamshire Police,Nottinghamshire Police,-1.155118,52.981466,On or near CALEDON ROAD,E01013970,Nottingham 010D,Investigation complete; no suspect identified
97a379b36ac83d9d391ce0a471de4cc6f2a4eabada55283da238a6f65cc99a79,2013-06,Nottinghamshire Police,Nottinghamshire Police,-1.160221,52.947926,On or near FISHPOND DRIVE,E01032522,Nottingham 028F,Investigation complete; no suspect identified
01da40f4421254ee3e3a212b0d7011e952190d6ef5609f4a75b2a33446a77cbd,2013-06,Nottinghamshire Police,Nottinghamshire Police,-1.139511,52.984321,On or near THE RISE,E01013968,Nottingham 010B,Investigation complete; no suspect identified
4b4e6bc299379ab6977ccad50ec31e94c805f0c03bf3eec91862525675cb682d,2013-06,Nottinghamshire Police,Nottinghamshire Police,-1.189491,52.941801,On or near Further/Higher Educational Building,E01013975,Nottingham 032C,Investigation complete; no suspect identified
5936073eb3305866f220e9c6f28b8df9f02f4c4ebe83fae4bb01f535310399de,2013-06,Nottinghamshire Police,Nottinghamshire Police,-1.149881,52.950775,On or near STANFORD STREET,E01033400,Nottingham 039B,Investigation complete; no suspect identified
56634edfcac0510ccf47b71410851330fc57e3210a756619ea7da48eac9b69b2,2013-06,Nottinghamshire Police,Nottinghamshire Police,-1.143859,52.951963,On or near Further/Higher Educational Building,E01033403,Nottingham 039D,Investigation complete; no suspect identified
6c5da44c9822c25f6775cd93a2e60c54df9dc1eb90cb9e6aa41984d375acd14c,2013-06,Nottinghamshire Police,Nottinghamshire Police,-1.146601,52.954068,On or near THURLAND STREET,E01033406,Nottingham 039E,Investigation complete; no suspect identified
dceca67e8759d42a00ac20efde9b7b5f7189d42ed6187e3d39c5899b5aac8246,2013-06,Nottinghamshire Police,Nottinghamshire Police,-1.145431,52.990054,On or near BARNBY WALK,E01013965,Nottingham 007C,Investigation complete; no suspect identified
67c7ec8a29fc2e8130b85776ef5d3ba06617432266badce395daeb212f8bad9d,2013-06,Nottinghamshire Police,Nottinghamshire Police,-1.217392,52.955050,On or near RUSSELL DRIVE,E01013981,Nottingham 027D,Investigation complete; no suspect identified
945995e321356f47c58e916698f1dd35c1a2d7ba68c0e8adf90e6bc29efa363d,2013-06,Nottinghamshire Police,Nottinghamshire Police,-1.167230,52.965002,On or near NOEL STREET,E01013811,Nottingham 018B,Investigation complete; no suspect identified
c81b2a2c56700605fdc9a42f1f6e73900a2e01a85dcd8d5e333d0bdc6f349d12,2013-06,Nottinghamshire Police,Nottinghamshire Police,-1.148240,52.947940,On or near Park/Open Space,E01033400,Nottingham 039B,Investigation complete; no suspect identified
3a1ebf7b1e8145fa1585c34085ec563713f815138a9b980bd68065d347f95d20,2013-06,Nottinghamshire Police,Nottinghamshire Police,-1.148075,52.952542,On or near ST PETER'S GATE,E01033400,Nottingham 039B,Investigation complete; no suspect identified
a52a9fdcab84210d73ae0e1a42b9f8be7b5dc7884a03bd70621270e09e807c99,2013-06,Nottinghamshire Police,Nottinghamshire Police,-1.147645,52.950201,On or near Shopping Area,E01033400,Nottingham 039B,Investigation complete; no suspect identified
a7495fc2c2f383b44e0f7c55893902cdd3baab72d0c982d15f9187a917afa5f3,2013-06,Nottinghamshire Police,Nottinghamshire Police,-1.164717,52.967942,On or near AUSTEN AVENUE,E01013847,Nottingham 017D,Investigation complete; no suspect identified
301aceb59733589419dd667390a5e09d8cd548fcd42e6800dc78d66159a221ad,2013-06,Nottinghamshire Police,Nottinghamshire Police,-1.145710,52.955473,On or near CLARE STREET,E01033409,Nottingham 023H,Investigation complete; no suspect identified
618e6564d2454cb3e987b82930132b31fca3a7ff32cb61c753dc67943f6daca1,2013-06,Nottinghamshire Police,Nottinghamshire Police,-1.146273,52.954111,On or near Theatre/Concert Hall,E01033406,Nottingham 039E,Investigation complete; no suspect identified
41c78ac5391c9a16a72128cb56175b977f3650dc3b6dd08e09d926e93af7032b,2013-06,Nottinghamshire Police,Nottinghamshire Police,-1.194613,52.951284,On or near KILVERTON CLOSE,E01013974,Nottingham 032B,Investigation complete; no suspect identified
06a2ec0248a2e4b802da6028291a1be4ec9e85c092576bf04392d7af2e3c02fd,2013-06,Nottinghamshire Police,Nottinghamshire Police,-1.171210,52.963241,On or near PALIN STREET,E01013812,Nottingham 018C,Investigation complete; no suspect identified
d56be7729b51a04099c035498e44b234e22b0a4e52844f7cdb2a375afa1b01a4,2013-06,Nottinghamshire Police,Nottinghamshire Police,-1.148358,52.951797,On or near Shopping Area,E01033400,Nottingham 039B,Investigation complete; no suspect identified
3d8e60882cf40ea66ed5981709795cef49e8f2e55a2fd18157a8b879d7da5966,2013-06,Nottinghamshire Police,Nottinghamshire Police,-1.148358,52.951797,On or near Shopping Area,E01033400,Nottingham 039B,Investigation complete; no suspect identified
69c6de99c6ea3846d156e7b5e8766602acd0dc6d501dff2a9c75b316db24de8c,2013-06,Nottinghamshire Police,Nottinghamshire Police,-1.148358,52.951797,On or near Shopping Area,E01033400,Nottingham 039B,Investigation complete; no suspect identified
7ee913ff1d4b7955e4ecb2cc4e04bf9982d039de4b6af995aa768b1a39133338,2013-06,Nottinghamshire Police,Nottinghamshire Police,-1.147278,52.952949,On or near BRIDLESMITH GATE,E01033406,Nottingham 039E,Investigation complete; no suspect identified
99e3c488d8e5efbca4db26702afd8b5e4d7c7e73e9b5dff88ed46d08483f8266,2013-06,Nottinghamshire Police,Nottinghamshire Police,-1.149477,52.954655,On or near KING STREET,E01033406,Nottingham 039E,Investigation complete; no suspect identified
c937ec823f7be61544dfb8eb6fa8b7dd3183be26a7777aabedd129b6f250b076,2013-06,Nottinghamshire Police,Nottinghamshire Police,-1.150007,52.977753,On or near BINGHAM ROAD,E01013971,Nottingham 010E,Suspect charged
94fff6c642c21566add141ff4ea6efe0a77239f66d2eaa352a82f73fd8bb82d8,2013-06,Nottinghamshire Police,Nottinghamshire Police,-1.137019,53.030886,On or near MANSFIELD ROAD,E01028189,Gedling 001A,Suspect charged
33224f16d913448657f4409c96b205fc8e6248cac62999c442aa90aeb32363b9,2013-06,Nottinghamshire Police,Nottinghamshire Police,-1.147278,52.952949,On or near BRIDLESMITH GATE,E01033406,Nottingham 039E,Investigation complete; no suspect identified
c28ea2ffc4453a54a60ffa8121a7f9696da536ba67e63bc0a432b69df9788655,2013-06,Nottinghamshire Police,Nottinghamshire Police,-1.150829,52.954053,On or near Shopping Area,E01033406,Nottingham 039E,Investigation complete; no suspect identified
19f5a81e790610d4b7110ef487cd1041e2bd7bda7439c86f637663597ad6c711,2013-06,Nottinghamshire Police,Nottinghamshire Police,-1.146942,52.957172,On or near Shopping Area,E01033409,Nottingham 023H,Investigation complete; no suspect identified
522a72e8c4591b0cc230d6c7f7f70d881635a9471eeba4a7cad5e7486d2c68ef,2013-06,Nottinghamshire Police,Nottinghamshire Police,-1.146942,52.957172,On or near Shopping Area,E01033409,Nottingham 023H,Investigation complete; no suspect identified
0748d8d7ab6732a854c9f1a9dd50ba70d4154e3ffc6e0db3c8ad66a22da478c7,2013-06,Nottinghamshire Police,Nottinghamshire Police,-1.153077,52.972318,On or near NEW STREET,E01013972,Nottingham 015E,Investigation complete; no suspect identified
70f3f8740d3ae731fbac30a1610d0b479fddb045461e02aabfbbd1f499ae329b,2013-06,Nottinghamshire Police,Nottinghamshire Police,-1.182942,52.962405,On or near WYE GARDENS,E01013944,Nottingham 026A,Investigation complete; no suspect identified
5204bc18a1ed36e2106413d02a561eb2b87fda735ade9f1162f286280274dfc4,2013-06,Nottinghamshire Police,Nottinghamshire Police,-1.151978,52.952390,On or near Nightclub,E01033400,Nottingham 039B,Investigation complete; no suspect identified
f95595853795c1afc52f1e9c407f5673f877f760e26b45aaf70d26784c5298ec,2013-06,Nottinghamshire Police,Nottinghamshire Police,-1.144945,52.954281,On or near Theatre/Concert Hall,E01033406,Nottingham 039E,Investigation complete; no suspect identified
d01f985bda884bb09ad5d7ca0e13c4508eeecdafe5c51d81470e1c0833fcf7db,2013-06,Nottinghamshire Police,Nottinghamshire Police,-1.147153,52.956293,On or near Supermarket,E01033409,Nottingham 023H,Investigation complete; no suspect identified
52721f95d6779ab1c4c91aa387f0e6a4dff0cf6d260bf0183dfbdfce3aad5ba3,2013-06,Nottinghamshire Police,Nottinghamshire Police,-1.160651,52.970286,On or near CEDAR ROAD,E01013844,Nottingham 017B,Investigation complete; no suspect identified
e523f16a1c8ce8c00202b6ce3b9769f02d0034a1d4b5d97ede8360a79b4d519f,2013-06,Nottinghamshire Police,Nottinghamshire Police,-1.154263,52.963454,On or near TUDOR GROVE,E01013815,Nottingham 022C,Investigation complete; no suspect identified
48ed7ae266e46e81f7762361a59782a112f5a645a6f7341c6478f66d40282907,2013-06,Nottinghamshire Police,Nottinghamshire Police,-1.164590,52.958331,On or near NEWDIGATE STREET,E01013814,Nottingham 022B,Investigation complete; no suspect identified
bbb26367ea16762758e7e2cdf23e7e9298003fb1efbc27c009b1f1f7b18b0669,2013-06,Nottinghamshire Police,Nottinghamshire Police,-1.149881,52.950775,On or near STANFORD STREET,E01033400,Nottingham 039B,Investigation complete; no suspect identified
eed9c68bbee90aff931dc379a10854b2b2c21c884f63f00acebb09b3f5990314,2013-06,Nottinghamshire Police,Nottinghamshire Police,-1.159578,52.971124,On or near 4TH AVENUE,E01013844,Nottingham 017B,Investigation complete; no suspect identified
95d7a75a5fdac11ebcef03d0d6e2d8f3268c1db7b7a60b4b338de468370746a7,2013-06,Nottinghamshire Police,Nottinghamshire Police,-1.149477,52.954655,On or near KING STREET,E01033406,Nottingham 039E,Investigation complete; no suspect identified
24056e7628eae7d99e48b28972893df8268d807c7ace7be90c759f2956faa283,2013-06,Nottinghamshire Police,Nottinghamshire Police,-1.133823,53.326103,On or near Supermarket,E01028049,Bassetlaw 006D,Local resolution
92f90f629bf972a0a4ed40c7de4a85c14ac6eafdb3dcaae4a0e7be82f6425620,2013-06,Nottinghamshire Police,Nottinghamshire Police,-1.128581,53.304788,On or near Parking Area,E01028062,Bassetlaw 013C,Investigation complete; no suspect identified
2e8e8622924c78be354bff55839b63bb0ea606fc35a5c983e5e56dfdf4b108cf,2013-06,Nottinghamshire Police,Nottinghamshire Police,-1.133811,53.317761,On or near CLAYLANDS CLOSE,E01028055,Bassetlaw 009A,Investigation complete; no suspect identified
ca78e5759244e8a852e02a6444cf39548f6fd50ac944793f8989042f4c7a403c,2013-06,Nottinghamshire Police,Nottinghamshire Police,-1.123080,53.306681,On or near BRIDGE PLACE,E01028062,Bassetlaw 013C,Investigation complete; no suspect identified
18c8c8efc781882eca29b12bba951472bf3ada99540de85e6aa34b6ef3397bed,2013-06,Nottinghamshire Police,Nottinghamshire Police,-0.962936,53.076484,On or near HONING DRIVE,E01028347,Newark and Sherwood 008C,Investigation complete; no suspect identified
6193580f261a8165b110a66772ef5a47b7903974b4445aec13797b601b227084,2013-06,Nottinghamshire Police,Nottinghamshire Police,-1.113193,53.101277,On or near THE QUADRANGLE,E01028299,Newark and Sherwood 006C,Suspect charged
02a4bbfbbb235df53e49229f63ec274080575dc3362f5b34dc70bbec29cbc0e0,2013-06,Nottinghamshire Police,Nottinghamshire Police,-1.110554,53.100287,On or near LYNDHURST AVENUE,E01028300,Newark and Sherwood 006D,Suspect charged
2ff6618663b1da1b475e3dafb457cdbbfecadbbc4dc7b5c6f51cf4a31112fe51,2013-06,Nottinghamshire Police,Nottinghamshire Police,-0.811117,53.073950,On or near PORTLAND STREET,E01028311,Newark and Sherwood 007G,Investigation complete; no suspect identified
0fa0fac2fb866dad028735f6a432e234d31c728d83f704692a79d82b35a89310,2013-06,Nottinghamshire Police,Nottinghamshire Police,-0.784126,53.055005,On or near LONDON ROAD,E01028290,Newark and Sherwood 011F,Investigation complete; no suspect identified
6478ccd2ee866b8acb61ced56afe929929d19d530f844a83c5506dc9a9294f2f,2013-06,Nottinghamshire Police,Nottinghamshire Police,-0.802206,53.072871,On or near WHITFIELD STREET,E01028294,Newark and Sherwood 007A,Investigation complete; no suspect identified
f30227b9d26e060326cc15a11555913ad1f80a2c190c8b1547a47d9cabd81836,2013-06,Nottinghamshire Police,Nottinghamshire Police,-0.802206,53.072871,On or near WHITFIELD STREET,E01028294,Newark and Sherwood 007A,Investigation complete; no suspect identified
cbaab70525deeb460b9a08639305d7b2cbc74ac943667fa6f96ab7e0c7520fe4,2013-06,Nottinghamshire Police,Nottinghamshire Police,-0.809634,53.075229,On or near Parking Area,E01028310,Newark and Sherwood 007F,Investigation complete; no suspect identified
24abe739972149f6556d0bea1c409c8aa1c9afc1c8d745d8c4966a3cb3b39eab,2013-06,Nottinghamshire Police,Nottinghamshire Police,-0.832403,53.066780,On or near THE OSIERS,E01028309,Newark and Sherwood 010B,Investigation complete; no suspect identified
f7e87f69d64ccae85c35e6d8889001fb77f3d0bcaaf2dbf79b31df766016dc12,2013-06,Nottinghamshire Police,Nottinghamshire Police,-0.944032,53.322813,On or near Nightclub,E01028020,Bassetlaw 010D,Investigation complete; no suspect identified
6870af0ce27ce2a3d61da11ce8dcb1cf993a454cb3d3ef86e3833489e60ace03,2013-06,Nottinghamshire Police,Nottinghamshire Police,-0.931046,53.312585,On or near SYCAMORE CLOSE,E01028010,Bassetlaw 008C,Investigation complete; no suspect identified
38a31d4fbd4c8f9a35f9d19bf7243420870959221463df836e3cf5609603d0a6,2013-06,Nottinghamshire Police,Nottinghamshire Police,-0.947473,53.312964,On or near CENTURY ROAD,E01028017,Bassetlaw 010A,Investigation complete; no suspect identified
09bfdfe150ed8b65c47ad3793ad972ee79ded8286d287b12a12faf0232594770,2013-06,Nottinghamshire Police,Nottinghamshire Police,-0.949362,53.313026,On or near WEST CARR ROAD,E01028017,Bassetlaw 010A,Investigation complete; no suspect identified
dc224ef1d1221f2c433bb7ad5541ea54047a5f04d9d9db68733bd834005ca876,2013-06,Nottinghamshire Police,Nottinghamshire Police,-0.956823,53.311150,On or near LYNCOMBE COURT,E01028017,Bassetlaw 010A,Investigation complete; no suspect identified
b7c131846d7979359e5b6a3ee07ec95a40a0223f8ea5380abf29b519586f9372,2013-06,Nottinghamshire Police,Nottinghamshire Police,-1.007251,53.381757,On or near BIRCH CLOSE,E01028034,Bassetlaw 003B,Investigation complete; no suspect identified
0e9010cf0e69a8e936b1a85679a0402c0202b3236b5bbf14fb7ae1fea8456301,2013-06,Nottinghamshire Police,Nottinghamshire Police,-0.947245,53.307587,On or near GRANGE ROAD,E01028018,Bassetlaw 010B,Investigation complete; no suspect identified
676a418f6da83a79b0469c53194fc3677a0ee3b6bba06b9f603e00e2ab531ae6,2013-06,Nottinghamshire Police,Nottinghamshire Police,-0.952800,53.306863,On or near GREENWAY,E01028019,Bassetlaw 010C,Investigation complete; no suspect identified
d540f600f0421be9a0163924dd8b089bbb5a7d2d17df5c978cf78974983042eb,2013-06,Nottinghamshire Police,Nottinghamshire Police,-1.196843,53.168085,On or near SHELLEY AVENUE,E01028281,Mansfield 004D,Suspect charged
33415e8516c55588f556ba89a1ca6ea86d5cdcd39c138de96c3c6c293539d055,2013-06,Nottinghamshire Police,Nottinghamshire Police,-1.177846,53.153177,On or near BARRINGER ROAD,E01028242,Mansfield 005A,Suspect charged
8dcfd03fb48c848ddda8f3d7383f5013b365e40993d07e02f3b6b2d6f7845860,2013-06,Nottinghamshire Police,Nottinghamshire Police,-1.227122,53.137129,On or near PENTLAND COURT,E01028244,Mansfield 010C,Suspect charged
99a489129c69d6cd73e9499e5cdbd03feda26c9796a46c8c9fd03235e2a20235,2013-06,Nottinghamshire Police,Nottinghamshire Police,-1.158023,53.150594,On or near EIGHTH AVENUE,E01028239,Mansfield 007C,Investigation complete; no suspect identified
ead44677f27cbcf278b275621edc09264a6abc1c22c9c13fe7af54bea42d3d30,2013-06,Nottinghamshire Police,Nottinghamshire Police,-1.162771,53.214747,On or near POPLAR GROVE,E01028258,Mansfield 001C,Investigation complete; no suspect identified
8cbbb04d758e56dbbfbd9b918a3659cf15230c8355a94411401864bbf3cea1b0,2013-06,Nottinghamshire Police,Nottinghamshire Police,-1.189540,53.168234,On or near PORTLAND COURT MEWS,E01028272,Mansfield 005C,Investigation complete; no suspect identified
fed2f0b234baffe1ac0d2f0ac300fc1962fe0ed65b18e6d4ba3a840c7a6bcb67,2013-06,Nottinghamshire Police,Nottinghamshire Police,-1.153322,53.201781,On or near VICKERS STREET,E01028226,Mansfield 002C,Suspect charged
562c21cfcc8682f35f922489a5e66949061cf81e7c681fa7642776acdec0de8a,2013-06,Nottinghamshire Police,Nottinghamshire Police,-1.196553,53.135533,On or near Shopping Area,E01028220,Mansfield 013B,Suspect charged
ce1fa92a6f777887bfdbf1110e0292b1e143e600bd724ccb44d84957ae74899f,2013-06,Nottinghamshire Police,Nottinghamshire Police,-1.192630,53.143867,On or near BRIDGE STREET,E01028274,Mansfield 009C,Suspect charged
35f3517eaf9369784d5401142af47d44ba350f555f31be7c3e27f687fb2b45cb,2013-06,Nottinghamshire Police,Nottinghamshire Police,-1.194422,53.146387,On or near LEEMING STREET,E01028274,Mansfield 009C,Suspect charged
e2c6004a19545af0e19c2fa61d7688fa095d9a0701fee3c2f2486c84b34e5bba,2013-06,Nottinghamshire Police,Nottinghamshire Police,-1.196457,53.139075,On or near NOTTINGHAM ROAD,E01028268,Mansfield 008D,Suspect charged
569dfa7868c8cd9d3940c16bdabd70d9dd4ba11c0b7b1075624018dc76d5fb3b,2013-06,Nottinghamshire Police,Nottinghamshire Police,-1.208402,53.134966,On or near QUARRY LANE,E01028270,Mansfield 013F,Investigation complete; no suspect identified
1259d040e26dfd0e0461a4b37ca9522fcb5a4a3d3ab86470d4c0457239274460,2013-06,Nottinghamshire Police,Nottinghamshire Police,-1.200445,53.133627,On or near FULLER CLOSE,E01028270,Mansfield 013F,Investigation complete; no suspect identified
428d8bbe51ed855e7643c8db378902ec691d6ae9120f22ba6b3a6b769ef22f13,2013-06,Nottinghamshire Police,Nottinghamshire Police,-1.151625,53.139105,On or near BRETBY COURT,E01028263,Mansfield 012D,Investigation complete; no suspect identified
adfb88c42c709beace2d08dd961c5cbdb7aa1760a13883113fe12a444d03fbf0,2013-06,Nottinghamshire Police,Nottinghamshire Police,-1.190995,53.149762,On or near OAK AVENUE,E01028274,Mansfield 009C,Investigation complete; no suspect identified
ea4a39f7f7c8bd2377ccf342208d79e1ce7affd1af6ce7bc85fb9ba7ef54f24b,2013-06,Nottinghamshire Police,Nottinghamshire Police,-1.203618,53.037103,On or near HANSON CRESCENT,E01027928,Ashfield 014B,Suspect charged
14af9d40f3fd1605155b8607370f9cf7fa775fca8d6af22535c3b5097655bf2e,2013-06,Nottinghamshire Police,Nottinghamshire Police,-1.203618,53.037103,On or near HANSON CRESCENT,E01027928,Ashfield 014B,Suspect charged
950221cc29eb0aa4234aa0fe53ad06ef154c7e173237c06d75d9a58380582b6b,2013-06,Nottinghamshire Police,Nottinghamshire Police,-1.205370,53.035119,On or near Hospital,E01027927,Ashfield 014A,Investigation complete; no suspect identified
6fd9994403e4a17e483f91fb9499c4939c228bf1de4db1248b97732216bd2586,2013-06,Nottinghamshire Police,Nottinghamshire Police,-1.205497,53.037925,On or near Parking Area,E01027928,Ashfield 014B,Suspect charged
e06d01bb79ba13698b86557b5e2d261defbd16e83f2aef513f5c2afd18ee444d,2013-06,Nottinghamshire Police,Nottinghamshire Police,-1.195665,53.031728,On or near WHYBURN STREET,E01027931,Ashfield 013B,Suspect charged
89e0ec0222ce19986ee33d1085c4db3726667c80f7c83fb8fd80696bd1db9b06,2013-06,Nottinghamshire Police,Nottinghamshire Police,-1.195665,53.031728,On or near WHYBURN STREET,E01027931,Ashfield 013B,Suspect charged
d1c223cd94bfc42a289f4e55e173bda660b13d175ceccbd66b747b8088a8506e,2013-06,Nottinghamshire Police,Nottinghamshire Police,-1.200608,53.025685,On or near THORN GROVE,E01027930,Ashfield 016B,Investigation complete; no suspect identified
24a0198d345e6c2b30d074553ce29a689af1726f9b3c20bc55e20d7e36a2190b,2013-06,Nottinghamshire Police,Nottinghamshire Police,-1.219941,53.037553,On or near WOOD LANE,E01027943,Ashfield 015D,Investigation complete; no suspect identified
410d19f46fd76e7b7384fe5be0dce352c11e4bf79600e03253138f6a76969938,2013-06,Nottinghamshire Police,Nottinghamshire Police,-1.276100,53.141122,On or near ALBERT STREET,E01027983,Ashfield 001D,Investigation complete; no suspect identified
4fdf1521e86e588d1e4e79310341edd7b9715b2e8e00f3cdf452fa3c5f0c25be,2013-06,Nottinghamshire Police,Nottinghamshire Police,-1.263820,53.124867,On or near MARKET STREET,E01027968,Ashfield 005C,Investigation complete; no suspect identified
201229fd34a5e20fe1855ffb386070edce1c6234f7cca5843e4bdfb0b67ff20a,2013-06,Nottinghamshire Police,Nottinghamshire Police,-1.271281,53.132634,On or near SOUTHWOOD AVENUE,E01027966,Ashfield 003A,Suspect charged
1f9909e56eb7e9abdecc6e7f75a28515a5e6e0af686afd63113d2a3121fe368b,2013-06,Nottinghamshire Police,Nottinghamshire Police,-1.283124,53.117919,On or near BOARHILL GROVE,E01027991,Ashfield 006E,Investigation complete; no suspect identified
3e72d001b7470495862c7d5c0341918ab4e21863df698f4228062d4597bbed61,2013-06,Nottinghamshire Police,Nottinghamshire Police,-1.274938,53.126706,On or near CATON CLOSE,E01027989,Ashfield 006D,Investigation complete; no suspect identified
5ec5e91fea6080248d5b199c7f3c3768345d7438909f7556e8a34ccaa90a21a8,2013-06,Nottinghamshire Police,Nottinghamshire Police,-1.254397,53.128844,On or near Parking Area,E01027978,Ashfield 004D,Investigation complete; no suspect identified
27a438eaf1b1ba98fb2ae0515091801d621efd4559f81a2a71c7ff6bbc468475,2013-06,Nottinghamshire Police,Nottinghamshire Police,-1.255509,53.130226,On or near Parking Area,E01027967,Ashfield 004A,Investigation complete; no suspect identified
2bfd5c153459c3628150006d7a0a8c12b3cdd36a1a83ff2c2f9819b2d9daa24f,2013-06,Nottinghamshire Police,Nottinghamshire Police,-1.265108,53.134349,On or near STONEYFORD ROAD,E01027964,Ashfield 005A,Investigation complete; no suspect identified
2e79555e14650ddd796fea5084c9892a8e348d07862eb6e1f3adb8bcfb6ff406,2013-06,Nottinghamshire Police,Nottinghamshire Police,-1.143172,52.897068,On or near SALCOMBE CRESCENT,E01028406,Rushcliffe 011C,Investigation complete; no suspect identified
70a067e2f121dfbf3207b97d97caf1e734473758128d5bcf13e1a74fd3141727,2013-06,Nottinghamshire Police,Nottinghamshire Police,-1.139933,52.923303,On or near Supermarket,E01028392,Rushcliffe 007E,Local resolution
20786c2884e5fd71fc002f08c766d84d0420aa88af292e3bf1fd762deee15186,2013-06,Nottinghamshire Police,Nottinghamshire Police,-1.125661,52.937690,On or near HARDWICK GROVE,E01028384,Rushcliffe 004C,Investigation complete; no suspect identified
ebc881be0deca0a95970fbc9c1711d62013d9b06af6c70b3112b2bdb0a7f7181,2013-06,Nottinghamshire Police,Nottinghamshire Police,-1.156537,52.896255,On or near CAMELOT CRESCENT,E01028407,Rushcliffe 011D,Investigation complete; no suspect identified
85177d06ed1c84a053e3489be3e4ce3ac59bc1b6fc505758bc82a9d49c2f2759,2013-06,Nottinghamshire Police,Nottinghamshire Police,-1.157425,52.895704,On or near SHELTON GARDENS,E01028407,Rushcliffe 011D,Investigation complete; no suspect identified
df34efa599787fc1b0c314864e2ad551d45193a05ecb8856fd2a55d2061a0d4a,2013-06,Nottinghamshire Police,Nottinghamshire Police,-1.125791,52.931947,On or near Shopping Area,E01028416,Rushcliffe 005D,Investigation complete; no suspect identified
55e6bc4a98f17997b283e398ac60822b3196eb91339ee152cb8b3bd394c6e4a2,2013-06,Nottinghamshire Police,Nottinghamshire Police,-1.132626,52.928697,On or near MELTON ROAD,E01028399,Rushcliffe 005C,Investigation complete; no suspect identified
7836f8b6b63aaec46bf6442561ff9fa80a8df9106a6224573389cd81ee3bd7fb,2013-06,Nottinghamshire Police,Nottinghamshire Police,-1.120769,52.935317,On or near RUTLAND ROAD,E01028385,Rushcliffe 004D,Investigation complete; no suspect identified
22959065fdd8cc0fbdabc2010e9f825b1aeb319ba95b00098aa4433bd6ba6e25,2013-06,Nottinghamshire Police,Nottinghamshire Police,-1.106462,52.937880,On or near REGATTA WAY,E01028375,Rushcliffe 006B,Investigation complete; no suspect identified
5d9e4ddbbc5178073d990a44c95e42173c6e39671db4f73503982edaacc594fb,2013-06,Nottinghamshire Police,Nottinghamshire Police,-1.110792,52.913937,On or near WOOD VIEW,E01028372,Rushcliffe 008A,Investigation complete; no suspect identified
f97273aedd79871d87e2039a23b7255f82faf98df8ca3eff49c1c92610af8ce7,2013-06,Nottinghamshire Police,Nottinghamshire Police,-1.125791,52.931947,On or near Shopping Area,E01028416,Rushcliffe 005D,Investigation complete; no suspect identified
f00825976ebc2b9dadc227501d186834cdc564da25352f7775373d9eaec942ed,2013-06,Nottinghamshire Police,Nottinghamshire Police,-1.129023,52.933247,On or near Supermarket,E01028416,Rushcliffe 005D,Investigation complete; no suspect identified
90fdf8014661e6bb3477cceb1d2e974829d7efbc9ad0c3d398b7a506e362da75,2013-06,Nottinghamshire Police,Nottinghamshire Police,-1.104070,52.920449,On or near BLENCATHRA CLOSE,E01028377,Rushcliffe 006D,Investigation complete; no suspect identified
d3277b099feb52270cd9bb28f4bd6531ff44211b9ac24083b1b6ba4c50f87e6c,2013-06,Nottinghamshire Police,Nottinghamshire Police,-1.143654,52.917109,On or near HALBERTON DRIVE,E01028391,Rushcliffe 007D,Investigation complete; no suspect identified
ee752a04640aa4326c3ff49a50e3a685286b0694e4a1ab963a8cfb4e37e0afc3,2013-06,Nottinghamshire Police,Nottinghamshire Police,-1.129553,52.937997,On or near RADCLIFFE MOUNT,E01028416,Rushcliffe 005D,Investigation complete; no suspect identified
8527d1ba22779d958e2be45d601221c197ac70e171af11ef93401a579ab8aca2,2013-06,Nottinghamshire Police,Nottinghamshire Police,-1.038088,52.910494,On or near Parking Area,E01028370,Rushcliffe 009E,Investigation complete; no suspect identified
4fa2feff183272522fa1730de9b4cba590938acc7a28c22f43e49369b7374caf,2013-06,Nottinghamshire Police,Nottinghamshire Police,-1.134313,52.858968,On or near Petrol Station,E01028409,Rushcliffe 015D,Investigation complete; no suspect identified
367b46ca4641853e0d922647806f0bc5e00e41a7a39543ece41ccaf1e4b4841e,2013-06,Nottinghamshire Police,Nottinghamshire Police,-0.962767,52.953568,On or near EDINBURGH DRIVE,E01028362,Rushcliffe 002F,Investigation complete; no suspect identified
2cf26be782eb1b92162c13e8387d0dd6f6a7397f620cada3965af8d024f95d3d,2013-06,Nottinghamshire Police,Nottinghamshire Police,-1.090476,52.875676,On or near DALE ROAD,E01028382,Rushcliffe 013C,Suspect charged
3a0f83f2951ca42d897a19f23375b7eb49c3018773b2575e1d1d49ec17644ef7,2013-06,Nottinghamshire Police,Nottinghamshire Police,-1.294785,53.016041,On or near EDWARD ROAD,E01028114,Broxtowe 001E,Investigation complete; no suspect identified
e6ca3d10d01724eb5364bcd1a2e868981e77a47edea8b77d402c3b9349eeb951,2013-06,Nottinghamshire Police,Nottinghamshire Police,-1.224556,52.990560,On or near Pedestrian Subway,E01028120,Broxtowe 016D,Investigation complete; no suspect identified
4dea0d7aead4723c588cf638fa70e41ed76da9d99f707b8a3077cfa2325bf5ba,2013-06,Nottinghamshire Police,Nottinghamshire Police,-1.094646,52.985003,On or near FEATHERSTONE CLOSE,E01028203,Gedling 011D,Investigation complete; no suspect identified
0cb1db3aac53a60cf6c83f24e007b1f7f99373b286868fe97aa5e601e9bf9abf,2013-06,Nottinghamshire Police,Nottinghamshire Police,-1.115485,52.978472,On or near KENRICK ROAD,E01028196,Gedling 010D,Investigation complete; no suspect identified
13852ad6106ef7e35b4763a955458a0aa4b37f7a5f37f8d3f4e35a89ff3f1b3d,2013-06,Nottinghamshire Police,Nottinghamshire Police,-1.232071,52.940645,On or near SANDGATE,E01028076,Broxtowe 009A,Investigation complete; no suspect identified
6151d296207a065725deb2f76e9e00ce935597c12eb2a8c0f0200e6402805611,2013-06,Nottinghamshire Police,Nottinghamshire Police,-1.247395,52.920211,On or near GHOST HOUSE LANE,E01028101,Broxtowe 013E,Investigation complete; no suspect identified
f4e57fc5885ab092c7142c4d50e8cd71eb6d66c87f28aceed960e5acd61af5ad,2013-06,Nottinghamshire Police,Nottinghamshire Police,-1.214797,52.928981,On or near Supermarket,E01028085,Broxtowe 011D,Investigation complete; no suspect identified
f99bd4e3b51cfaedd4c1ceb467c8d225755a36625722cbc3581ed87d1e426ead,2013-06,Nottinghamshire Police,Nottinghamshire Police,-1.216375,52.936372,On or near BOUNDARY ROAD,E01028077,Broxtowe 009B,Investigation complete; no suspect identified
3cb36ecc961fa98c26fb870cb14f0ffbc0e379a1de5d325097835314d32ffc2c,2013-06,Nottinghamshire Police,Nottinghamshire Police,-1.205011,52.932116,On or near ALBERT ROAD,E01028074,Broxtowe 011B,Investigation complete; no suspect identified
861768d1e1c2fd128a4393a75cac8e7be38e8b4d6d8e59bcb338ba7e97eb8f7d,2013-06,Nottinghamshire Police,Nottinghamshire Police,-1.121713,52.980550,On or near ROBINSON ROAD,E01028194,Gedling 010B,Suspect charged
3a3eb9e57eab5d423aeb6bf3775a59ec21fb25d5cdec3b80cf723a8595c7e1df,2013-06,Nottinghamshire Police,Nottinghamshire Police,-1.159946,53.013566,On or near SHACKLOCK CLOSE,E01028146,Gedling 016B,Investigation complete; no suspect identified
91d5ab3a5cccd4c3049e937aaa2170883f8b68fc477d3a9dabdc6158ff6bc1c7,2013-06,Nottinghamshire Police,Nottinghamshire Police,-1.131021,53.017727,On or near MANSFIELD ROAD ARCH HILL,E01028205,Gedling 004B,Investigation complete; no suspect identified
86450b090984632d864334323e4d31bd05c8181bcf95623ead853f53c244cb8d,2013-06,Nottinghamshire Police,Nottinghamshire Police,-1.131021,53.017727,On or near MANSFIELD ROAD ARCH HILL,E01028205,Gedling 004B,Investigation complete; no suspect identified
22a0452663a7506cc41e58bce36036e251409f3b0bce0603269f8cb0801bee1b,2013-06,Nottinghamshire Police,Nottinghamshire Police,-1.131021,53.017727,On or near MANSFIELD ROAD ARCH HILL,E01028205,Gedling 004B,Investigation complete; no suspect identified
fd982b89fdd2416864c139dab0684ec1b134919cf8cb0a8792cac980ffc2599a,2013-06,Nottinghamshire Police,Nottinghamshire Police,-1.131021,53.017727,On or near MANSFIELD ROAD ARCH HILL,E01028205,Gedling 004B,Investigation complete; no suspect identified
a908708288275ba7c3ee0953eab07d93641192b898b88ecf63318141ab844d1e,2013-06,Nottinghamshire Police,Nottinghamshire Police,-1.122922,52.983363,On or near PLAINS ROAD,E01013935,Nottingham 010A,Investigation complete; no suspect identified
56643fa8872d190165fa8d7d8147c2392f738ea6f05446caecf4c946c75cc619,2013-06,Nottinghamshire Police,Nottinghamshire Police,-1.165157,53.010815,On or near LINDISFARNE GARDENS,E01028147,Gedling 016C,Investigation complete; no suspect identified
082f08f15e30da36b5b9acc0e542428bfd56544ad908ec3a697b080f155f51d5,2013-06,Nottinghamshire Police,Nottinghamshire Police,-1.131595,52.989828,On or near LITTON CLOSE,E01028215,Gedling 009D,Investigation complete; no suspect identified
9641905bfea4195b6cafb783d42ab9af70da57a0360174f70f89ae1ee46abba2,2013-06,Nottinghamshire Police,Nottinghamshire Police,-1.174553,53.022972,On or near ST ALBANS ROAD,E01028142,Gedling 016A,Investigation complete; no suspect identified
f410c8a007bbea4bb4b1261d77dd85f61fb15b11b6e9baac842b0481752ee3f6,2013-06,Nottinghamshire Police,Nottinghamshire Police,-1.139328,53.003296,On or near OXCLOSE LANE,E01028166,Gedling 006C,Investigation complete; no suspect identified
b6f8c6604fc7e6b0843d3f03995f32cffde8cbff674925780516267358f07fe5,2013-06,Nottinghamshire Police,Nottinghamshire Police,-1.058500,53.034057,On or near BONNER LANE,E01028213,Gedling 002F,Investigation complete; no suspect identified
980d59ddcc6470d54e03f54fd6f177b94cf0b5ba9309fbed20a7c0338a1e7501,2013-06,Nottinghamshire Police,Nottinghamshire Police,-1.133840,52.988594,On or near GRANGE ROAD,E01028217,Gedling 009F,Investigation complete; no suspect identified
46ca09ba84c9812c2379681b326a778e8efba3402196c123f0b4f8e0686e9e01,2013-06,Nottinghamshire Police,Nottinghamshire Police,-1.143257,53.005779,On or near BESTWOOD LODGE DRIVE,E01028166,Gedling 006C,Investigation complete; no suspect identified
5e27ee6373348273408bcf05cde50cbefa4b94b9db3bb35d36a59128f6729ce9,2013-06,Nottinghamshire Police,Nottinghamshire Police,-1.140759,52.945441,On or near EUGENE STREET,E01033402,Nottingham 039C,Investigation complete; no suspect identified
aecf647d031d5032ee5273538e865ca32f1176fe60fdb43d3fafe097b1b0e50f,2013-06,Nottinghamshire Police,Nottinghamshire Police,-1.143415,52.969175,On or near FOWLER STREET,E01013943,Nottingham 015D,Investigation complete; no suspect identified
42990f7f6bdd2f4b116e988d0336561841c6cfe1e004d6937461bfe6f34858f3,2013-06,Nottinghamshire Police,Nottinghamshire Police,-1.115323,52.958703,On or near SNEINTON DALE,E01013917,Nottingham 024E,Suspect charged
1b68392d67469da1504093bbd45da4f9672f9974a37a72c574fd10c8f847fe25,2013-06,Nottinghamshire Police,Nottinghamshire Police,-1.143027,52.939875,On or near MUSKHAM STREET,E01013873,Nottingham 040D,Investigation complete; no suspect identified
bb472a8b63ab6ae49820f2c4e41b39a6d9e0ec7407d6e7be7c04790d4bd51b4e,2013-06,Nottinghamshire Police,Nottinghamshire Police,-1.129987,52.973464,On or near RANSOM DRIVE,E01013936,Nottingham 016A,Investigation complete; no suspect identified
df25655da7aaf0639225de09096a5424e682c1ca2209b3d9f4d45cc9a9eb93a8,2013-06,Nottinghamshire Police,Nottinghamshire Police,-1.189971,53.014870,On or near WOODLEY SQUARE,E01013879,Nottingham 002A,Suspect charged
9c4cddf1591b0911100fd0c05af1a6caced543fa48d319e4d37a2e65aaa5fde5,2013-06,Nottinghamshire Police,Nottinghamshire Police,-1.179700,52.988209,On or near CHELTENHAM STREET,E01013836,Nottingham 008E,Investigation complete; no suspect identified
d4de3c4dc1d79e4b1bd72835650a3ffe0ddb74f68601687e6c12a694fff61925,2013-06,Nottinghamshire Police,Nottinghamshire Police,-1.223549,52.965293,On or near MONKTON DRIVE,E01013861,Nottingham 020B,Investigation complete; no suspect identified
02154060a86d15d5e53f16800ce9d6acad9f25809705b3e7d3e81dba59f0060f,2013-06,Nottinghamshire Police,Nottinghamshire Police,-1.196716,53.001648,On or near Supermarket,E01013885,Nottingham 002E,Investigation complete; no suspect identified
340251602841d4965cea9f0dfc9f46bf5fed1c0c82d6fee87fc70ea9e0f3d999,2013-06,Nottinghamshire Police,Nottinghamshire Police,-1.198834,52.995882,On or near BROMLEY CLOSE,E01013876,Nottingham 005B,Suspect charged
f72bae3f02afc8af3bfbfaa1efdb9a54e9f41c83c3eaf756d5d02bcd72f54ef7,2013-06,Nottinghamshire Police,Nottinghamshire Police,-1.164290,53.007825,On or near CRAMPTON COURT,E01013851,Nottingham 038C,Investigation complete; no suspect identified
e1b6fafe4120da431cebb035d8b7de8f5f72c7edb44b64b880041012527fce06,2013-06,Nottinghamshire Police,Nottinghamshire Police,-1.241303,52.958126,On or near STAGSDEN CRESCENT,E01013862,Nottingham 025C,Investigation complete; no suspect identified
4651c08ca15ad939f3418da1846dba85a1b6ebd0f01ab06d9c6b1f0469f7ea20,2013-06,Nottinghamshire Police,Nottinghamshire Police,-1.191330,52.995624,On or near HIGHBURY ROAD,E01013888,Nottingham 004B,Investigation complete; no suspect identified
fa4803d46bf8849aa682bec4423d21ee4f92c519377e3250844d2a4eeb7efd1e,2013-06,Nottinghamshire Police,Nottinghamshire Police,-1.163727,52.923545,On or near A52,E01013902,Nottingham 034D,Offender given a caution
88ecc1d621604cda27caf8b704424f47a1bec0b3c8b2342431824890484fb3db,2013-06,Nottinghamshire Police,Nottinghamshire Police,-1.149504,52.957865,On or near PEACHEY STREET,E01033399,Nottingham 023E,Investigation complete; no suspect identified
292a47ad03bc450dfe2fd70edab781b9c646b25fcc41fc30fe6dfd1ac470ebc3,2013-06,Nottinghamshire Police,Nottinghamshire Police,-1.144430,52.953199,On or near WARSER GATE,E01033406,Nottingham 039E,Suspect charged
f8891720c2b6b44240b21666127df999770e481287cd065ed9d27b22f8e07e85,2013-06,Nottinghamshire Police,Nottinghamshire Police,-1.170349,52.963073,On or near A'COURT STREET,E01013812,Nottingham 018C,Suspect charged
1253f6d1f7057138c1d99b911fca7974868f167ee3058213a68a86c963e0d167,2013-06,Nottinghamshire Police,Nottinghamshire Police,-1.147645,52.950201,On or near Shopping Area,E01033400,Nottingham 039B,Investigation complete; no suspect identified
e097820211b12d611a796a60aefd5cf6d00b9772b65737ef715e2fc019b48b17,2013-06,Nottinghamshire Police,Nottinghamshire Police,-1.158471,52.949119,On or near KENILWORTH ROAD,E01032522,Nottingham 028F,Investigation complete; no suspect identified
23c4c3d95c972a333789bd3652943e1e8c5c85f5cb3065b307d16426c97c2735,2013-06,Nottinghamshire Police,Nottinghamshire Police,-1.152891,52.952864,On or near Nightclub,E01033400,Nottingham 039B,Investigation complete; no suspect identified
da22f6b3c7f4c992a16d979faecb82ff9bb292e1c1e129921fa8e1cf7acb0315,2013-06,Nottinghamshire Police,Nottinghamshire Police,-1.166241,52.976942,On or near HAYDN ROAD,E01013840,Nottingham 012D,Investigation complete; no suspect identified
3bda40a0e370425011100ca73a73fec080890429739a59251e8f19c28edf89ed,2013-06,Nottinghamshire Police,Nottinghamshire Police,-1.150199,52.955820,On or near Theatre/Concert Hall,E01033409,Nottingham 023H,Investigation complete; no suspect identified
ae2c85b4d253542a77971a98972fd7f1020886fba694204f294081967689df14,2013-06,Nottinghamshire Police,Nottinghamshire Police,-1.143842,52.953608,On or near CARLTON STREET,E01033406,Nottingham 039E,Investigation complete; no suspect identified
249f5d240dfd3fec504cb2dc5de31e7cf8821ae7ed2f7ae33391359f078f2d27,2013-06,Nottinghamshire Police,Nottinghamshire Police,-1.150007,52.977753,On or near BINGHAM ROAD,E01013971,Nottingham 010E,Investigation complete; no suspect identified
820d33f6f73e9b41eb35ac94f3a6632f43c4a8ad73c221a1e3255389fbedc1f7,2013-06,Nottinghamshire Police,Nottinghamshire Police,-1.148837,52.956215,On or near Supermarket,E01033409,Nottingham 023H,Investigation complete; no suspect identified
deaadd9868b136136ed65229413751f12cba1af75853bc55f54cd1ca7557d7d7,2013-06,Nottinghamshire Police,Nottinghamshire Police,-1.155052,52.956547,On or near Parking Area,E01013816,Nottingham 022D,Investigation complete; no suspect identified
2ea8c3c65b0d14ce0ea543bd57ed1bfc0afbe441b500197a5fd269638652c67f,2013-06,Nottinghamshire Police,Nottinghamshire Police,-1.175237,52.949542,On or near HENRY ROAD,E01013924,Nottingham 031C,Investigation complete; no suspect identified
8f7ce5b100877acfc462f4643e1135241d165c01f5fd23b88d9dedb3f211a4e6,2013-06,Nottinghamshire Police,Nottinghamshire Police,-1.142053,52.954485,On or near CRANBROOK STREET,E01033407,Nottingham 039F,Investigation complete; no suspect identified
9f4d6448ecfdfeaffa782c156e6e602348fced7dff1ff7555ed720dcfd92bdec,2013-06,Nottinghamshire Police,Nottinghamshire Police,-1.167300,52.973758,On or near HIGH CHURCH STREET,E01013841,Nottingham 012E,Investigation complete; no suspect identified
9123cdfd4a9faa6292d727e62b51a555b879159e58b69bd1d0cea0be7af10040,2013-06,Nottinghamshire Police,Nottinghamshire Police,-1.171326,52.955574,On or near Supermarket,E01033404,Nottingham 028G,Investigation complete; no suspect identified
78ad7633c9af2fa4c54225bb6dadd45959d322019449fe32ac0c730bef2d3e22,2013-06,Nottinghamshire Police,Nottinghamshire Police,-1.177027,52.954822,On or near STANSFIELD STREET,E01033396,Nottingham 026H,Investigation complete; no suspect identified
ee2868bf08f8b6edae04d741f94509a941fc7aa2639d7a910c105f6f4caade0f,2013-06,Nottinghamshire Police,Nottinghamshire Police,-1.143330,52.955393,On or near Nightclub,E01033405,Nottingham 023G,Investigation complete; no suspect identified
b827c6ff281f71f40ee6f74015eaa6853bb0a01f18cf0556223e2af587be7ec5,2013-06,Nottinghamshire Police,Nottinghamshire Police,-1.182942,52.962405,On or near WYE GARDENS,E01013944,Nottingham 026A,Investigation complete; no suspect identified
ccfc15eb5e1f72f490e4933624ff02e4ef2c0e6fe5830fd0d935a1b7fae90310,2013-06,Nottinghamshire Police,Nottinghamshire Police,-1.140759,52.945441,On or near EUGENE STREET,E01033402,Nottingham 039C,Investigation complete; no suspect identified
22f27f155328c924aed88673a19766fe28f63c6e3a5f6ec6b4f91d1a202eb1e2,2013-06,Nottinghamshire Police,Nottinghamshire Police,-1.145710,52.955473,On or near CLARE STREET,E01033409,Nottingham 023H,Investigation complete; no suspect identified
35c0cf2dbc6fa51a0dd2f8d40172f631f0f4963d4a933af65c9000c180c3b06f,2013-06,Nottinghamshire Police,Nottinghamshire Police,-1.145743,52.988546,On or near MARKHAM CRESCENT,E01013965,Nottingham 007C,Investigation complete; no suspect identified
b5a86ddc4920a7514410b74bd8c2187589ced148596e2051931b075161586df3,2013-06,Nottinghamshire Police,Nottinghamshire Police,-1.175687,52.950129,On or near GLOUCESTER AVENUE,E01013924,Nottingham 031C,Investigation complete; no suspect identified
39ed59183dc404cfaa9852937ee501c29858754eb559b804e3f2fca485c7eb58,2013-06,Nottinghamshire Police,Nottinghamshire Police,-1.164316,52.955551,On or near HERMON STREET,E01033404,Nottingham 028G,Investigation complete; no suspect identified
0197c5004128bd3534f436c3e02153c7dd6262712aa24221b025fbd902791b60,2013-06,Nottinghamshire Police,Nottinghamshire Police,-1.234931,52.950579,On or near MILLBECK AVENUE,E01013983,Nottingham 030C,Investigation complete; no suspect identified
d74bb36c3b93aa41d3bd14804eb692542a60a8d2b891aac639c4cd4e1d68fd84,2013-06,Nottinghamshire Police,Nottinghamshire Police,-1.196305,52.950711,On or near HAWTON CRESCENT,E01013975,Nottingham 032C,Investigation complete; no suspect identified
7c4a9a1eff60d0c7176918ef4ebb0b4335a90d524e9e46a10f5714b8f02a1c09,2013-06,Nottinghamshire Police,Nottinghamshire Police,-1.166138,52.973049,On or near POYSER CLOSE,E01013841,Nottingham 012E,Investigation complete; no suspect identified
604cbc7470dbf354a0b73493d9918436acc1d251807eebdf3dd811ee0648626d,2013-06,Nottinghamshire Police,Nottinghamshire Police,-1.152635,52.975102,On or near CHURCH DRIVE,E01013972,Nottingham 015E,Investigation complete; no suspect identified
158885692f238bf73a32e7c1c2ee622a39e249e615e61929acc4a87231120d52,2013-06,Nottinghamshire Police,Nottinghamshire Police,-1.177720,52.961470,On or near Parking Area,E01013944,Nottingham 026A,Investigation complete; no suspect identified
c6384a68fb9a1edeb9e8b97ccfb360bc917b1781f811d45fc47939ec1788d59b,2013-06,Nottinghamshire Police,Nottinghamshire Police,-1.180373,52.942377,On or near ABBEY STREET,E01013926,Nottingham 031E,Investigation complete; no suspect identified
b35dc7c806fc456778756673d6bfc38958ce185287f66ef78ce95e6bb7d170fc,2013-06,Nottinghamshire Police,Nottinghamshire Police,-1.166204,52.962639,On or near HARDY STREET,E01013814,Nottingham 022B,Investigation complete; no suspect identified
75054160eae6cb82facc5f8b80e6d87dd55bbcc3e63f3c31a814a393dc3d677f,2013-06,Nottinghamshire Police,Nottinghamshire Police,-1.153294,52.980266,On or near HADDON STREET,E01013970,Nottingham 010D,Investigation complete; no suspect identified
2239f20e4866322da6518b1408a15ee9b200349e967b97e9b8bb7711c7633eae,2013-06,Nottinghamshire Police,Nottinghamshire Police,-1.150606,52.954816,On or near Theatre/Concert Hall,E01033406,Nottingham 039E,Investigation complete; no suspect identified
b0afdd24bf6bca052bb1a600a613ce25dc669c50bdc02ecc8fa69378b51f7b73,2013-06,Nottinghamshire Police,Nottinghamshire Police,-1.145710,52.955473,On or near CLARE STREET,E01033409,Nottingham 023H,Investigation complete; no suspect identified
39fa6a25588bcb08e6bd7b9bfbacbeec02609a9122d05ec2d2ff750f8b633aa6,2013-06,Nottinghamshire Police,Nottinghamshire Police,-1.151148,52.952195,On or near Nightclub,E01033400,Nottingham 039B,Investigation complete; no suspect identified
cbf2ec291b3e7e8d335dcc119950b7ac4e2de5a63235315d90e99b1006ffade9,2013-06,Nottinghamshire Police,Nottinghamshire Police,-1.182694,52.959769,On or near NEW ROAD,E01013944,Nottingham 026A,Investigation complete; no suspect identified
6c4e7aedaecd4d07143400ba98cf988cd32d357760639b4004dd9318ee7f7813,2013-06,Nottinghamshire Police,Nottinghamshire Police,-1.176465,52.957776,On or near DENMAN STREET CENTRAL,E01013947,Nottingham 026D,Investigation complete; no suspect identified
5d6f634380f73c8d14276806b1572e7dcbdc6e56f601f5aa6a17f1a16aafc713,2013-06,Nottinghamshire Police,Nottinghamshire Police,-1.145925,52.989886,On or near BONNINGTON CRESCENT,E01013965,Nottingham 007C,Investigation complete; no suspect identified
c7fd9f446021c08bc8b9bab1fc73c150bafde5b76fd948ea7cc723984444b7eb,2013-06,Nottinghamshire Police,Nottinghamshire Police,-1.167042,52.975590,On or near MONSALL STREET,E01013841,Nottingham 012E,Investigation complete; no suspect identified
7738d6c7e425aea5d7678680e159e81f4423e7e9ec6cc63cf0d318e6ae9005d7,2013-06,Nottinghamshire Police,Nottinghamshire Police,-1.149477,52.954655,On or near KING STREET,E01033406,Nottingham 039E,Investigation complete; no suspect identified
0afb72b149383706091ca3d427c902c1c8f2369311885025dfe262573f2364c1,2013-06,Nottinghamshire Police,Nottinghamshire Police,-1.149471,52.959527,On or near BLUECOAT STREET,E01013961,Nottingham 023D,Investigation complete; no suspect identified
43ed629de3281cf94064ca49ea40d0bf672412d7c155ea617109200df11f96ee,2013-06,Nottinghamshire Police,Nottinghamshire Police,-1.136955,52.949621,On or near CITY LINK,E01033402,Nottingham 039C,Investigation complete; no suspect identified
a2876f97f3e5ea1f177e0216845f182f2ffe4f4eb49c4523f94d035fdafe6655,2013-06,Nottinghamshire Police,Nottinghamshire Police,-1.150199,52.955820,On or near Theatre/Concert Hall,E01033409,Nottingham 023H,Investigation complete; no suspect identified
33169dc1e8952ea1b8cf140cd5ed4b16b06c8eb2a06602cc437f1a648d23190c,2013-06,Nottinghamshire Police,Nottinghamshire Police,-1.150199,52.955820,On or near Theatre/Concert Hall,E01033409,Nottingham 023H,Investigation complete; no suspect identified
411d0597c489a750d0812f4201c8559f3be7cc7c2b3788511fad0f6c2126e113,2013-06,Nottinghamshire Police,Nottinghamshire Police,-1.149477,52.954655,On or near KING STREET,E01033406,Nottingham 039E,Investigation complete; no suspect identified
b153936896b16cf2920ef479a1586cca527c3efec23e591b2b9e81936938d57f,2013-06,Nottinghamshire Police,Nottinghamshire Police,-1.182100,52.964449,On or near LYNMOUTH CRESCENT,E01013944,Nottingham 026A,Investigation complete; no suspect identified
6a085fb5ab42b521045339f2cc3bd578cd8ee8853407a7240ac08d942dceb5de,2013-06,Nottinghamshire Police,Nottinghamshire Police,-1.171706,52.966858,On or near KIRKSTEAD STREET,E01013811,Nottingham 018B,Investigation complete; no suspect identified
809adca8a3a2597e9a68371de1293210092f024177c3f196bd0abfc94bb1dc8f,2013-06,Nottinghamshire Police,Nottinghamshire Police,-1.173566,52.960668,On or near HARTLEY ROAD,E01013945,Nottingham 026B,Investigation complete; no suspect identified
3cd494a9bfed277ff8c3f6b4f3ba3d6387d0cfe4a4446172e35bf19c9e117684,2013-06,Nottinghamshire Police,Nottinghamshire Police,-1.173566,52.960668,On or near HARTLEY ROAD,E01013945,Nottingham 026B,Investigation complete; no suspect identified
6fccd4cf7ad80d49dc610181d3efcb981ca67161a959dda50f1003b47ca8f03c,2013-06,Nottinghamshire Police,Nottinghamshire Police,-1.173215,52.961933,On or near BECKENHAM ROAD,E01013945,Nottingham 026B,Investigation complete; no suspect identified
7d4b1bff2b3f09b0d90b930c48a0e84f79eb4760118fd1358cf4235af2adb8bb,2013-06,Nottinghamshire Police,Nottinghamshire Police,-1.173954,52.979387,On or near REIGATE ROAD,E01013839,Nottingham 012C,Investigation complete; no suspect identified
8319af39f930ac5b5809e3051c7d600219b5ec87f84895520b9b6709a45bee06,2013-06,Nottinghamshire Police,Nottinghamshire Police,-1.145334,52.951146,On or near WEEKDAY CROSS,E01033403,Nottingham 039D,Investigation complete; no suspect identified
f3535a1ba015a547a2383775a6f9a2ee8684058c742f189321fc4eff1e5dbb2b,2013-06,Nottinghamshire Police,Nottinghamshire Police,-1.150219,52.952512,On or near WHEELER GATE,E01033400,Nottingham 039B,Investigation complete; no suspect identified
f5627f900d1fcc6e294531b16e4508367b02bf7af0c29c7a63d24870a46f506b,2013-06,Nottinghamshire Police,Nottinghamshire Police,-1.154263,52.963454,On or near TUDOR GROVE,E01013815,Nottingham 022C,Investigation complete; no suspect identified
fbce37be78e5343f50c648374f9d000e5b788e3a722416604f6a1acb8056e3bb,2013-06,Nottinghamshire Police,Nottinghamshire Police,-1.181484,52.965514,On or near BOBBERS MILL BRIDGE,E01013930,Nottingham 019A,Investigation complete; no suspect identified
aee57f62c0d4f7e0a299afe63e5252c357f7322ccf2923f84434a3b64a4be37e,2013-06,Nottinghamshire Police,Nottinghamshire Police,-1.145120,52.982383,On or near Supermarket,E01013969,Nottingham 010C,Investigation complete; no suspect identified
21485336554fa6f4dc746ada94340e3d4e3f8693d3e7f10ac45a4d677fcf1da4,2013-06,Nottinghamshire Police,Nottinghamshire Police,-1.216859,52.938398,On or near Petrol Station,E01013976,Nottingham 032D,Investigation complete; no suspect identified
08c0067c71a046efe5465d493d6a73665e8d3fdc1e45110790faefe3f5650a87,2013-06,Nottinghamshire Police,Nottinghamshire Police,-1.182673,52.966421,On or near BOBBERS MILL BRIDGE,E01013944,Nottingham 026A,Investigation complete; no suspect identified
20e28b8feacc7fcd239252c1d7ddc5ca5ddb2e51d056a725a54c7fa4047337f3,2013-06,Nottinghamshire Police,Nottinghamshire Police,-1.154433,52.976094,On or near WALDECK ROAD,E01013972,Nottingham 015E,Investigation complete; no suspect identified
4cd74ee84a320652b89e2e3107ef62c2540d544bf10d27263781c108785c9f53,2013-06,Nottinghamshire Police,Nottinghamshire Police,-1.142980,52.953539,On or near Nightclub,E01033406,Nottingham 039E,Investigation complete; no suspect identified
b5a78dc1ca54068565c9a452cd991227038dd7a9255a2efab750348a54e80d7a,2013-06,Nottinghamshire Police,Nottinghamshire Police,-1.149761,52.956878,On or near NORTH CHURCH STREET,E01033409,Nottingham 023H,Investigation complete; no suspect identified
501f7eacf3f2179a951412f37c3f69394af4f0291fdc9626ea58e77fd96caaab,2013-06,Nottinghamshire Police,Nottinghamshire Police,-1.160815,52.972580,On or near MEYNELL GROVE,E01013844,Nottingham 017B,Investigation complete; no suspect identified
1d4c58082f822de2564115f17388732a29ba62b8e9b6dedcddc860fe2dfe9708,2013-06,Nottinghamshire Police,Nottinghamshire Police,-1.216859,52.938398,On or near Petrol Station,E01013976,Nottingham 032D,Investigation complete; no suspect identified
5786bd18a2ede02f00fc7d2eda53bec201f9ac8908ae3c681c9396a090a5d7df,2013-06,Nottinghamshire Police,Nottinghamshire Police,-1.143842,52.953608,On or near CARLTON STREET,E01033406,Nottingham 039E,Investigation complete; no suspect identified
29a4e434a9e362df461a3b6deb1cf8704cdeb15d8ebf31d314bd0882a3aad533,2013-06,Nottinghamshire Police,Nottinghamshire Police,-1.102456,53.310455,On or near PLANTATION HILL,E01028044,Bassetlaw 016F,Investigation complete; no suspect identified
aed242357b78d35770fdd2ae32bd0ddc2e45f78e9fb73c012e027625aa91156c,2013-06,Nottinghamshire Police,Nottinghamshire Police,-1.097538,53.299560,On or near FOREST WALK,E01028066,Bassetlaw 012C,Investigation complete; no suspect identified
6389e85d4055a9a530357abb5e8b32c5f722fc2543a991c4cc3276301a4566a5,2013-06,Nottinghamshire Police,Nottinghamshire Police,-1.123484,53.306018,On or near RYTON PLACE,E01028062,Bassetlaw 013C,Investigation complete; no suspect identified
7fd71afb4aa37ddc546e0559175362ffaab7fd553be75475c9aced24d6b0133f,2013-06,Nottinghamshire Police,Nottinghamshire Police,-1.114775,53.305514,On or near SHELLEY STREET,E01028068,Bassetlaw 012D,Investigation complete; no suspect identified
1e07a5b2cf66bd185058b3861c1951ffd63a84a2dd6c738a63c21ea6f01a20b9,2013-06,Nottinghamshire Police,Nottinghamshire Police,-1.120888,53.308912,On or near GEORGE STREET,E01028057,Bassetlaw 012A,Investigation complete; no suspect identified
1f6464d68bf13310f614437719761cb9dffe835d70c83aa24911d1582a3b23f8,2013-06,Nottinghamshire Police,Nottinghamshire Police,-1.127668,53.311299,On or near GRAFTON STREET,E01028055,Bassetlaw 009A,Investigation complete; no suspect identified
5aeeee89bc9a55ee924f22c3bbf9b442844189e697d98128912d9bef577d9e3f,2013-06,Nottinghamshire Police,Nottinghamshire Police,-1.122825,53.307407,On or near B6045,E01028057,Bassetlaw 012A,Investigation complete; no suspect identified
a58a6130fcdeb99409f2199aae3f0c53d3140868b6ad89d7b50b771fa6ca4312,2013-06,Nottinghamshire Police,Nottinghamshire Police,-1.109168,53.314641,On or near KILTON HILL,E01028042,Bassetlaw 016E,Suspect charged as part of another case
4dd6a06d57d13e88df4f28ffd63633d57d3feab280a3fa815007c6fc32c7ec6f,2013-06,Nottinghamshire Police,Nottinghamshire Police,-1.118873,53.314964,On or near HARSTOFT AVENUE,E01028054,Bassetlaw 016D,Investigation complete; no suspect identified
853f72a13f2ad538175394b73748ca0d0fd638ecd215f7f0973c1d18bfe241ce,2013-06,Nottinghamshire Police,Nottinghamshire Police,-1.142053,52.954485,On or near CRANBROOK STREET,E01033407,Nottingham 039F,Investigation complete; no suspect identified
3b446c3a036b76e4e7a9e7ecff856bc8baa2fce18aa3140538124830c858720b,2013-06,Nottinghamshire Police,Nottinghamshire Police,-1.152701,52.964899,On or near MANSFIELD ROAD,E01013941,Nottingham 015C,Investigation complete; no suspect identified
fb61b6c680bf762a06b68a3c095efbf319fb0817591acff7fe51e5ee04e385eb,2013-06,Nottinghamshire Police,Nottinghamshire Police,-1.150606,52.954816,On or near Theatre/Concert Hall,E01033406,Nottingham 039E,Investigation complete; no suspect identified
14e05b98af2c9938eca1a1df74ff6240a49b7cdf139803ba31cc91a6a3491a72,2013-06,Nottinghamshire Police,Nottinghamshire Police,-1.119310,53.301736,On or near VICAR'S WALK,E01028068,Bassetlaw 012D,Investigation complete; no suspect identified
15302bafdbc112b1b52dde4b290cbaf3538c5046549c1a283d09ffc9af7a2717,2013-06,Nottinghamshire Police,Nottinghamshire Police,-1.177833,53.255554,On or near A60,E01028041,Bassetlaw 014B,Investigation complete; no suspect identified
bf2cb997092b766565d297b8b24bcd29c95b94ba5c020511a1c1b4d2eddde26d,2013-06,Nottinghamshire Police,Nottinghamshire Police,-1.117828,53.378005,On or near GROSVENOR ROAD,E01028029,Bassetlaw 004E,Investigation complete; no suspect identified
5fd3c017b8d23d11ddbc3c7b5c5bd576e48f45091f9d8379ae8077592f929524,2013-06,Nottinghamshire Police,Nottinghamshire Police,-1.122424,53.355522,On or near RICHMOND ROAD,E01028002,Bassetlaw 004B,Investigation complete; no suspect identified
cb78cc37e3d50ecab5a481fe8d989d7c1d1d45e723d31f07d10fea443f56e8fb,2013-06,Nottinghamshire Police,Nottinghamshire Police,-1.111138,53.320246,On or near Supermarket,E01028053,Bassetlaw 016C,Investigation complete; no suspect identified
202edbd43c8767acb0b12498494ecbfcb529d68a23be265a6877d8ac3db4ffbe,2013-06,Nottinghamshire Police,Nottinghamshire Police,-1.104503,53.315199,On or near GOLDSMITH ROAD,E01028042,Bassetlaw 016E,Investigation complete; no suspect identified
611a7079f6c37ffc9685d2ab04cf860b0d55d7e09e783e190d15d5ef4ff22cfb,2013-06,Nottinghamshire Police,Nottinghamshire Police,-1.107012,53.297842,On or near COMMUNITY WAY,E01028067,Bassetlaw 013D,Investigation complete; no suspect identified
33c6cd238b5a7d43db7ca3edfec408c70e51d3391c43d4c66b8794c982020ace,2013-06,Nottinghamshire Police,Nottinghamshire Police,-1.116668,53.391947,On or near WYNLEA DRIVE,E01028000,Bassetlaw 001A,Investigation complete; no suspect identified
ff525876721bbc1d4a8908d5a3e8391f6d499f0e6824e6165a35708c98a85cca,2013-06,Nottinghamshire Police,Nottinghamshire Police,-0.999487,53.206063,On or near HAZEL ROAD,E01028302,Newark and Sherwood 001B,Suspect charged
59463109322dcf25225c8a984ecf813282c87725e446d04afe413ee6db92cb48,2013-06,Nottinghamshire Police,Nottinghamshire Police,-0.955153,53.079167,On or near Parking Area,E01028345,Newark and Sherwood 008A,Investigation complete; no suspect identified
461eca3dfa2e625a62c31e9f37c68ad7b87371f061abba8869a1f23cc8976e23,2013-06,Nottinghamshire Police,Nottinghamshire Police,-1.047446,53.165420,On or near Park/Open Space,E01028295,Newark and Sherwood 005A,Investigation complete; no suspect identified
3505443dc76dcbe346eff3585344f55ebe9fc85287611407e934175c7741ad74,2013-06,Nottinghamshire Police,Nottinghamshire Police,-0.917024,53.149420,On or near Parking Area,E01028312,Newark and Sherwood 003B,Investigation complete; no suspect identified
211a9bc1aca20be8524444d83423abadcbbe9d5f53265942d21cefb4ed69ddd2,2013-06,Nottinghamshire Police,Nottinghamshire Police,-1.027305,53.200154,On or near Petrol Station,E01028341,Newark and Sherwood 001F,Investigation complete; no suspect identified
1e92cb5dc1090581624beae413302ac89f123cf6ecf750f34ac9ddf0e4a5603d,2013-06,Nottinghamshire Police,Nottinghamshire Police,-0.803562,53.082117,On or near CURRIE ROAD,E01028310,Newark and Sherwood 007F,Offender given a caution
ca8cf0b571a04c590b5901b88d104e1ecf255902c577f3fc241b4a4ff6485f9e,2013-06,Nottinghamshire Police,Nottinghamshire Police,-0.809634,53.075229,On or near Parking Area,E01028310,Newark and Sherwood 007F,Suspect charged
ca8cf0b571a04c590b5901b88d104e1ecf255902c577f3fc241b4a4ff6485f9e,2013-06,Nottinghamshire Police,Nottinghamshire Police,-0.809634,53.075229,On or near Parking Area,E01028310,Newark and Sherwood 007F,Suspect charged
6760def30d136990f0b1b5c9a11aa9cc4914143062bd4d3fc5a8f1dfb697eef4,2013-06,Nottinghamshire Police,Nottinghamshire Police,-0.808195,53.059222,On or near LILAC CLOSE,E01028320,Newark and Sherwood 010E,Investigation complete; no suspect identified
e3ef363ad7e398d9994b9b046a77e24f3afefd51b3da2200ac73914c48f630b7,2013-06,Nottinghamshire Police,Nottinghamshire Police,-0.797263,53.073514,On or near WOOD STREET,E01028293,Newark and Sherwood 009B,Investigation complete; no suspect identified
a89dd45fe2cd6b284cf78029ecdebda911f0c180a27f3d423de738088b2f1a64,2013-06,Nottinghamshire Police,Nottinghamshire Police,-0.805646,53.082875,On or near Shopping Area,E01028310,Newark and Sherwood 007F,Investigation complete; no suspect identified
6d5593f512c400dd9e6e3c1f354940189087b741cbbe73d5940e01eda52ab82e,2013-06,Nottinghamshire Police,Nottinghamshire Police,-0.784041,53.056443,On or near THERESA COURT,E01028287,Newark and Sherwood 011C,Investigation complete; no suspect identified
0337d9ec309225a6281aa69897a7b38ca29b12c3a82e09107d089d1e49beaa86,2013-06,Nottinghamshire Police,Nottinghamshire Police,-0.815867,53.063515,On or near PIERSON STREET,E01028318,Newark and Sherwood 010C,Investigation complete; no suspect identified
5e39b22ad16555b3a4c9156c9f460357575d5d3023e165fe8baf6a17ebd467e2,2013-06,Nottinghamshire Police,Nottinghamshire Police,-0.802990,53.081734,On or near THE TRYST,E01028310,Newark and Sherwood 007F,Investigation complete; no suspect identified
c61b1c2199554a165e314dc0372f42543658dd2fc4cd6ba63e12e4f4871208a7,2013-06,Nottinghamshire Police,Nottinghamshire Police,-1.003446,53.372170,On or near DANESHILL ROAD,E01028034,Bassetlaw 003B,Investigation complete; no suspect identified
67ec16b7f0979e96d0aa5ecafdb4bbb704b8b10521fc7032148d1289377fda4b,2013-06,Nottinghamshire Police,Nottinghamshire Police,-0.965189,53.272399,On or near TWYFORD LANE,E01028040,Bassetlaw 014A,Investigation complete; no suspect identified
dde64f860db7257d34d44e53510d58fdff76eb1ff680b9413e0ce7b2b75725c4,2013-06,Nottinghamshire Police,Nottinghamshire Police,-1.072217,53.423071,On or near SANDROCK ROAD,E01028028,Bassetlaw 001F,Offender given a caution
8b26ff17df9dcc9e26f8ed0c70716f34122ec6ed75a2a1842ed4ae7d3c1818a9,2013-06,Nottinghamshire Police,Nottinghamshire Police,-0.938808,53.327036,On or near Petrol Station,E01028013,Bassetlaw 005A,Investigation complete; no suspect identified
ec2b0f5bc5eff18cbd8e07ddb0c77be37e4defbc5d17da2389051a33c6ff816d,2013-06,Nottinghamshire Police,Nottinghamshire Police,-0.937647,53.319988,On or near OSBERTON ROAD,E01028011,Bassetlaw 008D,Investigation complete; no suspect identified
40a2a5f044bf28a92679e9e462db3a7c049a8e69ecafb2bc994c6857a7fb85e0,2013-06,Nottinghamshire Police,Nottinghamshire Police,-1.052433,53.269717,On or near Park/Open Space,E01028040,Bassetlaw 014A,Investigation complete; no suspect identified
1fcef11530e197040e5bf693d5f8db7216f1ef48a2396d65098b65f45e3643e4,2013-06,Nottinghamshire Police,Nottinghamshire Police,-0.942531,53.321586,On or near Nightclub,E01028020,Bassetlaw 010D,Investigation complete; no suspect identified
94d8d2255a10710e14e26a7b6514dafd7afd2911edabe855ce7dcffa49a5bdc2,2013-06,Nottinghamshire Police,Nottinghamshire Police,-1.216927,53.156902,On or near CHESTERFIELD ROAD SOUTH,E01028282,Mansfield 006F,Investigation complete; no suspect identified
a96a3066c97e20d719b7bab9b4a2c42ee7f2c5a0508f8b41a6f907fdb47651b8,2013-06,Nottinghamshire Police,Nottinghamshire Police,-1.221492,53.134369,On or near KINGS LODGE DRIVE,E01028246,Mansfield 010E,Investigation complete; no suspect identified
251b247369bc63ce5253aa37ba7fb1a6abdfe7000bb6e40533392f79cfb48819,2013-06,Nottinghamshire Police,Nottinghamshire Police,-1.156479,53.159195,On or near QUINES HILL ROAD,E01028240,Mansfield 007D,Investigation complete; no suspect identified
be1fb5ab5a4bd6eb1caf473ab65b7bbdeffa32bfd4800954c54063b7ed14b44c,2013-06,Nottinghamshire Police,Nottinghamshire Police,-1.218223,53.157162,On or near Petrol Station,E01028267,Mansfield 006E,Investigation complete; no suspect identified
0e10aea6ced402fdec88fe32536dab48740a3b527e580dc686e269e340422394,2013-06,Nottinghamshire Police,Nottinghamshire Police,-1.219813,53.137117,On or near DUNOON ROAD,E01028246,Mansfield 010E,Investigation complete; no suspect identified
148d370cf821d96d1a68ef8a02bb15bd3e0ae8b74d3e36bc51f5e6b1dcccfe42,2013-06,Nottinghamshire Police,Nottinghamshire Police,-1.147852,53.205886,On or near BIRKLAND AVENUE,E01028223,Mansfield 002A,Investigation complete; no suspect identified
7ee59828dc7f8ab627722450bcb43fb7c6f7faad933ad554e52a5f6280328f75,2013-06,Nottinghamshire Police,Nottinghamshire Police,-1.203676,53.147240,On or near THORESBY STREET,E01028284,Mansfield 008F,Investigation complete; no suspect identified
ccc189a65b58a9dbb01c1deab36fe122486b4e420b85840dbe73c17ed5d48858,2013-06,Nottinghamshire Police,Nottinghamshire Police,-1.205540,53.145895,On or near CORPORATION STREET,E01028247,Mansfield 008C,Investigation complete; no suspect identified
9e3c316724e0334170f9a169a9aea45a1c5df1a8ec4b2f09ec20017ca542141e,2013-06,Nottinghamshire Police,Nottinghamshire Police,-1.187067,53.158203,On or near GLADSTONE TERRACE,E01028273,Mansfield 005D,Suspect charged
6b357b6312c9b864c2dde617fb8ada884a96266957edda85da38cd415f431e96,2013-06,Nottinghamshire Police,Nottinghamshire Police,-1.149918,53.153647,On or near PLUM TREE AVENUE,E01028239,Mansfield 007C,Investigation complete; no suspect identified
10a35f97337787d6fb0bc3375d99134aa09f26b8945eea0ef9677193b1ef462a,2013-06,Nottinghamshire Police,Nottinghamshire Police,-1.199796,53.138809,On or near BISHOP STREET,E01028268,Mansfield 008D,Investigation complete; no suspect identified
2ec30814504367b06156d074b2c0dd4cc5d5ae6bca5faffbb0170428c44b3d8e,2013-06,Nottinghamshire Police,Nottinghamshire Police,-1.160996,53.134614,On or near WHARFEDALE GARDENS,E01028264,Mansfield 011D,Investigation complete; no suspect identified
1cc91531dd86bb3b646e0733de09a18913a562c8793a606e720a3b801bd4e39f,2013-06,Nottinghamshire Police,Nottinghamshire Police,-1.189967,53.129691,On or near BERRY HILL LANE,E01033391,Mansfield 013I,Investigation complete; no suspect identified
db3054e4b1978e624fe5dd5b0065cdebde769f22d88162470bc70ecf6360f154,2013-06,Nottinghamshire Police,Nottinghamshire Police,-1.168783,53.135379,On or near SYCAMORE GROVE,E01028235,Mansfield 011A,Investigation complete; no suspect identified
528cc9cb13fc9ee4d1413d78f6292cca23f823c690ebc4c90a55cab13846aa8d,2013-06,Nottinghamshire Police,Nottinghamshire Police,-1.188246,53.137742,On or near CEDAR STREET,E01028269,Mansfield 008E,Investigation complete; no suspect identified
1ed72192701f49ca739cf5ae3da8af89c9056f6d1304e8e70ed9d0d37e924663,2013-06,Nottinghamshire Police,Nottinghamshire Police,-1.291678,53.069266,On or near RECREATION STREET,E01027993,Ashfield 012C,Suspect charged
380093d7c9c410834231c24352de87ac5edefee838baae3c999cfeaa3415281f,2013-06,Nottinghamshire Police,Nottinghamshire Police,-1.218140,53.037308,On or near PARK ROAD,E01027925,Ashfield 015A,Investigation complete; no suspect identified
839991e963dddac8878c77dd4ffcb7f5b35fb3d24eaef7144dbfc182840d4800,2013-06,Nottinghamshire Police,Nottinghamshire Police,-1.257980,53.076100,On or near SALMON LANE,E01027995,Ashfield 010A,Investigation complete; no suspect identified
89e0ec0222ce19986ee33d1085c4db3726667c80f7c83fb8fd80696bd1db9b06,2013-06,Nottinghamshire Police,Nottinghamshire Police,-1.195665,53.031728,On or near WHYBURN STREET,E01027931,Ashfield 013B,Suspect charged
e39ab467f442c5a177d09d7bcb6789d53ed8960192877f50682a8d9aa78da831,2013-06,Nottinghamshire Police,Nottinghamshire Police,-1.279735,53.116865,On or near GRANGE FARM CLOSE,E01027992,Ashfield 006F,Local resolution
aaf3fab885d9ef51b9d031d67872a4ec21a6e5e147f9841c64d2f0901050d4f2,2013-06,Nottinghamshire Police,Nottinghamshire Police,-1.255471,53.102117,On or near ASHFIELD DRIVE,E01027956,Ashfield 008C,Suspect charged
1bb5b09bb3b74d0dbc3d43cc12a31287fd925f2547ecc248245f678d821b5282,2013-06,Nottinghamshire Police,Nottinghamshire Police,-1.248806,53.127227,On or near CHARLES STREET,E01027978,Ashfield 004D,Investigation complete; no suspect identified
722bb0749249d2498b388be5d3082fd238a4dc8c4dcef3bed5f6a93853f6f288,2013-06,Nottinghamshire Police,Nottinghamshire Police,-1.255509,53.130226,On or near Parking Area,E01027967,Ashfield 004A,Suspect charged
423da634c57df72efc905e6ee6a6c62c4f4c33281cc663205e9d9cd5ca531dea,2013-06,Nottinghamshire Police,Nottinghamshire Police,-1.269303,53.124100,On or near HACK LANE,E01027968,Ashfield 005C,Investigation complete; no suspect identified
693540d68b4896e2e4448edd4717064f2b882fb98fdac2237b67990b25078a2c,2013-06,Nottinghamshire Police,Nottinghamshire Police,-1.257913,53.101674,On or near HAMPDEN STREET,E01027955,Ashfield 008B,Investigation complete; no suspect identified
116f27be6ff5366ee41b743f99a6ad0e9d86bf0f333544293e758dd7c9a8cf7f,2013-06,Nottinghamshire Police,Nottinghamshire Police,-1.266389,53.145144,On or near GREENLAND ROAD,E01027981,Ashfield 001C,Investigation complete; no suspect identified
a412d29780312ad758e852b6512a7149420b4f66b092976201ec6c0f23649e72,2013-06,Nottinghamshire Police,Nottinghamshire Police,-1.238677,53.132053,On or near Sports/Recreation Area,E01027985,Ashfield 004E,Investigation complete; no suspect identified
e6ea873a8bb1fc1de46f5b24cb4b5acf24e08a8578b2f8f059fb8d874e987088,2013-06,Nottinghamshire Police,Nottinghamshire Police,-1.267153,53.122235,On or near LUTHER AVENUE,E01027976,Ashfield 005E,Investigation complete; no suspect identified
55cec99e5b8b55e2f15c1d62bbc54244c2ee50840e64f26012f7677b32ca27fa,2013-06,Nottinghamshire Police,Nottinghamshire Police,-1.258869,53.119937,On or near THORTON STREET,E01027976,Ashfield 005E,Investigation complete; no suspect identified
6ecf9799f17bebeba49bdbcd1b88ab76171d50ac5a71a8b1bf9ae126c83eace2,2013-06,Nottinghamshire Police,Nottinghamshire Police,-1.269546,53.127374,On or near ASPLEY ROAD,E01027968,Ashfield 005C,Investigation complete; no suspect identified
735b031e34db2b60d3f5c65d560ee1e333a2bce9f67efcc0438c518aa66e401d,2013-06,Nottinghamshire Police,Nottinghamshire Police,-1.132501,52.935654,On or near Supermarket,E01028416,Rushcliffe 005D,Investigation complete; no suspect identified
0d177f200df7f80d634f7f95bd3e1a1cc5d2bf174a3379831826bdbd76757b21,2013-06,Nottinghamshire Police,Nottinghamshire Police,-1.101668,52.917204,On or near SEATHWAITE CLOSE,E01028377,Rushcliffe 006D,Investigation complete; no suspect identified
0b53ac0ddd0d8aa989f4e7a72944982e3d58c130ee56cfccf76ec336a02db12f,2013-06,Nottinghamshire Police,Nottinghamshire Police,-1.148063,52.890244,On or near ELMS GARDENS,E01028404,Rushcliffe 011A,Investigation complete; no suspect identified
d39688165db04259e29e8f1494ed3dc25af9284cb53b52abd022acf86cf00c11,2013-06,Nottinghamshire Police,Nottinghamshire Police,-1.238501,52.833603,On or near MELTON LANE,E01028408,Rushcliffe 014C,Investigation complete; no suspect identified
eeb2f911837fa88264bd570b0a99bde4526ab5d4c7a10a57e5869fe5121b7d48,2013-06,Nottinghamshire Police,Nottinghamshire Police,-1.242437,52.812988,On or near CHARNWOOD AVENUE,E01028408,Rushcliffe 014C,Investigation complete; no suspect identified
37f37b116623f7f25c889ac0bf4a78700087edfbbe8eed9a8a41bbd8710a7ed0,2013-06,Nottinghamshire Police,Nottinghamshire Police,-1.293467,53.015512,On or near SPRINGFIELD AVENUE,E01028114,Broxtowe 001E,Investigation complete; no suspect identified
4c42e77c7b741e08bb7ed60913b8939fe467e8995baa77c2e4c4bbebd3dd1058,2013-06,Nottinghamshire Police,Nottinghamshire Police,-1.119871,52.970018,On or near FORESTER ROAD,E01013939,Nottingham 016B,Investigation complete; no suspect identified
372f0a160ada0d6722e11bd67c91fc6cbd481a9c1b7c1dc54fd05e467f929fe3,2013-06,Nottinghamshire Police,Nottinghamshire Police,-1.071626,52.960959,On or near GODFREY STREET,E01028187,Gedling 015D,Investigation complete; no suspect identified
7a9f9060f6ec8a704169bf7b5d639e504d3700b83203be4a69ffda7982da1ecd,2013-06,Nottinghamshire Police,Nottinghamshire Police,-1.106917,52.967099,On or near FIRST AVENUE,E01028160,Gedling 013A,Investigation complete; no suspect identified
ad4fb9a6ce5b6a101a9eb78dfd9189d7faec4ec797959620ccc858a63a4f73c0,2013-06,Nottinghamshire Police,Nottinghamshire Police,-1.088556,52.966492,On or near Petrol Station,E01028158,Gedling 014D,Investigation complete; no suspect identified
abd7bcdd116eae0f345eda25a9e39f345fc67ad8ba0b87bd5886195921f19d8d,2013-06,Nottinghamshire Police,Nottinghamshire Police,-1.104430,52.980825,On or near Supermarket,E01028204,Gedling 010F,Investigation complete; no suspect identified
1a9f783826ac3ca63b5521a0c082d6ec99fa3ce8e9ab2a54a2f998bdefcb1e9c,2013-06,Nottinghamshire Police,Nottinghamshire Police,-1.086300,52.966889,On or near Shopping Area,E01028158,Gedling 014D,Investigation complete; no suspect identified
04d2d8d23aefe0d21e2f88990df0a8556b34cbc2135be3f9b2612c26e4ffec24,2013-06,Nottinghamshire Police,Nottinghamshire Police,-1.086300,52.966889,On or near Shopping Area,E01028158,Gedling 014D,Investigation complete; no suspect identified
6a94a780a092073e70ecff76e3ee4be18326483ce0c45f8f5d82d15c9ff4770e,2013-06,Nottinghamshire Police,Nottinghamshire Police,-1.256403,52.905723,On or near BIRKIN AVENUE,E01028138,Broxtowe 015D,Investigation complete; no suspect identified
5cf15ac838a66270e98503d9d4d4f8dd6f2a5e02e488ffbe72f07fc6f79b4d69,2013-06,Nottinghamshire Police,Nottinghamshire Police,-1.255787,52.906070,On or near OLD MILL CLOSE,E01028138,Broxtowe 015D,Investigation complete; no suspect identified
c59ce45126bfb50d14961ac4cd8c6d9cd2801aa341a1411ba0a8988d116c51f3,2013-06,Nottinghamshire Police,Nottinghamshire Police,-1.205603,52.924120,On or near WINDSOR STREET,E01028083,Broxtowe 012D,Investigation complete; no suspect identified
17250161b81b2cf5ce3cfdda7fd131f039483fcbf55775d9919d39bcd0de1b1a,2013-06,Nottinghamshire Police,Nottinghamshire Police,-1.216375,52.936372,On or near BOUNDARY ROAD,E01028077,Broxtowe 009B,Investigation complete; no suspect identified
6b3d018793cc626c1dc28a209410cdd24e3e52d19985cbe0000128f843cbf296,2013-06,Nottinghamshire Police,Nottinghamshire Police,-1.201640,52.929307,On or near HASSOCK CLOSE,E01028074,Broxtowe 011B,Investigation complete; no suspect identified
a13490e4a07d645c156df4419d4f35ad118f4d55d353d6e5c0bc97be325f31e3,2013-06,Nottinghamshire Police,Nottinghamshire Police,-1.219634,52.923898,On or near GLADSTONE STREET,E01028085,Broxtowe 011D,Investigation complete; no suspect identified
282ee3eb151583022f98cc9de2df219617a4e24fcfd21429715b840e3a0a1826,2013-06,Nottinghamshire Police,Nottinghamshire Police,-1.214797,52.928981,On or near Supermarket,E01028085,Broxtowe 011D,Investigation complete; no suspect identified
3e58e1d27d088485e86719f0d6fa6fdc86c2b52ba132c8bd8a52eac9703294e0,2013-06,Nottinghamshire Police,Nottinghamshire Police,-1.248448,52.935797,On or near CHAPEL MEWS COURT,E01028090,Broxtowe 007D,Investigation complete; no suspect identified
a9d3cccdf4e4357e2b7ed78db701c76ebdaca626a789384bd694a999058b7e9e,2013-06,Nottinghamshire Police,Nottinghamshire Police,-1.231350,52.925017,On or near BRAMCOTE AVENUE,E01028094,Broxtowe 014C,Investigation complete; no suspect identified
4ca93ebc23fe1624217b43e27c0b2c03a668410c74d92487239c1932830a51a2,2013-06,Nottinghamshire Police,Nottinghamshire Police,-1.124224,52.994097,On or near Sports/Recreation Area,E01028177,Gedling 009B,Investigation complete; no suspect identified
b8b628d630783a54213dc5283f61e9913da2e026fbfb4d81d5f61e8aa447c78f,2013-06,Nottinghamshire Police,Nottinghamshire Police,-1.133977,52.999599,On or near Supermarket,E01028165,Gedling 006B,Investigation complete; no suspect identified
bb9ab9b2e4b0af9bd9f531327be9c61c876a6e52640696caa3c14c722f0b67ad,2013-06,Nottinghamshire Police,Nottinghamshire Police,-1.138633,52.994760,On or near Petrol Station,E01013963,Nottingham 007A,Suspect charged
28df2ce4b2e17c06c517aa399ea659198a1f60759901d87e2a18a3fa5c1c163f,2013-06,Nottinghamshire Police,Nottinghamshire Police,-1.160021,52.945956,On or near Shopping Area,E01013870,Nottingham 040A,Suspect charged
f02649f7c898241662c83766f5ebcc734e89a90206205986a73f04042107cc15,2013-06,Nottinghamshire Police,Nottinghamshire Police,-1.160021,52.945956,On or near Shopping Area,E01013870,Nottingham 040A,Suspect charged
12b04d60fe254b20b38604a2d76d8f9d26721565359bea056f00a581641dab1c,2013-06,Nottinghamshire Police,Nottinghamshire Police,-1.129469,52.962187,On or near HUDSON STREET,E01013962,Nottingham 021D,Investigation complete; no suspect identified
45cbb282d8844f3215784908dedeecb4b9f2604c48b991167b812e7b3b9bf4b4,2013-06,Nottinghamshire Police,Nottinghamshire Police,-1.162707,52.945589,On or near Petrol Station,E01013870,Nottingham 040A,Investigation complete; no suspect identified
8ee5be7b54becb13b9db535ac6ac4a737e2ffd4b1f66a0e37c02951d9786eb82,2013-06,Nottinghamshire Police,Nottinghamshire Police,-1.131879,52.955625,On or near ST CHAD'S ROAD,E01013957,Nottingham 029E,Investigation complete; no suspect identified
6ab4bbcdf608e065c7a71c67bcc2fcfbb47abad3026f915485b2a9fe0aaa8825,2013-06,Nottinghamshire Police,Nottinghamshire Police,-1.128935,52.948753,On or near THORESBY AVENUE,E01013920,Nottingham 029C,Investigation complete; no suspect identified
e4d41bbba75243ef51d69b85df9f40766f3cb64b20e8ec63089960b63e8746f2,2013-06,Nottinghamshire Police,Nottinghamshire Police,-1.121307,52.974883,On or near PORCHESTER ROAD,E01028195,Gedling 010C,Investigation complete; no suspect identified
f2aa97eedd7e8db2fb308ef9c48858a913da88dd268b01accd0fc2465b964ad4,2013-06,Nottinghamshire Police,Nottinghamshire Police,-1.129925,52.956563,On or near WORKSOP ROAD,E01013954,Nottingham 021A,Investigation complete; no suspect identified
27b8ba96220d52d4b674d6226a670b94c168264ab82a18d8f8d49392a63384c0,2013-06,Nottinghamshire Police,Nottinghamshire Police,-1.145384,52.942553,On or near BRUCE CLOSE,E01013871,Nottingham 040B,Investigation complete; no suspect identified
76fadbb628d471da9245afd45b3bc21e39effce863a150d7de0b7ea5f9f74af8,2013-06,Nottinghamshire Police,Nottinghamshire Police,-1.123833,52.983235,On or near Petrol Station,E01013935,Nottingham 010A,Suspect charged
6d48d204f5719e046fc6479b03fec17fc46caba344579cfe83a25ba819d157fc,2013-06,Nottinghamshire Police,Nottinghamshire Police,-1.117924,52.950092,On or near WILLIAM BOOTH ROAD,E01013917,Nottingham 024E,Investigation complete; no suspect identified
d795b6897829691034c8b5fc0745925c83c66796f44e59c7a34a1a8bb4b8847e,2013-06,Nottinghamshire Police,Nottinghamshire Police,-1.159049,52.942381,On or near SAFFRON GARDENS,E01013870,Nottingham 040A,Investigation complete; no suspect identified
cecefeda313935ce40ff26923cc2ea446898b8f39d53abd52d5f9e9b45f579c0,2013-06,Nottinghamshire Police,Nottinghamshire Police,-1.097031,52.946358,On or near Parking Area,E01013920,Nottingham 029C,Investigation complete; no suspect identified
e730f4339c255c59cafb99d1513bcf4b46f0e67df8da7354d98c24caec3893ec,2013-06,Nottinghamshire Police,Nottinghamshire Police,-1.147733,52.964630,On or near CRANMER STREET,E01013961,Nottingham 023D,Investigation complete; no suspect identified
2ab42833024f13a72bb7080db29acf8f340d2edcf4a684160210f14f04081279,2013-06,Nottinghamshire Police,Nottinghamshire Police,-1.127715,52.965752,On or near HURCOMB STREET,E01013942,Nottingham 016D,Investigation complete; no suspect identified
98d6fb87d872da9c10b9a229b09d9bac64e0cdb3e5231d14b8da8b6196841c32,2013-06,Nottinghamshire Police,Nottinghamshire Police,-1.197845,53.001017,On or near PILKINGTON STREET,E01013885,Nottingham 002E,Suspect charged
9c41fcfd7bcdafb61d0ebc5c0983bb4edfa2db6d6cc709e11c073f5b6e0a4075,2013-06,Nottinghamshire Police,Nottinghamshire Police,-1.191229,52.981088,On or near BOWNESS AVENUE,E01013830,Nottingham 009B,Investigation complete; no suspect identified
f5436fcd8383c5a608e367788b20b1eba9688a912a051b2f7098d0d274019143,2013-06,Nottinghamshire Police,Nottinghamshire Police,-1.156222,53.002770,On or near Supermarket,E01013850,Nottingham 038B,Investigation complete; no suspect identified
5d7e66e848385ae43fd90f7411f48ace21805f02a74f3453687ca814d53e1dba,2013-06,Nottinghamshire Police,Nottinghamshire Police,-1.191836,52.995655,On or near Supermarket,E01013888,Nottingham 004B,Suspect charged
d41c34e947de73d3b1ac0174ba4991b1b60c1968553a79f6a59b156005b91b55,2013-06,Nottinghamshire Police,Nottinghamshire Police,-1.191836,52.995655,On or near Supermarket,E01013888,Nottingham 004B,Investigation complete; no suspect identified
e51cc16294126c413731a8309869c4d090e51ceccb3a634c7a35ddb0cdc15bcf,2013-06,Nottinghamshire Police,Nottinghamshire Police,-1.204766,52.986024,On or near WALBROOK CLOSE,E01013825,Nottingham 011D,Investigation complete; no suspect identified
5ce90dcb6038349742d68cc6b1477e5dc14a938eb16d9a549129392a6af64c0a,2013-06,Nottinghamshire Police,Nottinghamshire Police,-1.226550,52.975668,On or near COTSWOLD ROAD,E01013865,Nottingham 014B,Investigation complete; no suspect identified
6ef00a2dc602b3daeb0daa43d8edfbc60d964db39ca47d2d4db3842c97174945,2013-06,Nottinghamshire Police,Nottinghamshire Police,-1.230068,52.967942,On or near ASHTON COURT,E01013868,Nottingham 020C,Investigation complete; no suspect identified
b2e9cba163373fa19e90f86dd0d79197aa4b1d480f59a63a9173dcee645308cd,2013-06,Nottinghamshire Police,Nottinghamshire Police,-1.181668,52.989679,On or near WEAVE CLOSE,E01013836,Nottingham 008E,Investigation complete; no suspect identified
bef73a28725bcdf3b8fccc55126cf56052747e1a4e0a09108ac8f7e880e0823f,2013-06,Nottinghamshire Police,Nottinghamshire Police,-1.220221,52.974027,On or near Petrol Station,E01013822,Nottingham 011C,Suspect charged
7e93384f51bd1df574f62a0e4c78de6c8515009c421771ad0350460dcb7a81b5,2013-06,Nottinghamshire Police,Nottinghamshire Police,-1.193790,52.995515,On or near DEPTFORD CRESCENT,E01013891,Nottingham 004E,Investigation complete; no suspect identified
d030103ca0816135036b36511ec7cb1aabff8c79d28f6e65d599c4a31a625040,2013-06,Nottinghamshire Police,Nottinghamshire Police,-1.182600,52.984526,On or near DAVID LANE,E01013829,Nottingham 009A,Suspect charged
d030103ca0816135036b36511ec7cb1aabff8c79d28f6e65d599c4a31a625040,2013-06,Nottinghamshire Police,Nottinghamshire Police,-1.182600,52.984526,On or near DAVID LANE,E01013829,Nottingham 009A,Suspect charged
6dfb2a58d84e7696c4fd545b5d2e28f5905bb5c5c3cfdb640bdd1fae206f020a,2013-06,Nottinghamshire Police,Nottinghamshire Police,-1.170285,52.990544,On or near MAYFAIR GARDENS,E01013835,Nottingham 008D,Suspect charged
afd407a3f8c0fb6921c934492a4413c53c231341b7b5bc13aede53ed29c047c6,2013-06,Nottinghamshire Police,Nottinghamshire Police,-1.192673,52.981907,On or near OVERDALE ROAD,E01013830,Nottingham 009B,Investigation complete; no suspect identified
e55ad81fb17637587f5bb7c99b4ea7a1864c3d6353b06d730d49c91f8966a396,2013-06,Nottinghamshire Police,Nottinghamshire Police,-1.149477,52.954655,On or near KING STREET,E01033406,Nottingham 039E,Investigation complete; no suspect identified
ff33d2da832e58d4453f055bee4cb5662b86c63c682d5d245b887b0be4b0fb43,2013-06,Nottinghamshire Police,Nottinghamshire Police,-1.062420,53.187383,On or near OCCUPATION LANE,E01028321,Newark and Sherwood 002C,Offender given a caution
e118a5cf6533a605b3a1badf504e441457db9ce47fc23489946c1e89dbc0e82a,2013-06,Nottinghamshire Police,Nottinghamshire Police,-1.148358,52.951797,On or near Shopping Area,E01033400,Nottingham 039B,Suspect charged
3992ef2a8ff88451a2e175fe6e1a34fc283e8be2b64d3fcc97999acf3b29b5f8,2013-06,Nottinghamshire Police,Nottinghamshire Police,-1.149477,52.954655,On or near KING STREET,E01033406,Nottingham 039E,Offender given penalty notice
408cb0bf6e2d99fbe86afde1c529fd6cf472243591a04e17234ff00561731cd9,2013-06,Nottinghamshire Police,Nottinghamshire Police,-1.155052,52.956547,On or near Parking Area,E01013816,Nottingham 022D,Investigation complete; no suspect identified
84e4071bb6180614fb2cd1fa16de1140cc4d35b6932434e11905bb92a592db16,2013-06,Nottinghamshire Police,Nottinghamshire Police,-1.142053,52.954485,On or near CRANBROOK STREET,E01033407,Nottingham 039F,Investigation complete; no suspect identified
a5b04f8b5f2116c3fe615aee7c194b7e2f20d02b97dd2bb60e9112bc4a84c5ac,2013-06,Nottinghamshire Police,Nottinghamshire Police,-1.147645,52.950201,On or near Shopping Area,E01033400,Nottingham 039B,Investigation complete; no suspect identified
e6a5d43b8801a1d9df41732a5386bf48ec77c02a58ed176c5e83694288fb6832,2013-06,Nottinghamshire Police,Nottinghamshire Police,-1.150212,52.992353,On or near COVEDALE ROAD,E01013964,Nottingham 007B,Investigation complete; no suspect identified
5a61e0f8bbdbe38ee4946abe1307a9e0cefdf96e212490732e0a6410ab2f05f1,2013-06,Nottinghamshire Police,Nottinghamshire Police,-1.172023,52.958824,On or near LEROY WALLACE AVENUE,E01013945,Nottingham 026B,Investigation complete; no suspect identified
9e7c5d2e55e00a217f19a7c68d816e1172a7d7dd69417a8891903a99fb1657d6,2013-06,Nottinghamshire Police,Nottinghamshire Police,-1.177774,52.965651,On or near BERRIDGE ROAD WEST,E01013810,Nottingham 018A,Investigation complete; no suspect identified
c5608777b215bf24e0d678d4555731e74a691fcde653cb473cf3e81563cf4ea7,2013-06,Nottinghamshire Police,Nottinghamshire Police,-1.165674,52.970825,On or near STURTON STREET,E01013845,Nottingham 017C,Investigation complete; no suspect identified
17f9019dd6b17445f8e647684cbf87f483cc768a981e4886f30f26a89644d94c,2013-06,Nottinghamshire Police,Nottinghamshire Police,-1.181484,52.965514,On or near BOBBERS MILL BRIDGE,E01013930,Nottingham 019A,Investigation complete; no suspect identified
889044290a24b2a27ae76f299bb97ace2ba51146928d749142ac1a6f8cfdd28d,2013-06,Nottinghamshire Police,Nottinghamshire Police,-1.161021,52.985805,On or near VALMONT ROAD,E01013837,Nottingham 012A,Investigation complete; no suspect identified
376fd09aea49587569f723cda049200798c6ffdc95db56ebc9c56420234a1bb3,2013-06,Nottinghamshire Police,Nottinghamshire Police,-1.171547,52.932310,On or near ABBEYFIELD ROAD,E01013928,Nottingham 031G,Investigation complete; no suspect identified
e27828d7b4ff527c9dcd0d8b15e29571fd0236795b482df67d6f3391165dd54f,2013-06,Nottinghamshire Police,Nottinghamshire Police,-1.157524,52.966480,On or near Sports/Recreation Area,E01013815,Nottingham 022C,Investigation complete; no suspect identified
fc063196b8e259d4a001374b419c486bddc8d7dabff079e26b0a9a67f3ad4fc9,2013-06,Nottinghamshire Police,Nottinghamshire Police,-1.146601,52.954068,On or near THURLAND STREET,E01033406,Nottingham 039E,Investigation complete; no suspect identified
f9e7b7699a9c77fe70d11a0cb44c5eac22e90d90aba5704e6bf5949e0cb539b4,2013-06,Nottinghamshire Police,Nottinghamshire Police,-1.148030,52.957890,On or near Shopping Area,E01033399,Nottingham 023E,Investigation complete; no suspect identified
241f045b91665748f0c89b24dc8b771f9407b3fdfea778bea399f49e3aaafdc6,2013-06,Nottinghamshire Police,Nottinghamshire Police,-1.178812,52.963545,On or near GRIMSTON ROAD,E01013944,Nottingham 026A,Investigation complete; no suspect identified
2a10b7b4e80f6645ff9260815fe10d58babe66aac692bf8d008808a61d92cf57,2013-06,Nottinghamshire Police,Nottinghamshire Police,-1.255787,52.906070,On or near OLD MILL CLOSE,E01028138,Broxtowe 015D,Investigation complete; no suspect identified
b5c92bcbd97b21bde371385fa59a25cbeb56ef3e8c55a93e5caccca4ad783020,2013-06,Nottinghamshire Police,Nottinghamshire Police,-1.249399,52.923856,On or near HOGGETTS CLOSE,E01028101,Broxtowe 013E,Investigation complete; no suspect identified
06471f4e96b953b1b94db619044b8de1434777f8bfd487e09ecf1a7ba27910bd,2013-06,Nottinghamshire Police,Nottinghamshire Police,-1.281575,52.923740,On or near WEST END STREET,E01028133,Broxtowe 010F,Investigation complete; no suspect identified
ce39b256755d87e2c15ec7c96b7cfa1ac360dfbd1ce991ca6c5e36ab3513016e,2013-06,Nottinghamshire Police,Nottinghamshire Police,-1.277436,52.931976,On or near OAKFIELD ROAD,E01028134,Broxtowe 008D,Investigation complete; no suspect identified
7410f98074762694367e0da4a03f5db786cde3868e14c44ab79d3c53acb427e4,2013-06,Nottinghamshire Police,Nottinghamshire Police,-1.275648,52.928603,On or near Supermarket,E01028133,Broxtowe 010F,Investigation complete; no suspect identified
a28d35bc5ad210c17a9478a2be0c72da0b50a827e767e4e2cdd793eac13e0c92,2013-06,Nottinghamshire Police,Nottinghamshire Police,-1.212287,52.928749,On or near HIGH ROAD,E01028079,Broxtowe 009D,Investigation complete; no suspect identified
a0906f5233208c861427946a33c9ca88b56929912577f44c3867d6dbeb38bd93,2013-06,Nottinghamshire Police,Nottinghamshire Police,-1.268787,52.962290,On or near Motorway Service Area,E01033412,Broxtowe 016F,Investigation complete; no suspect identified
4b0c350d7b5b94641b395832abe441598847ba3011d210b262d787e828004dc9,2013-06,Nottinghamshire Police,Nottinghamshire Police,-1.111175,53.001956,On or near LANGFORD ROAD,E01028183,Gedling 007E,Local resolution
0d6594bc0e59bb3e0251340874b6640017caa11c272bd235b45d647eefd4751f,2013-06,Nottinghamshire Police,Nottinghamshire Police,-1.133977,52.999599,On or near Supermarket,E01028165,Gedling 006B,Local resolution
edd126128dfe8c55224cfa5a651e02bda32c05385dca1ad3b9b520d8d8fb0546,2013-06,Nottinghamshire Police,Nottinghamshire Police,-1.120482,53.038972,On or near Parking Area,E01028152,Gedling 002C,Investigation complete; no suspect identified
c542adea51854a4b3ec9e6dec382cca0a7934dc59d60ce82a9758b6d167d5500,2013-06,Nottinghamshire Police,Nottinghamshire Police,-1.126938,53.002109,On or near GEDLING ROAD,E01028209,Gedling 005D,Investigation complete; no suspect identified
d42e10fbd06e4ff6e30694e8675c8592ff589dc61089a13fbfa4651fd7c47f06,2013-06,Nottinghamshire Police,Nottinghamshire Police,-1.128455,53.002983,On or near Supermarket,E01028209,Gedling 005D,Investigation complete; no suspect identified
cba750f569559e4d0045414f57d3a51ec4651ddf5241a68294b009efcf8d8304,2013-06,Nottinghamshire Police,Nottinghamshire Police,-1.126938,53.002109,On or near GEDLING ROAD,E01028209,Gedling 005D,Investigation complete; no suspect identified
dcd205554bd210887324eb006f040a5691f47deb6b7c91c1f1d8fcb3895ebe12,2013-06,Nottinghamshire Police,Nottinghamshire Police,-1.141036,52.987029,On or near WOODLAND GROVE,E01028217,Gedling 009F,Investigation complete; no suspect identified
07a5dfefda656879747e94967a39731b0cbf1d19a23194d8bc2872e1d1cc2626,2013-06,Nottinghamshire Police,Nottinghamshire Police,-1.128165,53.003368,On or near Supermarket,E01028209,Gedling 005D,Investigation complete; no suspect identified
e1dc95bf22776e078f151d9b5a0659eed039e0d68baae58893cebad2fd2d3884,2013-06,Nottinghamshire Police,Nottinghamshire Police,-1.152516,52.974364,On or near LOSCOE ROAD,E01013972,Nottingham 015E,Investigation complete; no suspect identified
b2dfca1a1a754973594e160e50e2fc1df3b88f7065a3f61f6078a63e7a443fca,2013-06,Nottinghamshire Police,Nottinghamshire Police,-1.141697,53.004068,On or near HOME CLOSE,E01028166,Gedling 006C,Investigation complete; no suspect identified
62f73df70d88cb38fd004e3eb789c8ebdd275d056bae94ed7a624da5b4a13a44,2013-06,Nottinghamshire Police,Nottinghamshire Police,-1.122909,53.013442,On or near SUTTON ROAD,E01028205,Gedling 004B,Suspect charged
06d972483826e5600346391d9f0df8201989fc52e44c0cdbfc10f2c7dbbcb081,2013-06,Nottinghamshire Police,Nottinghamshire Police,-1.141089,53.000118,On or near BROWNING CLOSE,E01028166,Gedling 006C,Investigation complete; no suspect identified
4a52aa2f38382673a95fee3ffc7b3c44f49943a55561f4562fd81f89355975b1,2013-06,Nottinghamshire Police,Nottinghamshire Police,-1.167329,52.933512,On or near CENTURION WAY,E01013870,Nottingham 040A,Suspect charged
e6b544f295ace7e6a5d05dfbcf3d5df4cef8fa58c52936101c9e1be0e028c9ef,2013-06,Nottinghamshire Police,Nottinghamshire Police,-1.162707,52.945589,On or near Petrol Station,E01013870,Nottingham 040A,Suspect charged
4748528f96cf450ce00985b11962ec22795a57587657a70f8b036343ac177e93,2013-06,Nottinghamshire Police,Nottinghamshire Police,-1.130253,52.949859,On or near ST STEPHEN'S AVENUE,E01013920,Nottingham 029C,Offender given a drugs possession warning
59e06c00930955ed9fcefba859ce7cf86e044545c193576f47552df7e717637e,2013-06,Nottinghamshire Police,Nottinghamshire Police,-1.130336,52.965718,On or near Police Station,E01013942,Nottingham 016D,Investigation complete; no suspect identified
bd4fc471970c6c07f4c62a61ac29c7e717187e43e02809af5ab4bc52502be428,2013-06,Nottinghamshire Police,Nottinghamshire Police,-1.172456,52.910400,On or near VARNEY ROAD,E01013896,Nottingham 034B,Investigation complete; no suspect identified
3a270cce3f05c2c8506743c02fae1c5b789b38248eb267b55fe322cb327bc955,2013-06,Nottinghamshire Police,Nottinghamshire Police,-1.164476,52.914758,On or near MONKSWAY,E01013895,Nottingham 034A,Investigation complete; no suspect identified
d37109a117931b6b62406571856f0095cd38a52abc1ca5731b48d3f8f494ebe9,2013-06,Nottinghamshire Police,Nottinghamshire Police,-1.173012,52.906188,On or near DELL WAY,E01013900,Nottingham 035D,Investigation complete; no suspect identified
707d04450364a1267ee714b432a426991a0f0729db0ed1bf899d73cd9a8860e7,2013-06,Nottinghamshire Police,Nottinghamshire Police,-1.137725,52.973781,On or near THYRA GROVE,E01013937,Nottingham 015A,Investigation complete; no suspect identified
9c3392f5e0ceded8987e963d55b8f127ce924d79dbd5207a2fe1da352a47e432,2013-06,Nottinghamshire Police,Nottinghamshire Police,-1.189622,52.902113,On or near CLIFFMERE WALK,E01013905,Nottingham 036A,Investigation complete; no suspect identified
d612f038c78ad22cfece662a49b3e9461e74bea8f1b7d64103a89c645ac7dea8,2013-06,Nottinghamshire Police,Nottinghamshire Police,-1.137725,52.973781,On or near THYRA GROVE,E01013937,Nottingham 015A,Investigation complete; no suspect identified
ab9a498a8f73c5f05b38ab2507b422dac3a0006f9d59fb0123054514f022ec66,2013-06,Nottinghamshire Police,Nottinghamshire Police,-1.156222,53.002770,On or near Supermarket,E01013850,Nottingham 038B,Offender given a caution
d9eaf66560bfee54972187d671070e0c6d5dca928aff02e19eb4ce6fdb5339b5,2013-06,Nottinghamshire Police,Nottinghamshire Police,-1.186831,52.986874,On or near BULLFINCH ROAD,E01013829,Nottingham 009A,Investigation complete; no suspect identified
11aab032ccb4578691bd8307ae38fd9a54dd7ebcc7b50df22a7ae68f2ccfd970,2013-06,Nottinghamshire Police,Nottinghamshire Police,-1.191181,52.978031,On or near Supermarket,E01013830,Nottingham 009B,Investigation complete; no suspect identified
674947509a8c576d0a4bca9d070a6934d33265068aa7f12afcb0733515117e45,2013-06,Nottinghamshire Police,Nottinghamshire Police,-1.162171,52.997185,On or near WHISTON CLOSE,E01013854,Nottingham 006B,Investigation complete; no suspect identified
0208e4a40c77e3a5c1b8b2b5f4bf5401901fc017fb03480bfd9393240857856d,2013-06,Nottinghamshire Police,Nottinghamshire Police,-1.179006,53.003577,On or near Petrol Station,E01013893,Nottingham 001C,Investigation complete; no suspect identified
0b33875bbf461b04c663cf2db26998bf7e3f85e8431e4f0b4db25086d7f6ccec,2013-06,Nottinghamshire Police,Nottinghamshire Police,-1.198339,52.992831,On or near DURSLEY CLOSE,E01013876,Nottingham 005B,Investigation complete; no suspect identified
34b1da679689fbf4dd820477d909d84434cf036db0c87db4f90600b392cd6674,2013-06,Nottinghamshire Police,Nottinghamshire Police,-1.196716,53.001648,On or near Supermarket,E01013885,Nottingham 002E,Investigation complete; no suspect identified
14690e7aa54bcff3f5cfea1914998250b12ea462edfb93850bc7203f6c973488,2013-06,Nottinghamshire Police,Nottinghamshire Police,-1.193937,53.003616,On or near JENNISON STREET,E01013885,Nottingham 002E,Investigation complete; no suspect identified
d8b3da62460c45323ded7744f821d5dc449e16f3a90a90208bdda9129bd05e11,2013-06,Nottinghamshire Police,Nottinghamshire Police,-1.160192,52.992460,On or near WYTON CLOSE,E01013856,Nottingham 006D,Investigation complete; no suspect identified
fe2f39d496d73f420ed4ae258ea6348f9a472caf19a4c7cad89bab2a8ad08b60,2013-06,Nottinghamshire Police,Nottinghamshire Police,-1.227360,52.963646,On or near STAVERTON ROAD,E01013860,Nottingham 025B,Investigation complete; no suspect identified
dd9b3c69624698912b2ee11d7a9940120ad38a158f71d674b5a8489b76b988e7,2013-06,Nottinghamshire Police,Nottinghamshire Police,-1.182212,52.982150,On or near COWLEY STREET,E01013832,Nottingham 009D,Investigation complete; no suspect identified
3b40a3998fe381401fbd4cd94df7c16398f736d137d689fee0d19b4f9eb86416,2013-06,Nottinghamshire Police,Nottinghamshire Police,-1.242819,52.958289,On or near STOTFIELD ROAD,E01013862,Nottingham 025C,Investigation complete; no suspect identified
875ec41665fa7898c33a061e2002a80f78ddaba3aa3eb1fed692fab29a286bd5,2013-06,Nottinghamshire Police,Nottinghamshire Police,-1.167223,53.008771,On or near MEREGILL CLOSE,E01013851,Nottingham 038C,Investigation complete; no suspect identified
a00d773f4a05e858ffe95f71e65f914a4538bcd9b5ff027254b81b4c733c3dc8,2013-06,Nottinghamshire Police,Nottinghamshire Police,-1.170270,52.996010,On or near Further/Higher Educational Building,E01013855,Nottingham 006C,Investigation complete; no suspect identified
cd7fd3beaf83c3644a2ed574616ac2e5fb13862ffd542de6812c98135569ff60,2013-06,Nottinghamshire Police,Nottinghamshire Police,-1.156517,53.000632,On or near CHILTERN WAY,E01013850,Nottingham 038B,Investigation complete; no suspect identified
ccd04a9a3d57e4680c1dae27f91f76938b186907d941dbea0cc19116e6653387,2013-06,Nottinghamshire Police,Nottinghamshire Police,-1.156186,53.007642,On or near SHORESWOOD CLOSE,E01013852,Nottingham 038D,Investigation complete; no suspect identified
38706638e4a5cc8a3a126818edfc154516c9e987826a7aacc1307b8c12878769,2013-06,Nottinghamshire Police,Nottinghamshire Police,-1.176274,52.984248,On or near VERNON AVENUE,E01013828,Nottingham 008B,Investigation complete; no suspect identified
7f61abc193d0182196950def7821a19bb91879b65c4bf5a66728ea5dadce7717,2013-06,Nottinghamshire Police,Nottinghamshire Police,-1.164225,53.010422,On or near LYTHAM GARDENS,E01013851,Nottingham 038C,Investigation complete; no suspect identified
d18cde3c5c37c443f50c37b8d718cc7acd133af2ec6e984b45aad2c957a51127,2013-06,Nottinghamshire Police,Nottinghamshire Police,-1.230068,52.967942,On or near ASHTON COURT,E01013868,Nottingham 020C,Investigation complete; no suspect identified
83ebdd04b72f09b1b33a3fda5bb1601d3a2ae5ff3d98017a72eae4b22c55f87d,2013-06,Nottinghamshire Police,Nottinghamshire Police,-1.152435,52.999830,On or near STATHERN WALK,E01013853,Nottingham 006A,Investigation complete; no suspect identified
e8dde9742d49d6c5f7226129ddc0e110e891caa0520471bc43829358bc670700,2013-06,Nottinghamshire Police,Nottinghamshire Police,-1.161825,52.995088,On or near LANDCROFT CRESCENT,E01013856,Nottingham 006D,Offender given a caution
646db21a56e2cb5e7fbf6de3206e08359d59ed57924614d82613635110dbe046,2013-06,Nottinghamshire Police,Nottinghamshire Police,-1.224585,52.977319,On or near COLCHESTER ROAD,E01013818,Nottingham 011B,Investigation complete; no suspect identified
38fe2ecae3188b85000e2ae01d6c2b85e38ea75283adb072132cd0dd61c96cac,2013-06,Nottinghamshire Police,Nottinghamshire Police,-1.211207,52.976736,On or near CAMPBELL CLOSE,E01013821,Nottingham 013C,Suspect charged
38fe2ecae3188b85000e2ae01d6c2b85e38ea75283adb072132cd0dd61c96cac,2013-06,Nottinghamshire Police,Nottinghamshire Police,-1.211207,52.976736,On or near CAMPBELL CLOSE,E01013821,Nottingham 013C,Suspect charged
91b4d1f09f1f5a2a10a351c4f3d678bcc538641b39fa1908eb52a0639c508054,2013-06,Nottinghamshire Police,Nottinghamshire Police,-1.175005,52.994559,On or near HOVE ROAD,E01013855,Nottingham 006C,Investigation complete; no suspect identified
fe741c12fa375d32d15d2257a786a78364f16b02b5909d6b1871cd6686757475,2013-06,Nottinghamshire Police,Nottinghamshire Police,-1.216062,52.975914,On or near WOODFIELD ROAD,E01013822,Nottingham 011C,Offender given a caution
534d2010d25a649c573ce2c18056f7bdd04115c93462541d23b1f9ddce3f7675,2013-06,Nottinghamshire Police,Nottinghamshire Police,-1.156222,53.002770,On or near Supermarket,E01013850,Nottingham 038B,Investigation complete; no suspect identified
2b2252526174412ddb180627ba37009db967c15c865c6aceea3438925675f58c,2013-06,Nottinghamshire Police,Nottinghamshire Police,-1.196633,53.004524,On or near MERCHANT STREET,E01013882,Nottingham 002D,Investigation complete; no suspect identified
f7a3fa407c6252b32c03f30e3a18b670dafd4896953aa6e31073d3efb3adbe23,2013-06,Nottinghamshire Police,Nottinghamshire Police,-1.179006,53.003577,On or near Petrol Station,E01013893,Nottingham 001C,Investigation complete; no suspect identified
7d71ab84361f38ef99dba19a215a1a4509d65485485dab9f31a7a8f8bbe417c1,2013-06,Nottinghamshire Police,Nottinghamshire Police,-1.190437,52.976453,On or near DENEHURST AVENUE,E01013934,Nottingham 019E,Investigation complete; no suspect identified
c858f8c6a77672a59663b524dde9af4858c97a6252b22c44774fd611ca949382,2013-06,Nottinghamshire Police,Nottinghamshire Police,-1.153847,53.000766,On or near CHERRY ORCHARD MOUNT,E01013853,Nottingham 006A,Investigation complete; no suspect identified
cdb1cc9bb16493a5306b022fd93a228c65790b04862ccd6905c9d7e420755f1e,2013-06,Nottinghamshire Police,Nottinghamshire Police,-1.223549,52.965293,On or near MONKTON DRIVE,E01013861,Nottingham 020B,Investigation complete; no suspect identified
5d6de9d8447f8f5e8355b9a7c327bdf127734b616c48c2ade82fafb37dab14ba,2013-06,Nottinghamshire Police,Nottinghamshire Police,-1.203647,52.995878,On or near STEADFOLD CLOSE,E01013877,Nottingham 005C,Investigation complete; no suspect identified
6d5d4da90c0afd7b14e1a1de32926bab137ed731fd85485bce9a3d853e1bf7a9,2013-06,Nottinghamshire Police,Nottinghamshire Police,-1.166250,52.990417,On or near CAIRNS CLOSE,E01033398,Nottingham 006G,Investigation complete; no suspect identified
102b87d985d8cb5dd96f19d676c62c21227ff32e4ac512ed3cf654676ccde0c0,2013-06,Nottinghamshire Police,Nottinghamshire Police,-1.187346,52.964179,On or near GRASSINGTON ROAD,E01013931,Nottingham 019B,Investigation complete; no suspect identified
986cfe3068141ff882dad820c3bdb4fd7494c73072f7249bd1f58c7dfad547b8,2013-06,Nottinghamshire Police,Nottinghamshire Police,-1.161341,53.008496,On or near CHEVIN GARDENS,E01013851,Nottingham 038C,Investigation complete; no suspect identified
ba6c53c1ae34f01dddc5f4b38f9004a7978c4d174b4eaf845583397c0787fa6c,2013-06,Nottinghamshire Police,Nottinghamshire Police,-1.163484,53.005590,On or near RANSKILL GARDENS,E01013849,Nottingham 038A,Investigation complete; no suspect identified
e9cc82015ddd0bb0f2a8b1e064732167dce108cb2f84d581884c88ebeec42e46,2013-06,Nottinghamshire Police,Nottinghamshire Police,-1.157960,53.005344,On or near GRIERSON AVENUE,E01013850,Nottingham 038B,Investigation complete; no suspect identified
7e3afc36a5bdd577427f36b9e57c4c21b4a3616b1925e7ee009964ecca3a9d31,2013-06,Nottinghamshire Police,Nottinghamshire Police,-1.223038,52.983026,On or near KEW GARDENS,E01028121,Broxtowe 016E,Investigation complete; no suspect identified
c8552304cdd854fb2f9a55f33a67d57102f060e403d9a1309976470fe7033171,2013-06,Nottinghamshire Police,Nottinghamshire Police,-1.179006,53.003577,On or near Petrol Station,E01013893,Nottingham 001C,Investigation complete; no suspect identified
cdba0c8e282617b5a112a2bf7353cda273055605d6cc5967aaa77e00c0c0775d,2013-06,Nottinghamshire Police,Nottinghamshire Police,-1.174834,53.002766,On or near CHICHESTER CLOSE,E01013893,Nottingham 001C,Investigation complete; no suspect identified
c592a72154745b34ff2a8a66f0282a8ac9bd2f487a2b37540f5db1ea0ab03ac9,2013-06,Nottinghamshire Police,Nottinghamshire Police,-1.181549,52.980977,On or near ROMANS COURT,E01013832,Nottingham 009D,Investigation complete; no suspect identified
2a8b29eafbab453576316e2b17c3a65306546a2bf78e8be7cc71889ebfcca4fc,2013-06,Nottinghamshire Police,Nottinghamshire Police,-1.181549,52.980977,On or near ROMANS COURT,E01013832,Nottingham 009D,Investigation complete; no suspect identified
85e799978e95720c49c48f10d4d9e4f3cedc8d658827984ec8049ba3b2b2e48c,2013-06,Nottinghamshire Police,Nottinghamshire Police,-1.172816,53.007004,On or near CONEY WALK,E01013894,Nottingham 001D,Investigation complete; no suspect identified
2fd244e56dd1e559b006e00262221bfab1ac46f30f7ca27e8c9ef7d352671c7a,2013-06,Nottinghamshire Police,Nottinghamshire Police,-1.183925,52.996374,On or near ROWE GARDENS,E01013889,Nottingham 004C,Investigation complete; no suspect identified
693d00f349ef3e3d9cf48760114469f84985442728f4de2447dc5a8e8188e774,2013-06,Nottinghamshire Police,Nottinghamshire Police,-1.185661,52.972249,On or near NUTHALL ROAD,E01013934,Nottingham 019E,Investigation complete; no suspect identified
03407d1e816aace61488c0569876ce4a15b936d9b30b2c51ec35917acca7fcce,2013-06,Nottinghamshire Police,Nottinghamshire Police,-1.180397,52.980474,On or near CHURCH STREET,E01013832,Nottingham 009D,Investigation complete; no suspect identified
4ff9c900dd4b83a913f3b059456bce20cd6d8eac2e085783456017af16f26bc6,2013-06,Nottinghamshire Police,Nottinghamshire Police,-1.228757,52.980537,On or near LINBY DRIVE,E01013864,Nottingham 014A,Investigation complete; no suspect identified
ae00accf158e82730253b26161abb93885a84e944801f4654d2fe05fa28d0479,2013-06,Nottinghamshire Police,Nottinghamshire Police,-1.169929,52.961686,On or near ASPLEY PLACE,E01013814,Nottingham 022B,Suspect charged
96de7a9045ac79737a09a14ff07ab161ed3a04d55207bb08a4a60b5f7ea09b7d,2013-06,Nottinghamshire Police,Nottinghamshire Police,-1.156526,52.971839,On or near HAMILTON ROAD,E01013843,Nottingham 017A,Suspect charged
732d7a0fd9afa47406f8d2d32fb3fa19d36e56a3377319fd87fb5b82260f370d,2013-06,Nottinghamshire Police,Nottinghamshire Police,-1.151158,52.953211,On or near BEAST MARKET HILL,E01033400,Nottingham 039B,Investigation complete; no suspect identified
f9d86b88750ae550bca11ddbcfbe87f8297f5b8733c7a9e034fee59113d12375,2013-06,Nottinghamshire Police,Nottinghamshire Police,-1.173275,52.954104,On or near ASHBURNHAM AVENUE,E01033404,Nottingham 028G,Investigation complete; no suspect identified
76554d67d2fd1b27224315dc259c87f84732ecdd605540af84aab70557bf657d,2013-06,Nottinghamshire Police,Nottinghamshire Police,-1.176540,52.969472,On or near THE POPLARS,E01013930,Nottingham 019A,Investigation complete; no suspect identified
bb702253a923f7467d17d4174ead1d11203f3e37db683d5ce50540a3ec4a619a,2013-06,Nottinghamshire Police,Nottinghamshire Police,-1.169756,52.966853,On or near Supermarket,E01013846,Nottingham 018E,Investigation complete; no suspect identified
e91b807c4a3fa848a4c3bccb6ecdd4571cb16b609d6d1278aff5d1b85b54f714,2013-06,Nottinghamshire Police,Nottinghamshire Police,-1.164717,52.967942,On or near AUSTEN AVENUE,E01013847,Nottingham 017D,Investigation complete; no suspect identified
d3e638436044d9bdc8e9d1a5c2a1f4da66614c14fcd505ea0627196d3e7ff3f9,2013-06,Nottinghamshire Police,Nottinghamshire Police,-1.228177,52.949583,On or near BRAMCOTE DRIVE,E01013982,Nottingham 030B,Investigation complete; no suspect identified
042f36b7b2b1e3d574e46c63fa943904459630c397653b2be9f284383dff3052,2013-06,Nottinghamshire Police,Nottinghamshire Police,-1.175687,52.950129,On or near GLOUCESTER AVENUE,E01013924,Nottingham 031C,Investigation complete; no suspect identified
f6b3b64e53a70423c02282b6287d80a41d52a5100be9a117b50ef07582f854a9,2013-06,Nottinghamshire Police,Nottinghamshire Police,-1.161129,52.967925,On or near PREMIER ROAD,E01013847,Nottingham 017D,Investigation complete; no suspect identified
1665756415c9b580d9e9cb77d73a369c8d36d7eb9fb462ec93ed2e24931a913b,2013-06,Nottinghamshire Police,Nottinghamshire Police,-1.210700,52.956291,On or near COACHMANS CROFT,E01013977,Nottingham 027A,Investigation complete; no suspect identified
67b96752d9f640ccaf77761ff9a8edffabfa113eac016c8983e303ba88691ab5,2013-06,Nottinghamshire Police,Nottinghamshire Police,-1.176540,52.969472,On or near THE POPLARS,E01013930,Nottingham 019A,Investigation complete; no suspect identified
b0e98c65068822a3302df4c4d4b22dbd5d2e2b786883d9e0c9ae0e126da06f7d,2013-06,Nottinghamshire Police,Nottinghamshire Police,-1.147591,52.955945,On or near Shopping Area,E01033409,Nottingham 023H,Suspect charged
d9811076c4967de8f17f94b125c487cb6031006d84d1fd49ab16c55f3bea85e3,2013-06,Nottinghamshire Police,Nottinghamshire Police,-1.170179,52.948626,On or near ALLINGTON AVENUE,E01033408,Nottingham 031H,Investigation complete; no suspect identified
f44bc75f5a972a5be19e2e650d15805aa17e253d2d833d56fd5c8a9c4b7e5073,2013-06,Nottinghamshire Police,Nottinghamshire Police,-1.169756,52.966853,On or near Supermarket,E01013846,Nottingham 018E,Investigation complete; no suspect identified
6abd941d535d5af09e13ab9c819dd871e4a58c5a2e5f35b90af88883b998c77c,2013-06,Nottinghamshire Police,Nottinghamshire Police,-1.217392,52.955050,On or near RUSSELL DRIVE,E01013981,Nottingham 027D,Investigation complete; no suspect identified
5caab42f8e294717b20ecec59eb02b4d47a97ee65b702ce588b1f8763012d1d2,2013-06,Nottinghamshire Police,Nottinghamshire Police,-1.168127,52.976452,On or near MONSALL STREET,E01013839,Nottingham 012C,Investigation complete; no suspect identified
6cfce3e670a510018c671667a7a2f4a03ed28dbfd031520e8028133630a4245c,2013-06,Nottinghamshire Police,Nottinghamshire Police,-1.167042,52.975590,On or near MONSALL STREET,E01013841,Nottingham 012E,Investigation complete; no suspect identified
4b3cd38525e603eea823efd84c363972bc7ab4a05785244407e5abfc65898789,2013-06,Nottinghamshire Police,Nottinghamshire Police,-1.160603,52.990467,On or near Pedestrian Subway,E01013967,Nottingham 007E,Investigation complete; no suspect identified
a9baa3ae5e47051f5a2da36a375b746f679fbbc329b8db9d5a5f959aebb832bc,2013-06,Nottinghamshire Police,Nottinghamshire Police,-1.172100,52.965746,On or near PLEASANT ROW,E01013811,Nottingham 018B,Investigation complete; no suspect identified
14ad9867a77c4e58753130dbc80e6d99d1ecef8f837ff0b8c2e9613e92b59684,2013-06,Nottinghamshire Police,Nottinghamshire Police,-1.177468,52.963752,On or near RADFORD BOULEVARD,E01013944,Nottingham 026A,Investigation complete; no suspect identified
6ba6e3f9b7c6506d11885569e0e14b066f5e3017ab8ae2aadffbc00e2083ccd9,2013-06,Nottinghamshire Police,Nottinghamshire Police,-1.187094,52.940265,On or near SCIENCE ROAD,E01013975,Nottingham 032C,Investigation complete; no suspect identified
a1788ec0e3877459778ade8922ee0c08095ead9624ad6bfb6c3c21b786a6311b,2013-06,Nottinghamshire Police,Nottinghamshire Police,-1.230049,52.955609,On or near Petrol Station,E01013980,Nottingham 030A,Investigation complete; no suspect identified
7b64875c763fb9b1d07c7931220505c3f84b3abdd8c9b1a55a4f383df3337ed8,2013-06,Nottinghamshire Police,Nottinghamshire Police,-1.230049,52.955609,On or near Petrol Station,E01013980,Nottingham 030A,Investigation complete; no suspect identified
36b552e198efb6d30b1a2eea297cd2b3343f66563649aed3d282e97e348e297c,2013-06,Nottinghamshire Police,Nottinghamshire Police,-1.189541,52.939122,On or near Parking Area,E01013973,Nottingham 032A,Investigation complete; no suspect identified
dcc00df6e70dd0a735ceeddd772c4b95b52f7021d0f35135f9e3b3a0611cb4cc,2013-06,Nottinghamshire Police,Nottinghamshire Police,-1.193752,52.954352,On or near Supermarket,E01013979,Nottingham 027C,Investigation complete; no suspect identified
bfd42849ceeca8c37bfd7272da3b7ea01e1f4659bd289decf05ddf363adaf137,2013-06,Nottinghamshire Police,Nottinghamshire Police,-1.155052,52.956547,On or near Parking Area,E01013816,Nottingham 022D,Investigation complete; no suspect identified
0015fbcf5e2c08182a6b5856aa3e0c8673d41d49335e89d30936cdb8576cd860,2013-06,Nottinghamshire Police,Nottinghamshire Police,-1.145645,52.984464,On or near MAGNUS ROAD,E01013966,Nottingham 007D,Investigation complete; no suspect identified
fdd834c95bc0d8f4aa3d0992ff4f9d55f7d1d8c3243bc6dc592fcc812dcef9c5,2013-06,Nottinghamshire Police,Nottinghamshire Police,-1.169842,52.963132,On or near HUBERT STREET,E01013814,Nottingham 022B,Investigation complete; no suspect identified
b41d3107f3735f9b79fec68b29ce6685dfe9e2e8788b920725c8c9cea4ef1274,2013-06,Nottinghamshire Police,Nottinghamshire Police,-1.187941,52.948299,On or near ORSTON GREEN,E01013974,Nottingham 032B,Investigation complete; no suspect identified
04d513dc7e848c7b22e4e397b224bbf8315b3d15c893827685a71aec46c66809,2013-06,Nottinghamshire Police,Nottinghamshire Police,-1.147591,52.955945,On or near Shopping Area,E01033409,Nottingham 023H,Investigation complete; no suspect identified
667145a31c894dff392fd6466d9285bf128f9aa5cbf881295f69bc2628866b51,2013-06,Nottinghamshire Police,Nottinghamshire Police,-1.178200,52.944762,On or near FORSYTHIA GARDENS,E01013926,Nottingham 031E,Investigation complete; no suspect identified
3f927c385991a70dc4825aa9ef07aef729b9dbcf896e429cf7f8b54156d74fb1,2013-06,Nottinghamshire Police,Nottinghamshire Police,-1.156526,52.971839,On or near HAMILTON ROAD,E01013843,Nottingham 017A,Suspect charged
a5d4b8460d583a70bd48a616ffcac394a40073c0c75cc66c598dabb3533414ea,2013-06,Nottinghamshire Police,Nottinghamshire Police,-1.181484,52.965514,On or near BOBBERS MILL BRIDGE,E01013930,Nottingham 019A,Investigation complete; no suspect identified
5ffc91d1ed53eb7cedd0233affd6eec4d7363094930ebe23075d0920686c79bf,2013-06,Nottinghamshire Police,Nottinghamshire Police,-1.159803,52.974128,On or near ELTON ROAD NORTH,E01013843,Nottingham 017A,Investigation complete; no suspect identified
d866b2e27cd41490a5ee71b77b48f29dcc28f8eb573ba9a81f067531c2f0544d,2013-06,Nottinghamshire Police,Nottinghamshire Police,-1.179767,52.941366,On or near WARWICK STREET,E01013928,Nottingham 031G,Investigation complete; no suspect identified
a9aa7ef971d3fb94a98de4037c0370df9cdcf62155a344957b3f6f62f17b021c,2013-06,Nottinghamshire Police,Nottinghamshire Police,-1.145030,52.980899,On or near MANSFIELD STREET,E01013969,Nottingham 010C,Suspect charged
efe54922e6a178893df0e22c3396c8bcdc531b378951cba19398033e82b97950,2013-06,Nottinghamshire Police,Nottinghamshire Police,-1.111664,53.296331,On or near RICHMOND ROAD,E01028065,Bassetlaw 012B,Suspect charged
f79c5fa94cea3cc2e028c70b9e514125cf38bc074d7439c10f310cbf0623a3fb,2013-06,Nottinghamshire Police,Nottinghamshire Police,-1.114194,53.292268,On or near NETHERTON ROAD,E01028067,Bassetlaw 013D,Investigation complete; no suspect identified
146fe47ff105a755912f45cfc9578fcd11cd5ed7427a7b030633060fdf859275,2013-06,Nottinghamshire Police,Nottinghamshire Police,-1.101773,53.297236,On or near SOUTH AVENUE,E01028064,Bassetlaw 014E,Investigation complete; no suspect identified
559db9eaa3b4b62fcbb718509fbc97d9f710b2cb5b9dc6a0752e3646d931b02a,2013-06,Nottinghamshire Police,Nottinghamshire Police,-1.131607,53.302860,On or near HARRINGTON STREET,E01028062,Bassetlaw 013C,Investigation complete; no suspect identified
430242bca6c0f914c678e60f78338772c792a9f2cee3ef49c97e1042656536b0,2013-06,Nottinghamshire Police,Nottinghamshire Police,-1.080249,53.298978,On or near B6040,E01028064,Bassetlaw 014E,Investigation complete; no suspect identified
7db8f19ead44bebe1e7688ca258e946ba72f2235dab839f1072258f3023c44a6,2013-06,Nottinghamshire Police,Nottinghamshire Police,-1.080249,53.298978,On or near B6040,E01028064,Bassetlaw 014E,Investigation complete; no suspect identified
ae61d9aaa69a6db943482be679e931ea39eb13e59a19af71e6447f62052064c2,2013-06,Nottinghamshire Police,Nottinghamshire Police,-1.112571,53.299654,On or near LINCOLN STREET,E01028065,Bassetlaw 012B,Investigation complete; no suspect identified
2d67bcf2a8396157495b71a3a68ea9c5b2d27d69d800db0ec3aaa8a53349da9c,2013-06,Nottinghamshire Police,Nottinghamshire Police,-1.122825,53.307407,On or near B6045,E01028057,Bassetlaw 012A,Investigation complete; no suspect identified
8884f893801e7898991dd8dfbf7e5a7292e28d9b3d49cde2e7808fc01f434e53,2013-06,Nottinghamshire Police,Nottinghamshire Police,-1.066589,53.266880,On or near Sports/Recreation Area,E01028040,Bassetlaw 014A,Investigation complete; no suspect identified
6ec959d11db5f8517709bc028d619561d6955186b10ffe9caa4657c644164f59,2013-06,Nottinghamshire Police,Nottinghamshire Police,-1.137485,53.312745,On or near Sports/Recreation Area,E01028055,Bassetlaw 009A,Investigation complete; no suspect identified
98a684e99471a38905e6bcb013a5601c6b7d8a0700b6ac46a322caf4b2e1e10c,2013-06,Nottinghamshire Police,Nottinghamshire Police,-1.114194,53.292268,On or near NETHERTON ROAD,E01028067,Bassetlaw 013D,Investigation complete; no suspect identified
3b20f75c86d95f3c490656baf74bc7b4491e3d3561d83945edc34ecffc13b420,2013-06,Nottinghamshire Police,Nottinghamshire Police,-1.128907,53.305006,On or near CENTRAL AVENUE,E01028062,Bassetlaw 013C,Investigation complete; no suspect identified
f79675d614c605cccaba3a7ba95bf9cadfc321a8a44fba8e14169ac2850bfbd0,2013-06,Nottinghamshire Police,Nottinghamshire Police,-1.112876,53.308834,On or near KILTON ROAD,E01028068,Bassetlaw 012D,Investigation complete; no suspect identified
01df021a2dc7b8071e01af69463e5348d414a2cb0167549733a980e7374e2419,2013-06,Nottinghamshire Police,Nottinghamshire Police,-1.113677,53.294755,On or near WAVERLEY WAY,E01028067,Bassetlaw 013D,Investigation complete; no suspect identified
6d53c793d4a0b5ca71b1eb82750a69ba0062d78d258328adce932aebd8db204e,2013-06,Nottinghamshire Police,Nottinghamshire Police,-1.170208,53.324240,On or near Sports/Recreation Area,E01028058,Bassetlaw 009C,Investigation complete; no suspect identified
7ea19a67ee05fd25d5f944590c36027b5c7cb6c74b817c5b97956b9cb2b0a59c,2013-06,Nottinghamshire Police,Nottinghamshire Police,-1.105222,53.310224,On or near LONGFELLOW DRIVE,E01028044,Bassetlaw 016F,Investigation complete; no suspect identified
9864b6924c37c6844440b0acc610ec3c9c05f98bc0c8cb390ed4f629aff66006,2013-06,Nottinghamshire Police,Nottinghamshire Police,-1.123669,53.305031,On or near RYTON STREET,E01028062,Bassetlaw 013C,Investigation complete; no suspect identified
96a733063a0b95960e658981b8498900022b333d0b5d1af5718211e524041047,2013-06,Nottinghamshire Police,Nottinghamshire Police,-1.007061,53.203583,On or near SHERWOOD DRIVE,E01028341,Newark and Sherwood 001F,Investigation complete; no suspect identified
798ac997d2d72a215ea338f6d651c53182bd73d953e4278ac0375999ba2d4e9f,2013-06,Nottinghamshire Police,Nottinghamshire Police,-1.039634,53.140799,On or near ALLANDALE,E01028297,Newark and Sherwood 005B,Investigation complete; no suspect identified
f58234ae9d4722eb9da60d0ee1ed2b0eaf27254aed1b956064d47498048a1d23,2013-06,Nottinghamshire Police,Nottinghamshire Police,-0.953487,53.078307,On or near Parking Area,E01028345,Newark and Sherwood 008A,Investigation complete; no suspect identified
549ca614d1daa86c1092c41c8be0afba2c9330306ad8ca8882ea3b1cecec67b9,2013-06,Nottinghamshire Police,Nottinghamshire Police,-1.068635,53.193383,On or near FIRST AVENUE,E01028323,Newark and Sherwood 002E,Investigation complete; no suspect identified
017595c92ac53f7a365d19f539caa366244ba7f190022953337226dbcff1bdae,2013-06,Nottinghamshire Police,Nottinghamshire Police,-1.019558,53.203767,On or near MAIDA LANE,E01028340,Newark and Sherwood 001E,Investigation complete; no suspect identified
2756445762190734f299e26ee106355c2590444ed2476b4d9c8b6bed2a6c0143,2013-06,Nottinghamshire Police,Nottinghamshire Police,-1.080131,53.117791,On or near KIRKLINGTON ROAD,E01028295,Newark and Sherwood 005A,Investigation complete; no suspect identified
cf01a6223799fe0c8c863ae31b0658bbaabef9fc2d4b681d6ea98f404be2d870,2013-06,Nottinghamshire Police,Nottinghamshire Police,-1.047446,53.165420,On or near Park/Open Space,E01028295,Newark and Sherwood 005A,Investigation complete; no suspect identified
fd923e11b382132833773d9d377a02496309d7d5b1789d732fc7516251434476,2013-06,Nottinghamshire Police,Nottinghamshire Police,-1.064032,53.055451,On or near ELMCROFT,E01028327,Newark and Sherwood 005C,Investigation complete; no suspect identified
efe99566ff87de5ad67b11105213f2278f7a7fdfc201e033c992fb3f331016d3,2013-06,Nottinghamshire Police,Nottinghamshire Police,-1.003804,53.010589,On or near BROOKSIDE,E01028330,Newark and Sherwood 013A,Investigation complete; no suspect identified
e58e7e0462499a446d249adcc5538e222a19f2dfc427ab0e92b44c48c6d551ba,2013-06,Nottinghamshire Police,Nottinghamshire Police,-1.061523,53.190064,On or near DUKERIES CRESCENT,E01028322,Newark and Sherwood 002D,Investigation complete; no suspect identified
360391e1f762aaebcefe0ecf5aae8c22b3917da551529b8374b7e051dbd98ab2,2013-06,Nottinghamshire Police,Nottinghamshire Police,-0.810483,53.076937,On or near MIDDLE GATE,E01028310,Newark and Sherwood 007F,Investigation complete; no suspect identified
f2d7b0e17863c2ad55949b76f5f9a41adb1d9807ef50443055e92d2418422169,2013-06,Nottinghamshire Police,Nottinghamshire Police,-0.807648,53.064467,On or near CARLTON CLOSE,E01028334,Newark and Sherwood 009D,Investigation complete; no suspect identified
e9675c02bb33a1165202a61006ee412f5bd33b5c2772a96dfe60603f9cef493e,2013-06,Nottinghamshire Police,Nottinghamshire Police,-0.806490,53.075018,On or near Parking Area,E01028335,Newark and Sherwood 009E,Local resolution
13ae8f85890b691e233383fc8ce862b49814270908ce17b9d3b02c86d053a7d4,2013-06,Nottinghamshire Police,Nottinghamshire Police,-1.059241,53.416426,On or near COLLIERY ROAD,E01028027,Bassetlaw 001E,Suspect charged
3438763fef960a6e1d4128ab977737b69ba49fd3de856f91756f77586b528785,2013-06,Nottinghamshire Police,Nottinghamshire Police,-1.048451,53.419208,On or near NORFOLK ROAD,E01028025,Bassetlaw 001C,Suspect charged
853cc806e849c55ae6ddf2ee11247e921e660279cacfee12b80daf88240d9a85,2013-06,Nottinghamshire Police,Nottinghamshire Police,-0.842038,53.422329,On or near SIDSAPH HILL,E01027999,Bassetlaw 002A,Investigation complete; no suspect identified
ce313ee2d60b541f1c4b0417f470cbb3d8971746a9f3fd6d753b5db088728612,2013-06,Nottinghamshire Police,Nottinghamshire Police,-1.073671,53.422633,On or near OXFORD DRIVE,E01028028,Bassetlaw 001F,Investigation complete; no suspect identified
177cee7434844afc270eb15a9d05415f0b92f55d28ae0420ebd35c18c50004ce,2013-06,Nottinghamshire Police,Nottinghamshire Police,-0.899584,53.234389,On or near BURLEIGH COURT,E01028037,Bassetlaw 015D,Investigation complete; no suspect identified
52e42a86c649e5f1015b798656fa684b484a785b117c4222747c069bd8f811c4,2013-06,Nottinghamshire Police,Nottinghamshire Police,-0.947245,53.307587,On or near GRANGE ROAD,E01028018,Bassetlaw 010B,Investigation complete; no suspect identified
cff2ac803e0f6c10ef4c5538e0457f55a71d995bf5b1ec23bdb21a3b60a75df5,2013-06,Nottinghamshire Police,Nottinghamshire Police,-1.172996,53.154978,On or near ALLENDALE WAY,E01028242,Mansfield 005A,Investigation complete; no suspect identified
b2adc6f28fbb153ec16c20ed66ab989598d284e4c392718d67ef4f89e553d79e,2013-06,Nottinghamshire Police,Nottinghamshire Police,-1.218150,53.139785,On or near Sports/Recreation Area,E01028249,Mansfield 010G,Investigation complete; no suspect identified
9231b0fdd6c8c436e909a2747463328ed8f2c01169f8f6a1e27b18f986a959cc,2013-06,Nottinghamshire Police,Nottinghamshire Police,-1.195530,53.145505,On or near CLERKSON'S ALLEY,E01028284,Mansfield 008F,Local resolution
80de21bdb2d5c6b1c2d5ba49b46daf94b139e7892f7aa9dd2b7041708e8438ea,2013-06,Nottinghamshire Police,Nottinghamshire Police,-1.194422,53.146387,On or near LEEMING STREET,E01028274,Mansfield 009C,Local resolution
1f0a8aacb83ad022dceec4c0a34a5840c7b78cd62177695ef1d8fa251883fda2,2013-06,Nottinghamshire Police,Nottinghamshire Police,-1.188246,53.137742,On or near CEDAR STREET,E01028269,Mansfield 008E,Investigation complete; no suspect identified
cd9ddf5f6451efd59c2bcd73fbeaefdc94f2b1acea66eea2191f163646c7bb4f,2013-06,Nottinghamshire Police,Nottinghamshire Police,-1.194662,53.143953,On or near CHURCH STREET,E01028268,Mansfield 008D,Investigation complete; no suspect identified
07cacad61a15737bf42be9344bb3136b4402720e3361ca8dd81fa2a11f37e245,2013-06,Nottinghamshire Police,Nottinghamshire Police,-1.181181,53.147627,On or near HIBBERT ROAD,E01028276,Mansfield 009E,Investigation complete; no suspect identified
cf64712f8991d46db25a6899e2f851c5244baa4a8c8607a2270e763a5134734f,2013-06,Nottinghamshire Police,Nottinghamshire Police,-1.182322,53.143446,On or near BIRKLAND STREET,E01028233,Mansfield 009A,Suspect charged
5dc117b01f33f75e680aa69e39c85d7d782a28f0d4161d42302900b8341683db,2013-06,Nottinghamshire Police,Nottinghamshire Police,-1.203113,53.040264,On or near THE CONNERY,E01027933,Ashfield 014D,Investigation complete; no suspect identified
44079f3e29cb88092f77f314100550aea20a619d678073f1533eb3c769e750cf,2013-06,Nottinghamshire Police,Nottinghamshire Police,-1.191016,53.031526,On or near ROSEBERRY GARDENS,E01027931,Ashfield 013B,Investigation complete; no suspect identified
58dc26738100530bb16e767ee034ed554b89a2826f7e6dd5492b51454628228a,2013-06,Nottinghamshire Police,Nottinghamshire Police,-1.200204,53.027372,On or near LILAC ROAD,E01027930,Ashfield 016B,Investigation complete; no suspect identified
e64f66db79254cc6be096be40d09385d96415929ee6d45f415e42137265187ce,2013-06,Nottinghamshire Police,Nottinghamshire Police,-1.204584,53.042962,On or near LINBY WALK,E01027933,Ashfield 014D,Investigation complete; no suspect identified
a9641ec5aa3c4767fdb5f28344718d168380285616d4e691c3f6706b1f498d32,2013-06,Nottinghamshire Police,Nottinghamshire Police,-1.203265,53.038458,On or near Shopping Area,E01027933,Ashfield 014D,Investigation complete; no suspect identified
5075436ea6588dfcaf05313e3f58aaeda5b3182af446dcc57d74aa5b70714b7c,2013-06,Nottinghamshire Police,Nottinghamshire Police,-1.257387,53.132270,On or near HOWARD STREET,E01027970,Ashfield 002A,Offender given a caution
d6558219de36e6deec62298f8aad1494ac2eaf8bae0e25eb0dfb689511493577,2013-06,Nottinghamshire Police,Nottinghamshire Police,-1.254335,53.105661,On or near PRIVET AVENUE,E01027956,Ashfield 008C,Investigation complete; no suspect identified
7f4a4f0b34b1850477e780f0cda47fa43bcd9421fd26f8ec37783c82ab17a81f,2013-06,Nottinghamshire Police,Nottinghamshire Police,-1.247203,53.098352,On or near Parking Area,E01027948,Ashfield 009B,Investigation complete; no suspect identified
4bb0c50887de13f14ec8efcae73bb059f4e312e020e84736fea4202e59abc15e,2013-06,Nottinghamshire Police,Nottinghamshire Police,-1.262060,53.127319,On or near Parking Area,E01027965,Ashfield 005B,Investigation complete; no suspect identified
1a1b582e80e682bdd09fac98349c9354ba05549e57ce4e90898b58a1d6740c01,2013-06,Nottinghamshire Police,Nottinghamshire Police,-1.303758,53.130896,On or near BACK LANE,E01027986,Ashfield 003B,Investigation complete; no suspect identified
5c5a38c7bd063f0dec457a136bdbf2b7e3ea655128d403f6a1aa951fa71fe14b,2013-06,Nottinghamshire Police,Nottinghamshire Police,-1.307353,53.132211,On or near CLEGG HILL DRIVE,E01027986,Ashfield 003B,Investigation complete; no suspect identified
825726c6fdbb5e64de6f65f97a3908db412e851e35ca1bf31f602e901b7dcf72,2013-06,Nottinghamshire Police,Nottinghamshire Police,-1.259905,53.119638,On or near HENRY STREET,E01027976,Ashfield 005E,Investigation complete; no suspect identified
eed1ec2c6b4c290f468bb3142be54e2e332f02af94b3b4bafcc104b5831d4bc7,2013-06,Nottinghamshire Police,Nottinghamshire Police,-1.105236,52.924485,On or near LINGMELL CLOSE,E01028375,Rushcliffe 006B,Investigation complete; no suspect identified
36e583efe9b0ebd0bd913ed277f0534986214d76df76196db9145edd9eea4e66,2013-06,Nottinghamshire Police,Nottinghamshire Police,-1.155080,52.913101,On or near HARSTON GARDENS,E01028364,Rushcliffe 007B,Investigation complete; no suspect identified
0df5017322eae3dce73fe542cf806bb90f6835511bf6d969b333ebbded23c130,2013-06,Nottinghamshire Police,Nottinghamshire Police,-1.307139,53.014406,On or near SWIFT COURT,E01028112,Broxtowe 002C,Offender given a drugs possession warning
94b599dadadde013849761ca2d1098be3c7e3a549b1e83736327a2e18645276d,2013-06,Nottinghamshire Police,Nottinghamshire Police,-1.279877,53.011655,On or near HEMINGWAY CLOSE,E01028118,Broxtowe 003E,Suspect charged
5e331f0e54fb285c3bd57a8dea435bd416c734d677aa4045f23ecf995b9dce07,2013-06,Nottinghamshire Police,Nottinghamshire Police,-1.090740,52.966743,On or near Supermarket,E01028158,Gedling 014D,Local resolution
3912c6339ff333568b647c383a4d976d0b859013ce8f3e40de88d76bef2fe2ba,2013-06,Nottinghamshire Police,Nottinghamshire Police,-1.064310,52.958492,On or near MALLARD ROAD,E01028187,Gedling 015D,Investigation complete; no suspect identified
a9a32c1a725a2ba2ec36463c5d3ebdf240c3ad6f2882f6ad0ad4c854435ad40b,2013-06,Nottinghamshire Police,Nottinghamshire Police,-1.217728,52.924838,On or near CHILWELL ROAD,E01028085,Broxtowe 011D,Investigation complete; no suspect identified
20a0e685115ad9c1479a26636b1c24abdf05d77347c889b54f1dea2dd112aa43,2013-06,Nottinghamshire Police,Nottinghamshire Police,-1.249857,52.924003,On or near GREAT HOGGETT DRIVE,E01028101,Broxtowe 013E,Investigation complete; no suspect identified
1004643248f7024bf11ee7f8d5bd620aeb02178eb1a45fa52150ccf6441dd952,2013-06,Nottinghamshire Police,Nottinghamshire Police,-1.255743,52.906933,On or near HONITON CLOSE,E01028139,Broxtowe 015E,Investigation complete; no suspect identified
cec1505c58ca026da800e72786ef843622758eaa6a1270a08997fe5727e4ce8a,2013-06,Nottinghamshire Police,Nottinghamshire Police,-1.123833,52.983235,On or near Petrol Station,E01013935,Nottingham 010A,Investigation complete; no suspect identified
943e0dbed187f1a1330f7879b796a0b48e4b6019976d0c84eaa491481d5875e7,2013-06,Nottinghamshire Police,Nottinghamshire Police,-1.077317,53.039778,On or near BROOM ROAD,E01028154,Gedling 002E,Suspect charged
f3e6d50a6eb4dcbb1aaa19043bfa79843f6da25781c727f9f6f1da6dab9d784b,2013-06,Nottinghamshire Police,Nottinghamshire Police,-1.128935,52.948753,On or near THORESBY AVENUE,E01013920,Nottingham 029C,Offender given a caution
70154bbd3a6e18160512d21a93288440cf3a111f54d388c846f93b1adee79819,2013-06,Nottinghamshire Police,Nottinghamshire Police,-1.106112,52.956333,On or near GREENWOOD ROAD,E01013917,Nottingham 024E,Offender given a caution
081f9388582c6c304e8dcd341417ba62753b5497f78e20eeaa2bacb8f236b8b0,2013-06,Nottinghamshire Police,Nottinghamshire Police,-1.173664,52.906300,On or near EDENHALL GARDENS,E01013900,Nottingham 035D,Investigation complete; no suspect identified
82934b2d02bef720053ac0e9f440ec756e04efd8315c290e9be3ed0dbd9898f2,2013-06,Nottinghamshire Police,Nottinghamshire Police,-1.172046,52.899142,On or near GAYWOOD CLOSE,E01013906,Nottingham 037B,Investigation complete; no suspect identified
360e17e3ecd3c0881c9c0c9ab8aacc5a82b695248297c90bd18bc6a4168956fb,2013-06,Nottinghamshire Police,Nottinghamshire Police,-1.201801,52.978822,On or near WINSFORD CLOSE,E01013820,Nottingham 013B,Local resolution
d86285c9e0ccc7f01342a751578ed70ff6106ebd6d94a4082343e050739534d0,2013-06,Nottinghamshire Police,Nottinghamshire Police,-1.217492,52.975897,On or near BRADFIELD ROAD,E01013822,Nottingham 011C,Suspect charged
2918f13cc844a5fb75d90051abe81c2ef8b11a65edb112a9ae90af082739e187,2013-06,Nottinghamshire Police,Nottinghamshire Police,-1.168718,52.992250,On or near MILLIDGE CLOSE,E01033398,Nottingham 006G,Investigation complete; no suspect identified
7ffe6563f9a3af455ff86d3142a0facb070b3790e1ec63f7f1401d900c63dcc0,2013-06,Nottinghamshire Police,Nottinghamshire Police,-1.180189,52.998560,On or near Sports/Recreation Area,E01013889,Nottingham 004C,Investigation complete; no suspect identified
19ca9190d7ec74cbe284eb8cf5ede0d5849403f6325b211ec106a3a44745e25c,2013-06,Nottinghamshire Police,Nottinghamshire Police,-1.185944,52.999939,On or near EDGWARE ROAD,E01013890,Nottingham 004D,Investigation complete; no suspect identified
754e347995b9235128afd71bca50496b226d1c9961f6b0887a20ab0f23bd39bf,2013-06,Nottinghamshire Police,Nottinghamshire Police,-1.189153,53.005264,On or near BESTWOOD TERRACE,E01013886,Nottingham 004A,Offender given a drugs possession warning
130f6f5f441a526bdd3b4ffd955e794da9fcbffa2b0b34b8012c77b219e074dd,2013-06,Nottinghamshire Police,Nottinghamshire Police,-1.218682,52.964416,On or near MONKTON DRIVE,E01013861,Nottingham 020B,Investigation complete; no suspect identified
ddecf56ea04e5650baefa0ca7b026cffc26041b9fc3be23f4916a2a0f2833ad0,2013-06,Nottinghamshire Police,Nottinghamshire Police,-1.233239,52.960385,On or near KIMBER CLOSE,E01013860,Nottingham 025B,Investigation complete; no suspect identified
47ffae4587f124cb55028e496f77bce755bfb27b3345dba7bb74d813b56488ab,2013-06,Nottinghamshire Police,Nottinghamshire Police,-1.174738,52.984364,On or near ATHORPE GROVE,E01013828,Nottingham 008B,Investigation complete; no suspect identified
cf5fd70f9c8fbfca8c09c0ab3fe2bc77e4ab244cbd94d452361e1b67ed348652,2013-06,Nottinghamshire Police,Nottinghamshire Police,-1.188890,52.983463,On or near ROCK COURT,E01013830,Nottingham 009B,Investigation complete; no suspect identified
98f402fd8901beab8a03a1a305900cf36301cdeb29776948bda46fc7d810dc88,2013-06,Nottinghamshire Police,Nottinghamshire Police,-1.163916,52.993277,On or near BRATTON DRIVE,E01033397,Nottingham 006F,Investigation complete; no suspect identified
e00d27b83b749c6141d825f4c643c17c731a2ad3bcaa632e4154dbc4a9af8260,2013-06,Nottinghamshire Police,Nottinghamshire Police,-1.156517,53.000632,On or near CHILTERN WAY,E01013850,Nottingham 038B,Investigation complete; no suspect identified
a3929962b6953da6ba2ad49e468c662d326723413a2da9de4441d06d46dce876,2013-06,Nottinghamshire Police,Nottinghamshire Police,-1.206037,52.995526,On or near WILLOW HILL CLOSE,E01013878,Nottingham 005D,Investigation complete; no suspect identified
b3882b6e86b69ef1b7ee7ad7f52610c5118f8fad6780720319d3f4bbdb44f098,2013-06,Nottinghamshire Police,Nottinghamshire Police,-1.202021,52.970077,On or near ELMDALE GARDENS,E01013929,Nottingham 020D,Investigation complete; no suspect identified
8afd69845bad8c7585ebdfaebd1494a2bec418530a6adaef79a14642f4c594c8,2013-06,Nottinghamshire Police,Nottinghamshire Police,-1.187863,53.018389,On or near HUCKNALL LANE,E01027929,Ashfield 013A,Investigation complete; no suspect identified
23d6bab8fd3b1a4b7e8b168703334b7615e010553e514cf284f6f4d911818f5b,2013-06,Nottinghamshire Police,Nottinghamshire Police,-1.157467,53.003866,On or near EVERSLEY WALK,E01013850,Nottingham 038B,Investigation complete; no suspect identified
14b9deb1817429632db7eb8228e616c0990e25feced104d5685cc978159ac662,2013-06,Nottinghamshire Police,Nottinghamshire Police,-1.203609,52.978493,On or near MALTBY CLOSE,E01013820,Nottingham 013B,Investigation complete; no suspect identified
5e297ab937427315a8216e06945b79888612669840d7f4acf3e093413b197a20,2013-06,Nottinghamshire Police,Nottinghamshire Police,-1.156222,53.002770,On or near Supermarket,E01013850,Nottingham 038B,Investigation complete; no suspect identified
ec5635265362b099107f0e44928c09d0fc1f025501b25e4b6505874ec819b116,2013-06,Nottinghamshire Police,Nottinghamshire Police,-1.177098,53.002035,On or near CELANDINE CLOSE,E01013893,Nottingham 001C,Investigation complete; no suspect identified
1c592374ca3f5c957de386ee82e16013ea26ef82e6b9d154882792ca50f8329a,2013-06,Nottinghamshire Police,Nottinghamshire Police,-1.185257,52.988149,On or near EALING AVENUE,E01013836,Nottingham 008E,Investigation complete; no suspect identified
088616a217fcdb870ce2cd9a0d3c34ac576ead1a6be43d543c74a660848dcfeb,2013-06,Nottinghamshire Police,Nottinghamshire Police,-1.182270,52.979894,On or near WHITEMOOR ROAD,E01013832,Nottingham 009D,Investigation complete; no suspect identified
c3ffbe567229d34d686d587069d536a9d70c20e10813857db2b7d5ff28ae47fe,2013-06,Nottinghamshire Police,Nottinghamshire Police,-1.191836,52.995655,On or near Supermarket,E01013888,Nottingham 004B,Investigation complete; no suspect identified
96c7f50daa737293b67f06116604f472f8c56ccf5a0e178e251e1afa7320d82c,2013-06,Nottinghamshire Police,Nottinghamshire Police,-1.202704,53.002551,On or near MERSEY STREET,E01013885,Nottingham 002E,Investigation complete; no suspect identified
bb63ceb35a7522cd8715d2c4aaf0b9f71b828bae8e63a43d40c936afedd437f0,2013-06,Nottinghamshire Police,Nottinghamshire Police,-1.226548,52.971650,On or near ST MARTIN'S CLOSE,E01013866,Nottingham 014C,Investigation complete; no suspect identified
77e33d552aca7891ef8532d7df864f3f85e6a6bc54188aa24cd57639120c0338,2013-06,Nottinghamshire Police,Nottinghamshire Police,-1.154729,53.005959,On or near CHEDISTON VALE,E01013852,Nottingham 038D,Investigation complete; no suspect identified
e7ecc1fccf2072918b273e169b3c245389480ce60a1df30257792a679e82a783,2013-06,Nottinghamshire Police,Nottinghamshire Police,-0.799994,53.073505,On or near Supermarket,E01028294,Newark and Sherwood 007A,Investigation complete; no suspect identified
236317b61e43562768014635b2cb6c62cca6e669904651c5e239d845018a8cfc,2013-06,Nottinghamshire Police,Nottinghamshire Police,-0.809614,53.077575,On or near KIRK GATE,E01028310,Newark and Sherwood 007F,Investigation complete; no suspect identified
ac6dd5788e5af6626a47dbb321243fdd2121f85ac2088c26350ec4c2fd874d2e,2013-06,Nottinghamshire Police,Nottinghamshire Police,-1.113567,53.166587,On or near HIGHFIELD ROAD,E01028313,Newark and Sherwood 002A,Investigation complete; no suspect identified
d93070f455b49760a8d839c8f9f192c779f7873069518d56e88d631060a6fef6,2013-06,Nottinghamshire Police,Nottinghamshire Police,-1.065162,53.108020,On or near Theme/Adventure Park,E01028327,Newark and Sherwood 005C,Investigation complete; no suspect identified
552d9b663aa196d62a16557d0ce60c47ee3d26ddee57c666c9640f530559cd9d,2013-06,Nottinghamshire Police,Nottinghamshire Police,-1.063906,53.189894,On or near FRIEND LANE,E01028322,Newark and Sherwood 002D,Investigation complete; no suspect identified
d11d0cdee13ddcfe85460a0844492b6f77d6518959288a38c0dd330eb47d0b81,2013-06,Nottinghamshire Police,Nottinghamshire Police,-1.063906,53.189894,On or near FRIEND LANE,E01028322,Newark and Sherwood 002D,Investigation complete; no suspect identified
fec4047ad066171511e5e4ecdef55ce59b3f5b4f9e9fb3d677de7440538bef64,2013-06,Nottinghamshire Police,Nottinghamshire Police,-1.003575,53.011478,On or near CRANLEIGH DRIVE,E01028330,Newark and Sherwood 013A,Investigation complete; no suspect identified
13ae8f85890b691e233383fc8ce862b49814270908ce17b9d3b02c86d053a7d4,2013-06,Nottinghamshire Police,Nottinghamshire Police,-1.059241,53.416426,On or near COLLIERY ROAD,E01028027,Bassetlaw 001E,Suspect charged
3438763fef960a6e1d4128ab977737b69ba49fd3de856f91756f77586b528785,2013-06,Nottinghamshire Police,Nottinghamshire Police,-1.048451,53.419208,On or near NORFOLK ROAD,E01028025,Bassetlaw 001C,Suspect charged
640afe81eb7938f2b63dcc9ca36aac96e11479a936b4a4d481053ee158ff8a08,2013-06,Nottinghamshire Police,Nottinghamshire Police,-0.979113,53.355740,On or near TOWN STREET,E01028036,Bassetlaw 003C,Investigation complete; no suspect identified
5bcf042b586d5fc94d18c925284df08cee2efd0aa3f67e011182dbea35e79d9a,2013-06,Nottinghamshire Police,Nottinghamshire Police,-1.061249,53.418860,On or near HERRIOT GROVE,E01028026,Bassetlaw 001D,Investigation complete; no suspect identified
0411707fd9131fd326ebf82e82c892c632b3d0c7b986ddd6967092f9a0d138b3,2013-06,Nottinghamshire Police,Nottinghamshire Police,-1.206829,53.147369,On or near BROWNING STREET,E01028248,Mansfield 010F,Suspect charged
633bf52db4f1ecaf1ec04519414bf36e26005a110353456b84ac8700e64d2091,2013-06,Nottinghamshire Police,Nottinghamshire Police,-1.221492,53.134369,On or near KINGS LODGE DRIVE,E01028246,Mansfield 010E,Investigation complete; no suspect identified
e13bba6b9446fd831468fee3cbe702d8c2ce4bc8173851e8c727740e0dcea379,2013-06,Nottinghamshire Police,Nottinghamshire Police,-1.153916,53.204320,On or near HIGH STREET,E01028223,Mansfield 002A,Suspect charged
23bddccdb125b52de797c6af30a678e1428c7d5319718cea8ce859556781ac59,2013-06,Nottinghamshire Police,Nottinghamshire Police,-1.150520,53.201914,On or near LONGDEN TERRACE,E01028226,Mansfield 002C,Investigation complete; no suspect identified
a1f93fe51aaa74f73e79fef92a1facb1eefe5f87757e6f3536cf5e3aa071eb18,2013-06,Nottinghamshire Police,Nottinghamshire Police,-1.222845,53.142216,On or near HARRISON ROAD,E01028249,Mansfield 010G,Investigation complete; no suspect identified
ce3682708b71debfb82c20113cd4ebf75e79f4e358bb5287f44b84538add8709,2013-06,Nottinghamshire Police,Nottinghamshire Police,-1.163573,53.148925,On or near CROWN AVENUE,E01028243,Mansfield 007F,Investigation complete; no suspect identified
64aa5ec0030acc66fec42ada93c34f1d717038b14f4b2cb6489755e0c33204f8,2013-06,Nottinghamshire Police,Nottinghamshire Police,-1.196553,53.135533,On or near Shopping Area,E01028220,Mansfield 013B,Suspect charged
fe751147af460ac9c4549a54e3443a481df1cd87460c4a7110c7133975239a70,2013-06,Nottinghamshire Police,Nottinghamshire Police,-1.196177,53.142057,On or near CLERKSON STREET,E01028268,Mansfield 008D,Investigation complete; no suspect identified
ca418a1fd60a372b6665288d3e532ff262c5cfe3c9da6fdd3d56bd3082f387b7,2013-06,Nottinghamshire Police,Nottinghamshire Police,-1.168802,53.134417,On or near SOUTHWELL ROAD WEST,E01028219,Mansfield 013A,Investigation complete; no suspect identified
2cd49bd9fbdee81f1ce2ffccdbf4b988621dc97f88d6e7b299f2e1dcb0fbb103,2013-06,Nottinghamshire Police,Nottinghamshire Police,-1.193658,53.147263,On or near RUFFORD AVENUE,E01028274,Mansfield 009C,Investigation complete; no suspect identified
96ec7a0c65d30c692c02675ea5b7804d9d2c3a60a2697d09d1383027142c4b8d,2013-06,Nottinghamshire Police,Nottinghamshire Police,-1.153805,53.134671,On or near Shopping Area,E01028263,Mansfield 012D,Investigation complete; no suspect identified
e496ef80ab1f11236ed4ddcf9a7d577ec96c051e7858a5db006aee93d49986c7,2013-06,Nottinghamshire Police,Nottinghamshire Police,-1.175177,53.150435,On or near AUSTIN CLOSE,E01028275,Mansfield 009D,Investigation complete; no suspect identified
44fd1dfa1799cc53bd9c302cf0fe576771a4950a243620ca102c19671eae870f,2013-06,Nottinghamshire Police,Nottinghamshire Police,-1.200654,53.024795,On or near FIR CLOSE,E01027930,Ashfield 016B,Offender given a drugs possession warning
c56be8820c60b7d3c4b7dd67489faae727a9a3fa788bd2084ab677c6284f6972,2013-06,Nottinghamshire Police,Nottinghamshire Police,-1.222854,53.026479,On or near MARCHESI CLOSE,E01027942,Ashfield 016E,Investigation complete; no suspect identified
3cc26b5e2f61ca988ee3a3eea654a1bdb377451b3c1ffd5e9412a94958cc59cc,2013-06,Nottinghamshire Police,Nottinghamshire Police,-1.190077,53.030701,On or near LAKELAND AVENUE,E01027931,Ashfield 013B,Investigation complete; no suspect identified
76c8fea2e8756d026593b4c74081585b76a16624cd2f38d622980a7cc1ff0bb6,2013-06,Nottinghamshire Police,Nottinghamshire Police,-1.210630,53.028808,On or near BROOKFIELD AVENUE,E01027926,Ashfield 016A,Investigation complete; no suspect identified
ba6b22589da614de5b78307e097dc02df7fe64d37491e48dec9e23bc8528384d,2013-06,Nottinghamshire Police,Nottinghamshire Police,-1.203192,53.044031,On or near ADA PLACE,E01027934,Ashfield 013C,Investigation complete; no suspect identified
eec6b87569b8125ef724182b2f6695ca15bb3e02326bd950e9994ca88ebd8c70,2013-06,Nottinghamshire Police,Nottinghamshire Police,-1.209228,53.041896,On or near GEORGE STREET,E01027937,Ashfield 014E,Investigation complete; no suspect identified
afd33cbf1a48ae8a2703bf4f67f2c5b6a8f08a8fe0169aa9673718127dff5d26,2013-06,Nottinghamshire Police,Nottinghamshire Police,-1.207203,53.036786,On or near DERBYSHIRE LANE,E01027928,Ashfield 014B,Investigation complete; no suspect identified
aed825df3f90e65d35595e2e9586342dec818e5f3a4188bbd137122c4136812e,2013-06,Nottinghamshire Police,Nottinghamshire Police,-1.192952,53.031656,On or near RUFFORD CLOSE,E01027931,Ashfield 013B,Investigation complete; no suspect identified
6af2c410a866178c0525630ff8a5e654328279f1560e6d0a3bba37fe94ea8211,2013-06,Nottinghamshire Police,Nottinghamshire Police,-1.338053,53.062171,On or near LAVERICK ROAD,E01027945,Ashfield 012A,Investigation complete; no suspect identified
afbd44c179a690adf86bfe1d0b78591b849cb00be10be080d58ba3ff041758fa,2013-06,Nottinghamshire Police,Nottinghamshire Police,-1.237594,53.032750,On or near BLUEBELL CLOSE,E01027938,Ashfield 015B,Investigation complete; no suspect identified
44db6a643d76115792b29cef408787f2f22e0ccc39de111d40693ddc70424a00,2013-06,Nottinghamshire Police,Nottinghamshire Police,-1.195665,53.031728,On or near WHYBURN STREET,E01027931,Ashfield 013B,Investigation complete; no suspect identified
099313b4ac2cc50a67c2f9af79845b2ef191cd7a7a57e23fd3410b87e7dd32ec,2013-06,Nottinghamshire Police,Nottinghamshire Police,-1.207937,53.038283,On or near TURNER STREET,E01027928,Ashfield 014B,Investigation complete; no suspect identified
01518babd52141d9acec2b677000f7c685432cd047a96f86fad4749efbef3a15,2013-06,Nottinghamshire Police,Nottinghamshire Police,-1.254397,53.128844,On or near Parking Area,E01027978,Ashfield 004D,Investigation complete; no suspect identified
029c8e98b3d86cd0454be1118ad36b4fdd32fd6c207de918b78697c1627182ac,2013-06,Nottinghamshire Police,Nottinghamshire Police,-1.278518,53.139555,On or near CROSS ROW,E01027983,Ashfield 001D,Investigation complete; no suspect identified
1f3c443f276e71980e8b3d013ccd6c6b8dd562b5770a031d17293e47ef123c75,2013-06,Nottinghamshire Police,Nottinghamshire Police,-1.309713,53.144450,On or near WILD HILL,E01027981,Ashfield 001C,Investigation complete; no suspect identified
49eb30c55276f3317a3f3fced61e028d5223092e84ac378c1c3ddd1e1c1f41b7,2013-06,Nottinghamshire Police,Nottinghamshire Police,-1.261239,53.125498,On or near FOREST STREET,E01027965,Ashfield 005B,Investigation complete; no suspect identified
c7d483f13554ba78cbec58cad14402cab1c7d86297861479a7d5e8feb6299067,2013-06,Nottinghamshire Police,Nottinghamshire Police,-1.271281,53.132634,On or near SOUTHWOOD AVENUE,E01027966,Ashfield 003A,Suspect charged
276040cb7c5462c8c9303624e3b33044b27dac16d0c1dd7352f7591b209d359f,2013-06,Nottinghamshire Police,Nottinghamshire Police,-1.256645,53.106808,On or near MINSTER CLOSE,E01027956,Ashfield 008C,Suspect charged
cf094c9ec682f8df55bbbc7ce03421a0e0efbfd7f4b60121d222f06b9a43fcef,2013-06,Nottinghamshire Police,Nottinghamshire Police,-1.266370,53.128730,On or near PERCIVAL CRESCENT,E01027965,Ashfield 005B,Investigation complete; no suspect identified
7979350b89fd405aa521739840858fc2eb9e6ea0dccb29112c3176793025be9e,2013-06,Nottinghamshire Police,Nottinghamshire Police,-1.273131,53.133679,On or near STANTON CRESCENT,E01027964,Ashfield 005A,Investigation complete; no suspect identified
366db926c94b921a8ad94691b95b54b1bda26328e091de064b310d3db63ca925,2013-06,Nottinghamshire Police,Nottinghamshire Police,-1.247735,53.137189,On or near DALESTORTH ROAD,E01027984,Ashfield 002D,Suspect charged
366db926c94b921a8ad94691b95b54b1bda26328e091de064b310d3db63ca925,2013-06,Nottinghamshire Police,Nottinghamshire Police,-1.247735,53.137189,On or near DALESTORTH ROAD,E01027984,Ashfield 002D,Suspect charged
fe1ff9c66d26298a6f87d245dbdec82b6f79e7bc30d992db6991ca848a4eb250,2013-06,Nottinghamshire Police,Nottinghamshire Police,-1.258288,53.125057,On or near PORTLAND CLOSE,E01027978,Ashfield 004D,Investigation complete; no suspect identified
e594e8ed51a1b1219b03366d315378433ee8e3a747db3057240567515c708292,2013-06,Nottinghamshire Police,Nottinghamshire Police,-1.271281,53.132634,On or near SOUTHWOOD AVENUE,E01027966,Ashfield 003A,Investigation complete; no suspect identified
57dfd1363849c133dc8cfdd52eeb601fb345805ef7498fd499afe740b57a7730,2013-06,Nottinghamshire Police,Nottinghamshire Police,-1.252748,53.089443,On or near Parking Area,E01027948,Ashfield 009B,Investigation complete; no suspect identified
71388e5a261964bfe63086ab8731a2ee05d5c4a8de25002495c03b66f2cfa44f,2013-06,Nottinghamshire Police,Nottinghamshire Police,-1.246438,53.132704,On or near HARTINGTON DRIVE,E01027984,Ashfield 002D,Investigation complete; no suspect identified
9f3203e1cf94ccf8f306ee0b47fa63299201dfcd38c4e531c4bacb0b126bbfef,2013-06,Nottinghamshire Police,Nottinghamshire Police,-1.246438,53.132704,On or near HARTINGTON DRIVE,E01027984,Ashfield 002D,Investigation complete; no suspect identified
6ee6edf1a8b8807f802fc5836d4063d14b8bcf10659be98efebc5c784a7597c4,2013-06,Nottinghamshire Police,Nottinghamshire Police,-1.250083,53.129383,On or near SHORT STREET,E01027978,Ashfield 004D,Investigation complete; no suspect identified
241f12d50c0f11ecef8144ccf07be0c53d7a34f13ec190e6886065e353661492,2013-06,Nottinghamshire Police,Nottinghamshire Police,-1.112807,52.930304,On or near BROCKLEY ROAD,E01028355,Rushcliffe 004B,Investigation complete; no suspect identified
b47b5c2e7cae405a8db14a150f37a15b44e070e035ca4f93aa1ac78d2baa285c,2013-06,Nottinghamshire Police,Nottinghamshire Police,-1.109415,52.928858,On or near SWINDALE CLOSE,E01028375,Rushcliffe 006B,Investigation complete; no suspect identified
a74d1687a5446ef8c8f1f6e5077f7e28e92e328347ba64ef5d253babfc9059a6,2013-06,Nottinghamshire Police,Nottinghamshire Police,-1.083011,52.874549,On or near WOLDS DRIVE,E01028382,Rushcliffe 013C,Suspect charged
c100648d21fe7238df100cdcfac8c114e54e0a9cd158f65a40701cb6ea641229,2013-06,Nottinghamshire Police,Nottinghamshire Police,-1.144266,52.813580,On or near ELMS CLOSE,E01028410,Rushcliffe 015E,Investigation complete; no suspect identified
68baf7798308341dfd2c1e5b518c00b4214aee6796fcbb5f86cfd4989e6645c4,2013-06,Nottinghamshire Police,Nottinghamshire Police,-1.083011,52.874549,On or near WOLDS DRIVE,E01028382,Rushcliffe 013C,Suspect charged
622bc0604c11fcb2193aded49ca50aa509625a82977363c17e7fb033c06a8ae4,2013-06,Nottinghamshire Police,Nottinghamshire Police,-0.911780,52.946056,On or near CROMWELL ROAD,E01028371,Rushcliffe 001A,Investigation complete; no suspect identified
c556fc04f04404da8e2c1f890cc16254b517b409b9a61f4983fc5900242381d5,2013-06,Nottinghamshire Police,Nottinghamshire Police,-1.302322,53.011744,On or near WILSON ROAD,E01028113,Broxtowe 002D,Suspect charged
40672451150e1e22317b765adb8dca65b5b9e59d18b523b1323c42cfcb5cbe1b,2013-06,Nottinghamshire Police,Nottinghamshire Police,-1.302322,53.011744,On or near WILSON ROAD,E01028113,Broxtowe 002D,Suspect charged
c28e14a4c10371a168ce5b064583e4ef794d8322956e4e761c87cc67c7469112,2013-06,Nottinghamshire Police,Nottinghamshire Police,-1.307305,53.018938,On or near Parking Area,E01028112,Broxtowe 002C,Suspect charged
c8b1412d3362ee91182534f9684b8d818900f2c4677c6c4a71eb431264e7b762,2013-06,Nottinghamshire Police,Nottinghamshire Police,-1.230513,52.985645,On or near HOLBORN CLOSE,E01028119,Broxtowe 016C,Investigation complete; no suspect identified
d5e5e3f69aac9506ecb1b32980bec0cdddbe4355b02ace6f03f10bd21a22b58a,2013-06,Nottinghamshire Police,Nottinghamshire Police,-1.303156,53.014598,On or near WILLIAM AVENUE,E01028113,Broxtowe 002D,Investigation complete; no suspect identified
cfa3bf743f90d6f6e4214a4ceea16e2f729d4674ae0181026db9f1de475ef85b,2013-06,Nottinghamshire Police,Nottinghamshire Police,-1.111831,52.970705,On or near ERNEST ROAD,E01028163,Gedling 013D,Investigation complete; no suspect identified
098d6abb9f76eceb5ffb11b44097cda9577da2494a35eef9dce11c48b11c7c03,2013-06,Nottinghamshire Police,Nottinghamshire Police,-0.846284,53.460034,On or near HAXEY GATE ROAD,E01028032,Bassetlaw 002D,Investigation complete; no suspect identified
e234823cacdc2a26a9a36c8b16a66a8fa5f0084d8837a584b1e6a2c085ff3aff,2013-06,Nottinghamshire Police,Nottinghamshire Police,-1.000684,53.420795,On or near Parking Area,E01028023,Bassetlaw 003A,Investigation complete; no suspect identified
0351f020a703362862624bde73f966cb5d0eccc59d8935d2e809f046236a0ac2,2013-06,Nottinghamshire Police,Nottinghamshire Police,-1.053063,53.418193,On or near HOWARD ROAD,E01028027,Bassetlaw 001E,Investigation complete; no suspect identified
c9bdf2eb8872d8867e63d783e8f05618bde3b56d28b2ec25ef8704070f9937ee,2013-06,Nottinghamshire Police,Nottinghamshire Police,-0.948512,53.306106,On or near OLLERTON ROAD,E01028018,Bassetlaw 010B,Investigation complete; no suspect identified
0c35e79ce7aadff0bcf45f6c4005d7a434d5c4a1d46c613563e295ea9c3e5caa,2013-06,Nottinghamshire Police,Nottinghamshire Police,-0.956091,53.310991,On or near ARUM CROFT,E01028017,Bassetlaw 010A,Investigation complete; no suspect identified
63281a89d2c2c61720ee5406117bf6c1a8206bb16dbdd5aaaea1073d2154095f,2013-06,Nottinghamshire Police,Nottinghamshire Police,-0.946356,53.318087,On or near ALBERT ROAD,E01028020,Bassetlaw 010D,Investigation complete; no suspect identified
625d159a1cfbebd562dccfc03311370c31ccad06dd80a8aff9265eaf85dec5f7,2013-06,Nottinghamshire Police,Nottinghamshire Police,-0.824830,53.352163,On or near STATION ROAD,E01028035,Bassetlaw 002E,Investigation complete; no suspect identified
f086efea87c2a60507ef4ed7109b86f6cda7bf13200add1a7cbb3629541f55e6,2013-06,Nottinghamshire Police,Nottinghamshire Police,-0.944564,53.320112,On or near WEST STREET,E01028020,Bassetlaw 010D,Investigation complete; no suspect identified
43f4af0e7db1c746edced32ad833d2e070bce4a56b30f77ecf525baac681072e,2013-06,Nottinghamshire Police,Nottinghamshire Police,-1.007251,53.381757,On or near BIRCH CLOSE,E01028034,Bassetlaw 003B,Investigation complete; no suspect identified
6d0466e4fd35f7133922f29efa83c1f755219b64acd14f7e20368d67f312c51d,2013-06,Nottinghamshire Police,Nottinghamshire Police,-0.965526,53.446483,On or near BACK LANE,E01028023,Bassetlaw 003A,Investigation complete; no suspect identified
67fea050b2aab623f42ca7036d1df8b644e7e69d20cbd7586ce45197986461e9,2013-06,Nottinghamshire Police,Nottinghamshire Police,-1.060669,53.416473,On or near Parking Area,E01028027,Bassetlaw 001E,Investigation complete; no suspect identified
ef78afefa8c044c087049d4f7f550c47f6d32ceb8c5fbfed883b22ec28292af4,2013-06,Nottinghamshire Police,Nottinghamshire Police,-0.961070,53.412493,On or near PINE CLOSE,E01028023,Bassetlaw 003A,Investigation complete; no suspect identified
f810ab503e7e25ae5ebc0232742893cccc81c552e5605f68efe61b1a7a106eb5,2013-06,Nottinghamshire Police,Nottinghamshire Police,-0.936278,53.310420,On or near NEWTON STREET,E01028010,Bassetlaw 008C,Investigation complete; no suspect identified
b4dc87ac01574489d295aec79730f67989b4b6fb063a5d58c077d92b7603239f,2013-06,Nottinghamshire Police,Nottinghamshire Police,-1.073671,53.422633,On or near OXFORD DRIVE,E01028028,Bassetlaw 001F,Investigation complete; no suspect identified
f37e87bf3089dca67c1aeb084833fb908de89213697ced5d34b2fb99d98fa968,2013-06,Nottinghamshire Police,Nottinghamshire Police,-0.942755,53.325894,On or near Supermarket,E01028013,Bassetlaw 005A,Investigation complete; no suspect identified
3cae4bd8cf3fbdfa1465d4a69ffbbd55f8bd620037a886c7d073cc00813c7489,2013-06,Nottinghamshire Police,Nottinghamshire Police,-0.829713,53.439351,On or near Sports/Recreation Area,E01028031,Bassetlaw 002C,Investigation complete; no suspect identified
2a266cfe803242075290bc1f9a0302d1696df9451ec2619d8b61cfb18cc872f4,2013-06,Nottinghamshire Police,Nottinghamshire Police,-0.972984,53.272529,On or near ELM TREE PLACE,E01028040,Bassetlaw 014A,Investigation complete; no suspect identified
78f996ba902883e358ea5bc804490d7ced23a2a589a96b91cbf6cdc41900f852,2013-06,Nottinghamshire Police,Nottinghamshire Police,-0.939015,53.322346,On or near GROVE STREET,E01028011,Bassetlaw 008D,Investigation complete; no suspect identified
ddf8e388fac44f8af756188caa8708bad1dd95e49e5cdc58ad60f6d15c47282b,2013-06,Nottinghamshire Police,Nottinghamshire Police,-0.899584,53.234389,On or near BURLEIGH COURT,E01028037,Bassetlaw 015D,Investigation complete; no suspect identified
e70064b971c153488226d980ab9bd6af84c33b189b313d07386f8ed0a90999ea,2013-06,Nottinghamshire Police,Nottinghamshire Police,-1.001784,53.383474,On or near COMMON LANE,E01028034,Bassetlaw 003B,Investigation complete; no suspect identified
8ec8d1c4b331dbfc61af1a3c2de315d0a4885d3ed8eb40a6aafb12f8b6da67b9,2013-06,Nottinghamshire Police,Nottinghamshire Police,-0.812381,53.373569,On or near SOUTH STREET,E01028035,Bassetlaw 002E,Investigation complete; no suspect identified
6e4ab2d9a2f1f745b845754725ceff92108461697f0b2d0fefa5713b49699e2a,2013-06,Nottinghamshire Police,Nottinghamshire Police,-0.944564,53.320112,On or near WEST STREET,E01028020,Bassetlaw 010D,Investigation complete; no suspect identified
53f35d10a04b842e716653022b3c263a80d86873b956a508fd9199e9cde72b15,2013-06,Nottinghamshire Police,Nottinghamshire Police,-0.885613,53.232956,On or near MACHIN CLOSE,E01028038,Bassetlaw 015E,Investigation complete; no suspect identified
8b9f554eac8c84bb969678888d07c2fd249419ed2127cb6124f66670d970f4da,2013-06,Nottinghamshire Police,Nottinghamshire Police,-0.975909,53.401646,On or near BADER VIEW,E01028034,Bassetlaw 003B,Investigation complete; no suspect identified
efd1ca47ac5467db653c904bdcd44ac91bc8ab44ddbf0e2a08b37af82c482bbc,2013-06,Nottinghamshire Police,Nottinghamshire Police,-1.052433,53.269717,On or near Park/Open Space,E01028040,Bassetlaw 014A,Investigation complete; no suspect identified
9c3b7acc80ce815641fca5b0c8294415fd2600df2ca8f74f816c9d23391f76d9,2013-06,Nottinghamshire Police,Nottinghamshire Police,-1.137525,53.160183,On or near LILAC GROVE,E01028238,Mansfield 007B,Offender given a drugs possession warning
182530bb7ee97bf34b0637d7cd0d5c0da116d5f1ba4f801b8578bb9322afd491,2013-06,Nottinghamshire Police,Nottinghamshire Police,-1.175750,53.156426,On or near OLD MILL LANE,E01028242,Mansfield 005A,Investigation complete; no suspect identified
cc3ff1d85141d9c9602e7c41d4758bd0b530cebfb4f9304c373b3adf525374b4,2013-06,Nottinghamshire Police,Nottinghamshire Police,-1.174250,53.169890,On or near WELWYN AVENUE,E01028252,Mansfield 003B,Suspect charged
8a789b4e6fae6924ada0dd45751f24b57255696c4f42e1da8aeaced979ed10cd,2013-06,Nottinghamshire Police,Nottinghamshire Police,-1.198927,53.174248,On or near NORTHFIELD PARK,E01028279,Mansfield 004B,Investigation complete; no suspect identified
1f0abbb1b6d5908ba51520a94e2660c838cb75dbd1fafdc38e0264dc865ce9e7,2013-06,Nottinghamshire Police,Nottinghamshire Police,-1.219277,53.144440,On or near LADYBROOK LANE,E01028231,Mansfield 010B,Investigation complete; no suspect identified
b342d72c70623633406c1a6be2c5dd352a47090dd199ed446f614eee0771bf9e,2013-06,Nottinghamshire Police,Nottinghamshire Police,-1.192889,53.165155,On or near HIGH STREET,E01028272,Mansfield 005C,Investigation complete; no suspect identified
9d9df7d38c786e0c55ea7171f987f1353f25de007cb17b7b29419893b29af8bf,2013-06,Nottinghamshire Police,Nottinghamshire Police,-1.189540,53.168234,On or near PORTLAND COURT MEWS,E01028272,Mansfield 005C,Investigation complete; no suspect identified
263f6626309c6c1e6ea14ea7ced7ca288ae3b0b2a08c22c1bbda23e30b68e3c4,2013-06,Nottinghamshire Police,Nottinghamshire Police,-1.289853,53.128476,On or near GEORGE STREET,E01027988,Ashfield 006C,Investigation complete; no suspect identified
eadb60c970136070f39354c05527824ef64f4370cbcf82fc39d4e0ee974ff339,2013-06,Nottinghamshire Police,Nottinghamshire Police,-1.200096,53.171721,On or near COLLIER AVENUE,E01028280,Mansfield 004C,Investigation complete; no suspect identified
63512a52a0ca1503cda67343197c4434bb596d170d7486be68e31a8fbf6d5ca4,2013-06,Nottinghamshire Police,Nottinghamshire Police,-1.222355,53.137880,On or near STIRLING AVENUE,E01028246,Mansfield 010E,Investigation complete; no suspect identified
8e2a3b01fb2693fe5131038c4ea6b3318ef3f376a69f30bf09bb829020ea7681,2013-06,Nottinghamshire Police,Nottinghamshire Police,-1.200445,53.133627,On or near FULLER CLOSE,E01028270,Mansfield 013F,Suspect charged
013126cfff7ba2ed73d3a79c85c3691d9fc443359679560a48148a721240480b,2013-06,Nottinghamshire Police,Nottinghamshire Police,-1.182799,53.144312,On or near HARDWICK STREET,E01028276,Mansfield 009E,Investigation complete; no suspect identified
f252905e1131a9783e168ab295f1c6c1b2e4d3690813acaee3c07ff898cb98bb,2013-06,Nottinghamshire Police,Nottinghamshire Police,-1.199954,53.035254,On or near WOODSTOCK STREET,E01027932,Ashfield 014C,Investigation complete; no suspect identified
e812a28e3a62fde1a8b267b990366f33f73af7234aaab70c6a6bc63036bd8fb9,2013-06,Nottinghamshire Police,Nottinghamshire Police,-1.251783,53.071063,On or near OSIER DRIVE,E01027995,Ashfield 010A,Local resolution
87427657bfb09451a23d39cbb5749b52a15bd3c92aaa0a1274b83d1fcb388fb2,2013-06,Nottinghamshire Police,Nottinghamshire Police,-1.196497,53.035896,On or near Supermarket,E01027932,Ashfield 014C,Investigation complete; no suspect identified
93fc353397a7f7307f57d7668f658e8254af5539645b6e50a375f0280d1e46b8,2013-06,Nottinghamshire Police,Nottinghamshire Police,-1.267944,53.141630,On or near HALL STREET,E01027983,Ashfield 001D,Investigation complete; no suspect identified
39d46d8588482970e3fe0046de60b09bc32a3f12bacc9dd169266edfe1606a05,2013-06,Nottinghamshire Police,Nottinghamshire Police,-1.303454,53.130292,On or near SWANSON AVENUE,E01027986,Ashfield 003B,Investigation complete; no suspect identified
9159d481c5c65265bf246e979664ed25b1ad33a978fb1a4c97adc38436ddcf9b,2013-06,Nottinghamshire Police,Nottinghamshire Police,-1.298104,53.113738,On or near FULWOOD ROAD (SOUTH),E01027992,Ashfield 006F,Investigation complete; no suspect identified
16d8edd66fa6e2bf850527bdf48de8d8b1a7b9e053a83d8478a9c0503518537b,2013-06,Nottinghamshire Police,Nottinghamshire Police,-1.298104,53.113738,On or near FULWOOD ROAD (SOUTH),E01027992,Ashfield 006F,Investigation complete; no suspect identified
dd8f2469204d0bb3bc8af17acb484042e597e227551b95f2aea7597c883c4554,2013-06,Nottinghamshire Police,Nottinghamshire Police,-1.267728,53.113906,On or near KIRKBY ROAD,E01027974,Ashfield 005D,Investigation complete; no suspect identified
0563ca62ff3f8995b88a69921b156be3fc20b7c12abe410d74ad7a1191237315,2013-06,Nottinghamshire Police,Nottinghamshire Police,-1.245331,53.108849,On or near LOW MOOR ROAD,E01027954,Ashfield 007D,Investigation complete; no suspect identified
2ddec02a479098d9545a70331367a66ca06a1ced2397c5d046a391fb664edeb6,2013-06,Nottinghamshire Police,Nottinghamshire Police,-1.245229,53.100192,On or near Parking Area,E01027952,Ashfield 008A,Investigation complete; no suspect identified
e0ebc188b562b513420f9459f99da629168851ba302df636398d74010e2d87ed,2013-06,Nottinghamshire Police,Nottinghamshire Police,-1.240444,53.131893,On or near Supermarket,E01027985,Ashfield 004E,Suspect charged as part of another case
047f479302a7c23ea2ad9566913b1a8fa0ced70cd7a90a452657d27ff21c31ab,2013-06,Nottinghamshire Police,Nottinghamshire Police,-1.264335,53.131504,On or near EDALE COURT,E01027970,Ashfield 002A,Investigation complete; no suspect identified
025f0a7f245c9d79a88b064dc4ccded3b54f60c0a72dab00524198da510e9be6,2013-06,Nottinghamshire Police,Nottinghamshire Police,-1.258923,53.097662,On or near CEDAR AVENUE,E01027948,Ashfield 009B,Investigation complete; no suspect identified
9453d053a2df4a32c6e2bf30d1ca5cc50544e3043093e0a689767ef11cc5b3a7,2013-06,Nottinghamshire Police,Nottinghamshire Police,-1.113893,52.928128,On or near NEWSTEAD DRIVE,E01028356,Rushcliffe 006A,Investigation complete; no suspect identified
ffe64f0894586a11cf08aac55a9a36711aae1c2c7c8bbbf2858cd65523db9cb3,2013-06,Nottinghamshire Police,Nottinghamshire Police,-1.132501,52.935654,On or near Supermarket,E01028416,Rushcliffe 005D,Suspect charged
eea7f7546c9dd253e9462e6fc92fa93bcc7c6a2b2ccb1d677f4e548dc709c29d,2013-06,Nottinghamshire Police,Nottinghamshire Police,-1.116349,52.927328,On or near FURNESS CLOSE,E01028356,Rushcliffe 006A,Investigation complete; no suspect identified
225181a3e77392a08dc0d28de901337bd772035e506516f440da52224d1c7b4f,2013-06,Nottinghamshire Police,Nottinghamshire Police,-1.253384,52.828726,On or near Sports/Recreation Area,E01028408,Rushcliffe 014C,Offender given a caution
f9d981d8b7b16be2b57af4bbc975b52135de0737e41bba3afcee73e8efcc322e,2013-06,Nottinghamshire Police,Nottinghamshire Police,-1.032213,52.949920,On or near MALKIN AVENUE,E01028413,Rushcliffe 003D,Investigation complete; no suspect identified
f8a6d905e7bbd6fdcac20e1adde0d6422feb37eb2618a7c17df3832bc6dd88b4,2013-06,Nottinghamshire Police,Nottinghamshire Police,-1.096142,52.898994,On or near MUIR AVENUE,E01028412,Rushcliffe 012B,Investigation complete; no suspect identified
70a53e38ef81f10d3b01f1b32fc0a2b84a3470851afe383bacba46fa97dd5f0a,2013-06,Nottinghamshire Police,Nottinghamshire Police,-1.308770,53.015881,On or near IVY LANE,E01028111,Broxtowe 002B,Offender given a caution
9b435c32dff491d3223bceca76df270697b83fcfa0326fd8cc6d93f993a83692,2013-06,Nottinghamshire Police,Nottinghamshire Police,-1.288789,53.004463,On or near BRACKENFIELD DRIVE,E01028117,Broxtowe 003D,Investigation complete; no suspect identified
3ce397a9131d475ab4c5d84cb8784b98dae37cd365c60ebc942e21e33edbd09f,2013-06,Nottinghamshire Police,Nottinghamshire Police,-1.314850,53.035719,On or near WALTERS AVENUE,E01028092,Broxtowe 001A,Offender given a caution
f981bac57e38507ca5845902aaf1144c9050883e0706d593b95d3452640922d8,2013-06,Nottinghamshire Police,Nottinghamshire Police,-1.315149,53.016870,On or near RYEMERE CLOSE,E01028111,Broxtowe 002B,Investigation complete; no suspect identified
e6bf0192f2a463a94e4cae6e5ac650e3a291a618eb4b3492841d69a2b6c734cf,2013-06,Nottinghamshire Police,Nottinghamshire Police,-1.219216,52.989275,On or near HOUGHTON CLOSE,E01028120,Broxtowe 016D,Investigation complete; no suspect identified
7442fd2a5282787f9a542f99281ce27c0d6932cbab95db46bf7f899c93f403f2,2013-06,Nottinghamshire Police,Nottinghamshire Police,-1.271149,53.020187,On or near Parking Area,E01028118,Broxtowe 003E,Investigation complete; no suspect identified
bee2e210f97b09f792d80e84253e961083fccbbd5a6b0eaa1cb3148897c7e5de,2013-06,Nottinghamshire Police,Nottinghamshire Police,-1.254504,52.996415,On or near Petrol Station,E01028106,Broxtowe 016B,Investigation complete; no suspect identified
7b42d62e7fadfb55b82436869f1c146234830b1fd6ef5000fb06acd18ec0dbb2,2013-06,Nottinghamshire Police,Nottinghamshire Police,-1.113564,52.982800,On or near WESTMOORE CLOSE,E01028193,Gedling 010A,Local resolution
8b1176865fc1f87292e49551f6b5c64a8f6dbfa4f708019d6f06d14731994d14,2013-06,Nottinghamshire Police,Nottinghamshire Police,-1.105739,52.971540,On or near VALLEY ROAD,E01028211,Gedling 013E,Offender given a caution
ab482cf610a77b3661e2e9a17c6676db53c9289357c6517552474d49b2395eb4,2013-06,Nottinghamshire Police,Nottinghamshire Police,-1.266705,52.922588,On or near Sports/Recreation Area,E01028128,Broxtowe 010A,Suspect charged
96ee9946162f9d1237a47f7f339435b559b3929744ce0494ab49173e3baa02db,2013-06,Nottinghamshire Police,Nottinghamshire Police,-1.230889,52.939298,On or near BOURNE CLOSE,E01028076,Broxtowe 009A,Investigation complete; no suspect identified
556fb475de80fdd3a727759ee4ed9f6eead97d2110e5b535c5e30e28b465d1ec,2013-06,Nottinghamshire Police,Nottinghamshire Police,-1.241619,52.905171,On or near Supermarket,E01028137,Broxtowe 015C,Local resolution
c755191a72460c0faef0df2c8e7ba184b318a79ad3a9c03680571a3d27bfbf02,2013-06,Nottinghamshire Police,Nottinghamshire Police,-1.214478,52.934283,On or near WENSOR AVENUE,E01013973,Nottingham 032A,Investigation complete; no suspect identified
3d96f2bcad4365fb91d61146a2f5d7afd8421a6d293d87b6938cdea7eb1bb1fd,2013-06,Nottinghamshire Police,Nottinghamshire Police,-1.214797,52.928981,On or near Supermarket,E01028085,Broxtowe 011D,Local resolution
8c69a1b1319fffdbf4f7bf722415295767cadfb53f218dd38352e9db2809fa86,2013-06,Nottinghamshire Police,Nottinghamshire Police,-1.264685,52.939971,On or near CANBERRA CLOSE,E01028127,Broxtowe 008C,Investigation complete; no suspect identified
130fb7d7af8273a9d554e381261e9ead956788c77b7c6fef1ba9b11f1012b27b,2013-06,Nottinghamshire Police,Nottinghamshire Police,-1.060976,53.023082,On or near MAIN STREET,E01028213,Gedling 002F,Investigation complete; no suspect identified
d34f9836eaf45ec7173c2997cf590e57a2374056f5de46d94c2e0c34dd24f69b,2013-06,Nottinghamshire Police,Nottinghamshire Police,-1.127606,53.004442,On or near Supermarket,E01028209,Gedling 005D,Suspect charged
bef50d55db739dde2fa693132c52aa6bd8c4c2b756e0d9e8d61cf5dde2c71764,2013-06,Nottinghamshire Police,Nottinghamshire Police,-1.099326,53.040729,On or near BARTLEY GARDENS,E01028152,Gedling 002C,Investigation complete; no suspect identified
ec9853f6daab206676b4c4fee8a452b4503af384be723dc909055dc08f63ddae,2013-06,Nottinghamshire Police,Nottinghamshire Police,-1.136608,52.955102,On or near Parking Area,E01033401,Nottingham 023F,Offender given a caution
fb5b39a55ee96181d426f19127e536c2e6387fa8fe52afca74bfa1c3569d3bde,2013-06,Nottinghamshire Police,Nottinghamshire Police,-1.143493,52.946414,On or near QUEEN'S ROAD,E01033400,Nottingham 039B,Investigation complete; no suspect identified
4e6c6615687aa317618a5447ef4f68b0a00c5637e8a2ffe8a649d91e25c5577f,2013-06,Nottinghamshire Police,Nottinghamshire Police,-1.123320,52.953368,On or near Supermarket,E01013917,Nottingham 024E,Suspect charged
a06984b5b00e420a541a82f419ea3dfd7aa81a1693865c6dc864e370a0efc0cf,2013-06,Nottinghamshire Police,Nottinghamshire Police,-1.147733,52.964630,On or near CRANMER STREET,E01013961,Nottingham 023D,Investigation complete; no suspect identified
bef661ce399dcc5b6cc3ed3c079c9f0f396fcb93a9ac46c5b3b34e8e9d89e0e1,2013-06,Nottinghamshire Police,Nottinghamshire Police,-1.130727,52.951463,On or near PERLETHORPE AVENUE,E01013920,Nottingham 029C,Investigation complete; no suspect identified
1e481849ab98de94d3689ce9fc607fc9c369cc9f14e659643d7d909e52654819,2013-06,Nottinghamshire Police,Nottinghamshire Police,-1.152613,52.938919,On or near SWEET LEYS ROAD,E01013872,Nottingham 040C,Investigation complete; no suspect identified
27289bd480e04b03a41b30b88efe0f9f01d9c23163596577dea0b73f04780bd5,2013-06,Nottinghamshire Police,Nottinghamshire Police,-1.220221,52.974027,On or near Petrol Station,E01013822,Nottingham 011C,Investigation complete; no suspect identified
2442c6ebafbb6f13c335636bcf271a713248947a144357f578d976d14cc15624,2013-06,Nottinghamshire Police,Nottinghamshire Police,-1.218949,53.003288,On or near HEPPLE DRIVE,E01013883,Nottingham 005E,Local resolution
a80f75f538325b006960a916f37cdaf045b990c7ee14bf025de16492a3b159ae,2013-06,Nottinghamshire Police,Nottinghamshire Police,-1.199591,53.008158,On or near LUDHAM AVENUE,E01013882,Nottingham 002D,Investigation complete; no suspect identified
2910d637387f68bd9d033b2e413e2000bf1bd450e2f3a9d9286765f69e42292e,2013-06,Nottinghamshire Police,Nottinghamshire Police,-1.189511,52.998084,On or near OCKERBY STREET,E01013890,Nottingham 004D,Investigation complete; no suspect identified
874f527171610e9ec0ea9db9fa38d0a61f0ad661b9e3f6d0e25f935eda2483aa,2013-06,Nottinghamshire Police,Nottinghamshire Police,-1.217161,53.005713,On or near BELFORD CLOSE,E01013883,Nottingham 005E,Investigation complete; no suspect identified
5f3c6becb3bf301c079aba3fea3f4ef595e07705a42605a05cc546f98bc1daa9,2013-06,Nottinghamshire Police,Nottinghamshire Police,-1.161996,53.005454,On or near OWSTHORPE CLOSE,E01013849,Nottingham 038A,Investigation complete; no suspect identified
ea2b3f54cffad754ed8c2bf0a927a16a9274fc5a6955f71215aef47fc9108eae,2013-06,Nottinghamshire Police,Nottinghamshire Police,-1.189903,53.009737,On or near LEEN DRIVE,E01013882,Nottingham 002D,Investigation complete; no suspect identified
45ee50b4b01cdfb88caeb449a824e410d42b76fe0082a4b6c283f8a35bf1c687,2013-06,Nottinghamshire Police,Nottinghamshire Police,-1.189209,53.003862,On or near COLSTON ROAD,E01013886,Nottingham 004A,Investigation complete; no suspect identified
cfa21a8b44aee30dd8027a9645863f21e281785b13b3bf74cdf0a6886a132b6a,2013-06,Nottinghamshire Police,Nottinghamshire Police,-1.192648,52.992838,On or near Hospital,E01013891,Nottingham 004E,Investigation complete; no suspect identified
9f0e9374d06ae42fdbdf7ce2dd11cd5c2a769819a9af21fb9378cc3358774f42,2013-06,Nottinghamshire Police,Nottinghamshire Police,-1.156010,52.993761,On or near TORBAY CRESCENT,E01013856,Nottingham 006D,Investigation complete; no suspect identified
16fa9475933a33d4b892774fa22e230043ee59ba627b82042439bd5ce6086213,2013-06,Nottinghamshire Police,Nottinghamshire Police,-1.176930,53.001486,On or near CHARLOCK CLOSE,E01013893,Nottingham 001C,Investigation complete; no suspect identified
fc143ae5112e5f29d2acc6aa8a39345599c0f15b72a6c3405f7e3623e183c367,2013-06,Nottinghamshire Police,Nottinghamshire Police,-1.232155,52.974527,On or near EDGE WAY,E01013865,Nottingham 014B,Investigation complete; no suspect identified
52e2560cd55498032f56ffb7dc2b4e1c9bcda75319b565bec9ff77436df4e067,2013-06,Nottinghamshire Police,Nottinghamshire Police,-1.222671,52.973612,On or near STRELLEY ROAD,E01013865,Nottingham 014B,Investigation complete; no suspect identified
26d8802d30ff3d88a516de82c4af8cd5ea58302e11e705c5b49297ae27671843,2013-06,Nottinghamshire Police,Nottinghamshire Police,-1.226713,52.979912,On or near BLIDWORTH CLOSE,E01013864,Nottingham 014A,Investigation complete; no suspect identified
93641dc8e0c666b2482d6eeedcc052ce0511bcd1783b86092b4f5711c48f630d,2013-06,Nottinghamshire Police,Nottinghamshire Police,-1.237654,52.959955,On or near WESTWICK ROAD,E01013858,Nottingham 025A,Suspect charged
4f114979a5c81dd77cdc98801fdc59013a2ba91aac8e1e7739b5eb561f87e518,2013-06,Nottinghamshire Police,Nottinghamshire Police,-1.237654,52.959955,On or near WESTWICK ROAD,E01013858,Nottingham 025A,Suspect charged
db7be6b01f67f7fd3e868419fd2bdfd537807f243263e904395ac0408d6eebeb,2013-06,Nottinghamshire Police,Nottinghamshire Police,-1.206361,53.005515,On or near HARWICH CLOSE,E01013880,Nottingham 002B,Investigation complete; no suspect identified
2c7e7098f79983795a51b14fc85edac6ccf5305e3d8e72f4047e608da7aa52ae,2013-06,Nottinghamshire Police,Nottinghamshire Police,-1.196633,53.004524,On or near MERCHANT STREET,E01013882,Nottingham 002D,Investigation complete; no suspect identified
f4dfb5a0f08efa4d817a62c971f86f897d64414070409f6f58679bc6bc79be21,2013-06,Nottinghamshire Police,Nottinghamshire Police,-1.168105,53.004777,On or near KNIGHTS CLOSE,E01013893,Nottingham 001C,Investigation complete; no suspect identified
debe06e0d40acc23dc1683e2a981818469b37efe8134b574234a856b9f052fe2,2013-06,Nottinghamshire Police,Nottinghamshire Police,-1.226508,52.972189,On or near ST MARTIN'S ROAD,E01013866,Nottingham 014C,Investigation complete; no suspect identified
38fe2ecae3188b85000e2ae01d6c2b85e38ea75283adb072132cd0dd61c96cac,2013-06,Nottinghamshire Police,Nottinghamshire Police,-1.211207,52.976736,On or near CAMPBELL CLOSE,E01013821,Nottingham 013C,Suspect charged
e2f7390c78dbc27c24dce06561d0de5582304c8e728c4a6b54f6ff0b3a2d8e9b,2013-06,Nottinghamshire Police,Nottinghamshire Police,-1.211207,52.976736,On or near CAMPBELL CLOSE,E01013821,Nottingham 013C,Investigation complete; no suspect identified
ce652af708d1344791bb2eb4749dcb329a7e6546b23fdc9777ddb3f701dad66a,2013-06,Nottinghamshire Police,Nottinghamshire Police,-1.184128,52.966638,On or near ASCOT ROAD,E01013931,Nottingham 019B,Investigation complete; no suspect identified
232e6f9667b1baecded7d3953dcd64bf13a97f6ea09518fd35407eafb0ff156a,2013-06,Nottinghamshire Police,Nottinghamshire Police,-1.233122,52.977940,On or near SUNDERLAND GROVE,E01013864,Nottingham 014A,Investigation complete; no suspect identified
3ab0c993e9dc8fd39844c4e9825bca313ac2feb9c5d02260f9b51ad228753e8d,2013-06,Nottinghamshire Police,Nottinghamshire Police,-1.245790,52.950927,On or near MOOR LANE,E01013862,Nottingham 025C,Investigation complete; no suspect identified
e8eb27e5e7d551b0bd0df926e5a051c703c63ce2ef1236ab67a2420d8545aa75,2013-06,Nottinghamshire Police,Nottinghamshire Police,-1.195788,53.009076,On or near SANDHURST ROAD,E01013882,Nottingham 002D,Investigation complete; no suspect identified
2fa1de38fd879d11a2b68d64d585bb4348746415673acfbec5e42670d3b7ce83,2013-06,Nottinghamshire Police,Nottinghamshire Police,-1.207480,52.974473,On or near ROKER CLOSE,E01013824,Nottingham 013E,Investigation complete; no suspect identified
b2989c8e7e896069489a222eaaa4609784c969e26709a7469711138993b5b6c7,2013-06,Nottinghamshire Police,Nottinghamshire Police,-1.193790,52.995515,On or near DEPTFORD CRESCENT,E01013891,Nottingham 004E,Investigation complete; no suspect identified
9c8055c7c57f4e9c1bdc8cbce8116ab5a5c2cd1236d3a47f623311b8b82b30c7,2013-06,Nottinghamshire Police,Nottinghamshire Police,-1.194734,52.989625,On or near WILLASTON CLOSE,E01013831,Nottingham 009C,Investigation complete; no suspect identified
65a0899ce2000b88eaf73120d0d81919e65dd17714cfa22c30482ddb07675c15,2013-06,Nottinghamshire Police,Nottinghamshire Police,-1.221548,52.965613,On or near CLANFIELD ROAD,E01013861,Nottingham 020B,Investigation complete; no suspect identified
44cd0d85a3a4c1830fc06496bc7e240c27fbbc22418fb356aecdb945e56fcf00,2013-06,Nottinghamshire Police,Nottinghamshire Police,-1.181668,52.989679,On or near WEAVE CLOSE,E01013836,Nottingham 008E,Investigation complete; no suspect identified
d6aee7547c00fba4053091782bb316a7013929e96d871004a4bf41a5f2682cd5,2013-06,Nottinghamshire Police,Nottinghamshire Police,-1.156517,53.000632,On or near CHILTERN WAY,E01013850,Nottingham 038B,Investigation complete; no suspect identified
59e3af646c37408f600c9989f598ad0a489e31acf7a65e3b8eac9d331986fc08,2013-06,Nottinghamshire Police,Nottinghamshire Police,-1.209298,52.965415,On or near SHEPHERDS CLOSE,E01013859,Nottingham 020A,Suspect charged
f7b0d19df5e0b4de19cf886322a5443a68fbc67485d2643bc30fcc6d7a5cae93,2013-06,Nottinghamshire Police,Nottinghamshire Police,-1.150053,52.948097,On or near CANAL STREET,E01033400,Nottingham 039B,Suspect charged
4ad170637f0f81a35d759a1093ffae6cd01b71df064b6bc20f2c3f7015856bfa,2013-06,Nottinghamshire Police,Nottinghamshire Police,-1.149477,52.954655,On or near KING STREET,E01033406,Nottingham 039E,Local resolution
3aad487714ad21fbaf0f64b282ffe6cd8b27e06539ba845937214dce5d52857b,2013-06,Nottinghamshire Police,Nottinghamshire Police,-1.168908,52.947385,On or near PARK ROAD,E01033408,Nottingham 031H,Investigation complete; no suspect identified
8f1a8c521d6fc3717cd6fc71e4ac53977fcf9a1d8ab593ad1a688f1ee7dfe61e,2013-06,Nottinghamshire Police,Nottinghamshire Police,-1.148837,52.956215,On or near Supermarket,E01033409,Nottingham 023H,Local resolution
c97818f7703ffb6e48a62849198ac94ca11cd257caff91983a5aab4354afb076,2013-06,Nottinghamshire Police,Nottinghamshire Police,-1.172408,52.975313,On or near MALT COTTAGES,E01013839,Nottingham 012C,Investigation complete; no suspect identified
11ce62d78f69256840a18e209901ee764a1e33164fe261bd59cddad2ce0664dc,2013-06,Nottinghamshire Police,Nottinghamshire Police,-1.169715,52.975959,On or near DELTA STREET,E01013839,Nottingham 012C,Investigation complete; no suspect identified
36dc03ea58342831be3a21b72b18a460cc74e3c2e68aff4a13099e59c1ee0eeb,2013-06,Nottinghamshire Police,Nottinghamshire Police,-1.149504,52.957865,On or near PEACHEY STREET,E01033399,Nottingham 023E,Offender given penalty notice
8632e537dd5e0465ee19771c2d4a4510f5040f967c326dbd5ae76ca59cce6429,2013-06,Nottinghamshire Police,Nottinghamshire Police,-1.151158,52.959297,On or near NORTH SHERWOOD STREET,E01013813,Nottingham 022A,Offender given a drugs possession warning
f1aa3c1ad1c6c0ec94eee699e7cb93658bf155fae508d7da2a50dbdb7b353fe6,2013-06,Nottinghamshire Police,Nottinghamshire Police,-1.189682,52.956284,On or near MARCHWOOD CLOSE,E01013933,Nottingham 019D,Investigation complete; no suspect identified
cd8834c852167ad43a00446331dee20fdef98eee1c473615ca36f953f9ec10d4,2013-06,Nottinghamshire Police,Nottinghamshire Police,-1.151158,52.953211,On or near BEAST MARKET HILL,E01033400,Nottingham 039B,Suspect charged
a3a0ef989ca572cff72029786d0d685c005c81e29673eea6f7d5ed8e7ac1e929,2013-06,Nottinghamshire Police,Nottinghamshire Police,-1.183627,52.967956,On or near NUTHALL ROAD,E01013930,Nottingham 019A,Investigation complete; no suspect identified
0cbf1ea8a5ef8ce9b75281bff25eef34ff21cf65fff7aae233c7bff0d9b0043c,2013-06,Nottinghamshire Police,Nottinghamshire Police,-1.142570,52.995355,On or near LONGDALE ROAD,E01013963,Nottingham 007A,Suspect charged
61c277010a3606357615ae3031b544085c7ae989e39e7543604b427cb723b786,2013-06,Nottinghamshire Police,Nottinghamshire Police,-1.143330,52.955393,On or near Nightclub,E01033405,Nottingham 023G,Investigation complete; no suspect identified
23f6de90b293a126f64b343b8cd03df12a1fd098cb300d1cb6f03fb56ceda03a,2013-06,Nottinghamshire Police,Nottinghamshire Police,-1.155052,52.956547,On or near Parking Area,E01013816,Nottingham 022D,Investigation complete; no suspect identified
98efe8e9bb8b60e9a93bde3a52558d3ff06d56d4563fc9ac2fca8c07d3b85027,2013-06,Nottinghamshire Police,Nottinghamshire Police,-1.141402,52.951307,On or near HOLLOW STONE,E01033407,Nottingham 039F,Investigation complete; no suspect identified
9033ff41bbd494e9312c23e114e1ad45a722be3f8b6d80afb1af3fadcd508d6a,2013-06,Nottinghamshire Police,Nottinghamshire Police,-1.162481,52.948041,On or near HERMITAGE WALK,E01032522,Nottingham 028F,Investigation complete; no suspect identified
2803add237804108a9d105b7991bf244687b8943c42eeba71e9da12506137626,2013-06,Nottinghamshire Police,Nottinghamshire Police,-1.161966,52.970080,On or near BIRRELL ROAD,E01013847,Nottingham 017D,Investigation complete; no suspect identified
1d1b4cf0b3d0605805016a139ae62f3b57dbb83bf6715411cd08917f9fa7be99,2013-06,Nottinghamshire Police,Nottinghamshire Police,-1.172692,52.955754,On or near ILKESTON ROAD,E01013947,Nottingham 026D,Investigation complete; no suspect identified
2f1ebfdc5fe2ce74b714700cce25f82ba487dd281817671c5c505932f06d0e9a,2013-06,Nottinghamshire Police,Nottinghamshire Police,-1.172692,52.955754,On or near ILKESTON ROAD,E01013947,Nottingham 026D,Investigation complete; no suspect identified
6561708d43d8e8099770782b995b8517c131016ed9b798c5c2594d251af9065f,2013-06,Nottinghamshire Police,Nottinghamshire Police,-1.147953,52.949646,On or near COLLIN STREET,E01033400,Nottingham 039B,Investigation complete; no suspect identified
a810e04d76d5a45a5eddc88104df4f1aa63e02ba91eae337c2260a2ddd013ce8,2013-06,Nottinghamshire Police,Nottinghamshire Police,-1.146273,52.954111,On or near Theatre/Concert Hall,E01033406,Nottingham 039E,Investigation complete; no suspect identified
f8fa7599968851e7e83b74c3eecdce5946ea338b536d0c9b36294e1267a777a5,2013-06,Nottinghamshire Police,Nottinghamshire Police,-1.148837,52.956215,On or near Supermarket,E01033409,Nottingham 023H,Investigation complete; no suspect identified
f585cd1de14737c74127264194906d0dff28b6e33bd2b16b1aca2e1bcadb8479,2013-06,Nottinghamshire Police,Nottinghamshire Police,-1.146601,52.954068,On or near THURLAND STREET,E01033406,Nottingham 039E,Investigation complete; no suspect identified
1625dfde2581bd4adf05066271d56270a2c502089194e19fd85ad80b84fc4ae4,2013-06,Nottinghamshire Police,Nottinghamshire Police,-1.150918,52.981436,On or near OSBORNE GROVE,E01013970,Nottingham 010D,Investigation complete; no suspect identified
7f7b9756afa71aef6c03399abcfe9b30d0436bc46712f78c313fc5d1fc0b69b5,2013-06,Nottinghamshire Police,Nottinghamshire Police,-1.144444,52.957774,On or near ST MARKS STREET,E01033409,Nottingham 023H,Investigation complete; no suspect identified
3249ecfa63c63025598dfaefda4444aa5c7e0353ac26f71e3965b54d71d44fa5,2013-06,Nottinghamshire Police,Nottinghamshire Police,-1.151702,52.955849,On or near Theatre/Concert Hall,E01013816,Nottingham 022D,Investigation complete; no suspect identified
72ccdf17d2cfa4987b156394ad2f7073481ba448ba85cc8911b3843ec4e59b58,2013-06,Nottinghamshire Police,Nottinghamshire Police,-1.151158,52.953211,On or near BEAST MARKET HILL,E01033400,Nottingham 039B,Investigation complete; no suspect identified
3777d7cc6c3eb5c835b6d50f8af7dcec21fe5dc6e8a638872c6810d61eafd22f,2013-06,Nottinghamshire Police,Nottinghamshire Police,-1.148358,52.951797,On or near Shopping Area,E01033400,Nottingham 039B,Investigation complete; no suspect identified
1d8364354bc77dbcd8deb8fa9bceec222ec9808111e639c63584c2eb564fb73e,2013-06,Nottinghamshire Police,Nottinghamshire Police,-1.142053,52.954485,On or near CRANBROOK STREET,E01033407,Nottingham 039F,Investigation complete; no suspect identified
dddd78aba26bd44638e2dcef63e01fe0e73f6ec63399c949c261ebbdc618c009,2013-06,Nottinghamshire Police,Nottinghamshire Police,-1.147153,52.956293,On or near Supermarket,E01033409,Nottingham 023H,Investigation complete; no suspect identified
9d464ab665f0ffbfccb4ba8120eb467350a0817b422a3240f2613458245a1525,2013-06,Nottinghamshire Police,Nottinghamshire Police,-1.148358,52.951797,On or near Shopping Area,E01033400,Nottingham 039B,Investigation complete; no suspect identified
654817c6b993327aee5a4cd37bddc9d89b9c45cd9ffb320a558759a2f8458879,2013-06,Nottinghamshire Police,Nottinghamshire Police,-1.152891,52.952864,On or near Nightclub,E01033400,Nottingham 039B,Investigation complete; no suspect identified
577223db12c348d75e555ad216d09c3eabeda31850063129cfdd6f70348cb7fa,2013-06,Nottinghamshire Police,Nottinghamshire Police,-1.172812,52.951844,On or near DERBY ROAD,E01013953,Nottingham 026F,Investigation complete; no suspect identified
894256365a489fbbbb0c792308f2f15ccfa5838e519db15d409fe0f5eb0bd4d1,2013-06,Nottinghamshire Police,Nottinghamshire Police,-1.153011,52.973387,On or near OAK STREET,E01013972,Nottingham 015E,Investigation complete; no suspect identified
b744ec64dbe33d169976980b761bded6652a3037ed17e2ccb326425cd99cc2e4,2013-06,Nottinghamshire Police,Nottinghamshire Police,-1.152891,52.952864,On or near Nightclub,E01033400,Nottingham 039B,Investigation complete; no suspect identified
cf1ae48d06438a7197a568a1995533df4b5def2945fb08342d8f968eb9d21b57,2013-06,Nottinghamshire Police,Nottinghamshire Police,-1.147153,52.956293,On or near Supermarket,E01033409,Nottingham 023H,Investigation complete; no suspect identified
1e4f64d8249f36f03ad0fb88eec4a698b684b318ca40fb590db025d94effb229,2013-06,Nottinghamshire Police,Nottinghamshire Police,-1.148030,52.957890,On or near Shopping Area,E01033399,Nottingham 023E,Investigation complete; no suspect identified
37700a0ea6b55bb03fb1a89d06612ff905aa9522899e9acc838975b5ca00d450,2013-06,Nottinghamshire Police,Nottinghamshire Police,-1.110867,53.300028,On or near Sports/Recreation Area,E01028066,Bassetlaw 012C,Investigation complete; no suspect identified
65758fa91de76643798d3fa23254ff36eb4d4b0a1e6af2a71abb7d0311aa20df,2013-06,Nottinghamshire Police,Nottinghamshire Police,-1.128794,53.309833,On or near TRENT STREET,E01028055,Bassetlaw 009A,Investigation complete; no suspect identified
574380c19adadf24ba0e79ccb524ecfdbb00df7e2701de64e831c38a37b71f0d,2013-06,Nottinghamshire Police,Nottinghamshire Police,-1.122825,53.307407,On or near B6045,E01028057,Bassetlaw 012A,Investigation complete; no suspect identified
b4087f96a3bab813513a7ec32fd0b8614add9f8a5ccd8640749ac5810a941052,2013-06,Nottinghamshire Police,Nottinghamshire Police,-1.155441,53.312532,On or near CECIL CLOSE,E01028056,Bassetlaw 009B,Investigation complete; no suspect identified
2154a87d92768152581e341f8afab6dc8ada32c29e94b1e61fa2997e1025bcaa,2013-06,Nottinghamshire Police,Nottinghamshire Police,-1.098446,53.300618,On or near FOREST LANE,E01028066,Bassetlaw 012C,Investigation complete; no suspect identified
71edb9d031dde48257749d65fcfe341b33ffe904f258d216635590eb076d97d5,2013-06,Nottinghamshire Police,Nottinghamshire Police,-1.114670,53.301153,On or near SOUTHWELL CLOSE,E01028065,Bassetlaw 012B,Investigation complete; no suspect identified
f609e2045bc1c2ddcfe10e4158515854670ff58be4219b8cc6cb17289d88a4bc,2013-06,Nottinghamshire Police,Nottinghamshire Police,-1.125602,53.327967,On or near KESWICK ROAD,E01028048,Bassetlaw 006C,Investigation complete; no suspect identified
ae3d43d75792fc6b341cfbcfa926765ce590fd45499465fc6033c7340e958186,2013-06,Nottinghamshire Police,Nottinghamshire Police,-1.120068,53.305013,On or near Parking Area,E01028068,Bassetlaw 012D,Investigation complete; no suspect identified
a1bc0a93bef8fa12b06587107e32312c0c82500ce0d5727d736fe073d2521493,2013-06,Nottinghamshire Police,Nottinghamshire Police,-1.101970,53.315027,On or near BROWNING CLOSE,E01028044,Bassetlaw 016F,Investigation complete; no suspect identified
b98aa00da4aef10a8c60506c1b8fca816f78cf844f88372f1834d15c6842675f,2013-06,Nottinghamshire Police,Nottinghamshire Police,-1.119895,53.301012,On or near NEWGATE STREET,E01028068,Bassetlaw 012D,Investigation complete; no suspect identified
c07fb6e5c8be1b03c41bcdc6e9a78bcd1135e79fdff8be411a7a06fc2531541a,2013-06,Nottinghamshire Police,Nottinghamshire Police,-0.977027,53.112402,On or near A617,E01028329,Newark and Sherwood 005E,Local resolution
ed05c805bc4cc1235dc16068c4ce200010ec6345390bc02b93fb9172ac4c21ed,2013-06,Nottinghamshire Police,Nottinghamshire Police,-1.120689,53.119671,On or near LAKE FARM ROAD,E01028296,Newark and Sherwood 006A,Investigation complete; no suspect identified
93ead1d2b2c661d0b3a087b0ed0531909ed3ea9b2ce6e5075f1d352cbbcaf686,2013-06,Nottinghamshire Police,Nottinghamshire Police,-1.009475,53.204726,On or near GREENFIELDS CRESCENT,E01028340,Newark and Sherwood 001E,Offender given a caution
83282eb0aefb2c30328851102f6c51533a0a099561a89554a10a05fb67bdbf0b,2013-06,Nottinghamshire Police,Nottinghamshire Police,-1.025553,53.132163,On or near WYCAR ROAD,E01028295,Newark and Sherwood 005A,Investigation complete; no suspect identified
7d600474801da95a5a753a5aaf7b2f1034b64b7b571e2554b0b7b023a832788b,2013-06,Nottinghamshire Police,Nottinghamshire Police,-1.005637,53.206870,On or near LIME TREE CLOSE,E01028338,Newark and Sherwood 001C,Investigation complete; no suspect identified
9ce5c348c0e1052b96f2ea9d254fbde42529644574c89db21e24debcc563046d,2013-06,Nottinghamshire Police,Nottinghamshire Police,-0.820460,53.076182,On or near TOLNEY LANE,E01028311,Newark and Sherwood 007G,Offender given a drugs possession warning
97bd3a736c72f9e315529e87d62fecae2992f35e5b4ea67af2ea393cf53b2e5c,2013-06,Nottinghamshire Police,Nottinghamshire Police,-0.820636,53.066457,On or near SPINNEY CLOSE,E01028308,Newark and Sherwood 010A,Offender given a drugs possession warning
91121380ffe6cf791cee6e983ceaf12e3cb14ae1def5418371dba035acb6185a,2013-06,Nottinghamshire Police,Nottinghamshire Police,-0.786267,53.061626,On or near SMITH STREET,E01028285,Newark and Sherwood 011A,Investigation complete; no suspect identified
d8be1a20964ff167491ef743add0589fc5d8a28738da9cd7f94449918a38aea5,2013-06,Nottinghamshire Police,Nottinghamshire Police,-0.810435,53.058615,On or near LINDSAY AVENUE,E01028320,Newark and Sherwood 010E,Investigation complete; no suspect identified
d5c6a5f5f28e55230f7852b88e45777e2bb37e2020e9a29342f83b92b3f26ef3,2013-06,Nottinghamshire Police,Nottinghamshire Police,-0.805737,53.074192,On or near VICTORIA GARDENS,E01028335,Newark and Sherwood 009E,Investigation complete; no suspect identified
3228042f7f5c0c214b033cbda126ef29cb9187d61f6657baf5c7f101045af274,2013-06,Nottinghamshire Police,Nottinghamshire Police,-0.769815,53.095941,On or near Airport/Airfield,E01028353,Newark and Sherwood 004D,Investigation complete; no suspect identified
ac0be17b8312b6bbfc2b9068073e7923ee02171d2567c738a4847a2d7807970b,2013-06,Nottinghamshire Police,Nottinghamshire Police,-0.808953,53.073964,On or near Petrol Station,E01028335,Newark and Sherwood 009E,Investigation complete; no suspect identified
dac470bb05cb3b22390a3c19827bea74401eafdf6e0d34546bbd0e533b8aa52a,2013-06,Nottinghamshire Police,Nottinghamshire Police,-0.795494,53.057737,On or near CATKIN WAY,E01028289,Newark and Sherwood 011E,Investigation complete; no suspect identified
75b5a7d5eab87cdfb848ba32fac4a505c3a69dfd56e3568047144f3723557b7e,2013-06,Nottinghamshire Police,Nottinghamshire Police,-1.060074,53.422311,On or near DORCHESTER ROAD,E01028026,Bassetlaw 001D,Investigation complete; no suspect identified
8b6733e9b26cbd030a77d04ec29526e39d360904271e940ed4c8732cf4910966,2013-06,Nottinghamshire Police,Nottinghamshire Police,-1.195364,53.169603,On or near CHERRY TREE CLOSE,E01028280,Mansfield 004C,Investigation complete; no suspect identified
ce2c6b4cd52834b9740371e26ed1739911d6dde35e6d9129f17866f75c080f09,2013-06,Nottinghamshire Police,Nottinghamshire Police,-1.206313,53.146161,On or near BYRON STREET,E01028247,Mansfield 008C,Offender given a caution
080475f44eb61b9868892ed45b8302f0ed532b8109af8d78c0484a2500f66b51,2013-06,Nottinghamshire Police,Nottinghamshire Police,-1.148045,53.154586,On or near POPLAR GROVE,E01028237,Mansfield 007A,Investigation complete; no suspect identified
7be50684b796d1751043b65c47bd9ab905bdd94bdfefb37df0fcbb8a3fef612e,2013-06,Nottinghamshire Police,Nottinghamshire Police,-1.159707,53.200667,On or near MANSFIELD ROAD,E01028260,Mansfield 002D,Suspect charged
d3d2a88240983dff8c21844f5a04a06992042f98130e1d592b806e4c1a4ec749,2013-06,Nottinghamshire Police,Nottinghamshire Police,-1.194662,53.143953,On or near CHURCH STREET,E01028268,Mansfield 008D,Offender given a drugs possession warning
d2cc53c808ece9bb6cf6460ca65146637ea77b2ef00afd7bd3e959bceb3cf302,2013-06,Nottinghamshire Police,Nottinghamshire Police,-1.165757,53.138054,On or near BRIDGFORD STREET,E01028235,Mansfield 011A,Investigation complete; no suspect identified
31d8eb07d24f7fd5e4bb3981c8a9c377b367add2937dc6c3adc7f2564823e1b1,2013-06,Nottinghamshire Police,Nottinghamshire Police,-1.125009,53.121761,On or near THIRD AVENUE,E01028254,Mansfield 012A,Investigation complete; no suspect identified
8f3a6b4345c2defa7632ce70a40bcc28cf8e836734a77a2c953918b0a8279b3b,2013-06,Nottinghamshire Police,Nottinghamshire Police,-1.194545,53.146199,On or near LEEMING STREET,E01028284,Mansfield 008F,Investigation complete; no suspect identified
3c761aa94e23e1fc159d3142662d744f2dcb5fcc25b36cc764ccdc697a13a3ce,2013-06,Nottinghamshire Police,Nottinghamshire Police,-1.194662,53.143953,On or near CHURCH STREET,E01028268,Mansfield 008D,Suspect charged
b3f62b469eac34d8314c0f46d0daa6b0d57b7ddf4001065ab30b049819bafc97,2013-06,Nottinghamshire Police,Nottinghamshire Police,-1.197020,53.030209,On or near BROOKSIDE,E01027932,Ashfield 014C,Investigation complete; no suspect identified
2ce6e335c7f74f90e91c361a878501c7c9c7e22043e640bf640d1cd0a4a856f0,2013-06,Nottinghamshire Police,Nottinghamshire Police,-1.208568,53.041272,On or near BENCAUNT GROVE,E01027937,Ashfield 014E,Investigation complete; no suspect identified
ce6ab963297bdc3585faf960ca374dbd3b0163c0691ff57ca576104525c89ee6,2013-06,Nottinghamshire Police,Nottinghamshire Police,-1.208568,53.041272,On or near BENCAUNT GROVE,E01027937,Ashfield 014E,Investigation complete; no suspect identified
9eec4b17805f15363cc6dc2e92e4845bd1d934eede7fd753c7446b810e5661b3,2013-06,Nottinghamshire Police,Nottinghamshire Police,-1.208568,53.041272,On or near BENCAUNT GROVE,E01027937,Ashfield 014E,Investigation complete; no suspect identified
6d3ef7052b8970ad5668e605c60411dc21017e454dfbf37694f89e34b2d6f511,2013-06,Nottinghamshire Police,Nottinghamshire Police,-1.208568,53.041272,On or near BENCAUNT GROVE,E01027937,Ashfield 014E,Investigation complete; no suspect identified
08edaab47aa1e13ae04caeec57268c9a95b826dfd92115ee07f9aa46e1d282e6,2013-06,Nottinghamshire Police,Nottinghamshire Police,-1.264182,53.082682,On or near BIRD'S LANE,E01027996,Ashfield 010B,Investigation complete; no suspect identified
58ab35e013190011a056f589416f0a2cbb8d846f6223200c038ab4edc8797a6b,2013-06,Nottinghamshire Police,Nottinghamshire Police,-1.288316,53.072177,On or near MAID MARIAN AVENUE,E01027995,Ashfield 010A,Investigation complete; no suspect identified
2e880861a536b2ca75d68c2d726acf0383657244787f1336e42f6f1d139844cd,2013-06,Nottinghamshire Police,Nottinghamshire Police,-1.253677,53.141056,On or near Petrol Station,E01027979,Ashfield 001A,Offender given a drugs possession warning
bca840b81614c2e838c37df2b90d34239e80f046af82b8ff16a7f995a2d335ba,2013-06,Nottinghamshire Police,Nottinghamshire Police,-1.277437,53.128285,On or near RILEY AVENUE,E01027989,Ashfield 006D,Suspect charged
8ab5495d84354e75471854aa77fd78f0676a765e0eb8aaca15fc02da8eb02963,2013-06,Nottinghamshire Police,Nottinghamshire Police,-1.246702,53.100534,On or near POND STREET,E01027952,Ashfield 008A,Investigation complete; no suspect identified
b56ba96d5effe138e5f9077934878bfbf56bcf6457e50447e5508c5aa36d2171,2013-06,Nottinghamshire Police,Nottinghamshire Police,-1.260491,53.115956,On or near SPA CLOSE,E01027974,Ashfield 005D,Investigation complete; no suspect identified
ec25e8d32c7a74527930a7d14fe36f2256c82d1cac81bcae9a3341ffea987a6b,2013-06,Nottinghamshire Police,Nottinghamshire Police,-1.250745,53.101647,On or near Sports/Recreation Area,E01027952,Ashfield 008A,Investigation complete; no suspect identified
1bfcd76d286b8289521bb970511e4395a85f73681d1f5b9796a2461c4f4812e2,2013-06,Nottinghamshire Police,Nottinghamshire Police,-1.242435,53.124085,On or near WILLOW GARDENS,E01027972,Ashfield 004B,Investigation complete; no suspect identified
e531ae97027840e0afa619ef98a4d16ff838dd6f98b212caf723806fa36f4c0c,2013-06,Nottinghamshire Police,Nottinghamshire Police,-1.254397,53.128844,On or near Parking Area,E01027978,Ashfield 004D,Local resolution
6330d5cb2af353bc4c5bcbfb421402a98c8e205047a4d989c1f1cce2eb755097,2013-06,Nottinghamshire Police,Nottinghamshire Police,-1.269449,53.143716,On or near BIRCHWOOD DRIVE,E01027980,Ashfield 001B,Investigation complete; no suspect identified
52c926462bea3a5446de789259f295c39d6595983acf487788c597f5873b6f78,2013-06,Nottinghamshire Police,Nottinghamshire Police,-1.241123,53.100939,On or near MORVEN ROAD,E01027952,Ashfield 008A,Investigation complete; no suspect identified
c1acd0552b36bcf209e295127942201ed8558eaa1cd47749b5711cda3c3b6765,2013-06,Nottinghamshire Police,Nottinghamshire Police,-1.302709,53.130116,On or near SAMPSONS YARD,E01027986,Ashfield 003B,Suspect charged
fe4211f1f4c84b03a7ac60b56b9c745aaa9054337768d70b927e4da580ad19ac,2013-06,Nottinghamshire Police,Nottinghamshire Police,-1.239766,53.097433,On or near ROSEBERRY STREET,E01027949,Ashfield 007A,Investigation complete; no suspect identified
673d4d9b41fd7b2dae830f6785e78abf31fc21e4e7bdb2d2080b6e351c2181d7,2013-06,Nottinghamshire Police,Nottinghamshire Police,-1.191073,52.960681,On or near Pedestrian Subway,E01013932,Nottingham 019C,Suspect charged
1a6d70efef196d0bc0c9ff4c92150987dd0b733afba8080a73ddc55950a806d5,2013-06,Nottinghamshire Police,Nottinghamshire Police,-1.125791,52.931947,On or near Shopping Area,E01028416,Rushcliffe 005D,Suspect charged
990f4f689a63ad975b60b1339ab469acd90cd142bcdaf161aa22d60bb4e17850,2013-06,Nottinghamshire Police,Nottinghamshire Police,-1.132501,52.935654,On or near Supermarket,E01028416,Rushcliffe 005D,Suspect charged
ffe64f0894586a11cf08aac55a9a36711aae1c2c7c8bbbf2858cd65523db9cb3,2013-06,Nottinghamshire Police,Nottinghamshire Police,-1.132501,52.935654,On or near Supermarket,E01028416,Rushcliffe 005D,Suspect charged
b0105ca68e38ad2dd8bd3e94489f6c5d97f3f3f26ad8ce875547f3b11221ad71,2013-06,Nottinghamshire Police,Nottinghamshire Police,-0.989295,52.913856,On or near MERCIA AVENUE,E01028419,Rushcliffe 010B,Local resolution
0971635402fb7d0e0d16b8f875ec59d6635b25f72de53f662aefddf0dc3b631a,2013-06,Nottinghamshire Police,Nottinghamshire Police,-1.136840,52.997264,On or near MORLEY STREET,E01028167,Gedling 006D,Offender given a caution
2a3729f626b06fedf8791ce388b77ec6cf998eb280929f6d178ffbfa137d3acc,2013-06,Nottinghamshire Police,Nottinghamshire Police,-1.129869,53.004558,On or near BOND STREET,E01028144,Gedling 006A,Suspect charged
ab01286b5936c566cdc04c46818b5a82f6288e6d7849fa713758627d378e1847,2013-06,Nottinghamshire Police,Nottinghamshire Police,-1.166036,52.945055,On or near Supermarket,E01013870,Nottingham 040A,Suspect charged
6a521befbdd05b258d413ed52bbedc6dff8e44472b3dfcfd8091f39715def8bb,2013-06,Nottinghamshire Police,Nottinghamshire Police,-1.123833,52.983235,On or near Petrol Station,E01013935,Nottingham 010A,Suspect charged
ed3fe3760f9ea48d652354c47f692e81c3e45ee21e00a951f21d725f0a0255bb,2013-06,Nottinghamshire Police,Nottinghamshire Police,-1.135460,52.976066,On or near Supermarket,E01013937,Nottingham 015A,Suspect charged
11ed491268512e66f9e739e3cebf1ef90d8d7a71c35daca20b830d27b728b383,2013-06,Nottinghamshire Police,Nottinghamshire Police,-1.163756,53.000746,On or near Sports/Recreation Area,E01013854,Nottingham 006B,Suspect charged
df0e153016392d8cbc73909cfd6765cf014ee653fdf9c154b98d543cd54dc2cf,2013-06,Nottinghamshire Police,Nottinghamshire Police,-1.205541,52.966514,On or near BEECHDALE ROAD,E01013929,Nottingham 020D,Local resolution
15fac23c1e30211f3ff3d0fa6e3ca0abe768e5138adcfed01fa604112a658cd0,2013-06,Nottinghamshire Police,Nottinghamshire Police,-1.196597,53.000838,On or near MAIN STREET,E01013885,Nottingham 002E,Suspect charged
05e5ff8b59c2373503a1e2100fafdbe767e97e7843fd857bb81871c833a46639,2013-06,Nottinghamshire Police,Nottinghamshire Police,-1.297092,53.017206,On or near PERCY STREET,E01028114,Broxtowe 001E,Investigation complete; no suspect identified
b31ccfff74dd30e46d3dc6f93c204030b21849079cdc46396691c383b7f08346,2013-06,Nottinghamshire Police,Nottinghamshire Police,-1.108008,52.976304,On or near GARDENIA GROVE,E01028212,Gedling 011E,Investigation complete; no suspect identified
2ecf0ba6f3e1bf766266261b387758527e8365e057de05fc9938e88d8c418e1b,2013-06,Nottinghamshire Police,Nottinghamshire Police,-1.226548,52.971650,On or near ST MARTIN'S CLOSE,E01013866,Nottingham 014C,Investigation complete; no suspect identified
b6cd6331a17cafc997a4e98065f77344b896ec47c31ba07da74f46aa2cfd2436,2013-06,Nottinghamshire Police,Nottinghamshire Police,-1.200948,53.003249,On or near BARRY STREET,E01013885,Nottingham 002E,Investigation complete; no suspect identified
721a59eb00341ecaca3f17bc90d64bae03cf27f694bac002ac57baeb4920a8fc,2013-06,Nottinghamshire Police,Nottinghamshire Police,-1.208200,52.996196,On or near BONINGTON CLOSE,E01013878,Nottingham 005D,Investigation complete; no suspect identified
6d898386e68d2c6c1795ab764ad4faa1ef11213e143816ebc1717e0d231a86d1,2013-06,Nottinghamshire Police,Nottinghamshire Police,-1.213896,53.004181,On or near NINE ACRE GARDENS,E01013883,Nottingham 005E,Investigation complete; no suspect identified
648f3ef5c9bebe622c5a84eb371ba3deac9df32ca850519cd2e0cbc27c1b182e,2013-06,Nottinghamshire Police,Nottinghamshire Police,-1.193849,52.961931,On or near ENNISMORE GARDENS,E01013932,Nottingham 019C,Investigation complete; no suspect identified
ca8eec3506c701a6a1c10b5ea8517d4043f44d3535b1f0cf0116b4733b475b3d,2013-06,Nottinghamshire Police,Nottinghamshire Police,-1.191836,52.995655,On or near Supermarket,E01013888,Nottingham 004B,Investigation complete; no suspect identified
9831424381bdbf202bf971369a86f4a149a422cf1b17c1a96a1c7bc223035813,2013-06,Nottinghamshire Police,Nottinghamshire Police,-1.181095,52.993190,On or near NAWORTH CLOSE,E01013834,Nottingham 008C,Investigation complete; no suspect identified
3769b2c8b8eaf15b9d055be840a7608b30429325ccd3af18c88425a8afa60483,2013-06,Nottinghamshire Police,Nottinghamshire Police,-1.165759,52.989614,On or near HEATHFIELD ROAD,E01013827,Nottingham 008A,Investigation complete; no suspect identified
a40e93c8e146d3b50475fa48177bc89d5120f35786d9547538beb7bd4622811d,2013-06,Nottinghamshire Police,Nottinghamshire Police,-1.177098,53.002035,On or near CELANDINE CLOSE,E01013893,Nottingham 001C,Investigation complete; no suspect identified
6bb0bb116e21f26c9556a63884ac04950878ed1a97cc5fc83658c39baf3694a7,2013-06,Nottinghamshire Police,Nottinghamshire Police,-1.171968,52.996813,On or near PADSTOW ROAD,E01013855,Nottingham 006C,Investigation complete; no suspect identified
f23a49f3944edc04b3f02616b188377838dbcc88033af137b521e6b00980d0de,2013-06,Nottinghamshire Police,Nottinghamshire Police,-1.169610,52.962789,On or near CAULTON STREET,E01013814,Nottingham 022B,Suspect charged
71d9ad60130eee9c5f914829ad4f807e038939c310f19f717f50b53dca92506a,2013-06,Nottinghamshire Police,Nottinghamshire Police,-1.147645,52.950201,On or near Shopping Area,E01033400,Nottingham 039B,Suspect charged
14023ad59d3ed25dc2baa5440dc395562428980e24e32c8e50571b8a23cc4963,2013-06,Nottinghamshire Police,Nottinghamshire Police,-1.157054,52.982990,On or near HILL CREST GROVE,E01013967,Nottingham 007E,Investigation complete; no suspect identified
b9099202a794440bd8dbba0f25eb63303c38546f63dda6ab3504a12a4d0cbb50,2013-06,Nottinghamshire Police,Nottinghamshire Police,-1.149477,52.954655,On or near KING STREET,E01033406,Nottingham 039E,Investigation complete; no suspect identified
e323df63b15e4f97da6b609999b29867b9f2f5ae746c4732e0fd2e80ff19baca,2013-06,Nottinghamshire Police,Nottinghamshire Police,-1.210736,52.955950,On or near OLD COACH ROAD,E01013977,Nottingham 027A,Investigation complete; no suspect identified
3988f7440438da8b79af79ea16e12e40916cc95c70c4685e16966696ec958507,2013-06,Nottinghamshire Police,Nottinghamshire Police,-1.183453,52.956610,On or near MIDLAND WAY,E01033395,Nottingham 026G,Suspect charged
3576fe13606cb3bf70ab1c9e615c665efd26b01447e81091891f0c0d5f780759,2013-06,Nottinghamshire Police,Nottinghamshire Police,-1.150199,52.955820,On or near Theatre/Concert Hall,E01033409,Nottingham 023H,Suspect charged
81e8e609e41ee3f35b1cc990a94558630d4483a1b02801d16a25860b27f31db5,2013-06,Nottinghamshire Police,Nottinghamshire Police,-1.181513,52.952156,On or near FARADAY ROAD,E01033395,Nottingham 026G,Investigation complete; no suspect identified
edcdb7da9f0f7a40a051150cc82457a259fea29d4b8e6ecfce345f79fbdc020d,2013-06,Nottinghamshire Police,Nottinghamshire Police,-1.147591,52.955945,On or near Shopping Area,E01033409,Nottingham 023H,Investigation complete; no suspect identified
8228cd5b85e8a0a1490587622992e3afdded1f2aee43bc7e8c5c90a894755f63,2013-06,Nottinghamshire Police,Nottinghamshire Police,-1.148066,52.959050,On or near Parking Area,E01013961,Nottingham 023D,Investigation complete; no suspect identified
2caba62e5195334fedc9474da2c0a2fbacad07404dac1ac1a692e61faba7e46e,2013-06,Nottinghamshire Police,Nottinghamshire Police,-1.155052,52.956547,On or near Parking Area,E01013816,Nottingham 022D,Investigation complete; no suspect identified
1ab45293c4bdf7e5083bea98701cee42a36254c66234f34eca5fc49aefe6237d,2013-06,Nottinghamshire Police,Nottinghamshire Police,-1.151276,52.951737,On or near Nightclub,E01033400,Nottingham 039B,Investigation complete; no suspect identified
ef0d2c27b77d953e1767d6f29e5dea18c05ad9e44e7100fed5809dc0a33dd02a,2013-06,Nottinghamshire Police,Nottinghamshire Police,-1.166830,52.957151,On or near HIGHURST STREET,E01033404,Nottingham 028G,Investigation complete; no suspect identified
33b67f3bdb5ee04d711e2ec092280afe29173e17b648b05f6fd4fbb49c351040,2013-06,Nottinghamshire Police,Nottinghamshire Police,-1.166830,52.957151,On or near HIGHURST STREET,E01033404,Nottingham 028G,Investigation complete; no suspect identified
c2d7b7390db12c13acfe91bda5886fcdc94e722767d4a620231eb97015704159,2013-06,Nottinghamshire Police,Nottinghamshire Police,-1.154274,52.955238,On or near WOLLATON STREET,E01013816,Nottingham 022D,Investigation complete; no suspect identified
8acd639047cac46d6defcd5b17ca2001289513ef4ce3f96518cb6f34fe458589,2013-06,Nottinghamshire Police,Nottinghamshire Police,-1.143859,52.951963,On or near Further/Higher Educational Building,E01033403,Nottingham 039D,Investigation complete; no suspect identified
a774faf00dabdbea5f16fa075a94f2a8972a81f2ab1f1a1d0a7294a7ba52ad8e,2013-06,Nottinghamshire Police,Nottinghamshire Police,-1.152397,52.953777,On or near LONG ROW WEST,E01033400,Nottingham 039B,Investigation complete; no suspect identified
da449e597457624dbaff80e53a8c7f9251a271ea1cc0d336e97246a24bbb50f1,2013-06,Nottinghamshire Police,Nottinghamshire Police,-1.155052,52.956547,On or near Parking Area,E01013816,Nottingham 022D,Investigation complete; no suspect identified
7a61035f5d640c471572e56bd33340b39cd35c99687637a02b69fc934309d403,2013-06,Nottinghamshire Police,Nottinghamshire Police,-1.150199,52.955820,On or near Theatre/Concert Hall,E01033409,Nottingham 023H,Investigation complete; no suspect identified
b0c3d10aff614aa2f8f6f0fa63149fb0e50a6e74713b9d170f5d1d45b4c3aa92,2013-06,Nottinghamshire Police,Nottinghamshire Police,-1.151158,52.953211,On or near BEAST MARKET HILL,E01033400,Nottingham 039B,Investigation complete; no suspect identified
e00eb979816c41b05afcbca4097edc896d018586f2a295a3b14916f73812e366,2013-06,Nottinghamshire Police,Nottinghamshire Police,-1.142980,52.953539,On or near Nightclub,E01033406,Nottingham 039E,Investigation complete; no suspect identified
aa94a39672ee5ffb1ef68677f5204562c671de21ece0cdaaebbe09e112faa8eb,2013-06,Nottinghamshire Police,Nottinghamshire Police,-1.111745,53.322094,On or near RIDGEWAY,E01028053,Bassetlaw 016C,Offender given a caution
eabb7a85f6073a0935a5a4e400b5aa07cdec9cc233d17f88ff76faebfba7c935,2013-06,Nottinghamshire Police,Nottinghamshire Police,-1.106197,53.316731,On or near TRUEMAN COURT,E01028042,Bassetlaw 016E,Investigation complete; no suspect identified
a8961dd7fa8a4b9c28ada227826cf173ca1a0b937bd4719e660a05c9faf51086,2013-06,Nottinghamshire Police,Nottinghamshire Police,-1.118231,53.300964,On or near EVESHAM MEWS,E01028065,Bassetlaw 012B,Investigation complete; no suspect identified
e63b5a24f17aa08847763d3c5090e6f8ae8d8d492277468a3ce44043e0eb5908,2013-06,Nottinghamshire Police,Nottinghamshire Police,-1.019696,53.409384,On or near CHURCH VIEW,E01028000,Bassetlaw 001A,Investigation complete; no suspect identified
c488d2132184270d25fb608251cf65139739b2534862dd77484fe6773de5ab3f,2013-06,Nottinghamshire Police,Nottinghamshire Police,-1.105868,53.306607,On or near BRACEBRIDGE,E01028045,Bassetlaw 016G,Investigation complete; no suspect identified
fba37bcc86377e52467c5398950ac21aad188c3a40427d5531baab741fcaf7ac,2013-06,Nottinghamshire Police,Nottinghamshire Police,-1.124503,53.305352,On or near Supermarket,E01028062,Bassetlaw 013C,Investigation complete; no suspect identified
ff0b4699898f02a74ba0094db9ed0b7baf88d35d9f6a5ed78823e9aec2984bf2,2013-06,Nottinghamshire Police,Nottinghamshire Police,-1.122807,53.310490,On or near WELBECK STREET,E01028057,Bassetlaw 012A,Investigation complete; no suspect identified
31f08a2fb865443299b14d5c4e045f57b42ec2dbf6238b8d6f0c9b9ce3d6e730,2013-06,Nottinghamshire Police,Nottinghamshire Police,-1.127495,53.312439,On or near A60,E01028055,Bassetlaw 009A,Investigation complete; no suspect identified
6887ded710dea031fdda62119b256d679b5fff9d118306f6efbcf338cfdedd64,2013-06,Nottinghamshire Police,Nottinghamshire Police,-1.104236,53.301408,On or near HARDWICK CRESCENT,E01028066,Bassetlaw 012C,Investigation complete; no suspect identified
c4844d8cc8c450b1892580c5b95e423fbbfc9ec5cf6d08f2f4fce7f666777481,2013-06,Nottinghamshire Police,Nottinghamshire Police,-1.112708,53.302451,On or near CHEAPSIDE,E01028068,Bassetlaw 012D,Investigation complete; no suspect identified
af951e956b027a405bf2f0d60b54d3b24339259af2b0290bde9a17b0adedda13,2013-06,Nottinghamshire Police,Nottinghamshire Police,-1.104503,53.315199,On or near GOLDSMITH ROAD,E01028042,Bassetlaw 016E,Investigation complete; no suspect identified
7054873cd4002c07f7c25d6e0637c6fc5c096d8bc999bd7c9ab30be72743b528,2013-06,Nottinghamshire Police,Nottinghamshire Police,-0.820636,53.066457,On or near SPINNEY CLOSE,E01028308,Newark and Sherwood 010A,Suspect charged
5923a32c583c2f9e80d09225b9d5cf45168854a97cf12c2d133cb68d48f1dfb8,2013-06,Nottinghamshire Police,Nottinghamshire Police,-0.790138,53.090710,On or near STANHOPE AVENUE,E01028307,Newark and Sherwood 007E,Investigation complete; no suspect identified
f6e1329f1d524da30e454cd49b2699aad304fc1dc0f2d613dc78e5955e1b4a03,2013-06,Nottinghamshire Police,Nottinghamshire Police,-0.814301,53.064012,On or near ETON AVENUE,E01028318,Newark and Sherwood 010C,Investigation complete; no suspect identified
4caa8a2984e3d5c775f4b254ffc0fe5b814fadb8fc5e88ad5bd30b1e50ff9268,2013-06,Nottinghamshire Police,Nottinghamshire Police,-0.786319,53.093782,On or near A46 Lincoln Road/A1 Great North Road,E01028353,Newark and Sherwood 004D,Investigation complete; no suspect identified
1bdd2252ece8c0094c99c6d1464dce9bbc8063bfbd5fa3478728bc5bc7c79001,2013-06,Nottinghamshire Police,Nottinghamshire Police,-1.114728,52.987806,On or near CENTRAL AVENUE,E01028193,Gedling 010A,Investigation complete; no suspect identified
1e44386bf0fb6b0ac02412962038c8cb14f326e7e7f2457c4616114184b018c5,2013-06,Nottinghamshire Police,Nottinghamshire Police,-1.101495,52.965791,On or near BUNTINGS LANE,E01028159,Gedling 014E,Investigation complete; no suspect identified
923dd7bd90d40b196e1bbdc7f2d1af154adf6fc88456a81f254f22b3f277f4ec,2013-06,Nottinghamshire Police,Nottinghamshire Police,-1.095721,52.966367,On or near CARLTON HILL,E01028155,Gedling 014A,Investigation complete; no suspect identified
823bc8ae483a9062c24d83d44ddea2b0caf114c36df0b74f9bf85242b00265f7,2013-06,Nottinghamshire Police,Nottinghamshire Police,-1.117942,52.970463,On or near FORESTER ROAD,E01028163,Gedling 013D,Investigation complete; no suspect identified
3583ab67231ab4883856e9495274e32136a49299f2ae58284d6893b3a9d6dd97,2013-06,Nottinghamshire Police,Nottinghamshire Police,-1.077641,52.963756,On or near Supermarket,E01028186,Gedling 015C,Investigation complete; no suspect identified
6e2c79d0caeb937a065a7af9f11c101eaa111c1289b5e291fa8ee2c5d67e60f9,2013-06,Nottinghamshire Police,Nottinghamshire Police,-1.077729,52.970104,On or near BURTON ROAD,E01028171,Gedling 012D,Investigation complete; no suspect identified
6301614276366b5e659f511fbb6a10f5b8e5d11e5fd6c4bc125c80c84f4930fd,2013-06,Nottinghamshire Police,Nottinghamshire Police,-1.111204,52.980948,On or near ROSELEIGH AVENUE,E01028197,Gedling 010E,Investigation complete; no suspect identified
3af79eff51f648c7ed6648132443145bb736a96ea9560141ce9665832ba8ad14,2013-06,Nottinghamshire Police,Nottinghamshire Police,-1.268787,52.962290,On or near Motorway Service Area,E01033412,Broxtowe 016F,Investigation complete; no suspect identified
00a1f7180ba580399d7dfee32cf7f298467f36cd90e90f5b7bf5844e068a9f35,2013-06,Nottinghamshire Police,Nottinghamshire Police,-1.271024,52.941727,On or near THE CRESCENT,E01028127,Broxtowe 008C,Investigation complete; no suspect identified
0edce82d7a2e974f2b1248bf888df1b8ef7615432763efee95d390b45bb1d790,2013-06,Nottinghamshire Police,Nottinghamshire Police,-1.216819,52.927403,On or near WILKINSON AVENUE,E01028085,Broxtowe 011D,Investigation complete; no suspect identified
e58e7680f97146b75ba575f89fafa16c5ac78400766d773be5232b8c2d8af647,2013-06,Nottinghamshire Police,Nottinghamshire Police,-1.219250,52.922942,On or near ELLIS GROVE,E01028086,Broxtowe 011E,Investigation complete; no suspect identified
926aee8a9ec03ebbe81090a89a96d413a0b348ecdb73c13b953e5c1061c9ca50,2013-06,Nottinghamshire Police,Nottinghamshire Police,-1.230000,52.920666,On or near WOODLAND GROVE,E01028095,Broxtowe 014D,Investigation complete; no suspect identified
cf60f3c638652d280b46d6d3fc114475ca65d275bcd49c308ae25b8ebd3e00bf,2013-06,Nottinghamshire Police,Nottinghamshire Police,-1.205726,52.927150,On or near QUEENS DRIVE,E01028075,Broxtowe 011C,Investigation complete; no suspect identified
6c3a2ad73b417648f0dd501bc52e7b9dcafb59ff6d5ec231aec71ca75f6e078c,2013-06,Nottinghamshire Police,Nottinghamshire Police,-1.235405,52.941413,On or near CRANSTON ROAD,E01028091,Broxtowe 007E,Investigation complete; no suspect identified
e55387279a8ba3c97b7f792742e040565483cf316b949ba9bffae739d74702c5,2013-06,Nottinghamshire Police,Nottinghamshire Police,-1.278256,52.930093,On or near WARREN COURT,E01028134,Broxtowe 008D,Investigation complete; no suspect identified
740e0969ffcda8d5340556722c722ab1ae1015bf575929f4f579c79eba8ff154,2013-06,Nottinghamshire Police,Nottinghamshire Police,-1.267410,52.942486,On or near RAMSEY CLOSE,E01028127,Broxtowe 008C,Investigation complete; no suspect identified
8c616c9634cbfca53e8c11b6111fb2a013f84138a75189543bf28df39d34c26e,2013-06,Nottinghamshire Police,Nottinghamshire Police,-1.243372,52.941958,On or near THORNHILL CLOSE,E01028089,Broxtowe 007C,Investigation complete; no suspect identified
46f9258576211e669cd12906fd8ebebf27a64673574da2a71b0b290f243c4b0c,2013-06,Nottinghamshire Police,Nottinghamshire Police,-1.210769,52.930456,On or near CEDAR AVENUE,E01028079,Broxtowe 009D,Investigation complete; no suspect identified
851a49d4bb6c23e5b1237c8afe350b8bc6bc915bb8ae3fd5abdd870f0df85372,2013-06,Nottinghamshire Police,Nottinghamshire Police,-1.272710,52.936999,On or near ELTON CLOSE,E01028126,Broxtowe 008B,Investigation complete; no suspect identified
09f755941f6c269dce0543d640e9fa76d4e514e8a7d79147811d3516ade218c5,2013-06,Nottinghamshire Police,Nottinghamshire Police,-1.217810,52.919445,On or near MARINA AVENUE,E01028069,Broxtowe 014A,Investigation complete; no suspect identified
7771dd9f38ae9aed2dce083fccf49bc7aa0aad69d91427e1d35c484da23909d3,2013-06,Nottinghamshire Police,Nottinghamshire Police,-1.247885,52.923666,On or near BARN CROFT,E01028101,Broxtowe 013E,Investigation complete; no suspect identified
3888f6a63cbce71e12d27b03ed421a1dd5b782376b6d790c0a64a848831f09e3,2013-06,Nottinghamshire Police,Nottinghamshire Police,-1.243921,52.906166,On or near TINDALL CLOSE,E01028137,Broxtowe 015C,Investigation complete; no suspect identified
8ea4d24976b7cc3494450a4b3a3c8de9b1cf9d2d52f728f026666c751bf4ea36,2013-06,Nottinghamshire Police,Nottinghamshire Police,-1.215356,52.927672,On or near VERNON AVENUE,E01028085,Broxtowe 011D,Investigation complete; no suspect identified
33a6ae364a294530ac8a9a3004f29316bfbe92e44bf5388afd24dae306109f5b,2013-06,Nottinghamshire Police,Nottinghamshire Police,-1.128455,53.002983,On or near Supermarket,E01028209,Gedling 005D,Investigation complete; no suspect identified
335b8b1230dc9bf3956fc36c7a6387bd352573174119b2701bcb015e1ba7a095,2013-06,Nottinghamshire Police,Nottinghamshire Police,-1.122285,53.010390,On or near ALBION RISE,E01028206,Gedling 004C,Investigation complete; no suspect identified
e0315ee3ba68cac264e4491bdee1f7f291dff323f9eeec223b27aa8c178fa1f5,2013-06,Nottinghamshire Police,Nottinghamshire Police,-1.129618,53.005203,On or near CHAPEL LANE,E01028144,Gedling 006A,Investigation complete; no suspect identified
26cff64559c543840346462930eb9835e06acbc7c58fc0ec1ebc1c0bd511712d,2013-06,Nottinghamshire Police,Nottinghamshire Police,-1.112110,53.000714,On or near DARLTON DRIVE,E01028182,Gedling 007D,Investigation complete; no suspect identified
637bc7340dea8996547da7bb75c2ff82e837adcb5c93816c168bd11fd299aca4,2013-06,Nottinghamshire Police,Nottinghamshire Police,-1.139328,53.003296,On or near OXCLOSE LANE,E01028166,Gedling 006C,Investigation complete; no suspect identified
8e4a90482f94c1853a09d488349366930e00744286595f90d3b1627cc52e6816,2013-06,Nottinghamshire Police,Nottinghamshire Police,-1.139146,52.959974,On or near JEDBURGH CLOSE,E01033411,Nottingham 023I,Investigation complete; no suspect identified
8080a66f1b546bcf6494264407dba6ef9ffcc1ef3fc1377f6920f8fcdf413635,2013-06,Nottinghamshire Police,Nottinghamshire Police,-1.176941,52.894241,On or near BRECKSWOOD DRIVE,E01013911,Nottingham 037D,Investigation complete; no suspect identified
e430cca7cce6fdf281ba56cdf8aaf913fa24ffdcad82ac56438cc1da03e2f14d,2013-06,Nottinghamshire Police,Nottinghamshire Police,-1.132679,52.977376,On or near BLYTH GARDENS,E01013936,Nottingham 016A,Investigation complete; no suspect identified
6beaa57060e95810a675364c0d1ade410c5e23fbdd7e61be4b61ad0d519e80dc,2013-06,Nottinghamshire Police,Nottinghamshire Police,-1.101335,52.959146,On or near MAYS CLOSE,E01028157,Gedling 014C,Investigation complete; no suspect identified
8d247377325a169a1654438568c9cd7e19a300d474db030b75a9224e66b71f53,2013-06,Nottinghamshire Police,Nottinghamshire Police,-1.152701,52.964899,On or near MANSFIELD ROAD,E01013941,Nottingham 015C,Investigation complete; no suspect identified
b7182d18a5763a3af7e72cb88157e8d732fe06ada9bf0df33fdd95dea67e3cb3,2013-06,Nottinghamshire Police,Nottinghamshire Police,-1.122127,52.951265,On or near BADEN POWELL ROAD,E01013921,Nottingham 029D,Investigation complete; no suspect identified
2bf90ad207a8a969ff5d619e787cc39e63bf6961e36e9972382ba7f0a4be58db,2013-06,Nottinghamshire Police,Nottinghamshire Police,-1.197631,52.907993,On or near CLIFTON HALL DRIVE,E01013912,Nottingham 036D,Investigation complete; no suspect identified
02dfb1a2ab77c6bc3b289fa7d0dd1829e78e0f525fa10763edc23f34a3d0c37a,2013-06,Nottinghamshire Police,Nottinghamshire Police,-1.126576,52.963937,On or near EDGINTON STREET,E01013962,Nottingham 021D,Investigation complete; no suspect identified
1cfa8e79a40a6f99600fcc9cc1ec238416757ae9586ea3ba3580bef59235edde,2013-06,Nottinghamshire Police,Nottinghamshire Police,-1.126576,52.963937,On or near EDGINTON STREET,E01013962,Nottingham 021D,Investigation complete; no suspect identified
ab1ad10b097129bcaa7b050b72e55a68aa6f51d640330c58ee032859c4c291dc,2013-06,Nottinghamshire Police,Nottinghamshire Police,-1.126576,52.963937,On or near EDGINTON STREET,E01013962,Nottingham 021D,Investigation complete; no suspect identified
29fa69362e0ad6682d6e073de30d7fd4556fb4437a6b0b1ee80c4ec6b53df38a,2013-06,Nottinghamshire Police,Nottinghamshire Police,-1.123833,52.983235,On or near Petrol Station,E01013935,Nottingham 010A,Investigation complete; no suspect identified
bd8d7c3b9340f211747779fe8b5cdf42caa04088f3700bdbcb006cc325930bdd,2013-06,Nottinghamshire Police,Nottinghamshire Police,-1.173851,52.908225,On or near SOUTHCHURCH DRIVE,E01013899,Nottingham 035C,Investigation complete; no suspect identified
1b8fd52d705e7eb40a8c04943f01c73e9d600d22eb607b49bc3fa22409f7fffa,2013-06,Nottinghamshire Police,Nottinghamshire Police,-1.187277,52.905900,On or near DALEHEAD ROAD,E01013912,Nottingham 036D,Investigation complete; no suspect identified
754e99735efe83fe7f855315e66fa4c5a1afae43ab95110695c50bc2f6300e96,2013-06,Nottinghamshire Police,Nottinghamshire Police,-1.191378,52.898044,On or near NEW RISE,E01013908,Nottingham 036B,Investigation complete; no suspect identified
7d2c37c30d84ff36a438d492165232e2e6244c30edea77cc9dcbefe98c0214d6,2013-06,Nottinghamshire Police,Nottinghamshire Police,-1.192042,52.904701,On or near THYMUS WALK,E01013909,Nottingham 036C,Investigation complete; no suspect identified
ecebfaf5a5dd513937a94612ed37fce1c2b5abcc4ac6e85869ab4a711b186774,2013-06,Nottinghamshire Police,Nottinghamshire Police,-1.170395,52.906224,On or near BELWOOD CLOSE,E01013900,Nottingham 035D,Investigation complete; no suspect identified
1b0b4d6f129b4f31fe46d75e0e586263916cb7a300f68aca9f3cea024784d6ed,2013-06,Nottinghamshire Police,Nottinghamshire Police,-1.193073,52.902829,On or near WILKINS GARDENS,E01013909,Nottingham 036C,Investigation complete; no suspect identified
281d08a74cd5782e945dab817cb6326267a2e5e553e549255238147173214bec,2013-06,Nottinghamshire Police,Nottinghamshire Police,-1.123833,52.983235,On or near Petrol Station,E01013935,Nottingham 010A,Investigation complete; no suspect identified
6af79e61c59ca87f17c858c158a3e8b637c2c99495c167a5bc5bdc470201c67c,2013-06,Nottinghamshire Police,Nottinghamshire Police,-1.126258,52.948671,On or near RADBOURNE ROAD,E01013920,Nottingham 029C,Investigation complete; no suspect identified
d1debacb8ed78ca7e0f20a9af4c7bb1ebafcb7b405b7523d43fba8fc56b63d9b,2013-06,Nottinghamshire Police,Nottinghamshire Police,-1.124389,52.951318,On or near KENTWOOD ROAD,E01013921,Nottingham 029D,Investigation complete; no suspect identified
fa43242aa515c860b7fedd2f6eba61916a1ab0e1b6cb3107d39bef8f18470215,2013-06,Nottinghamshire Police,Nottinghamshire Police,-1.153622,52.939052,On or near QUEEN'S WALK,E01013870,Nottingham 040A,Investigation complete; no suspect identified
96d77e6f634ab12323a8fe72d167e8889562b35ec3e1f804f41c181d45fe2e99,2013-06,Nottinghamshire Police,Nottinghamshire Police,-1.140979,52.939600,On or near LAMCOTE STREET,E01013874,Nottingham 039A,Investigation complete; no suspect identified
3a117f7fe31af5d905fb16bc66ef727ba4b14504c3e3e56db00506193945260f,2013-06,Nottinghamshire Police,Nottinghamshire Police,-1.227360,52.963646,On or near STAVERTON ROAD,E01013860,Nottingham 025B,Investigation complete; no suspect identified
4ae0afd2ac60251d127fbecb5de16ed68750e7d00e6c166409e1efb48b3f40ef,2013-06,Nottinghamshire Police,Nottinghamshire Police,-1.209563,52.963142,On or near SALTBURN ROAD,E01013861,Nottingham 020B,Investigation complete; no suspect identified
472fb1e5e78300cab48d378779257ba765c3367e54d1bab5be62cf2846a1cdca,2013-06,Nottinghamshire Police,Nottinghamshire Police,-1.185477,52.978855,On or near PEMBRIDGE CLOSE,E01013832,Nottingham 009D,Investigation complete; no suspect identified
d9b45a7f216f30c6030de288293704c9d913b5d07341379310bb52a43c07b8e1,2013-06,Nottinghamshire Police,Nottinghamshire Police,-1.190705,53.014714,On or near FENTON DRIVE,E01013879,Nottingham 002A,Investigation complete; no suspect identified
587d6c93062e1e511e3e7c30cba6310244d38a699280491b09667c77d50d4f90,2013-06,Nottinghamshire Police,Nottinghamshire Police,-1.221817,52.975530,On or near HONITON ROAD,E01013822,Nottingham 011C,Investigation complete; no suspect identified
41946b101e31eaeeb7058ee4afc4c86adb47f0b638bbed2aaf24c0338efe0e0d,2013-06,Nottinghamshire Police,Nottinghamshire Police,-1.168433,52.993884,On or near MURRAY CLOSE,E01033397,Nottingham 006F,Investigation complete; no suspect identified
457f9de3d0a605f1a310589683adf685c76c1b156b08abf5b2a1bef93fff3fbb,2013-06,Nottinghamshire Police,Nottinghamshire Police,-1.164840,52.992493,On or near ARNOLD ROAD,E01033397,Nottingham 006F,Investigation complete; no suspect identified
6843753faf3ca9674f2fa0878c682688990b18ef9f152065884105136a6ef35a,2013-06,Nottinghamshire Police,Nottinghamshire Police,-1.197845,53.001017,On or near PILKINGTON STREET,E01013885,Nottingham 002E,Investigation complete; no suspect identified
77a58e4b12eb5f9d6e013adc6be748f1548b045a1f41c10cfea9651b03f8ae8c,2013-06,Nottinghamshire Police,Nottinghamshire Police,-1.211564,52.975903,On or near BROXTOWE LANE,E01013821,Nottingham 013C,Investigation complete; no suspect identified
2d752610e01034fa982c9b320fb2870daec94c2e925183a03fd36f45416037dc,2013-06,Nottinghamshire Police,Nottinghamshire Police,-1.191836,52.995655,On or near Supermarket,E01013888,Nottingham 004B,Investigation complete; no suspect identified
1d5f38e1150e2482143feeada268f80398faa3fccc365992946ef17406b5cc2f,2013-06,Nottinghamshire Police,Nottinghamshire Police,-1.191203,52.996801,On or near CLARGES STREET,E01013888,Nottingham 004B,Investigation complete; no suspect identified
16492b229b58db14ed6792897cd6c1b406091e987105f2b33908e205eb0130b3,2013-06,Nottinghamshire Police,Nottinghamshire Police,-1.212590,52.978480,On or near COLEBY ROAD,E01013817,Nottingham 011A,Investigation complete; no suspect identified
e652b434bb383b79f4842217a0cff602f92faf0d16aeeea8c600f32506158b5b,2013-06,Nottinghamshire Police,Nottinghamshire Police,-1.224236,52.976004,On or near BRAMLEY ROAD,E01013865,Nottingham 014B,Investigation complete; no suspect identified
d9373fdce03096de1820eeca7772bb75cba58c0170701c98286ad50bb38304dc,2013-06,Nottinghamshire Police,Nottinghamshire Police,-1.143842,52.953608,On or near CARLTON STREET,E01033406,Nottingham 039E,Suspect charged
bb56d0046465788c0ccdb299a339ea99cf72903754f9226d10f4f28a9ad22463,2013-06,Nottinghamshire Police,Nottinghamshire Police,-1.179605,52.957015,On or near RIFLE STREET,E01033396,Nottingham 026H,Suspect charged
5a68ba32de41f631a1a001b92c12106226146064297f64def7971c6d95520e08,2013-06,Nottinghamshire Police,Nottinghamshire Police,-1.226409,52.957707,On or near BOLERO CLOSE,E01013980,Nottingham 030A,Investigation complete; no suspect identified
0d28fa49ca8429cf395e5c222a3a0217aab97ae15f6113c3a44246f4ef7f04f8,2013-06,Nottinghamshire Police,Nottinghamshire Police,-1.143330,52.955393,On or near Nightclub,E01033405,Nottingham 023G,Investigation complete; no suspect identified
1ce1e841fe9a79c46d0eea17cf9962ba2b306bf7fe072f0a79b3950354410955,2013-06,Nottinghamshire Police,Nottinghamshire Police,-1.147278,52.952949,On or near BRIDLESMITH GATE,E01033406,Nottingham 039E,Investigation complete; no suspect identified
04e7ed91b020615fffca1b6a4ae43c9ad6fb5d4ffac59531caaf0db65326a736,2013-06,Nottinghamshire Police,Nottinghamshire Police,-1.141560,52.952306,On or near DUKE'S PLACE,E01033406,Nottingham 039E,Investigation complete; no suspect identified
ad640f2d8a9207b7af7193089272883c3bb87be7d15fb34216ade89bfc2cf783,2013-06,Nottinghamshire Police,Nottinghamshire Police,-1.195078,52.933416,On or near Sports/Recreation Area,E01033410,Nottingham 031I,Investigation complete; no suspect identified
367ab1a1957d9b061a98b2a77006c60e548494ed30c2c23fe39cfa4f087b9432,2013-06,Nottinghamshire Police,Nottinghamshire Police,-1.149477,52.954655,On or near KING STREET,E01033406,Nottingham 039E,Investigation complete; no suspect identified
96665f036c0c7bb5a8e404dc41940400c12cb333cfbbf52475c7958d108548f1,2013-06,Nottinghamshire Police,Nottinghamshire Police,-1.142980,52.953539,On or near Nightclub,E01033406,Nottingham 039E,Investigation complete; no suspect identified
cf9dfe8bcb2266cfc24954bbe7facb2bca3e168220e996068ba05cc18d796df8,2013-06,Nottinghamshire Police,Nottinghamshire Police,-1.170155,52.937452,On or near CENTRAL COURT,E01013928,Nottingham 031G,Investigation complete; no suspect identified
020072770e63e551ab06bc78c52acd28c6cd01d4c5824cd1b197fccd4270fe82,2013-06,Nottinghamshire Police,Nottinghamshire Police,-1.150199,52.955820,On or near Theatre/Concert Hall,E01033409,Nottingham 023H,Investigation complete; no suspect identified
00c4c33122b9a5196a20d945a9c8d047df9fefa609f1f42d4815cbf15b014eb4,2013-06,Nottinghamshire Police,Nottinghamshire Police,-1.150219,52.952512,On or near WHEELER GATE,E01033400,Nottingham 039B,Investigation complete; no suspect identified
631b33cea8499d4200922bdc72681500eaaa5059761651b8741b4547967ed509,2013-06,Nottinghamshire Police,Nottinghamshire Police,-1.152799,52.953016,On or near Nightclub,E01033400,Nottingham 039B,Investigation complete; no suspect identified
66d711b745799e5535adb04c5c565f26b543601d6d135b29f8955e4b1320a753,2013-06,Nottinghamshire Police,Nottinghamshire Police,-1.201546,52.959493,On or near CHARLBURY ROAD,E01013978,Nottingham 027B,Investigation complete; no suspect identified
fcfcff68d78a8a41076fa48c107ef3a89a30ae3fee3f8100546984ffffdd1d57,2013-06,Nottinghamshire Police,Nottinghamshire Police,-1.147443,52.947602,On or near CARRINGTON STREET,E01033400,Nottingham 039B,Investigation complete; no suspect identified
10670b5f098d1ab30170ba71e06963eb5dc725c50188c769c34bec7b57fbd2bf,2013-06,Nottinghamshire Police,Nottinghamshire Police,-1.166124,52.954413,On or near WESTERN TERRACE,E01033404,Nottingham 028G,Investigation complete; no suspect identified
d725c60f26001b51bdd64dc4c40d61eac03425841446fb7545e72e5da964c163,2013-06,Nottinghamshire Police,Nottinghamshire Police,-1.148088,52.949638,On or near Pedestrian Subway,E01033400,Nottingham 039B,Investigation complete; no suspect identified
d6923f736e3ac2cbfbe5ef5fa5a6d1f9ed112a1db6b49c0f92c381850c37e28f,2013-06,Nottinghamshire Police,Nottinghamshire Police,-1.147591,52.955945,On or near Shopping Area,E01033409,Nottingham 023H,Investigation complete; no suspect identified
74d9850cec1be66b76b487306b4b617454f07dba8f998bdb4dc1d82b4abd2231,2013-06,Nottinghamshire Police,Nottinghamshire Police,-1.160603,52.990467,On or near Pedestrian Subway,E01013967,Nottingham 007E,Investigation complete; no suspect identified
9a2f76394cb19d38491980bab33cdd01f047737378daf08ac3fdcdd0583918fd,2013-06,Nottinghamshire Police,Nottinghamshire Police,-1.177720,52.961470,On or near Parking Area,E01013944,Nottingham 026A,Investigation complete; no suspect identified
7aae5512c6ac67cb0b52ae8fa6cdf7600213d23dece6a357593aedfcbe6fc606,2013-06,Nottinghamshire Police,Nottinghamshire Police,-1.175238,52.953389,On or near LENTON BOULEVARD,E01013953,Nottingham 026F,Investigation complete; no suspect identified
fca21ed4b5e6d6128058045c1e59b23ec1d3f8979716ff0405994081d2717c77,2013-06,Nottinghamshire Police,Nottinghamshire Police,-1.177105,52.956198,On or near REDOUBT STREET,E01033396,Nottingham 026H,Investigation complete; no suspect identified
15fbe920a38fb52fad57ce2e09d453b6b18ed06e523f7d29a22a39c7dcfacb0a,2013-06,Nottinghamshire Police,Nottinghamshire Police,-1.175687,52.950129,On or near GLOUCESTER AVENUE,E01013924,Nottingham 031C,Investigation complete; no suspect identified
296ac353cec38bf7ad09f7b9418d499f2f5ef49bf196b11b4fac0b324a6dccf5,2013-06,Nottinghamshire Police,Nottinghamshire Police,-1.182536,52.938940,On or near BRAILSFORD ROAD,E01013928,Nottingham 031G,Investigation complete; no suspect identified
f7fba2784e09c2a816f9a52adb817729126d3776561eb8be795b92e9d66ad0e0,2013-06,Nottinghamshire Police,Nottinghamshire Police,-1.143209,52.983367,On or near MANSFIELD STREET,E01013969,Nottingham 010C,Investigation complete; no suspect identified
7c605a7b6ebf62bc31097c11bc84d407796bf8772a6698d6dd256199c5a595ed,2013-06,Nottinghamshire Police,Nottinghamshire Police,-1.155987,52.968923,On or near Petrol Station,E01013843,Nottingham 017A,Investigation complete; no suspect identified
686c03a3f0d30fd242c21392623d6656b06a270a6b47e6ca996d6423bef137ce,2013-06,Nottinghamshire Police,Nottinghamshire Police,-1.141402,52.951307,On or near HOLLOW STONE,E01033407,Nottingham 039F,Investigation complete; no suspect identified
8a82df260671521e6afc8157886fbef245070d71698443361cca699ba9832985,2013-06,Nottinghamshire Police,Nottinghamshire Police,-1.186837,52.938897,On or near GREENFIELD STREET,E01033410,Nottingham 031I,Investigation complete; no suspect identified
619da9ec7570a899bee0ba03771a005c00832b353d1e0fd4eb7c547512f3bffc,2013-06,Nottinghamshire Police,Nottinghamshire Police,-1.138723,52.953544,On or near NELSON STREET,E01033405,Nottingham 023G,Investigation complete; no suspect identified
21713abdf5e3308b91e5f143b7443d0052ba77594a3e1f1c08dc9a9611a529c7,2013-06,Nottinghamshire Police,Nottinghamshire Police,-1.172408,52.975313,On or near MALT COTTAGES,E01013839,Nottingham 012C,Investigation complete; no suspect identified
6858542ec37b84e5d3e0e5a9f311055f38ea00366d8b4f50beea505a6f93eb3f,2013-06,Nottinghamshire Police,Nottinghamshire Police,-1.113054,53.324126,On or near WINCHESTER CLOSE,E01028053,Bassetlaw 016C,Investigation complete; no suspect identified
c027c2b7afafd3ee7c817f38d2c6cc7c7359014ae7e0e40b9a9ec44102d89511,2013-06,Nottinghamshire Police,Nottinghamshire Police,-1.124354,53.308254,On or near FREDERICK STREET,E01028057,Bassetlaw 012A,Investigation complete; no suspect identified
20d509c14e3a7ee069159ac23a3613215d483db04006b14a8f9dd7a980b19ba9,2013-06,Nottinghamshire Police,Nottinghamshire Police,-1.066589,53.266880,On or near Sports/Recreation Area,E01028040,Bassetlaw 014A,Investigation complete; no suspect identified
ee6a3cef1b13c6d3d4499c0bc47bd81334f7324735e2f2baf996cbdc2d09f38f,2013-06,Nottinghamshire Police,Nottinghamshire Police,-1.099816,53.310400,On or near BROOKE CLOSE,E01028043,Bassetlaw 014C,Investigation complete; no suspect identified
c18215b8075f61f7148df7d9f1c2f7d07b0c49457e3b3f1b253d8a023d9808d7,2013-06,Nottinghamshire Police,Nottinghamshire Police,-1.128241,53.314134,On or near PERCIVAL STREET,E01028046,Bassetlaw 006A,Investigation complete; no suspect identified
9e88785e93700bb4b3b66b189f8bc3b111449b4c4480568fe888675dfe8e042f,2013-06,Nottinghamshire Police,Nottinghamshire Police,-1.147902,53.310501,On or near HIGH GROUNDS WAY,E01028056,Bassetlaw 009B,Investigation complete; no suspect identified
464dcd3fbf97d9526f0a027ad32522694af1c847ed057449ba3765339eb2d038,2013-06,Nottinghamshire Police,Nottinghamshire Police,-1.109168,53.314641,On or near KILTON HILL,E01028042,Bassetlaw 016E,Investigation complete; no suspect identified
dee6caa014537b644000167d6f21bb3f5d5c9216548ef94fbbb37a3c9eeb9793,2013-06,Nottinghamshire Police,Nottinghamshire Police,-1.102760,53.317424,On or near TURNBERRY,E01028043,Bassetlaw 014C,Investigation complete; no suspect identified
a99e63c852cf7b5e6f872a8a3cb87f1cda085b62d5b4085819b708e2e4eb9b92,2013-06,Nottinghamshire Police,Nottinghamshire Police,-1.118489,53.302251,On or near ST CUTHBERT STREET,E01028065,Bassetlaw 012B,Investigation complete; no suspect identified
b992baf89f5c1524fd9e074efea51b265ca5fd98bcd69375493c405e7935cf5b,2013-06,Nottinghamshire Police,Nottinghamshire Police,-1.133947,53.322194,On or near GATEFORD AVENUE,E01028055,Bassetlaw 009A,Investigation complete; no suspect identified
92aa76bb9ce3e23185392fb43e9d0b577944dae48cad462d8d896d9c11b25273,2013-06,Nottinghamshire Police,Nottinghamshire Police,-1.113835,53.352384,On or near HIGH ROAD,E01028004,Bassetlaw 004D,Investigation complete; no suspect identified
06db785982b0663065ba357377ca7c4bb4d563f369cf2834b491338cb8ff851f,2013-06,Nottinghamshire Police,Nottinghamshire Police,-1.124816,53.360510,On or near LIME TREE AVENUE,E01028001,Bassetlaw 004A,Investigation complete; no suspect identified
dc68c40707063a30b592b69d18103f55aeacebeac8dccf1fa7461ea5f95ca80b,2013-06,Nottinghamshire Police,Nottinghamshire Police,-1.110254,53.294891,On or near MARTLET WAY,E01028067,Bassetlaw 013D,Investigation complete; no suspect identified
69c8f15cf22f09a83c2d878661f921419b826dd103a8e6af17a665060cb670b9,2013-06,Nottinghamshire Police,Nottinghamshire Police,-1.044665,53.141801,On or near MICKLEDALE LANE,E01028295,Newark and Sherwood 005A,Investigation complete; no suspect identified
9983aa28672c7f41d08de5f4a57560c8f7a3f9a8eb80c974df51f5478c7259e3,2013-06,Nottinghamshire Police,Nottinghamshire Police,-1.027305,53.200154,On or near Petrol Station,E01028341,Newark and Sherwood 001F,Investigation complete; no suspect identified
428752b509fb0427a3c4ad11dc8b6e18f4bcc85985abc988cb224ae89208c09d,2013-06,Nottinghamshire Police,Nottinghamshire Police,-0.887375,53.132525,On or near MAIN STREET,E01028312,Newark and Sherwood 003B,Investigation complete; no suspect identified
13a023c28173b0c48741c7c7438bc40a0a1bb2351ea20e75cca429f9606a34e9,2013-06,Nottinghamshire Police,Nottinghamshire Police,-1.064900,53.193758,On or near Parking Area,E01028323,Newark and Sherwood 002E,Investigation complete; no suspect identified
57f8dd95097516254ea051baa8849c328e99435f9e539289dba64cbc58d4f329,2013-06,Nottinghamshire Police,Nottinghamshire Police,-0.818868,53.089111,On or near Sports/Recreation Area,E01028310,Newark and Sherwood 007F,Investigation complete; no suspect identified
813da315e1c6eb26a0825bf9d4f43c9230e9c8d94c717406471dccd808feb60a,2013-06,Nottinghamshire Police,Nottinghamshire Police,-0.774230,53.058823,On or near THE OAKS,E01028286,Newark and Sherwood 011B,Investigation complete; no suspect identified
51a1267fdbe7a1ab665a11dfbb5579eb88e2b9c96320ea63ea442fc98556c02a,2013-06,Nottinghamshire Police,Nottinghamshire Police,-0.811738,53.076338,On or near STODMAN STREET,E01028310,Newark and Sherwood 007F,Investigation complete; no suspect identified
d6a7cbd07efe2a0132fa00fc0680f5bef4bd64267f0e9869f5416d8f9c90c99d,2013-06,Nottinghamshire Police,Nottinghamshire Police,-0.769815,53.095941,On or near Airport/Airfield,E01028353,Newark and Sherwood 004D,Investigation complete; no suspect identified
6a8e62323245e56adf33135c61648764547947c46ce5a9cc4fb40d22e6ba46ad,2013-06,Nottinghamshire Police,Nottinghamshire Police,-0.788129,53.061240,On or near Petrol Station,E01028289,Newark and Sherwood 011E,Investigation complete; no suspect identified
9503959002e56cb416b9297c9a803bee0ea3ff003cac0c01ed67753330614d74,2013-06,Nottinghamshire Police,Nottinghamshire Police,-0.800012,53.072319,On or near SMITH STREET,E01028294,Newark and Sherwood 007A,Investigation complete; no suspect identified
4ab8e1a76f9adb510d18b8fffb5cddfc9024269583da92cc1251b270f4356b4b,2013-06,Nottinghamshire Police,Nottinghamshire Police,-0.787136,53.084360,On or near BRUNEL COURT,E01028304,Newark and Sherwood 007B,Investigation complete; no suspect identified
ab5ca04c59125365e70e7d93ab76b3ab4d60d6d71ac737ff4e9f264e71e4f244,2013-06,Nottinghamshire Police,Nottinghamshire Police,-0.787136,53.084360,On or near BRUNEL COURT,E01028304,Newark and Sherwood 007B,Investigation complete; no suspect identified
279c25e40da0a07e6706bcd29c873ae5772c9800d207d2099d8c39be6a8b439b,2013-06,Nottinghamshire Police,Nottinghamshire Police,-0.765200,53.049525,On or near HOLLOWDYKE LANE,E01033393,Newark and Sherwood 012F,Investigation complete; no suspect identified
6c57e60bba21456c855ec383b825eacbb71aed070afcaa261fd204889f5865ad,2013-06,Nottinghamshire Police,Nottinghamshire Police,-0.778909,53.074882,On or near ASHWORTH CLOSE,E01028292,Newark and Sherwood 009A,Investigation complete; no suspect identified
91ec2a3dc08ac73a4962c06e50ce2242279609a9475797642ae0a8721aa7a5f1,2013-06,Nottinghamshire Police,Nottinghamshire Police,-0.773771,53.073391,On or near MARSTON MOOR ROAD,E01028292,Newark and Sherwood 009A,Investigation complete; no suspect identified
bfc5ae22d975aba2af57f7b8c5858a24de2348fda615da97cad5d617ac16b71b,2013-06,Nottinghamshire Police,Nottinghamshire Police,-0.806403,53.073848,On or near KNIGHT'S COURT,E01028335,Newark and Sherwood 009E,Investigation complete; no suspect identified
9cce49ae714c5ba8b429e01a1ee2326f0dbfbfad02cb3f073301866837f48556,2013-06,Nottinghamshire Police,Nottinghamshire Police,-0.811153,53.075928,On or near Supermarket,E01028310,Newark and Sherwood 007F,Investigation complete; no suspect identified
9999c968e3225d2635a50084ecbcb197df4bd8f7c11e9316e0fc79e571e2211f,2013-06,Nottinghamshire Police,Nottinghamshire Police,-0.945202,53.330185,On or near OAKDALE ROAD,E01028015,Bassetlaw 005C,Investigation complete; no suspect identified
e71afbc1e4aca30d54f9e7b3214ee3c42dd152f647bd966f879c7ddc1a6567c6,2013-06,Nottinghamshire Police,Nottinghamshire Police,-0.775035,53.393246,On or near THORNTON STREET,E01026383,West Lindsey 004E,Investigation complete; no suspect identified
761464c4cb2760fed2f27cd01425f8e17f0a09d0e86426664f54f71d2ec08b7c,2013-06,Nottinghamshire Police,Nottinghamshire Police,-1.195507,53.163546,On or near CASTLE MEWS,E01028271,Mansfield 004A,Investigation complete; no suspect identified
544b948682c1ccd6da952ed723770d79ddb8be2e099eeaf92d0c5d44f6565b7e,2013-06,Nottinghamshire Police,Nottinghamshire Police,-1.196037,53.174381,On or near CHESTNUT GROVE,E01028279,Mansfield 004B,Investigation complete; no suspect identified
342a056c70835a04b20458963f4b5ac224767bd4145e325b18b62b2be9721bf7,2013-06,Nottinghamshire Police,Nottinghamshire Police,-1.158252,53.158012,On or near CARDLE CLOSE,E01028240,Mansfield 007D,Investigation complete; no suspect identified
f1ac00783942ebf8a60793a5345f6930c806581c664b61c0031be08978661694,2013-06,Nottinghamshire Police,Nottinghamshire Police,-1.212931,53.138232,On or near FRANK AVENUE,E01028249,Mansfield 010G,Investigation complete; no suspect identified
73d8183d3812474f1bc6ecadb0299c44a845a47d2473568e4d694ca7a8636cc1,2013-06,Nottinghamshire Police,Nottinghamshire Police,-1.209542,53.143711,On or near BEAZLEY AVENUE,E01028248,Mansfield 010F,Investigation complete; no suspect identified
259ba7abb4700cf7104d929f526500007579806bb03932404ea42ded8e6a50fe,2013-06,Nottinghamshire Police,Nottinghamshire Police,-1.241951,53.171113,On or near LITTLE LANE,E01033392,Mansfield 006G,Investigation complete; no suspect identified
c1561e5724c7a4be819151c29db82575ec05f40959b2437660a0b0d472d6c21f,2013-06,Nottinghamshire Police,Nottinghamshire Police,-1.149015,53.202344,On or near Petrol Station,E01028226,Mansfield 002C,Investigation complete; no suspect identified
8040a52a179cb220a284fa861ba8d800fc711c19b448601dca016dc4dfe5f893,2013-06,Nottinghamshire Police,Nottinghamshire Police,-1.219494,53.144828,On or near LEVERTON ROAD,E01028231,Mansfield 010B,Investigation complete; no suspect identified
0427bfc3fa9efc156fb3576cb574b56339305ac0ed0009db0bdb86cd3f7da71b,2013-06,Nottinghamshire Police,Nottinghamshire Police,-1.194440,53.173382,On or near BEECH TREE AVENUE,E01028279,Mansfield 004B,Investigation complete; no suspect identified
33e83e81ac6a18081ccd6ad0f63edd34275afccfdff52b34729e5697532c2fca,2013-06,Nottinghamshire Police,Nottinghamshire Police,-1.200660,53.142168,On or near GARDEN ROAD,E01028268,Mansfield 008D,Investigation complete; no suspect identified
932d8873fc885062ad1fec60444f980ca1f8f1489e2f06c98500d2840d2700dc,2013-06,Nottinghamshire Police,Nottinghamshire Police,-1.150124,53.147769,On or near RATCHER WAY,E01028262,Mansfield 011C,Investigation complete; no suspect identified
f021b0cd94bf634960679f5877a04bb3c4709f583b066f9c11da6344f2a49e24,2013-06,Nottinghamshire Police,Nottinghamshire Police,-1.197486,53.145662,On or near Shopping Area,E01028284,Mansfield 008F,Investigation complete; no suspect identified
388003352c3d6a7578040238a3963eb1340f6d5b854342adc8215842f9ee8729,2013-06,Nottinghamshire Police,Nottinghamshire Police,-1.182062,53.147705,On or near PATTERSON PLACE,E01028276,Mansfield 009E,Investigation complete; no suspect identified
e554deefaaeeac9eede4335cbc29220910dcc0c94b6df1856e40992e7ac275a1,2013-06,Nottinghamshire Police,Nottinghamshire Police,-1.194906,53.144494,On or near Parking Area,E01028274,Mansfield 009C,Investigation complete; no suspect identified
a178e8c103b86e0cb9e5b0f765183a2b1e4b6c3f63fd280d1839272b4a4b8b90,2013-06,Nottinghamshire Police,Nottinghamshire Police,-1.175177,53.150435,On or near AUSTIN CLOSE,E01028275,Mansfield 009D,Investigation complete; no suspect identified
87099ab2412172b0f37fb38f9bd6b31e8fc710656f1a7bbc2340b39340aece7e,2013-06,Nottinghamshire Police,Nottinghamshire Police,-1.226611,53.024823,On or near ASTRAL GROVE,E01027941,Ashfield 016D,Investigation complete; no suspect identified
09745815be0d2ba5e8a4cc18dc584a4900ddfa3ab0a8c5516e482b9aaeccdc6e,2013-06,Nottinghamshire Police,Nottinghamshire Police,-1.305308,53.058784,On or near LOWER BAGTHORPE,E01027993,Ashfield 012C,Investigation complete; no suspect identified
1f49ee3fc34cd8a6c27a4201b211b556f8d377d533e74cb7b2ffb78d860c6769,2013-06,Nottinghamshire Police,Nottinghamshire Police,-1.237197,53.105894,On or near ACORN VIEW,E01027952,Ashfield 008A,Investigation complete; no suspect identified
466d42ab0b64c5272bbc6c336213ed1a1bd74c769bd467ffe8198c1fdedca46b,2013-06,Nottinghamshire Police,Nottinghamshire Police,-1.240222,53.102928,On or near OAK STREET,E01027952,Ashfield 008A,Investigation complete; no suspect identified
9284395182f6002a1ed7553ed871636790129d19fa0c7a069fcf36dc98b008eb,2013-06,Nottinghamshire Police,Nottinghamshire Police,-1.240755,53.104056,On or near ST ANDREWS STREET,E01027952,Ashfield 008A,Investigation complete; no suspect identified
a6493936ad6623f703761c13751e377f7140b2c71a0fdb31661685e46cd76908,2013-06,Nottinghamshire Police,Nottinghamshire Police,-1.248158,53.128346,On or near GARDEN LANE,E01027977,Ashfield 004C,Investigation complete; no suspect identified
a94e71b1caafe8b0a2a7930a50734660b4f6b2005c7132db78a0a011b01b4796,2013-06,Nottinghamshire Police,Nottinghamshire Police,-1.260030,53.164602,On or near BAXTER HILL,E01019503,Bolsover 007A,Investigation complete; no suspect identified
c86008672e134ed1c30b7b28f41cd67a39a2b0127869aacc426ee0d3fc990a87,2013-06,Nottinghamshire Police,Nottinghamshire Police,-1.302447,53.128758,On or near Supermarket,E01027990,Ashfield 003D,Suspect charged
9d1db606b4777c632a73288bc48db82ced750284d090101834b4e39e1b6ae656,2013-06,Nottinghamshire Police,Nottinghamshire Police,-1.257913,53.101674,On or near HAMPDEN STREET,E01027955,Ashfield 008B,Investigation complete; no suspect identified
582cd4e4b564bef960ec8af0de26426fb5b292bef6040a474586c16b1656f1c5,2013-06,Nottinghamshire Police,Nottinghamshire Police,-1.230151,53.101488,On or near WAVERLY CLOSE,E01027951,Ashfield 007B,Investigation complete; no suspect identified
0dbc64974298744d11e8c7fe9de6399ffb946dfb95e785898cc7a2c3a9c3dd25,2013-06,Nottinghamshire Police,Nottinghamshire Police,-1.262086,53.122285,On or near HIGH PAVEMENT,E01027976,Ashfield 005E,Investigation complete; no suspect identified
d1e3a0bf84bcbbbd03aeaae34951e3e510dbedea5e3c4263e071f494c14a0df7,2013-06,Nottinghamshire Police,Nottinghamshire Police,-1.139933,52.923303,On or near Supermarket,E01028392,Rushcliffe 007E,Local resolution
e8df6ba12c43f5f359c64f8e897811b7a2031853dfe2a59d147083e1b7aeb959,2013-06,Nottinghamshire Police,Nottinghamshire Police,-1.038088,52.910494,On or near Parking Area,E01028370,Rushcliffe 009E,Local resolution
e8df6ba12c43f5f359c64f8e897811b7a2031853dfe2a59d147083e1b7aeb959,2013-06,Nottinghamshire Police,Nottinghamshire Police,-1.038088,52.910494,On or near Parking Area,E01028370,Rushcliffe 009E,Local resolution
fbeaaf4a234a849746184f5dfd9e26e2cf720239b800d030ed4a2ab9f0080d8d,2013-06,Nottinghamshire Police,Nottinghamshire Police,-1.307279,53.010335,On or near CHAPEL STREET,E01028110,Broxtowe 002A,Suspect charged
24d98cf1ed23885850548421bf13eefe7b735f0354e6ebf1cc6ce4ac40324ebe,2013-06,Nottinghamshire Police,Nottinghamshire Police,-1.074833,52.962062,On or near MANVERS STREET,E01028187,Gedling 015D,Local resolution
3278e26bf0e05c2f64c6eac90e1268c3c6925ef0baebce34a882310cd942010a,2013-06,Nottinghamshire Police,Nottinghamshire Police,-1.215429,52.926954,On or near STATION ROAD,E01028085,Broxtowe 011D,Suspect charged
412c2fd8f1bacb0530fc57b8a5552bd094a3391e5dbf67d83d32d2d5efcf5755,2013-06,Nottinghamshire Police,Nottinghamshire Police,-1.215356,52.927672,On or near VERNON AVENUE,E01028085,Broxtowe 011D,Suspect charged
ab01286b5936c566cdc04c46818b5a82f6288e6d7849fa713758627d378e1847,2013-06,Nottinghamshire Police,Nottinghamshire Police,-1.166036,52.945055,On or near Supermarket,E01013870,Nottingham 040A,Suspect charged
98c2b2702abcb591f16e4c6b302baf80fe7e2060fcd6da0c905cd85eb5365a4b,2013-06,Nottinghamshire Police,Nottinghamshire Police,-1.208567,52.984288,On or near Sports/Recreation Area,E01013826,Nottingham 011E,Local resolution
f434afcf175a9ca0c4a9a5daef4edeb923ac1299e2d29e01952d984bc2223767,2013-06,Nottinghamshire Police,Nottinghamshire Police,-1.192673,52.981907,On or near OVERDALE ROAD,E01013830,Nottingham 009B,Suspect charged
ad8b8c16db8b8e6fa2060f0f19f71002ee6ca001b0e5cae38364ee8e14c31b2b,2013-06,Nottinghamshire Police,Nottinghamshire Police,-1.192673,52.981907,On or near OVERDALE ROAD,E01013830,Nottingham 009B,Suspect charged
811fe4806b020b30ad4c0381d40c64a5211f38e4e0c618fed32d51e9740e1aea,2013-06,Nottinghamshire Police,Nottinghamshire Police,-1.213002,53.001694,On or near FIR CLOSE,E01013883,Nottingham 005E,Local resolution
543a1789a638ed7d8322ae05506c9d537c2069b95f3f610c275c1e78dd366087,2013-06,Nottinghamshire Police,Nottinghamshire Police,-1.169524,52.962654,On or near Parking Area,E01013812,Nottingham 018C,Local resolution
c7f17d6d13c646d80881b49427670b4fd5a960768b74a1f0d27fb84db9b25a45,2013-06,Nottinghamshire Police,Nottinghamshire Police,-1.146942,52.957172,On or near Shopping Area,E01033409,Nottingham 023H,Local resolution
6472107736d9f9144badc3fc90954f48ef9e44f9ee77add09cc78bba2c85cc12,2013-06,Nottinghamshire Police,Nottinghamshire Police,-1.149881,52.950775,On or near STANFORD STREET,E01033400,Nottingham 039B,Offender given a caution
f1538a41ee63e72aa31fcab868b3498561d7920fa451286a0fe0349ef90ab9da,2013-06,Nottinghamshire Police,Nottinghamshire Police,-1.148358,52.951797,On or near Shopping Area,E01033400,Nottingham 039B,Suspect charged
909916dccc52bb332ffc2b77ab361f1c6fe7635525eef2a937157471ac7a92a3,2013-06,Nottinghamshire Police,Nottinghamshire Police,-1.145710,52.955473,On or near CLARE STREET,E01033409,Nottingham 023H,Offender given a caution
24534b59ca7d8f21ed96fe06c78f466368d94ccedf11348fb638b489d0a7b0b8,2013-06,Nottinghamshire Police,Nottinghamshire Police,-1.148608,52.989061,On or near VALLEY ROAD,E01013965,Nottingham 007C,Offender given a caution
b1a40933c0da171fd6d6031211c65b1558877d0342dc96452eae7ae4c865fb01,2013-06,Nottinghamshire Police,Nottinghamshire Police,-1.152397,52.953777,On or near LONG ROW WEST,E01033400,Nottingham 039B,Suspect charged
ae886795945843b9b31023539c826ef6816d1277e2881033967b6faa6217e678,2013-06,Nottinghamshire Police,Nottinghamshire Police,-1.186837,52.938897,On or near GREENFIELD STREET,E01033410,Nottingham 031I,Suspect charged
fdd118b3545c2b40bcab39a1b7894363a8e594b1f7265b8b932687875d37af21,2013-06,Nottinghamshire Police,Nottinghamshire Police,-1.122825,53.307407,On or near B6045,E01028057,Bassetlaw 012A,Suspect charged
5e01110a07bb280ad6670ca4bb02bd159ef3f7093b52f044ed382bd51be4080a,2013-06,Nottinghamshire Police,Nottinghamshire Police,-1.125486,53.305700,On or near Shopping Area,E01028062,Bassetlaw 013C,Suspect charged
e3e9aff421e849a313cad7fb5524703e79a2163eebb58e678118f87d0f3559bd,2013-06,Nottinghamshire Police,Nottinghamshire Police,-0.809562,53.064846,On or near BEECH AVENUE,E01028318,Newark and Sherwood 010C,Offender given a caution
384c7e49e00222524b7bf5af2e81bbb6c1e6e440d8f7f2a62cca25377e542705,2013-06,Nottinghamshire Police,Nottinghamshire Police,-1.064429,53.421348,On or near SANDYMOUNT,E01028026,Bassetlaw 001D,Suspect charged
4bc35aa42852317e1d16550cad714eea5cc73d4ab0c85017ef592a2df30276b7,2013-06,Nottinghamshire Police,Nottinghamshire Police,-1.193569,53.036955,On or near PORCHESTER CLOSE,E01027932,Ashfield 014C,Local resolution
79521d41c3118fb9be99af9cb7f739413846b83f8ff1e78bdd98380563fee3f2,2013-06,Nottinghamshire Police,Nottinghamshire Police,-1.262060,53.127319,On or near Parking Area,E01027965,Ashfield 005B,Suspect charged
ef7c13ffe60c43b7b9059d945882bdc5e72d262d85ec0f8e841bbfabc7c918a1,2013-06,Nottinghamshire Police,Nottinghamshire Police,-1.129756,52.930834,On or near WELLINGTON CRESCENT,E01028416,Rushcliffe 005D,Investigation complete; no suspect identified
6949959d74e7569e3f20a267f195218c4577f012c14d73288ddfc22794deb578,2013-06,Nottinghamshire Police,Nottinghamshire Police,-1.118081,52.935782,On or near OAK TREE CLOSE,E01028385,Rushcliffe 004D,Investigation complete; no suspect identified
77dacb4bd1aaa4686b8abc28ac7c940b6c390cc153966aaad062615a15b28b0d,2013-06,Nottinghamshire Police,Nottinghamshire Police,-1.116607,52.937308,On or near GERTRUDE ROAD,E01028385,Rushcliffe 004D,Investigation complete; no suspect identified
76bbd41b0ae1fd1113c191d6d2943c8e52a881fc247be035feabb8e9b36b7331,2013-06,Nottinghamshire Police,Nottinghamshire Police,-1.134621,52.937549,On or near LONDON ROAD,E01028416,Rushcliffe 005D,Investigation complete; no suspect identified
979eaf8030a5ce51ffe223fde5ef9756a72d79b3f92355a6ea55b3a2a25915da,2013-06,Nottinghamshire Police,Nottinghamshire Police,-1.129023,52.933247,On or near Supermarket,E01028416,Rushcliffe 005D,Investigation complete; no suspect identified
a44e92444d5ddad9fc6dc1be55edb4b4803edfedba7a26dadfa3361cbc241573,2013-06,Nottinghamshire Police,Nottinghamshire Police,-1.106462,52.937880,On or near REGATTA WAY,E01028375,Rushcliffe 006B,Investigation complete; no suspect identified
7f2d114e8401dfa87980a3fda9539500169f215732ac78b87f129b0ad32a7d5a,2013-06,Nottinghamshire Police,Nottinghamshire Police,-1.151377,52.889503,On or near TOP ROAD,E01028404,Rushcliffe 011A,Investigation complete; no suspect identified
d469bb884e58379abec8de412b581879b73f461d971b509013c4ecebf3032279,2013-06,Nottinghamshire Police,Nottinghamshire Police,-1.116607,52.937308,On or near GERTRUDE ROAD,E01028385,Rushcliffe 004D,Investigation complete; no suspect identified
a33aedea9d50e37cba31e2fd15141adebee7c2fea573f6b1214f263a171f297f,2013-06,Nottinghamshire Police,Nottinghamshire Police,-1.123533,52.927381,On or near GORDON ROAD,E01028398,Rushcliffe 005B,Investigation complete; no suspect identified
f977e6ec4c4dbfad8d612234734f93f52e2bc882bf7a399baa17bbdb6ed0e330,2013-06,Nottinghamshire Police,Nottinghamshire Police,-1.101771,52.928001,On or near BAMPTON COURT,E01028376,Rushcliffe 006C,Investigation complete; no suspect identified
c55ded44b5d94bed53f50efde47c3a60036e3a1d26e011dd7bffdf2d60a2ce8b,2013-06,Nottinghamshire Police,Nottinghamshire Police,-1.059852,52.899782,On or near CHURCH GATE,E01028412,Rushcliffe 012B,Investigation complete; no suspect identified
a5b2f80da95cb1c12ea4dfd49bf15e4b377207ace324a07b2b730b9effe781c8,2013-06,Nottinghamshire Police,Nottinghamshire Police,-1.034776,52.902943,On or near SAXON WAY,E01028369,Rushcliffe 009D,Investigation complete; no suspect identified
5e43c83f4f3dc5894ddf51aad20f2eab38dc05dec95c19c46c2864f187e93e95,2013-06,Nottinghamshire Police,Nottinghamshire Police,-1.088831,52.878280,On or near FRANKLYN GARDENS,E01028379,Rushcliffe 012A,Investigation complete; no suspect identified
7732aac761c02133b0d16f5d70c5674ce0590d53ef8953992ee2b483039a073e,2013-06,Nottinghamshire Police,Nottinghamshire Police,-1.097030,52.899917,On or near STELLA GROVE,E01028412,Rushcliffe 012B,Investigation complete; no suspect identified
8f0bf1d1be0ff8dc2802b91fd50a2065b854ced72a87e88406e08da3f1f21196,2013-06,Nottinghamshire Police,Nottinghamshire Police,-1.113226,52.973880,On or near CALVERTON AVENUE,E01028162,Gedling 013C,Investigation complete; no suspect identified
46318f9fd84825b54bebced6639f75621d53eab1336182ca9ce5503049ad64e1,2013-06,Nottinghamshire Police,Nottinghamshire Police,-1.074015,52.962056,On or near ARTHUR STREET,E01028187,Gedling 015D,Investigation complete; no suspect identified
1f1aa3bb80ccce0de3c6ed2b14805251e468a233241a76c0cae517ca8af83f57,2013-06,Nottinghamshire Police,Nottinghamshire Police,-1.114397,52.969771,On or near STANDHILL ROAD,E01028163,Gedling 013D,Investigation complete; no suspect identified
75a7c33c8cbd25e0170402f490164e7b1aab44cc721765ea0406fd1e5b489abd,2013-06,Nottinghamshire Police,Nottinghamshire Police,-1.067595,52.969126,On or near WILLIAM CLOSE,E01028185,Gedling 015B,Investigation complete; no suspect identified
1cb3b9cbcbed8c8c8ffd224c213717b031d2c07053d47855cf522bea4e8c0616,2013-06,Nottinghamshire Police,Nottinghamshire Police,-1.091645,52.976845,On or near CANTLEY AVENUE,E01028190,Gedling 011B,Investigation complete; no suspect identified
2507af6781ae63c0330d834eda1c8f40f5e2129f092f0b3c534db390f79168f5,2013-06,Nottinghamshire Police,Nottinghamshire Police,-1.078713,52.965176,On or near VICTORIA ROAD,E01028158,Gedling 014D,Investigation complete; no suspect identified
4e99dbd675055f3ee4bf2423b38d61b3bfa5965722f9742cf36f9b7b99d8ef87,2013-06,Nottinghamshire Police,Nottinghamshire Police,-1.086940,52.973249,On or near Bus/Coach Station,E01028191,Gedling 012E,Investigation complete; no suspect identified
44e3f0f81ab35decbd7a1d38e28e4e0a552c401331052ba9f0346ea9b440c511,2013-06,Nottinghamshire Police,Nottinghamshire Police,-1.218003,52.929389,On or near THE POPLARS,E01028085,Broxtowe 011D,Suspect charged
ab8050f4a58c5b3c8637f340ac256040863296c902fc853f7e229069006e0886,2013-06,Nottinghamshire Police,Nottinghamshire Police,-1.267752,52.932807,On or near WHITELY CLOSE,E01028130,Broxtowe 010C,Investigation complete; no suspect identified
88478268bb35ca12f9b6bdd568f85e7d74cc1e66a9bb53406716cee1c70a63aa,2013-06,Nottinghamshire Police,Nottinghamshire Police,-1.253254,52.923709,On or near OAK FLATT,E01028101,Broxtowe 013E,Investigation complete; no suspect identified
ecedcbe6da26ca2511c1205aa56e311f2da4ea6594531456cbbc230bba74f6d5,2013-06,Nottinghamshire Police,Nottinghamshire Police,-1.268787,52.962290,On or near Motorway Service Area,E01033412,Broxtowe 016F,Investigation complete; no suspect identified
4e6ea47dde73339637f7d5070e776321457452cc43e89cd5b034c79ebf8eafcd,2013-06,Nottinghamshire Police,Nottinghamshire Police,-1.137019,53.030886,On or near MANSFIELD ROAD,E01028189,Gedling 001A,Investigation complete; no suspect identified
9609a516b860eb3a0a11b98079948b7ea185b43ead9125b90727e08d16f22de2,2013-06,Nottinghamshire Police,Nottinghamshire Police,-1.118503,53.005786,On or near CATTON ROAD,E01028174,Gedling 005B,Investigation complete; no suspect identified
f4d35d56c827a821b53d9d9ab04dc1acf50cf075befd394c30569a31ac2e8d91,2013-06,Nottinghamshire Police,Nottinghamshire Police,-1.129618,53.005203,On or near CHAPEL LANE,E01028144,Gedling 006A,Investigation complete; no suspect identified
d8510c5320edca66fb9ad68b9a286135fb912a08d9a1191d57b761eec8242cee,2013-06,Nottinghamshire Police,Nottinghamshire Police,-1.134660,52.953514,On or near HAYWOOD STREET,E01033405,Nottingham 023G,Suspect charged
96a45570a5741362379502b88e7c68efdf4dfb813ec0181e0a1eceb4f5c308ae,2013-06,Nottinghamshire Police,Nottinghamshire Police,-1.177880,52.906680,On or near FALLOW CLOSE,E01013897,Nottingham 035A,Investigation complete; no suspect identified
94ab2c4f81496a86a582e98555bcaa5facab663a39dff72fb4d255eccdd2c10c,2013-06,Nottinghamshire Police,Nottinghamshire Police,-1.148419,52.941864,On or near Pedestrian Subway,E01013871,Nottingham 040B,Investigation complete; no suspect identified
e262fe8adce990a323149c1cb09978c8818ea2f0c9db4f7c34a50c477b829442,2013-06,Nottinghamshire Police,Nottinghamshire Police,-1.181556,52.900979,On or near TINTAGEL GREEN,E01013904,Nottingham 037A,Investigation complete; no suspect identified
ca460971e3b38f721ab58a4404c916c37294a6a97acc342dca64348c0bb2a655,2013-06,Nottinghamshire Police,Nottinghamshire Police,-1.150486,52.960937,On or near FULFORTH STREET,E01013961,Nottingham 023D,Investigation complete; no suspect identified
4b2d0927646bb1a738083fc4056b6ebe056fb2c359c03c0bd6434ad89dfdd457,2013-06,Nottinghamshire Police,Nottinghamshire Police,-1.135144,52.974023,On or near CAUNTON AVENUE,E01013937,Nottingham 015A,Investigation complete; no suspect identified
0834a17d367ebef5f556d9526f4b70a89ccf362baebe6c33a2b255cfe925a961,2013-06,Nottinghamshire Police,Nottinghamshire Police,-1.123477,52.964013,On or near THORNEYWOOD RISE,E01013939,Nottingham 016B,Investigation complete; no suspect identified
9b837a80dd63d2e58a9e9c1f073b3f6ddce11ebc91d2553d2dd78f740ab4db93,2013-06,Nottinghamshire Police,Nottinghamshire Police,-1.180343,52.916388,On or near FABIS DRIVE,E01013903,Nottingham 035E,Investigation complete; no suspect identified
50ebbafced1aaa04aefb33e78e6fe05da4994f3f0c2e9001d0a88da62bebac40,2013-06,Nottinghamshire Police,Nottinghamshire Police,-1.159151,52.940143,On or near ANMER CLOSE,E01013870,Nottingham 040A,Investigation complete; no suspect identified
a34bb3ba95a6919d444ee0fa32927f8252013c6df6f1c38577dfdb0ca396fe4b,2013-06,Nottinghamshire Police,Nottinghamshire Police,-1.131296,52.957221,On or near SEYMOUR STREET,E01013954,Nottingham 021A,Investigation complete; no suspect identified
3c723605061aa845b73f34d38ad77876cb11d04ea2e23f15952dacb48704f1bb,2013-06,Nottinghamshire Police,Nottinghamshire Police,-1.125473,52.949195,On or near HOTEN ROAD,E01013921,Nottingham 029D,Investigation complete; no suspect identified
b0e55804c973e436885b4348faf9a11fe5731042c6a2bff36e76e95752b104db,2013-06,Nottinghamshire Police,Nottinghamshire Police,-1.191836,52.995655,On or near Supermarket,E01013888,Nottingham 004B,Suspect charged
ad8b8c16db8b8e6fa2060f0f19f71002ee6ca001b0e5cae38364ee8e14c31b2b,2013-06,Nottinghamshire Police,Nottinghamshire Police,-1.192673,52.981907,On or near OVERDALE ROAD,E01013830,Nottingham 009B,Suspect charged
551790956885e50bf10339738b616f22decd4ee41510521063296b6b7a131661,2013-06,Nottinghamshire Police,Nottinghamshire Police,-1.232155,52.974527,On or near EDGE WAY,E01013865,Nottingham 014B,Local resolution
4f4f1317f0d6d1e7cf9850f129d249833afa41b29be42725ca44c9155898b82c,2013-06,Nottinghamshire Police,Nottinghamshire Police,-1.241303,52.958126,On or near STAGSDEN CRESCENT,E01013862,Nottingham 025C,Suspect charged
9ded99d227847f1b17b3ee87123c4e2f753e4674a49a5449f99a51e2a115506d,2013-06,Nottinghamshire Police,Nottinghamshire Police,-1.153077,52.972318,On or near NEW STREET,E01013972,Nottingham 015E,Local resolution
72f34f47edeb0e19e03a8c60af9fd18079e6fa52d74bbc978920c61ac463762c,2013-06,Nottinghamshire Police,Nottinghamshire Police,-1.162739,52.961635,On or near GEDLING GROVE,E01013815,Nottingham 022C,Suspect charged
68ad0adb539b8304b6cb19e6c8e98aa927088550a8d86a7640922112b0aa5ab6,2013-06,Nottinghamshire Police,Nottinghamshire Police,-1.132129,52.944587,On or near Petrol Station,E01013920,Nottingham 029C,Suspect charged
5ca369caa4a38e34e1c7e9be6c83430ca566d59e8f4f68313399899dc1bc4e4c,2013-06,Nottinghamshire Police,Nottinghamshire Police,-1.145030,52.980899,On or near MANSFIELD STREET,E01013969,Nottingham 010C,Suspect charged
a0aef5f48889c550851f02f7697632fb1951ad23a89ccd1ec4f3c7b19c30a041,2013-06,Nottinghamshire Police,Nottinghamshire Police,-1.150199,52.955820,On or near Theatre/Concert Hall,E01033409,Nottingham 023H,Suspect charged
c09797dd1a3fcb55d8869bb013ecf8cd8afe4efbbef6c8fd61e010f5d47a5a42,2013-06,Nottinghamshire Police,Nottinghamshire Police,-1.125486,53.305700,On or near Shopping Area,E01028062,Bassetlaw 013C,Offender given a drugs possession warning
ed7527e5872ee28b0c258d47be192a71d84e98e3b839a671b539f97e57577297,2013-06,Nottinghamshire Police,Nottinghamshire Police,-1.124503,53.305352,On or near Supermarket,E01028062,Bassetlaw 013C,Local resolution
22a50bfbc679323a7b63fa1d587f7a8b9563b03a7bf447eeed64ad5a8930ff50,2013-06,Nottinghamshire Police,Nottinghamshire Police,-1.182107,53.283737,On or near BROAD LANE,E01019496,Bolsover 003A,Suspect charged
fef59f3eb8c50156f575173e08e92880aabf643e3e0bdbed144e349e8fa5562e,2013-06,Nottinghamshire Police,Nottinghamshire Police,-1.113835,53.352384,On or near HIGH ROAD,E01028004,Bassetlaw 004D,Suspect charged
672e7d1fed53368d77a794a4b91ff3991d58b99a891b24b67821ae2c3f488ff7,2013-06,Nottinghamshire Police,Nottinghamshire Police,-1.208475,53.142400,On or near HARRINGTON STREET,E01028247,Mansfield 008C,Suspect charged
68fbb978c511d8339b865521ac3ff7546ceca64317fa97d237935d28987bdb2e,2013-06,Nottinghamshire Police,Nottinghamshire Police,-1.220237,53.030220,On or near MAPLE DRIVE,E01027939,Ashfield 016C,Offender given a drugs possession warning
3e2cd50b394d2a9b1f5029faf058c697c777c096340858c89d432f2d1c2edcbf,2013-06,Nottinghamshire Police,Nottinghamshire Police,-1.213724,53.041494,On or near BELVOIR STREET,E01027943,Ashfield 015D,Suspect charged
99cc75483dcd1417b2bb45bfc021ef17cbb1875a05e00a0dfb52107fb44621b4,2013-06,Nottinghamshire Police,Nottinghamshire Police,-1.155643,52.919352,On or near ASCOTT GARDENS,E01028363,Rushcliffe 007A,Investigation complete; no suspect identified
999b0fc6cd6bbe9689c5a745eba541622650427b0eb0f144a95c947b7fc79556,2013-06,Nottinghamshire Police,Nottinghamshire Police,-1.029352,52.950031,On or near NEWTON AVENUE,E01028413,Rushcliffe 003D,Investigation complete; no suspect identified
48cb38c1bac8a59e6e07f8e778b97803cbcc4b1567175d00ab9a3d1c043fe327,2013-06,Nottinghamshire Police,Nottinghamshire Police,-0.964235,52.953168,On or near MARGARET PLACE,E01028362,Rushcliffe 002F,Investigation complete; no suspect identified
e819576e8c5691cf0eaf8310e3591914b3ae1648b76b7e47bc1759ca92dc277d,2013-06,Nottinghamshire Police,Nottinghamshire Police,-1.102911,52.901643,On or near PRIORY AVENUE,E01028412,Rushcliffe 012B,Investigation complete; no suspect identified
44418fd6214ccf7db9095e86633cd76e4941fc7cb32bd7e6ef61576071e17e82,2013-06,Nottinghamshire Police,Nottinghamshire Police,-1.250206,53.001134,On or near BERYLDENE AVENUE,E01028122,Broxtowe 004D,Investigation complete; no suspect identified
daebda29885c3512c477e71698f809f63a352adba98aa3e2bf50c1234fda6e5f,2013-06,Nottinghamshire Police,Nottinghamshire Police,-1.317103,53.016810,On or near BAILEY GROVE ROAD,E01028111,Broxtowe 002B,Investigation complete; no suspect identified
4f71199cb5133d53ee7a6a1b0b292bc6a0e9c0b4e052d59c64a859c722c11c02,2013-06,Nottinghamshire Police,Nottinghamshire Police,-1.294785,53.016041,On or near EDWARD ROAD,E01028114,Broxtowe 001E,Investigation complete; no suspect identified
24211e7274bbc94a678779e095195796b704d3155c70a1b0d2fc942593897a2c,2013-06,Nottinghamshire Police,Nottinghamshire Police,-1.291834,53.015098,On or near DOVECOTE ROAD,E01028114,Broxtowe 001E,Investigation complete; no suspect identified
36d3a3b73ed55c8624c10da8d6c209cc65c00a79970f9cb33a1e3e2470eaf075,2013-06,Nottinghamshire Police,Nottinghamshire Police,-1.317053,53.016180,On or near GREAT NORTHERN ROAD,E01028110,Broxtowe 002A,Investigation complete; no suspect identified
c27cda73571486b3bf86c5e58c63d15c9728735209d50500dadd76038c8a5721,2013-06,Nottinghamshire Police,Nottinghamshire Police,-1.297092,53.017206,On or near PERCY STREET,E01028114,Broxtowe 001E,Investigation complete; no suspect identified
1d4aa1414bd0ee45fa3c0c8388b2c03a0fdcc0a8151c3d87ec515d5c396faad6,2013-06,Nottinghamshire Police,Nottinghamshire Police,-1.149050,52.971912,On or near EBERS GROVE,E01013938,Nottingham 015B,Investigation complete; no suspect identified
a40a547647b0a00ba42167b80a62b4cd448972ac09e1fd1daab3dbe8e4c46225,2013-06,Nottinghamshire Police,Nottinghamshire Police,-1.121723,52.961672,On or near MARMION ROAD,E01013962,Nottingham 021D,Investigation complete; no suspect identified
af3c517b85e1a0a109663f2364f626957680e9e567067db98a4ed3ab47acc45a,2013-06,Nottinghamshire Police,Nottinghamshire Police,-1.157595,52.913793,On or near RUDDINGTON LANE,E01028364,Rushcliffe 007B,Investigation complete; no suspect identified
505e36fd018b77db047b942b323b2c62da7ddd503eebba0a58f9aaeacba30a2a,2013-06,Nottinghamshire Police,Nottinghamshire Police,-1.127955,52.951632,On or near HOLROYD AVENUE,E01013919,Nottingham 029B,Investigation complete; no suspect identified
a2ce6a505219faacede6104d1762d9e18ea2dd814ebd78ee9ae1510769a62195,2013-06,Nottinghamshire Police,Nottinghamshire Police,-1.127131,52.951122,On or near PULLMAN ROAD,E01013919,Nottingham 029B,Investigation complete; no suspect identified
29b751d07645526f7fd80a512b8b48f7e9efd774c8602cb19c612031f77be7a8,2013-06,Nottinghamshire Police,Nottinghamshire Police,-1.141606,52.961269,On or near LEWIS CLOSE,E01033411,Nottingham 023I,Investigation complete; no suspect identified
089274c9ecb05c1bf3e2423c21ebf06e9b36786f2aa17683e2c07e7e4a931df8,2013-06,Nottinghamshire Police,Nottinghamshire Police,-1.195910,52.901383,On or near BARTON LANE,E01013909,Nottingham 036C,Investigation complete; no suspect identified
612bc4cb10d62168e8add5a8d4bb16fbd79f7a3719066de382c7cd4db3b5d9f6,2013-06,Nottinghamshire Police,Nottinghamshire Police,-1.152701,52.964899,On or near MANSFIELD ROAD,E01013941,Nottingham 015C,Investigation complete; no suspect identified
4b4ca5c7596ee06418812d063ed16c29c1c0cc3e7fae9ff17edfb4a76c855c6f,2013-06,Nottinghamshire Police,Nottinghamshire Police,-1.143027,52.939875,On or near MUSKHAM STREET,E01013873,Nottingham 040D,Investigation complete; no suspect identified
06452844e402b67cab4e0e7508908d141438649fac7d74bb942b01e58b3172b5,2013-06,Nottinghamshire Police,Nottinghamshire Police,-1.148985,52.966104,On or near Sports/Recreation Area,E01013941,Nottingham 015C,Investigation complete; no suspect identified
60c5e84a320a41eb96cd5d9a372ff6ea4af841bf3814125f559dd42faf5f4825,2013-06,Nottinghamshire Police,Nottinghamshire Police,-1.129469,52.962187,On or near HUDSON STREET,E01013962,Nottingham 021D,Investigation complete; no suspect identified
e3b8f6b7026cd49d52a7082217e365aeb77724f426c77c555be922e09bb55c98,2013-06,Nottinghamshire Police,Nottinghamshire Police,-1.131374,52.969654,On or near RANSOM ROAD,E01013943,Nottingham 015D,Investigation complete; no suspect identified
403fe4af3951c75438fc8ace6979be4bce3235ebb0b117d592e4b56c8b05a3d5,2013-06,Nottinghamshire Police,Nottinghamshire Police,-1.128351,52.957091,On or near DEVON STREET,E01013954,Nottingham 021A,Investigation complete; no suspect identified
41b0a8c32ad74cfddeff957da3ba7fed15e77ddb22179f64f47e7f121c430bc6,2013-06,Nottinghamshire Police,Nottinghamshire Police,-1.167756,52.903472,On or near LERWICK CLOSE,E01013900,Nottingham 035D,Investigation complete; no suspect identified
0f6499cc713355b5af51207229bb1777c3d7d9c6a863db34730b825c4217140d,2013-06,Nottinghamshire Police,Nottinghamshire Police,-1.133021,52.956550,On or near HAWKSWORTH STREET,E01033401,Nottingham 023F,Investigation complete; no suspect identified
f981aaa3f5d3d0cc0b9cc95edbf8a1e1f362c9fb4753d12febfb7f324a459f79,2013-06,Nottinghamshire Police,Nottinghamshire Police,-1.138644,52.957508,On or near SCARBOROUGH STREET,E01033401,Nottingham 023F,Investigation complete; no suspect identified
6b0a0b447b6695b453a8fd45854e43cbea7502d2b460ed3ea81308de9ab1093a,2013-06,Nottinghamshire Police,Nottinghamshire Police,-1.138644,52.957508,On or near SCARBOROUGH STREET,E01033401,Nottingham 023F,Investigation complete; no suspect identified
fb9d151eed89c3584c481431c120ba359fee16e4882bff54b81e31ac1d79ca6c,2013-06,Nottinghamshire Police,Nottinghamshire Police,-1.151274,52.970085,On or near MAPPERLEY PARK DRIVE,E01013941,Nottingham 015C,Investigation complete; no suspect identified
da400f5f22d83d6247e7d95db759e1cd591457fbe129d3e1bb6508e7072ff3bf,2013-06,Nottinghamshire Police,Nottinghamshire Police,-1.211692,52.980344,On or near LINDFIELD CLOSE,E01013817,Nottingham 011A,Investigation complete; no suspect identified
673d4d9b41fd7b2dae830f6785e78abf31fc21e4e7bdb2d2080b6e351c2181d7,2013-06,Nottinghamshire Police,Nottinghamshire Police,-1.191073,52.960681,On or near Pedestrian Subway,E01013932,Nottingham 019C,Suspect charged
d4429c5fc566575ddee4d1d94681bcb3e2e77acc249d9876bcb68b69b4416af9,2013-06,Nottinghamshire Police,Nottinghamshire Police,-1.184967,52.976685,On or near BRACKNELL CRESCENT,E01013833,Nottingham 009E,Investigation complete; no suspect identified
7b0ae31989d9c56d982084e0ae6501a8a1055e7c58534b0cee86463e12ae66f3,2013-06,Nottinghamshire Police,Nottinghamshire Police,-1.163933,52.998572,On or near EASTGLADE ROAD,E01013854,Nottingham 006B,Investigation complete; no suspect identified
04d3f9597957720c4c0a87a3d82e83678b2d793787c27346f6322f2bc25f0659,2013-06,Nottinghamshire Police,Nottinghamshire Police,-1.184926,53.001819,On or near DORMY COURT,E01013889,Nottingham 004C,Investigation complete; no suspect identified
93e8286b2f502fb183177bdf5de97568d1a78fc450aab9098ce1b115533d94b0,2013-06,Nottinghamshire Police,Nottinghamshire Police,-1.162817,52.993081,On or near ARNOLD ROAD,E01033398,Nottingham 006G,Investigation complete; no suspect identified
b183ad057265daf1b0fcfcf0449b4fa3f4120dae4ef72f3806dbf522191d2c20,2013-06,Nottinghamshire Police,Nottinghamshire Police,-1.198101,52.989602,On or near MOLLINGTON SQUARE,E01013831,Nottingham 009C,Investigation complete; no suspect identified
836b8fa54b7a10be1fb0b778edf7f571467bd2da6befadfcab6634259f3b91fa,2013-06,Nottinghamshire Police,Nottinghamshire Police,-1.169475,52.998602,On or near BARENT CLOSE,E01013855,Nottingham 006C,Investigation complete; no suspect identified
47d627a3e4e063d05f4f5d1aa0a0ee3dd672a151192c13d3ae1ec197b019c30b,2013-06,Nottinghamshire Police,Nottinghamshire Police,-1.166870,53.004661,On or near THORPE CLOSE,E01013851,Nottingham 038C,Investigation complete; no suspect identified
97344801452f5df73a98ceb60656c2d1ced1a9e8c1b56f6c41e1e13f8c49dcf6,2013-06,Nottinghamshire Police,Nottinghamshire Police,-1.195568,53.003267,On or near MAIN STREET,E01013885,Nottingham 002E,Investigation complete; no suspect identified
c202629d26740ddc9be5fe408cd363de9f44f0eecb6277fb7bb7ba82378bc592,2013-06,Nottinghamshire Police,Nottinghamshire Police,-1.206569,52.975456,On or near BRINSLEY CLOSE,E01013824,Nottingham 013E,Investigation complete; no suspect identified
0725b1f2180fcda2b03f7ed6665cc683a8638a818973c771ecfec3d4d38d5ca9,2013-06,Nottinghamshire Police,Nottinghamshire Police,-1.187557,52.978330,On or near PENNANT ROAD,E01013832,Nottingham 009D,Investigation complete; no suspect identified
b6a59b133715c93ec992754bc3e712eb02f72d9b8699ff67091d0ba46ed94e91,2013-06,Nottinghamshire Police,Nottinghamshire Police,-1.206569,52.975456,On or near BRINSLEY CLOSE,E01013824,Nottingham 013E,Investigation complete; no suspect identified
f5c36e009873e50ab6f76ddbc972c415b5b0f8d1567234b5eba73c04d2353a1d,2013-06,Nottinghamshire Police,Nottinghamshire Police,-1.147153,52.956293,On or near Supermarket,E01033409,Nottingham 023H,Local resolution
f5c36e009873e50ab6f76ddbc972c415b5b0f8d1567234b5eba73c04d2353a1d,2013-06,Nottinghamshire Police,Nottinghamshire Police,-1.147153,52.956293,On or near Supermarket,E01033409,Nottingham 023H,Local resolution
bbf963c3f23a2f92cc36e372cccafcdbbcd78c2e5f17e5567faa42f5def38e2c,2013-06,Nottinghamshire Police,Nottinghamshire Police,-1.142980,52.953539,On or near Nightclub,E01033406,Nottingham 039E,Investigation complete; no suspect identified
db6fea8049b6106ed7747cd9e99720e869d98ba721e045d7704a5da23e7eb5d4,2013-06,Nottinghamshire Police,Nottinghamshire Police,-1.150219,52.952512,On or near WHEELER GATE,E01033400,Nottingham 039B,Suspect charged
f65f750c72a5e4593eb38a4cdb126e6950437fe8830a9f944cc7544b9bddd6d5,2013-06,Nottinghamshire Police,Nottinghamshire Police,-1.160918,52.976491,On or near POPLAR AVENUE,E01013840,Nottingham 012D,Investigation complete; no suspect identified
f45440c3b186a12625aaa2fd9be0c6e8229cc9220089d2e727068f7fe14f1d99,2013-06,Nottinghamshire Police,Nottinghamshire Police,-1.145710,52.955473,On or near CLARE STREET,E01033409,Nottingham 023H,Investigation complete; no suspect identified
fa83234aa4c277a55d2b816ec4eceb47019ea44b26c9de566ab7cce40a1121f8,2013-06,Nottinghamshire Police,Nottinghamshire Police,-1.152665,52.961384,On or near ANNESLEY GROVE,E01013813,Nottingham 022A,Investigation complete; no suspect identified
d76432ee3851bf49e38c5e41519d8f22253e4809db8f54a341dace9f56b4ba1d,2013-06,Nottinghamshire Police,Nottinghamshire Police,-1.171210,52.963241,On or near PALIN STREET,E01013812,Nottingham 018C,Investigation complete; no suspect identified
ec568a7fe9f41527b7eef409c64341a1a3e07977c6b2ba1e45d087d7051e7485,2013-06,Nottinghamshire Police,Nottinghamshire Police,-1.151158,52.953211,On or near BEAST MARKET HILL,E01033400,Nottingham 039B,Investigation complete; no suspect identified
87e40fbe68726555167fa4b5aae3677c53cca16c769d4cd19974ebb88e17ce0d,2013-06,Nottinghamshire Police,Nottinghamshire Police,-1.150939,52.958315,On or near MATLOCK COURT,E01033399,Nottingham 023E,Investigation complete; no suspect identified
1ea8f02b6b879c2ae9f2ccd3112510326b32435652c487ef22a2dc2af327e242,2013-06,Nottinghamshire Police,Nottinghamshire Police,-1.151821,52.981730,On or near OSBORNE AVENUE,E01013970,Nottingham 010D,Investigation complete; no suspect identified
c8b5b5ada4f1922cb1001e580d6ff48c19e1d519665624bba09acefa7e76e26f,2013-06,Nottinghamshire Police,Nottinghamshire Police,-1.154433,52.976094,On or near WALDECK ROAD,E01013972,Nottingham 015E,Investigation complete; no suspect identified
9a860f5267c52ee6e517ace4304044e93c3f3752b25440a6896f43f4db464c4c,2013-06,Nottinghamshire Police,Nottinghamshire Police,-1.161021,52.985805,On or near VALMONT ROAD,E01013837,Nottingham 012A,Investigation complete; no suspect identified
9d6daf29d5ef57297945a4d65a2f0703b96ff2fede90b1117c97951f871bb352,2013-06,Nottinghamshire Police,Nottinghamshire Police,-1.193752,52.954352,On or near Supermarket,E01013979,Nottingham 027C,Investigation complete; no suspect identified
226db5006fe07faff46e624f6b2730dca16a846692b84ce25094a12741d1a34e,2013-06,Nottinghamshire Police,Nottinghamshire Police,-1.138514,52.980511,On or near CRESTA GARDENS,E01013968,Nottingham 010B,Investigation complete; no suspect identified
b52adb2bbfc881265373b0356eae37769aec0843734ce2af4ef504b5d8d73253,2013-06,Nottinghamshire Police,Nottinghamshire Police,-1.146096,52.995605,On or near LONGMEAD DRIVE,E01013963,Nottingham 007A,Investigation complete; no suspect identified
7453c91765976d1af13cdc3de4353f84a279d014f4e44816d7dc8b3782ad57ee,2013-06,Nottinghamshire Police,Nottinghamshire Police,-1.142290,52.955314,On or near Petrol Station,E01033405,Nottingham 023G,Investigation complete; no suspect identified
fbd3898b3ccbacf765388b2d32416d862b3d3ee13fbc945e7425cd9e6dd9d722,2013-06,Nottinghamshire Police,Nottinghamshire Police,-1.142980,52.953539,On or near Nightclub,E01033406,Nottingham 039E,Investigation complete; no suspect identified
f88065b97b4abca19de8330a115d5c3b1af3c5ce0bcbfcad55c024a29396680d,2013-06,Nottinghamshire Police,Nottinghamshire Police,-1.146647,52.979707,On or near SPONDON STREET,E01013971,Nottingham 010E,Investigation complete; no suspect identified
34feafea60f36280784e8adcab779c8e8b4d2984fa00d6991a220611daf72ab6,2013-06,Nottinghamshire Police,Nottinghamshire Police,-1.143958,52.946210,On or near Police Station,E01033400,Nottingham 039B,Investigation complete; no suspect identified
cc43c430b2cc7730d11dc0ce6356f97ad433505b59f6cb369b0d90af7d7f9abb,2013-06,Nottinghamshire Police,Nottinghamshire Police,-1.150053,52.948097,On or near CANAL STREET,E01033400,Nottingham 039B,Investigation complete; no suspect identified
c2ab52da5195aa103f54808d6257e71b7777fd31ad935bd262aefb2c77348621,2013-06,Nottinghamshire Police,Nottinghamshire Police,-1.158507,52.955735,On or near WOLLATON STREET,E01013816,Nottingham 022D,Investigation complete; no suspect identified
15dfa6acf4c64aa2c57937c2bd832422f9dab1f9cf9cf74282583b517050297f,2013-06,Nottinghamshire Police,Nottinghamshire Police,-1.172069,52.976695,On or near SPRINGFIELD STREET,E01013839,Nottingham 012C,Investigation complete; no suspect identified
12f980b4b22cd83dc0be98df5b21b93b7fdeb1f074b06eeca9fc3578a5f126eb,2013-06,Nottinghamshire Police,Nottinghamshire Police,-1.149619,52.958809,On or near MAJOR STREET,E01033399,Nottingham 023E,Investigation complete; no suspect identified
ac085e7328dd9e249d09bb66453a553f16e27b59ad06e3aa4378a1cf28e87815,2013-06,Nottinghamshire Police,Nottinghamshire Police,-1.143101,52.956443,On or near KING EDWARD STREET,E01033405,Nottingham 023G,Investigation complete; no suspect identified
7ce2467230630998362110d527c76289a5381583fbdfc02c54914f649e159a84,2013-06,Nottinghamshire Police,Nottinghamshire Police,-1.163332,52.955625,On or near ELLIOTT STREET,E01033404,Nottingham 028G,Investigation complete; no suspect identified
41c44aa874950caf7a6c89a04061d4b5e88d7892c0c5cf537840d8539f6581b6,2013-06,Nottinghamshire Police,Nottinghamshire Police,-1.146942,52.957172,On or near Shopping Area,E01033409,Nottingham 023H,Investigation complete; no suspect identified
22c3a80b6ba49f869d30ff4e21efd29354ffd0b3539eadfcda0f4ee12ea00f41,2013-06,Nottinghamshire Police,Nottinghamshire Police,-1.144608,52.982649,On or near Shopping Area,E01013969,Nottingham 010C,Investigation complete; no suspect identified
ad0e224a6d0e84cedff22ba11912f38b5a5307c3a2836f282929581966ed4b63,2013-06,Nottinghamshire Police,Nottinghamshire Police,-1.143330,52.955393,On or near Nightclub,E01033405,Nottingham 023G,Investigation complete; no suspect identified
8dc77079e3e694a7c9f68f3c47032f1d4da0ecb73773e5dbb7397d8c6d7cc73e,2013-06,Nottinghamshire Police,Nottinghamshire Police,-1.166849,52.958527,On or near ALFRETON ROAD,E01033404,Nottingham 028G,Investigation complete; no suspect identified
c45cfceed85e16fcc8e912d7377b1eab5938bf80adcfff41a359020166b8bcd0,2013-06,Nottinghamshire Police,Nottinghamshire Police,-1.152891,52.952864,On or near Nightclub,E01033400,Nottingham 039B,Investigation complete; no suspect identified
397f7899ca3786ca15052dd070c1afb04286fda3194b986b7f90d9a7bb17af97,2013-06,Nottinghamshire Police,Nottinghamshire Police,-1.148358,52.951797,On or near Shopping Area,E01033400,Nottingham 039B,Investigation complete; no suspect identified
7a09d4a370cc60d804989ec4f74096c35392248108c0a67fbd718fdb89c9e33b,2013-06,Nottinghamshire Police,Nottinghamshire Police,-1.150606,52.954816,On or near Theatre/Concert Hall,E01033406,Nottingham 039E,Investigation complete; no suspect identified
f9cb1ed03b6b80b06ab80be83a93f0a181dd4de7a2d7e1fe4dbfeaa8a45b1bf3,2013-06,Nottinghamshire Police,Nottinghamshire Police,-1.165674,52.970825,On or near STURTON STREET,E01013845,Nottingham 017C,Investigation complete; no suspect identified
6a86743b8f48c422544bc42f78a3e56750c0adf625819cde89d8f8a0ed1749a3,2013-06,Nottinghamshire Police,Nottinghamshire Police,-1.146601,52.954068,On or near THURLAND STREET,E01033406,Nottingham 039E,Investigation complete; no suspect identified
7a752c91fae7b0ce3607b1a0b19ccee1f4939e1545b60ce213969db8a94ccea9,2013-06,Nottinghamshire Police,Nottinghamshire Police,-1.177362,52.963841,On or near RADFORD BOULEVARD,E01013944,Nottingham 026A,Investigation complete; no suspect identified
96c8dc992564829b391f67249b7340b3aad292e3407b13ed3971f6e1239e4806,2013-06,Nottinghamshire Police,Nottinghamshire Police,-1.143330,52.955393,On or near Nightclub,E01033405,Nottingham 023G,Investigation complete; no suspect identified
20e03cef0b16655b0152f42b5d78ef78934df2028b2867333af970661d0de23c,2013-06,Nottinghamshire Police,Nottinghamshire Police,-1.130093,53.326418,On or near SAMIAN CLOSE,E01028049,Bassetlaw 006D,Investigation complete; no suspect identified
c2fe88c44377dc95131e57e9c65bee73f51329daa853354fcd2e3e942c656801,2013-06,Nottinghamshire Police,Nottinghamshire Police,-1.099034,53.297620,On or near GORSELANDS AVENUE,E01028064,Bassetlaw 014E,Investigation complete; no suspect identified
ab9f2d8e4a1e59870673327f399b3b8a64355f51934c84a22674511c30063b08,2013-06,Nottinghamshire Police,Nottinghamshire Police,-1.124503,53.305352,On or near Supermarket,E01028062,Bassetlaw 013C,Investigation complete; no suspect identified
4b7aee4a7509b7edff14d34642a71a270daded212b88122b69e7d9081afb567f,2013-06,Nottinghamshire Police,Nottinghamshire Police,-1.142617,53.304575,On or near MANOR CLOSE,E01028061,Bassetlaw 013B,Investigation complete; no suspect identified
6bc3d5d997384c65bb5538b1ff3cd6812fbeef253769f32891cca75813666290,2013-06,Nottinghamshire Police,Nottinghamshire Police,-1.129665,53.303169,On or near BROOK TERRACE,E01028062,Bassetlaw 013C,Investigation complete; no suspect identified
1f2c1d9e9a809bb467a3054e69d9c7657e278cb815872207756290c591d656b2,2013-06,Nottinghamshire Police,Nottinghamshire Police,-1.100599,53.311664,On or near TENNYSON DRIVE,E01028043,Bassetlaw 014C,Investigation complete; no suspect identified
b223d562624572d031ac0f0d205fc8ccc188814a2ca01ddddc6fb16ac57b142f,2013-06,Nottinghamshire Police,Nottinghamshire Police,-1.080249,53.298978,On or near B6040,E01028064,Bassetlaw 014E,Investigation complete; no suspect identified
e37558467e934722f60be99e5961673ceb43c53b2a7da136c035cf47b8034915,2013-06,Nottinghamshire Police,Nottinghamshire Police,-1.106550,53.319241,On or near LARWOOD,E01028044,Bassetlaw 016F,Investigation complete; no suspect identified
ccda6792c6e5af38c2a8834caf6015a6202a82a7ceb0745527b331705a82e9eb,2013-06,Nottinghamshire Police,Nottinghamshire Police,-1.123080,53.306681,On or near BRIDGE PLACE,E01028062,Bassetlaw 013C,Investigation complete; no suspect identified
a6c1c6196859273a51f2b150feaddf3c1e60c4d0c21d745bd2a6941fbfc85a19,2013-06,Nottinghamshire Police,Nottinghamshire Police,-1.115063,53.299574,On or near NETHERTON PLACE,E01028065,Bassetlaw 012B,Investigation complete; no suspect identified
4aaac62f14617f4fa0cd18101caacd268cb5f0b2308b7812d83eacaf6867ea67,2013-06,Nottinghamshire Police,Nottinghamshire Police,-0.998442,53.210450,On or near Sports/Recreation Area,E01028301,Newark and Sherwood 001A,Investigation complete; no suspect identified
2db9a4c7a20799cd0de7a6281646c073483226238642f27b856a66a5ef9a8e96,2013-06,Nottinghamshire Police,Nottinghamshire Police,-1.120419,53.086040,On or near TOP ROAD,E01028300,Newark and Sherwood 006D,Investigation complete; no suspect identified
16d07b8a78ea8215cc5c317733670d80e43f2115c65a0f48e78f7f9aaeefb80e,2013-06,Nottinghamshire Police,Nottinghamshire Police,-1.038788,53.176012,On or near Parking Area,E01028295,Newark and Sherwood 005A,Investigation complete; no suspect identified
fd9483c92f85ca6f1f9d372965365e822044f097443a94b2a824837211dfe3a5,2013-06,Nottinghamshire Police,Nottinghamshire Police,-1.060865,53.193483,On or near LANSBURY ROAD,E01028322,Newark and Sherwood 002D,Investigation complete; no suspect identified
905156b08143628a05047db684b070e676b1fa0908bd6226fa42df3dd25c770a,2013-06,Nottinghamshire Police,Nottinghamshire Police,-0.809634,53.075229,On or near Parking Area,E01028310,Newark and Sherwood 007F,Local resolution
ec8c731d9aae26473ba3b65254d98dca425ba189fb0edbe63205e0e72d3059e0,2013-06,Nottinghamshire Police,Nottinghamshire Police,-0.787136,53.084360,On or near BRUNEL COURT,E01028304,Newark and Sherwood 007B,Investigation complete; no suspect identified
7562e1e0e6a9ca9a3f00de3b9465ba2ce4d467f859c3b3e25e2e092d1baed177,2013-06,Nottinghamshire Police,Nottinghamshire Police,-0.812042,53.072359,On or near CHATHAM COURT,E01028335,Newark and Sherwood 009E,Investigation complete; no suspect identified
87c02643aeff68f4d4e12b88d67979fbc54d5c69b95c7e3941c669ce75ca8c8e,2013-06,Nottinghamshire Police,Nottinghamshire Police,-0.788714,53.088269,On or near TELFORD DRIVE,E01028307,Newark and Sherwood 007E,Investigation complete; no suspect identified
d668c7300a4fcb553092e41181d027310165670d2e31c854fa8078d6a2763da9,2013-06,Nottinghamshire Police,Nottinghamshire Police,-0.789794,53.060394,On or near HAZEL GROVE,E01028289,Newark and Sherwood 011E,Investigation complete; no suspect identified
d8c7637b8854186d8b50d2c0b56619f7a054e2146cfc7fd6b9d9d77b9cb167f1,2013-06,Nottinghamshire Police,Nottinghamshire Police,-0.804624,53.060490,On or near Petrol Station,E01028334,Newark and Sherwood 009D,Investigation complete; no suspect identified
1e1e7cc92bc44af0251e2fe2f706ab18eb1bd70d1bc8d96b15fdf5183cd55713,2013-06,Nottinghamshire Police,Nottinghamshire Police,-0.803747,53.085131,On or near KINGS SCONCE AVENUE,E01028310,Newark and Sherwood 007F,Investigation complete; no suspect identified
30251f11dce3702aa5285c4f08f5f9f1b03c5755e23f3e2e63d4319c7fd513ab,2013-06,Nottinghamshire Police,Nottinghamshire Police,-0.790138,53.090710,On or near STANHOPE AVENUE,E01028307,Newark and Sherwood 007E,Investigation complete; no suspect identified
fd120021ef1943e6461707e3dc9a15d7fff3cf67a9ca75d2d9665d92f7f954f7,2013-06,Nottinghamshire Police,Nottinghamshire Police,-0.760365,53.146220,On or near Police Station,E01028315,Newark and Sherwood 004A,Investigation complete; no suspect identified
6aa166484503c6680c7b033d2fe5785d2fa3043d22deb7ef3bfcfc74fa17cf68,2013-06,Nottinghamshire Police,Nottinghamshire Police,-0.948512,53.306106,On or near OLLERTON ROAD,E01028018,Bassetlaw 010B,Investigation complete; no suspect identified
e6a69ef3c359ab149b26c63ee86c8be6483799dfe3e6ba1bf1a158e2171851db,2013-06,Nottinghamshire Police,Nottinghamshire Police,-1.069646,53.420903,On or near WINDERMERE AVENUE,E01028026,Bassetlaw 001D,Investigation complete; no suspect identified
3dd4af57d696b0a8ce81904e8a75663ab0bfeb877c2c502dd0f86863aaa6df73,2013-06,Nottinghamshire Police,Nottinghamshire Police,-1.035983,53.415629,On or near A614,E01028027,Bassetlaw 001E,Investigation complete; no suspect identified
b2710dfd0a0d7b60a5755c1bd36d2197e4d98a23e1de84a12ed9d66abf80bccf,2013-06,Nottinghamshire Police,Nottinghamshire Police,-0.837672,53.290407,On or near Hospital,E01028033,Bassetlaw 015C,Investigation complete; no suspect identified
014c4d12381336343777d870309cbdb7ee4036cc68912a462af23179047d2b0f,2013-06,Nottinghamshire Police,Nottinghamshire Police,-0.940528,53.313973,On or near GALA WAY,E01028022,Bassetlaw 008F,Investigation complete; no suspect identified
e63c58a5fb8458835c07cb161118d872dfe0bff02b23909f350b3fb16acd5d53,2013-06,Nottinghamshire Police,Nottinghamshire Police,-0.908391,53.345145,On or near CELERY MEADOWS,E01028005,Bassetlaw 002B,Investigation complete; no suspect identified
65675cf17f75bbce051776060effa30c6d181c7c9962c1ae1eb26b6297dbec07,2013-06,Nottinghamshire Police,Nottinghamshire Police,-0.951255,53.319704,On or near PELHAM ROAD,E01028020,Bassetlaw 010D,Investigation complete; no suspect identified
fcf37444eaaae6171214919ed6cba7ab2953e43b52c7dddc96f84b58d67eccda,2013-06,Nottinghamshire Police,Nottinghamshire Police,-0.925888,53.255556,On or near Petrol Station,E01028006,Bassetlaw 015A,Investigation complete; no suspect identified
2649fbe9b07055bb5be5df48bc27e09de95ee3e60ed8a7ca4dd67407883885ce,2013-06,Nottinghamshire Police,Nottinghamshire Police,-0.954896,53.311403,On or near ORCHARD LEIGH,E01028017,Bassetlaw 010A,Investigation complete; no suspect identified
321b81addedbbbac1cbfc461914fa7f30ef424a9648163ff8eae4fadc03ca1a7,2013-06,Nottinghamshire Police,Nottinghamshire Police,-0.964592,53.330005,On or near FIRTH ROAD,E01028016,Bassetlaw 005D,Investigation complete; no suspect identified
5cf0834c999c1412dd324d23931432800c9b0ccbc78ccc024a8486319e3145f5,2013-06,Nottinghamshire Police,Nottinghamshire Police,-0.947473,53.312964,On or near CENTURY ROAD,E01028017,Bassetlaw 010A,Investigation complete; no suspect identified
d6ff2754a964c5cd0c2ee99591bffc4f8f8a718d4f81647a478a980143d72e53,2013-06,Nottinghamshire Police,Nottinghamshire Police,-0.949362,53.313026,On or near WEST CARR ROAD,E01028017,Bassetlaw 010A,Investigation complete; no suspect identified
b9f8e050b26343923b73c96cd264fa8df65cb44e2f77d9387b127fab0c7d753d,2013-06,Nottinghamshire Police,Nottinghamshire Police,-0.946811,53.313003,On or near TUNNEL ROAD,E01028017,Bassetlaw 010A,Investigation complete; no suspect identified
45c4332b460420a7ba06f5352775cb64b672691f6d6e9669ddc967a21d454ca8,2013-06,Nottinghamshire Police,Nottinghamshire Police,-0.996912,53.439119,On or near NEWINGTON ROAD,E01028023,Bassetlaw 003A,Investigation complete; no suspect identified
47065c1d3183c42b28d6f1fd3f725fa63a2e700bd9a58b1434991a851dfe3553,2013-06,Nottinghamshire Police,Nottinghamshire Police,-0.920075,53.253031,On or near GREAT NORTH ROAD,E01028007,Bassetlaw 015B,Investigation complete; no suspect identified
493847666d29adaf9746e50ea0aa57902db9e6df031e4cf08f7e09de41416711,2013-06,Nottinghamshire Police,Nottinghamshire Police,-0.938662,53.326253,On or near Petrol Station,E01028011,Bassetlaw 008D,Investigation complete; no suspect identified
990cb88cf837c63ca3181c54b0022d02109bd226dbae50c0007d4959757489b6,2013-06,Nottinghamshire Police,Nottinghamshire Police,-0.949873,53.308104,On or near WELBECK ROAD,E01028019,Bassetlaw 010C,Investigation complete; no suspect identified
794bc9b23404f62fea492e662ec3885c900055a01947e6ea7798dac74a636a90,2013-06,Nottinghamshire Police,Nottinghamshire Police,-1.220098,53.158504,On or near MILLENIUM COURT,E01028282,Mansfield 006F,Investigation complete; no suspect identified
2068fa3ca47982f921eeb2f523e22054a2a925cff23023b34bdd461d6f2fb0f2,2013-06,Nottinghamshire Police,Nottinghamshire Police,-1.190846,53.148116,On or near SHIRBURN AVENUE,E01028274,Mansfield 009C,Investigation complete; no suspect identified
711bbfaa35b563d688dd2b599e05fe148bff7cdac16ed447083854618868f442,2013-06,Nottinghamshire Police,Nottinghamshire Police,-1.187994,53.136824,On or near WINDSOR ROAD,E01033389,Mansfield 013G,Investigation complete; no suspect identified
638596a2d71a7cb0e8c847898a8979f608268ec7ee0ef031b89c6690180a6bf8,2013-06,Nottinghamshire Police,Nottinghamshire Police,-1.207414,53.139948,On or near MOOR STREET,E01028268,Mansfield 008D,Investigation complete; no suspect identified
6b6577a2a2d074cc7e94b71125e5da21a7b2d6bd649d4b22422be461d7f7939d,2013-06,Nottinghamshire Police,Nottinghamshire Police,-1.197560,53.139289,On or near BEECH AVENUE,E01028268,Mansfield 008D,Investigation complete; no suspect identified
21a923ba4a32eddf41e642659a3c798040a474171c771972af1a1d5fd750ffd3,2013-06,Nottinghamshire Police,Nottinghamshire Police,-1.165072,53.130202,On or near WATERSON OAKS,E01028255,Mansfield 013E,Investigation complete; no suspect identified
cf2b818e041f688604444f6b8f2702eec0abf70965e6c5dca4c0d33a6f639fc2,2013-06,Nottinghamshire Police,Nottinghamshire Police,-1.165072,53.130202,On or near WATERSON OAKS,E01028255,Mansfield 013E,Investigation complete; no suspect identified
68a70de7776f7227dda12509ff43af85743fc137e3a7d978a20895572a24068c,2013-06,Nottinghamshire Police,Nottinghamshire Police,-1.200395,53.144378,On or near Parking Area,E01028284,Mansfield 008F,Investigation complete; no suspect identified
8b8236cab9793431995a342c42cb6b1054f3610957a5f9530b735d460c32e1f3,2013-06,Nottinghamshire Police,Nottinghamshire Police,-1.183319,53.145314,On or near BILBOROUGH ROAD,E01028276,Mansfield 009E,Investigation complete; no suspect identified
6c2dd8c8855b776753e85dd1229bd3f69db787cf61bfde637175e17b4b7b11bb,2013-06,Nottinghamshire Police,Nottinghamshire Police,-1.205437,53.029825,On or near SHERIDAN WAY,E01027927,Ashfield 014A,Investigation complete; no suspect identified
222dff93fbbb349e0dcb4e33a6a45a23d74104200fd0804d3079ba3c22246c58,2013-06,Nottinghamshire Police,Nottinghamshire Police,-1.235632,53.120914,On or near NEWARK ROAD,E01027973,Ashfield 007E,Investigation complete; no suspect identified
d57e43e6258615f265d0f5d607e52312f62116d373cf33f6f4b51f50a60b47ab,2013-06,Nottinghamshire Police,Nottinghamshire Police,-1.250748,53.114349,On or near PENNY EMMA WAY,E01027954,Ashfield 007D,Investigation complete; no suspect identified
07bc695af17c7deb75d79fa73602bff13b7c9417b7f0048e764ed97cdbe59d74,2013-06,Nottinghamshire Police,Nottinghamshire Police,-1.254804,53.130384,On or near BEIGHTON STREET,E01027967,Ashfield 004A,Investigation complete; no suspect identified
f90b368062f2464aad118e22238c029d902e30e4a3d8bbf7f1c3418d2ce80096,2013-06,Nottinghamshire Police,Nottinghamshire Police,-1.261239,53.125498,On or near FOREST STREET,E01027965,Ashfield 005B,Investigation complete; no suspect identified
c86008672e134ed1c30b7b28f41cd67a39a2b0127869aacc426ee0d3fc990a87,2013-06,Nottinghamshire Police,Nottinghamshire Police,-1.302447,53.128758,On or near Supermarket,E01027990,Ashfield 003D,Suspect charged
346248de7a80b4f57552aa5f62ee41ddc499fa048fa7fc9714fb071d0ee743de,2013-06,Nottinghamshire Police,Nottinghamshire Police,-1.271850,53.133420,On or near NORTHWOOD AVENUE,E01027964,Ashfield 005A,Investigation complete; no suspect identified
4cc8b5724aac45e1eb9021ef8c3bc4712a8821f8fac1a0f7854823cb1dd256ee,2013-06,Nottinghamshire Police,Nottinghamshire Police,-1.030273,52.910862,On or near TROUTBECK,E01028367,Rushcliffe 009B,Offender given a caution
094e8d1868c83abd3c7cebd6e76f2111ccaef90eb5e23b63cc1c1a275cd04c2b,2013-06,Nottinghamshire Police,Nottinghamshire Police,-1.129422,53.001579,On or near Shopping Area,E01028175,Gedling 005C,Suspect charged
dcd6d55919517618e322f9ed6a1343a4e0045d7d93a99b5e360e787e47c60bcf,2013-06,Nottinghamshire Police,Nottinghamshire Police,-1.108595,52.995572,On or near NEWTON CLOSE,E01028179,Gedling 007A,Offender given a caution
81e8e98aa913e7a9590f789ed5d34d7f5fd02bcaf7c29c2261fc44149a67c31d,2013-06,Nottinghamshire Police,Nottinghamshire Police,-1.122230,52.949899,On or near LADYSMITH STREET,E01013921,Nottingham 029D,Offender given a caution
7cdb2e6b505e56dc71020a71e4bc4cd5ff6cb02599bbe796192f4f598f610ead,2013-06,Nottinghamshire Police,Nottinghamshire Police,-1.126813,52.950661,On or near THURGARTON STREET,E01013919,Nottingham 029B,Suspect charged
bb54aa1a61f8179d8e444a284c1530ffa98b4fcb3cfa27dd546bc316270aee97,2013-06,Nottinghamshire Police,Nottinghamshire Police,-1.193937,53.003616,On or near JENNISON STREET,E01013885,Nottingham 002E,Offender given a drugs possession warning
e7c24ae0ebc94ae7a8f71e48909dc48a7fee95915f7a0b9ea856ed588414fa1e,2013-06,Nottinghamshire Police,Nottinghamshire Police,-1.211692,52.980344,On or near LINDFIELD CLOSE,E01013817,Nottingham 011A,Offender given a caution
62a1655793c33fbfe604d6338494097921187a616aa90b989789846251aaa8ed,2013-06,Nottinghamshire Police,Nottinghamshire Police,-1.207847,52.964174,On or near AMBERGATE ROAD,E01013859,Nottingham 020A,Local resolution
42783b2004132357c7fcd4964c11349500cc3eabb0f4fb98ad1f16ef25173737,2013-06,Nottinghamshire Police,Nottinghamshire Police,-1.156222,53.002770,On or near Supermarket,E01013850,Nottingham 038B,Offender given a drugs possession warning
58919422607772697c7f844a07e6a209e626fb5571c66aeeb3f4b10c233c051e,2013-06,Nottinghamshire Police,Nottinghamshire Police,-1.165086,53.009080,On or near HEATHRINGTON GARDENS,E01013851,Nottingham 038C,Suspect charged
fa454a05c560e7e5f6c44721ecc7cc8475889da75a099e3aee04642836f4a37b,2013-06,Nottinghamshire Police,Nottinghamshire Police,-1.192282,53.005259,On or near CAREY ROAD,E01013882,Nottingham 002D,Local resolution
cc240237d57d456d4e18cb19dd1a60429544eb02951954f0f0e9ec01614ba92c,2013-06,Nottinghamshire Police,Nottinghamshire Police,-1.215339,52.977186,On or near SHIPLEY ROAD,E01013822,Nottingham 011C,Suspect charged
7ceab210039f3a127d3da00ead297194aafe04214428e28e879a9569eaca7aac,2013-06,Nottinghamshire Police,Nottinghamshire Police,-1.167899,53.005396,On or near Pedestrian Subway,E01013893,Nottingham 001C,Suspect charged
ff128006d473f3bb519a0bba59ba442c7f1669e2dc6a03190b3b9d40e4bc19fd,2013-06,Nottinghamshire Police,Nottinghamshire Police,-1.192516,52.978364,On or near COMMODORE GARDENS,E01013819,Nottingham 013A,Suspect charged
b73e8679cb36e6461777cf8e915871755280ae6a3f5fd4b5321ab7cd43446d9f,2013-06,Nottinghamshire Police,Nottinghamshire Police,-1.169147,52.965195,On or near Parking Area,E01013811,Nottingham 018B,Suspect charged
d6cd76cebf7afe9df7ced41701f9a20c08d05a6c4221127198aa15c63934b735,2013-06,Nottinghamshire Police,Nottinghamshire Police,-1.145710,52.955473,On or near CLARE STREET,E01033409,Nottingham 023H,Local resolution
10692b0f6e060410e7a8a31863463279878d3ce2023e89de54540388a2a3c01e,2013-06,Nottinghamshire Police,Nottinghamshire Police,-1.146942,52.957172,On or near Shopping Area,E01033409,Nottingham 023H,Local resolution
851d9dafcae7e63e465ce7a5301a900f49049e42c5d67425a44d0c1d4939ef6d,2013-06,Nottinghamshire Police,Nottinghamshire Police,-1.144430,52.953199,On or near WARSER GATE,E01033406,Nottingham 039E,Suspect charged
1c7e6c4420d8b1de7e54b199a72e36122d7fc208237d014db552671f5731e9de,2013-06,Nottinghamshire Police,Nottinghamshire Police,-1.150829,52.954053,On or near Shopping Area,E01033406,Nottingham 039E,Suspect charged
237351259899aabece6840d7a3b3eef47ee465cb1cf6cc599404a76c37ad9abb,2013-06,Nottinghamshire Police,Nottinghamshire Police,-1.147443,52.947602,On or near CARRINGTON STREET,E01033400,Nottingham 039B,Offender given a caution
53f332cace07b6d88ea6927e95e09648fdcbad6c4d8a0ffceb36f46810e7b20a,2013-06,Nottinghamshire Police,Nottinghamshire Police,-1.147584,52.980531,On or near BROXTOWE STREET,E01013969,Nottingham 010C,Offender given a caution
1dbe0e28fcb2f89c3050b6945721555400be73f8460eea91c4c3997ca74bea4c,2013-06,Nottinghamshire Police,Nottinghamshire Police,-1.177105,52.956198,On or near REDOUBT STREET,E01033396,Nottingham 026H,Offender given a caution
958a9995b91458e46890e736bac9c6cff63ad10af85f07e412af33121d6ffc84,2013-06,Nottinghamshire Police,Nottinghamshire Police,-1.152701,52.964899,On or near MANSFIELD ROAD,E01013941,Nottingham 015C,Offender given a drugs possession warning
ed76be3238ccdcbdebb50b0b3f0d963b24be1ad3b743c15996a2f0d08064013f,2013-06,Nottinghamshire Police,Nottinghamshire Police,-0.811189,53.081636,On or near SIKORSKI CLOSE,E01028310,Newark and Sherwood 007F,Suspect charged
947d9421786fa52165a219d9aab25898cde00587274c49fbfc8b9a7468eb256c,2013-06,Nottinghamshire Police,Nottinghamshire Police,-0.810705,53.074278,On or near Parking Area,E01028311,Newark and Sherwood 007G,Suspect charged
cf49b02c714971cf82ef1106ef2c9ecd1ce153ea5804417af2182defad08d057,2013-06,Nottinghamshire Police,Nottinghamshire Police,-1.177569,53.134784,On or near MILLSTONE CLOSE,E01033390,Mansfield 013H,Local resolution
a968b29404fffaffabb736659d596ce2a603fb365f1a643618537b23e6cd6719,2013-06,Nottinghamshire Police,Nottinghamshire Police,-1.197417,53.143719,On or near MARKET HOUSE PLACE,E01028268,Mansfield 008D,Suspect charged
a46101fc19597c0ee461c7ead25e0faf598ad8c0dd3832605959d73c56a52a4b,2013-06,Nottinghamshire Police,Nottinghamshire Police,-1.239102,53.133422,On or near BLACKMIRES WAY,E01027985,Ashfield 004E,Suspect charged
200153aa9bf4d826e11c6bb6da326beb90a6bcaba3cc4a273a46ef655aa5ddff,2013-06,Nottinghamshire Police,Nottinghamshire Police,-1.270058,53.116545,On or near HILLSBOROUGH AVENUE,E01027975,Ashfield 006B,Offender given a caution
0d70ba1f94420dbedadd3834a774ef3a32ccabb957ed7b9a637b85ff0a54f64c,2013-06,Nottinghamshire Police,Nottinghamshire Police,-1.243798,53.101729,On or near GLADSTONE STREET,E01027952,Ashfield 008A,Offender given a caution
463e544ec68004b44def30079f49855af697465d64958a125e7f96ee39570cc5,2013-06,Nottinghamshire Police,Nottinghamshire Police,-1.261952,53.116180,On or near LEAMINGTON DRIVE,E01027974,Ashfield 005D,Offender given a caution
0c91a186b1e28d30311b0dcdaf32dbd255921a971dc563c7111df43ea6546ce4,2013-06,Nottinghamshire Police,Nottinghamshire Police,-1.119716,52.911684,On or near EDWALTON LODGE CLOSE,E01028373,Rushcliffe 008B,Investigation complete; no suspect identified
015815746a701cefaa9b39b64e1ec28237b130230fa7dd172aefaa177f42b19d,2013-06,Nottinghamshire Police,Nottinghamshire Police,-1.281945,53.007416,On or near GILTBROOK CRESCENT,E01028116,Broxtowe 003C,Investigation complete; no suspect identified
b16f88d6ba57f167ee499f8ebc6202c92fa2e5df387b61c09d538afece64aed5,2013-06,Nottinghamshire Police,Nottinghamshire Police,-1.281945,53.007416,On or near GILTBROOK CRESCENT,E01028116,Broxtowe 003C,Investigation complete; no suspect identified
387b84c43bf0e7d13187dc91ec6f22981d8d353c04b317392bde6c375ec0a81d,2013-06,Nottinghamshire Police,Nottinghamshire Police,-1.281945,53.007416,On or near GILTBROOK CRESCENT,E01028116,Broxtowe 003C,Investigation complete; no suspect identified
85c9e2e2969fec7f5f2ecddc4b8c043d0f243e1d90ab7e91e51e7fac1eb3bba9,2013-06,Nottinghamshire Police,Nottinghamshire Police,-1.312520,53.014392,On or near SOUTH STREET,E01028110,Broxtowe 002A,Investigation complete; no suspect identified
e4f1d5b5119611cf5d5131a24e2114460c463335b2029867f4e5635f182a1205,2013-06,Nottinghamshire Police,Nottinghamshire Police,-1.287487,52.993066,On or near ATTEWELL ROAD,E01033413,Broxtowe 016G,Investigation complete; no suspect identified
cabf708260c1d17db406d53f5a8111979d3f5806e17bdebe94663ea99c6fc932,2013-06,Nottinghamshire Police,Nottinghamshire Police,-1.305864,53.019567,On or near PRINCES STREET,E01028112,Broxtowe 002C,Investigation complete; no suspect identified
ad2db81a31bdecd85af350736d6540eecf9420a8843e1271158b45e40c6c70bd,2013-06,Nottinghamshire Police,Nottinghamshire Police,-1.272990,53.000215,On or near VALLEY ROAD,E01028105,Broxtowe 016A,Investigation complete; no suspect identified
867e01f4360af8f9e10fb68873f9a473bcb613a4ecc08f632fe98801068148d4,2013-06,Nottinghamshire Police,Nottinghamshire Police,-1.257969,52.996796,On or near Parking Area,E01028106,Broxtowe 016B,Investigation complete; no suspect identified
f5d49a8b5a57feb16d9723b2e449766623e971a046fb402c286d5d1349a1fc59,2013-06,Nottinghamshire Police,Nottinghamshire Police,-1.255326,52.994514,On or near CHANTRY CLOSE,E01028102,Broxtowe 004A,Investigation complete; no suspect identified
df86238c6008fdf7936187ffc6784dffdbde8e0e74e40cf9073b1d8949bdb474,2013-06,Nottinghamshire Police,Nottinghamshire Police,-1.279458,52.994789,On or near AWSWORTH LANE,E01033413,Broxtowe 016G,Investigation complete; no suspect identified
61085cd326bacfb35386acd4d33c97aa50018ec32987f7a6ed7113549c5afd51,2013-06,Nottinghamshire Police,Nottinghamshire Police,-1.275605,52.927578,On or near EATONS ROAD,E01028133,Broxtowe 010F,Investigation complete; no suspect identified
ee26b24d1650b389388bc2c94189c24338d8d9e7b0ac28dbcf5453ef25f071c8,2013-06,Nottinghamshire Police,Nottinghamshire Police,-1.174553,53.022972,On or near ST ALBANS ROAD,E01028142,Gedling 016A,Investigation complete; no suspect identified
2d12f3ef8cd57975e6e198f2931f46f6b4159a5d27188a08a0e49a1c465c4ee7,2013-06,Nottinghamshire Police,Nottinghamshire Police,-1.128455,53.002983,On or near Supermarket,E01028209,Gedling 005D,Investigation complete; no suspect identified
4360cabf865082de8aa6181e1f9567c78b64926aec32da73a7173d5b97d9bd8b,2013-06,Nottinghamshire Police,Nottinghamshire Police,-1.225630,53.069628,On or near FRASER STREET,E01028189,Gedling 001A,Investigation complete; no suspect identified
620a777bdedb4105029a3a9eb482b00ce54d53423f001e106b34934703148438,2013-06,Nottinghamshire Police,Nottinghamshire Police,-1.225717,53.068937,On or near THE QUADRANGLE,E01028189,Gedling 001A,Investigation complete; no suspect identified
d207e24c141536b2c05c8859031f92f4b286c5bd6c5062bb99bc106ccf4ad8df,2013-06,Nottinghamshire Police,Nottinghamshire Police,-1.226829,53.069357,On or near MARKHAM STREET,E01028189,Gedling 001A,Investigation complete; no suspect identified
49e178634e69fdb670f85f33c065ebebc1f603a81fcb1b61304bfca07ea24c48,2013-06,Nottinghamshire Police,Nottinghamshire Police,-1.222480,53.068817,On or near LIVINGSTONE STREET,E01028189,Gedling 001A,Investigation complete; no suspect identified
38ade61d6743ef56c57a0fb4c6629ed4a48a7303fffe5965b9c52c202edb81da,2013-06,Nottinghamshire Police,Nottinghamshire Police,-1.137699,52.957132,On or near CAMPBELL STREET,E01033401,Nottingham 023F,Investigation complete; no suspect identified
f544eacd636d66343edc0a855d5b887cc910630e5e52aa5a72d5c65b79828d69,2013-06,Nottinghamshire Police,Nottinghamshire Police,-1.098509,52.953291,On or near Parking Area,E01013915,Nottingham 024C,Investigation complete; no suspect identified
c4659c2737eeb5bf87d6e6d681d9452da9116efdffba4cf89edbb62d16125faa,2013-06,Nottinghamshire Police,Nottinghamshire Police,-1.143415,52.969175,On or near FOWLER STREET,E01013943,Nottingham 015D,Investigation complete; no suspect identified
7521e8de284bd713e89c96d0fd63d01abf5e6b75160f475f23d98306514e80f7,2013-06,Nottinghamshire Police,Nottinghamshire Police,-1.131670,52.959372,On or near JERSEY GARDENS,E01013954,Nottingham 021A,Investigation complete; no suspect identified
f9f292d8de35963f505d5a9c1f986e8a062407f1496c496cbf9e3cd09eef9459,2013-06,Nottinghamshire Police,Nottinghamshire Police,-1.127599,52.955980,On or near ROTHLEY AVENUE,E01013957,Nottingham 029E,Investigation complete; no suspect identified
4cc4a244708fde223487a0cda58094ad84a65a5caf1c2444c2389bec23ebf4b2,2013-06,Nottinghamshire Police,Nottinghamshire Police,-1.136429,52.964845,On or near NORLAND CLOSE,E01013959,Nottingham 021B,Investigation complete; no suspect identified
0ecc649fd1f99911b1dab0edc02a71b5e70b80e72ee78e27ff1671a84d86f494,2013-06,Nottinghamshire Police,Nottinghamshire Police,-1.123320,52.953368,On or near Supermarket,E01013917,Nottingham 024E,Investigation complete; no suspect identified
c92c459880b802a2be50bca0bcf82e77a4435be0bfec99565ae87b50f934196f,2013-06,Nottinghamshire Police,Nottinghamshire Police,-1.130618,52.961324,On or near WIGLEY CLOSE,E01013960,Nottingham 021C,Investigation complete; no suspect identified
3f3225974aee2a98da6f7f3b359e813051899eb90bb1cbe202032936b462295f,2013-06,Nottinghamshire Police,Nottinghamshire Police,-1.182457,52.905992,On or near MANOR FARM LANE,E01013907,Nottingham 035F,Suspect charged
ff2a671883780d5657d3a251beb53254821e0d744151c5ef756cb321fc39dcde,2013-06,Nottinghamshire Police,Nottinghamshire Police,-1.152163,52.962729,On or near NORTH SHERWOOD STREET,E01013813,Nottingham 022A,Investigation complete; no suspect identified
8770482c009ffadbdf7a77e0497db87724b6520e120b33d55946c678d5dd04f8,2013-06,Nottinghamshire Police,Nottinghamshire Police,-1.125014,52.962397,On or near PREVIN GARDENS,E01013962,Nottingham 021D,Investigation complete; no suspect identified
039ae32a77cb3d8b1d39c5286b2c07e29c4dbc1c8b2d1146b5cbf31329363efb,2013-06,Nottinghamshire Police,Nottinghamshire Police,-1.130336,52.965718,On or near Police Station,E01013942,Nottingham 016D,Investigation complete; no suspect identified
039c0fae347b93a4966fc744e8a3d51e62280e2da5d6268699d514b0b5c2cdde,2013-06,Nottinghamshire Police,Nottinghamshire Police,-1.208230,52.979890,On or near BROXTOWE HALL CLOSE,E01013817,Nottingham 011A,Investigation complete; no suspect identified
c7b2b8422d166ffbd895c874b1e0ab6e282b218c9a1438f4ab0a1bea9d8a2bbf,2013-06,Nottinghamshire Police,Nottinghamshire Police,-1.222441,52.964000,On or near MELDRETH ROAD,E01013861,Nottingham 020B,Suspect charged
974f1de61c62df1c1c88b5cd40634be60607600e81221299e24d393adc5be154,2013-06,Nottinghamshire Police,Nottinghamshire Police,-1.197139,53.007763,On or near Sports/Recreation Area,E01013882,Nottingham 002D,Investigation complete; no suspect identified
d67fae5c6f5a24081715b8e6d8a3be4375cd5a73501e65b680f6da087a4d967b,2013-06,Nottinghamshire Police,Nottinghamshire Police,-1.198096,52.998736,On or near COVENTRY ROAD,E01013877,Nottingham 005C,Investigation complete; no suspect identified
259a096342cbe6be42e35ccdcfacfe04be65eb5b7c226391f7a097b2df4c8be3,2013-06,Nottinghamshire Police,Nottinghamshire Police,-1.198713,53.005653,On or near RAVENSWORTH ROAD,E01013882,Nottingham 002D,Investigation complete; no suspect identified
4c9e4817e28473a169c6b71f2fa40399edbab21efa9ea537064de3b941961d8a,2013-06,Nottinghamshire Police,Nottinghamshire Police,-1.230135,52.970046,On or near FAIRNLEY ROAD,E01013866,Nottingham 014C,Investigation complete; no suspect identified
31b8d6d7593a0fbe28bc6ee5334634af7a7a3db962de498309b05a4cb587ac8c,2013-06,Nottinghamshire Police,Nottinghamshire Police,-1.214074,52.977924,On or near BECKLEY ROAD,E01013822,Nottingham 011C,Investigation complete; no suspect identified
87d1fc415bd4d2237a32b4ae6aaf05e68e2be4dbe14b999f03ed109d6e5c5cc9,2013-06,Nottinghamshire Police,Nottinghamshire Police,-1.231505,52.965857,On or near BARTLOW ROAD,E01013858,Nottingham 025A,Investigation complete; no suspect identified
8795bda95972f3418f1881b0e085adff3eeb9f837da7f5246fc62e55e4af4efb,2013-06,Nottinghamshire Police,Nottinghamshire Police,-1.216823,52.979956,On or near LINDBRIDGE ROAD,E01013818,Nottingham 011B,Investigation complete; no suspect identified
9b6744151a800202a513a41d2f997ecf4ae7037512a1a4971e072eed7f44f6a1,2013-06,Nottinghamshire Police,Nottinghamshire Police,-1.217351,52.961414,On or near WINGATE CLOSE,E01013861,Nottingham 020B,Investigation complete; no suspect identified
11d947d0bb91f2f16abfb4430888d0d29b2171fc9721a51ce452dfd8d7e0e83a,2013-06,Nottinghamshire Police,Nottinghamshire Police,-1.197510,52.999801,On or near Bus/Coach Station,E01013885,Nottingham 002E,Investigation complete; no suspect identified
70eb127f5f5fc449df4d35b7360d59270ee49f17fe946c8af680cb1f77176989,2013-06,Nottinghamshire Police,Nottinghamshire Police,-1.195666,52.967499,On or near OAKWOOD DRIVE,E01013931,Nottingham 019B,Investigation complete; no suspect identified
e6ee520d88de1e3c3341acb88cbe3ec2038604d6b4d62406457ef52eb36c0523,2013-06,Nottinghamshire Police,Nottinghamshire Police,-1.202483,52.964425,On or near CLOUGH COURT,E01013929,Nottingham 020D,Investigation complete; no suspect identified
48afdbdd76c1a54e5b5067f90219f2ff5ca3f6f0ea8350ba66dd7842d5eb638f,2013-06,Nottinghamshire Police,Nottinghamshire Police,-1.208103,52.976266,On or near SHERBORNE ROAD,E01013824,Nottingham 013E,Investigation complete; no suspect identified
c1c7804723bcca812650b9c62f5b3e3553bfa757ec136d20e5cf93516fbca3bd,2013-06,Nottinghamshire Police,Nottinghamshire Police,-1.189727,52.992090,On or near WOODLAND AVENUE,E01013891,Nottingham 004E,Suspect charged
f4ed4c102e82b24618efc3495a15ce1133513e737a6052f10b28cbff33efe3d4,2013-06,Nottinghamshire Police,Nottinghamshire Police,-1.153419,52.970837,On or near HUCKNALL ROAD,E01013941,Nottingham 015C,Investigation complete; no suspect identified
8e1b63fd7643dce35c6c56bb76d700db6ae66b606b1763351e574b7d2f664036,2013-06,Nottinghamshire Police,Nottinghamshire Police,-1.150199,52.955820,On or near Theatre/Concert Hall,E01033409,Nottingham 023H,Investigation complete; no suspect identified
ac324c3b2a2a02bcbce4a0fdc85da677a8bee02df99f4f8ef54081c0f44228e0,2013-06,Nottinghamshire Police,Nottinghamshire Police,-1.154845,52.954199,On or near A6008,E01033400,Nottingham 039B,Investigation complete; no suspect identified
ec65ea1bc41950e802e0fa42259a7164bf116a5a64515807c69367ef34fc7208,2013-06,Nottinghamshire Police,Nottinghamshire Police,-1.150199,52.955820,On or near Theatre/Concert Hall,E01033409,Nottingham 023H,Suspect charged
57d9a8c4e5350395b7e6bce154e88cf3485436fde3a74465d1c7abe2f6e201b4,2013-06,Nottinghamshire Police,Nottinghamshire Police,-1.145710,52.955473,On or near CLARE STREET,E01033409,Nottingham 023H,Investigation complete; no suspect identified
da4ae94756a264df9cd49c67e71b91f13e5567e21c6f62bc5498afa26aa48791,2013-06,Nottinghamshire Police,Nottinghamshire Police,-1.148030,52.957890,On or near Shopping Area,E01033399,Nottingham 023E,Investigation complete; no suspect identified
008ea90eaed86054f0ce5f2bca3bd5a4dc528a68283fa34f9ebc38fabc651b3d,2013-06,Nottinghamshire Police,Nottinghamshire Police,-1.154370,52.975501,On or near BERNARD STREET,E01013972,Nottingham 015E,Investigation complete; no suspect identified
a1babe1480dcd2e5391434ebb5fe633d1fc52449da6fafc0e65d5dcfae33060e,2013-06,Nottinghamshire Police,Nottinghamshire Police,-1.143330,52.955393,On or near Nightclub,E01033405,Nottingham 023G,Investigation complete; no suspect identified
9991741cc3db2070653416734260003e8837868b4858d7cd69ee837a13c3e349,2013-06,Nottinghamshire Police,Nottinghamshire Police,-1.163834,52.969715,On or near GIBSON ROAD,E01013845,Nottingham 017C,Investigation complete; no suspect identified
5392dcc6c5f27ad1476801b39d432c10f839f50008ea3a61f95ce2f45f1e58f0,2013-06,Nottinghamshire Police,Nottinghamshire Police,-1.163773,52.962056,On or near FOREST ROAD WEST,E01013815,Nottingham 022C,Investigation complete; no suspect identified
2050f211f1765b031a1a598cdcdf451f5f4cf5573dd1d17cccd0563667f7548a,2013-06,Nottinghamshire Police,Nottinghamshire Police,-1.160651,52.970286,On or near CEDAR ROAD,E01013844,Nottingham 017B,Investigation complete; no suspect identified
21276ad36397202daa8638dd95db57d37fae2e2ccbc76c76b5b253c12602a461,2013-06,Nottinghamshire Police,Nottinghamshire Police,-1.178692,52.951804,On or near FALCON CLOSE,E01013953,Nottingham 026F,Investigation complete; no suspect identified
0199920cf0db1366748db7f5b3196c1623e5d48182aef213a1ae48156aff8668,2013-06,Nottinghamshire Police,Nottinghamshire Police,-1.155939,52.973714,On or near FERN AVENUE,E01013843,Nottingham 017A,Investigation complete; no suspect identified
37120a87c731475aa42e8b0d48d35801113c828d7d9480bd5eb201a618fd4cd3,2013-06,Nottinghamshire Police,Nottinghamshire Police,-1.150199,52.955820,On or near Theatre/Concert Hall,E01033409,Nottingham 023H,Investigation complete; no suspect identified
913bef6704385537f1c22100531b63b890b2da6103c60c03a3e8aa576e6a2ad9,2013-06,Nottinghamshire Police,Nottinghamshire Police,-1.138949,52.972109,On or near DENMARK GROVE,E01013943,Nottingham 015D,Investigation complete; no suspect identified
cb7388e2a3d7f1ca3942cffcefb75c8d24fdcd23ccfc65917666961ffc32b542,2013-06,Nottinghamshire Police,Nottinghamshire Police,-1.122946,52.973349,On or near LANDMERE GARDENS,E01013936,Nottingham 016A,Investigation complete; no suspect identified
9214f719d37eb0d5f44b2c83837769426700ea6ae50fe27005a7c04cbeefdce8,2013-06,Nottinghamshire Police,Nottinghamshire Police,-1.085165,52.950096,On or near SWAN MEADOW,E01028184,Gedling 015A,Investigation complete; no suspect identified
6983eeb4833e37c66e8791682e46a8ce229bbcdfc21a6bacd72e31deab1a82bd,2013-06,Nottinghamshire Police,Nottinghamshire Police,-1.165640,52.917661,On or near PENHURST CLOSE,E01013902,Nottingham 034D,Investigation complete; no suspect identified
f1f2456628418774e93afd72d8abf0075ab9b2450ccdf2b79ef2f4cd9f36cbe6,2013-06,Nottinghamshire Police,Nottinghamshire Police,-1.135542,52.953323,On or near BOND STREET,E01033405,Nottingham 023G,Investigation complete; no suspect identified
77951d084234740c834f8ab9540f95479cbf881ec4e750c742fd2f089f3df0ef,2013-06,Nottinghamshire Police,Nottinghamshire Police,-1.180458,52.911894,On or near RIVERGREEN,E01013903,Nottingham 035E,Investigation complete; no suspect identified
40e4ca66e4a927905b0289bab111cb92d91f6ab25f196137c9e7cf1860ee9e89,2013-06,Nottinghamshire Police,Nottinghamshire Police,-1.167329,52.933512,On or near CENTURION WAY,E01013870,Nottingham 040A,Investigation complete; no suspect identified
3ada061a73626ff635315f04e6fd7bc7f0020e4aaa4304cbe4ded4140e0dc8c7,2013-06,Nottinghamshire Police,Nottinghamshire Police,-1.119845,52.969110,On or near CHERRYWOOD GARDENS,E01013939,Nottingham 016B,Investigation complete; no suspect identified
492766843077b26abf0f09dde93f2bfac19c92cb853a89675b9cec4a1a6db221,2013-06,Nottinghamshire Police,Nottinghamshire Police,-1.143893,52.960836,On or near PENRHYN CLOSE,E01013958,Nottingham 023C,Investigation complete; no suspect identified
459abdd2a47e405df65e38d8f41021d8f7fff024c03a8b9f92daea2e9ef6f1ee,2013-06,Nottinghamshire Police,Nottinghamshire Police,-1.146198,52.963981,On or near CARDIGAN CLOSE,E01013958,Nottingham 023C,Investigation complete; no suspect identified
0d6a3c4596b557fc742c3d15afeac8cade07c2f92b719e08024f364911dfd165,2013-06,Nottinghamshire Police,Nottinghamshire Police,-1.113168,52.959217,On or near Supermarket,E01013913,Nottingham 024A,Investigation complete; no suspect identified
cccbbfbce95bb066675043e32bce125d472a0b3f7c4cf4f813718dee1d930883,2013-06,Nottinghamshire Police,Nottinghamshire Police,-1.194870,52.980717,On or near NUTHALL ROAD,E01013819,Nottingham 013A,Investigation complete; no suspect identified
de474ed30c410d9bc6e50916ebaac3f3e36fc706cf86075045aba9e2847171db,2013-06,Nottinghamshire Police,Nottinghamshire Police,-1.197845,53.001017,On or near PILKINGTON STREET,E01013885,Nottingham 002E,Investigation complete; no suspect identified
f3bf7a726fd1aafde18e86719d5b1065f190d8779c8e797123a8e9eac128dcba,2013-06,Nottinghamshire Police,Nottinghamshire Police,-1.210279,52.983490,On or near AMESBURY CIRCUS,E01013826,Nottingham 011E,Investigation complete; no suspect identified
4344f2acf4eedc4ea85215e22f95fb894ee2c5871acc235359d376a5e856e4e2,2013-06,Nottinghamshire Police,Nottinghamshire Police,-1.148746,53.003256,On or near HILLINGTON RISE,E01032621,Nottingham 038E,Investigation complete; no suspect identified
b5e1c1d840b935b644589a3a4dcb53508c4d4fc51a206fac9d6459f6b7a0d1c4,2013-06,Nottinghamshire Police,Nottinghamshire Police,-1.173443,53.003826,On or near FLAXTON WAY,E01013893,Nottingham 001C,Investigation complete; no suspect identified
7aa13aa9a8af0ae2f65b9b66c948e31ef2f6cafa09d3811519555f26f39fe8cd,2013-06,Nottinghamshire Police,Nottinghamshire Police,-1.198105,52.984568,On or near Petrol Station,E01013831,Nottingham 009C,Suspect charged
05adaae21c668eefaa62314424e21615ffa141e25f9319531a5af1331068c90e,2013-06,Nottinghamshire Police,Nottinghamshire Police,-1.191836,52.995655,On or near Supermarket,E01013888,Nottingham 004B,Suspect charged
619e2d10fb9358becf849f86b28a8b1ed8b18cb3d7f793ca4c4ab9184ee7abc3,2013-06,Nottinghamshire Police,Nottinghamshire Police,-1.179006,53.003577,On or near Petrol Station,E01013893,Nottingham 001C,Investigation complete; no suspect identified
519b1d5360d60ff3b59c16c7c811ec0a7af5670352664202a2106826a33f7b1b,2013-06,Nottinghamshire Police,Nottinghamshire Police,-1.172947,53.003274,On or near THORNBURY WAY,E01013893,Nottingham 001C,Investigation complete; no suspect identified
88a9f35ebee6f1a027e7ebc6e6217e10acd55e4dfbe71c53684aa9619e68cf88,2013-06,Nottinghamshire Police,Nottinghamshire Police,-1.206664,52.980832,On or near BELLS LANE,E01013826,Nottingham 011E,Investigation complete; no suspect identified
11e3b504d73b138cba7f746b4b7b4dad5f93291f99a99756408e11d664255b0c,2013-06,Nottinghamshire Police,Nottinghamshire Police,-1.190412,52.982566,On or near BROAD WALK,E01013830,Nottingham 009B,Investigation complete; no suspect identified
637697b82ca52d413b78daf0452d7256475711dba7b6b611cb607938df77d561,2013-06,Nottinghamshire Police,Nottinghamshire Police,-1.213002,53.001694,On or near FIR CLOSE,E01013883,Nottingham 005E,Investigation complete; no suspect identified
6aafd187b9071daeb18125074a222d5d898e0eb88bb751e8335f4189b52cd59f,2013-06,Nottinghamshire Police,Nottinghamshire Police,-1.196716,53.001648,On or near Supermarket,E01013885,Nottingham 002E,Investigation complete; no suspect identified
4da88978a0de6e6687f8ea7bc16fe6762a8d295701169026132e4b3d73b69ec0,2013-06,Nottinghamshire Police,Nottinghamshire Police,-1.197845,53.001017,On or near PILKINGTON STREET,E01013885,Nottingham 002E,Investigation complete; no suspect identified
59d9e29242ca9201d2e11aa99adc0abfce05177f5eb834fb5f9b3158d2d7cc03,2013-06,Nottinghamshire Police,Nottinghamshire Police,-1.148837,52.956215,On or near Supermarket,E01033409,Nottingham 023H,Local resolution
d46db0fe0668295da9490ad013e5b4c826aa37393a79ccdaf0e6cf6aa6623167,2013-06,Nottinghamshire Police,Nottinghamshire Police,-1.149477,52.954655,On or near KING STREET,E01033406,Nottingham 039E,Local resolution
55916847cd4f347c6f22617dcb343fa34b1e468b5d7973e41e437fadf9b9d6e5,2013-06,Nottinghamshire Police,Nottinghamshire Police,-1.178812,52.963545,On or near GRIMSTON ROAD,E01013944,Nottingham 026A,Investigation complete; no suspect identified
cc5826df947c966c261e8cc21384f40b82d5180a1045ad6daae432d08feabac0,2013-06,Nottinghamshire Police,Nottinghamshire Police,-1.178939,52.959986,On or near HARTLEY ROAD,E01013947,Nottingham 026D,Investigation complete; no suspect identified
ebd307c9f68c1fd87c73f99db6487e993beae74ff6de869175cb15bbdc623f9d,2013-06,Nottinghamshire Police,Nottinghamshire Police,-1.149045,52.953187,On or near SOUTH PARADE,E01033406,Nottingham 039E,Investigation complete; no suspect identified
fbae434873fdb26cea493d17ec647a82a3b82be51a13bc4d6d936509b1305735,2013-06,Nottinghamshire Police,Nottinghamshire Police,-1.143330,52.955393,On or near Nightclub,E01033405,Nottingham 023G,Investigation complete; no suspect identified
a575604853724051c836a688c9657a7cf4e73b5a15bce62da0542165df761e8c,2013-06,Nottinghamshire Police,Nottinghamshire Police,-1.173258,52.947191,On or near CHILWELL STREET,E01033408,Nottingham 031H,Investigation complete; no suspect identified
ed412f5ae175198eea698f835c824dd414b573a36c2839b8166b625d5d258451,2013-06,Nottinghamshire Police,Nottinghamshire Police,-1.175687,52.950129,On or near GLOUCESTER AVENUE,E01013924,Nottingham 031C,Investigation complete; no suspect identified
3b7eabd1e08c795e5fd8b3a791885e759c8e74f3e2f0ac801da9a65d9afce93c,2013-06,Nottinghamshire Police,Nottinghamshire Police,-1.183525,52.961519,On or near FLEET CLOSE,E01013944,Nottingham 026A,Investigation complete; no suspect identified
cccb3e590486121d2ff9bf0d8739c0b3da4c467599234a91e3d3e1a4a709bf72,2013-06,Nottinghamshire Police,Nottinghamshire Police,-1.174796,52.948487,On or near Supermarket,E01033410,Nottingham 031I,Investigation complete; no suspect identified
ffc61b58119fd2a8a87519e8798cd251e3feb09530b2a6c96fe5dba68a757a13,2013-06,Nottinghamshire Police,Nottinghamshire Police,-1.212900,52.935180,On or near ENDERBY SQUARE,E01013976,Nottingham 032D,Investigation complete; no suspect identified
108f2d9832e4b27f00555bd75ee286867a0e75bad8b946a2b92a28b2e0437d41,2013-06,Nottinghamshire Police,Nottinghamshire Police,-1.213142,52.937411,On or near OLTON AVENUE,E01013976,Nottingham 032D,Investigation complete; no suspect identified
c041b501130e13abb893e92badcf8b8a6f925047667452d98767a7f8e2f3a0ff,2013-06,Nottinghamshire Police,Nottinghamshire Police,-1.178561,52.962653,On or near GLENTWORTH ROAD,E01013944,Nottingham 026A,Investigation complete; no suspect identified
44c81b3f96e042300780903039d4758e9f741fb06f2e1035e8bf32ea95f01276,2013-06,Nottinghamshire Police,Nottinghamshire Police,-1.142623,52.952763,On or near RISTE'S PLACE,E01033406,Nottingham 039E,Investigation complete; no suspect identified
f1fea462c7fca30cf37f1feafb816c0003d5b3643135c3acdc6c68f373c876ec,2013-06,Nottinghamshire Police,Nottinghamshire Police,-1.142980,52.953539,On or near Nightclub,E01033406,Nottingham 039E,Investigation complete; no suspect identified
5cb1b1062535368155de5e9901428170a4a2fe6a83a5f14d2e0128b38e2914b5,2013-06,Nottinghamshire Police,Nottinghamshire Police,-1.226409,52.957707,On or near BOLERO CLOSE,E01013980,Nottingham 030A,Investigation complete; no suspect identified
724ae762f8ad577aee8cc813298d5d45e24288891b0cc2502250c44de40f08c3,2013-06,Nottinghamshire Police,Nottinghamshire Police,-1.177105,52.956198,On or near REDOUBT STREET,E01033396,Nottingham 026H,Investigation complete; no suspect identified
4b48e93b0e3084ca0efb312fcd7e934bc3e947e88c89b157c63b76973a95b2fd,2013-06,Nottinghamshire Police,Nottinghamshire Police,-1.164543,52.976211,On or near GLADYS STREET,E01013840,Nottingham 012D,Investigation complete; no suspect identified
ab9af29f278a6e3e865a0856e7814d8beaa325c126554ff6fa37d99d9fbab200,2013-06,Nottinghamshire Police,Nottinghamshire Police,-1.171611,52.962515,On or near COPE STREET,E01013812,Nottingham 018C,Suspect charged
ab27b2c29e8fdb1fa40a92adc81f2da22517b6f4dcc7ba165a0df1cb800701c5,2013-06,Nottinghamshire Police,Nottinghamshire Police,-1.210644,52.934851,On or near BOSLEY SQUARE,E01013973,Nottingham 032A,Investigation complete; no suspect identified
533bb5e25b2d03c1931c1c6e819903fef039664e278a04a06926a15e85fd5137,2013-06,Nottinghamshire Police,Nottinghamshire Police,-1.152891,52.952864,On or near Nightclub,E01033400,Nottingham 039B,Investigation complete; no suspect identified
3ffbd0362c95642420368c0a8dd54dfd8654be653cfe7e3ecd153024d1459292,2013-06,Nottinghamshire Police,Nottinghamshire Police,-1.177720,52.961470,On or near Parking Area,E01013944,Nottingham 026A,Investigation complete; no suspect identified
73e1fb8c639771260e6dd9c2685a272e55721bea1fb63e2f27ab9f073d171f2d,2013-06,Nottinghamshire Police,Nottinghamshire Police,-1.126449,53.301905,On or near HILL STREET,E01028062,Bassetlaw 013C,Investigation complete; no suspect identified
21ece7b70e47d89af1efe4acdacf9a98972ffeeaede0804442edf2f10292fc19,2013-06,Nottinghamshire Police,Nottinghamshire Police,-1.133111,53.327123,On or near ROMAN ROAD,E01028047,Bassetlaw 006B,Investigation complete; no suspect identified
f01aa15027c2fa8787ab713366e3ca824f17ccee0ad510d3f809ee2aac2af3d6,2013-06,Nottinghamshire Police,Nottinghamshire Police,-1.133104,53.332651,On or near BROOM CLOSE,E01028047,Bassetlaw 006B,Investigation complete; no suspect identified
626666ccdd0bcbcb27cd3fb8b3462092b9823c3b915eeed4769b5d1b272f2343,2013-06,Nottinghamshire Police,Nottinghamshire Police,-1.134720,53.332204,On or near ROSEWOOD CLOSE,E01028047,Bassetlaw 006B,Investigation complete; no suspect identified
ee7ff53e4456db596271658d30e0ea390f380c29b47a9fa852c25d8d6c295d91,2013-06,Nottinghamshire Police,Nottinghamshire Police,-1.124905,53.307719,On or near PORTLAND STREET,E01028057,Bassetlaw 012A,Investigation complete; no suspect identified
da3f3a54726be75297515fd1fc8528ce128b1616ed666f629d1e38caac0d82b4,2013-06,Nottinghamshire Police,Nottinghamshire Police,-1.129665,53.303169,On or near BROOK TERRACE,E01028062,Bassetlaw 013C,Suspect charged
579bfc0dcd7b8a75e45ed68dee451dea5916f5f99ee3c929d5c404dd69b09883,2013-06,Nottinghamshire Police,Nottinghamshire Police,-1.104236,53.301408,On or near HARDWICK CRESCENT,E01028066,Bassetlaw 012C,Suspect charged
b5d799b38f0b5f4ddaa12ae5012afc958ab1f7b5b79a6e45c65c47e6e2a3e913,2013-06,Nottinghamshire Police,Nottinghamshire Police,-1.142413,53.302003,On or near MEADOW ROAD,E01028063,Bassetlaw 014D,Investigation complete; no suspect identified
938b47a16e02612147ff8fe7e5ba694f53a50d25142a5b0b490f16f4de06e208,2013-06,Nottinghamshire Police,Nottinghamshire Police,-1.121775,53.302266,On or near POTTER STREET,E01028062,Bassetlaw 013C,Investigation complete; no suspect identified
129f75e6e2e6f91b98c25128ed5c4647f42b95f68621eda110239923d75700cd,2013-06,Nottinghamshire Police,Nottinghamshire Police,-0.808195,53.059222,On or near LILAC CLOSE,E01028320,Newark and Sherwood 010E,Investigation complete; no suspect identified
2fda48b245bf0c687e7b497b9f40fe1080ccfa56343c203d6a81afe1962db0b3,2013-06,Nottinghamshire Police,Nottinghamshire Police,-0.808784,53.078439,On or near Supermarket,E01028310,Newark and Sherwood 007F,Investigation complete; no suspect identified
3211bdbbbee44da767b67c05dce172b65ecae8cc0f09371a3032cb162feb5a88,2013-06,Nottinghamshire Police,Nottinghamshire Police,-0.812944,53.074840,On or near Bus/Coach Station,E01028311,Newark and Sherwood 007G,Investigation complete; no suspect identified
1ccd1373667aa59b7d5cdbfbeb2f96a88b7262a31e1b6d80f095cec4c13a48d6,2013-06,Nottinghamshire Police,Nottinghamshire Police,-0.811802,53.075107,On or near LOMBARD STREET,E01028311,Newark and Sherwood 007G,Investigation complete; no suspect identified
e4a03f35aefa3b0ef827577fe79241ee7866d5479d822b3707ab7ad38c2f3562,2013-06,Nottinghamshire Police,Nottinghamshire Police,-0.795525,53.091376,On or near WINTHORPE ROAD,E01028306,Newark and Sherwood 007D,Suspect charged as part of another case
24d02e0e1fb44b08d44943b4c6220b682ff460345b2d175e9de5aa918597617b,2013-06,Nottinghamshire Police,Nottinghamshire Police,-1.112708,53.302451,On or near CHEAPSIDE,E01028068,Bassetlaw 012D,Investigation complete; no suspect identified
e5efe92ace8697b61834b828487eed97e7ff797bf1750cd11de17b259e14daaa,2013-06,Nottinghamshire Police,Nottinghamshire Police,-1.155441,53.312532,On or near CECIL CLOSE,E01028056,Bassetlaw 009B,Investigation complete; no suspect identified
edfba9ff6885713b326129404bfeabf894bea80a25acec26227ab41d666f5079,2013-06,Nottinghamshire Police,Nottinghamshire Police,-0.947068,53.308655,On or near ALL HALLOWS CLOSE,E01028019,Bassetlaw 010C,Investigation complete; no suspect identified
fddba6b058e2345b4b68a41a12cf02217956138a3f080d6734b6315efcd60636,2013-06,Nottinghamshire Police,Nottinghamshire Police,-1.060669,53.416473,On or near Parking Area,E01028027,Bassetlaw 001E,Investigation complete; no suspect identified
16346f7041c8d90db8dd2757e4949bb20487125d75fcc01ad4672f34a4694d22,2013-06,Nottinghamshire Police,Nottinghamshire Police,-0.975716,53.356439,On or near CORNER FARM CLOSE,E01028036,Bassetlaw 003C,Investigation complete; no suspect identified
cb3199c644b23f1576f4bce42ba42c9708a83e83a868edacefe0926d78677122,2013-06,Nottinghamshire Police,Nottinghamshire Police,-0.955358,53.249381,On or near Sports/Recreation Area,E01028006,Bassetlaw 015A,Investigation complete; no suspect identified
12f9c61246242f5648b570327ac99d12cbf5c520e89f4ef068834f86bb9d3864,2013-06,Nottinghamshire Police,Nottinghamshire Police,-0.883345,53.219352,On or near Parking Area,E01028312,Newark and Sherwood 003B,Investigation complete; no suspect identified
a5558d08719f06e64ccbf40d4b5a05647a3b13816bcb71d1cc55aef38c1e1c8a,2013-06,Nottinghamshire Police,Nottinghamshire Police,-0.944032,53.322813,On or near Nightclub,E01028020,Bassetlaw 010D,Offender given a caution
b7e285b46190d8ae89e285167391aad71887acd6f997145dce2498e9e3f48484,2013-06,Nottinghamshire Police,Nottinghamshire Police,-0.942556,53.323007,On or near MARKET PLACE,E01028020,Bassetlaw 010D,Investigation complete; no suspect identified
78d1cca57d2a35330ca4c2b8d59a82180c593916694ce907665b6ec9342b66a8,2013-06,Nottinghamshire Police,Nottinghamshire Police,-1.052952,53.419783,On or near SWINNOW ROAD,E01028027,Bassetlaw 001E,Investigation complete; no suspect identified
810db32314558ee69bdd04258af0f9d246f6c47c1949108351ae0e52c749101c,2013-06,Nottinghamshire Police,Nottinghamshire Police,-1.048451,53.419208,On or near NORFOLK ROAD,E01028025,Bassetlaw 001C,Investigation complete; no suspect identified
48efe8a1450ffc255082dc1696fedb4e051bece288db3c8eb0cb3e57349dc118,2013-06,Nottinghamshire Police,Nottinghamshire Police,-1.048451,53.419208,On or near NORFOLK ROAD,E01028025,Bassetlaw 001C,Investigation complete; no suspect identified
f686fb70ad8cb509394d982a331355ea53954e34ba393fadc9487095ea388f6e,2013-06,Nottinghamshire Police,Nottinghamshire Police,-1.202823,53.149725,On or near Parking Area,E01028284,Mansfield 008F,Local resolution
8f9d1278716844b8d56411469af6ecd9f84cd0a8c9d36a0d7172d330f60c9959,2013-06,Nottinghamshire Police,Nottinghamshire Police,-1.159753,53.152332,On or near THIRD AVENUE,E01028239,Mansfield 007C,Investigation complete; no suspect identified
a420489f95efbc0660d5f73fb969666c88ec705b1642ef31d9ad4a13a52446a1,2013-06,Nottinghamshire Police,Nottinghamshire Police,-1.205540,53.145895,On or near CORPORATION STREET,E01028247,Mansfield 008C,Investigation complete; no suspect identified
497fc937e04217ddf61ce155d0fa7bd7a13f742393b6c85f38f0fcfe807f3909,2013-06,Nottinghamshire Police,Nottinghamshire Police,-1.204092,53.144178,On or near GOLDSMITH STREET,E01028247,Mansfield 008C,Investigation complete; no suspect identified
2bd9c855c76fd96172c1e920235ff0add36bfb024c767ffd0714dbf355adb923,2013-06,Nottinghamshire Police,Nottinghamshire Police,-1.244731,53.171248,On or near HIGH STREET,E01033392,Mansfield 006G,Investigation complete; no suspect identified
c8b3a94e1fe16acdba8aaf04aa47f6844600848fc2064e7ac6a169b2e7d90617,2013-06,Nottinghamshire Police,Nottinghamshire Police,-1.219494,53.144828,On or near LEVERTON ROAD,E01028231,Mansfield 010B,Investigation complete; no suspect identified
c4330fd587d205b517f6171e29c616861e307e821fb8bfd465ebb522e8eac085,2013-06,Nottinghamshire Police,Nottinghamshire Police,-1.193354,53.171469,On or near AUDREY CRESCENT,E01028278,Mansfield 003E,Offender given a caution
7864219f166272ecfb8a2fd35c2cf02df654b4a067584eb5e6148d4d069f7971,2013-06,Nottinghamshire Police,Nottinghamshire Police,-1.199015,53.144638,On or near Shopping Area,E01028284,Mansfield 008F,Suspect charged
7864219f166272ecfb8a2fd35c2cf02df654b4a067584eb5e6148d4d069f7971,2013-06,Nottinghamshire Police,Nottinghamshire Police,-1.199015,53.144638,On or near Shopping Area,E01028284,Mansfield 008F,Suspect charged
872005cf4d3b96f2a38958f62ddb0b73e56bc378b137aef665abe64f155b0153,2013-06,Nottinghamshire Police,Nottinghamshire Police,-1.158440,53.137661,On or near LINGFOREST COURT,E01028262,Mansfield 011C,Investigation complete; no suspect identified
f841eed7d47301d424901226a7f5bf4b4a4859afec1f75e240f0a841829761ed,2013-06,Nottinghamshire Police,Nottinghamshire Police,-1.195530,53.145505,On or near CLERKSON'S ALLEY,E01028284,Mansfield 008F,Investigation complete; no suspect identified
892a1e400c86d62b0d6d049988b7779da5d6634e5680033c701048859d91b580,2013-06,Nottinghamshire Police,Nottinghamshire Police,-1.161628,53.124416,On or near THORPE ROAD,E01028256,Mansfield 012B,Investigation complete; no suspect identified
ff251d40dccce352e5f1a3f3d1f94e2c8dee7c9b43c70773f9c71928b6d3fa02,2013-06,Nottinghamshire Police,Nottinghamshire Police,-1.199465,53.141315,On or near PORTLAND STREET,E01028268,Mansfield 008D,Investigation complete; no suspect identified
ed5dc5a06cba3043088fe217fddde7bcfc8d24408956066d742b283fc4e15f3c,2013-06,Nottinghamshire Police,Nottinghamshire Police,-1.230371,53.024685,On or near FARM AVENUE,E01027941,Ashfield 016D,Investigation complete; no suspect identified
26dea61b490aeca360384ace7e1a565a55e6416b2b5c5dc6f163b0fb6a9c8da9,2013-06,Nottinghamshire Police,Nottinghamshire Police,-1.261021,53.119914,On or near THE TWITCHELL,E01027976,Ashfield 005E,Suspect charged
3e6a297ad805f5df323e75d6bcc30d1a31687aa06b4186e4936841cdf98405f5,2013-06,Nottinghamshire Police,Nottinghamshire Police,-1.258288,53.125057,On or near PORTLAND CLOSE,E01027978,Ashfield 004D,Local resolution
10d03e6d2b32f046983144af5e8332e8922cf85315c3c2c5809cfefe4ec79263,2013-06,Nottinghamshire Police,Nottinghamshire Police,-1.121531,52.983641,On or near Parking Area,E01028194,Gedling 010B,Suspect charged
cfb26762b3d9a6c677341d02de708bc941218fb29ecf4e89acfa9a26a78c2f8c,2013-06,Nottinghamshire Police,Nottinghamshire Police,-1.144690,52.939267,On or near MUNDELLA ROAD,E01013873,Nottingham 040D,Local resolution
bf8710d8e192e11eb34bef358a62d43668fe92276a07516527c3f1ffa8d03c53,2013-06,Nottinghamshire Police,Nottinghamshire Police,-1.141623,52.943146,On or near EUGENE GARDENS,E01033400,Nottingham 039B,Offender given a caution
7cc1e89e43c5bc5f70f1e28a810ffb632bcefb4e60f19cee19891ce952f2912c,2013-06,Nottinghamshire Police,Nottinghamshire Police,-1.200325,52.980475,On or near PAIGNTON CLOSE,E01013820,Nottingham 013B,Offender given a caution
63df6587e3bd7d92d02d403934c59e13912fcf4edac6970740d9277a6654124a,2013-06,Nottinghamshire Police,Nottinghamshire Police,-1.223712,52.972854,On or near YATESBURY CRESCENT,E01013867,Nottingham 014D,Suspect charged
12804a86f762e3e1cc801c1beda5a17457d83b76722416ff00a327148bba6675,2013-06,Nottinghamshire Police,Nottinghamshire Police,-1.223712,52.972854,On or near YATESBURY CRESCENT,E01013867,Nottingham 014D,Suspect charged
7694d5ca99623b5da183840dc78aba859649ec16972f2c6ce05b24eaf68f43dc,2013-06,Nottinghamshire Police,Nottinghamshire Police,-1.211578,52.984164,On or near ELTHAM DRIVE,E01013826,Nottingham 011E,Suspect charged
601c29e72a46c7b2931c471eb35a59d90355e695dcd2198ba690e4d690045b37,2013-06,Nottinghamshire Police,Nottinghamshire Police,-1.165768,52.984508,On or near NEWFIELD ROAD,E01013838,Nottingham 012B,Suspect charged
ec8926680f9c63232c21b1c16e62ea9afc6eebfecba54bcd894e3012c086eb6b,2013-06,Nottinghamshire Police,Nottinghamshire Police,-1.193937,53.003616,On or near JENNISON STREET,E01013885,Nottingham 002E,Suspect charged
9521b697ae7e7fbe8b788e7c52b825c6d42140942a5ebfdb2d32314bbb3869a6,2013-06,Nottinghamshire Police,Nottinghamshire Police,-1.148075,52.952542,On or near ST PETER'S GATE,E01033400,Nottingham 039B,Offender given a drugs possession warning
18fe6d50baa290b4f4601d1653dabd52282d2c89b9091f4ecfbb4306ef308e12,2013-06,Nottinghamshire Police,Nottinghamshire Police,-1.157054,52.982990,On or near HILL CREST GROVE,E01013967,Nottingham 007E,Local resolution
7b0b2a0b17b17e25e1f3eeb4c91e5878ab9cf1cba190e3e6ed3aca0eb3e3084b,2013-06,Nottinghamshire Police,Nottinghamshire Police,-1.145741,52.959195,On or near GREAT FREEMAN STREET,E01013961,Nottingham 023D,Local resolution
1210186ff0b459226189b20ec765ce063d95b6016c1a1711341fe1116812a3a3,2013-06,Nottinghamshire Police,Nottinghamshire Police,-1.143209,52.983367,On or near MANSFIELD STREET,E01013969,Nottingham 010C,Suspect charged
5240bc92ec2d2ea7c32f97ea11528ea18ba055d60a07780b34cc9bc24c0340b0,2013-06,Nottinghamshire Police,Nottinghamshire Police,-1.147153,52.956293,On or near Supermarket,E01033409,Nottingham 023H,Suspect charged
d8ccef6ee7eb15c3743e61fe726bcd6af1cbd30069c4f30bdb948041b4dfa4e9,2013-06,Nottinghamshire Police,Nottinghamshire Police,-1.150199,52.955820,On or near Theatre/Concert Hall,E01033409,Nottingham 023H,Suspect charged
412433a7a421fc1534b1b9fcde0de4da159372b17bf5bc52d85e8f8a48c99cca,2013-06,Nottinghamshire Police,Nottinghamshire Police,-1.149477,52.954655,On or near KING STREET,E01033406,Nottingham 039E,Offender given a caution
4bb1a1c5d6be7c7ca0605552a233c6a235328adf62be0c33c73eadfba1af00f9,2013-06,Nottinghamshire Police,Nottinghamshire Police,-1.147153,52.956293,On or near Supermarket,E01033409,Nottingham 023H,Suspect charged
6396db031166db995bc741d9020a19c76e7008f484709533874c5f517239949d,2013-06,Nottinghamshire Police,Nottinghamshire Police,-1.111143,53.301945,On or near TENBY GROVE,E01028068,Bassetlaw 012D,Suspect charged
b6e08bea58d7b45147842d9cd6f93fcf4f897e890a311ed139097dce0b2cf229,2013-06,Nottinghamshire Police,Nottinghamshire Police,-0.786267,53.061626,On or near SMITH STREET,E01028285,Newark and Sherwood 011A,Offender given a caution
920c8a19e4eef6ed7573d38d6c9d3b3c17ff78f5764c8d207cc892c1953398f8,2013-06,Nottinghamshire Police,Nottinghamshire Police,-1.200395,53.144378,On or near Parking Area,E01028284,Mansfield 008F,Offender given penalty notice
216c55cfe146d74f88d19b588ae40cfa704591fd30dcec7d53aa497f5bb50a6f,2013-06,Nottinghamshire Police,Nottinghamshire Police,-1.181951,53.144873,On or near HEYWARD STREET,E01028276,Mansfield 009E,Local resolution
7d284c9c0691fcd7e45c03ca81ab92a5651c3a653c1e63abf7c17dd760bf13fe,2013-06,Nottinghamshire Police,Nottinghamshire Police,-1.261992,53.101618,On or near COOKSON STREET,E01027955,Ashfield 008B,Suspect charged
d0470b3cd01f24ab30b246f115b3801f240bae0c8b66b5339cd0c0c648489d71,2013-06,Nottinghamshire Police,Nottinghamshire Police,-1.261435,53.101012,On or near GLADSTONE TERRACE,E01027955,Ashfield 008B,Suspect charged
6023c96def12256d8da17f52ad3819455e98d95da4939959a25dcd134563335a,2013-06,Nottinghamshire Police,Nottinghamshire Police,-1.252122,53.099714,On or near LANE END,E01027948,Ashfield 009B,Offender given a drugs possession warning
c597f5d9ef76f9dbc26ae153cd0917c81bc2fe6ae52bb097c01b5aa5bf4edf87,2013-06,Nottinghamshire Police,Nottinghamshire Police,-1.254804,53.130384,On or near BEIGHTON STREET,E01027967,Ashfield 004A,Suspect charged
dd218753904624ed0d0e1163d8d5dd6a3fd091c8c343cf847052a2f8dd8772f7,2013-06,Nottinghamshire Police,Nottinghamshire Police,-1.134621,52.937549,On or near LONDON ROAD,E01028416,Rushcliffe 005D,Investigation complete; no suspect identified
f1dd69945297c8097b856700d640633dfe2afc09e4b0bb6dea8d787646c498fe,2013-06,Nottinghamshire Police,Nottinghamshire Police,-1.147291,52.910663,On or near EUROPA WAY,E01028391,Rushcliffe 007D,Investigation complete; no suspect identified
db7a274a6aa54c9158e525beb64394ef93c375c0d2919f6427629f5f1aaa1d60,2013-06,Nottinghamshire Police,Nottinghamshire Police,-1.108397,52.917578,On or near SPINNEY CLOSE,E01028374,Rushcliffe 008C,Investigation complete; no suspect identified
ba9165b6c4c600892195e14163009077da8374a9fc2cccd2149e7d0ffd48224d,2013-06,Nottinghamshire Police,Nottinghamshire Police,-1.111299,52.921124,On or near Supermarket,E01028374,Rushcliffe 008C,Investigation complete; no suspect identified
b46b737c0df59100201224782396a285571d32ee3c37f431f73a9bec2f884358,2013-06,Nottinghamshire Police,Nottinghamshire Police,-1.142087,52.921188,On or near UPPINGHAM CRESCENT,E01028392,Rushcliffe 007E,Investigation complete; no suspect identified
036430c926e860912812895a0e045d38329bc2c915c0f5611f606b95962ee585,2013-06,Nottinghamshire Police,Nottinghamshire Police,-1.106462,52.937880,On or near REGATTA WAY,E01028375,Rushcliffe 006B,Investigation complete; no suspect identified
2a7e03b2a82ac9cbbf6091d556e221441bc95d579fba3413469d7c15f2bdad7f,2013-06,Nottinghamshire Police,Nottinghamshire Police,-1.090333,52.871144,On or near Supermarket,E01028383,Rushcliffe 013D,Investigation complete; no suspect identified
53b51ea90ccec6476d5ca56916d4882b2f91cb46a2f88454e996081a1e8b92fc,2013-06,Nottinghamshire Police,Nottinghamshire Police,-1.034840,52.952243,On or near CLIFF CRESCENT,E01028415,Rushcliffe 003F,Investigation complete; no suspect identified
e4c2bb1bafc666eca4cadefb91d0f3a7db99bc48f913d2ad4f22684ef363a246,2013-06,Nottinghamshire Police,Nottinghamshire Police,-1.302167,53.017703,On or near KING STREET,E01028112,Broxtowe 002C,Investigation complete; no suspect identified
894801f524e16f5c7254802ebb29e8e33f269aac645312bdfb33ebc1366b13d8,2013-06,Nottinghamshire Police,Nottinghamshire Police,-1.254158,53.000898,On or near CLOVERLANDS DRIVE,E01028103,Broxtowe 004B,Investigation complete; no suspect identified
818443725bf81363d6309944478afad5665151a3ef823602fc3c2da0ffbba7ad,2013-06,Nottinghamshire Police,Nottinghamshire Police,-1.280369,52.998237,On or near GIN CLOSE WAY,E01028115,Broxtowe 003B,Investigation complete; no suspect identified
8c06dabb72eec358f0bcc938ca3a418a92232edd9038ff5babf9edf9ed4f78e7,2013-06,Nottinghamshire Police,Nottinghamshire Police,-1.255813,52.998266,On or near Parking Area,E01028102,Broxtowe 004A,Local resolution
0917e8f253f9483e42140fb61f6a9db7d8074b6756aba5f85672712d41146d61,2013-06,Nottinghamshire Police,Nottinghamshire Police,-1.069428,52.962820,On or near GREAT NORTHERN WAY,E01028187,Gedling 015D,Offender given a caution
31d17beabc5a4cbb2666bbaefde4802df1f4edf8c706e1e7a3c9eee7e2ee9c91,2013-06,Nottinghamshire Police,Nottinghamshire Police,-1.114894,52.984077,On or near WESTDALE LANE WEST,E01028193,Gedling 010A,Investigation complete; no suspect identified
44b47f053779b59aa1bcb80d4f177cc3a15ec089921b2b8c5d004d41315d8739,2013-06,Nottinghamshire Police,Nottinghamshire Police,-1.072764,52.964132,On or near DUNSTAN STREET,E01028185,Gedling 015B,Investigation complete; no suspect identified
f598eecfb071a2ea0aa539f8015c5b9ec0cff34e08ca693d14ad99acfc3cb75f,2013-06,Nottinghamshire Police,Nottinghamshire Police,-1.275868,52.929638,On or near CYRIL AVENUE,E01028134,Broxtowe 008D,Investigation complete; no suspect identified
0867936f1f22ccabfe73d59d856384c30dd5df630cf3efbb28f9c135ee98bb84,2013-06,Nottinghamshire Police,Nottinghamshire Police,-1.240259,52.921712,On or near ORCHARD CRESCENT,E01028100,Broxtowe 013D,Investigation complete; no suspect identified
d0400155b2a14649a7872d8bbea9dffcca0d580516e3fb7f2576535615e24f24,2013-06,Nottinghamshire Police,Nottinghamshire Police,-1.207050,52.924722,On or near QUEENS ROAD,E01028083,Broxtowe 012D,Investigation complete; no suspect identified
bb6e53db22ae354103bb47e7067a7d97673ff4e7bf2f3942401cd8003340090c,2013-06,Nottinghamshire Police,Nottinghamshire Police,-1.211057,52.929343,On or near HIGH ROAD,E01028079,Broxtowe 009D,Investigation complete; no suspect identified
672ed3127796b18c07c7d2cfd5f2f9b855c8f9f360a20cdb2dc1924a6fd1de80,2013-06,Nottinghamshire Police,Nottinghamshire Police,-1.279608,52.957969,On or near ELLESMERE DRIVE,E01033412,Broxtowe 016F,Investigation complete; no suspect identified
795b18c02fcc8d680f056b39c789475b8756f058936442711033faf87cf98060,2013-06,Nottinghamshire Police,Nottinghamshire Police,-1.214546,52.925581,On or near Parking Area,E01028085,Broxtowe 011D,Offender given a caution
139bb416c90e0b8d4907eb899e3724500819e42df5907d84849d9edf880d618e,2013-06,Nottinghamshire Police,Nottinghamshire Police,-1.265647,52.941154,On or near Pedestrian Subway,E01028125,Broxtowe 008A,Investigation complete; no suspect identified
7a9bd72bc09eca1f54c860204daa6b37ae07cf78d5555e49c67ae6ce13fcd095,2013-06,Nottinghamshire Police,Nottinghamshire Police,-1.210769,52.930456,On or near CEDAR AVENUE,E01028079,Broxtowe 009D,Investigation complete; no suspect identified
da658ef83a89045616a48dfa5e2936f67412795f94046fdd701f1d227681069e,2013-06,Nottinghamshire Police,Nottinghamshire Police,-1.216819,52.927403,On or near WILKINSON AVENUE,E01028085,Broxtowe 011D,Investigation complete; no suspect identified
a09cc0d5ec795cbca33678a8693b2b75090cef6aad9c2457193e164270a5495e,2013-06,Nottinghamshire Police,Nottinghamshire Police,-1.271024,52.941727,On or near THE CRESCENT,E01028127,Broxtowe 008C,Investigation complete; no suspect identified
eb6413bc3d7d7442d15541fa7a76fff81cea40e7a8b45ee684ad15ef760c95ad,2013-06,Nottinghamshire Police,Nottinghamshire Police,-1.171444,53.024173,On or near Sports/Recreation Area,E01028142,Gedling 016A,Investigation complete; no suspect identified
a8e7e970b94aedb3227a171c92512d3e9e441932b896031b921283941cf1166c,2013-06,Nottinghamshire Police,Nottinghamshire Police,-1.127606,53.004442,On or near Supermarket,E01028209,Gedling 005D,Investigation complete; no suspect identified
7580e1178a6ab29c5466c34ca909c6d646491943dbf66324fe6de0b359cd9310,2013-06,Nottinghamshire Police,Nottinghamshire Police,-1.139994,52.992244,On or near VALLEY ROAD,E01028217,Gedling 009F,Investigation complete; no suspect identified
b64fbfc6350086df1f43b891ba8e7f3cb67ecc52353468bf6be45b94b89202f6,2013-06,Nottinghamshire Police,Nottinghamshire Police,-1.134658,53.006516,On or near GOODWOOD AVENUE,E01028143,Gedling 004A,Investigation complete; no suspect identified
afe0720928f762c3393d4439396007626fe5bfd3fe6d94428ae187f7b5cec61d,2013-06,Nottinghamshire Police,Nottinghamshire Police,-1.139328,53.003296,On or near OXCLOSE LANE,E01028166,Gedling 006C,Investigation complete; no suspect identified
78dcc7245c823a3a3ba644fcf10ad59e3153d537c68fc719b8efcd2ee104e49e,2013-06,Nottinghamshire Police,Nottinghamshire Police,-1.159434,52.922463,On or near FAIRFIELD CLOSE,E01013902,Nottingham 034D,Suspect charged
273a07c4c3672042cf285512388897976aed25f865b2f3a2e28e8c6eacf50c65,2013-06,Nottinghamshire Police,Nottinghamshire Police,-1.222337,52.978068,On or near WESTLEIGH ROAD,E01013818,Nottingham 011B,Investigation complete; no suspect identified
8d43a1960033c3c7143e6bf363fb81fbbd582ada063963febaca38d6c064147f,2013-06,Nottinghamshire Police,Nottinghamshire Police,-1.222337,52.978068,On or near WESTLEIGH ROAD,E01013818,Nottingham 011B,Investigation complete; no suspect identified
c31275f3f7b10db05910e9fa52d61bee97fc310cdfe526f221cae98aad0504e5,2013-06,Nottinghamshire Police,Nottinghamshire Police,-1.188662,52.967838,On or near TRAFFORD GARDENS,E01013931,Nottingham 019B,Investigation complete; no suspect identified
8b6aca10719fecccdc5d4656ce7b5ae09996d7aa1a1cb3955ebe9597c314fa45,2013-06,Nottinghamshire Police,Nottinghamshire Police,-1.206037,52.995526,On or near WILLOW HILL CLOSE,E01013878,Nottingham 005D,Suspect charged
58455e57a6c5a64bc12316039c0afb93545da74f4c848487114720e5c7718efe,2013-06,Nottinghamshire Police,Nottinghamshire Police,-1.186736,52.955410,On or near WOLLATON ROAD,E01013974,Nottingham 032B,Investigation complete; no suspect identified
89b764378c95cf074dc376d85e002cca82d2477fad15490105d31c7f6eabc233,2013-06,Nottinghamshire Police,Nottinghamshire Police,-1.176917,52.991175,On or near VENUS CLOSE,E01013835,Nottingham 008D,Investigation complete; no suspect identified
7816d29d4ff0c1af41ed8114d911c1e11d671328b07d72db0787a1a58f966c2d,2013-06,Nottinghamshire Police,Nottinghamshire Police,-1.176917,52.991175,On or near VENUS CLOSE,E01013835,Nottingham 008D,Investigation complete; no suspect identified
8be0d1116307bae09342d9948c6a3fca38ce316bd1735a2d5751d3b2c8fe1b79,2013-06,Nottinghamshire Police,Nottinghamshire Police,-1.176917,52.991175,On or near VENUS CLOSE,E01013835,Nottingham 008D,Investigation complete; no suspect identified
1f458f3bbed574e83f0ca5d9d96570ad8744956cea5eb495ab04143ad09f5458,2013-06,Nottinghamshire Police,Nottinghamshire Police,-1.176917,52.991175,On or near VENUS CLOSE,E01013835,Nottingham 008D,Investigation complete; no suspect identified
d338c292a285a5ba58ebac8a15adce35dce9aaafcd8a6f8607127483c3d8d441,2013-06,Nottinghamshire Police,Nottinghamshire Police,-1.176917,52.991175,On or near VENUS CLOSE,E01013835,Nottingham 008D,Investigation complete; no suspect identified
9ec14b04873b66be0ae7ed4a2ba4ab34c77a703cd4f04999110326a2caae82de,2013-06,Nottinghamshire Police,Nottinghamshire Police,-1.200429,52.973275,On or near AMERSHAM RISE,E01013823,Nottingham 013D,Investigation complete; no suspect identified
34edee03d444984bcd13393b2a9673eb89227e1ad782b83f5af76c52052b849f,2013-06,Nottinghamshire Police,Nottinghamshire Police,-1.202704,53.002551,On or near MERSEY STREET,E01013885,Nottingham 002E,Investigation complete; no suspect identified
e4604089ca5a75867d758619b564fe679fea363bb6aa45689cfee43550c34100,2013-06,Nottinghamshire Police,Nottinghamshire Police,-1.160804,52.969308,On or near FOXHALL ROAD,E01013847,Nottingham 017D,Investigation complete; no suspect identified
764acfd87fdbf45d44183316395da55627fb4663ef022ac5d20874e436c94522,2013-06,Nottinghamshire Police,Nottinghamshire Police,-1.148358,52.951797,On or near Shopping Area,E01033400,Nottingham 039B,Investigation complete; no suspect identified
89deae13e5c71b22a59fd357024af34e7c6539221e2d7f4f0c4d28eb483bb447,2013-06,Nottinghamshire Police,Nottinghamshire Police,-1.230049,52.955609,On or near Petrol Station,E01013980,Nottingham 030A,Investigation complete; no suspect identified
34f4dad2a9140720c9f698eac8fae1006bf74f7747e358f68e975d512968d258,2013-06,Nottinghamshire Police,Nottinghamshire Police,-1.169897,52.954808,On or near ALBERT GROVE,E01033404,Nottingham 028G,Investigation complete; no suspect identified
b67afe9939cce028ad68979c3ff47913826476c0b93681fd6c6b718383ba306f,2013-06,Nottinghamshire Police,Nottinghamshire Police,-1.148358,52.951797,On or near Shopping Area,E01033400,Nottingham 039B,Investigation complete; no suspect identified
72cdf56fd028f429c7982d295f7bb2f2cc8df387939796fd5d187b8983b4d917,2013-06,Nottinghamshire Police,Nottinghamshire Police,-1.169203,52.956835,On or near RONALD STREET,E01033404,Nottingham 028G,Investigation complete; no suspect identified
ad3c2ffba63d722a46cbe9c75274e8da7caadc8ff0f9b45d7fccb1aa307faa98,2013-06,Nottinghamshire Police,Nottinghamshire Police,-1.156961,52.976292,On or near CAXTON ROAD,E01013840,Nottingham 012D,Investigation complete; no suspect identified
54e0c140a63460e0e10bc6cb590dd6fb04c058d13dee327fe883fb5b55bb4b28,2013-06,Nottinghamshire Police,Nottinghamshire Police,-1.150053,52.948097,On or near CANAL STREET,E01033400,Nottingham 039B,Suspect charged
147b856d47156b50811694ce4782aacd319fc879eda0d9b9e6707c7551603714,2013-06,Nottinghamshire Police,Nottinghamshire Police,-1.149881,52.950775,On or near STANFORD STREET,E01033400,Nottingham 039B,Suspect charged
91ddf0b408cf37eeb59d30a7e343308daf4119c494eaf61b9eba101e3cea5a19,2013-06,Nottinghamshire Police,Nottinghamshire Police,-1.166204,52.962639,On or near HARDY STREET,E01013814,Nottingham 022B,Investigation complete; no suspect identified
c6aad171d7c1c23d19ad8bcb47ddbd101e927c3a211508c906937ca204c4afa2,2013-06,Nottinghamshire Police,Nottinghamshire Police,-1.141472,52.954535,On or near LENNOX STREET,E01033407,Nottingham 039F,Investigation complete; no suspect identified
3a4628b891046311d43f815a3b8da1e8d96d35b625cf9f9e1d9789575c99326f,2013-06,Nottinghamshire Police,Nottinghamshire Police,-1.154263,52.963454,On or near TUDOR GROVE,E01013815,Nottingham 022C,Investigation complete; no suspect identified
017cd501d20be46b03a48e44bb23e1905aaa086fdd4645c37721733a7113436c,2013-06,Nottinghamshire Police,Nottinghamshire Police,-1.181484,52.965514,On or near BOBBERS MILL BRIDGE,E01013930,Nottingham 019A,Investigation complete; no suspect identified
47eb3dddcb822bf12709f50acca74c45915ebf9dbde951dfc9df007e6a8dd6d2,2013-06,Nottinghamshire Police,Nottinghamshire Police,-1.149477,52.954655,On or near KING STREET,E01033406,Nottingham 039E,Investigation complete; no suspect identified
bcc41a18c7c410424467ad982f16117799f083b7b75cec7d1232b9df391c7757,2013-06,Nottinghamshire Police,Nottinghamshire Police,-1.165527,52.968433,On or near LAURIE AVENUE,E01013846,Nottingham 018E,Investigation complete; no suspect identified
e23a76179bdcfe29027e9d32a006e0b5c094af1db6d0e9d45a1118501670cc2c,2013-06,Nottinghamshire Police,Nottinghamshire Police,-1.149045,52.953187,On or near SOUTH PARADE,E01033406,Nottingham 039E,Investigation complete; no suspect identified
63ee028f20ce68cc6d36f7a6b7d339c2b0e0c9a29b8340abb03420cbf2846f70,2013-06,Nottinghamshire Police,Nottinghamshire Police,-1.216859,52.938398,On or near Petrol Station,E01013976,Nottingham 032D,Investigation complete; no suspect identified
300e2c611140581c706809dcbf49259b475719c52d8611603b1fa42297d6181d,2013-06,Nottinghamshire Police,Nottinghamshire Police,-1.216859,52.938398,On or near Petrol Station,E01013976,Nottingham 032D,Investigation complete; no suspect identified
c0e8a871cdba99243fd41a7e080dd85e319a8490339f0b479134d36493852351,2013-06,Nottinghamshire Police,Nottinghamshire Police,-1.183613,52.944188,On or near EAST ROAD,E01013926,Nottingham 031E,Investigation complete; no suspect identified
6a91e58c0e96850f273ddd891a3996d86eea819277892a7200fbe1f1abae00e9,2013-06,Nottinghamshire Police,Nottinghamshire Police,-1.143330,52.955393,On or near Nightclub,E01033405,Nottingham 023G,Investigation complete; no suspect identified
dff48e9210b95373838cce7426da32aa527e5235f7ade2c4dcbb606fc6a07e80,2013-06,Nottinghamshire Police,Nottinghamshire Police,-1.149477,52.954655,On or near KING STREET,E01033406,Nottingham 039E,Investigation complete; no suspect identified
292feda7b97a8a4ea97d1317209c29c259b8194f22c3d4debd90a95d537dd84e,2013-06,Nottinghamshire Police,Nottinghamshire Police,-1.150199,52.955820,On or near Theatre/Concert Hall,E01033409,Nottingham 023H,Investigation complete; no suspect identified
66a3c7ff0ced380a91904af3a4cef29e61b2b15d7dba21c803dd0e67993144ea,2013-06,Nottinghamshire Police,Nottinghamshire Police,-1.152397,52.953777,On or near LONG ROW WEST,E01033400,Nottingham 039B,Investigation complete; no suspect identified
b966a0209d4f5317d917f02b9bed48aa9d8c3cc4894f18710e722abc058f4398,2013-06,Nottinghamshire Police,Nottinghamshire Police,-1.145710,52.955473,On or near CLARE STREET,E01033409,Nottingham 023H,Investigation complete; no suspect identified
72d10212dd5d7d455dd83ca4b37e53fdb5e5439562993d63fd6f62b948febbc3,2013-06,Nottinghamshire Police,Nottinghamshire Police,-1.180673,52.938343,On or near CLAUDE STREET,E01013928,Nottingham 031G,Investigation complete; no suspect identified
8c0c7b7ab76b4199cdddc03ab3087e2f8dc965cc036106754132403d5d8d0c66,2013-06,Nottinghamshire Police,Nottinghamshire Police,-1.171326,52.955574,On or near Supermarket,E01033404,Nottingham 028G,Investigation complete; no suspect identified
44ab0468aef05a138c19a59027b987448751832f883ec9995b6b451481e0628c,2013-06,Nottinghamshire Police,Nottinghamshire Police,-1.161021,52.985805,On or near VALMONT ROAD,E01013837,Nottingham 012A,Investigation complete; no suspect identified
b1b78abb9b631122b26b6c142281ed86649e7a6826199841c479f97f899cb54a,2013-06,Nottinghamshire Police,Nottinghamshire Police,-1.155052,52.956547,On or near Parking Area,E01013816,Nottingham 022D,Investigation complete; no suspect identified
290e1445713a953dd75ebcd6825f7177eaf50f0c9f73c9c51c3b84ac4ec3adcc,2013-06,Nottinghamshire Police,Nottinghamshire Police,-1.148358,52.951797,On or near Shopping Area,E01033400,Nottingham 039B,Investigation complete; no suspect identified
e9cf834f8195f9c32362a449daaf87d591bc33f00607e5b0c8317596ddf0d2a0,2013-06,Nottinghamshire Police,Nottinghamshire Police,-1.178200,52.944762,On or near FORSYTHIA GARDENS,E01013926,Nottingham 031E,Investigation complete; no suspect identified
aaf0c074b75f9e509903dfc3fc59ed9eaff1fd536a0fb0eca1acbc04f89ef180,2013-06,Nottinghamshire Police,Nottinghamshire Police,-1.152112,52.954683,On or near Parking Area,E01033406,Nottingham 039E,Investigation complete; no suspect identified
c473d477ca13483ee575e44bebbea1f4125f7d6739e0bd8be1b5a7a2ee8a5840,2013-06,Nottinghamshire Police,Nottinghamshire Police,-1.150199,52.955820,On or near Theatre/Concert Hall,E01033409,Nottingham 023H,Investigation complete; no suspect identified
a7d92256d2b634e14d3b7d3a3c163cf157adf26cea6bb1032c968068099b063f,2013-06,Nottinghamshire Police,Nottinghamshire Police,-1.142980,52.953539,On or near Nightclub,E01033406,Nottingham 039E,Investigation complete; no suspect identified
56c26eabee085a87e639b2727faca5323d5bd2d4f06a176a7098954ede540298,2013-06,Nottinghamshire Police,Nottinghamshire Police,-1.143330,52.955393,On or near Nightclub,E01033405,Nottingham 023G,Investigation complete; no suspect identified
5888cc678f09278a63e279769864f56e6b72ec9f573ca7c991759854d7c07e01,2013-06,Nottinghamshire Police,Nottinghamshire Police,-1.150219,52.952512,On or near WHEELER GATE,E01033400,Nottingham 039B,Investigation complete; no suspect identified
f5650d19363ddd2221c4531ee47e71b3e5df15401633abe78f47d49e5f415055,2013-06,Nottinghamshire Police,Nottinghamshire Police,-1.147591,52.955945,On or near Shopping Area,E01033409,Nottingham 023H,Investigation complete; no suspect identified
c680fa5e9e5f857a01aa68c98fb9a8180de8e0ea288cd345d9977cdfda8719b1,2013-06,Nottinghamshire Police,Nottinghamshire Police,-1.129773,53.331054,On or near BEAUFORT WAY,E01028047,Bassetlaw 006B,Investigation complete; no suspect identified
fefd221e1cadb13e97183e70f2fb48b668b7c33fe8a6ba9b4666bbb2e0501446,2013-06,Nottinghamshire Police,Nottinghamshire Police,-1.127489,53.306102,On or near Sports/Recreation Area,E01028062,Bassetlaw 013C,Investigation complete; no suspect identified
d12d3e61c0a16e5de457566c4d865a2233f14543dffa2c3b6eca68af49d7dd43,2013-06,Nottinghamshire Police,Nottinghamshire Police,-1.124354,53.308254,On or near FREDERICK STREET,E01028057,Bassetlaw 012A,Offender given a caution
c348a1c6450e98aded70a159b86a7cf607b1590304093817aac1a0d681ca9f60,2013-06,Nottinghamshire Police,Nottinghamshire Police,-1.123484,53.306018,On or near RYTON PLACE,E01028062,Bassetlaw 013C,Investigation complete; no suspect identified
46b46d6763ba59413a13e93d1f35842cbde57e90153497dfef2b79b354c7051a,2013-06,Nottinghamshire Police,Nottinghamshire Police,-1.116851,53.115903,On or near COOPERS RISE,E01028343,Newark and Sherwood 006F,Investigation complete; no suspect identified
2a9ee9a4032e198e227e03fcf1bd67ee4dfaebf7d47eb5498bf12b69bcd1c780,2013-06,Nottinghamshire Police,Nottinghamshire Police,-1.047446,53.165420,On or near Park/Open Space,E01028295,Newark and Sherwood 005A,Investigation complete; no suspect identified
ed3021ad66ab605d17e5843dc7bab00f875922015cab2a855fd8d3489fabc761,2013-06,Nottinghamshire Police,Nottinghamshire Police,-0.941465,53.078524,On or near UPTON ROAD,E01028345,Newark and Sherwood 008A,Investigation complete; no suspect identified
5a8ceda23ec0431c641606bfa354cb3f327c22144231a753e21fd9269a8353f7,2013-06,Nottinghamshire Police,Nottinghamshire Police,-1.133537,53.094487,On or near FISHPOOL ROAD,E01028298,Newark and Sherwood 006B,Investigation complete; no suspect identified
509d30553712073a26f36b85e655e5588ae843061470313006145bc57a1e7aab,2013-06,Nottinghamshire Police,Nottinghamshire Police,-1.006604,53.205215,On or near BRIAR COURT,E01028338,Newark and Sherwood 001C,Investigation complete; no suspect identified
4f3cf7ffd395ea3055c3d345db6d34345d0f5b23d39f1ab685bb85eeb53304ee,2013-06,Nottinghamshire Police,Nottinghamshire Police,-1.004791,53.094002,On or near EDINGLEY HILL,E01028329,Newark and Sherwood 005E,Investigation complete; no suspect identified
a486da612a8856af7b5bb70de5c6a3f89bbc13b55d72ae238e65b04d8f499a4d,2013-06,Nottinghamshire Police,Nottinghamshire Police,-0.792128,53.063906,On or near MILTON STREET,E01028285,Newark and Sherwood 011A,Investigation complete; no suspect identified
c1a2b3b350cc7cd6e8af05e4a2eff58154f9270185266f523743cd3cbda1cd7d,2013-06,Nottinghamshire Police,Nottinghamshire Police,-0.796776,53.082408,On or near WITHAM CLOSE,E01028304,Newark and Sherwood 007B,Investigation complete; no suspect identified
376d384f6eb724b49ffb070acefb50d8e0c37c7e347bfae44268516a635716f3,2013-06,Nottinghamshire Police,Nottinghamshire Police,-0.714941,53.248327,On or near ORCHARD COURT,E01028317,Newark and Sherwood 004C,Investigation complete; no suspect identified
cdac0ca4a0aa72e5551ecaeacb82a34088c4143490e2b2c79dfe9edf23049eb3,2013-06,Nottinghamshire Police,Nottinghamshire Police,-0.771371,53.223662,On or near BACK STREET,E01028317,Newark and Sherwood 004C,Investigation complete; no suspect identified
313a81c4bac108383fb1a6078036fbf1b18cc1653484c0d08635156ef8d36084,2013-06,Nottinghamshire Police,Nottinghamshire Police,-0.771371,53.223662,On or near BACK STREET,E01028317,Newark and Sherwood 004C,Investigation complete; no suspect identified
0d9403e8902ac304258686a97b24b19b9641ef5137f0f655d99e9a69166e0c9c,2013-06,Nottinghamshire Police,Nottinghamshire Police,-0.817512,53.073726,On or near MILL GATE,E01028311,Newark and Sherwood 007G,Investigation complete; no suspect identified
c760f6c59983d9778f42ad3e22f3bed112bd60f2f78cce4876fd2cc825ba035c,2013-06,Nottinghamshire Police,Nottinghamshire Police,-0.805646,53.082875,On or near Shopping Area,E01028310,Newark and Sherwood 007F,Investigation complete; no suspect identified
e780e8a308d2685a24e9b93f5998dbedf624f607848414dbcbdbe475665dc00e,2013-06,Nottinghamshire Police,Nottinghamshire Police,-0.806825,53.076972,On or near MOUNT LANE,E01028310,Newark and Sherwood 007F,Investigation complete; no suspect identified
43da8c9cf4b3da6854c68c71a517cf3a2919bd17ec5cacd9b42578038095fb1e,2013-06,Nottinghamshire Police,Nottinghamshire Police,-0.778768,53.054546,On or near PINFOLD LANE,E01028288,Newark and Sherwood 011D,Investigation complete; no suspect identified
a0220f689f4a1debfa1904ffd19d31d9fc8994a92c7f38496a22cf00671cbc09,2013-06,Nottinghamshire Police,Nottinghamshire Police,-0.813495,53.075439,On or near CASTLE RISING,E01028311,Newark and Sherwood 007G,Investigation complete; no suspect identified
692882ef3ba018c6b2ae95cdc7b555703f546a7cfcac116ae30f790a0ef9984d,2013-06,Nottinghamshire Police,Nottinghamshire Police,-0.809634,53.075229,On or near Parking Area,E01028310,Newark and Sherwood 007F,Investigation complete; no suspect identified
75c4133bce7e99c128734fda8da64920fae1d422d939c02ba99a0dc5b100283c,2013-06,Nottinghamshire Police,Nottinghamshire Police,-1.056548,53.417789,On or near TALBOT ROAD,E01028027,Bassetlaw 001E,Investigation complete; no suspect identified
72c42a584d621dd63eddcd96f55894c01d51857a29ca73d853af637ec71fd9fe,2013-06,Nottinghamshire Police,Nottinghamshire Police,-0.938662,53.326253,On or near Petrol Station,E01028011,Bassetlaw 008D,Offender given a caution
fa959b92b5abda766e28cd78810887195a9bf44323bb2bf1b24770f7dea71158,2013-06,Nottinghamshire Police,Nottinghamshire Police,-1.060669,53.416473,On or near Parking Area,E01028027,Bassetlaw 001E,Offender given a caution
2542bc31700ab2e47489fb6ab2f81160143f23ab557de4f5d056979a9356f0d7,2013-06,Nottinghamshire Police,Nottinghamshire Police,-0.837672,53.290407,On or near Hospital,E01028033,Bassetlaw 015C,Investigation complete; no suspect identified
c57d3767c4fafd139ad53feff316984e62f3f2d254333f49485f5f217866b938,2013-06,Nottinghamshire Police,Nottinghamshire Police,-0.837672,53.290407,On or near Hospital,E01028033,Bassetlaw 015C,Investigation complete; no suspect identified
98dfdf3c8f5645ca8b5389c5950ed32be909358d7f01e8859820d15fb9512ae3,2013-06,Nottinghamshire Police,Nottinghamshire Police,-1.126803,53.360345,On or near WILLOW AVENUE,E01028001,Bassetlaw 004A,Investigation complete; no suspect identified
f17b1c30aee33be30a26e6638c8386f91540ea21cfa1c081702652121c091934,2013-06,Nottinghamshire Police,Nottinghamshire Police,-1.122825,53.307407,On or near B6045,E01028057,Bassetlaw 012A,Investigation complete; no suspect identified
2102f45c2dbd5df036e28841464b072a9de23e0cac50aed41cba104776215a41,2013-06,Nottinghamshire Police,Nottinghamshire Police,-1.145254,52.989198,On or near LANGAR CLOSE,E01013965,Nottingham 007C,Investigation complete; no suspect identified
e5cb9cff3c863a11d261c815a74ff46dcd710521eba914299635c8156e5e2957,2013-06,Nottinghamshire Police,Nottinghamshire Police,-1.150199,52.955820,On or near Theatre/Concert Hall,E01033409,Nottingham 023H,Investigation complete; no suspect identified
ebf546609ad04af1e2cd9f7c4fae0372b45a22fdc8c0fd045b81b86b33769c55,2013-06,Nottinghamshire Police,Nottinghamshire Police,-1.173310,52.970186,On or near BELTON STREET,E01013842,Nottingham 018D,Investigation complete; no suspect identified
d6813c43704a374d6fc4718f84e80a3b99cc320a34a97a8633ab50e9f5119d67,2013-06,Nottinghamshire Police,Nottinghamshire Police,-1.158295,52.968930,On or near 2ND AVENUE,E01013843,Nottingham 017A,Investigation complete; no suspect identified
f496c64d1b30cd6695d9a2c59f866bbbe9f6287891761c35ac9342e327686e5e,2013-06,Nottinghamshire Police,Nottinghamshire Police,-1.161299,52.972242,On or near ALMA STREET,E01013844,Nottingham 017B,Investigation complete; no suspect identified
7b5b80888df5ed135b0fd34dc76258cc3ed3153bf2299f9ba4ac570469db98c7,2013-06,Nottinghamshire Police,Nottinghamshire Police,-1.146942,52.957172,On or near Shopping Area,E01033409,Nottingham 023H,Suspect charged
b4862ab93397d56fc4f614fbe607e302bb9cfa8ec52267995969740895a75bfc,2013-06,Nottinghamshire Police,Nottinghamshire Police,-1.163158,52.957683,On or near STONELEIGH STREET,E01013814,Nottingham 022B,Investigation complete; no suspect identified
26734f433c40fdeac83d22735ea60a280f3e56c092b926cfb001ae2baea4b2d3,2013-06,Nottinghamshire Police,Nottinghamshire Police,-1.143979,52.987346,On or near MONTFORT CRESCENT,E01013965,Nottingham 007C,Investigation complete; no suspect identified
6e5984d9ff9ae2ffa8fc1431780fec7d7a8a688920db3dbccb86db11d262e946,2013-06,Nottinghamshire Police,Nottinghamshire Police,-1.204532,52.938738,On or near BEESTON LANE,E01013973,Nottingham 032A,Investigation complete; no suspect identified
b21ea46cf3108232a2227b2a6aa318b04557fe43759264b36cd2a0b5383acbe8,2013-06,Nottinghamshire Police,Nottinghamshire Police,-1.151821,52.981730,On or near OSBORNE AVENUE,E01013970,Nottingham 010D,Investigation complete; no suspect identified
6880bfb8bab6eb959e04e4717531a09a50ee9bffe0059eb13e485b03adf3b73d,2013-06,Nottinghamshire Police,Nottinghamshire Police,-1.210486,52.937825,On or near BASLOW DRIVE,E01013976,Nottingham 032D,Investigation complete; no suspect identified
7e6bfa1d7d3768d58b74edd809f6b61b9ab6827b99165f468c353f3d2b036aac,2013-06,Nottinghamshire Police,Nottinghamshire Police,-1.154263,52.963454,On or near TUDOR GROVE,E01013815,Nottingham 022C,Investigation complete; no suspect identified
c4e78cca17afbfcf39307fe2223455fdcbf2e018f91e8d1fd690c674364ce1cd,2013-06,Nottinghamshire Police,Nottinghamshire Police,-1.163936,52.956708,On or near WOOD STREET,E01033404,Nottingham 028G,Investigation complete; no suspect identified
9e10510f2127c507544752ce4a1731a35681e12e0c748d7871292cd71a45c117,2013-06,Nottinghamshire Police,Nottinghamshire Police,-1.210642,52.935759,On or near WOODSIDE ROAD,E01013976,Nottingham 032D,Investigation complete; no suspect identified
544014bc631b19e607beb0b6f1bc693c8436b333fa9a3e9c2bafaf70d223fd4b,2013-06,Nottinghamshire Police,Nottinghamshire Police,-1.043065,53.421835,On or near GALWAY DRIVE,E01028027,Bassetlaw 001E,Investigation complete; no suspect identified
da535e4ba4222631fe09db1f45d6e13dcd7246cc097d47bd63f6991d95f3eec8,2013-06,Nottinghamshire Police,Nottinghamshire Police,-0.959801,53.413354,On or near CARR VIEW,E01028023,Bassetlaw 003A,Investigation complete; no suspect identified
3d7bdb1ab72c30451ad6fb15d695302d8606aeb7d0473c2a187603c3b3ff4ce6,2013-06,Nottinghamshire Police,Nottinghamshire Police,-1.189540,53.168234,On or near PORTLAND COURT MEWS,E01028272,Mansfield 005C,Investigation complete; no suspect identified
1f13e0ae4966cdbe649ae636bb225772c76bcc22b621fc3e13292a22edde937c,2013-06,Nottinghamshire Police,Nottinghamshire Police,-1.178263,53.165783,On or near ARLINGTON AVENUE,E01028250,Mansfield 005B,Investigation complete; no suspect identified
aaa4b5b98d23c08a912631adf3b7119397802bc39feea5bc74001927cdd554ec,2013-06,Nottinghamshire Police,Nottinghamshire Police,-1.141298,53.159940,On or near LANGWELL DRIVE,E01028237,Mansfield 007A,Investigation complete; no suspect identified
0250166fb7f49eedefc48c4d1bbacdb2bd9ee0d16e7de76a4f584d40b327e236,2013-06,Nottinghamshire Police,Nottinghamshire Police,-1.183319,53.145314,On or near BILBOROUGH ROAD,E01028276,Mansfield 009E,Investigation complete; no suspect identified
8b2c8bec0f29d27ae3e9b7d14d61e7e26056145c4e982964b07a8bccd17e642f,2013-06,Nottinghamshire Police,Nottinghamshire Police,-1.190538,53.143826,On or near ELM TREE STREET,E01028274,Mansfield 009C,Investigation complete; no suspect identified
9e5db3b69443bae9da62accbdabd229bc11c77a9c0b87a3f933a713c809b7c59,2013-06,Nottinghamshire Police,Nottinghamshire Police,-1.182062,53.147705,On or near PATTERSON PLACE,E01028276,Mansfield 009E,Investigation complete; no suspect identified
8992123af77b00d9c34a49429fb00667ac8fa965d53ce55c7f2058b81ffbf81f,2013-06,Nottinghamshire Police,Nottinghamshire Police,-1.207414,53.139948,On or near MOOR STREET,E01028268,Mansfield 008D,Investigation complete; no suspect identified
e4d9f766a9453938c85249ce85c1e1673800d3807c5c71c86546b4b8a11fc284,2013-06,Nottinghamshire Police,Nottinghamshire Police,-1.193356,53.121902,On or near DERBY ROAD,E01028222,Mansfield 013D,Investigation complete; no suspect identified
d50cf8d7913399abea0cfb672b1ce47f3bd56ae233de8cee01076b654f6408b8,2013-06,Nottinghamshire Police,Nottinghamshire Police,-1.193930,53.143912,On or near Shopping Area,E01028274,Mansfield 009C,Investigation complete; no suspect identified
1efcc6b5d75e0b4f2714b24aa0fe3a69ac05993ed5ae1a9551d5ffa2023c964e,2013-06,Nottinghamshire Police,Nottinghamshire Police,-1.203265,53.038458,On or near Shopping Area,E01027933,Ashfield 014D,Investigation complete; no suspect identified
42456cc821033f06e93607d22002964bac7f078cfea2a669d6d050b3ab04fe0f,2013-06,Nottinghamshire Police,Nottinghamshire Police,-1.196117,53.031498,On or near WINIFRED STREET,E01027931,Ashfield 013B,Investigation complete; no suspect identified
17662aea5a1154bee82c296d81e64e8e75c9441c6c9b472c922fcf8cd13c05fb,2013-06,Nottinghamshire Police,Nottinghamshire Police,-1.211253,53.037999,On or near GARDNERS CLOSE,E01027928,Ashfield 014B,Investigation complete; no suspect identified
9e30bc68332ebc9f3e9dcbd9234c9224ac392aa45112e7a0d4c50a86bc4b29cb,2013-06,Nottinghamshire Police,Nottinghamshire Police,-1.212707,53.042513,On or near Supermarket,E01027943,Ashfield 015D,Investigation complete; no suspect identified
f37f53d30300b56c56090cbdb20e3346694132de4350a79f8099f6ad54f2619f,2013-06,Nottinghamshire Police,Nottinghamshire Police,-1.205868,53.026682,On or near TORKARD COURT,E01027926,Ashfield 016A,Investigation complete; no suspect identified
01855029c05fc0d76c85f555e2c6d48b614d9eb560eedcafd26383eb73bb2d3e,2013-06,Nottinghamshire Police,Nottinghamshire Police,-1.240444,53.131893,On or near Supermarket,E01027985,Ashfield 004E,Investigation complete; no suspect identified
f21425776dedd71d3d5ef9f0baad931c7d3b4829408f0b507e578bd2d471002e,2013-06,Nottinghamshire Police,Nottinghamshire Police,-1.265386,53.103149,On or near LAWRENCE AVENUE,E01027958,Ashfield 008D,Investigation complete; no suspect identified
15c063dcce39e1922cd815a93590a764801ab14f4a916e0b6e5a2f9374e4cdea,2013-06,Nottinghamshire Police,Nottinghamshire Police,-1.277855,53.130993,On or near MEDEN CRESCENT,E01027966,Ashfield 003A,Investigation complete; no suspect identified
2cebf156d1ff65ea8fd1184b0378b834cb6723c6ca70867a7f0cf866c6d9d9fc,2013-06,Nottinghamshire Police,Nottinghamshire Police,-1.269685,53.130665,On or near BRIERLY ROAD,E01027966,Ashfield 003A,Investigation complete; no suspect identified
e14266131860099d3f9ef2ee33dc5a98c5f7a2d302bc38db2b20f3c1dbd6c84f,2013-06,Nottinghamshire Police,Nottinghamshire Police,-1.264818,53.124225,On or near MORVEN AVENUE,E01027968,Ashfield 005C,Investigation complete; no suspect identified
2cd7475213e7f7c5325b28d48ed9dd5694ee80e1b64392654dd68ad24ae3a839,2013-06,Nottinghamshire Police,Nottinghamshire Police,-1.251872,53.139130,On or near GREENFIELDS,E01027982,Ashfield 002C,Investigation complete; no suspect identified
dfb71c3c5a150b8d505b84a7be01acc1c53ab49476a96851cd33bee582b7eca2,2013-06,Nottinghamshire Police,Nottinghamshire Police,-1.262693,53.125246,On or near Shopping Area,E01027968,Ashfield 005C,Investigation complete; no suspect identified
eb6c34c953794f673f197f89ff5d4c71a064770bfed2022fc44a11dc6931ad91,2013-06,Nottinghamshire Police,Nottinghamshire Police,-1.279837,53.138484,On or near THE PADDOCK,E01027981,Ashfield 001C,Investigation complete; no suspect identified
0bb761aff1c5d0ebcfae1ccb703688fb1c8e27986913106232d6711385b5751d,2013-06,Nottinghamshire Police,Nottinghamshire Police,-1.103523,52.923151,On or near THORNTHWAITE CLOSE,E01028375,Rushcliffe 006B,Local resolution
98917eae8e6d422a612c6c46f4839fc328577b5e614531d2ea4764b767f2772a,2013-06,Nottinghamshire Police,Nottinghamshire Police,-1.035709,52.905764,On or near RING LEAS,E01028369,Rushcliffe 009D,Local resolution
191610348cf9c8f6f44998b01eb9e6fc6dec4f2c1e6b2140212738b2990a5031,2013-06,Nottinghamshire Police,Nottinghamshire Police,-0.979500,52.949677,On or near Petrol Station,E01028419,Rushcliffe 010B,Offender given a caution
73670dbd86442dae01ce2ac2e1dd1232a6552d8dc8e0c796b4eb7ceb1ac3e35b,2013-06,Nottinghamshire Police,Nottinghamshire Police,-1.038088,52.910494,On or near Parking Area,E01028370,Rushcliffe 009E,Local resolution
b33cec3f48bb69ce3f50bf32523192f734d4591787765667918bcb73d849e27a,2013-06,Nottinghamshire Police,Nottinghamshire Police,-1.119636,52.984562,On or near Parking Area,E01028194,Gedling 010B,Suspect charged
735ccfe310a2697c0f061ec7fd25155aeab8904959101be11706d5ea2dbe3fe3,2013-06,Nottinghamshire Police,Nottinghamshire Police,-1.277243,52.946232,On or near ISLAY CLOSE,E01033412,Broxtowe 016F,Suspect charged
b98add26378103d90c28ade6899addce920d00b4390103e9513247ba5f5d2123,2013-06,Nottinghamshire Police,Nottinghamshire Police,-1.277243,52.946232,On or near ISLAY CLOSE,E01033412,Broxtowe 016F,Suspect charged
8a8a26943a5a04e7fc9a4127b2864b613d95dd011d79dc701cfa4c58744cb272,2013-06,Nottinghamshire Police,Nottinghamshire Police,-1.277243,52.946232,On or near ISLAY CLOSE,E01033412,Broxtowe 016F,Suspect charged
198f0777ff84f312392c3ddfb8fd5fc2c3f2ffbe90417dd347ceda6e967128e4,2013-06,Nottinghamshire Police,Nottinghamshire Police,-1.207901,53.002766,On or near Pedestrian Subway,E01013880,Nottingham 002B,Offender given a drugs possession warning
db7ed506d64e08aad8611a551435f266e17436c71c2ac4e38614537ef30a6d7f,2013-06,Nottinghamshire Police,Nottinghamshire Police,-1.196166,53.005590,On or near RAGDALE ROAD,E01013882,Nottingham 002D,Local resolution
d21560c7aba239ff542f1bf1bc8d94a9fb6690a6a17e67d93aae34a14997eb67,2013-06,Nottinghamshire Police,Nottinghamshire Police,-1.145710,52.955473,On or near CLARE STREET,E01033409,Nottingham 023H,Local resolution
d21560c7aba239ff542f1bf1bc8d94a9fb6690a6a17e67d93aae34a14997eb67,2013-06,Nottinghamshire Police,Nottinghamshire Police,-1.145710,52.955473,On or near CLARE STREET,E01033409,Nottingham 023H,Local resolution
456d88ea403bf582bee909e0f2feae3baeecba82cf11b010479e785b1a0cabba,2013-06,Nottinghamshire Police,Nottinghamshire Police,-1.152112,52.954683,On or near Parking Area,E01033406,Nottingham 039E,Offender given a caution
0887186f35a9ff5e61fac7deb098af9f050d67aa3b3017fd0e92694d30d3b9a8,2013-06,Nottinghamshire Police,Nottinghamshire Police,-1.145710,52.955473,On or near CLARE STREET,E01033409,Nottingham 023H,Local resolution
db851363358e0c44823920396cf41c74f52ca3103490f520df6c61a11a59105a,2013-06,Nottinghamshire Police,Nottinghamshire Police,-1.130643,53.314835,On or near Petrol Station,E01028055,Bassetlaw 009A,Offender given a caution
25188491165280e694d8e45dd1552ca8c6d69789a6456910e310102eeb62030c,2013-06,Nottinghamshire Police,Nottinghamshire Police,-1.123080,53.306681,On or near BRIDGE PLACE,E01028062,Bassetlaw 013C,Offender given a caution
4883c6124d6411400141c3b900e91c6fdda800d955542c83f18c42466d0ae2a2,2013-06,Nottinghamshire Police,Nottinghamshire Police,-1.094332,53.178587,On or near ARCHWAY GROVE,E01028313,Newark and Sherwood 002A,Local resolution
8e99094b65a548cf3864f6e0993fd91543af66ec801658ef08805d40c1fbb32a,2013-06,Nottinghamshire Police,Nottinghamshire Police,-1.094332,53.178587,On or near ARCHWAY GROVE,E01028313,Newark and Sherwood 002A,Local resolution
52d42a027d427559c2c5de6272de81364573819cd871faa531a63da02d329b42,2013-06,Nottinghamshire Police,Nottinghamshire Police,-0.806033,53.079131,On or near QUEEN'S ROAD,E01028310,Newark and Sherwood 007F,Suspect charged
a81584b02a047274515c4a75d7fd1c307075a07aca54bd71a36b5ee67f7a7804,2013-06,Nottinghamshire Police,Nottinghamshire Police,-0.796313,53.086170,On or near LINCOLN COURT,E01028304,Newark and Sherwood 007B,Suspect charged
63fac2656c29bbe18ed9f20383ddb6a5c9ac0721d3d3d39b76bf61be4742aa6e,2013-06,Nottinghamshire Police,Nottinghamshire Police,-0.944032,53.322813,On or near Nightclub,E01028020,Bassetlaw 010D,Offender given a caution
22216091e5c7750380578cbdd99fb2f881c8f4476405b181e3c65c7088886016,2013-06,Nottinghamshire Police,Nottinghamshire Police,-1.227588,53.142022,On or near LINBY AVENUE,E01028245,Mansfield 010D,Local resolution
3f9d8aaa3e802312414853a1ab977d1cd94dae5ae22692eb9127362086350f1e,2013-06,Nottinghamshire Police,Nottinghamshire Police,-1.184907,53.164858,On or near GEORGE STREET,E01028250,Mansfield 005B,Suspect charged
5397b8b16abf7e4ced8fc61de2c7082f55ecf7a86d9f77bb13a9f958a7ce57c4,2013-06,Nottinghamshire Police,Nottinghamshire Police,-1.228433,53.145722,On or near MARKHAM PLACE,E01028230,Mansfield 010A,Suspect charged
9d04a5f2e54385e63534b026f97592013ce2d838225caf9d771643ad8addb698,2013-06,Nottinghamshire Police,Nottinghamshire Police,-1.182194,53.146295,On or near SANDY LANE,E01028276,Mansfield 009E,Suspect charged
3ddcaea211cf1f07cb45c834241358b409b564f37db7f138d7e005be46acf41e,2013-06,Nottinghamshire Police,Nottinghamshire Police,-1.216451,53.028478,On or near Sports/Recreation Area,E01027942,Ashfield 016E,Offender given a caution
2692a878c6ef7f95fd8cf6da8e1fe599052c1bd09e804a91d0a776e4fe15dc1c,2013-06,Nottinghamshire Police,Nottinghamshire Police,-1.238677,53.132053,On or near Sports/Recreation Area,E01027985,Ashfield 004E,Suspect charged
44d13fd56c553f6d6bbf86c4728e2b9b8734580a1021b30d7a6d9a088c4d2eaf,2013-06,Nottinghamshire Police,Nottinghamshire Police,-1.258800,53.116161,On or near JEPHSON ROAD,E01027974,Ashfield 005D,Suspect charged
3101abc042dc327dbe0b4aadde2609bd123bea08d9061468fae019d77c4e19f1,2013-06,Nottinghamshire Police,Nottinghamshire Police,-1.239102,53.133422,On or near BLACKMIRES WAY,E01027985,Ashfield 004E,Local resolution
134149e788ac26352b326e06209021df9833e535fc13f3c651787983322e0227,2013-06,Nottinghamshire Police,Nottinghamshire Police,-1.151511,52.925256,On or near Sports/Recreation Area,E01028365,Rushcliffe 007C,Investigation complete; no suspect identified
38bace9e642e423cc22759c017954545d42222056de13c9c09a2f26df56e2691,2013-06,Nottinghamshire Police,Nottinghamshire Police,-1.153337,52.917862,On or near COMPTON ACRES,E01028364,Rushcliffe 007B,Offender given a caution
d083e9145293d479131fa9c10efa20d81925c5f160bb4288aedfb3128cfb3694,2013-06,Nottinghamshire Police,Nottinghamshire Police,-1.054642,52.947188,On or near HOLME LANE,E01028394,Rushcliffe 003B,Investigation complete; no suspect identified
10024aec4f2843db30ec75a020f25b51a58406dcf55d1811f80bc671b842fe97,2013-06,Nottinghamshire Police,Nottinghamshire Police,-1.148402,52.910131,On or near THURLOE COURT,E01028364,Rushcliffe 007B,Investigation complete; no suspect identified
1b154a91fb68b2e00940bad9b555edb09650594934f33899b542f3410a6917e5,2013-06,Nottinghamshire Police,Nottinghamshire Police,-1.120639,52.924861,On or near BURLEIGH ROAD,E01028356,Rushcliffe 006A,Investigation complete; no suspect identified
98074587b4f34e08e40060dc9ba27b3cd910924863e537770b3efc828a708030,2013-06,Nottinghamshire Police,Nottinghamshire Police,-1.034979,52.904509,On or near EAST MOOR,E01028369,Rushcliffe 009D,Investigation complete; no suspect identified
893882a83c9a15382b08419246ea21cc6449ca6f1dfb1f26325f1c1acd6ab93c,2013-06,Nottinghamshire Police,Nottinghamshire Police,-1.026931,52.945858,On or near HILLSIDE ROAD,E01028393,Rushcliffe 003A,Investigation complete; no suspect identified
dbf1f9b75316bbdea2bf3067b07e7fc23437b77e423c089e8eb527cf97c629e0,2013-06,Nottinghamshire Police,Nottinghamshire Police,-1.294758,53.009470,On or near NEWTHORPE COMMON,E01028109,Broxtowe 003A,Investigation complete; no suspect identified
f30621af9f563247804b10d13960e15a930c457d60df3cc950a6b960ac5f25b2,2013-06,Nottinghamshire Police,Nottinghamshire Police,-1.302279,53.015393,On or near LAWRENCE AVENUE,E01028113,Broxtowe 002D,Investigation complete; no suspect identified
e839e21162668446a9a73543cd03c4755b327ecab4ab764e6ce7283240dfb9e0,2013-06,Nottinghamshire Police,Nottinghamshire Police,-1.304003,53.021228,On or near OWLSTON CLOSE,E01028107,Broxtowe 001C,Investigation complete; no suspect identified
68639d1faa1a9a42744ad702e5e5c223aa115b56934f231ce487eae81b58e483,2013-06,Nottinghamshire Police,Nottinghamshire Police,-1.252892,53.000018,On or near NEWDIGATE STREET,E01028123,Broxtowe 004E,Investigation complete; no suspect identified
36d0f7687c2bf0dd91ee574e486682d9c5b22f71a2b063c160f3896d66423bcf,2013-06,Nottinghamshire Police,Nottinghamshire Police,-1.036609,52.987829,On or near Supermarket,E01028149,Gedling 008B,Suspect charged
6200639e8a2f9c10a469b084048c5211e9df16df2f09b65e5d5351c056ff785b,2013-06,Nottinghamshire Police,Nottinghamshire Police,-1.102796,52.973433,On or near MILLBROOK DRIVE,E01028212,Gedling 011E,Investigation complete; no suspect identified
22377fee1b202eeb884e1de6517f85387c634938adabb95b34d81f54aca488fc,2013-06,Nottinghamshire Police,Nottinghamshire Police,-1.090937,52.961593,On or near ONCHAN DRIVE,E01028156,Gedling 014B,Investigation complete; no suspect identified
356ee39886bff193e6a432053a186dec6702851cdf3ad83128f33d07eb14f1db,2013-06,Nottinghamshire Police,Nottinghamshire Police,-1.113564,52.982800,On or near WESTMOORE CLOSE,E01028193,Gedling 010A,Investigation complete; no suspect identified
df8ccc207b0d9fba07afd061ba4158144e6a4662969ff084841e2b74bbb2135f,2013-06,Nottinghamshire Police,Nottinghamshire Police,-1.110379,52.980528,On or near FERNLEIGH AVENUE,E01028197,Gedling 010E,Investigation complete; no suspect identified
2eabb2edcd0e6edee56e119917e34f5e959eb1a247b8c5b8d4cfd1da41062b4f,2013-06,Nottinghamshire Police,Nottinghamshire Police,-1.074614,52.965378,On or near YORK STREET,E01028185,Gedling 015B,Investigation complete; no suspect identified
a38fc17fdd3c964f025322e0591b981177530f18bf8e3c19894b446dcd5c3f1a,2013-06,Nottinghamshire Police,Nottinghamshire Police,-1.105739,52.971540,On or near VALLEY ROAD,E01028211,Gedling 013E,Suspect charged
9ec7720b51c082fedf4181c5602142d6f3e457064ded7ff701b79424d3310dfd,2013-06,Nottinghamshire Police,Nottinghamshire Police,-1.075645,52.972200,On or near BROOKLANDS DRIVE,E01028168,Gedling 012A,Investigation complete; no suspect identified
421305974c27ebc4ea134867c6116d45cb30ca98ff2076d9dfa7ba6150b4540a,2013-06,Nottinghamshire Police,Nottinghamshire Police,-1.204603,52.920283,On or near LABURNUM GROVE,E01028080,Broxtowe 012A,Suspect charged
20efcfa84cc3f2ae570e2ec37c75b3e620f810ba1905e402933eee8edcefd7a0,2013-06,Nottinghamshire Police,Nottinghamshire Police,-1.214797,52.928981,On or near Supermarket,E01028085,Broxtowe 011D,Investigation complete; no suspect identified
ea7b40241ca6dada8477f48ff7184dbc3de483d0ad6a3c71c91fd93f5ac7238c,2013-06,Nottinghamshire Police,Nottinghamshire Police,-1.213467,52.926833,On or near ACACIA WALK,E01028073,Broxtowe 011A,Investigation complete; no suspect identified
6f4cff68a537bc2c076579de18d8ee07b589b9e38a2fa95791dad07b9eed066f,2013-06,Nottinghamshire Police,Nottinghamshire Police,-1.210023,52.922396,On or near Supermarket,E01028083,Broxtowe 012D,Investigation complete; no suspect identified
de1219d983f595d609ea116d4f451df6dfd3b30a86813e8033f47dc06d9efd6d,2013-06,Nottinghamshire Police,Nottinghamshire Police,-1.249525,52.919146,On or near GAYRIGG COURT,E01028098,Broxtowe 013B,Investigation complete; no suspect identified
3f1bccd981f7913668e08ae3a5cffb213738e8de840bd618eee27d247e19fcfd,2013-06,Nottinghamshire Police,Nottinghamshire Police,-1.274230,52.927111,On or near GIBBONS AVENUE,E01028132,Broxtowe 010E,Investigation complete; no suspect identified
2c3d0f5a0f9117c13430eefceb9a29989a2933da6a5372c26b2059e138f75105,2013-06,Nottinghamshire Police,Nottinghamshire Police,-1.266078,52.941166,On or near Parking Area,E01028127,Broxtowe 008C,Investigation complete; no suspect identified
9834b01afb9abdfdd2c4847f12a247159a04c0419e39e560c47142eac70f4e38,2013-06,Nottinghamshire Police,Nottinghamshire Police,-1.220367,52.936101,On or near DENNIS AVENUE,E01028077,Broxtowe 009B,Investigation complete; no suspect identified
1ad8eda65db9aa74f420ae44c4b397d264d68b95d20932d7b86ed2d82d1ff437,2013-06,Nottinghamshire Police,Nottinghamshire Police,-1.230578,52.936707,On or near WINDERMERE ROAD,E01028091,Broxtowe 007E,Investigation complete; no suspect identified
7b8a1db010b67559c0e064259601de83d506a172788ff7575139fd792d83ed15,2013-06,Nottinghamshire Police,Nottinghamshire Police,-1.257037,52.938188,On or near TRENTON CLOSE,E01028090,Broxtowe 007D,Investigation complete; no suspect identified
3a343201a39bf7bb6ded1ff6164ab514adca98e0f3cfaf7d365be465c95e59d3,2013-06,Nottinghamshire Police,Nottinghamshire Police,-1.244327,52.946918,On or near MANVILLE CLOSE,E01028088,Broxtowe 007B,Investigation complete; no suspect identified
8514a75e5bb6c156a8750954ece928cb3f102b39e922033ad7c47285d4048af5,2013-06,Nottinghamshire Police,Nottinghamshire Police,-1.225024,52.921110,On or near LIME GROVE AVENUE,E01028095,Broxtowe 014D,Investigation complete; no suspect identified
0a3ea3a2f077516f166a591110e8cb983b7c029ebac34590c860555d604328d2,2013-06,Nottinghamshire Police,Nottinghamshire Police,-1.232808,52.909043,On or near CROFTON ROAD,E01028070,Broxtowe 014B,Investigation complete; no suspect identified
6f1fa62fc7414d03bc803096c68b8a4545ae1131132ac597ba6b4fc76c2278b9,2013-06,Nottinghamshire Police,Nottinghamshire Police,-1.138633,52.994760,On or near Petrol Station,E01013963,Nottingham 007A,Investigation complete; no suspect identified
5cc5fd01b5f7339b97e2f8c5b267198a19f82417c35ccd79519c407c3098cb1b,2013-06,Nottinghamshire Police,Nottinghamshire Police,-1.156157,53.081723,On or near BIRCHWOOD CLOSE,E01028199,Gedling 001C,Investigation complete; no suspect identified
4f561b87fe0e5b8699a232b8d9f97ff2e5fb8eddf211efe448f9e63da86037e6,2013-06,Nottinghamshire Police,Nottinghamshire Police,-1.125520,53.010324,On or near ST MARY'S CLOSE,E01028208,Gedling 004E,Investigation complete; no suspect identified
ad4aa88f2e7f20c96400c05fd8413bec7e2c0f11a3364a4b7e31619e6dec74c2,2013-06,Nottinghamshire Police,Nottinghamshire Police,-1.102307,53.048743,On or near Park/Open Space,E01028152,Gedling 002C,Investigation complete; no suspect identified
0ffe345866f1bb9d696d014d7cb2e0859ca8f780fed3f267d12fd127badc6341,2013-06,Nottinghamshire Police,Nottinghamshire Police,-1.164068,53.011617,On or near AUGUSTINE GARDENS,E01028147,Gedling 016C,Investigation complete; no suspect identified
b3ffd0d5f1d6510a52bd51bb181d8e54584f9c323d95013383a54f65c008da24,2013-06,Nottinghamshire Police,Nottinghamshire Police,-1.115442,53.307379,On or near Parking Area,E01028068,Bassetlaw 012D,Investigation complete; no suspect identified
081a1ca7f9ae587dc72e8facbc176e9776f387793bbb4aeb96de4ffeafceacbb,2013-06,Nottinghamshire Police,Nottinghamshire Police,-1.123702,53.299791,On or near PARK STREET,E01028062,Bassetlaw 013C,Investigation complete; no suspect identified
bdaa23dc0c9a0ed11eec26ffadbf63da1318dc590c83c4a6874ecdc2846957bb,2013-06,Nottinghamshire Police,Nottinghamshire Police,-0.992659,53.209916,On or near KIRK DRIVE,E01028301,Newark and Sherwood 001A,Investigation complete; no suspect identified
a73ee19a0e2e41cc05c7b5cd96844a99b34eabdb0ff3ebb7edb526cf65edf12c,2013-06,Nottinghamshire Police,Nottinghamshire Police,-0.799373,53.071710,On or near HARCOURT STREET,E01028294,Newark and Sherwood 007A,Investigation complete; no suspect identified
24cd07f90f0ca13c4e0cba0e59b88a62240335cfd7d7c6786e46d940203a8a7a,2013-06,Nottinghamshire Police,Nottinghamshire Police,-0.790397,53.083593,On or near FARRAR CLOSE,E01028304,Newark and Sherwood 007B,Investigation complete; no suspect identified
f2869e7f2c4ab03e79689bf7672e7549635b5e1050206ad26ec1e63dc81f0b57,2013-06,Nottinghamshire Police,Nottinghamshire Police,-0.861329,53.013464,On or near LINEHAM LANE,E01028325,Newark and Sherwood 012B,Investigation complete; no suspect identified
62f6f09857ebc2826839d8f5e7c8f38d6158b50b400fad5137c11d1b07c40728,2013-06,Nottinghamshire Police,Nottinghamshire Police,-0.940601,53.315259,On or near THRUMPTON LANE,E01028022,Bassetlaw 008F,Local resolution
d5cb3245004194b25a024dc2b20b24e42ab36f3105fbb8d8a5e52ca43992be90,2013-06,Nottinghamshire Police,Nottinghamshire Police,-1.122825,53.307407,On or near B6045,E01028057,Bassetlaw 012A,Investigation complete; no suspect identified
3a431e8e851cf41f43cec8ca5172a4e2ffbadc21d8fc904dcbd80702d83ebafc,2013-06,Nottinghamshire Police,Nottinghamshire Police,-0.953908,53.330927,On or near MILNERCROFT,E01028016,Bassetlaw 005D,Investigation complete; no suspect identified
f8cbe5e6bc41edb004e0fea74c823bb868b72b45bf2da6181328223a4ed1411d,2013-06,Nottinghamshire Police,Nottinghamshire Police,-0.899261,53.233559,On or near ELDON GREEN,E01028037,Bassetlaw 015D,Investigation complete; no suspect identified
b6d09e3af37a1a6df79c8d0705eee2d9e6f8206cc5becfce5bff6b31dd6f1547,2013-06,Nottinghamshire Police,Nottinghamshire Police,-0.889477,53.228956,On or near ASPEN COURT,E01028037,Bassetlaw 015D,Investigation complete; no suspect identified
a0d9a82f9cc1778a567a0ceb284e2c72041b10a2b9e98065e378ee52e0841b58,2013-06,Nottinghamshire Police,Nottinghamshire Police,-0.926379,53.327510,On or near BRIXWORTH WAY,E01028009,Bassetlaw 008B,Investigation complete; no suspect identified
c5f8ca8ddf9f2d7b4533aca0b60df7c000ef83baacae8b497b46a3ce5e0a6c24,2013-06,Nottinghamshire Police,Nottinghamshire Police,-0.882389,53.407172,On or near A631,E01028023,Bassetlaw 003A,Investigation complete; no suspect identified
db0319e343776b2f79bfd777d3c2d1461ea60ddb7179f6531607311184dba7d4,2013-06,Nottinghamshire Police,Nottinghamshire Police,-1.045951,53.419979,On or near SUFFOLK GROVE,E01028025,Bassetlaw 001C,Investigation complete; no suspect identified
11cfd19101eea9ee26a0983170771b1676668f031878cf31bbd9f5fbb502a26c,2013-06,Nottinghamshire Police,Nottinghamshire Police,-1.218255,53.154618,On or near FAIRHOLME DRIVE,E01028229,Mansfield 006A,Suspect charged
3320a9813f43d4a8188caf6c357670ffb996246177b73ec0b9d257dda7b78a18,2013-06,Nottinghamshire Police,Nottinghamshire Police,-1.218255,53.154618,On or near FAIRHOLME DRIVE,E01028229,Mansfield 006A,Suspect charged
1d891b897fc4674b0303cb88938db0ee406b1e24e05518a760eea7ae62cb4ac0,2013-06,Nottinghamshire Police,Nottinghamshire Police,-1.195967,53.143701,On or near Parking Area,E01028268,Mansfield 008D,Suspect charged
affe3cfeaf2eace8f8b47a71d5e74d0fdca631f8db6d73f54ea5af662a1c58c8,2013-06,Nottinghamshire Police,Nottinghamshire Police,-1.198780,53.138749,On or near PORTLAND STREET,E01028268,Mansfield 008D,Investigation complete; no suspect identified
13ef93d3631c395d24aac0b19db1c43436ce88646aa3f271f66b43099808d68f,2013-06,Nottinghamshire Police,Nottinghamshire Police,-1.167025,53.144374,On or near KEMPTON ROAD,E01028236,Mansfield 011B,Investigation complete; no suspect identified
c23bd7d797f4ec6eed0a9a1045c7c60af41bbfd21e2bf40e3a58d0145f861e7e,2013-06,Nottinghamshire Police,Nottinghamshire Police,-1.154254,53.129290,On or near SOUTHWELL ROAD WEST,E01028256,Mansfield 012B,Investigation complete; no suspect identified
d775676d3d87b0e91c7449394342bd05e8551b1d339dedd482fbc73bf66d32ec,2013-06,Nottinghamshire Police,Nottinghamshire Police,-1.205370,53.035119,On or near Hospital,E01027927,Ashfield 014A,Investigation complete; no suspect identified
42b5c2374cfe1765462238c95ba608e11267f8d2388a07a878c56585a070c54c,2013-06,Nottinghamshire Police,Nottinghamshire Police,-1.243349,53.100917,On or near SHERWOOD STREET,E01027952,Ashfield 008A,Investigation complete; no suspect identified
b8a374e7140bfdd09c6f4e2ddebbbfdaf5da8633dd216f65fa21cac6d77c253b,2013-06,Nottinghamshire Police,Nottinghamshire Police,-1.281311,53.141495,On or near WHARF ROAD,E01027980,Ashfield 001B,Investigation complete; no suspect identified
32ecf0874e6e7038c196f383e39fc3dd851eb38cc2deb72ca55ce20370f4296a,2013-06,Nottinghamshire Police,Nottinghamshire Police,-1.245717,53.129500,On or near Petrol Station,E01027985,Ashfield 004E,Investigation complete; no suspect identified
91e7aa2830a9aa94f5e0f410a6c83e350e1a84a28c6630a0fc04f5cfa34bd0a5,2013-06,Nottinghamshire Police,Nottinghamshire Police,-1.276547,53.121610,On or near DOREEN DRIVE,E01027969,Ashfield 006A,Investigation complete; no suspect identified
6e901967bf5125e2ffc5882f2b960ca7ad3412bfc16910d1f65ff5516a478d46,2013-06,Nottinghamshire Police,Nottinghamshire Police,-1.239602,53.132193,On or near Sports/Recreation Area,E01027985,Ashfield 004E,Investigation complete; no suspect identified
6128f0b2ebf0596207d8ec6f4046e2b2c1ccec2ebb113728df31f6160516fd13,2013-06,Nottinghamshire Police,Nottinghamshire Police,-1.247991,53.127653,On or near BURN STREET,E01027977,Ashfield 004C,Investigation complete; no suspect identified
07f82d759ef4552c0f7827e49255c4325ea22ecb9e6ec8eb6b981e1b8a6302fe,2013-06,Nottinghamshire Police,Nottinghamshire Police,-1.263820,53.124867,On or near MARKET STREET,E01027968,Ashfield 005C,Investigation complete; no suspect identified
1109adaaa2698b7d83b0f727341b9d892fc6ae479094bf5974293555df0a5a0b,2013-06,Nottinghamshire Police,Nottinghamshire Police,-1.238677,53.132053,On or near Sports/Recreation Area,E01027985,Ashfield 004E,Investigation complete; no suspect identified
e4976f67a3ad72fb2ac10f59767e37d5e77cee48fd2ee39ce3f4fce2056b2699,2013-06,Nottinghamshire Police,Nottinghamshire Police,-1.263583,53.123013,On or near LANGTON ROAD,E01027976,Ashfield 005E,Investigation complete; no suspect identified
6535d799a6e8eda8728e7ab2e9f096fd8d2d8ad62f073087fb0f9e76274e1a0b,2013-06,Nottinghamshire Police,Nottinghamshire Police,-1.132051,52.998335,On or near GEORGE STREET,E01028175,Gedling 005C,Offender given a caution
842a8e98be8809f42097287b844f10b03ea880cf143aeeb0416d1a86e839cc6c,2013-06,Nottinghamshire Police,Nottinghamshire Police,-1.236329,52.954013,On or near FAIRBURN CLOSE,E01013863,Nottingham 025D,Offender given a caution
28e08c276c9496a1576237499c30598d5589c27db50b655998404746353776f7,2013-06,Nottinghamshire Police,Nottinghamshire Police,-1.194557,52.997552,On or near LATIMER CLOSE,E01013891,Nottingham 004E,Offender given a drugs possession warning
b197584e6ed319039890ebeadb74b1517c39c463ed749656f372a4fb4581e8a9,2013-06,Nottinghamshire Police,Nottinghamshire Police,-1.160842,53.008106,On or near CROSSFIELD DRIVE,E01013849,Nottingham 038A,Suspect charged
e0e576ff5ec86c67c1b9d5d9a773cc39889daf23d9729aeeb62667c7bcee4faf,2013-06,Nottinghamshire Police,Nottinghamshire Police,-1.189903,53.009737,On or near LEEN DRIVE,E01013882,Nottingham 002D,Offender given a caution
97a12235adbda60b540cd470f2c70d79b81d866256cbf6171c5c7dc74ea3b411,2013-06,Nottinghamshire Police,Nottinghamshire Police,-1.150829,52.954053,On or near Shopping Area,E01033406,Nottingham 039E,Local resolution
28fe7c72e66eb540fbe23f693d44d591e87f9deacab1c5612fc7271722801de4,2013-06,Nottinghamshire Police,Nottinghamshire Police,-1.146601,52.954068,On or near THURLAND STREET,E01033406,Nottingham 039E,Suspect charged
855b379330c6663f816501f03304a99997315352f33b86d85ba2426dd7d29b70,2013-06,Nottinghamshire Police,Nottinghamshire Police,-1.149477,52.954655,On or near KING STREET,E01033406,Nottingham 039E,Local resolution
902e764031c9b828e9721ee6f9f7652a528c78613b555049f69d3df8c56067ab,2013-06,Nottinghamshire Police,Nottinghamshire Police,-1.178939,52.959986,On or near HARTLEY ROAD,E01013947,Nottingham 026D,Local resolution
00e9a8b85e3bcf2099eb40627ae738588b62af39301a7ca4db7766346575a63f,2013-06,Nottinghamshire Police,Nottinghamshire Police,-1.151276,52.951737,On or near Nightclub,E01033400,Nottingham 039B,Offender given a caution
93a306ffe9d23312f23e9a130532a67cb483f1a75f00fe6c707e6ec92f57c56c,2013-06,Nottinghamshire Police,Nottinghamshire Police,-1.169929,52.961686,On or near ASPLEY PLACE,E01013814,Nottingham 022B,Offender given a drugs possession warning
d08c425dfe54cf1ef664f81573c07c49f0cb041d62ee1dea9e82329c0a36bd5c,2013-06,Nottinghamshire Police,Nottinghamshire Police,-1.143330,52.955393,On or near Nightclub,E01033405,Nottingham 023G,Offender given a caution
a6b55fe710f25598d5dacef5dc38efcb246a6046df4c1aa47a3e5658a38a17c5,2013-06,Nottinghamshire Police,Nottinghamshire Police,-1.121964,53.309171,On or near CARLTON ROAD,E01028057,Bassetlaw 012A,Suspect charged
b987ca6ddd552da78568e9424e46168acdaa33a9eb7d25d99725f484f64c8a36,2013-06,Nottinghamshire Police,Nottinghamshire Police,-1.229616,53.135635,On or near Supermarket,E01028244,Mansfield 010C,Suspect charged
63cb5983123282c3ae3400acba95e3e98a4c5f99c4521e228075b265fdcf715e,2013-06,Nottinghamshire Police,Nottinghamshire Police,-1.194662,53.143953,On or near CHURCH STREET,E01028268,Mansfield 008D,Offender given a caution
63cb5983123282c3ae3400acba95e3e98a4c5f99c4521e228075b265fdcf715e,2013-06,Nottinghamshire Police,Nottinghamshire Police,-1.194662,53.143953,On or near CHURCH STREET,E01028268,Mansfield 008D,Offender given a caution
63cb5983123282c3ae3400acba95e3e98a4c5f99c4521e228075b265fdcf715e,2013-06,Nottinghamshire Police,Nottinghamshire Police,-1.194662,53.143953,On or near CHURCH STREET,E01028268,Mansfield 008D,Offender given a caution
8d4f3b534ad3a5a608b72ae120074d91daf8b4a089c25a721176c36b075b22f4,2013-06,Nottinghamshire Police,Nottinghamshire Police,-1.207414,53.139948,On or near MOOR STREET,E01028268,Mansfield 008D,Local resolution
3da6df66533287b32a289374debdbf1b8844cd488e2fc4967cbf80b26a810187,2013-06,Nottinghamshire Police,Nottinghamshire Police,-1.194545,53.146199,On or near LEEMING STREET,E01028284,Mansfield 008F,Offender given a caution
f5538f833692d7b8512a347607b821afac9fa451a49323f61d61a8d0c9d4eaac,2013-06,Nottinghamshire Police,Nottinghamshire Police,-1.154393,53.140527,On or near LITTLEOVER AVENUE,E01028261,Mansfield 012C,Offender given a caution
0216bef5cf4c0736786eef6a9e4d0047d4b617a68079a4ab48693ec99026a81f,2013-06,Nottinghamshire Police,Nottinghamshire Police,-1.182986,53.144709,On or near BELPER STREET,E01028276,Mansfield 009E,Local resolution
4b126bbf544b5a00c9214e6ac2c056a255682fb0352673c7f06e51dc7dc8ef21,2013-06,Nottinghamshire Police,Nottinghamshire Police,-1.194422,53.146387,On or near LEEMING STREET,E01028274,Mansfield 009C,Suspect charged
33f1e11da65e29196408d02c51736113886df0196a804f704a50adc01bc00c7a,2013-06,Nottinghamshire Police,Nottinghamshire Police,-1.202514,53.037950,On or near HIGH STREET,E01027928,Ashfield 014B,Suspect charged
08b24c6c8d8443a2eeec024c04eb4b196ffd70d3dfa8f4d2e54db00d52c420b5,2013-06,Nottinghamshire Police,Nottinghamshire Police,-1.032926,52.910578,On or near HAZELWOOD,E01028370,Rushcliffe 009E,Offender given a caution
8d6814fe370598a9a7a02c568320fe8d70bc5777a77163a2e7489e6d572fd90a,2013-06,Nottinghamshire Police,Nottinghamshire Police,-1.185747,52.847879,On or near GOTHAM ROAD,E01028378,Rushcliffe 014A,Investigation complete; no suspect identified
335b89eed2e5dfd52d12b591d4090704e0dfc5413f16e744e2ce65b655b66d58,2013-06,Nottinghamshire Police,Nottinghamshire Police,-1.255464,52.991701,On or near COLLY GATE,E01028102,Broxtowe 004A,Investigation complete; no suspect identified
90c679b10e20cb7745371e9cbd99d02ef4350861f77faf69fa3eb062aaa959de,2013-06,Nottinghamshire Police,Nottinghamshire Police,-1.207431,52.988586,On or near MILLENNIUM WAY WEST,E01013876,Nottingham 005B,Investigation complete; no suspect identified
da65f73e5c71e8407c1ae43ce5d1c154ff50e40ec59eb9e04c980874517bc464,2013-06,Nottinghamshire Police,Nottinghamshire Police,-1.292659,53.020245,On or near MILL ROAD,E01028108,Broxtowe 001D,Investigation complete; no suspect identified
34fc99c18f6dfb508a4d177fdb1833998370652a9c67fdad97953009711e1481,2013-06,Nottinghamshire Police,Nottinghamshire Police,-1.301824,53.016793,On or near OXFORD STREET,E01028113,Broxtowe 002D,Investigation complete; no suspect identified
ed44608b013be08565658230c1af4c06f42856acb6add81705e824de37856291,2013-06,Nottinghamshire Police,Nottinghamshire Police,-1.300667,53.021056,On or near GREENHILLS AVENUE,E01028108,Broxtowe 001D,Investigation complete; no suspect identified
3aa601a91cf5617fe95eebc02d13d358129ea07b410a17e441935fadbb058df0,2013-06,Nottinghamshire Police,Nottinghamshire Police,-1.289703,53.004208,On or near SMITHURST ROAD,E01028117,Broxtowe 003D,Investigation complete; no suspect identified
31d6e58257c481e222fedcb28985551a657119ab01621bd3a5d64049f909ed43,2013-06,Nottinghamshire Police,Nottinghamshire Police,-1.285060,52.993869,On or near MEADOW ROAD,E01033413,Broxtowe 016G,Investigation complete; no suspect identified
7141afa3f8fc181da80539898afc6ea954e0921e0b9e745cce2f830873043ffd,2013-06,Nottinghamshire Police,Nottinghamshire Police,-1.303870,53.017443,On or near Supermarket,E01028112,Broxtowe 002C,Investigation complete; no suspect identified
39ec01f68886e6e64780858524dcfeab721b0dfc25462766f5d962bcdb6474e2,2013-06,Nottinghamshire Police,Nottinghamshire Police,-1.304798,53.020038,On or near GRANGE VIEW,E01028112,Broxtowe 002C,Investigation complete; no suspect identified
c1d613180081aaa9ec38512f500321f47dbb6cd9580f5ddcd06a731d533b76f3,2013-06,Nottinghamshire Police,Nottinghamshire Police,-1.308391,53.018153,On or near MANSFIELD ROAD,E01028111,Broxtowe 002B,Investigation complete; no suspect identified
1f759ed0bfd08ba3c94166e4edb765246984ed0b8f0ad428b94a103913ce5b48,2013-06,Nottinghamshire Police,Nottinghamshire Police,-1.309046,53.019118,On or near Petrol Station,E01028111,Broxtowe 002B,Local resolution
6c3ed60ad2671f5543979f4855106cdf393920f6cd3f01ce96d81eda5ba57646,2013-06,Nottinghamshire Police,Nottinghamshire Police,-1.115756,52.972487,On or near HILLVIEW ROAD,E01028163,Gedling 013D,Investigation complete; no suspect identified
688d9349ae6c9530fc26d7432f3be385007f5b5bf8f648425bc0ce2bf98e4180,2013-06,Nottinghamshire Police,Nottinghamshire Police,-1.123933,52.982697,On or near WOODBOROUGH ROAD,E01028194,Gedling 010B,Investigation complete; no suspect identified
1ffba077aa76510e5a05b3e186129017975b0539a3174a7e0175f9d9d3569b87,2013-06,Nottinghamshire Police,Nottinghamshire Police,-1.086306,52.965154,On or near RUSSET AVENUE,E01028158,Gedling 014D,Investigation complete; no suspect identified
dd50e21c4647628f39bb123f0b9740f8d1811bd6c0b97782082dac8fbb2bb1ca,2013-06,Nottinghamshire Police,Nottinghamshire Police,-1.073956,52.962712,On or near VICTORIA ROAD,E01028187,Gedling 015D,Investigation complete; no suspect identified
a2ca4cdb32194660e5deb4f4b6e2d5272678bdeff66ddea70548a1d61e4f6997,2013-06,Nottinghamshire Police,Nottinghamshire Police,-1.086442,52.963689,On or near KENSINGTON GARDENS,E01028156,Gedling 014B,Investigation complete; no suspect identified
e5e7c9ed87e61625f83ddf9490f0c0b366cde844c5fb2664108e8d75170ca079,2013-06,Nottinghamshire Police,Nottinghamshire Police,-1.104430,52.980825,On or near Supermarket,E01028204,Gedling 010F,Investigation complete; no suspect identified
9969da95e4700619dc721188e356612afe3d433ef284cf3185bdfe258cc408a4,2013-06,Nottinghamshire Police,Nottinghamshire Police,-1.111737,52.968061,On or near ADDISON ROAD,E01028160,Gedling 013A,Investigation complete; no suspect identified
77ecf7ab3394279e7ca8d34c1d4a79c99adf3c4259741eb86d60f959b9a0e927,2013-06,Nottinghamshire Police,Nottinghamshire Police,-1.120655,52.977647,On or near HICKLING ROAD,E01028195,Gedling 010C,Investigation complete; no suspect identified
2cc07a221a679741136809fe25f6bd817faf189bfcfb0cc551f4616e77e6366e,2013-06,Nottinghamshire Police,Nottinghamshire Police,-1.098048,52.965450,On or near BIRCH AVENUE,E01028155,Gedling 014A,Investigation complete; no suspect identified
6f35a2e6f29b4bfdf5c5c2941ac508b587068e7563921fed7c841a382372337c,2013-06,Nottinghamshire Police,Nottinghamshire Police,-1.218003,52.929389,On or near THE POPLARS,E01028085,Broxtowe 011D,Investigation complete; no suspect identified
0d7392747abed3e30642d8e445da52cb209fd9461d9f949bcecaa0fcb67216bc,2013-06,Nottinghamshire Police,Nottinghamshire Police,-1.222999,52.927884,On or near PARK STREET,E01028084,Broxtowe 009E,Investigation complete; no suspect identified
e6c39e5162fb61708d4e703a2e6e03c19e6f613aa3f3b0668400c10c37db7a98,2013-06,Nottinghamshire Police,Nottinghamshire Police,-1.144053,52.998701,On or near ABBOTS CLOSE,E01028167,Gedling 006D,Investigation complete; no suspect identified
49ecdcf9f3fe714e16a82d92c4241744f170aeadb85690144b164cd15710f234,2013-06,Nottinghamshire Police,Nottinghamshire Police,-1.138494,53.001007,On or near MANSFIELD ROAD,E01028166,Gedling 006C,Investigation complete; no suspect identified
d1d0e771fa29b6e34b8afdc6c56d4ce311a3e7b2edde24630ed88a3591ae1ca2,2013-06,Nottinghamshire Police,Nottinghamshire Police,-1.136587,53.003240,On or near DUKE STREET,E01028165,Gedling 006B,Investigation complete; no suspect identified
228fbe901081af50a344f5f4dea15f6a032d018fb4fe4960f77c7e8e0922d649,2013-06,Nottinghamshire Police,Nottinghamshire Police,-1.128859,53.002932,On or near Parking Area,E01028209,Gedling 005D,Investigation complete; no suspect identified
919ca93b1289d88f427c7d9238a7d1d6808e89f599ad8981d415e47ca6f729ea,2013-06,Nottinghamshire Police,Nottinghamshire Police,-1.129733,53.007631,On or near CAMPION STREET,E01028144,Gedling 006A,Investigation complete; no suspect identified
836e4a6ae4400542893c902be0ac9afd7ee2cb8d595362ec963bb43a15072acc,2013-06,Nottinghamshire Police,Nottinghamshire Police,-1.129733,53.007631,On or near CAMPION STREET,E01028144,Gedling 006A,Investigation complete; no suspect identified
d6bf5f303c19c93c65ce312afe01f4273a173be42c3deebbf5ef09bc9ebf07e6,2013-06,Nottinghamshire Police,Nottinghamshire Police,-1.134799,53.002454,On or near ST ALBANS ROAD,E01028165,Gedling 006B,Investigation complete; no suspect identified
1903200ca1d1b5d579c0bb4eb71c734ec6ba985b6213bf19676e3c782b56b604,2013-06,Nottinghamshire Police,Nottinghamshire Police,-1.159946,53.013566,On or near SHACKLOCK CLOSE,E01028146,Gedling 016B,Investigation complete; no suspect identified
6c5d5199d14ead784c9353528de426d26e25d9f493f428138834268d1b9a6f43,2013-06,Nottinghamshire Police,Nottinghamshire Police,-1.164656,53.014354,On or near RUTHWELL GARDENS,E01028147,Gedling 016C,Investigation complete; no suspect identified
02732cb64e76328508700e56d2f5cdd35bf1e05a04f6bb79fc9eeac61cf4bd63,2013-06,Nottinghamshire Police,Nottinghamshire Police,-1.131618,52.993909,On or near WADHAM ROAD,E01028176,Gedling 009A,Investigation complete; no suspect identified
3da82361addaf63e6e6920a7d842b29b72af86ebd2a9d5e858fe4b48cf3deee9,2013-06,Nottinghamshire Police,Nottinghamshire Police,-1.160405,53.015295,On or near FINSBURY ROAD,E01028146,Gedling 016B,Investigation complete; no suspect identified
d72ce684af1968f00cf89d8f103df633bb376a156d382d0d40fcd589c5b54dec,2013-06,Nottinghamshire Police,Nottinghamshire Police,-1.130664,52.952362,On or near ROBERTS STREET,E01013920,Nottingham 029C,Investigation complete; no suspect identified
30c668ed6aba4934bb14212cdaf6ec4d0a2cb6835e7272d6c5bb7b1bb8a735c3,2013-06,Nottinghamshire Police,Nottinghamshire Police,-1.150486,52.960937,On or near FULFORTH STREET,E01013961,Nottingham 023D,Investigation complete; no suspect identified
18411d3e922dd8dd60a5c2498b99ec22ac0adb8e9caaed56db6da280ecbaf7f1,2013-06,Nottinghamshire Police,Nottinghamshire Police,-1.142019,52.963753,On or near FURZE GARDENS,E01013958,Nottingham 023C,Investigation complete; no suspect identified
94eb93df5df0f531ed4b613a46bbf9b245f8564cab35cc8d22811bdcb9fac1c4,2013-06,Nottinghamshire Police,Nottinghamshire Police,-1.147671,52.970086,On or near MAGDALA ROAD,E01013941,Nottingham 015C,Investigation complete; no suspect identified
ea44afc4d98ad7d71a44da486f229ef98ed9822a9fdee1bf06cee69063d47be2,2013-06,Nottinghamshire Police,Nottinghamshire Police,-1.146243,52.973015,On or near CYPRUS ROAD,E01013938,Nottingham 015B,Investigation complete; no suspect identified
a531e866a949ffe8f774ea61a85edf835cb338f7cf40d8ca833bc6e9c5f012f9,2013-06,Nottinghamshire Police,Nottinghamshire Police,-1.182650,52.906821,On or near GLAPTON LANE,E01013907,Nottingham 035F,Investigation complete; no suspect identified
f14d62741e0cd36de80017392e81da75f483d509c2ed879be492ab0361403c9f,2013-06,Nottinghamshire Police,Nottinghamshire Police,-1.134412,52.963698,On or near RUSHWORTH CLOSE,E01013960,Nottingham 021C,Investigation complete; no suspect identified
68946be12c72c551a080a4dcf8bcf85917100aa423f16691c1978efbadb765f7,2013-06,Nottinghamshire Police,Nottinghamshire Police,-1.127517,52.945282,On or near POULTON DRIVE,E01013920,Nottingham 029C,Investigation complete; no suspect identified
d03ef117fe8855a7180eb138f95b8f9161bac61eb53d90bfcfcbece75088b3e1,2013-06,Nottinghamshire Police,Nottinghamshire Police,-1.192042,52.904701,On or near THYMUS WALK,E01013909,Nottingham 036C,Investigation complete; no suspect identified
269bcbee4e4f7787a05280fcda13b1a0549f8427b6e3394e23c5a55f5f5b329e,2013-06,Nottinghamshire Police,Nottinghamshire Police,-1.150486,52.960937,On or near FULFORTH STREET,E01013961,Nottingham 023D,Investigation complete; no suspect identified
55e02887232a64b52c286c08d1c4a2e58c320bc0bd6d23b65cec91fe65cb6c71,2013-06,Nottinghamshire Police,Nottinghamshire Police,-1.133675,52.978974,On or near MISSION STREET,E01013935,Nottingham 010A,Investigation complete; no suspect identified
334b4406b64231ebb1de02b1af43032d981212f0c84d4863898d90e1e2e8de71,2013-06,Nottinghamshire Police,Nottinghamshire Police,-1.226912,52.977918,On or near CALVERTON DRIVE,E01013865,Nottingham 014B,Investigation complete; no suspect identified
ebbd624a51b0a86093ac4bfa94197a3ae8cfd369bfe74c99f8992017888d1a06,2013-06,Nottinghamshire Police,Nottinghamshire Police,-1.162823,52.992757,On or near THE GREEN MEWS,E01033398,Nottingham 006G,Investigation complete; no suspect identified
fa898dbe4e4c21b0aa76b4ea17d50f66a3e517afe8df51a60a22e5ae078ec53c,2013-06,Nottinghamshire Police,Nottinghamshire Police,-1.217492,52.975897,On or near BRADFIELD ROAD,E01013822,Nottingham 011C,Investigation complete; no suspect identified
c71c227ae8455bc92ae4361676a27a60fa83ab8a973f404ec8fc91f98e0c7251,2013-06,Nottinghamshire Police,Nottinghamshire Police,-1.226912,52.977918,On or near CALVERTON DRIVE,E01013865,Nottingham 014B,Investigation complete; no suspect identified
cb809cbe845f45ec19a8707116d2b21353b9f11f159615ce7754a4a81b8405ed,2013-06,Nottinghamshire Police,Nottinghamshire Police,-1.154542,52.998758,On or near BEMBRIDGE DRIVE,E01013853,Nottingham 006A,Investigation complete; no suspect identified
a057e91378211d39a5215f222379fb3a7b753c760e27112a791b55b3293bf6eb,2013-06,Nottinghamshire Police,Nottinghamshire Police,-1.153419,52.970837,On or near HUCKNALL ROAD,E01013941,Nottingham 015C,Investigation complete; no suspect identified
54e0c140a63460e0e10bc6cb590dd6fb04c058d13dee327fe883fb5b55bb4b28,2013-06,Nottinghamshire Police,Nottinghamshire Police,-1.150053,52.948097,On or near CANAL STREET,E01033400,Nottingham 039B,Suspect charged
6f474f342771c493cbdc93d3f31c45c1b3d76e297f7704a05192616600c1a41b,2013-06,Nottinghamshire Police,Nottinghamshire Police,-1.150352,52.951794,On or near HOUNDS GATE,E01033400,Nottingham 039B,Investigation complete; no suspect identified
dd290083dc792954a9b9981761218ec222089746805fc9668fbd69dfe3df43b6,2013-06,Nottinghamshire Police,Nottinghamshire Police,-1.174432,52.963686,On or near BROWN STREET,E01013812,Nottingham 018C,Investigation complete; no suspect identified
259ca7f51158ed7426078cc809600438014552b84ff981df8d2c62a208e65053,2013-06,Nottinghamshire Police,Nottinghamshire Police,-1.185800,52.943439,On or near Further/Higher Educational Building,E01033410,Nottingham 031I,Investigation complete; no suspect identified
2e379be0c2750fb441194d79795f0532d075e3431096ce57c3f2b544508fef17,2013-06,Nottinghamshire Police,Nottinghamshire Police,-1.173158,52.962544,On or near ALFRETON ROAD,E01013812,Nottingham 018C,Investigation complete; no suspect identified
7750b8503565f641ff481237457c8a0c331bbf92f9a0a3562ae1fa8dd4c3df16,2013-06,Nottinghamshire Police,Nottinghamshire Police,-1.150053,52.948097,On or near CANAL STREET,E01033400,Nottingham 039B,Suspect charged
784af7a022b398368f8222f7e9da9024a21747e105cf12d71ec0720bb83e5850,2013-06,Nottinghamshire Police,Nottinghamshire Police,-1.147645,52.950201,On or near Shopping Area,E01033400,Nottingham 039B,Suspect charged
91340f3b589ebf318647d39c06906937102f684baefd246a0ab0bffed72ba72d,2013-06,Nottinghamshire Police,Nottinghamshire Police,-1.181380,52.940289,On or near A6005,E01013928,Nottingham 031G,Investigation complete; no suspect identified
eb326142ddc7b43961e4862153a7420f52beab2a6f4728e1be91a6620ce13006,2013-06,Nottinghamshire Police,Nottinghamshire Police,-1.120580,53.306383,On or near BEAVER PLACE,E01028068,Bassetlaw 012D,Offender given a drugs possession warning
18bb34afebc89bdfadf19bcb0f00907dff6e7b25fdf2e9b8b5e66056d1e48e81,2013-06,Nottinghamshire Police,Nottinghamshire Police,-1.137501,53.303010,On or near Petrol Station,E01028063,Bassetlaw 014D,Suspect charged
d6e1380bad7e573a1b065cdf130aa59255d06b3188836844f7b6015843840c6d,2013-06,Nottinghamshire Police,Nottinghamshire Police,-1.129665,53.303169,On or near BROOK TERRACE,E01028062,Bassetlaw 013C,Suspect charged
b7ab004838626c293884e98d9877c5eef1c90af8e9368efe090f9435f9e37789,2013-06,Nottinghamshire Police,Nottinghamshire Police,-1.096068,53.249030,On or near OLLERTON ROAD,E01028040,Bassetlaw 014A,Investigation complete; no suspect identified
db8cdace17a7b0bda7e98d320c6c60cc8325e419784ef28010d66f2216457fdf,2013-06,Nottinghamshire Police,Nottinghamshire Police,-1.077085,53.191606,On or near MELLORS ROAD,E01028321,Newark and Sherwood 002C,Suspect charged
b1f4bd48b8e6c5b7d09757b4125673e1cd86aa86a0ce15bf0d0478fda69e74af,2013-06,Nottinghamshire Police,Nottinghamshire Police,-1.077085,53.191606,On or near MELLORS ROAD,E01028321,Newark and Sherwood 002C,Suspect charged
0dbb2c7e28168805018b5187e7b0983d0decf65c273750702632e81bfb925afe,2013-06,Nottinghamshire Police,Nottinghamshire Police,-1.116461,53.097733,On or near Petrol Station,E01028300,Newark and Sherwood 006D,Investigation complete; no suspect identified
bcab5c62e9328d1c52338a8d8e3c1d93a9b77add858082df1fa150ad269bbe86,2013-06,Nottinghamshire Police,Nottinghamshire Police,-0.769815,53.095941,On or near Airport/Airfield,E01028353,Newark and Sherwood 004D,Investigation complete; no suspect identified
150941b1e208611c559ef837397a865fb887671801aecd1ae80c709e27fef8b6,2013-06,Nottinghamshire Police,Nottinghamshire Police,-0.808784,53.078439,On or near Supermarket,E01028310,Newark and Sherwood 007F,Investigation complete; no suspect identified
8b8a12ecc4c44917ec9137644394fcf86a2023fc57b1669f4ee7eb952007cf63,2013-06,Nottinghamshire Police,Nottinghamshire Police,-0.796313,53.086170,On or near LINCOLN COURT,E01028304,Newark and Sherwood 007B,Investigation complete; no suspect identified
0309f3a01e4c6e14a4bbab25c1a01d49583a9bb6eeda902cf474ca773052cd61,2013-06,Nottinghamshire Police,Nottinghamshire Police,-0.806431,53.059366,On or near TRINITY ROAD,E01028320,Newark and Sherwood 010E,Investigation complete; no suspect identified
b1ac60cc92b585b4de67014bcab9cb2abd6e760a0f97c70a856246b7e985b86f,2013-06,Nottinghamshire Police,Nottinghamshire Police,-0.815866,53.074977,On or near HUDDLESTONES WHARF,E01028311,Newark and Sherwood 007G,Investigation complete; no suspect identified
83e7c705e0e1ccf382f02ca5f4e9397491249e1993af10dce494cf862aa969c9,2013-06,Nottinghamshire Police,Nottinghamshire Police,-0.798984,53.084615,On or near Bus/Coach Station,E01028304,Newark and Sherwood 007B,Investigation complete; no suspect identified
41e237c985a908a90c95a5fc50fa10969a985438b5eea7dbb28aa8ea82c041ab,2013-06,Nottinghamshire Police,Nottinghamshire Police,-0.793585,53.087608,On or near EMMENDINGEN AVENUE,E01028304,Newark and Sherwood 007B,Investigation complete; no suspect identified
e6cc5300349432db014352b4b8eb7ffbae2b89b3d34d6c8910baf154b4161476,2013-06,Nottinghamshire Police,Nottinghamshire Police,-0.771448,53.083166,On or near YOUNGS CLOSE,E01028353,Newark and Sherwood 004D,Investigation complete; no suspect identified
d35f04bc5bb2df234c7038dcf648b2b76ce56ce9db16452a2360eb676d298e21,2013-06,Nottinghamshire Police,Nottinghamshire Police,-0.833548,53.066395,On or near THE IVIES,E01028309,Newark and Sherwood 010B,Investigation complete; no suspect identified
5639581baee456806fcf575e9d75a3de6280b4ef10e67bdc85715781828b2e44,2013-06,Nottinghamshire Police,Nottinghamshire Police,-0.958951,53.319924,On or near BABWORTH CRESCENT,E01028021,Bassetlaw 010E,Offender given a caution
820367c0a7ef86b5683b899411edb5a7c9ec7e729419f9e0f2991889c09b54a1,2013-06,Nottinghamshire Police,Nottinghamshire Police,-1.060719,53.418334,On or near ALEXANDRA ROAD,E01028026,Bassetlaw 001D,Investigation complete; no suspect identified
dcd8177e6b92aebd28ea13c4129669ac960f0cdcae82c6b42715c2bfcd38e71a,2013-06,Nottinghamshire Police,Nottinghamshire Police,-0.936471,53.326225,On or near SPRINGFIELD ROAD,E01028008,Bassetlaw 008A,Investigation complete; no suspect identified
d2d7ed18d574bcb87b52aac2a0f81437484de579a254ed25bd0fe366e85af076,2013-06,Nottinghamshire Police,Nottinghamshire Police,-1.013620,53.375500,On or near HUNTSMAN PLACE,E01028034,Bassetlaw 003B,Investigation complete; no suspect identified
34d029f9ed8af093bad6a3ed26a8e5d19d80613ce3c514b760b7e29808e4977b,2013-06,Nottinghamshire Police,Nottinghamshire Police,-1.055167,53.418290,On or near GILBERT ROAD,E01028027,Bassetlaw 001E,Investigation complete; no suspect identified
7f548d3f9c167a6b9b8de8714f974c4ccacd32687b07e1a598701c024eda3e4a,2013-06,Nottinghamshire Police,Nottinghamshire Police,-1.191040,53.161664,On or near CHURCH HILL AVENUE,E01028272,Mansfield 005C,Investigation complete; no suspect identified
227f4e2afb094c423a4d5a7c50a5c4b05fdfb5b45507af78697cd308dc85c780,2013-06,Nottinghamshire Police,Nottinghamshire Police,-1.154462,53.158299,On or near GARWICK CLOSE,E01028240,Mansfield 007D,Investigation complete; no suspect identified
ef3d62c6d22d8dc761a93f0214fbd66a86f90141c2a7c0d1d583048abc055fbd,2013-06,Nottinghamshire Police,Nottinghamshire Police,-1.213474,53.138802,On or near SUTTON ROAD,E01028249,Mansfield 010G,Investigation complete; no suspect identified
51aa9e31d7615a25d6e500432fa739bafbbbfefce56a1bc25acae9a697543ffd,2013-06,Nottinghamshire Police,Nottinghamshire Police,-1.168802,53.134417,On or near SOUTHWELL ROAD WEST,E01028219,Mansfield 013A,Investigation complete; no suspect identified
a701b5568a8c7e277e701b496adaeedc7a33dea6d36c0fa91dffb9280fb39a20,2013-06,Nottinghamshire Police,Nottinghamshire Police,-1.225998,53.033242,On or near ROCKWOOD CRESCENT,E01027944,Ashfield 015E,Investigation complete; no suspect identified
17ac37122b651b66614987e02be8e7077fd8821382f29a1c10da538a54655b95,2013-06,Nottinghamshire Police,Nottinghamshire Police,-1.230043,53.033016,On or near BRAUNTON CLOSE,E01027944,Ashfield 015E,Investigation complete; no suspect identified
2ab1a84de76c13487c1af5aaeaa1921730b5075d032ffcbf976eecae710967ab,2013-06,Nottinghamshire Police,Nottinghamshire Police,-1.194519,53.031613,On or near HANKIN STREET,E01027931,Ashfield 013B,Investigation complete; no suspect identified
db10491dd4539ee8d317011fb02d7a28301aa053b88449a89838e859180eaeaa,2013-06,Nottinghamshire Police,Nottinghamshire Police,-1.151365,52.974580,On or near YEW TREE AVENUE,E01013972,Nottingham 015E,Investigation complete; no suspect identified
33b90dc49af4fea9960c031f4a1470baf4f19636d5e5b7d01d8de0ae8e3b493d,2013-06,Nottinghamshire Police,Nottinghamshire Police,-1.196497,53.035896,On or near Supermarket,E01027932,Ashfield 014C,Investigation complete; no suspect identified
c15bee22fd6a98475a9f4b739801d3a4d2bb35dac990e86e0b33417b87593c1f,2013-06,Nottinghamshire Police,Nottinghamshire Police,-1.197097,53.025292,On or near PINE GROVE,E01027930,Ashfield 016B,Investigation complete; no suspect identified
837cf602cbb6bb775b0757a458666cc2d27fc6c57f617852ebf83a3bf84f079f,2013-06,Nottinghamshire Police,Nottinghamshire Police,-1.203782,53.041150,On or near PALMER AVENUE,E01027933,Ashfield 014D,Investigation complete; no suspect identified
04ac270ce88cd91558a5bc7500c7f36769c54c84464d35fb01a8429ddd714ddf,2013-06,Nottinghamshire Police,Nottinghamshire Police,-1.191016,53.031526,On or near ROSEBERRY GARDENS,E01027931,Ashfield 013B,Investigation complete; no suspect identified
c683291eff0bd3a5fd3c440f2ea8d41981368f61e82813eccc3737eda7dc6a35,2013-06,Nottinghamshire Police,Nottinghamshire Police,-1.202845,53.048281,On or near ROBEY CLOSE,E01027934,Ashfield 013C,Investigation complete; no suspect identified
64e7bff226caa13fdaf83f581a0f623a84b9a14abbf22efd0232a8ccf5469687,2013-06,Nottinghamshire Police,Nottinghamshire Police,-1.243471,53.082885,On or near MIDFIELD ROAD,E01027997,Ashfield 010C,Investigation complete; no suspect identified
c46b15816247169049dbc4880399fad5100167c4d55c6236edff6d53edc10653,2013-06,Nottinghamshire Police,Nottinghamshire Police,-1.196400,53.041945,On or near BUCKINGHAM AVENUE,E01027934,Ashfield 013C,Investigation complete; no suspect identified
9ea40039e9ba2c00580888687a6efa59f69285b0425bf1b06db518e4f1866939,2013-06,Nottinghamshire Police,Nottinghamshire Police,-1.298926,53.051187,On or near SMEATH ROAD,E01027994,Ashfield 012D,Investigation complete; no suspect identified
c6f9478f73aebc44c88702adc9a04131ffe3e7dc9c34b4d31725d723c0951d32,2013-06,Nottinghamshire Police,Nottinghamshire Police,-1.217664,53.043058,On or near WASHDYKE LANE,E01027943,Ashfield 015D,Investigation complete; no suspect identified
f6a4faac11a4d4bc70bc8e1c2fbf9c0979c2b00ff4005221c208e086aaef0369,2013-06,Nottinghamshire Police,Nottinghamshire Police,-1.298926,53.051187,On or near SMEATH ROAD,E01027994,Ashfield 012D,Investigation complete; no suspect identified
b1c250b66440e2c46b4a519c666aedd985c65657f417a4c74eff92ba3a654c4a,2013-06,Nottinghamshire Police,Nottinghamshire Police,-1.197998,53.035403,On or near LINGFORD STREET,E01027932,Ashfield 014C,Investigation complete; no suspect identified
e83fed2b16a716947a25fadfecf7470a2f15e6a55d6ab7c98b3b5c0cedaf3282,2013-06,Nottinghamshire Police,Nottinghamshire Police,-1.297788,53.125764,On or near HIGH HAZLES DRIVE,E01027987,Ashfield 003C,Investigation complete; no suspect identified
f9f43daf11c8f9562f0a3fdbb97b99a213a225f00905f0430c10cd4f1ae42aa2,2013-06,Nottinghamshire Police,Nottinghamshire Police,-1.256967,53.128006,On or near OUTRAM STREET,E01027967,Ashfield 004A,Investigation complete; no suspect identified
3c911c48c26af49a90ad7f27af60d3f37f807a3a1db67c65d998c3fc7cd8327e,2013-06,Nottinghamshire Police,Nottinghamshire Police,-1.235254,53.105162,On or near PINEWOOD CLOSE,E01027951,Ashfield 007B,Investigation complete; no suspect identified
b9816a5c935ba9528ebebce5a02e75197cc8140945fd4e531f463f020ce444c9,2013-06,Nottinghamshire Police,Nottinghamshire Police,-1.249464,53.097126,On or near KING STREET,E01027948,Ashfield 009B,Investigation complete; no suspect identified
c2e23e11b4b1f857dacdd0b6db6f6e3f0ed8bc82551c50b44860341df96f0d76,2013-06,Nottinghamshire Police,Nottinghamshire Police,-1.242486,53.127079,On or near FAIRFIELD ROAD,E01027977,Ashfield 004C,Investigation complete; no suspect identified
63bf64c5c6571f9b229dadfec302e7ef900aeef97f6a5d44b5791b1169e43a78,2013-06,Nottinghamshire Police,Nottinghamshire Police,-1.253398,53.121808,On or near HEATHCOTE PLACE,E01027972,Ashfield 004B,Investigation complete; no suspect identified
632d36aa0e2468df7c6780f1ccc1f625053c8caafbd26790f8ddce487c792ee8,2013-06,Nottinghamshire Police,Nottinghamshire Police,-1.280696,53.120142,On or near OAKLEAF CRESCENT,E01027992,Ashfield 006F,Investigation complete; no suspect identified
ac092683666a2c10470fdca9f4ea1fe235715cea4a5458deb616c060e7eb6bb7,2013-06,Nottinghamshire Police,Nottinghamshire Police,-1.261241,53.099231,On or near WHEATLEY AVENUE,E01027948,Ashfield 009B,Investigation complete; no suspect identified
e558e53298eb8c0410bbce82d3a1f10ee97fde77b5c4c745460d0cddc837f5e3,2013-06,Nottinghamshire Police,Nottinghamshire Police,-1.245469,53.103564,On or near Petrol Station,E01027952,Ashfield 008A,Investigation complete; no suspect identified
c475720512b736165677fbf5b5e90fdb275acbf787261fad6810870a97997a57,2013-06,Nottinghamshire Police,Nottinghamshire Police,-1.240444,53.131893,On or near Supermarket,E01027985,Ashfield 004E,Investigation complete; no suspect identified
ecafd32116b55fe5a9373e9cb686a9b0d4153315cf063a34b8dbc652a742b312,2013-06,Nottinghamshire Police,Nottinghamshire Police,-1.273047,53.123602,On or near Petrol Station,E01027969,Ashfield 006A,Investigation complete; no suspect identified
d08c425dfe54cf1ef664f81573c07c49f0cb041d62ee1dea9e82329c0a36bd5c,2013-06,Nottinghamshire Police,Nottinghamshire Police,-1.143330,52.955393,On or near Nightclub,E01033405,Nottingham 023G,Offender given a caution
4525a73589ed9d358e5ba1ea7534b885b81a52cb14acbbb9ee6e14eb341fa8e9,2013-06,Nottinghamshire Police,Nottinghamshire Police,-1.033536,52.907895,On or near RITCHIE CLOSE,E01028366,Rushcliffe 009A,Suspect charged
0914d328d7bba961b0b376f8da6e85f1c3947098a1220eca4ca334356e04e022,2013-06,Nottinghamshire Police,Nottinghamshire Police,-1.270008,53.001203,On or near LAWN MILL ROAD,E01028105,Broxtowe 016A,Local resolution
69aa0fc2c7ad4e2aeb0e8d264df6c672a86f3108c6aec786af15b15d1ad56d93,2013-06,Nottinghamshire Police,Nottinghamshire Police,-1.166888,52.963435,On or near WESTON AVENUE,E01013814,Nottingham 022B,Suspect charged
bdd6bc332802ba9ded647e288e050bd486fd47a04734b46b5a4ea2e0e7361ebb,2013-06,Nottinghamshire Police,Nottinghamshire Police,-1.090740,52.966743,On or near Supermarket,E01028158,Gedling 014D,Local resolution
efd885ffff788296b2403d9cf69fcf78852f062c7890147718debaa5c77d744a,2013-06,Nottinghamshire Police,Nottinghamshire Police,-1.084667,52.964530,On or near RUSSET AVENUE,E01028158,Gedling 014D,Offender given a caution
2990e24c3858bec92c4d56471c2942204e50b41b2f203a530f23c5ade8d8779b,2013-06,Nottinghamshire Police,Nottinghamshire Police,-1.182669,52.910552,On or near CLIFTON LANE,E01013898,Nottingham 035B,Suspect charged
cd404c113c7ce76c24d256889cb8443324f3ad9cf5bcf1c61c2ac8d103cc519f,2013-06,Nottinghamshire Police,Nottinghamshire Police,-1.185796,52.896819,On or near FARNBOROUGH ROAD,E01013904,Nottingham 037A,Local resolution
ee60aa429515c6e28d17d7b07e1dfb097db29904d23bf906c7fd4343be297d84,2013-06,Nottinghamshire Police,Nottinghamshire Police,-1.191006,53.012927,On or near GRINDON CRESCENT,E01013881,Nottingham 002C,Suspect charged
937c32986feae7cd124ec717cf3befe625928a49887070f978354de873abd3a4,2013-06,Nottinghamshire Police,Nottinghamshire Police,-1.184224,53.013725,On or near LITTLE OAK WOOD DRIVE,E01013892,Nottingham 001B,Offender given a drugs possession warning
b9c3b943d844b3d0d42c99be31005a1f7e5b233ec0f063e33c7f79028c818d0c,2013-06,Nottinghamshire Police,Nottinghamshire Police,-1.197510,52.999801,On or near Bus/Coach Station,E01013885,Nottingham 002E,Suspect charged
c05efba4e41f8ef98100a193d0be76f52b72f82b0b58307e9c08ed4401b58dba,2013-06,Nottinghamshire Police,Nottinghamshire Police,-1.145741,52.959195,On or near GREAT FREEMAN STREET,E01013961,Nottingham 023D,Offender given a caution
997ecf9f4dc307425f80f6fd6b548d5a11ae963d4e10895ed17924c76485352b,2013-06,Nottinghamshire Police,Nottinghamshire Police,-1.148754,52.958884,On or near YORK STREET,E01013961,Nottingham 023D,Offender given a caution
f4be1c96fe202c8441aa856de3596ab6f1920c2e7fac348a5d374382ae454aeb,2013-06,Nottinghamshire Police,Nottinghamshire Police,-1.145710,52.955473,On or near CLARE STREET,E01033409,Nottingham 023H,Local resolution
687b573e40f1e0804a656ccb5d4b4b424bcbc90eb8e2564fadd1589564b8dfed,2013-06,Nottinghamshire Police,Nottinghamshire Police,-1.145710,52.955473,On or near CLARE STREET,E01033409,Nottingham 023H,Local resolution
e3f1db3ec467b672cedb99d9395d8cc8e0ef270a5fc336c987e35419c9af38ef,2013-06,Nottinghamshire Police,Nottinghamshire Police,-1.145710,52.955473,On or near CLARE STREET,E01033409,Nottingham 023H,Local resolution
4ddae8743da9024c048a538970f83055146594d7fbbf5b4242189ff0e1eaaa9f,2013-06,Nottinghamshire Police,Nottinghamshire Police,-1.191349,52.931521,On or near Sports/Recreation Area,E01033410,Nottingham 031I,Offender given a caution
00b38e6e3c866ccb28f25d056cb493bfe4198c6dfc9d152cae0d9fe42b3afe92,2013-06,Nottinghamshire Police,Nottinghamshire Police,-1.166888,52.963435,On or near WESTON AVENUE,E01013814,Nottingham 022B,Offender given a caution
53de854bc91dcad4726762e19f1fb0a83d35731e2c1a1847807479fd83a159a0,2013-06,Nottinghamshire Police,Nottinghamshire Police,-1.159803,52.974128,On or near ELTON ROAD NORTH,E01013843,Nottingham 017A,Suspect charged
9220a477f1fcb8cd13ff62da4dc75266c7a7963b01bab92fa1f7501371343c95,2013-06,Nottinghamshire Police,Nottinghamshire Police,-1.145030,52.980899,On or near MANSFIELD STREET,E01013969,Nottingham 010C,Suspect charged
bad2d00487a94562493edcf74ad90c36dae948b5ea4ef922e8f08b7b2421e6b0,2013-06,Nottinghamshire Police,Nottinghamshire Police,-1.165893,52.979555,On or near GLAMIS ROAD,E01013840,Nottingham 012D,Local resolution
88d68eed2983ffe5c9994e167b22077070d5ebd50b2af4ad40259cbf3c5ed883,2013-06,Nottinghamshire Police,Nottinghamshire Police,-1.145030,52.980899,On or near MANSFIELD STREET,E01013969,Nottingham 010C,Suspect charged
46a00a4c14e4517441436e5e43050457f32b6dc0d03e8e0238d6fb3b2bacab06,2013-06,Nottinghamshire Police,Nottinghamshire Police,-0.804121,53.064647,On or near BOWBRIDGE ROAD,E01028334,Newark and Sherwood 009D,Suspect charged
17968506e6d2e7dadde8296683c0f044b6f814b415d30ef407178aa2fdf55f13,2013-06,Nottinghamshire Police,Nottinghamshire Police,-1.193450,53.165554,On or near PARKER'S LANE,E01028272,Mansfield 005C,Offender given a caution
0e7e9b9ffd37937cfda274246cddc4cfa94f4282d456f969e17fb0f2b1684b59,2013-06,Nottinghamshire Police,Nottinghamshire Police,-1.173780,53.139863,On or near MALTBY ROAD,E01028234,Mansfield 009B,Offender given a caution
99f6f476c99154df9fdab8bacc938b81acf0a7e287e2beab2d1885dd3b2a1b46,2013-06,Nottinghamshire Police,Nottinghamshire Police,-1.204092,53.144178,On or near GOLDSMITH STREET,E01028247,Mansfield 008C,Suspect charged
617ec0bc35e98f0f34e08761467e02fd8d08ad423e6b50c55f2bff29df97a866,2013-06,Nottinghamshire Police,Nottinghamshire Police,-1.127606,53.004442,On or near Supermarket,E01028209,Gedling 005D,Local resolution
d02bc923b4d8ebaa2f5616d3d59c883385c3b030aca52531ae4f251db695b40a,2013-06,Nottinghamshire Police,Nottinghamshire Police,-1.166036,52.945055,On or near Supermarket,E01013870,Nottingham 040A,Local resolution
ef7ec8cfdf7601225ea480a1e5cab2c97179aef32c9d5871d093fe91eb5a615c,2013-06,Nottinghamshire Police,Nottinghamshire Police,-1.226326,52.973240,On or near STRELLEY ROAD,E01013865,Nottingham 014B,Local resolution
3043d7d48008ac9a66f83c6bc75169976d922b2c79b48583883440c1b102bd4b,2013-06,Nottinghamshire Police,Nottinghamshire Police,-1.197510,52.999801,On or near Bus/Coach Station,E01013885,Nottingham 002E,Suspect charged
147b856d47156b50811694ce4782aacd319fc879eda0d9b9e6707c7551603714,2013-06,Nottinghamshire Police,Nottinghamshire Police,-1.149881,52.950775,On or near STANFORD STREET,E01033400,Nottingham 039B,Suspect charged
2cc10acc1b071243d04725e1ad076b82a128c006497804c87b90c9d75a5a45e5,2013-06,Nottinghamshire Police,Nottinghamshire Police,-1.147645,52.950201,On or near Shopping Area,E01033400,Nottingham 039B,Suspect charged
50a7950b6d9ce11cdd7e1199727aa5a17f51ba8662ae48309255be1452cd76fa,2013-06,Nottinghamshire Police,Nottinghamshire Police,-1.150829,52.954053,On or near Shopping Area,E01033406,Nottingham 039E,Suspect charged
362ba59bbe96fe1e59e341967cf465338dcc5e63b90948cd13798b1ecc14473b,2013-06,Nottinghamshire Police,Nottinghamshire Police,-1.175741,52.960593,On or near WILTON ROAD,E01013945,Nottingham 026B,Offender given a drugs possession warning
1870c348b7127e9ee38cfea0a048ededf52dec6fe1b6917f6a15938c270a3da0,2013-06,Nottinghamshire Police,Nottinghamshire Police,-1.125486,53.305700,On or near Shopping Area,E01028062,Bassetlaw 013C,Suspect charged
ce236b6cf0282d5e1ec95e547f3c2bd76f674ee146f96d87f7f6cad7bb860795,2013-06,Nottinghamshire Police,Nottinghamshire Police,-0.809634,53.075229,On or near Parking Area,E01028310,Newark and Sherwood 007F,Local resolution
c401687c4018362fddc5b4943a8ef73025de0a905068fcab664a14479476e7bd,2013-06,Nottinghamshire Police,Nottinghamshire Police,-0.817435,53.073293,On or near PARLIAMENT COURT,E01028311,Newark and Sherwood 007G,Local resolution
623461e5dafd6f339c2a76e529a8489e149202199c1ee94e46de962661813365,2013-06,Nottinghamshire Police,Nottinghamshire Police,-1.229616,53.135635,On or near Supermarket,E01028244,Mansfield 010C,Local resolution
bfa921e03e7b1ea15f2690acf071d6ce440f4a5be9b06918ce9fde6c3fde72ff,2013-06,Nottinghamshire Police,Nottinghamshire Police,-1.190270,53.047495,On or near CHRISTINE CLOSE,E01027936,Ashfield 013E,Suspect charged
6e0b0bf839553e239f2c2c6eaeb345c3fd6b7fdbd24d9555b788fb81025dec9b,2013-06,Nottinghamshire Police,Nottinghamshire Police,-1.271436,53.139332,On or near Sports/Recreation Area,E01027983,Ashfield 001D,Suspect charged
54c30e71d94d410a90de77eec0bb549f435dd38c14d7fe60c1c205646c77d75d,2013-06,Nottinghamshire Police,Nottinghamshire Police,-1.271436,53.139332,On or near Sports/Recreation Area,E01027983,Ashfield 001D,Suspect charged
f76c1a49292939041b65b977e77e4c60d3bb88cd072e666e871248ec441e3e7c,2013-06,Nottinghamshire Police,Nottinghamshire Police,-1.047533,52.869020,On or near Petrol Station,E01028421,Rushcliffe 012C,Investigation complete; no suspect identified
5809da6ee2441847f02cf74ede7fe51009d0978fb9ddd5a696602f88a7d1e649,2013-06,Nottinghamshire Police,Nottinghamshire Police,-1.073405,52.870744,On or near WILLOW BROOK,E01028381,Rushcliffe 013B,Investigation complete; no suspect identified
8a55b9f19056adc87c1077a10028c8036d3b75dc46758effe00ae3d2fa3496be,2013-06,Nottinghamshire Police,Nottinghamshire Police,-1.285605,52.988812,On or near ABBOT STREET,E01033413,Broxtowe 016G,Investigation complete; no suspect identified
f1cb9d3cd305ec3bf62abf90a396b9a5946ab00cefb600183e31a5e3a33eb3b5,2013-06,Nottinghamshire Police,Nottinghamshire Police,-1.281559,52.975924,On or near Parking Area,E01028106,Broxtowe 016B,Investigation complete; no suspect identified
1a91f12ded12bfbd3e28f1c27a310b0c70df77886f391f41208176f14bf666e6,2013-06,Nottinghamshire Police,Nottinghamshire Police,-1.258336,53.002327,On or near COATSBY ROAD,E01028104,Broxtowe 004C,Investigation complete; no suspect identified
87939bd683ef70db7a353721bd9adde368fce048c3f89169027c1b32f9d28753,2013-06,Nottinghamshire Police,Nottinghamshire Police,-1.283850,52.987785,On or near THE LANE,E01028106,Broxtowe 016B,Investigation complete; no suspect identified
358ba9b7f11ed1b365486f7de1e874e602e44875df85993bdd6fb55ca8ac19d9,2013-06,Nottinghamshire Police,Nottinghamshire Police,-1.304798,53.020038,On or near GRANGE VIEW,E01028112,Broxtowe 002C,Investigation complete; no suspect identified
da5d553f84821991f37978e31ee4c6a628380722af22dc4fc9fb42f972c00f2a,2013-06,Nottinghamshire Police,Nottinghamshire Police,-1.254906,52.936629,On or near LYNDALE ROAD,E01028090,Broxtowe 007D,Investigation complete; no suspect identified
b2855e7fd370cf3afd7ddc53d84410fa8b1234d97b4f17f23b8af00d61e72858,2013-06,Nottinghamshire Police,Nottinghamshire Police,-1.277350,52.927346,On or near ALEXANDRA STREET,E01028133,Broxtowe 010F,Investigation complete; no suspect identified
dfa2fbf040ab5ed6c330e9a88bd380690fd0ee9c4f380d886951a156c0066ef2,2013-06,Nottinghamshire Police,Nottinghamshire Police,-1.225683,52.965019,On or near ORION CLOSE,E01013868,Nottingham 020C,Investigation complete; no suspect identified
2748f18b625c9e261b349544e4b99aec20dffcfbc04d80d2449410716c1e1373,2013-06,Nottinghamshire Police,Nottinghamshire Police,-1.145710,52.955473,On or near CLARE STREET,E01033409,Nottingham 023H,Local resolution
40f021bb09bbfd5f9fdd236ab96ffb758263f0f3c712fa4ca80608033af9f7b1,2013-06,Nottinghamshire Police,Nottinghamshire Police,-0.958943,53.328266,On or near Petrol Station,E01028016,Bassetlaw 005D,Investigation complete; no suspect identified
e7c05adc271602c554f88d27e1594dd188ab1c0dbdc1b438f73b25aa12b692e7,2013-06,Nottinghamshire Police,Nottinghamshire Police,-0.958943,53.328266,On or near Petrol Station,E01028016,Bassetlaw 005D,Investigation complete; no suspect identified
64d0c8533f8ac2d62417f3730c5861bfefb73c89f66bd6b7576162a94ba31fdb,2013-06,Nottinghamshire Police,Nottinghamshire Police,-1.065439,53.424708,On or near GRANGE VIEW,E01028028,Bassetlaw 001F,Investigation complete; no suspect identified
d0fef7d82f4bc8c945923077ec84012b255eb5fd486f4c0d4eda2a47b45a54d2,2013-06,Nottinghamshire Police,Nottinghamshire Police,-1.143366,53.214582,On or near GLANNIS SQUARE,E01028258,Mansfield 001C,Investigation complete; no suspect identified
a56c45936abc3f47a0e4e76dc6ba03dd7ba592b55da3ecc37c1018a9a91210c7,2013-06,Nottinghamshire Police,Nottinghamshire Police,-1.189803,53.174150,On or near CANTERBURY CLOSE,E01028277,Mansfield 003D,Investigation complete; no suspect identified
798fcbbd944748847eb38e234b65f80f8a4351c4f631e0147116229f7cfd63ab,2013-06,Nottinghamshire Police,Nottinghamshire Police,-1.198927,53.174248,On or near NORTHFIELD PARK,E01028279,Mansfield 004B,Investigation complete; no suspect identified
7877474ae640c4a363e4eb72f594b26e34125673ed7cc52a901dfc2efc2a3acb,2013-06,Nottinghamshire Police,Nottinghamshire Police,-1.200461,53.166599,On or near THE CIRCLE,E01028281,Mansfield 004D,Investigation complete; no suspect identified
2fe0cde55b0781e08ad59be16d15ca65a95398e4cab194723e9103122f8ae2b4,2013-06,Nottinghamshire Police,Nottinghamshire Police,-1.222338,53.135507,On or near SUTTON ROAD,E01028246,Mansfield 010E,Investigation complete; no suspect identified
e56038c6e90d44d24378a49caa45c044f94ccc4619e524e2d173c19da6269efd,2013-06,Nottinghamshire Police,Nottinghamshire Police,-1.183078,53.206061,On or near GREENSHANK ROAD,E01028259,Mansfield 001D,Investigation complete; no suspect identified
2bb17265daab30849bb9de4abef8d542de6ff125af7a54e7c2e1e46f78118c60,2013-06,Nottinghamshire Police,Nottinghamshire Police,-1.183830,53.205859,On or near NORTH STREET,E01028259,Mansfield 001D,Investigation complete; no suspect identified
ae8d441cb4bda8575fa1f575d9724df7a3ff433a3318a529d3905d21bbfe1f38,2013-06,Nottinghamshire Police,Nottinghamshire Police,-1.183830,53.205859,On or near NORTH STREET,E01028259,Mansfield 001D,Investigation complete; no suspect identified
b5d076d7416d677984fc15a09afb0c6a95b752668658b8bfbc90d5be35ad6350,2013-06,Nottinghamshire Police,Nottinghamshire Police,-1.183830,53.205859,On or near NORTH STREET,E01028259,Mansfield 001D,Investigation complete; no suspect identified
0f320c7a53ce081284efbded6c90d306cf96529ad7e52923e6717c69a7bd42de,2013-06,Nottinghamshire Police,Nottinghamshire Police,-1.149564,53.132178,On or near TURNSTONE CRESCENT,E01028263,Mansfield 012D,Investigation complete; no suspect identified
73adeb6dc389cf0380aee308b7d4ea3a06fba08a716965198c15ef053e9eb3bf,2013-06,Nottinghamshire Police,Nottinghamshire Police,-1.181812,53.141186,On or near MILL STREET,E01028233,Mansfield 009A,Investigation complete; no suspect identified
ef23fb62eab22f0d29217fc7554aeaab6f97aeea5b3e666112a8764ec8ecd998,2013-06,Nottinghamshire Police,Nottinghamshire Police,-1.204253,53.137041,On or near SIBTHORPE STREET,E01028268,Mansfield 008D,Investigation complete; no suspect identified
096b91bc315fe7bc20cfc558dc436da6157100a4ee250d50d0d8b2724e9b9943,2013-06,Nottinghamshire Police,Nottinghamshire Police,-1.193568,53.137698,On or near BAUM'S LANE,E01028270,Mansfield 013F,Investigation complete; no suspect identified
666f4b765ee6f47cc8353ca0de5cf233b4a2d9a5076ee69e9a0613f27b1c2a96,2013-06,Nottinghamshire Police,Nottinghamshire Police,-1.191693,53.147627,On or near BATH LANE,E01028274,Mansfield 009C,Investigation complete; no suspect identified
bec4db2f5e8131a61566a488510473365a31bac7c441e26506ed66ecaaa7fe8d,2013-06,Nottinghamshire Police,Nottinghamshire Police,-1.204450,53.147416,On or near WELBECK STREET,E01028284,Mansfield 008F,Investigation complete; no suspect identified
efa2922281034e552e5ed4637de2281de9426892e3620dd654c0d27b4e10a064,2013-06,Nottinghamshire Police,Nottinghamshire Police,-1.196687,53.145180,On or near Shopping Area,E01028284,Mansfield 008F,Investigation complete; no suspect identified
b30c1cb9109ea57bd489e87269d1503e7fc06f61a84f089370e8a44570f711f6,2013-06,Nottinghamshire Police,Nottinghamshire Police,-1.203618,53.037103,On or near HANSON CRESCENT,E01027928,Ashfield 014B,Suspect charged
85004e406904fadd96618fb7dfb0b2784fcb31897c772037d6c23339a010a5f0,2013-06,Nottinghamshire Police,Nottinghamshire Police,-1.204524,53.034062,On or near ORCHARD STREET,E01027927,Ashfield 014A,Investigation complete; no suspect identified
8d0ec0da3196f1f63475bb8359195490983eea60cca1a092f876c925b5d1356f,2013-06,Nottinghamshire Police,Nottinghamshire Police,-1.199954,53.035254,On or near WOODSTOCK STREET,E01027932,Ashfield 014C,Investigation complete; no suspect identified
4f4d5563dcd67bb4b77e0da65a36b2eccdf4bf81f15c729b11d8a67b739e4e11,2013-06,Nottinghamshire Police,Nottinghamshire Police,-1.255505,53.130460,On or near NEW CROSS STREET,E01027967,Ashfield 004A,Investigation complete; no suspect identified
659da1bb4e54358c88baebe13fdf51d3ba1396cfb050c03965f76c56e277600b,2013-06,Nottinghamshire Police,Nottinghamshire Police,-1.254397,53.128844,On or near Parking Area,E01027978,Ashfield 004D,Investigation complete; no suspect identified
0687ba9bd9daeafbaa4c3b087643c523500aefe359ec1db6dd58619b10a28211,2013-06,Nottinghamshire Police,Nottinghamshire Police,-1.256204,53.107272,On or near JACKLIN COURT,E01027956,Ashfield 008C,Investigation complete; no suspect identified
7d09f7cea4c7b861f169c75179eb8295737ec7a7c66867d6e12f28ffc7a71660,2013-06,Nottinghamshire Police,Nottinghamshire Police,-1.235219,53.102051,On or near HILL VIEW ROAD,E01027951,Ashfield 007B,Investigation complete; no suspect identified
15b52a88517c67b1a2c5b53ad499602d93a3730c5607fde8404181142290e897,2013-06,Nottinghamshire Police,Nottinghamshire Police,-1.252704,53.120465,On or near NORMAN AVENUE,E01027972,Ashfield 004B,Investigation complete; no suspect identified
8307980cc1accef769421f34ccd2b7eab46327bf785af2624ac1841877a9d86e,2013-06,Nottinghamshire Police,Nottinghamshire Police,-1.257387,53.132270,On or near HOWARD STREET,E01027970,Ashfield 002A,Investigation complete; no suspect identified
2d5527eacbe06aa80c16e91a833c0c45e67b42702610c34165f439a67784963e,2013-06,Nottinghamshire Police,Nottinghamshire Police,-1.256551,53.010837,On or near IVY CLOSE,E01028123,Broxtowe 004E,Offender given a caution
d12654175badb0a476c51273ad3502ce8b67ef482d4a237c8574bc4a22b18bc0,2013-06,Nottinghamshire Police,Nottinghamshire Police,-1.084554,52.980449,On or near AXFORD CLOSE,E01028172,Gedling 011A,Suspect charged
257abb1999325deb2c92efc2b35d119c4f1d1dcf918aebebaded5c2254934626,2013-06,Nottinghamshire Police,Nottinghamshire Police,-1.250861,52.920161,On or near LARK CLOSE,E01028101,Broxtowe 013E,Offender given a caution
835a50cfb77bb28329bec83db048376c2bd4365978a84191f93c9619050851a3,2013-06,Nottinghamshire Police,Nottinghamshire Police,-1.159434,52.922463,On or near FAIRFIELD CLOSE,E01013902,Nottingham 034D,Local resolution
652a1127b6ade302ae6380e499589d56daeaaffeb6863cd0444343b86fcaaf28,2013-06,Nottinghamshire Police,Nottinghamshire Police,-1.159434,52.922463,On or near FAIRFIELD CLOSE,E01013902,Nottingham 034D,Local resolution
d027979c8305a35c66dd7ae57cb869c68e7323c3b837b058e712c98b32c411b4,2013-06,Nottinghamshire Police,Nottinghamshire Police,-1.122860,52.949643,On or near KINGSLEY ROAD,E01013921,Nottingham 029D,Offender given a drugs possession warning
3380a3fcee7109bc96d10090a702ed637caacb6218a68c6621be32515fa71a6c,2013-06,Nottinghamshire Police,Nottinghamshire Police,-1.206037,52.995526,On or near WILLOW HILL CLOSE,E01013878,Nottingham 005D,Offender given a drugs possession warning
04ad9e4e23d632c16c3573a9acd840c2b31ca4ed98ec745d7cfbb6d39e15776e,2013-06,Nottinghamshire Police,Nottinghamshire Police,-1.140188,52.954687,On or near Parking Area,E01033405,Nottingham 023G,Suspect charged
6127410c7b0a6a1c3c1f62da328201c12abacd1c584d101b4d6af1b8b1d515ac,2013-06,Nottinghamshire Police,Nottinghamshire Police,-1.148837,52.956215,On or near Supermarket,E01033409,Nottingham 023H,Offender given a caution
36160435381366e0ef20346bf5b364c9abbfd54e087aa65acc5ab296de1f532a,2013-06,Nottinghamshire Police,Nottinghamshire Police,-1.160651,52.970286,On or near CEDAR ROAD,E01013844,Nottingham 017B,Local resolution
31bf80249eb65e115297b2e600325ce299c9d98a584834a9ce4821caa89d2fad,2013-06,Nottinghamshire Police,Nottinghamshire Police,-1.104187,53.309489,On or near MASEFIELD PLACE,E01028045,Bassetlaw 016G,Suspect charged
318622637b3a23380565b307fdb9cd793fe5af63bc0d820b8203849f4dc40bcd,2013-06,Nottinghamshire Police,Nottinghamshire Police,-1.153700,53.311738,On or near QUEEN ELIZABETH CRESCENT,E01028056,Bassetlaw 009B,Suspect charged
e13b899a7d565a7609cb5bc902b92e63e58ea0555765b31bda7ff1fbd1c95890,2013-06,Nottinghamshire Police,Nottinghamshire Police,-1.132143,53.322307,On or near CLARENDON DRIVE,E01028049,Bassetlaw 006D,Suspect charged
15b9fc63a095a11306a11fa294666439adc2d8dfe037a1653c4ef04af476a4fc,2013-06,Nottinghamshire Police,Nottinghamshire Police,-1.122810,53.379876,On or near MARKHAM ROAD,E01028030,Bassetlaw 004F,Offender given a caution
70c15d801e6fe3b406715afb681eca67c1291be4fe4edb37db4eceaa28d1c60f,2013-06,Nottinghamshire Police,Nottinghamshire Police,-1.104187,53.309489,On or near MASEFIELD PLACE,E01028045,Bassetlaw 016G,Suspect charged
3dfe7fd89b112ff7fa1ccfd386e6a58f9824a561763e92ca17cb66a13f28956a,2013-06,Nottinghamshire Police,Nottinghamshire Police,-1.194031,53.045776,On or near VAUGHAN AVENUE,E01027936,Ashfield 013E,Offender given a caution
d51a22c72005adb0068945db7c16df66d22a33edf4c14a523bc8119e79ad6058,2013-06,Nottinghamshire Police,Nottinghamshire Police,-1.135424,52.930102,On or near MELTON ROAD,E01028418,Rushcliffe 005F,Investigation complete; no suspect identified
4b78c35a05adcaeea58e17b0c49f76fb24c898397e2d354b3935f3915ead840f,2013-06,Nottinghamshire Police,Nottinghamshire Police,-1.148182,52.917537,On or near WORWOOD DRIVE,E01028391,Rushcliffe 007D,Investigation complete; no suspect identified
3726e73ea22e229f1edd65111bd93d8f0110584b2e2a86d50eefc305a243efae,2013-06,Nottinghamshire Police,Nottinghamshire Police,-0.897513,52.955228,On or near CHAPEL LANE,E01028371,Rushcliffe 001A,Offender given a drugs possession warning
83f1b58a77af2554c4c586eefea79da1a899183f2b6dd33bfeb4c0d6f9afc4f1,2013-06,Nottinghamshire Police,Nottinghamshire Police,-0.922618,52.903975,On or near WILLOW LANE,E01028420,Rushcliffe 010C,Investigation complete; no suspect identified
c29fbd96408b42fd156df23e84b3692a463b85170a415bcb2748945e81a3c3fa,2013-06,Nottinghamshire Police,Nottinghamshire Police,-1.222359,52.891356,On or near CHESTNUT LANE,E01028378,Rushcliffe 014A,Investigation complete; no suspect identified
fdb637d4bf4bc6aca5c408d3ed8140cf9fd7a8b749977e244d6d2d3ab680f139,2013-06,Nottinghamshire Police,Nottinghamshire Police,-1.236025,52.996585,On or near Sports/Recreation Area,E01028124,Broxtowe 004F,Investigation complete; no suspect identified
3e40616c0317615f1960df43a1aeb4006f21e06b0eee66f5e99f9b663acc881b,2013-06,Nottinghamshire Police,Nottinghamshire Police,-1.064738,52.962127,On or near TEAL CLOSE,E01028187,Gedling 015D,Investigation complete; no suspect identified
c151dfd8fcfb3e63ef0ad0b15875aca21467c8f7407fbe37b1618e57e8b71768,2013-06,Nottinghamshire Police,Nottinghamshire Police,-1.079519,52.963663,On or near MEADOW COTTAGES,E01028186,Gedling 015C,Suspect charged
29605b7e2667f949cc199117b880ceb2d9cd5b2ce92e38b761bbada86843a78e,2013-06,Nottinghamshire Police,Nottinghamshire Police,-1.085719,52.976773,On or near QUEEN'S AVENUE,E01028192,Gedling 012F,Investigation complete; no suspect identified
52d02b3de9e035e35498a9f1c238726604508f3a38b6f6366d832d1e34fea298,2013-06,Nottinghamshire Police,Nottinghamshire Police,-1.076517,52.969699,On or near OUSE BRIDGE DRIVE,E01028171,Gedling 012D,Investigation complete; no suspect identified
3c8f7add990c652dcec68270a9c996cf84b0f216b21d1f3ad8a76e721f92227f,2013-06,Nottinghamshire Police,Nottinghamshire Police,-1.113564,52.982800,On or near WESTMOORE CLOSE,E01028193,Gedling 010A,Investigation complete; no suspect identified
8af38a6ddc2b3d5c024df3128241cd77d07b0549845bf1cd85dd979eba4911cf,2013-06,Nottinghamshire Police,Nottinghamshire Police,-1.077641,52.963756,On or near Supermarket,E01028186,Gedling 015C,Investigation complete; no suspect identified
fabd9c768f0f9bed5b65db6bfc06a2acdbc0395b1e65b6739f795bc2f09610e2,2013-06,Nottinghamshire Police,Nottinghamshire Police,-1.108980,52.965973,On or near CARLTON HILL,E01028159,Gedling 014E,Investigation complete; no suspect identified
e4895ff1d17029c266693f8b547536643bc7509d114d194f854d2e9fc40528d0,2013-06,Nottinghamshire Police,Nottinghamshire Police,-1.094312,52.961826,On or near OAKDALE ROAD,E01028157,Gedling 014C,Investigation complete; no suspect identified
8663dad97ff8b22e71ffbb66c63f582b0c48972e806589885a94f6f046f6cfae,2013-06,Nottinghamshire Police,Nottinghamshire Police,-1.088256,52.958103,On or near VALE ROAD,E01028188,Gedling 015E,Investigation complete; no suspect identified
15321639cca33b196777f20b272ae57c52e843218b61bd668af9cbfec0b563a1,2013-06,Nottinghamshire Police,Nottinghamshire Police,-1.212545,52.918619,On or near WHARTON CRESCENT,E01028080,Broxtowe 012A,Investigation complete; no suspect identified
92a50ad1ef7444dcf38f1d1aafdd4429b178110615045e11aeda5e489a729e96,2013-06,Nottinghamshire Police,Nottinghamshire Police,-1.180324,52.907164,On or near MIDHURST WAY,E01013897,Nottingham 035A,Investigation complete; no suspect identified
38815924b42e7007318173a03b37821c806ca5828e497a7f0efbff9590b6dee3,2013-06,Nottinghamshire Police,Nottinghamshire Police,-1.162406,52.937289,On or near CROSSGATE DRIVE,E01013870,Nottingham 040A,Investigation complete; no suspect identified
998113e92a9e5d5e58775bc628fa1456121c34ebc02abebe507bf63fc221c403,2013-06,Nottinghamshire Police,Nottinghamshire Police,-1.153419,52.970837,On or near HUCKNALL ROAD,E01013941,Nottingham 015C,Investigation complete; no suspect identified
eae71effa38027d5ba3864c482973fd2ac03c5d2b1fb7fe41ddbf1b378ecc618,2013-06,Nottinghamshire Police,Nottinghamshire Police,-1.125411,52.963362,On or near ELGAR GARDENS,E01013962,Nottingham 021D,Investigation complete; no suspect identified
5aed10a05843b93089d31b747123560979274d093d7edfee98d50a0a5006df2b,2013-06,Nottinghamshire Police,Nottinghamshire Police,-1.109048,52.947446,On or near Sports/Recreation Area,E01013920,Nottingham 029C,Investigation complete; no suspect identified
5a7f84607c3df014536fe4608444a64f9100a5e4ef9ac963d64b8c4f2330778f,2013-06,Nottinghamshire Police,Nottinghamshire Police,-1.153419,52.970837,On or near HUCKNALL ROAD,E01013941,Nottingham 015C,Investigation complete; no suspect identified
4ad5f5fc129ea563735de9b0fa6ef69eed6a6343c223a9a79a7d13a57c34ba37,2013-06,Nottinghamshire Police,Nottinghamshire Police,-1.139389,52.958205,On or near SALFORD GARDENS,E01033401,Nottingham 023F,Investigation complete; no suspect identified
76a2e0d0e9cfae1bcb2b451465c317b5dc192a67a818ac2945566fdf1255f06e,2013-06,Nottinghamshire Police,Nottinghamshire Police,-1.191836,52.995655,On or near Supermarket,E01013888,Nottingham 004B,Suspect charged
5eeeeb84cb1b9f07087789b6ec7bf17620bb314a29944f7edd03ef9032232cf0,2013-06,Nottinghamshire Police,Nottinghamshire Police,-1.193216,53.004734,On or near SHIPSTONES YARD,E01013882,Nottingham 002D,Investigation complete; no suspect identified
ce96e216be74f02eba159514a8ad3530eb0d8c570b6508fe81372af5fe0cb797,2013-06,Nottinghamshire Police,Nottinghamshire Police,-1.204303,52.983666,On or near HARPENDEN SQUARE,E01013825,Nottingham 011D,Investigation complete; no suspect identified
da511e5daebc7833cb11058a2a9d0963abb9d8517fe4ba8febfecc0afea65f3a,2013-06,Nottinghamshire Police,Nottinghamshire Police,-1.208601,52.982418,On or near DEEPDENE WAY,E01013826,Nottingham 011E,Investigation complete; no suspect identified
bc364b6dfc0c5e1688fb331f785c0c676b3a4aad7e4d25f63b6b880f56294d45,2013-06,Nottinghamshire Police,Nottinghamshire Police,-1.206870,52.973660,On or near ALLENDALE AVENUE,E01013824,Nottingham 013E,Investigation complete; no suspect identified
7f5cbe4dd79c1c8c8b480365091a18ef0a4e8aaafefdf3e4b4cfef0f086c0ee7,2013-06,Nottinghamshire Police,Nottinghamshire Police,-1.206664,52.980832,On or near BELLS LANE,E01013826,Nottingham 011E,Investigation complete; no suspect identified
c045b00351492b11601ba3d45b3a5cfb813ec704fb449601a7515535beeb1ac7,2013-06,Nottinghamshire Police,Nottinghamshire Police,-1.172929,52.964412,On or near BIRKIN AVENUE,E01013812,Nottingham 018C,Suspect charged
2992386e8189341f126aa56d338b5ecd521e2d7de2bfd93acae2cd1a889dd432,2013-06,Nottinghamshire Police,Nottinghamshire Police,-1.142888,52.952163,On or near STONEY STREET,E01033406,Nottingham 039E,Investigation complete; no suspect identified
58d0a1f61143f928431912bbc9fa2a2fdd5b90acafcc47e5d4176e4316d2fb4b,2013-06,Nottinghamshire Police,Nottinghamshire Police,-1.150489,52.957728,On or near Supermarket,E01033399,Nottingham 023E,Investigation complete; no suspect identified
27c4783c8bb541033ed5aad5822337075ac86140f4f2914a3bb0e2217a2bacee,2013-06,Nottinghamshire Police,Nottinghamshire Police,-1.157835,52.975741,On or near STANHOPE AVENUE,E01013840,Nottingham 012D,Investigation complete; no suspect identified
3d51819d2588cf2d7b0db56ccc146cd15d861216c344543d89d2a4078d18ad33,2013-06,Nottinghamshire Police,Nottinghamshire Police,-1.173757,52.948336,On or near METTHAM STREET,E01033408,Nottingham 031H,Investigation complete; no suspect identified
ed0e772603dac1b747dcb20a8bb864e1bbf685328be2a7fdec7ce1c722830aa1,2013-06,Nottinghamshire Police,Nottinghamshire Police,-1.191111,52.952285,On or near HAWTON CRESCENT,E01013974,Nottingham 032B,Investigation complete; no suspect identified
2c305d68d46f09c7367e81d65890d19ee1c207f4483feb6c041ac40f86ebfe7b,2013-06,Nottinghamshire Police,Nottinghamshire Police,-1.145030,52.980899,On or near MANSFIELD STREET,E01013969,Nottingham 010C,Investigation complete; no suspect identified
ad048bafc050c978f289926d2b1ed5cb4491c152c5b7dc4f899122fd0b3991b3,2013-06,Nottinghamshire Police,Nottinghamshire Police,-1.145163,52.983229,On or near Police Station,E01013969,Nottingham 010C,Investigation complete; no suspect identified
a612abeb8cc852cd050e2f30b550c6590674a5efb7dd2cfb30b7b94177d38868,2013-06,Nottinghamshire Police,Nottinghamshire Police,-1.166300,52.955332,On or near ASHBOURNE STREET,E01033404,Nottingham 028G,Investigation complete; no suspect identified
d6255233d8f5d3ae972b562f40b542e00c9b2e5cb11139fa30a0e8e82046eaff,2013-06,Nottinghamshire Police,Nottinghamshire Police,-1.172337,52.978261,On or near ISANDULA ROAD,E01013839,Nottingham 012C,Investigation complete; no suspect identified
6d67e7fc6c772eae3e39dc743533dee7aa03a60b0c71cab92b36e28c64bc8d59,2013-06,Nottinghamshire Police,Nottinghamshire Police,-1.171326,52.955574,On or near Supermarket,E01033404,Nottingham 028G,Investigation complete; no suspect identified
3e3e175d23dd5978a9fac92b762d36f784cdf4aa04c1d47fec63e2392aa5430d,2013-06,Nottinghamshire Police,Nottinghamshire Police,-1.148037,52.958295,On or near Parking Area,E01033399,Nottingham 023E,Investigation complete; no suspect identified
13ca42a2564e37c94ec59c40703628c15bcc8c645d019fbc07079411b5729f3f,2013-06,Nottinghamshire Police,Nottinghamshire Police,-1.159324,52.973477,On or near ELTON ROAD,E01013843,Nottingham 017A,Investigation complete; no suspect identified
17ca02b30fcae312c0ebabeaa2ae336a3b77407adb2c40442e7c0a824f839cb6,2013-06,Nottinghamshire Police,Nottinghamshire Police,-1.141560,52.952306,On or near DUKE'S PLACE,E01033406,Nottingham 039E,Investigation complete; no suspect identified
cf65b373f941663a5e1345048174f1c7366a0bf62d7ddc61b3acd56dd9e62248,2013-06,Nottinghamshire Police,Nottinghamshire Police,-1.168604,52.968679,On or near BURFORD ROAD,E01013846,Nottingham 018E,Investigation complete; no suspect identified
a18052aa4928715ad6cd6a87e03185965f398fc9141ebf751026c10bc1bc7ffe,2013-06,Nottinghamshire Police,Nottinghamshire Police,-1.173954,52.979387,On or near REIGATE ROAD,E01013839,Nottingham 012C,Investigation complete; no suspect identified
6329a57e3d03e11e32dc7504e28abf7a7cc5313bfad6bd4a139d6615844256a1,2013-06,Nottinghamshire Police,Nottinghamshire Police,-1.176897,52.951459,On or near JOHNSON ROAD,E01013953,Nottingham 026F,Investigation complete; no suspect identified
e3ecf92444fc7c3f34b2fd0be341c968f4a522f7b11cac738550adbb58c37590,2013-06,Nottinghamshire Police,Nottinghamshire Police,-1.169756,52.966853,On or near Supermarket,E01013846,Nottingham 018E,Investigation complete; no suspect identified
87ed50ff7c1de95373de7f27286bf22a1bcc948e1c165a922eda15adfa0f068e,2013-06,Nottinghamshire Police,Nottinghamshire Police,-1.173098,52.963371,On or near THURMAN STREET,E01013812,Nottingham 018C,Investigation complete; no suspect identified
4e66a19bcd500943817efad5ce11bc94972ecf69ca1c6025f7b7ba925cb9ca42,2013-06,Nottinghamshire Police,Nottinghamshire Police,-1.151158,52.953211,On or near BEAST MARKET HILL,E01033400,Nottingham 039B,Investigation complete; no suspect identified
ba68315bd43ca3db428f24f9f6e813cfa09bfab6bbb2683eb54b15eccfdebb25,2013-06,Nottinghamshire Police,Nottinghamshire Police,-1.146273,52.954111,On or near Theatre/Concert Hall,E01033406,Nottingham 039E,Investigation complete; no suspect identified
843497417677f0c7dc1710eb7862bbd23bc942d11c4993358f5443b60b48ff62,2013-06,Nottinghamshire Police,Nottinghamshire Police,-1.161299,52.972242,On or near ALMA STREET,E01013844,Nottingham 017B,Investigation complete; no suspect identified
439d6d27e133b301d127191d27dc5d9b97ff38f4473783f80033189a0f0d0ecc,2013-06,Nottinghamshire Police,Nottinghamshire Police,-1.154943,52.972844,On or near Petrol Station,E01013843,Nottingham 017A,Investigation complete; no suspect identified
f2d481f54e439dda560a7b5304be5fd8da990d32ceddbdcf4a30f8354de805d4,2013-06,Nottinghamshire Police,Nottinghamshire Police,-1.169756,52.966853,On or near Supermarket,E01013846,Nottingham 018E,Investigation complete; no suspect identified
6029b866b4dd9c93408c53fc69c577e63cb2ed42ee53a361d9125b0aea71ce13,2013-06,Nottinghamshire Police,Nottinghamshire Police,-1.138633,52.994760,On or near Petrol Station,E01013963,Nottingham 007A,Investigation complete; no suspect identified
344de22c77cf7c551b59361e3631988a45dd72612f15a331ad4d315f0c9e42a1,2013-06,Nottinghamshire Police,Nottinghamshire Police,-1.142980,52.953539,On or near Nightclub,E01033406,Nottingham 039E,Investigation complete; no suspect identified
d43ab2adfc26a47f4b2541e6a183a9af7c463ed3c45098382727620008f2fd51,2013-06,Nottinghamshire Police,Nottinghamshire Police,-1.148088,52.949638,On or near Pedestrian Subway,E01033400,Nottingham 039B,Investigation complete; no suspect identified
e10a0a5ac563f23c8d30e6d5078aa72db1885fa7e1c848713d2dbc24e6f69173,2013-06,Nottinghamshire Police,Nottinghamshire Police,-1.136789,53.330880,On or near SCAMPTON ROAD,E01028047,Bassetlaw 006B,Investigation complete; no suspect identified
ef6c9d9221af989a897087500b1083b3f2b9fa8badfa868ebbfd8f0c9a3d7f5a,2013-06,Nottinghamshire Police,Nottinghamshire Police,-1.132143,53.322307,On or near CLARENDON DRIVE,E01028049,Bassetlaw 006D,Suspect charged
ed107080c157ded29b37d400b6e595d63512b2fea0dcd53d03b3a7fd87df96e1,2013-06,Nottinghamshire Police,Nottinghamshire Police,-1.132143,53.322307,On or near CLARENDON DRIVE,E01028049,Bassetlaw 006D,Suspect charged
74e72b74b8d97c3b1c07c2895511d26e1c06206c2e283d90e9fda40a331f8843,2013-06,Nottinghamshire Police,Nottinghamshire Police,-1.115692,53.348299,On or near HIGH ROAD,E01028004,Bassetlaw 004D,Investigation complete; no suspect identified
ccdee6f7604c0c2773b3f13bc21c9b2af20c99eac9ee97ca0ac28c8d482f0532,2013-06,Nottinghamshire Police,Nottinghamshire Police,-1.122075,53.376149,On or near MELLISH ROAD,E01028029,Bassetlaw 004E,Investigation complete; no suspect identified
4a03bde5fa22906be4fed57cb4e07d750e8174ee75fcb839a0fa22e5f88c53df,2013-06,Nottinghamshire Police,Nottinghamshire Police,-1.106446,53.311294,On or near BYRON WAY,E01028045,Bassetlaw 016G,Investigation complete; no suspect identified
a0c1f5cc263609df0a7959cf559a08272123ce4f23f2b3b28a1f11f534e0e3a3,2013-06,Nottinghamshire Police,Nottinghamshire Police,-1.144455,53.325263,On or near NEWTON CLOSE,E01028058,Bassetlaw 009C,Investigation complete; no suspect identified
22b898fef9868fac1d5efc83719dff0c658c1de4ad940b6c0811f98c24c188ea,2013-06,Nottinghamshire Police,Nottinghamshire Police,-1.122825,53.307407,On or near B6045,E01028057,Bassetlaw 012A,Investigation complete; no suspect identified
781e1a8f66f1d3e52106da37c7cb07c94b3bc3059bad6b3ccec642fbfae890f5,2013-06,Nottinghamshire Police,Nottinghamshire Police,-1.114775,53.305514,On or near SHELLEY STREET,E01028068,Bassetlaw 012D,Investigation complete; no suspect identified
9408fd4a6cc0eb985b8ded0ff3eaa507928ca0cdc8825714f32205ff2420d5c4,2013-06,Nottinghamshire Police,Nottinghamshire Police,-1.147153,52.956293,On or near Supermarket,E01033409,Nottingham 023H,Local resolution
3c2b4f34cd28834c83c5e68841e7e0e9c17f8c392107225f3abb132c73622eee,2013-06,Nottinghamshire Police,Nottinghamshire Police,-1.177544,52.943265,On or near FRIAR STREET,E01013926,Nottingham 031E,Investigation complete; no suspect identified
d5e2a88f90c02776ff2f430a2399ba8860766ed25c91463d3532ed3661bd32f8,2013-06,Nottinghamshire Police,Nottinghamshire Police,-1.176391,52.963232,On or near PROSPECT TERRACE,E01013945,Nottingham 026B,Investigation complete; no suspect identified
076c76e90211bfb5e159d4145a32e784f1ee4ed27cc37e9bb76f02c6387adca4,2013-06,Nottinghamshire Police,Nottinghamshire Police,-1.169096,52.963972,On or near Parking Area,E01013811,Nottingham 018B,Investigation complete; no suspect identified
17e9e9d7b344f27087727b682dc5d1be9705af6e4302cf2092c4d4484392adfe,2013-06,Nottinghamshire Police,Nottinghamshire Police,-1.146942,52.957172,On or near Shopping Area,E01033409,Nottingham 023H,Investigation complete; no suspect identified
e80b3a00370786c4b74ab60c8ece3d5fe8c9353af788f4e029f4804d75745244,2013-06,Nottinghamshire Police,Nottinghamshire Police,-1.175238,52.953389,On or near LENTON BOULEVARD,E01013953,Nottingham 026F,Investigation complete; no suspect identified
26a2b7e863ac85481939b686c0ed46190a23743e47fb138837c31856c387cbe6,2013-06,Nottinghamshire Police,Nottinghamshire Police,-1.227995,52.953114,On or near DEEPDALE ROAD,E01013980,Nottingham 030A,Investigation complete; no suspect identified
54367b2407595ddc5f3898b48822a70a312d9ce12e1b27220773e0c914d8489e,2013-06,Nottinghamshire Police,Nottinghamshire Police,-1.194293,52.949259,On or near DALBY SQUARE,E01013974,Nottingham 032B,Investigation complete; no suspect identified
f8c71158478807abb88c3596eea6299eb61331d9da13b81da1cea5087c1a50bd,2013-06,Nottinghamshire Police,Nottinghamshire Police,-1.155800,52.947940,On or near HASLAM STREET,E01032522,Nottingham 028F,Investigation complete; no suspect identified
9762d7610cdae2d02231b979c178e57b14d8761a8c535c19a97433bed9b438b7,2013-06,Nottinghamshire Police,Nottinghamshire Police,-1.178558,52.923513,On or near Sports/Recreation Area,E01013928,Nottingham 031G,Investigation complete; no suspect identified
52f66501824e4656a4071b96211ebd3d7d0a0cd63d9189d9445b30e601e58498,2013-06,Nottinghamshire Police,Nottinghamshire Police,-1.179098,52.942916,On or near PRIORY STREET,E01013926,Nottingham 031E,Investigation complete; no suspect identified
dfdabfb3ec1017d2a1531171391a379c9be4a9699cf35e5c03058899110e01bb,2013-06,Nottinghamshire Police,Nottinghamshire Police,-1.163057,52.969117,On or near LESLIE ROAD,E01013845,Nottingham 017C,Investigation complete; no suspect identified
dcfe9b6655eb136585f5c074691ef605d920cafc7c2d058412fcf7784b09d7b6,2013-06,Nottinghamshire Police,Nottinghamshire Police,-1.208625,52.954192,On or near CAMBRIDGE ROAD,E01013977,Nottingham 027A,Investigation complete; no suspect identified
e96c85ad4a7696aed443f91c3fa730670f85e3439e105bfa72ea4a032691b528,2013-06,Nottinghamshire Police,Nottinghamshire Police,-1.151702,52.955849,On or near Theatre/Concert Hall,E01013816,Nottingham 022D,Investigation complete; no suspect identified
74dcbd27251ada528f565cb65064949c83975357b9421801e2d77155b643d074,2013-06,Nottinghamshire Police,Nottinghamshire Police,-1.177720,52.961470,On or near Parking Area,E01013944,Nottingham 026A,Investigation complete; no suspect identified
59a72715f64668524257115250782c0d9bd5167dfdbb40ea469ff3381c5a5e0b,2013-06,Nottinghamshire Police,Nottinghamshire Police,-1.183797,52.942310,On or near SOUTH ROAD,E01033410,Nottingham 031I,Investigation complete; no suspect identified
4d4307210405ca97d2efd1bf92085f8d62be2d98dc97ca2fc572efefd619f34f,2013-06,Nottinghamshire Police,Nottinghamshire Police,-1.177774,52.965651,On or near BERRIDGE ROAD WEST,E01013810,Nottingham 018A,Investigation complete; no suspect identified
64e7812c8df4ccea37d4dd9e9344d74549ed474a868e76b678933fc22d4af9b2,2013-06,Nottinghamshire Police,Nottinghamshire Police,-1.147278,52.952949,On or near BRIDLESMITH GATE,E01033406,Nottingham 039E,Investigation complete; no suspect identified
7dc7110e75ecb919e91ad07c0a8bb3b69adaf2e17cfc713058fc08a7a55b4898,2013-06,Nottinghamshire Police,Nottinghamshire Police,-1.155052,52.956547,On or near Parking Area,E01013816,Nottingham 022D,Investigation complete; no suspect identified
feea5a51963a2020f0293cf62cf49cca877cefb1d89a8fc294a0e6e28b8d1bb6,2013-06,Nottinghamshire Police,Nottinghamshire Police,-1.142053,52.954485,On or near CRANBROOK STREET,E01033407,Nottingham 039F,Investigation complete; no suspect identified
ef76ca5e36c88c6df2264f1e6a33b147477b1a3423b54c4bfc3ae1bf39ad7be5,2013-06,Nottinghamshire Police,Nottinghamshire Police,-1.154318,52.952991,On or near MOUNT STREET,E01032522,Nottingham 028F,Investigation complete; no suspect identified
3a81cb92f6f7c25d8c25382ad96af01bd8a86a37851628e3b129a8bf40f8ae24,2013-06,Nottinghamshire Police,Nottinghamshire Police,-1.150199,52.955820,On or near Theatre/Concert Hall,E01033409,Nottingham 023H,Investigation complete; no suspect identified
a702a161bb41e55d6199f2bc0ce1284298feb097cb85ffac48729bff1a49caaa,2013-06,Nottinghamshire Police,Nottinghamshire Police,-1.165768,52.984508,On or near NEWFIELD ROAD,E01013838,Nottingham 012B,Investigation complete; no suspect identified
218d68dd8f713969c02bfcb9590f5dbdd573f9be9937830e1e89bd5664910c37,2013-06,Nottinghamshire Police,Nottinghamshire Police,-1.156748,52.954311,On or near NORTH CIRCUS STREET,E01032522,Nottingham 028F,Investigation complete; no suspect identified
697b780dd94b3796cbdcfbe033bedbaf1fdc1cc1f8230ff1f64c185264bc37e3,2013-06,Nottinghamshire Police,Nottinghamshire Police,-1.145710,52.955473,On or near CLARE STREET,E01033409,Nottingham 023H,Investigation complete; no suspect identified
435a51366c40ae73e97423eb9c1b8f71b20edaa34833608a2543e44b0926ee67,2013-06,Nottinghamshire Police,Nottinghamshire Police,-1.133210,52.945629,On or near Shopping Area,E01033402,Nottingham 039C,Investigation complete; no suspect identified
a02c9fa874c61feb48c426a0b3d5911e1a6bff567b19f221241b682db5954aa3,2013-06,Nottinghamshire Police,Nottinghamshire Police,-1.143330,52.955393,On or near Nightclub,E01033405,Nottingham 023G,Investigation complete; no suspect identified
a95509079be915b381f755797d6cc3d3cc60fc0eeb49448b0a1cb62b03682b3d,2013-06,Nottinghamshire Police,Nottinghamshire Police,-1.150199,52.955820,On or near Theatre/Concert Hall,E01033409,Nottingham 023H,Investigation complete; no suspect identified
c439b5f9fb1f84324e9eb2c1047d52c9dd50b74b32dc557ce48dcd25d2e9b708,2013-06,Nottinghamshire Police,Nottinghamshire Police,-1.144608,52.982649,On or near Shopping Area,E01013969,Nottingham 010C,Investigation complete; no suspect identified
db95e4abed41ffa23c206bae73d3d8926a686976735a3b80da0db5ea1422a843,2013-06,Nottinghamshire Police,Nottinghamshire Police,-1.145624,52.996851,On or near NORTHWOOD CRESCENT,E01013963,Nottingham 007A,Investigation complete; no suspect identified
9baa60d3fd55a59c5e978625b79e5ef137c63110c8d2ad0daf203ac67cbf2072,2013-06,Nottinghamshire Police,Nottinghamshire Police,-1.133210,52.945629,On or near Shopping Area,E01033402,Nottingham 039C,Investigation complete; no suspect identified
a9528b328f1d43074f092d6f9f3cc203f55213973d756b11a31994aa5d218bfe,2013-06,Nottinghamshire Police,Nottinghamshire Police,-1.154274,52.955238,On or near WOLLATON STREET,E01013816,Nottingham 022D,Investigation complete; no suspect identified
27b73e4c1fa17ed91136706b1f11a12f9184bbc926b2df64e8382b76e5f3e0f1,2013-06,Nottinghamshire Police,Nottinghamshire Police,-1.183742,52.944432,On or near STORES ROAD,E01013926,Nottingham 031E,Investigation complete; no suspect identified
dd42720e9d825980df2eac812f439f7b5db84505db26713f39fea1022e78c0e7,2013-06,Nottinghamshire Police,Nottinghamshire Police,-1.133210,52.945629,On or near Shopping Area,E01033402,Nottingham 039C,Suspect charged as part of another case
7e8717129341e1e7b2b082b10ba9ebd4fe6e62355b01dd5201a3879b80a1252a,2013-06,Nottinghamshire Police,Nottinghamshire Police,-1.166554,52.973861,On or near GAWTHORNE STREET,E01013841,Nottingham 012E,Investigation complete; no suspect identified
b1b302ab20143ba160cc27e5ed7755545ea88a489ef647b970630c5eb0a36322,2013-06,Nottinghamshire Police,Nottinghamshire Police,-1.142400,52.951997,On or near PLUMPTRE PLACE,E01033403,Nottingham 039D,Investigation complete; no suspect identified
1ce6e802d9c0c3dcec06475ad97bdaeb5d46d942f7a49000f5202fe4f09c1ef2,2013-06,Nottinghamshire Police,Nottinghamshire Police,-1.142400,52.951997,On or near PLUMPTRE PLACE,E01033403,Nottingham 039D,Investigation complete; no suspect identified
1a0f855775bc375a4e9dfa7315b2c3b2f07548717e4a0200ab20815de26367c5,2013-06,Nottinghamshire Police,Nottinghamshire Police,-1.123077,53.324407,On or near BELGRAVIA COURT,E01028050,Bassetlaw 006E,Investigation complete; no suspect identified
24e91f1bc9fdb8fbca90959df85b40c91d5ca1abc9b6661dcd66ecbd8e87b3ab,2013-06,Nottinghamshire Police,Nottinghamshire Police,-1.113792,53.303007,On or near CEMETERY ROAD,E01028068,Bassetlaw 012D,Investigation complete; no suspect identified
bd254b906d99ff01eeb478831c524ed3af7486c21d736a8b7bbdb06bdfad4bd8,2013-06,Nottinghamshire Police,Nottinghamshire Police,-1.129665,53.303169,On or near BROOK TERRACE,E01028062,Bassetlaw 013C,Investigation complete; no suspect identified
423bee68d12d30bd39954ebb8188222b4a5bb1c8462cd6b2924c32c0b203221d,2013-06,Nottinghamshire Police,Nottinghamshire Police,-1.130389,53.319984,On or near GATEFORD GLADE,E01028046,Bassetlaw 006A,Investigation complete; no suspect identified
ad1525abcf3ca7606d05e010cbe3aef9d403beb3b46da40e5ce042063d5f322a,2013-06,Nottinghamshire Police,Nottinghamshire Police,-1.123080,53.306681,On or near BRIDGE PLACE,E01028062,Bassetlaw 013C,Investigation complete; no suspect identified
b8e99fb18cefffb75fceba1cb05e59cb1661a32b9d170016219407164dda48a0,2013-06,Nottinghamshire Police,Nottinghamshire Police,-1.120814,53.310322,On or near PORTLAND PLACE,E01028057,Bassetlaw 012A,Investigation complete; no suspect identified
f9f0227691ed77cbbdc78678609ae189a0e99b10e853d3bf495c59310839a5ca,2013-06,Nottinghamshire Police,Nottinghamshire Police,-1.113296,53.115112,On or near RUGBY ROAD,E01028343,Newark and Sherwood 006F,Investigation complete; no suspect identified
a88c0523256a990232175f620e13e59b4b92c98536bdf510e23bfa7250a4980d,2013-06,Nottinghamshire Police,Nottinghamshire Police,-1.047446,53.165420,On or near Park/Open Space,E01028295,Newark and Sherwood 005A,Investigation complete; no suspect identified
67ccbb77e62f2010edb8d63581b62418850da400359f933b2f7b655195d807c6,2013-06,Nottinghamshire Police,Nottinghamshire Police,-1.107586,53.177311,On or near SQUIRES LANE,E01028313,Newark and Sherwood 002A,Investigation complete; no suspect identified
085c10ef4bd2422739ad93d9dc0d6443ff0069ff9ef4c759d12095eb6968ef06,2013-06,Nottinghamshire Police,Nottinghamshire Police,-1.007480,53.356392,On or near MILESTONE COURT,E01028036,Bassetlaw 003C,Investigation complete; no suspect identified
121f79633d9f1b8020b419f5e2ad19d0e1eed068a94c79981708185498639dae,2013-06,Nottinghamshire Police,Nottinghamshire Police,-1.177386,53.156105,On or near ASPEN COURT,E01028242,Mansfield 005A,Investigation complete; no suspect identified
3085764111514534efcc56810d212e0ace1727ddab7a2a22f985c493ff6e0634,2013-06,Nottinghamshire Police,Nottinghamshire Police,-1.174087,53.165143,On or near CHELMORTON CLOSE,E01028252,Mansfield 003B,Investigation complete; no suspect identified
a2809ebc99cc7fe61053d99329e192ef6fc15f63d107e78c1c7d87fba8ca9126,2013-06,Nottinghamshire Police,Nottinghamshire Police,-1.154592,53.204226,On or near Parking Area,E01028226,Mansfield 002C,Investigation complete; no suspect identified
3ae3358093d88ca5113c88f96d4421cdad84eb9b707c11f5a0e81566e946caa4,2013-06,Nottinghamshire Police,Nottinghamshire Police,-1.161281,53.151444,On or near Sports/Recreation Area,E01028239,Mansfield 007C,Suspect charged
5ba4677a074753bf50664b8a3fe0e88e81f79e934b116fc0b30bb26654c202b5,2013-06,Nottinghamshire Police,Nottinghamshire Police,-1.195567,53.159519,On or near HUNTERS CHASE,E01028271,Mansfield 004A,Investigation complete; no suspect identified
77cab716f4e259c28f9ec55f87ecbf3850a9cc3d823f275861d1c19fb676433c,2013-06,Nottinghamshire Police,Nottinghamshire Police,-1.197486,53.145662,On or near Shopping Area,E01028284,Mansfield 008F,Investigation complete; no suspect identified
18fd8a19e0c68ba91fe57bd771593f5f5bc2997bb2725eb82fec3c04438401fb,2013-06,Nottinghamshire Police,Nottinghamshire Police,-1.157294,53.144287,On or near STAINSBY DRIVE,E01028261,Mansfield 012C,Investigation complete; no suspect identified
07bbe5ad724d0028b216a11e4b2f555ed9a6e612bfc013059c974f68d205c8d7,2013-06,Nottinghamshire Police,Nottinghamshire Police,-1.153805,53.134671,On or near Shopping Area,E01028263,Mansfield 012D,Suspect charged
c4a54d63ece9ee621d9497b97070daf5a2d7c6e72be7d2c499883e4caa0352ca,2013-06,Nottinghamshire Police,Nottinghamshire Police,-1.178966,53.147783,On or near BLAKE CRESCENT,E01028275,Mansfield 009D,Investigation complete; no suspect identified
fe1bf7e57ef5231e990bead206934294ae73ffcb808d53ad495ca567788f685b,2013-06,Nottinghamshire Police,Nottinghamshire Police,-1.187191,53.146868,On or near GARRATT AVENUE,E01028274,Mansfield 009C,Investigation complete; no suspect identified
89136817b5e23b89f0e34cd4d81bbd47cdf7f4957ef84507e64b360dcdc4ea5d,2013-06,Nottinghamshire Police,Nottinghamshire Police,-1.205908,53.141358,On or near Hospital,E01028268,Mansfield 008D,Investigation complete; no suspect identified
927ab4a5d8d83c2634f0cdecfbc402c1a2dae5976d30cf21fc5e183c694f4e92,2013-06,Nottinghamshire Police,Nottinghamshire Police,-1.192205,53.144233,On or near ROCK COURT,E01028274,Mansfield 009C,Investigation complete; no suspect identified
1c3390736e0945fe55e337a39ed7ef69bb4d4aac43e5da133a362c257523ff2c,2013-06,Nottinghamshire Police,Nottinghamshire Police,-1.182986,53.144709,On or near BELPER STREET,E01028276,Mansfield 009E,Investigation complete; no suspect identified
32947d1048ccca65d609aaebe4717d6c8ff5ec256d966fd2bb84579bef617425,2013-06,Nottinghamshire Police,Nottinghamshire Police,-1.191433,53.124047,On or near HIGH TOR,E01028222,Mansfield 013D,Investigation complete; no suspect identified
5eef34314e6b772a1fe28f0cb835f16614af55d729ff8145f1fd060b2cdfa0a3,2013-06,Nottinghamshire Police,Nottinghamshire Police,-1.183820,53.146459,On or near KINGSTON ROAD,E01028276,Mansfield 009E,Investigation complete; no suspect identified
b9bede2c89f4cc67041346fc7e208a65636c4fe2c7c4c85d46f2ea6d442fcdc5,2013-06,Nottinghamshire Police,Nottinghamshire Police,-1.182837,53.018534,On or near BESTWOOD ROAD,E01027929,Ashfield 013A,Investigation complete; no suspect identified
6251a28682897ba99ea79acb1080e8de8571f1d9d9b850b12fc5bc61d4a5696c,2013-06,Nottinghamshire Police,Nottinghamshire Police,-1.197507,53.044973,On or near LEEN MILLS LANE,E01027936,Ashfield 013E,Investigation complete; no suspect identified
5a344bfc99d37c54f8947270e666e3805d78f1f3ee05591d14496b6fa7825a16,2013-06,Nottinghamshire Police,Nottinghamshire Police,-1.190077,53.030701,On or near LAKELAND AVENUE,E01027931,Ashfield 013B,Investigation complete; no suspect identified
da82532792448e9555426fe718b323bd92ca003dedd3e6814f7549fc7c171acf,2013-06,Nottinghamshire Police,Nottinghamshire Police,-1.232720,53.030058,On or near BEACON HILL DRIVE,E01027944,Ashfield 015E,Investigation complete; no suspect identified
565bf9a6f2c0f8cf02d26b0cc6f88e3587ca7dc3550200220ed3ce6f1e9e4ab9,2013-06,Nottinghamshire Police,Nottinghamshire Police,-1.211023,53.048956,On or near WARD AVENUE,E01027935,Ashfield 013D,Investigation complete; no suspect identified
02b650543f34030b047f652609768ad370384755c13a9b925ab43764c231af9a,2013-06,Nottinghamshire Police,Nottinghamshire Police,-1.240467,53.122967,On or near SHEPHERDS WAY,E01027972,Ashfield 004B,Investigation complete; no suspect identified
412512568466bcfafe89d69d631416e6804038b0b116f47120f916b4bb25fac8,2013-06,Nottinghamshire Police,Nottinghamshire Police,-1.267604,53.124674,On or near CHURCH LANE,E01027968,Ashfield 005C,Investigation complete; no suspect identified
d45049c90205eb7b82ef3e2b3a1b0a6c8e80008a613c2b4db43381c467bba81d,2013-06,Nottinghamshire Police,Nottinghamshire Police,-1.242664,53.096571,On or near ST THOMAS' AVENUE,E01027949,Ashfield 007A,Investigation complete; no suspect identified
828aab4d3b88f3769cceac37b8970f86aeb99a37a66438adb61eaa6a33ec1def,2013-06,Nottinghamshire Police,Nottinghamshire Police,-1.266555,53.116946,On or near COLLINS AVENUE,E01027975,Ashfield 006B,Investigation complete; no suspect identified
415fe0717bac39e92a851438acaeaff137baf3db40d741c62416ab565ec1cefb,2013-06,Nottinghamshire Police,Nottinghamshire Police,-1.265717,53.109138,On or near HOLLINWELL CLOSE,E01027959,Ashfield 009E,Investigation complete; no suspect identified
77f7977b554794b49c9b59cd512cf1107b6bc6fc99490c1700076a713bed1522,2013-06,Nottinghamshire Police,Nottinghamshire Police,-1.254397,53.128844,On or near Parking Area,E01027978,Ashfield 004D,Investigation complete; no suspect identified
d51380622e21f79dc75936a357989e4572ea577f5db9dd20ef02c5f37dff2e61,2013-06,Nottinghamshire Police,Nottinghamshire Police,-1.258288,53.125057,On or near PORTLAND CLOSE,E01027978,Ashfield 004D,Investigation complete; no suspect identified
112ac40ff4766076ee7ed975e35f242c2b93b1618dd905da0be96e6e0f6d2307,2013-06,Nottinghamshire Police,Nottinghamshire Police,-1.258288,53.125057,On or near PORTLAND CLOSE,E01027978,Ashfield 004D,Investigation complete; no suspect identified
5b4185a53489ad7e81ec5dfaa9be1150ddb705e9aa764be5b5659b2cee05f192,2013-06,Nottinghamshire Police,Nottinghamshire Police,-1.256129,53.123722,On or near ALBION ROAD,E01027978,Ashfield 004D,Investigation complete; no suspect identified
d4a998a192ffac03f0dd774df685c8aeef10cf823800bae04e7e7397649fbb68,2013-06,Nottinghamshire Police,Nottinghamshire Police,-1.251586,53.137483,On or near BEECHWOOD GROVE,E01027982,Ashfield 002C,Investigation complete; no suspect identified
a1a2e8c97a5293229258c21779a1bbd12f149e6d51b913926e2e808049072cee,2013-06,Nottinghamshire Police,Nottinghamshire Police,-1.240686,53.109655,On or near UNITY ROAD,E01027954,Ashfield 007D,Investigation complete; no suspect identified
36518f47d953f4afea37b38c83e5aec67cdf362e262f65ddf59fe9470c6e77c8,2013-06,Nottinghamshire Police,Nottinghamshire Police,-1.249645,53.131394,On or near BROWN CRESCENT,E01027977,Ashfield 004C,Investigation complete; no suspect identified
482eb00af4abb062f12bf6aaf820fd15b4f3e47a021561b7b82ec34b71274baf,2013-06,Nottinghamshire Police,Nottinghamshire Police,-1.229239,53.098192,On or near THORESBY AVENUE,E01027953,Ashfield 007C,Investigation complete; no suspect identified
88356d8c39423926a640a6b69c80fcec2a2f217bcfcf912c77e9cb06981f0181,2013-06,Nottinghamshire Police,Nottinghamshire Police,-1.126034,52.967178,On or near PIPPIN CLOSE,E01013942,Nottingham 016D,Local resolution
c4224b3b945c3d3afee0bf4e98d1564bb82b43f2e24eae52f6fe3caa09b5f69c,2013-06,Nottinghamshire Police,Nottinghamshire Police,-1.120689,52.954661,On or near Police Station,E01013917,Nottingham 024E,Offender given a caution
fe1121a00bbf83d4f88209c1cb22f74a3f026be59d52ac1ac18fe7fe5a1e28c2,2013-06,Nottinghamshire Police,Nottinghamshire Police,-1.179549,52.910395,On or near SUNNINGHILL DRIVE,E01013898,Nottingham 035B,Local resolution
4304ae1ad8f94f7b29471938fc229215575f64709c77ccd80c10cdee0a5cf2c5,2013-06,Nottinghamshire Police,Nottinghamshire Police,-1.205145,52.996248,On or near Pedestrian Subway,E01013877,Nottingham 005C,Suspect charged
4e34675249c78bfb1687b9de2beadc16f9b3df2a8076011a9fdfe84890e339d7,2013-06,Nottinghamshire Police,Nottinghamshire Police,-1.207847,52.964174,On or near AMBERGATE ROAD,E01013859,Nottingham 020A,Local resolution
4ccd715dafc32809dd8774b8074ee29f2e28dda88f652afcce71350b28defd0d,2013-06,Nottinghamshire Police,Nottinghamshire Police,-1.147153,52.956293,On or near Supermarket,E01033409,Nottingham 023H,Local resolution
771528ab59420f3134088f09be6a4dfe346b17dee7deff8585e3c47ea21f3f52,2013-06,Nottinghamshire Police,Nottinghamshire Police,-1.148012,52.992877,On or near ARNDALE ROAD,E01013964,Nottingham 007B,Offender given a drugs possession warning
f9f2054b3798ca773f1bda0bf267ce83728dcea981929e79cf8b2f3def9a5289,2013-06,Nottinghamshire Police,Nottinghamshire Police,-1.181484,52.965514,On or near BOBBERS MILL BRIDGE,E01013930,Nottingham 019A,Local resolution
0b29541dad848cdaad667586a5912a8c41e43b5bd739af91124fd21411b57e17,2013-06,Nottinghamshire Police,Nottinghamshire Police,-1.178939,52.959986,On or near HARTLEY ROAD,E01013947,Nottingham 026D,Suspect charged
2efec06e67ab08487d8b61a4237c135933fe4f3ec16e5c4dbc07fb0ca45e8388,2013-06,Nottinghamshire Police,Nottinghamshire Police,-1.145120,52.982383,On or near Supermarket,E01013969,Nottingham 010C,Suspect charged
243a67e38febb738957270f91db00ccf923cc7763e32f0cc55ffe49444063115,2013-06,Nottinghamshire Police,Nottinghamshire Police,-0.810435,53.058615,On or near LINDSAY AVENUE,E01028320,Newark and Sherwood 010E,Suspect charged
1afb4fc8112194fd066c7e6e2b586cac8cfde0f526fa4061897c4d1552df8951,2013-06,Nottinghamshire Police,Nottinghamshire Police,-1.255605,53.117714,On or near Sports/Recreation Area,E01027976,Ashfield 005E,Offender given a caution
d26b10fecec32aa70459413b923e21a6146ced44a4d1d6d42b68b308c504ba63,2013-06,Nottinghamshire Police,Nottinghamshire Police,-1.132501,52.935654,On or near Supermarket,E01028416,Rushcliffe 005D,Suspect charged
df61e6dce69071a865717cac61afbac6e8109f4c89481f6f104a7fa54dc4dba1,2013-06,Nottinghamshire Police,Nottinghamshire Police,-1.032326,52.949525,On or near QUEEN'S ROAD,E01028413,Rushcliffe 003D,Suspect charged
e3260bc27c08ea834ad20097271240736faaee48a2de41cd58d3fb14068405f8,2013-06,Nottinghamshire Police,Nottinghamshire Police,-1.093084,52.968559,On or near BECK STREET,E01028210,Gedling 014G,Local resolution
d3f49ade6be3ef6b6848d4c4ffdfbad01fb04a05016de1c228a5bdf7c8f5bbb5,2013-06,Nottinghamshire Police,Nottinghamshire Police,-1.117795,52.979136,On or near ANNE'S CLOSE,E01028195,Gedling 010C,Offender given a caution
2b1ca8fe2d8dde0811f89b1966069515c9e836a4305a80527c21bfc76e8df080,2013-06,Nottinghamshire Police,Nottinghamshire Police,-1.203515,52.920366,On or near ROSE GROVE,E01028080,Broxtowe 012A,Suspect charged
14a0da186def735ef41ab7abcf82b4d523ca9f29db33945285b724dbcff04495,2013-06,Nottinghamshire Police,Nottinghamshire Police,-1.223731,52.969268,On or near CHINGFORD ROAD,E01013866,Nottingham 014C,Local resolution
cb39ae02f5ec35635dad68765b59b1d7a629223c287a4e7c45651b72ef8bd7c6,2013-06,Nottinghamshire Police,Nottinghamshire Police,-1.155052,52.956547,On or near Parking Area,E01013816,Nottingham 022D,Local resolution
64ba311e0b2797a8f26069c4b6c1b9526512e4295eefa6416339efbec5712dd0,2013-06,Nottinghamshire Police,Nottinghamshire Police,-1.144073,52.983374,On or near Parking Area,E01013969,Nottingham 010C,Suspect charged
9316882f36b98feb8963bf8d843f0422d3b0f33a4b94600627ce481ff34fa2b1,2013-06,Nottinghamshire Police,Nottinghamshire Police,-1.153419,52.970837,On or near HUCKNALL ROAD,E01013941,Nottingham 015C,Suspect charged
a6f535704461a1383dc803ca5a1c9c1bb3ec049d6cda7229a3de4c90ad71652a,2013-06,Nottinghamshire Police,Nottinghamshire Police,-1.153011,52.973387,On or near OAK STREET,E01013972,Nottingham 015E,Suspect charged
97cf8a5381524d0465fdbef3446c440cd7f35681bd393d7d85e495206efb6717,2013-06,Nottinghamshire Police,Nottinghamshire Police,-1.144073,52.983374,On or near Parking Area,E01013969,Nottingham 010C,Suspect charged
d46852c24813136bbbbb29472716382c2153f19cd3fe92df215e72136472fb32,2013-06,Nottinghamshire Police,Nottinghamshire Police,-1.145624,52.996851,On or near NORTHWOOD CRESCENT,E01013963,Nottingham 007A,Suspect charged
d65ce69d21eb00737a81dbcdb4e81f424af73f255b9b0b955d6fffe5fb7857c2,2013-06,Nottinghamshire Police,Nottinghamshire Police,-1.143330,52.955393,On or near Nightclub,E01033405,Nottingham 023G,Suspect charged
a92c8caef8625ae02685dada2ee0079be5fb158e0b86fe7a5de7cca233aa5444,2013-06,Nottinghamshire Police,Nottinghamshire Police,-1.071047,53.417381,On or near WATER FIR WAY,E01028024,Bassetlaw 001B,Suspect charged
9ccae0825ca4ef311709431a945e4abdcbd3302fa6f140c9c764a6b3f0e92ca9,2013-06,Nottinghamshire Police,Nottinghamshire Police,-1.102129,53.295261,On or near KINGSTON ROAD,E01028064,Bassetlaw 014E,Suspect charged
75e76893f29e542fc4e4951918c3d24de3ac1525b1f872932455a0d2c8ff7e02,2013-06,Nottinghamshire Police,Nottinghamshire Police,-0.969059,53.036327,On or near PRIORY ROAD,E01028351,Newark and Sherwood 013D,Suspect charged
3cbf70502e0f79c4cedf00e68b37db4fe85bb8c52d970e917484d614d4e9704d,2013-06,Nottinghamshire Police,Nottinghamshire Police,-0.969059,53.036327,On or near PRIORY ROAD,E01028351,Newark and Sherwood 013D,Suspect charged
2f5090018d7ad98ae6eb7d043d0347e7875e62c5306218cdc9310f8b360b05f1,2013-06,Nottinghamshire Police,Nottinghamshire Police,-1.198164,53.142969,On or near Parking Area,E01028268,Mansfield 008D,Offender given a caution
bfa921e03e7b1ea15f2690acf071d6ce440f4a5be9b06918ce9fde6c3fde72ff,2013-06,Nottinghamshire Police,Nottinghamshire Police,-1.190270,53.047495,On or near CHRISTINE CLOSE,E01027936,Ashfield 013E,Suspect charged
d250e8f45e618ea3877e09528f4421ca9596ce17f83263c21c0c73e4fb3ecb6f,2013-06,Nottinghamshire Police,Nottinghamshire Police,-1.259154,53.122482,On or near REFORM STREET,E01027976,Ashfield 005E,Offender given a caution
fcdff15e3779df7590b52e6a295ff36f391da10f19676dc8f7813663f5a747cd,2013-06,Nottinghamshire Police,Nottinghamshire Police,-1.262693,53.125246,On or near Shopping Area,E01027968,Ashfield 005C,Offender given a caution
1052e54c0983e6f1eebc80bfdbaf71cfea39c9104a2eebd607a8229151950f70,2013-06,Nottinghamshire Police,Nottinghamshire Police,-1.281038,53.122032,On or near NURSERY AVENUE,E01027991,Ashfield 006E,Suspect charged
88d673b3a8aac1805366c679d9378eea3924ee7ea1b299ae36781983363ce2a8,2013-06,Nottinghamshire Police,Nottinghamshire Police,-1.266780,53.101971,On or near CASTLE HILL CLOSE,E01027947,Ashfield 009A,Suspect charged
83db45e9eaa591593d7f908357e1fccc698e3683b2bee6065550d79a4c461893,2013-06,Nottinghamshire Police,Nottinghamshire Police,-1.128334,52.937943,On or near RICHMOND ROAD,E01028384,Rushcliffe 004C,Investigation complete; no suspect identified
f356d9ffb796e4e787d3ba373c1866f21aecaa1f078b3b696f7a019b2ba121f3,2013-06,Nottinghamshire Police,Nottinghamshire Police,-1.132501,52.935654,On or near Supermarket,E01028416,Rushcliffe 005D,Investigation complete; no suspect identified
e47592edb4eac20c6f54c5e51b0684f49048d4a4512267a497b0819bdb1217a6,2013-06,Nottinghamshire Police,Nottinghamshire Police,-1.139136,52.931208,On or near LITTLE BOUNDS,E01028365,Rushcliffe 007C,Suspect charged
e47592edb4eac20c6f54c5e51b0684f49048d4a4512267a497b0819bdb1217a6,2013-06,Nottinghamshire Police,Nottinghamshire Police,-1.139136,52.931208,On or near LITTLE BOUNDS,E01028365,Rushcliffe 007C,Suspect charged
d7987576fab6ddc1c76a558182762259617b3a52a2903062d782400e6d08d7af,2013-06,Nottinghamshire Police,Nottinghamshire Police,-1.060670,52.844700,On or near FIELD LANE,E01028421,Rushcliffe 012C,Investigation complete; no suspect identified
417c22aca9af122ede97fafc4ad61321df6a05bd67cb9809feda58f8c876c97c,2013-06,Nottinghamshire Police,Nottinghamshire Police,-0.986415,52.912348,On or near RICHARDS CLOSE,E01028419,Rushcliffe 010B,Investigation complete; no suspect identified
e3875cf712486bbb4275470277488f3f997901eda862df3501e3707e3fcd8f4d,2013-06,Nottinghamshire Police,Nottinghamshire Police,-1.240574,52.862878,On or near WEST LEAKE LANE,E01028408,Rushcliffe 014C,Investigation complete; no suspect identified
883de6c002af2e1f4d842ba0e7a24828a958420b813fd9135c4d806056bea97f,2013-06,Nottinghamshire Police,Nottinghamshire Police,-0.886547,52.918520,On or near CHAPEL LANE,E01028411,Rushcliffe 001C,Investigation complete; no suspect identified
4b3e54c53ac55aa57d97912acc66450ce357ed57e8099428bc185cabbdc332ca,2013-06,Nottinghamshire Police,Nottinghamshire Police,-1.169949,52.811964,On or near Sports/Recreation Area,E01028410,Rushcliffe 015E,Investigation complete; no suspect identified
3dcfc98afe3c44e4f9dcd940e03c5a5b40a0491282e5643ce4414e8c2ab8d575,2013-06,Nottinghamshire Police,Nottinghamshire Police,-0.961507,52.953971,On or near GARDENERS CLOSE,E01028362,Rushcliffe 002F,Investigation complete; no suspect identified
82f2061b7b70cb8b2a1699bf86e4b58acf371df6a027c20bf22cc84aacaf4a62,2013-06,Nottinghamshire Police,Nottinghamshire Police,-1.281559,52.975924,On or near Parking Area,E01028106,Broxtowe 016B,Investigation complete; no suspect identified
1c344f627228d31ba30fa36f22e142672a8ba88c0a3be28e3749b85e8b84d991,2013-06,Nottinghamshire Police,Nottinghamshire Police,-1.307040,53.012176,On or near KNAPP AVENUE,E01028110,Broxtowe 002A,Investigation complete; no suspect identified
8d73c73c579f6aa187a6fcd088f1af226e328841cc0a7f9261a099001ae4b66a,2013-06,Nottinghamshire Police,Nottinghamshire Police,-1.291792,53.023170,On or near LINDLEY STREET,E01028107,Broxtowe 001C,Investigation complete; no suspect identified
1ee751c67287539b91646abab3e15ad780ca2206e063bf58f27088aea045e703,2013-06,Nottinghamshire Police,Nottinghamshire Police,-1.250899,53.001552,On or near NEWDIGATE ROAD,E01028123,Broxtowe 004E,Investigation complete; no suspect identified
eaf433ebd51ea4940c1b930b756e365807422f1e267686be7113c7f173816900,2013-06,Nottinghamshire Police,Nottinghamshire Police,-1.252805,52.992098,On or near KNOWLE LANE,E01028102,Broxtowe 004A,Investigation complete; no suspect identified
cfc1840c02fa52d93edbfdaee29e582f5c94631b0751f97ceb78c2bc6e7e2b69,2013-06,Nottinghamshire Police,Nottinghamshire Police,-1.284241,53.005542,On or near GOODMAN CLOSE,E01028116,Broxtowe 003C,Investigation complete; no suspect identified
18281912564816ae031d093d6ffc9e148e62593f7bd2d3a30799f293e189307c,2013-06,Nottinghamshire Police,Nottinghamshire Police,-1.212235,52.987324,On or near CEDARLAND CRESCENT,E01028120,Broxtowe 016D,Investigation complete; no suspect identified
0b7d4b9b30b12027ee4916cceae52cfd2bc4538deaf08af8eeda120254a27e36,2013-06,Nottinghamshire Police,Nottinghamshire Police,-1.255332,52.997615,On or near VICTORIA STREET,E01028102,Broxtowe 004A,Investigation complete; no suspect identified
2dd7d3c2484e5873c9272e2ddbdadc377f44ce1b5249710dd68ac59e26e10420,2013-06,Nottinghamshire Police,Nottinghamshire Police,-1.302279,53.015393,On or near LAWRENCE AVENUE,E01028113,Broxtowe 002D,Investigation complete; no suspect identified
dcbf9fd581a4efdbc882ce60d1fe2a78100fa2bc93ef2b0266e82432cddeaf84,2013-06,Nottinghamshire Police,Nottinghamshire Police,-1.109823,52.969153,On or near STANDHILL AVENUE,E01028163,Gedling 013D,Investigation complete; no suspect identified
fea0cb457e7818014a52d12ef1d36fa5716b361e8b83160bebb3c44ec3d1ac41,2013-06,Nottinghamshire Police,Nottinghamshire Police,-1.106740,52.981481,On or near WESTDALE LANE WEST,E01028197,Gedling 010E,Investigation complete; no suspect identified
d4197b4590230b0f14388633a815c04f905c1506ca224766f063781d54ba24e6,2013-06,Nottinghamshire Police,Nottinghamshire Police,-1.203879,52.927272,On or near Petrol Station,E01028075,Broxtowe 011C,Investigation complete; no suspect identified
fb51b08707fd7cf4ac641846e82c179da9760a48d1b24bb91a80ef248a2bf6f8,2013-06,Nottinghamshire Police,Nottinghamshire Police,-1.229221,52.940249,On or near JASMINE CLOSE,E01028076,Broxtowe 009A,Investigation complete; no suspect identified
d960a3e80f832c98c25c836ea586a8589de499bcd7352751740fcfdcd6895cbf,2013-06,Nottinghamshire Police,Nottinghamshire Police,-1.235682,52.936686,On or near CRUMMOCK CLOSE,E01028091,Broxtowe 007E,Investigation complete; no suspect identified
a3c4f359372e24c9a8fc6c0ba850c4ad9c0355cd5ca8147f743445122fd1ac8a,2013-06,Nottinghamshire Police,Nottinghamshire Police,-1.203753,52.926067,On or near HAWTHORN GROVE,E01028075,Broxtowe 011C,Investigation complete; no suspect identified
b44cb2b6d8260a40fff0f6bc58e426f8c74280841b09c675438715f7667ba6fd,2013-06,Nottinghamshire Police,Nottinghamshire Police,-1.245915,52.904327,On or near HICKTON DRIVE,E01028137,Broxtowe 015C,Investigation complete; no suspect identified
30f004902cb44d8099b4ce75a92a93bf35546b929b8b18eddf5e7edf24735b95,2013-06,Nottinghamshire Police,Nottinghamshire Police,-1.203879,52.927272,On or near Petrol Station,E01028075,Broxtowe 011C,Investigation complete; no suspect identified
2bcec1a29e036368e6eaa52e689a6f1413e818a86b45782f7a5de274695df72f,2013-06,Nottinghamshire Police,Nottinghamshire Police,-1.135211,52.996767,On or near Parking Area,E01028176,Gedling 009A,Investigation complete; no suspect identified
e8b3679315c47c0e4a1134daa1969233055a974fb4a72758944a82a23609b26e,2013-06,Nottinghamshire Police,Nottinghamshire Police,-1.169742,53.084866,On or near THE HOLLIES,E01028200,Gedling 001D,Investigation complete; no suspect identified
94d8cc694bbdeb552b982be4b4596e63ec9d728589c8d7a8a2b8471c5c11c0c0,2013-06,Nottinghamshire Police,Nottinghamshire Police,-1.146849,53.002011,On or near ROUNDWOOD ROAD,E01028166,Gedling 006C,Investigation complete; no suspect identified
3fd5941511ec39f882c4b668b4058f067351860c7f1963d301f3df3698401d7c,2013-06,Nottinghamshire Police,Nottinghamshire Police,-1.128115,53.008797,On or near ALLEN'S WALK,E01028208,Gedling 004E,Investigation complete; no suspect identified
289c4414539b392eb98a6d5068b58cbf573e501830d2aca659f2507844f1ce56,2013-06,Nottinghamshire Police,Nottinghamshire Police,-1.086999,53.041075,On or near SHERBROOKE CLOSE,E01028153,Gedling 002D,Investigation complete; no suspect identified
51fc90b4fe9bb7f58e0aa1cf7838ed0fe4b00508007477a854b96b7502d0fb23,2013-06,Nottinghamshire Police,Nottinghamshire Police,-1.153622,52.939052,On or near QUEEN'S WALK,E01013870,Nottingham 040A,Investigation complete; no suspect identified
941c18b10ac39c0cf283efe8c56a9a0eac45ece88502a77d24ebb67573f79364,2013-06,Nottinghamshire Police,Nottinghamshire Police,-1.127154,52.969227,On or near GILPET AVENUE,E01013942,Nottingham 016D,Investigation complete; no suspect identified
bd7537806463ac451485aeef8995f687cf17a794f30935b67b2606bd8cf4214c,2013-06,Nottinghamshire Police,Nottinghamshire Police,-1.132421,52.979855,On or near QUERNEBY AVENUE,E01013935,Nottingham 010A,Investigation complete; no suspect identified
d0b2e70f67cc2bb45dff3eec5d5604bf3fe2a86b175b53b4e13d7c1ef47a5b92,2013-06,Nottinghamshire Police,Nottinghamshire Police,-1.134465,52.952084,On or near BEAUMONT STREET,E01013920,Nottingham 029C,Investigation complete; no suspect identified
a06902451bdd7187ac55e3c85063d3a94559c213d5076aa05f6dfe653d822d44,2013-06,Nottinghamshire Police,Nottinghamshire Police,-1.137313,52.964537,On or near Pedestrian Subway,E01013959,Nottingham 021B,Investigation complete; no suspect identified
b9cd2093f05487b77f1a73b2dbd39c5ebfc7ad65fc15bc23fd91c738723680cc,2013-06,Nottinghamshire Police,Nottinghamshire Police,-1.126245,52.958918,On or near LINNELL STREET,E01013954,Nottingham 021A,Investigation complete; no suspect identified
520b3dd7b2f889fdc4934fa812c754e87e0f3a5b7486331180afa3ac6e16f0db,2013-06,Nottinghamshire Police,Nottinghamshire Police,-1.143416,52.960868,On or near ABBOTSFORD DRIVE,E01013958,Nottingham 023C,Investigation complete; no suspect identified
c49fa1c95db3aa38e16e0ad1a21cbfb7d632dfc051f7557cbe080e5b64f141f8,2013-06,Nottinghamshire Police,Nottinghamshire Police,-1.110996,52.959156,On or near FERNDALE ROAD,E01013913,Nottingham 024A,Investigation complete; no suspect identified
e3f0c6be5c6711faacf8666a5b180ff16395512b657dc1a8f254c6e530c0d71c,2013-06,Nottinghamshire Police,Nottinghamshire Police,-1.142800,52.966374,On or near VERBENA CLOSE,E01013958,Nottingham 023C,Investigation complete; no suspect identified
0d939403cc37474aec046575955fbc57aa608f3ba0fa95d05780b471ddab54bf,2013-06,Nottinghamshire Police,Nottinghamshire Police,-1.171291,52.903650,On or near EDDLESTON DRIVE,E01013900,Nottingham 035D,Investigation complete; no suspect identified
40acd04bda9fc84b86d719775750ab546317e29dd61d2ff386c4fb9a77008857,2013-06,Nottinghamshire Police,Nottinghamshire Police,-1.121748,52.949446,On or near WHITTIER ROAD,E01013921,Nottingham 029D,Investigation complete; no suspect identified
2581a3f46e53e6364ff5bf124e1bf667dbc0f128390d96c7ed24e91cd75dbc87,2013-06,Nottinghamshire Police,Nottinghamshire Police,-1.136558,52.953861,On or near CARLTON ROAD,E01033405,Nottingham 023G,Suspect charged
e2eb9ddbbc29ff20546e428f7ec6c6c4162d8cacb6191abad33a421fe20042e9,2013-06,Nottinghamshire Police,Nottinghamshire Police,-1.135986,52.963871,On or near DUNCOMBE CLOSE,E01013959,Nottingham 021B,Investigation complete; no suspect identified
2be7fef533f1cbe479b9143159c0e4b2aa8797a368d7cd8dd3fccb3c92dbbceb,2013-06,Nottinghamshire Police,Nottinghamshire Police,-1.164247,52.988470,On or near TRING VALE,E01013827,Nottingham 008A,Investigation complete; no suspect identified
3f98382067fe7c51546b27833cbcc90f668b05efb951b0b894c1712a86274281,2013-06,Nottinghamshire Police,Nottinghamshire Police,-1.193937,53.003616,On or near JENNISON STREET,E01013885,Nottingham 002E,Investigation complete; no suspect identified
62ea9a19c6b3d11955bc0c24e1cace724ddbbe61e7dbf3422863eef9865de41e,2013-06,Nottinghamshire Police,Nottinghamshire Police,-1.189717,52.999020,On or near BANNERMAN ROAD,E01013890,Nottingham 004D,Investigation complete; no suspect identified
df7611a86c3055ef4d0af032262cef9839418711d76ea3ef429ca188a8dfca01,2013-06,Nottinghamshire Police,Nottinghamshire Police,-1.209480,52.982424,On or near AINSDALE CRESCENT,E01013826,Nottingham 011E,Investigation complete; no suspect identified
f0273f662012c2ed882bb162f2a2c978fa3fa6c175713b950b82611fb6beab20,2013-06,Nottinghamshire Police,Nottinghamshire Police,-1.173952,52.984942,On or near NORBURN CRESCENT,E01013828,Nottingham 008B,Investigation complete; no suspect identified
5f87c4ae608e55c62e84b791398408e3991f8faba552737930f80b4b6adac1e7,2013-06,Nottinghamshire Police,Nottinghamshire Police,-1.204313,52.979909,On or near ARKLOW CLOSE,E01013820,Nottingham 013B,Investigation complete; no suspect identified
ed4367e0246dbae26d12d681d6c5f314d36f452cb7d3c7e0751fda8359a57fa1,2013-06,Nottinghamshire Police,Nottinghamshire Police,-1.202501,53.003880,On or near ABERCARN CLOSE,E01013885,Nottingham 002E,Investigation complete; no suspect identified
6a7f12a5720985841eb0c28db956726792331429c260117fce5e8668cfe11cc7,2013-06,Nottinghamshire Police,Nottinghamshire Police,-1.191825,52.999430,On or near DURHAM CRESCENT,E01013888,Nottingham 004B,Investigation complete; no suspect identified
0e4dfddee45cb50d71188d0beba5bb9ef85202169a109b11381d17edfad2146c,2013-06,Nottinghamshire Police,Nottinghamshire Police,-1.187597,53.014306,On or near Parking Area,E01013879,Nottingham 002A,Investigation complete; no suspect identified
023daa8b6e3fd2fab32c680ded0eb9b520ca9432224a1307aa046e3833f49180,2013-06,Nottinghamshire Police,Nottinghamshire Police,-1.197002,52.974160,On or near TENBURY CRESCENT,E01013823,Nottingham 013D,Investigation complete; no suspect identified
18fea64497986e6a5af966d4e28fea3004edbf77c00b36ead8b49ab9bcad3be5,2013-06,Nottinghamshire Police,Nottinghamshire Police,-1.206252,52.963453,On or near BATHURST DRIVE,E01013859,Nottingham 020A,Investigation complete; no suspect identified
fd78bf902df3c8594b1770462e2a21a590a03481c753f73cecb34b4d4267690e,2013-06,Nottinghamshire Police,Nottinghamshire Police,-1.196716,53.001648,On or near Supermarket,E01013885,Nottingham 002E,Investigation complete; no suspect identified
f64e3b33cc75bd6044c69890b720f2ecc20d244a2c6e6b65cba37e72af6c7f3e,2013-06,Nottinghamshire Police,Nottinghamshire Police,-1.212632,53.008937,On or near BLENHEIM LANE,E01013880,Nottingham 002B,Investigation complete; no suspect identified
ca0dea96b64329d259e208e0e0157b4cc5f50e701c32fadef6f6d211a2e669fe,2013-06,Nottinghamshire Police,Nottinghamshire Police,-1.207901,53.002766,On or near Pedestrian Subway,E01013880,Nottingham 002B,Investigation complete; no suspect identified
f3b2880ea130eb8c2487d41b756b599021746d0a7bdc536946ee1c1c86d25000,2013-06,Nottinghamshire Police,Nottinghamshire Police,-1.209424,52.980590,On or near DEEPDENE CLOSE,E01013817,Nottingham 011A,Investigation complete; no suspect identified
b46dcfab1cc0fae16671699f2aa9b3959c57320b08c3ec2955a7e8c5f49790c2,2013-06,Nottinghamshire Police,Nottinghamshire Police,-1.187327,52.957248,On or near KENNINGTON ROAD,E01013933,Nottingham 019D,Investigation complete; no suspect identified
ecb901088fa74215f48f27a883931db7c172b27f18bcf8d1afae8fa17f43fcdd,2013-06,Nottinghamshire Police,Nottinghamshire Police,-1.198755,53.002579,On or near MURIEL STREET,E01013885,Nottingham 002E,Investigation complete; no suspect identified
538e26f736722b4adc63837a9046c92d617811617eda6fab5f9fd3302838760a,2013-06,Nottinghamshire Police,Nottinghamshire Police,-1.188662,52.967838,On or near TRAFFORD GARDENS,E01013931,Nottingham 019B,Investigation complete; no suspect identified
bde266cbc30f7b3ccdd3171458ea8c249256175c69b080e53191ba9479a44a11,2013-06,Nottinghamshire Police,Nottinghamshire Police,-1.196779,52.999859,On or near MAIN STREET,E01013885,Nottingham 002E,Investigation complete; no suspect identified
e662fc2975799f8f589e7b3c7534c0439e5ca41d1768b1a60af4a90b871d07e0,2013-06,Nottinghamshire Police,Nottinghamshire Police,-1.171025,52.977569,On or near ZULU ROAD,E01013839,Nottingham 012C,Suspect charged
5832b3f3748b3848d260810f33b736a44ed5ad47f0156413385d62bd4a3c0712,2013-06,Nottinghamshire Police,Nottinghamshire Police,-1.146168,52.954910,On or near Shopping Area,E01033406,Nottingham 039E,Suspect charged
1c20d369708fca461c6e0ac01ba082ae5bb1d146d7637a277bdf6ee97e6850f0,2013-06,Nottinghamshire Police,Nottinghamshire Police,-1.153419,52.970837,On or near HUCKNALL ROAD,E01013941,Nottingham 015C,Suspect charged
42199026febba160f1ded283c2dfaadfa08bf573f2bd311687f79ca17d11fa85,2013-06,Nottinghamshire Police,Nottinghamshire Police,-1.148030,52.957890,On or near Shopping Area,E01033399,Nottingham 023E,Investigation complete; no suspect identified
1dab2d1ef5e2342a0a8902473892060572b0cc91a5485adab4395d903863dd9b,2013-06,Nottinghamshire Police,Nottinghamshire Police,-1.171025,52.977569,On or near ZULU ROAD,E01013839,Nottingham 012C,Suspect charged
6fb7f93c94228afc8cb6408c62bbc080b85a0f63d161f064fdd9fc4404f106cd,2013-06,Nottinghamshire Police,Nottinghamshire Police,-1.167408,52.937154,On or near RENNIE HOGG ROAD,E01013870,Nottingham 040A,Suspect charged
a3c88c3edbf85f654ae81620045e60f44eeb610b33161601972b67f1ed6cea3d,2013-06,Nottinghamshire Police,Nottinghamshire Police,-1.170316,52.957014,On or near HORNBUCKLE COURT,E01013948,Nottingham 026E,Investigation complete; no suspect identified
356dbdca5b53db4a25992c481af4628e0252f158584b34597120fcc4b1b7a04e,2013-06,Nottinghamshire Police,Nottinghamshire Police,-1.174172,52.982013,On or near SCOTLAND ROAD,E01013828,Nottingham 008B,Investigation complete; no suspect identified
31b7516069bc0141657ce1f8d25bb1472a97a2845b5f5e4e0e9309f838f1da1e,2013-06,Nottinghamshire Police,Nottinghamshire Police,-1.145710,52.955473,On or near CLARE STREET,E01033409,Nottingham 023H,Investigation complete; no suspect identified
4d4f008ea7a6aca755285866f5665d4ffd7141a87a55a58e0866e9322f718a6c,2013-06,Nottinghamshire Police,Nottinghamshire Police,-1.149881,52.950775,On or near STANFORD STREET,E01033400,Nottingham 039B,Investigation complete; no suspect identified
003369a15aa3e737c8c0b97d86e95c16e78b926fd4c009ad5ee9ce4c99b146bc,2013-06,Nottinghamshire Police,Nottinghamshire Police,-1.146601,52.954068,On or near THURLAND STREET,E01033406,Nottingham 039E,Investigation complete; no suspect identified
ef5096f4fc10fcd94777d656f479113e784d3955dc8aecd2bed634433a7c07f3,2013-06,Nottinghamshire Police,Nottinghamshire Police,-1.153011,52.973387,On or near OAK STREET,E01013972,Nottingham 015E,Investigation complete; no suspect identified
7a4c63c3ebf0d03ebb1dad4e3c3ec793611cbcd04448730072dd14c2640013d2,2013-06,Nottinghamshire Police,Nottinghamshire Police,-1.146601,52.954068,On or near THURLAND STREET,E01033406,Nottingham 039E,Investigation complete; no suspect identified
b067282543ca881491c6f8476a27f1e5406262850292026da1030201dfb65eb0,2013-06,Nottinghamshire Police,Nottinghamshire Police,-1.142053,52.954485,On or near CRANBROOK STREET,E01033407,Nottingham 039F,Investigation complete; no suspect identified
decd351da88d6faeda992aa577ae01109860c1e215c4df9aed50f20af23a8728,2013-06,Nottinghamshire Police,Nottinghamshire Police,-1.148336,52.952912,On or near Shopping Area,E01033406,Nottingham 039E,Investigation complete; no suspect identified
a299b4e4b927fdc0095b0d8f2d1243e0df7fcb48d208eda02194e4bbb7837157,2013-06,Nottinghamshire Police,Nottinghamshire Police,-1.183613,52.944188,On or near EAST ROAD,E01013926,Nottingham 031E,Investigation complete; no suspect identified
f41f6382f93225b71b1e881ea15262cb5d5d7c6907f8aaf0b6db61dbfaa2c530,2013-06,Nottinghamshire Police,Nottinghamshire Police,-1.143330,52.955393,On or near Nightclub,E01033405,Nottingham 023G,Investigation complete; no suspect identified
120abf2ccb529a0aabb2476edf23816411292a58ebc31eba247f51a6d60127e8,2013-06,Nottinghamshire Police,Nottinghamshire Police,-1.189040,52.947623,On or near CHARNOCK AVENUE,E01013975,Nottingham 032C,Investigation complete; no suspect identified
96db0637b7a4aa0f60b97bb806f2197f6c54c914ba6b2ae710f67dd92c95330d,2013-06,Nottinghamshire Police,Nottinghamshire Police,-1.146243,52.973015,On or near CYPRUS ROAD,E01013938,Nottingham 015B,Investigation complete; no suspect identified
b0ea00c42d264e00bd237dffff42f88b016e9e60d5c9d0a85edc9e803c7fff58,2013-06,Nottinghamshire Police,Nottinghamshire Police,-1.149881,52.950775,On or near STANFORD STREET,E01033400,Nottingham 039B,Investigation complete; no suspect identified
8889a3ecbd76af4b821840311f54994b356069bcbb642db798ca378576f9814a,2013-06,Nottinghamshire Police,Nottinghamshire Police,-1.174411,52.950732,On or near ARTHUR AVENUE,E01013924,Nottingham 031C,Investigation complete; no suspect identified
71a74e148aa6e879e5e08db3e83cd1bea61e22da578b1839ae4694152237d7c5,2013-06,Nottinghamshire Police,Nottinghamshire Police,-1.148358,52.951797,On or near Shopping Area,E01033400,Nottingham 039B,Investigation complete; no suspect identified
b1a7df7ac4317a79e1ef22f59ba6ac4ae72146cabb5f0f9c502d1493da710cb6,2013-06,Nottinghamshire Police,Nottinghamshire Police,-1.153011,52.973387,On or near OAK STREET,E01013972,Nottingham 015E,Investigation complete; no suspect identified
3d453e6393f9a9f63637022e454d72aeaa26022323cb5edd2b332c46cb4f30d0,2013-06,Nottinghamshire Police,Nottinghamshire Police,-1.177105,52.956198,On or near REDOUBT STREET,E01033396,Nottingham 026H,Investigation complete; no suspect identified
f9b0f8fe083203107349ec02e447c8c089e6fa4c68dae039a1443021943c855a,2013-06,Nottinghamshire Police,Nottinghamshire Police,-1.174002,52.936211,On or near CLIFTON BOULEVARD,E01013928,Nottingham 031G,Investigation complete; no suspect identified
1d99c75fc03e7be1bfc4b9c4280f958bdf63dbcc8e1e038b238fb290a7c62216,2013-06,Nottinghamshire Police,Nottinghamshire Police,-1.171382,52.947978,On or near WILLOUGHBY STREET,E01033408,Nottingham 031H,Investigation complete; no suspect identified
50bf827b6068c25cf48121846e29208f8c46b9a4dd6ce6c154e759bd20a4b274,2013-06,Nottinghamshire Police,Nottinghamshire Police,-1.154370,52.975501,On or near BERNARD STREET,E01013972,Nottingham 015E,Investigation complete; no suspect identified
16831932c05c45906d4c265669051b2cd0876823664d1923baca7a661421f975,2013-06,Nottinghamshire Police,Nottinghamshire Police,-1.182642,52.955445,On or near WOLLATON ROAD,E01033395,Nottingham 026G,Investigation complete; no suspect identified
bda82e0021c693a769075fd9e88fb321ef1058e8640e171cf8aa43e551cadc01,2013-06,Nottinghamshire Police,Nottinghamshire Police,-1.170316,52.971828,On or near ELSON STREET,E01013842,Nottingham 018D,Investigation complete; no suspect identified
fd61637263912b3952ee4c61fad54199163a49629b39d00aa14997feff8f10b2,2013-06,Nottinghamshire Police,Nottinghamshire Police,-1.146273,52.954111,On or near Theatre/Concert Hall,E01033406,Nottingham 039E,Investigation complete; no suspect identified
3edc9b40cbb975e08512378ae49332e05b7340c5757adbaa27f3220805ab3527,2013-06,Nottinghamshire Police,Nottinghamshire Police,-1.152516,52.974364,On or near LOSCOE ROAD,E01013972,Nottingham 015E,Investigation complete; no suspect identified
eed2700a6483132838cbe919ab1299bfb15f7d1bd5dbca4e02b811d8b26aac53,2013-06,Nottinghamshire Police,Nottinghamshire Police,-1.180103,52.968489,On or near WADES AVENUE,E01013930,Nottingham 019A,Investigation complete; no suspect identified
fc555c5d440b4bfff32a4063fc91dc844db83b1fed4a9a89b08d4fbb52e75b7a,2013-06,Nottinghamshire Police,Nottinghamshire Police,-1.160804,52.969308,On or near FOXHALL ROAD,E01013847,Nottingham 017D,Investigation complete; no suspect identified
72dc7280e027b716c5c5ec6be430ec7af2d45f459feec3d9c2a77cb24f20f2fc,2013-06,Nottinghamshire Police,Nottinghamshire Police,-0.805674,53.141712,On or near Petrol Station,E01028349,Newark and Sherwood 003D,Investigation complete; no suspect identified
12902e151506f2ae18cd082ac98754228b9579fa7c70305228a4faddc904f86b,2013-06,Nottinghamshire Police,Nottinghamshire Police,-1.063471,53.192686,On or near HIGH STREET,E01028323,Newark and Sherwood 002E,Investigation complete; no suspect identified
42e3896abdf3db0b3835e05071b48d750b2a8b74200cfd91c649d6f384e185ef,2013-06,Nottinghamshire Police,Nottinghamshire Police,-1.141472,52.954535,On or near LENNOX STREET,E01033407,Nottingham 039F,Investigation complete; no suspect identified
109aae0118f22d0fe3df51679c8c76dfb7fb24235845a0d8e746d6e18956c401,2013-06,Nottinghamshire Police,Nottinghamshire Police,-1.149619,52.958809,On or near MAJOR STREET,E01033399,Nottingham 023E,Investigation complete; no suspect identified
2fca07284a1f4d3406790b117be9fca48dbad343a5200e46c23deb74a459b168,2013-06,Nottinghamshire Police,Nottinghamshire Police,-1.275868,52.929638,On or near CYRIL AVENUE,E01028134,Broxtowe 008D,Investigation complete; no suspect identified
fbc4273ed2a6460c7786be083716575d0cb43f86ccccf70b9ba37c86ad176ae5,2013-06,Nottinghamshire Police,Nottinghamshire Police,-1.138633,52.994760,On or near Petrol Station,E01013963,Nottingham 007A,Investigation complete; no suspect identified
321fc7f6fa8f4464537c1388bb237b66ed3981656032b2289fe550786b8fc9ea,2013-06,Nottinghamshire Police,Nottinghamshire Police,-1.118358,52.960236,On or near FINDERN GREEN,E01013916,Nottingham 024D,Investigation complete; no suspect identified
9c629d0c041511144cad7f57af30dbe3ba2448250259921593cd7505302235f2,2013-06,Nottinghamshire Police,Nottinghamshire Police,-1.147186,52.939473,On or near WOOLMER ROAD,E01013872,Nottingham 040C,Investigation complete; no suspect identified
d649ecd3ec5118a83e13ffb33812a5a24a604bf1d89b4b809ce48f4bbc58b6b5,2013-06,Nottinghamshire Police,Nottinghamshire Police,-1.170862,52.834948,On or near FISHER CLOSE,E01028389,Rushcliffe 015B,Investigation complete; no suspect identified
05e666617dfe2d19d4a4d955004c5d42ff83a89858b58639fb7f1288e4b5e09e,2013-06,Nottinghamshire Police,Nottinghamshire Police,-1.150631,52.961873,On or near FROGMORE STREET,E01013961,Nottingham 023D,Investigation complete; no suspect identified
25a6ee31d75c9e8e06ed76ff4369c2c16292d8eac23c3742bfc96864786b8673,2013-06,Nottinghamshire Police,Nottinghamshire Police,-1.176930,53.001486,On or near CHARLOCK CLOSE,E01013893,Nottingham 001C,Investigation complete; no suspect identified
67fdc67b6dac454f02150d806b0604048d6c5c315e0083fc017adae9d4a41799,2013-06,Nottinghamshire Police,Nottinghamshire Police,-1.213538,52.980374,On or near FIRSBY ROAD,E01013817,Nottingham 011A,Suspect charged
67fdc67b6dac454f02150d806b0604048d6c5c315e0083fc017adae9d4a41799,2013-06,Nottinghamshire Police,Nottinghamshire Police,-1.213538,52.980374,On or near FIRSBY ROAD,E01013817,Nottingham 011A,Suspect charged
67fdc67b6dac454f02150d806b0604048d6c5c315e0083fc017adae9d4a41799,2013-06,Nottinghamshire Police,Nottinghamshire Police,-1.213538,52.980374,On or near FIRSBY ROAD,E01013817,Nottingham 011A,Suspect charged
93fbd3aecb1e28dc4f9c5ecac0890ae312acb2d8f69cfee53f4b3f1281537ca3,2013-06,Nottinghamshire Police,Nottinghamshire Police,-1.216083,52.973901,On or near B6004,E01013817,Nottingham 011A,Investigation complete; no suspect identified
1c7771dde1f818b3911a28b36d13a61a1ca4d55d780ed4f73c4c12d1af720ec0,2013-06,Nottinghamshire Police,Nottinghamshire Police,-1.174342,52.988721,On or near RANI DRIVE,E01013827,Nottingham 008A,Investigation complete; no suspect identified
b57fb4e22469abc447aa9e26c40035d36c8941390f82af1492631dc16708332a,2013-06,Nottinghamshire Police,Nottinghamshire Police,-1.206037,52.995526,On or near WILLOW HILL CLOSE,E01013878,Nottingham 005D,Investigation complete; no suspect identified
5abd3bc33cd7b04afc8ae132ddb0c749a04992d9c4edd09ed572f968f9db57a5,2013-06,Nottinghamshire Police,Nottinghamshire Police,-1.180673,52.938343,On or near CLAUDE STREET,E01013928,Nottingham 031G,Investigation complete; no suspect identified
735673f3557ffad3404252ac68c94f31b250cffd6508c0495ad37dfbde997f72,2013-06,Nottinghamshire Police,Nottinghamshire Police,-1.131607,53.302860,On or near HARRINGTON STREET,E01028062,Bassetlaw 013C,Investigation complete; no suspect identified
c94cb9c5af152f979641fb67eaca2ff91ca6be7973dc313bc623463a39f575d1,2013-06,Nottinghamshire Police,Nottinghamshire Police,-1.056408,53.376502,On or near MILL MEADOW VIEW,E01028000,Bassetlaw 001A,Investigation complete; no suspect identified
a59cde168e4c60dfdef274d72d58f936ea769e95ef37a0b4871934e271c7812f,2013-06,Nottinghamshire Police,Nottinghamshire Police,-1.105612,53.300906,On or near HARDWICK ROAD WEST,E01028066,Bassetlaw 012C,Investigation complete; no suspect identified
73e9e83cb3dc765d5e522a589bebe94d9d2ba47607560d9d65a74814f89cb22c,2013-06,Nottinghamshire Police,Nottinghamshire Police,-1.113523,53.326862,On or near MEADE DRIVE,E01028052,Bassetlaw 016B,Investigation complete; no suspect identified
3b79e26d2f5fa39bffcdc976892b4d34a0159adbbebbd94d6e8b11ebfc9dbe00,2013-06,Nottinghamshire Police,Nottinghamshire Police,-1.118322,53.316192,On or near THE BAULK,E01028054,Bassetlaw 016D,Investigation complete; no suspect identified
a8395ac7791bbc5392f6471455353425b26e6d7db54f19e53f8cf571e0ccfe21,2013-06,Nottinghamshire Police,Nottinghamshire Police,-1.128003,53.313306,On or near GATEFORD ROAD,E01028046,Bassetlaw 006A,Investigation complete; no suspect identified
cd413c4664d165b58934be7de210b7a313acded52104a76dac519869bddafaa0,2013-06,Nottinghamshire Police,Nottinghamshire Police,-1.111169,53.318763,On or near WESSEX ROAD,E01028053,Bassetlaw 016C,Investigation complete; no suspect identified
779741834f22922b18966df5b96220348352276086bae98d9f9d75d70a53f4ee,2013-06,Nottinghamshire Police,Nottinghamshire Police,-1.131607,53.302860,On or near HARRINGTON STREET,E01028062,Bassetlaw 013C,Investigation complete; no suspect identified
6c09fc70af245b12efab1164cd63d1cb89527a293161365181c05f95580abc4c,2013-06,Nottinghamshire Police,Nottinghamshire Police,-1.137501,53.303010,On or near Petrol Station,E01028063,Bassetlaw 014D,Investigation complete; no suspect identified
a5b508139d930c3a5c5d58c7c116ba7a0125a9bffae2f176bd998a5f4d47c285,2013-06,Nottinghamshire Police,Nottinghamshire Police,-1.115340,53.356611,On or near WINDSOR COURT,E01028004,Bassetlaw 004D,Investigation complete; no suspect identified
551077cd244bee2c915d5b8d15d3b80ac12ba05ac49955396fbc3fe729d7921f,2013-06,Nottinghamshire Police,Nottinghamshire Police,-1.111169,53.318763,On or near WESSEX ROAD,E01028053,Bassetlaw 016C,Investigation complete; no suspect identified
6c171b172b0ff67137cbdc54316f5d76c2c2766f54bdbe9087a0797374f9e91a,2013-06,Nottinghamshire Police,Nottinghamshire Police,-1.123566,53.304203,On or near NEWCASTLE STREET,E01028062,Bassetlaw 013C,Investigation complete; no suspect identified
ab6b8ee270ec6a441dcc2adcc15bc8ffd0b31965a2ab2ad334b19b4cb64c2c06,2013-06,Nottinghamshire Police,Nottinghamshire Police,-1.061681,53.388283,On or near Petrol Station,E01028000,Bassetlaw 001A,Investigation complete; no suspect identified
cfdf44d1c738470b8b862efb2d3be4bf3d5d9bc0403e516b3ba62a376566ce11,2013-06,Nottinghamshire Police,Nottinghamshire Police,-1.116718,53.308818,On or near VULCAN PLACE,E01028068,Bassetlaw 012D,Investigation complete; no suspect identified
a38fa2d4e14e46a4aa282ff6db9d3a7ccbeb858ffa509c06f2e389cd299ca907,2013-06,Nottinghamshire Police,Nottinghamshire Police,-1.124503,53.305352,On or near Supermarket,E01028062,Bassetlaw 013C,Investigation complete; no suspect identified
e511cfa3bb216e0f966b3f53aa0f3417efbf3a3e52660b8e723cf6249c08cca2,2013-06,Nottinghamshire Police,Nottinghamshire Police,-1.088274,53.167205,On or near Parking Area,E01028313,Newark and Sherwood 002A,Investigation complete; no suspect identified
1b3a5f428bbe2a9ef2ddabd831549e25ae16b97fa6c5e88f41db76ee086f07f2,2013-06,Nottinghamshire Police,Nottinghamshire Police,-1.108295,53.165469,On or near GREENDALE CRESCENT,E01028313,Newark and Sherwood 002A,Investigation complete; no suspect identified
1ef6d6152ed4354ad968d827a95d73a2cd7700cefaf8a3cb8df543fd1436f268,2013-06,Nottinghamshire Police,Nottinghamshire Police,-1.066677,53.188414,On or near STATION LANE,E01028321,Newark and Sherwood 002C,Investigation complete; no suspect identified
6a7bfa15e493a013f648b4b4ab92811a3c1eec06c62fefd9ea6635f2a1ff0e03,2013-06,Nottinghamshire Police,Nottinghamshire Police,-0.813468,53.076400,On or near CASTLE GATE,E01028311,Newark and Sherwood 007G,Investigation complete; no suspect identified
a8a68334c45511404ae15ccc3f4917bef20af582cd1410f99c0630fd114ecaf2,2013-06,Nottinghamshire Police,Nottinghamshire Police,-0.964592,53.330005,On or near FIRTH ROAD,E01028016,Bassetlaw 005D,Investigation complete; no suspect identified
35168f6e753c6f50a0c8ef47e46a7108161393da1b1762be8d0b53f27d55780c,2013-06,Nottinghamshire Police,Nottinghamshire Police,-1.066297,53.419906,On or near YORK ROAD,E01028026,Bassetlaw 001D,Investigation complete; no suspect identified
13c536491bb4a17ffc702afeee718cc85c16c029d602beb93b951a56fddfb09e,2013-06,Nottinghamshire Police,Nottinghamshire Police,-1.046335,53.418948,On or near NORFOLK GROVE,E01028025,Bassetlaw 001C,Investigation complete; no suspect identified
8d01b83797f13cc0eb04ddaa31215862b24beb74039ddf9ba64b9751aee78f82,2013-06,Nottinghamshire Police,Nottinghamshire Police,-0.938952,53.324260,On or near WOOLPACK STREET,E01028011,Bassetlaw 008D,Investigation complete; no suspect identified
d8df067f0a576dcae93b1d9f1c3ecba6a716194cb657745781a0235805e4e69d,2013-06,Nottinghamshire Police,Nottinghamshire Police,-1.056846,53.419257,On or near CREWE ROAD,E01028027,Bassetlaw 001E,Investigation complete; no suspect identified
2080f29f70134f1c1e9569a026b796c17f2d313052793844a226edeebff29708,2013-06,Nottinghamshire Police,Nottinghamshire Police,-0.936607,53.318351,On or near HOLLY COURT,E01028012,Bassetlaw 008E,Investigation complete; no suspect identified
1148642219892fc1757e80e8c7d8428097b19e1bb0d44d34d15e1bfb09f54c1f,2013-06,Nottinghamshire Police,Nottinghamshire Police,-0.936607,53.318351,On or near HOLLY COURT,E01028012,Bassetlaw 008E,Investigation complete; no suspect identified
403bce1855ca97a5d9122cff89084570210a7592dda76feb43dd648aea06303e,2013-06,Nottinghamshire Police,Nottinghamshire Police,-0.966843,53.447456,On or near MULBERRY COURT,E01028023,Bassetlaw 003A,Investigation complete; no suspect identified
463ca2c6bab5526c7532965655d77ddb2428a9348eec3b56545986f848773936,2013-06,Nottinghamshire Police,Nottinghamshire Police,-1.048921,53.420407,On or near WHITE HOUSE DRIVE,E01028027,Bassetlaw 001E,Investigation complete; no suspect identified
64823f706cd64e3b5f911d8066ad5cd418fbdadc5891f9eb6d990a4785bf179f,2013-06,Nottinghamshire Police,Nottinghamshire Police,-1.203222,53.179050,On or near LITTLEWOOD LANE,E01028279,Mansfield 004B,Investigation complete; no suspect identified
f680c809953883a5f28a21f4320be8b2f3c56bde0764ccd8bc4f00f7e4fe1dee,2013-06,Nottinghamshire Police,Nottinghamshire Police,-1.135987,53.159273,On or near FIR TREE CLOSE,E01028238,Mansfield 007B,Investigation complete; no suspect identified
8d4752d507e1eb9f9f76d1419ef5bbfeb918b9207cb63068974444e822b731c5,2013-06,Nottinghamshire Police,Nottinghamshire Police,-1.182194,53.146295,On or near SANDY LANE,E01028276,Mansfield 009E,Investigation complete; no suspect identified
cf6c86d3728eaf52e538c05e63dd02ae3183816ef59bad957fec51916fd3bc64,2013-06,Nottinghamshire Police,Nottinghamshire Police,-1.158440,53.137661,On or near LINGFOREST COURT,E01028262,Mansfield 011C,Investigation complete; no suspect identified
7cac81247b5bca2b4a2a9d161fafe6589fbc23f627777a9f5c695c69ebf21dea,2013-06,Nottinghamshire Police,Nottinghamshire Police,-1.195438,53.146412,On or near Parking Area,E01028284,Mansfield 008F,Investigation complete; no suspect identified
88935fe1bce9706efc76779009b5e6dc9e1b574a993f250a47772f23606e75fd,2013-06,Nottinghamshire Police,Nottinghamshire Police,-1.149840,53.132611,On or near TEAL AVENUE,E01028263,Mansfield 012D,Investigation complete; no suspect identified
cfc8d2ec39e9f1ee7a9bd625c874ea5b6ed884d83ba53852878443948286684c,2013-06,Nottinghamshire Police,Nottinghamshire Police,-1.157667,53.123696,On or near TEDBURN DRIVE,E01028256,Mansfield 012B,Investigation complete; no suspect identified
c77b5c7ccdb4adb19bdf6b42d2d85f41ddbf809e2a214b64e1bbd518e0c4d49a,2013-06,Nottinghamshire Police,Nottinghamshire Police,-1.196177,53.142057,On or near CLERKSON STREET,E01028268,Mansfield 008D,Investigation complete; no suspect identified
20f0e5261c741e6bb62735550954213afadf65195bb5b588883746060dc3078d,2013-06,Nottinghamshire Police,Nottinghamshire Police,-1.199015,53.144638,On or near Shopping Area,E01028284,Mansfield 008F,Investigation complete; no suspect identified
c89578c61dc8ef8ecc51a42fbd77a1519588b2cf48e1220506f1770eb767acc0,2013-06,Nottinghamshire Police,Nottinghamshire Police,-1.195665,53.031728,On or near WHYBURN STREET,E01027931,Ashfield 013B,Investigation complete; no suspect identified
a91039eacfbad06602ca8fccc09f851d4d114e3f54e6d19ecf63be796fded9aa,2013-06,Nottinghamshire Police,Nottinghamshire Police,-1.205043,53.035881,On or near Police Station,E01027928,Ashfield 014B,Investigation complete; no suspect identified
30be1f9848afda5e7556a7129cbf5003874dac6646eaf2f04a7a18962d819a8a,2013-06,Nottinghamshire Police,Nottinghamshire Police,-1.197018,53.033562,On or near PORTLAND ROAD,E01027932,Ashfield 014C,Investigation complete; no suspect identified
55eafbbe33661e95712705cf4151a5e18e3b04b1046750d47821a1df8c7acd8f,2013-06,Nottinghamshire Police,Nottinghamshire Police,-1.331213,53.060596,On or near HAMPSHIRE COURT,E01027946,Ashfield 012B,Investigation complete; no suspect identified
a56b4662642c9cb093d3bcc79cf4c6d08bf82d597e948e9732c50be923401071,2013-06,Nottinghamshire Police,Nottinghamshire Police,-1.201732,53.036695,On or near VINE TERRACE,E01027928,Ashfield 014B,Investigation complete; no suspect identified
411a4f4bd984b35b3fed6c95b83c3880b8315d1dce2ead3e289245e9a7a72d63,2013-06,Nottinghamshire Police,Nottinghamshire Police,-1.216451,53.028478,On or near Sports/Recreation Area,E01027942,Ashfield 016E,Investigation complete; no suspect identified
f9df5a362eca96c08ae4f6c2dd6007168683f3436766f8c3dd49e273933a2ba8,2013-06,Nottinghamshire Police,Nottinghamshire Police,-1.219407,53.026637,On or near Supermarket,E01027942,Ashfield 016E,Investigation complete; no suspect identified
5d092dd2468b9cc7ec48fa68497d70806138f45cfa48d574fa02912f192eb1cc,2013-06,Nottinghamshire Police,Nottinghamshire Police,-1.200608,53.025685,On or near THORN GROVE,E01027930,Ashfield 016B,Investigation complete; no suspect identified
d1b41e3037986e70af686f26f6c39f8fdd8549e8cc35db3121098738f1602b8c,2013-06,Nottinghamshire Police,Nottinghamshire Police,-1.247207,53.092096,On or near HALFMOON DRIVE,E01027950,Ashfield 009C,Investigation complete; no suspect identified
3549bf8aa55e899685e34a93f7bc32a348d12d4a3e69b174484a0069d04cd4e8,2013-06,Nottinghamshire Police,Nottinghamshire Police,-1.252351,53.129631,On or near ST MICHAEL'S STREET,E01027978,Ashfield 004D,Investigation complete; no suspect identified
853d3ae284e1b48e5a922a31f1ae8724646d48b763562f74ca2c57d5343b4cdb,2013-06,Nottinghamshire Police,Nottinghamshire Police,-1.257913,53.101674,On or near HAMPDEN STREET,E01027955,Ashfield 008B,Suspect charged
7c09ccc3576db06602db1902b41729314ae61ca527e45caf067e07f78f59a421,2013-06,Nottinghamshire Police,Nottinghamshire Police,-1.260668,53.138744,On or near ABINGTON AVENUE,E01027971,Ashfield 002B,Investigation complete; no suspect identified
e7f8a95a347b7cb54d06aef9c7b9df4a4d5d5edbc43ceb12585a5e6a6f01a848,2013-06,Nottinghamshire Police,Nottinghamshire Police,-1.256794,53.129362,On or near RUSSELL STREET,E01027967,Ashfield 004A,Investigation complete; no suspect identified
a52af293f16c828c921c4917b09ba41eaf4024cc1b2854f67485fad85eb63670,2013-06,Nottinghamshire Police,Nottinghamshire Police,-1.252810,53.128996,On or near CHATSWORTH STREET,E01027978,Ashfield 004D,Investigation complete; no suspect identified
50f274e0c041d9edd3f414d9fac591885520efe02f3e32ec7da417e5627a37f3,2013-06,Nottinghamshire Police,Nottinghamshire Police,-1.254063,53.103223,On or near PELHAM ROAD,E01027956,Ashfield 008C,Investigation complete; no suspect identified
b1a69075f213d13b992638d69b2a07645d0f906e361f885fdbda843784f6e059,2013-06,Nottinghamshire Police,Nottinghamshire Police,-1.268562,53.107888,On or near SUTTON ROAD,E01027957,Ashfield 009D,Investigation complete; no suspect identified
de1e3f696cb3b34d2582d9f43966f0ffc5ef000af67781270f9c95f60a4fdba6,2013-06,Nottinghamshire Police,Nottinghamshire Police,-1.256120,53.119075,On or near LANSBURY ROAD,E01027976,Ashfield 005E,Investigation complete; no suspect identified
f4a5e4fc34cc37b5958d339ad0f3c104605b9580e9f7c387cf1792d358e6065a,2013-06,Nottinghamshire Police,Nottinghamshire Police,-1.238677,53.132053,On or near Sports/Recreation Area,E01027985,Ashfield 004E,Investigation complete; no suspect identified
2d98cf00edbe8c1f8e2ea1d8e6701069c38d9854229bef53b2d9a764431ac6dc,2013-06,Nottinghamshire Police,Nottinghamshire Police,-1.256110,53.116162,On or near ELDERFIELD DRIVE,E01027974,Ashfield 005D,Investigation complete; no suspect identified
9a9454314eedd43e1bf0c3b6fa66da60a8fd9a4120950e8fd1519d123b277f18,2013-06,Nottinghamshire Police,Nottinghamshire Police,-1.273707,53.131435,On or near THE OVAL,E01027966,Ashfield 003A,Investigation complete; no suspect identified
46df5715824040b0e10b229e518a4475a8bcde8d2681b67a20c12212675dd982,2013-06,Nottinghamshire Police,Nottinghamshire Police,-1.245597,53.098765,On or near MORLEY STREET,E01027948,Ashfield 009B,Investigation complete; no suspect identified
f4afd800fe7f4be915d92cdea6dd13f58c539dce16b4ae3819b66ebc0672e306,2013-06,Nottinghamshire Police,Nottinghamshire Police,-1.250751,53.096100,On or near GREENHOLME CLOSE,E01027948,Ashfield 009B,Suspect charged
91bcff840b7b89e37c372f679d9b780b1af7880ede8480595f1d7b34b495c751,2013-06,Nottinghamshire Police,Nottinghamshire Police,-1.128859,53.002932,On or near Parking Area,E01028209,Gedling 005D,Local resolution
f738c1eb8153a8772041c401c8c86aef494fcb42946a804d634f81c7e6483c40,2013-06,Nottinghamshire Police,Nottinghamshire Police,-1.147050,52.959995,On or near WELLINGTON STREET,E01013961,Nottingham 023D,Local resolution
421368eaa25caf7e2d6412e45ed7cb3a14039733672604962223f7c48fb8b17e,2013-06,Nottinghamshire Police,Nottinghamshire Police,-1.197845,53.001017,On or near PILKINGTON STREET,E01013885,Nottingham 002E,Suspect charged
fe1eb32c52fcd763f8b00faa85e2e78ca98aeaaa7cd7a0d587c4393dfdf90000,2013-06,Nottinghamshire Police,Nottinghamshire Police,-1.191836,52.995655,On or near Supermarket,E01013888,Nottingham 004B,Suspect charged
4eb75d6dc1e651c7a000e16d4724715bf56edbdc2b72dae4cc710182f141671e,2013-06,Nottinghamshire Police,Nottinghamshire Police,-1.149477,52.954655,On or near KING STREET,E01033406,Nottingham 039E,Local resolution
18d58133d32434c9e5291089dc05e55fc23ece4340358d196375d3d35f68720b,2013-06,Nottinghamshire Police,Nottinghamshire Police,-1.167661,52.959647,On or near SUNBOURNE COURT,E01013814,Nottingham 022B,Offender given penalty notice
28737a98a5682e2a0796c201c037de60da0e7387d57ab616746a80b64a7fd7f9,2013-06,Nottinghamshire Police,Nottinghamshire Police,-1.177720,52.961470,On or near Parking Area,E01013944,Nottingham 026A,Local resolution
5ff16afd1a156a9469640570e5433d37327c8e625c4cd01e17d317e6a5c71fc7,2013-06,Nottinghamshire Police,Nottinghamshire Police,-1.146601,52.954068,On or near THURLAND STREET,E01033406,Nottingham 039E,Suspect charged
dd6e0982891cf37b10603dbec80c8fee06db547292bec42e676812f0cb68aa6b,2013-06,Nottinghamshire Police,Nottinghamshire Police,-1.149477,52.954655,On or near KING STREET,E01033406,Nottingham 039E,Local resolution
4d24bbcdb905a8d40b6641b379a5c9f955300da10d6bf57bd22af8425c562c1a,2013-06,Nottinghamshire Police,Nottinghamshire Police,-1.152891,52.952864,On or near Nightclub,E01033400,Nottingham 039B,Offender given a caution
7a46a32252b1a6389aa06b26195d51fc9a7bb5d29f65dbdfda8cee593695a38f,2013-06,Nottinghamshire Police,Nottinghamshire Police,-1.152891,52.952864,On or near Nightclub,E01033400,Nottingham 039B,Offender given a caution
07dc78afc4cb9fcead0a816d44e6c3fc527c0985fc08f4d6c2473b6159b616dc,2013-06,Nottinghamshire Police,Nottinghamshire Police,-1.152891,52.952864,On or near Nightclub,E01033400,Nottingham 039B,Offender given a caution
f1229b779b1eec3033721c925bbae5ad790ce580865db66d978745d956a7d92e,2013-06,Nottinghamshire Police,Nottinghamshire Police,-1.152891,52.952864,On or near Nightclub,E01033400,Nottingham 039B,Offender given a caution
b92904656e49e0c3a1791ef90f523deacaf1d6ed517078c41dee08eeae7e1526,2013-06,Nottinghamshire Police,Nottinghamshire Police,-1.152891,52.952864,On or near Nightclub,E01033400,Nottingham 039B,Offender given a caution
19de2d7f6fbb758edd82557d32216cda064976563683e9c391bbc34f42005b71,2013-06,Nottinghamshire Police,Nottinghamshire Police,-1.178686,52.963095,On or near WORDSWORTH ROAD,E01013944,Nottingham 026A,Suspect charged
308508e573b1378d6c365ecb6529a6f61c3c8d1f71564c172273d69373dcd11c,2013-06,Nottinghamshire Police,Nottinghamshire Police,-1.147278,52.952949,On or near BRIDLESMITH GATE,E01033406,Nottingham 039E,Suspect charged
08b564974a9382577bc1c8cbeaadb199675037b5809a6e3603b713f5809dbae0,2013-06,Nottinghamshire Police,Nottinghamshire Police,-1.124503,53.305352,On or near Supermarket,E01028062,Bassetlaw 013C,Offender given a caution
08b564974a9382577bc1c8cbeaadb199675037b5809a6e3603b713f5809dbae0,2013-06,Nottinghamshire Police,Nottinghamshire Police,-1.124503,53.305352,On or near Supermarket,E01028062,Bassetlaw 013C,Offender given a caution
1edfbda2016443a7dab61dbfddd08bf1842d30e84921e5f8aaa60f62425367e6,2013-06,Nottinghamshire Police,Nottinghamshire Police,-1.125486,53.305700,On or near Shopping Area,E01028062,Bassetlaw 013C,Offender given a caution
05437efa5be973eec129fc1b2ef022705edd9f1b82ad01de6e5e8a9b05e0a709,2013-06,Nottinghamshire Police,Nottinghamshire Police,-1.124503,53.305352,On or near Supermarket,E01028062,Bassetlaw 013C,Offender given a caution
aa36be7a68e7058ec0bd52f0e11fdc7c46e580cf731e83d04fbf96b610775f60,2013-06,Nottinghamshire Police,Nottinghamshire Police,-1.125627,53.306169,On or near Shopping Area,E01028062,Bassetlaw 013C,Offender given a caution
224459229c87ee8d1d799e050d27b55a6b1ffad881c6ee152dd0c864f59ff35c,2013-06,Nottinghamshire Police,Nottinghamshire Police,-1.157913,53.146260,On or near FAIRFIELD DRIVE,E01028262,Mansfield 011C,Local resolution
484459e778cf861e2feeddd7a8a7193f935088474ecf5f1088381c08c26148f5,2013-06,Nottinghamshire Police,Nottinghamshire Police,-1.194422,53.146387,On or near LEEMING STREET,E01028274,Mansfield 009C,Suspect charged
5773ed290a33a2692c4a7a63569a6493a899e1f8e999c3040b9cabee035516e2,2013-06,Nottinghamshire Police,Nottinghamshire Police,-1.278896,53.001680,On or near B6010,E01028116,Broxtowe 003C,Offender given a caution
a5d3ef9f34be37cc43319e4131c88e1db4bda723f259673b4fd27d66fd9e18d7,2013-06,Nottinghamshire Police,Nottinghamshire Police,-1.278896,53.001680,On or near B6010,E01028116,Broxtowe 003C,Offender given a caution
8d5ad888132caa424c12463c49f10461b2ed5449f7af98ecf2811df4ad4f64e1,2013-06,Nottinghamshire Police,Nottinghamshire Police,-1.072116,52.980533,On or near ALMOND WALK,E01028169,Gedling 012B,Suspect charged
fd2647f4a511410732365f46d074f6efe02efe1b9e124ad0c1ec282887c5528f,2013-06,Nottinghamshire Police,Nottinghamshire Police,-1.090985,52.957872,On or near SPRAY CLOSE,E01028188,Gedling 015E,Suspect charged
38ae69ce2d7fcc2c80a04b70740ae88fd28e4cd529ca9378d9ae3e2d96e0cc59,2013-06,Nottinghamshire Police,Nottinghamshire Police,-1.090793,52.959965,On or near DOUGLAS CRESCENT,E01028156,Gedling 014B,Suspect charged
87ba88b409da04251f6f5c6b15f6e68e45635ae237d5586b1c7012110ecc9ca0,2013-06,Nottinghamshire Police,Nottinghamshire Police,-1.150845,52.964643,On or near VILLA ROAD,E01013943,Nottingham 015D,Suspect charged
1c45f23f460b3678af8de7db02b38096284fca10a849f29611816bb282801ad3,2013-06,Nottinghamshire Police,Nottinghamshire Police,-1.198153,52.997253,On or near BROOK CLOSE,E01013877,Nottingham 005C,Suspect charged
e1632c179d1b28d85eb51ca2e8438b408ba767fae02a273d98d77f6a2f171b2c,2013-06,Nottinghamshire Police,Nottinghamshire Police,-1.198153,52.997253,On or near BROOK CLOSE,E01013877,Nottingham 005C,Suspect charged
35b53df8c786ed88c5dd0c63ac19fb00e2a2ab322c7945ec3edf56aaaac55c05,2013-06,Nottinghamshire Police,Nottinghamshire Police,-1.200541,53.003507,On or near GAUL STREET,E01013885,Nottingham 002E,Offender given a caution
c057ff395538e12617dc9110f68e8de6512d81d808b87586f8f0eb43763df00b,2013-06,Nottinghamshire Police,Nottinghamshire Police,-1.194734,52.989625,On or near WILLASTON CLOSE,E01013831,Nottingham 009C,Suspect charged
5b24cf2b373bc6b13212a854dd5da2ba9294d217972d529a3349d35d88ff2778,2013-06,Nottinghamshire Police,Nottinghamshire Police,-1.213894,52.976350,On or near WITHERN ROAD,E01013822,Nottingham 011C,Local resolution
4f5c62105d0d6cd37137c2af92f2e8a695e449817854527a9a229b63b180abdb,2013-06,Nottinghamshire Police,Nottinghamshire Police,-1.146168,52.954910,On or near Shopping Area,E01033406,Nottingham 039E,Local resolution
b5d8f452b634de9f42e5975795d406e08633ef033f99839aef5069df37fa9071,2013-06,Nottinghamshire Police,Nottinghamshire Police,-1.161021,52.985805,On or near VALMONT ROAD,E01013837,Nottingham 012A,Offender given penalty notice
29b90a7881ba3f157e9d4dd2c427cc8974175676b9877b54080b9ff6332e49fa,2013-06,Nottinghamshire Police,Nottinghamshire Police,-1.145710,52.955473,On or near CLARE STREET,E01033409,Nottingham 023H,Local resolution
d97fc0a2eb98f474e2ba78776002958d6a230e201a24254d414474a65de45b43,2013-06,Nottinghamshire Police,Nottinghamshire Police,-1.169524,52.962654,On or near Parking Area,E01013812,Nottingham 018C,Suspect charged
95bc5a8c49acd76151938d22b862f67793af5ffbe8ed2818dbf77c7427d915bf,2013-06,Nottinghamshire Police,Nottinghamshire Police,-1.146601,52.954068,On or near THURLAND STREET,E01033406,Nottingham 039E,Local resolution
d2b95e6b4052d6a5711ed65f8ed4f619cf900f71c3776c3d62907decbf0ba582,2013-06,Nottinghamshire Police,Nottinghamshire Police,-1.124503,53.305352,On or near Supermarket,E01028062,Bassetlaw 013C,Local resolution
a6bdb5ba7ef685191fd78b3471f5700853d6b579c7c598e5f4d90ed834ab9930,2013-06,Nottinghamshire Police,Nottinghamshire Police,-1.114577,53.300595,On or near ELY CLOSE,E01028065,Bassetlaw 012B,Offender given a caution
a78a26456b41b5aaaffbaf19148e3472f4a7da2f42b30a8d03e0dea245c8fd1a,2013-06,Nottinghamshire Police,Nottinghamshire Police,-1.120888,53.308912,On or near GEORGE STREET,E01028057,Bassetlaw 012A,Offender given a caution
f8144c275e4f4b10c183e23062afe3efb381b3a1986f14743dba413ef422a057,2013-06,Nottinghamshire Police,Nottinghamshire Police,-1.123080,53.306681,On or near BRIDGE PLACE,E01028062,Bassetlaw 013C,Suspect charged
1ba6db5151b724259da95dbcb9c78610cdacc8a5ce97dd6e21f0c488a404bc65,2013-06,Nottinghamshire Police,Nottinghamshire Police,-0.811237,53.072306,On or near ELDON STREET,E01028335,Newark and Sherwood 009E,Offender given a caution
5c23c4de2e2d8d22e99f2f94410128c388e28d9f742e88844090d69fe98b49b5,2013-06,Nottinghamshire Police,Nottinghamshire Police,-0.806490,53.075018,On or near Parking Area,E01028335,Newark and Sherwood 009E,Suspect charged
322ac073f6a4b27d937c2a676c4f66215cd08626f50b180373e7b8cf4e577568,2013-06,Nottinghamshire Police,Nottinghamshire Police,-1.197486,53.145662,On or near Shopping Area,E01028284,Mansfield 008F,Suspect charged
e5632326fe9828044628d18685505e97f242a286166cd8e00a892db69b14b4d4,2013-06,Nottinghamshire Police,Nottinghamshire Police,-1.125791,52.931947,On or near Shopping Area,E01028416,Rushcliffe 005D,Suspect charged
9df45f443b936fdb643f9976037c9f1a9c54b5c1d540f675fceef4fc9f66ff01,2013-06,Nottinghamshire Police,Nottinghamshire Police,-1.139933,52.923303,On or near Supermarket,E01028392,Rushcliffe 007E,Investigation complete; no suspect identified
ef302158594a713a3081b5894baf53e76e2eaa1d7a343fa07cc7185674acf535,2013-06,Nottinghamshire Police,Nottinghamshire Police,-1.136948,52.934257,On or near SANDRINGHAM AVENUE,E01028417,Rushcliffe 005E,Investigation complete; no suspect identified
e2f34264b510da0fc05c6828e8971e81e1c3052b20ea7f8e073fccaa2efaa77c,2013-06,Nottinghamshire Police,Nottinghamshire Police,-1.157204,52.896350,On or near CAMELOT STREET,E01028407,Rushcliffe 011D,Investigation complete; no suspect identified
8b85eb4d049f50f2a479b9bc613132a48e289d5aa5c7bf17e1f2d189c8861a8d,2013-06,Nottinghamshire Police,Nottinghamshire Police,-1.150050,52.887453,On or near BARLEYLANDS,E01028405,Rushcliffe 011B,Investigation complete; no suspect identified
6ae5a6b214b709c27d893eb24a95d8fc344856e854cde3e29f340ced6d2e36af,2013-06,Nottinghamshire Police,Nottinghamshire Police,-1.151406,52.920014,On or near WAREHAM CLOSE,E01028365,Rushcliffe 007C,Investigation complete; no suspect identified
29d58492f82ae981937d689d8f8c4c9625f136982dd96981231cecbd861dc7ae,2013-06,Nottinghamshire Police,Nottinghamshire Police,-0.989779,52.901967,On or near COLSTON ROAD,E01028419,Rushcliffe 010B,Investigation complete; no suspect identified
07d1d551a1ddc005882663c2e02fab97f39777685b8c5dcac9eff719df45071a,2013-06,Nottinghamshire Police,Nottinghamshire Police,-0.943442,52.950054,On or near RAYMOND DRIVE,E01028359,Rushcliffe 002C,Investigation complete; no suspect identified
b04594d0c29e80abc87b40962e5a81c96daae2ea94462c1e7e181282caae52f5,2013-06,Nottinghamshire Police,Nottinghamshire Police,-1.082687,52.875104,On or near CHERRY HILL,E01028381,Rushcliffe 013B,Investigation complete; no suspect identified
86df7b00f8baa60a02e69ead0bba64ebb77797c1d8fb0e566029e7528168cc89,2013-06,Nottinghamshire Police,Nottinghamshire Police,-1.136541,52.856737,On or near BUNNY HILL,E01028409,Rushcliffe 015D,Investigation complete; no suspect identified
49023f223d23a395f8ed5f89dc11dd525ff0b7e23f1bed2babcbf020639a76c1,2013-06,Nottinghamshire Police,Nottinghamshire Police,-1.283179,53.014812,On or near BARTONS CLOSE,E01028118,Broxtowe 003E,Investigation complete; no suspect identified
27ce21411cd95341767cb75ce5883b7baf5b2261d41269becdc6865d0525371c,2013-06,Nottinghamshire Police,Nottinghamshire Police,-1.312520,53.014392,On or near SOUTH STREET,E01028110,Broxtowe 002A,Investigation complete; no suspect identified
218cd52a7f3ed652a801597de5c315ac261661ec46080b14a29a31e1f9ef1f9b,2013-06,Nottinghamshire Police,Nottinghamshire Police,-1.284706,53.010794,On or near PINFOLD ROAD,E01028116,Broxtowe 003C,Investigation complete; no suspect identified
3d8525b25a343845c771db0e98a21e35deb06bcb909e3267502364f7c9aa94df,2013-06,Nottinghamshire Police,Nottinghamshire Police,-1.047701,52.982713,On or near MASSEY CLOSE,E01028148,Gedling 008A,Investigation complete; no suspect identified
da92699daccb53d518af2571dd2310c83bbc86e2a37f192c814547a00a460c6a,2013-06,Nottinghamshire Police,Nottinghamshire Police,-1.105941,52.965366,On or near DALE AVENUE,E01028159,Gedling 014E,Investigation complete; no suspect identified
0770cec9d3c49f2637a0b31954d4466b11f8545ced655d3d5abb8eaeb84ba00a,2013-06,Nottinghamshire Police,Nottinghamshire Police,-1.066562,52.974215,On or near PENDENNIS CLOSE,E01028168,Gedling 012A,Investigation complete; no suspect identified
53265768e0e327c5518d80f1dc02135b3f4d085bc50d28b844809429071bcb56,2013-06,Nottinghamshire Police,Nottinghamshire Police,-1.038570,52.988096,On or near WOODSEND CLOSE,E01028149,Gedling 008B,Investigation complete; no suspect identified
76e56bd33ab6547326e0a98f61bfda84c281290076240f4d0f9658c48798c1a7,2013-06,Nottinghamshire Police,Nottinghamshire Police,-1.044465,52.982885,On or near MILL FIELD CLOSE,E01028148,Gedling 008A,Investigation complete; no suspect identified
a458d213a7603960f2d1a302c4b52e42a0326c76b8ae8b084e8ac62e8e497942,2013-06,Nottinghamshire Police,Nottinghamshire Police,-1.094738,52.963501,On or near SOUTHDALE DRIVE,E01028155,Gedling 014A,Investigation complete; no suspect identified
acf58a09d75042b4981cdd9267ed8463f4d236f3b1255366c7d030bb63c6f3cd,2013-06,Nottinghamshire Police,Nottinghamshire Police,-1.064738,52.962127,On or near TEAL CLOSE,E01028187,Gedling 015D,Investigation complete; no suspect identified
d6630d55652e48e9e2f5ec987036c5ab7559e1fbaee2e99021ded1fbba3e7538,2013-06,Nottinghamshire Police,Nottinghamshire Police,-1.064738,52.962127,On or near TEAL CLOSE,E01028187,Gedling 015D,Investigation complete; no suspect identified
c03f9bbdc963141af2a0585d5d47af24749122523cb82dfb15ef919c2f006381,2013-06,Nottinghamshire Police,Nottinghamshire Police,-1.118171,52.980416,On or near MOORE ROAD,E01028196,Gedling 010D,Investigation complete; no suspect identified
ff0e51ed40106d9bbdedd6b209731a3532366353a41cc2213096fbb5f8692265,2013-06,Nottinghamshire Police,Nottinghamshire Police,-1.274494,52.933567,On or near MANOR AVENUE,E01028126,Broxtowe 008B,Investigation complete; no suspect identified
a793d05d5bcbb8ecd8f1a4415d3719b1a75d45b20375bcff0f9eda8a5aaa9bd7,2013-06,Nottinghamshire Police,Nottinghamshire Police,-1.251565,52.923294,On or near OAK ACRES,E01028101,Broxtowe 013E,Investigation complete; no suspect identified
f30a23bce8d16bbace6736fdae5a766bb695bdcf0b8e96a52093a23f2794ce53,2013-06,Nottinghamshire Police,Nottinghamshire Police,-1.209195,52.921267,On or near BARTON STREET,E01028083,Broxtowe 012D,Investigation complete; no suspect identified
750ba1b42aed7f7960732acbbcce59ce2edbb69eab86fa4535dc6b9fcb50f23e,2013-06,Nottinghamshire Police,Nottinghamshire Police,-1.218438,52.918442,On or near KENT AVENUE,E01028069,Broxtowe 014A,Investigation complete; no suspect identified
85e59a1a2103df69b42f8905a8f559599b2cb2347d0dfce9a0eacb8c4a7aa12f,2013-06,Nottinghamshire Police,Nottinghamshire Police,-1.284043,52.955326,On or near HAYNES AVENUE,E01033412,Broxtowe 016F,Investigation complete; no suspect identified
db3a5b3375b70d2c3f00005cf921201d64de3c29401e362b9e2caa98df48f070,2013-06,Nottinghamshire Police,Nottinghamshire Police,-1.130035,53.064491,On or near Park/Open Space,E01028152,Gedling 002C,Investigation complete; no suspect identified
9b341785da528fc4e1518842f5538cd9e6b4b562edd734145eba9ea7f8dd1b64,2013-06,Nottinghamshire Police,Nottinghamshire Police,-1.130035,53.064491,On or near Park/Open Space,E01028152,Gedling 002C,Investigation complete; no suspect identified
c8d09f40a66d21388571f3e7f2ed4c1a61d52edd62fb5c0350453eecf1cf11ea,2013-06,Nottinghamshire Police,Nottinghamshire Police,-1.137879,52.986233,On or near WOODTHORPE DRIVE,E01013968,Nottingham 010B,Investigation complete; no suspect identified
bc935e552c6ba36d72fedf7d25a52e43085eb5c42e2e7b7e694ed9238aae81b6,2013-06,Nottinghamshire Police,Nottinghamshire Police,-1.207255,53.051861,On or near WIGHAY ROAD,E01028189,Gedling 001A,Investigation complete; no suspect identified
ee3ee35e0c1a76e5837cfdb8a284b99db731b60b61b5f463294f2a5bb5da2fae,2013-06,Nottinghamshire Police,Nottinghamshire Police,-1.129422,53.001579,On or near Shopping Area,E01028175,Gedling 005C,Investigation complete; no suspect identified
c49fdfffaac58aaf9c9da8d66a9373864f319e6dd01d1f051097a982219bf338,2013-06,Nottinghamshire Police,Nottinghamshire Police,-1.139910,52.996477,On or near SHERBROOK AVENUE,E01028167,Gedling 006D,Investigation complete; no suspect identified
9760e535136090e52d84c80c0195035b25696f3cfb921464d3d5a25d03561f6d,2013-06,Nottinghamshire Police,Nottinghamshire Police,-1.124093,53.002079,On or near GEDLING GROVE,E01028175,Gedling 005C,Investigation complete; no suspect identified
10dab61c7346a14242fb6258a4360261ae056cc09787e9eabffbf472b06c6c7e,2013-06,Nottinghamshire Police,Nottinghamshire Police,-1.133055,52.960811,On or near MELVILLE GARDENS,E01013960,Nottingham 021C,Investigation complete; no suspect identified
e25a7e10fe114f1050bd1da44ac2a96745ead8de8f5c743c529f8cb335baba0a,2013-06,Nottinghamshire Police,Nottinghamshire Police,-1.173851,52.908225,On or near SOUTHCHURCH DRIVE,E01013899,Nottingham 035C,Investigation complete; no suspect identified
8a94fd368365821fa3c383e7d3b55b6191c782345edbe52b2112720886ffef1c,2013-06,Nottinghamshire Police,Nottinghamshire Police,-1.097862,52.958653,On or near MAYS AVENUE,E01028157,Gedling 014C,Investigation complete; no suspect identified
0e5f0c24797bdfe1f3832b5cea0840ae473ae217d44ed45d25dcf975b2e83579,2013-06,Nottinghamshire Police,Nottinghamshire Police,-1.153077,52.972318,On or near NEW STREET,E01013972,Nottingham 015E,Investigation complete; no suspect identified
73078c66d6be1d0760a0fc8b43203aeaa5f581726aaef9cb01c04c1135cf2943,2013-06,Nottinghamshire Police,Nottinghamshire Police,-1.136429,52.964845,On or near NORLAND CLOSE,E01013959,Nottingham 021B,Investigation complete; no suspect identified
143b4b1a5ff6fe0e6526f8aa7235ddeda3c674dbbee5fa3922bc5ac251fa5b86,2013-06,Nottinghamshire Police,Nottinghamshire Police,-1.125019,52.950342,On or near ST CHRISTOPHER STREET,E01013919,Nottingham 029B,Investigation complete; no suspect identified
06c1a3ffa37d29690d5d69982c9c03c8812908a31d18b5c81a166c72cdeab5cd,2013-06,Nottinghamshire Police,Nottinghamshire Police,-1.131374,52.969654,On or near RANSOM ROAD,E01013943,Nottingham 015D,Local resolution
594003df922c853055d6b8c85713a1935bfe498c55b614c179bd255f931b940a,2013-06,Nottinghamshire Police,Nottinghamshire Police,-1.131374,52.969654,On or near RANSOM ROAD,E01013943,Nottingham 015D,Local resolution
61bd8918663a56918d4dd0411789d4cd2b2e077e2ce72860394fe9dba7bcebb3,2013-06,Nottinghamshire Police,Nottinghamshire Police,-1.184971,52.912302,On or near Further/Higher Educational Building,E01013898,Nottingham 035B,Suspect charged
3f5d1db6c86bc994f68ee29cb03a65683004329a79577b9391f3c32d51394179,2013-06,Nottinghamshire Police,Nottinghamshire Police,-1.170671,52.912797,On or near BROOKSBY LANE,E01013896,Nottingham 034B,Investigation complete; no suspect identified
fc3daeade15aaa3e3b021ce669bea91491e768f1d5f5fec52482bde0b17b38ed,2013-06,Nottinghamshire Police,Nottinghamshire Police,-1.122631,52.960932,On or near Petrol Station,E01013962,Nottingham 021D,Investigation complete; no suspect identified
3938a5a4aebd2e6ce9cd3d4745fe25293a83a6e6b8afc569c4b8a0e341afe77d,2013-06,Nottinghamshire Police,Nottinghamshire Police,-1.153419,52.970837,On or near HUCKNALL ROAD,E01013941,Nottingham 015C,Investigation complete; no suspect identified
43d5931c055905ce73700e20a864022db8971797867804e94c258fd2a739aa63,2013-06,Nottinghamshire Police,Nottinghamshire Police,-1.170671,52.912797,On or near BROOKSBY LANE,E01013896,Nottingham 034B,Investigation complete; no suspect identified
716f44b83af253ec8cf0076a05ad77bb8552ca0648a08158269c8755ea89dd9f,2013-06,Nottinghamshire Police,Nottinghamshire Police,-1.147671,52.970086,On or near MAGDALA ROAD,E01013941,Nottingham 015C,Investigation complete; no suspect identified
ebe4069273fdbe83bccf2bf5f4e13efff1ea2c8ee17fd28998119fb1de813d2f,2013-06,Nottinghamshire Police,Nottinghamshire Police,-1.130597,52.952739,On or near LORD STREET,E01013920,Nottingham 029C,Investigation complete; no suspect identified
0a87e46d2671bdd767bfb6255668c8727181fd714e7c6a2d4c857da9f902ba46,2013-06,Nottinghamshire Police,Nottinghamshire Police,-1.101839,52.957092,On or near BEWICK DRIVE,E01013915,Nottingham 024C,Investigation complete; no suspect identified
4b0a6cd80351443be9594ed750056d0abd7cccdbf8e7e3bb85eab27c23cfe7f0,2013-06,Nottinghamshire Police,Nottinghamshire Police,-1.123320,52.953368,On or near Supermarket,E01013917,Nottingham 024E,Investigation complete; no suspect identified
1fbd470526c702ac9dd5c1dc16ad505f530c6bfebff720d617b75fafabc4d62f,2013-06,Nottinghamshire Police,Nottinghamshire Police,-1.122631,52.960932,On or near Petrol Station,E01013962,Nottingham 021D,Investigation complete; no suspect identified
c9173ea3f504d6bfde514808b09bd09e3f3ae299ad5b43c6f686956d7b1c856f,2013-06,Nottinghamshire Police,Nottinghamshire Police,-1.184971,52.912302,On or near Further/Higher Educational Building,E01013898,Nottingham 035B,Suspect charged
f85c8516e4909a27085e30792acdd2969edea2535205235a0fec1f7c84648362,2013-06,Nottinghamshire Police,Nottinghamshire Police,-1.184971,52.912302,On or near Further/Higher Educational Building,E01013898,Nottingham 035B,Suspect charged
6d1c6fda4c82a331010262d9d23e44ed1baf0b7a4f9349fc7840bbfefc38bf54,2013-06,Nottinghamshire Police,Nottinghamshire Police,-1.184971,52.912302,On or near Further/Higher Educational Building,E01013898,Nottingham 035B,Suspect charged
42f4f64860d541e6ca8b1c414a07f8190eeaf05e0e68af646d890cead6c91c3f,2013-06,Nottinghamshire Police,Nottinghamshire Police,-1.149133,52.968425,On or near ELM BANK,E01013941,Nottingham 015C,Investigation complete; no suspect identified
b1b4537b4545475abb66cc09a3ac3838e212c499f198120b65bf566843d08ef1,2013-06,Nottinghamshire Police,Nottinghamshire Police,-1.185598,52.912181,On or near Further/Higher Educational Building,E01013898,Nottingham 035B,Investigation complete; no suspect identified
8d5abf918be3114fc9ad17748561095af885be23360c15a9dc916a456fbeb3ed,2013-06,Nottinghamshire Police,Nottinghamshire Police,-1.139476,52.964346,On or near PRIMROSE CLOSE,E01013959,Nottingham 021B,Investigation complete; no suspect identified
e46b05aeae74f0ff8c4593c08eb0d43d929f1e9cf33422a1440737ac01962cbe,2013-06,Nottinghamshire Police,Nottinghamshire Police,-1.123893,52.951539,On or near WESTWOOD ROAD,E01013921,Nottingham 029D,Investigation complete; no suspect identified
6ec4abfde9f88e1a6c3e7fbe975a1957d5a3bb5b27e44f8eff3e667da23c33a0,2013-06,Nottinghamshire Police,Nottinghamshire Police,-1.113168,52.959217,On or near Supermarket,E01013913,Nottingham 024A,Investigation complete; no suspect identified
b8485c85ec741a202e9d8741628d503e355804b0ac0d25ba4a0c3d0d4fff3d3a,2013-06,Nottinghamshire Police,Nottinghamshire Police,-1.179006,53.003577,On or near Petrol Station,E01013893,Nottingham 001C,Local resolution
526d58b0b93b75afc999aa1aafaf9fb5310b3029eb45b0ea5235ecb4c98518d8,2013-06,Nottinghamshire Police,Nottinghamshire Police,-1.217351,52.961414,On or near WINGATE CLOSE,E01013861,Nottingham 020B,Investigation complete; no suspect identified
ab59f7e81740240afbdb4ec04955bdc5d3f467bc1c44a1061025de0881c5bfb1,2013-06,Nottinghamshire Police,Nottinghamshire Police,-1.217161,53.005713,On or near BELFORD CLOSE,E01013883,Nottingham 005E,Investigation complete; no suspect identified
8e63970ab6dba8401193abb0777261535fdc0f34dfa27036b789960b503f4dcb,2013-06,Nottinghamshire Police,Nottinghamshire Police,-1.231331,52.966449,On or near HUXLEY CLOSE,E01013858,Nottingham 025A,Investigation complete; no suspect identified
c48953df2efa2fae82328da1f2f6843c81a1ddeea0943b7260368c736c9645ec,2013-06,Nottinghamshire Police,Nottinghamshire Police,-1.201662,52.998454,On or near STAFFORD AVENUE,E01013877,Nottingham 005C,Investigation complete; no suspect identified
3b55a677d64eb6e0e6b1859b0f96552d74bfb50b36c3e40f886e07e4c0c39439,2013-06,Nottinghamshire Police,Nottinghamshire Police,-1.192551,53.006851,On or near HUCKNALL LANE,E01013882,Nottingham 002D,Investigation complete; no suspect identified
9ae2ca2432fb2b3a9bc80e01ad8e3dfe65126ddef6649032d217ad004e9990fb,2013-06,Nottinghamshire Police,Nottinghamshire Police,-1.212590,52.978480,On or near COLEBY ROAD,E01013817,Nottingham 011A,Investigation complete; no suspect identified
251bc592101114cfa15a793dbb04d0cbf76af509e140422af09e368eab039057,2013-06,Nottinghamshire Police,Nottinghamshire Police,-1.223526,52.966596,On or near BRACEBRIDGE DRIVE,E01013861,Nottingham 020B,Investigation complete; no suspect identified
0dfb377dfe3fd706632a0fb019967b128a683c9175f60ecf6fb14c899b6b6361,2013-06,Nottinghamshire Police,Nottinghamshire Police,-1.196633,53.004524,On or near MERCHANT STREET,E01013882,Nottingham 002D,Investigation complete; no suspect identified
730f288e2881aaaa3dd1dd8b6fb2bd59904a7402de8117839477ab3171886f8b,2013-06,Nottinghamshire Police,Nottinghamshire Police,-1.196538,52.982292,On or near LIME TREE AVENUE,E01013825,Nottingham 011D,Suspect charged
b527c7d99142e8321cbca93945e8b63f6f151dc04a4cea0adba433a717e3b9f5,2013-06,Nottinghamshire Police,Nottinghamshire Police,-1.159670,53.005545,On or near BELLEVILLE DRIVE,E01013849,Nottingham 038A,Investigation complete; no suspect identified
da630e5ee2ff0dadf5e2d4decac39d2f5f826af1770e82a431e655e7cfabde17,2013-06,Nottinghamshire Police,Nottinghamshire Police,-1.219590,52.961114,On or near OLD COACH ROAD,E01013860,Nottingham 025B,Investigation complete; no suspect identified
87f9a636d9d4e2c4a1698db8ef875f2dfb4275095c21c582014da8f90e317537,2013-06,Nottinghamshire Police,Nottinghamshire Police,-1.168433,52.993884,On or near MURRAY CLOSE,E01033397,Nottingham 006F,Investigation complete; no suspect identified
22335c83f4fd945f079a34e73cb79d44f1860816576b01492589482199cc5c95,2013-06,Nottinghamshire Police,Nottinghamshire Police,-1.218682,52.964416,On or near MONKTON DRIVE,E01013861,Nottingham 020B,Investigation complete; no suspect identified
35f7f69500e6aa20a105db5278f001f429464091fced2994fb4b5151b7c1b6f8,2013-06,Nottinghamshire Police,Nottinghamshire Police,-1.195451,53.002349,On or near MONTAGUE STREET,E01013885,Nottingham 002E,Investigation complete; no suspect identified
077ba0de9fc62929ed4d48b62b4d72241a10626247434df190d605d4f3890fbe,2013-06,Nottinghamshire Police,Nottinghamshire Police,-1.151158,52.959297,On or near NORTH SHERWOOD STREET,E01013813,Nottingham 022A,Investigation complete; no suspect identified
09bba9934a981126e7b8f6363f63b7643078e806e0c4640bf7c65391056aa0db,2013-06,Nottinghamshire Police,Nottinghamshire Police,-1.146942,52.957172,On or near Shopping Area,E01033409,Nottingham 023H,Investigation complete; no suspect identified
a951d4443cccb692bc7fbdb178e0e57de6240228b0ac52e7e1885c8ded356ba7,2013-06,Nottinghamshire Police,Nottinghamshire Police,-1.142521,52.954174,On or near BRIGHTMOOR STREET,E01033407,Nottingham 039F,Investigation complete; no suspect identified
4b4617ff793ab72075311a24cdad0c5f6080e11731621bec2d8ecc62efb9a8c2,2013-06,Nottinghamshire Police,Nottinghamshire Police,-1.142980,52.953539,On or near Nightclub,E01033406,Nottingham 039E,Investigation complete; no suspect identified
ff3b14a433bf37a9604f78b0a42a33810324a4e3a75b4fa5b52c33985b786c2f,2013-06,Nottinghamshire Police,Nottinghamshire Police,-1.156961,52.976292,On or near CAXTON ROAD,E01013840,Nottingham 012D,Investigation complete; no suspect identified
ee18eb80bf443a63392340cea7f2788008b6922e7a8bdbd50079ced8497ab111,2013-06,Nottinghamshire Police,Nottinghamshire Police,-1.148088,52.949638,On or near Pedestrian Subway,E01033400,Nottingham 039B,Investigation complete; no suspect identified
6ccfb30f10abf3100f556b8f6de5a171283eaf99efc06ae1fd396aa174131297,2013-06,Nottinghamshire Police,Nottinghamshire Police,-1.145251,52.951604,On or near Theatre/Concert Hall,E01033403,Nottingham 039D,Investigation complete; no suspect identified
c0e7ec698a763db84d2b92318ca073602c27549058b4d0acfb90746e360a6adb,2013-06,Nottinghamshire Police,Nottinghamshire Police,-1.212062,52.934626,On or near MERIDEN AVENUE,E01013976,Nottingham 032D,Investigation complete; no suspect identified
b6051addb2a7c41b28c77ae7cd2ab15daa3d133c0ecfe641288ad2cec588a51c,2013-06,Nottinghamshire Police,Nottinghamshire Police,-1.148240,52.947940,On or near Park/Open Space,E01033400,Nottingham 039B,Investigation complete; no suspect identified
d510e2b658e0baae7d37a1124f456da5165f6227713d26fa730ba75b7b6dc321,2013-06,Nottinghamshire Police,Nottinghamshire Police,-1.241441,52.947717,On or near EASTCOTE AVENUE,E01013984,Nottingham 030D,Investigation complete; no suspect identified
77a1ef7172dc8dc9f94d39ddf4735b600d69dba4d53ea06a6aafe8e3daa47403,2013-06,Nottinghamshire Police,Nottinghamshire Police,-1.142980,52.953539,On or near Nightclub,E01033406,Nottingham 039E,Investigation complete; no suspect identified
c1fc7b3ccba942de9324221109432c873dab2869abf714808b010839df75577e,2013-06,Nottinghamshire Police,Nottinghamshire Police,-1.155315,52.959866,On or near PEEL STREET,E01013816,Nottingham 022D,Investigation complete; no suspect identified
dcff338bea9f976e7a081f4db7896012944fccc82d89cafc1610b53ad4f6f9cf,2013-06,Nottinghamshire Police,Nottinghamshire Police,-1.154462,52.962395,On or near Pedestrian Subway,E01013815,Nottingham 022C,Investigation complete; no suspect identified
9c5ba7de587651963785d9f1cdf669d3512b1b457035454e00cc6d6331478a86,2013-06,Nottinghamshire Police,Nottinghamshire Police,-1.142623,52.952763,On or near RISTE'S PLACE,E01033406,Nottingham 039E,Investigation complete; no suspect identified
46eb4991ff72086afa10e3e98e048cd740581f79f263b451b3b3d59d0dc53c7d,2013-06,Nottinghamshire Police,Nottinghamshire Police,-1.146942,52.957172,On or near Shopping Area,E01033409,Nottingham 023H,Investigation complete; no suspect identified
995cdc7807f0b6cc0e4e733846d3beb33307dc4a0509a01c6c7981c4a91a5372,2013-06,Nottinghamshire Police,Nottinghamshire Police,-1.149045,52.953187,On or near SOUTH PARADE,E01033406,Nottingham 039E,Investigation complete; no suspect identified
7ebeade45483844263fe693f0776cd61e2badfc78711c2a000b0b255d130b14d,2013-06,Nottinghamshire Police,Nottinghamshire Police,-1.164650,52.972975,On or near REGENT STREET,E01013844,Nottingham 017B,Investigation complete; no suspect identified
093dc133814672f5d66f6aedd4d212beaf1c52cf0e6303b8748b6e4ed66ec024,2013-06,Nottinghamshire Police,Nottinghamshire Police,-1.164543,52.976211,On or near GLADYS STREET,E01013840,Nottingham 012D,Investigation complete; no suspect identified
4e280e8a18e8bb7d8006dce438d897c475103d622415f0d1ae4eb7b3f8371763,2013-06,Nottinghamshire Police,Nottinghamshire Police,-1.146601,52.954068,On or near THURLAND STREET,E01033406,Nottingham 039E,Investigation complete; no suspect identified
6411668aa7981d434b8759379721dd3b18b37c8434711b04d8448d0a3a8f499f,2013-06,Nottinghamshire Police,Nottinghamshire Police,-1.147278,52.952949,On or near BRIDLESMITH GATE,E01033406,Nottingham 039E,Investigation complete; no suspect identified
b16ab5b24e2220bf121bb2b4b6fb6c845613b1fa5212b64a9f8a0b4589c1b39c,2013-06,Nottinghamshire Police,Nottinghamshire Police,-1.182675,52.953665,On or near DERWENT WAY,E01033395,Nottingham 026G,Suspect charged
7133b72a9a608892f0eba4cdc8b65a0f95d879364b855f93ad11f48aba770df1,2013-06,Nottinghamshire Police,Nottinghamshire Police,-1.122739,53.303541,On or near QUEEN STREET,E01028062,Bassetlaw 013C,Investigation complete; no suspect identified
ba35cb62b138d50301de7106e35311ca820cf0e48a886d7f00873da3f66a41d8,2013-06,Nottinghamshire Police,Nottinghamshire Police,-1.118489,53.302251,On or near ST CUTHBERT STREET,E01028065,Bassetlaw 012B,Investigation complete; no suspect identified
f8c2a165f25496e234356ac470b981e8cd64229f2bb0e9f23d709cf4ac68e498,2013-06,Nottinghamshire Police,Nottinghamshire Police,-1.131873,53.326008,On or near CELTIC FIELDS,E01028049,Bassetlaw 006D,Investigation complete; no suspect identified
f450234e98a398b26cf02787154b7ad2a9578bfc5afde19af7d3af3a45a5428d,2013-06,Nottinghamshire Police,Nottinghamshire Police,-1.108405,53.306599,On or near HIGH HOE ROAD,E01028068,Bassetlaw 012D,Investigation complete; no suspect identified
6d30e0034941b3eb13d9af63db7865367293d15be8613159df51df54b2d3e82f,2013-06,Nottinghamshire Police,Nottinghamshire Police,-1.120888,53.308912,On or near GEORGE STREET,E01028057,Bassetlaw 012A,Investigation complete; no suspect identified
ae4af777321d5e2264c722cca78e2d8d4ed02256b862c475c37ced8b11551128,2013-06,Nottinghamshire Police,Nottinghamshire Police,-1.123669,53.305031,On or near RYTON STREET,E01028062,Bassetlaw 013C,Investigation complete; no suspect identified
85a8a1bf6ce0ef01f1a0e363508784ab3a7c1f2d87192fb5a77dbd64445506da,2013-06,Nottinghamshire Police,Nottinghamshire Police,-1.118489,53.302251,On or near ST CUTHBERT STREET,E01028065,Bassetlaw 012B,Investigation complete; no suspect identified
d92bb599dcd81c6d3b3175b8d09924345dbcc6edafdfd6d5c14de7e767cb9de9,2013-06,Nottinghamshire Police,Nottinghamshire Police,-1.126069,53.308060,On or near CRESSWELL STREET,E01028057,Bassetlaw 012A,Investigation complete; no suspect identified
fcc24ab907db001d9adb178e70ea1030fa89a25ad0c900b29d803b7ee70a1255,2013-06,Nottinghamshire Police,Nottinghamshire Police,-1.120068,53.305013,On or near Parking Area,E01028068,Bassetlaw 012D,Investigation complete; no suspect identified
ca5f135797c6ea4363f9444d6cfdd5c6ea778141ed4c2bfb2d849dfeba6ed48b,2013-06,Nottinghamshire Police,Nottinghamshire Police,-1.123566,53.304203,On or near NEWCASTLE STREET,E01028062,Bassetlaw 013C,Investigation complete; no suspect identified
21a4d094a1402e56d1ebf1ba255bf30362717b1fa9c85d00eae1091148e38c2b,2013-06,Nottinghamshire Police,Nottinghamshire Police,-1.058078,53.183358,On or near PINEWOOD AVENUE,E01028322,Newark and Sherwood 002D,Suspect charged
ffd0fcfdd2dcd8f447f347bd0b0e79a9553fe7950327f880a6a5bdb1b0ebae8f,2013-06,Nottinghamshire Police,Nottinghamshire Police,-1.031152,53.142402,On or near EAKRING ROAD,E01028297,Newark and Sherwood 005B,Investigation complete; no suspect identified
dc7cbd34b9798dc330f2a90a01437acfb2b6bc934ea4fe0be04a36411899f77b,2013-06,Nottinghamshire Police,Nottinghamshire Police,-1.074625,52.974610,On or near Parking Area,E01028170,Gedling 012C,Investigation complete; no suspect identified
4effc506428fe4a1c0fd015d4e3b59800186a95b09d540a7502aae517d3a26eb,2013-06,Nottinghamshire Police,Nottinghamshire Police,-1.270883,52.928853,On or near WINDSOR STREET,E01028130,Broxtowe 010C,Investigation complete; no suspect identified
b1d85e4fc989cbf29e28021f0f7e88015f2ffc5cc5fe7fc26fa02470f3d7f017,2013-06,Nottinghamshire Police,Nottinghamshire Police,-1.118263,53.097998,On or near MEADOW ROAD,E01028300,Newark and Sherwood 006D,Investigation complete; no suspect identified
a30b7ce75965df85deb555d0ac59132a91cd09454facb753a3bda656e9d6f50d,2013-06,Nottinghamshire Police,Nottinghamshire Police,-1.088274,53.167205,On or near Parking Area,E01028313,Newark and Sherwood 002A,Investigation complete; no suspect identified
35a11d22260a567cd5e6d901c8fc95ce4f0d563bad25d07fc64b9f8dd5ef5e2e,2013-06,Nottinghamshire Police,Nottinghamshire Police,-1.113183,53.115534,On or near CURZON CLOSE,E01028343,Newark and Sherwood 006F,Investigation complete; no suspect identified
ed1f8e81921530f398bef4b753acb264894fbb07af5ecb5cd5d43c919e5de0d3,2013-06,Nottinghamshire Police,Nottinghamshire Police,-1.088274,53.167205,On or near Parking Area,E01028313,Newark and Sherwood 002A,Investigation complete; no suspect identified
94ddf9957d5fd319ac35e24bb6138d279632861285519777df0e8f86dec3622a,2013-06,Nottinghamshire Police,Nottinghamshire Police,-0.796313,53.086170,On or near LINCOLN COURT,E01028304,Newark and Sherwood 007B,Investigation complete; no suspect identified
a87ac5f627b6f8558304d1788976efd620605e6aa4e9ab1984abddfe35e41244,2013-06,Nottinghamshire Police,Nottinghamshire Police,-0.793223,53.083991,On or near PIPPIN COURT,E01028304,Newark and Sherwood 007B,Investigation complete; no suspect identified
3b3ca8e35e45bd84698f7f96a82da55b57bde766f759515b33901ab6d9868024,2013-06,Nottinghamshire Police,Nottinghamshire Police,-0.808921,53.076723,On or near CHURCH STREET,E01028310,Newark and Sherwood 007F,Investigation complete; no suspect identified
52126440b8ff1e5a4859b8aeafc50aa3a76f7c93817d3747794943dd7217bb32,2013-06,Nottinghamshire Police,Nottinghamshire Police,-0.803616,53.077479,On or near FRIARY GARDENS,E01028335,Newark and Sherwood 009E,Investigation complete; no suspect identified
57d11258f473be26018d7534a650e0e473f793cf5c0d39a2f4e1d30895faf2cb,2013-06,Nottinghamshire Police,Nottinghamshire Police,-0.806490,53.075018,On or near Parking Area,E01028335,Newark and Sherwood 009E,Investigation complete; no suspect identified
30fc5b290cbda29ae5c0ba8f44bd358e22d33d96b7b75cba1b4779248dcbea65,2013-06,Nottinghamshire Police,Nottinghamshire Police,-0.823311,53.059220,On or near CARDINAL HINSLEY CLOSE,E01028319,Newark and Sherwood 010D,Investigation complete; no suspect identified
8a42057f5a6263fe8f9bde21029bfca0243349af330b431702ef38556b0ec2c8,2013-06,Nottinghamshire Police,Nottinghamshire Police,-0.816393,53.061731,On or near CHURCHILL DRIVE,E01028319,Newark and Sherwood 010D,Investigation complete; no suspect identified
e6c51b2698597b727f0fd5a0185210bd1599ba4a6745195b81a8c2e8c5531a74,2013-06,Nottinghamshire Police,Nottinghamshire Police,-0.796313,53.086170,On or near LINCOLN COURT,E01028304,Newark and Sherwood 007B,Investigation complete; no suspect identified
c43c05d4b62ea8c13dc288aa9489cff76e961f4dd34287637894201118882f6d,2013-06,Nottinghamshire Police,Nottinghamshire Police,-0.809080,53.065011,On or near CLEVELAND SQUARE,E01028318,Newark and Sherwood 010C,Investigation complete; no suspect identified
9b112eaf75c82864309a71b0df29307fb5cf2c697b9e8b34bdbf2000dbfba036,2013-06,Nottinghamshire Police,Nottinghamshire Police,-0.821258,53.330230,On or near Petrol Station,E01028035,Bassetlaw 002E,Investigation complete; no suspect identified
f450b1dfbd8f80899b9f743b497ad5f52279eeb2ab6dd37f259b2e0d49ef7709,2013-06,Nottinghamshire Police,Nottinghamshire Police,-0.961839,53.328354,On or near AUCKLAND ROAD,E01028016,Bassetlaw 005D,Investigation complete; no suspect identified
85c78b74d17f5cb8fcabc9d7742cb230dbfe6d008958cafbbc93be55e15a0530,2013-06,Nottinghamshire Police,Nottinghamshire Police,-0.986407,53.252130,On or near MEDEN BANK,E01028006,Bassetlaw 015A,Investigation complete; no suspect identified
5ee99b02298f1925ebc4f1f721a49252bb6cf15ddbee2e3a48807ad79840da23,2013-06,Nottinghamshire Police,Nottinghamshire Police,-0.950210,53.327425,On or near THE GLEBE,E01028013,Bassetlaw 005A,Investigation complete; no suspect identified
6e21c14c8f6783bc96d1d6ce2f096f0d435c5c9012b3ac0c51155969c95930a4,2013-06,Nottinghamshire Police,Nottinghamshire Police,-1.059461,53.420077,On or near WOODSIDE VIEW,E01028026,Bassetlaw 001D,Investigation complete; no suspect identified
5670af60c5e74ec333d19b08fb4430c6dadbe10f69ed2b1b4f8589ec1addc59a,2013-06,Nottinghamshire Police,Nottinghamshire Police,-0.931046,53.312585,On or near SYCAMORE CLOSE,E01028010,Bassetlaw 008C,Investigation complete; no suspect identified
c640e10881a26877e5565c83e650c0a81a9dae4c04211af3f52e6f85bb341239,2013-06,Nottinghamshire Police,Nottinghamshire Police,-1.195567,53.159519,On or near HUNTERS CHASE,E01028271,Mansfield 004A,Investigation complete; no suspect identified
4ec967339c97a1ac3768cd93992bb5597e84c80493ca81b465b111d827d6db23,2013-06,Nottinghamshire Police,Nottinghamshire Police,-1.210003,53.151202,On or near SAMUEL CLOSE,E01028227,Mansfield 008A,Investigation complete; no suspect identified
563ef3f429670398cbdbd8ff321a4c88e18a0b8e19be668efe8d3dcd868ff248,2013-06,Nottinghamshire Police,Nottinghamshire Police,-1.146799,53.157849,On or near Petrol Station,E01028237,Mansfield 007A,Investigation complete; no suspect identified
6d3dbde01320c74e21b22e66d36a17e2f344da396cc0f20541ee6bbcfa2962a8,2013-06,Nottinghamshire Police,Nottinghamshire Police,-1.135220,53.160975,On or near GARIBALDI ROAD,E01028238,Mansfield 007B,Investigation complete; no suspect identified
0321dc38b648ee1e081639fd5108eebe3d275167d37670ca8aee1b116ef2a4eb,2013-06,Nottinghamshire Police,Nottinghamshire Police,-1.195530,53.145505,On or near CLERKSON'S ALLEY,E01028284,Mansfield 008F,Investigation complete; no suspect identified
05969a69b59c353e68d58bfb9495db23daff08447ec51211dd3e3cc15e83242a,2013-06,Nottinghamshire Police,Nottinghamshire Police,-1.153805,53.134671,On or near Shopping Area,E01028263,Mansfield 012D,Suspect charged
07bbe5ad724d0028b216a11e4b2f555ed9a6e612bfc013059c974f68d205c8d7,2013-06,Nottinghamshire Police,Nottinghamshire Police,-1.153805,53.134671,On or near Shopping Area,E01028263,Mansfield 012D,Suspect charged
b89c433f63ae96aee93ff5f3d24529d98eed3b5e498d1635e9fa09d6cac9f25e,2013-06,Nottinghamshire Police,Nottinghamshire Police,-1.204253,53.137041,On or near SIBTHORPE STREET,E01028268,Mansfield 008D,Investigation complete; no suspect identified
568bbe907884d06d0a8dc05df32b0c083c6c1bd31260f55458d107b21ce7ca17,2013-06,Nottinghamshire Police,Nottinghamshire Police,-1.188825,53.142699,On or near RATCLIFFE GATE,E01028233,Mansfield 009A,Investigation complete; no suspect identified
001c8bf72c6cc0e7e6599353853e0dac9cec6b067f0a267502858b8bb543672f,2013-06,Nottinghamshire Police,Nottinghamshire Police,-1.195826,53.142486,On or near ALBERT STREET,E01028268,Mansfield 008D,Investigation complete; no suspect identified
b2d56ef3fe5741d0ebbe38e557282e6a78458cf5707d5f0d13a7943d0152efb1,2013-06,Nottinghamshire Police,Nottinghamshire Police,-1.150889,53.139298,On or near BRAILSFORD COURT,E01028263,Mansfield 012D,Investigation complete; no suspect identified
18cdc22ac85e815f007e250b031a6061eaf8a1c4f294706858abbb55d3ee6369,2013-06,Nottinghamshire Police,Nottinghamshire Police,-1.172904,53.150411,On or near LANSBURY GARDENS,E01028275,Mansfield 009D,Investigation complete; no suspect identified
9aea74cd22513cbcf9e2c72a074e5741164ee5eca6df113e16de1af39f9188b1,2013-06,Nottinghamshire Police,Nottinghamshire Police,-1.165970,53.135557,On or near FIRBECK AVENUE,E01028264,Mansfield 011D,Investigation complete; no suspect identified
6695f432a748ef0db73dd2c036d3e2e0ffd5affcb02eca531a8a547c96501859,2013-06,Nottinghamshire Police,Nottinghamshire Police,-1.184794,53.147922,On or near Sports/Recreation Area,E01028276,Mansfield 009E,Investigation complete; no suspect identified
d407ec8d0c69512ddd953107f57feb724f8926a4ffbeb3f4f1e9eb4b3f01e8bc,2013-06,Nottinghamshire Police,Nottinghamshire Police,-1.197417,53.143719,On or near MARKET HOUSE PLACE,E01028268,Mansfield 008D,Investigation complete; no suspect identified
6c9be52946c312d1e8e8a2c1175e0d373f1a46855139d1de24441575188cae01,2013-06,Nottinghamshire Police,Nottinghamshire Police,-1.174885,53.146936,On or near PICKARD STREET,E01028275,Mansfield 009D,Investigation complete; no suspect identified
e385d9c3350a8a28ca26599db500eb7b9cbca09fa2961427286cf95e7a8030e2,2013-06,Nottinghamshire Police,Nottinghamshire Police,-1.194188,53.140533,On or near BATH STREET,E01028269,Mansfield 008E,Investigation complete; no suspect identified
5534a2ca8ff3349118b981d459e5e638de54746175c2430f1e24a248b705ad41,2013-06,Nottinghamshire Police,Nottinghamshire Police,-1.182986,53.144709,On or near BELPER STREET,E01028276,Mansfield 009E,Investigation complete; no suspect identified
f4f4c6c1382a7ffa0185214ccaf759f526fdc612fcca479b190c26500d85ae0e,2013-06,Nottinghamshire Police,Nottinghamshire Police,-1.194545,53.146199,On or near LEEMING STREET,E01028284,Mansfield 008F,Investigation complete; no suspect identified
cc963d93219b79deb2660fe4afa6c392d74ce877a1fec28261f902d24ce19698,2013-06,Nottinghamshire Police,Nottinghamshire Police,-1.155097,53.145764,On or near PENZANCE PLACE,E01028261,Mansfield 012C,Investigation complete; no suspect identified
67ecf696c30efcda19852302539285efb208cd0582f317c235225b595771073c,2013-06,Nottinghamshire Police,Nottinghamshire Police,-1.202969,53.045621,On or near AVOCET CLOSE,E01027934,Ashfield 013C,Investigation complete; no suspect identified
110bbf2cf2e9a2dcb1e9b2b3b3a26a0401bfb3c2e3925f730fce2fd7e3666913,2013-06,Nottinghamshire Police,Nottinghamshire Police,-1.227310,53.026616,On or near WILLOW AVENUE,E01027942,Ashfield 016E,Investigation complete; no suspect identified
c79d4ce629b0ef1da761abb34823e15267931da1fce638dd07d61e93cabd702b,2013-06,Nottinghamshire Police,Nottinghamshire Police,-1.259256,53.119175,On or near NESBITT STREET,E01027976,Ashfield 005E,Investigation complete; no suspect identified
a0a04eb0094b9b8067cd69441aaf5e523df6e05ad26589888022fa6ece965122,2013-06,Nottinghamshire Police,Nottinghamshire Police,-1.237118,53.104455,On or near ASHWOOD AVENUE,E01027952,Ashfield 008A,Investigation complete; no suspect identified
a4f645054b68f7c6e7305289875750b0a92514cbe0bf9eaee4427fe6af4c185d,2013-06,Nottinghamshire Police,Nottinghamshire Police,-1.251952,53.130195,On or near LIME STREET,E01027978,Ashfield 004D,Investigation complete; no suspect identified
2d87d9ab709c964bc2a0b0992d7cd37b16510962488288210a4b2a2bd33b5ab8,2013-06,Nottinghamshire Police,Nottinghamshire Police,-1.244931,53.098428,On or near KINGSLEY STREET,E01027948,Ashfield 009B,Investigation complete; no suspect identified
a8125ae461e60056b9f3f6199999199e6b1c35ccdd612c0bd20f8473aa6130f0,2013-06,Nottinghamshire Police,Nottinghamshire Police,-1.270464,53.127892,On or near JUBILEE ROAD,E01027968,Ashfield 005C,Investigation complete; no suspect identified
82eb087a102634c60730735a4dced2fec424f75970e70ca31889f18406ad7f23,2013-06,Nottinghamshire Police,Nottinghamshire Police,-1.260491,53.115956,On or near SPA CLOSE,E01027974,Ashfield 005D,Investigation complete; no suspect identified
453b6b5b6a0b975ae0f9a1bd614acc5ed81cebf1abbd492a0b39121a947a49db,2013-06,Nottinghamshire Police,Nottinghamshire Police,-1.263820,53.124867,On or near MARKET STREET,E01027968,Ashfield 005C,Investigation complete; no suspect identified
9823a129abb170ec2b41dd383a7d0e747e2f9cef5bc2751c5e099425e7dae5f5,2013-06,Nottinghamshire Police,Nottinghamshire Police,-1.251584,53.140198,On or near VERONNE DRIVE,E01027979,Ashfield 001A,Investigation complete; no suspect identified
e6f801cd40d79835e0ba03fc4e007f66cd21025e8b4c2bb4a801f49c195902f7,2013-06,Nottinghamshire Police,Nottinghamshire Police,-1.261812,53.103424,On or near ROWAN CLOSE,E01027958,Ashfield 008D,Investigation complete; no suspect identified
e3e2fee2b6be23ed8fce63ef7db8fa3c3750207b14f04ae4d8a0cbc68c2d45fc,2013-06,Nottinghamshire Police,Nottinghamshire Police,-1.252439,52.921780,On or near PARR GATE,E01028101,Broxtowe 013E,Local resolution
fdb40cfc84fc74f7ef7d33c009e3aa71f2d3d0890e2d7b6b04440753cbef09c9,2013-06,Nottinghamshire Police,Nottinghamshire Police,-1.153847,53.000766,On or near CHERRY ORCHARD MOUNT,E01013853,Nottingham 006A,Local resolution
8ba5c321a92582a4f0b635a88fb05a2f6e337226bfba67445032ab6769aff510,2013-06,Nottinghamshire Police,Nottinghamshire Police,-1.232635,52.965109,On or near CATERHAM CLOSE,E01013858,Nottingham 025A,Offender given a caution
91f7d777bb4be77b93f6b27c515fac9f74d947729e857e6ddf20284da5c6625a,2013-06,Nottinghamshire Police,Nottinghamshire Police,-1.206361,53.005515,On or near HARWICH CLOSE,E01013880,Nottingham 002B,Suspect charged
be692383b3749a88450802e27b048940fc247a4bec20161f6df554c47ed8fec9,2013-06,Nottinghamshire Police,Nottinghamshire Police,-1.244904,52.952243,On or near MONMOUTH CLOSE,E01013862,Nottingham 025C,Suspect charged
5f7524553cc1118763716e2ab51f5945fa689b42528da0ea9d02283ef744fe65,2013-06,Nottinghamshire Police,Nottinghamshire Police,-1.232635,52.965109,On or near CATERHAM CLOSE,E01013858,Nottingham 025A,Offender given a caution
46d28486acedf5b6a683d6ff9377baaeaf564c4cc9211f26a6eac8a64ca4fb20,2013-06,Nottinghamshire Police,Nottinghamshire Police,-1.194019,52.958381,On or near LAMBIE CLOSE,E01013978,Nottingham 027B,Suspect charged
3400166b403396968a1c7c5871801f977f713fd0a27bc65ac04e928b849bf17d,2013-06,Nottinghamshire Police,Nottinghamshire Police,-1.182642,52.955445,On or near WOLLATON ROAD,E01033395,Nottingham 026G,Local resolution
8a3129376c7e0eb7c872e65f6a662300c56b9fd9d82e5229434d6c790d1fee9f,2013-06,Nottinghamshire Police,Nottinghamshire Police,-0.813495,53.075439,On or near CASTLE RISING,E01028311,Newark and Sherwood 007G,Suspect charged
9e8b67d80e7754652ae79398d887c9b578de5e63f5c5f5b9e15bfc05fc6cfc52,2013-06,Nottinghamshire Police,Nottinghamshire Police,-1.189540,53.168234,On or near PORTLAND COURT MEWS,E01028272,Mansfield 005C,Suspect charged
0207b8e05c9964f6cd0942387acc439b4594caf78220cde696a6a3b57addd6c6,2013-06,Nottinghamshire Police,Nottinghamshire Police,-1.250745,53.101647,On or near Sports/Recreation Area,E01027952,Ashfield 008A,Offender given a caution
b1e8b0030c654522a931da8c9f549d3f0129d9962335935c3d24baab26894499,2013-06,Nottinghamshire Police,Nottinghamshire Police,-1.260465,53.105321,On or near ROWAN DRIVE,E01027958,Ashfield 008D,Local resolution
6eec0f1246bd3b152a7268b293ad611d905cde26446d36f6d2fa7d663888a1f4,2013-06,Nottinghamshire Police,Nottinghamshire Police,-1.124302,52.927585,On or near ETHEL ROAD,E01028398,Rushcliffe 005B,Local resolution
f10d40d8678c9ef7f9d65d56d5818dcffcde4f2550ab4c20b9db113b4ae00840,2013-06,Nottinghamshire Police,Nottinghamshire Police,-1.307647,53.013393,On or near MALTHOUSE CLOSE,E01028110,Broxtowe 002A,Suspect charged
083f916871d1d16b881f98cc369d439622e3a89e79e455bcef6f1453bc47cc8e,2013-06,Nottinghamshire Police,Nottinghamshire Police,-1.249978,52.917000,On or near ULLDALE COURT,E01028098,Broxtowe 013B,Offender given a drugs possession warning
391342ce151495915ad97fe1cbff0f9be39b18291e13a087e1a59c3d18688dfa,2013-06,Nottinghamshire Police,Nottinghamshire Police,-1.249595,52.920252,On or near GARTON CLOSE,E01028098,Broxtowe 013B,Local resolution
391342ce151495915ad97fe1cbff0f9be39b18291e13a087e1a59c3d18688dfa,2013-06,Nottinghamshire Police,Nottinghamshire Police,-1.249595,52.920252,On or near GARTON CLOSE,E01028098,Broxtowe 013B,Local resolution
82a5dcbf7dc5dcebd6a741a456bcaa218c3480c63df4f47febddd69995372b98,2013-06,Nottinghamshire Police,Nottinghamshire Police,-1.203522,52.924861,On or near CLARKSON DRIVE,E01028075,Broxtowe 011C,Suspect charged
1d186d7f2c8d24eb91056fb6eb6fe35431fbf53bc992d5f4ff632b20987fc268,2013-06,Nottinghamshire Police,Nottinghamshire Police,-1.213467,52.926833,On or near ACACIA WALK,E01028073,Broxtowe 011A,Offender given a caution
6c745c6fc0dd4e718556161eaf9b2060a83ba53ef28122c671e1924e189e5037,2013-06,Nottinghamshire Police,Nottinghamshire Police,-1.132421,52.979855,On or near QUERNEBY AVENUE,E01013935,Nottingham 010A,Suspect charged
73a814d497785bb11fcdb5f2a16fc8cf8dd6e22ab9836217d5f20bc007683280,2013-06,Nottinghamshire Police,Nottinghamshire Police,-1.180769,53.006510,On or near BALLERAT CRESCENT,E01013894,Nottingham 001D,Offender given a caution
d68ae2341b213522bd187899b7ac239d0f7fc1ac1606ef33b0d5afe34a715fe9,2013-06,Nottinghamshire Police,Nottinghamshire Police,-1.201801,52.978822,On or near WINSFORD CLOSE,E01013820,Nottingham 013B,Suspect charged
f95ba9c9cde782d6624ba4f1f89fd164ebcc380d33db50861b6c17bc4d7eeed2,2013-06,Nottinghamshire Police,Nottinghamshire Police,-1.145741,52.959195,On or near GREAT FREEMAN STREET,E01013961,Nottingham 023D,Local resolution
ba66532d126b2abf7e2551a569cdb0d6f6efca40c2da965f210e67108e21a419,2013-06,Nottinghamshire Police,Nottinghamshire Police,-1.149045,52.953187,On or near SOUTH PARADE,E01033406,Nottingham 039E,Suspect charged
1d33150c3acf27139704a160c4f8596318c91d42899da13aeca004c37d5ecec3,2013-06,Nottinghamshire Police,Nottinghamshire Police,-1.173064,52.969052,On or near SCOTHOLME AVENUE,E01013842,Nottingham 018D,Local resolution
b277850f5c36e1d221e0fa3753e9b5ebdb2d8c3502210db98793a80dce00e0ec,2013-06,Nottinghamshire Police,Nottinghamshire Police,-1.124503,53.305352,On or near Supermarket,E01028062,Bassetlaw 013C,Offender given a caution
1edb6dd67b51acc640f5768d0e5daf631667f8620032fcb54d7fb9e3008f7c21,2013-06,Nottinghamshire Police,Nottinghamshire Police,-1.121236,53.305139,On or near MARKET STREET,E01028068,Bassetlaw 012D,Suspect charged
b2c34673ac9888d0fd870b1e4e4236ed5453727fa78a0a070a02c5bfc122e925,2013-06,Nottinghamshire Police,Nottinghamshire Police,-1.102129,53.295261,On or near KINGSTON ROAD,E01028064,Bassetlaw 014E,Suspect charged
8026fc1f54c86a067596d8fadb1157b53f37582f6607da420733b857c455c73d,2013-06,Nottinghamshire Police,Nottinghamshire Police,-1.118921,53.319918,On or near BEECH AVENUE,E01028054,Bassetlaw 016D,Offender given a caution
9ccae0825ca4ef311709431a945e4abdcbd3302fa6f140c9c764a6b3f0e92ca9,2013-06,Nottinghamshire Police,Nottinghamshire Police,-1.102129,53.295261,On or near KINGSTON ROAD,E01028064,Bassetlaw 014E,Suspect charged
75e76893f29e542fc4e4951918c3d24de3ac1525b1f872932455a0d2c8ff7e02,2013-06,Nottinghamshire Police,Nottinghamshire Police,-0.969059,53.036327,On or near PRIORY ROAD,E01028351,Newark and Sherwood 013D,Suspect charged
3cbf70502e0f79c4cedf00e68b37db4fe85bb8c52d970e917484d614d4e9704d,2013-06,Nottinghamshire Police,Nottinghamshire Police,-0.969059,53.036327,On or near PRIORY ROAD,E01028351,Newark and Sherwood 013D,Suspect charged
bb69248052ee8c58a9c2b5e8fe23a823867da806f75a0fdff7833a6c4037b1d4,2013-06,Nottinghamshire Police,Nottinghamshire Police,-1.116461,53.097733,On or near Petrol Station,E01028300,Newark and Sherwood 006D,Offender given a caution
eeac53b4440019e83d070a1188456223c731a4457fa31ea30802e333565f3980,2013-06,Nottinghamshire Police,Nottinghamshire Police,-1.186978,53.143136,On or near ARTHUR STREET,E01028233,Mansfield 009A,Offender given a caution
acc6e98a7bdf080640932f1bab9334567c6af4a2f0fea74d0e6eb912c2d7a0b7,2013-06,Nottinghamshire Police,Nottinghamshire Police,-1.303424,53.070154,On or near Petrol Station,E01027963,Ashfield 011D,Offender given a caution
d496d556c68a5eb9e42eeb48a21cf478e5f015978fb74c118efb97b2690e5d89,2013-06,Nottinghamshire Police,Nottinghamshire Police,-1.149276,52.886765,On or near FIELDS AVENUE,E01028405,Rushcliffe 011B,Investigation complete; no suspect identified
82adea5d1bc9b686c017d67418affbc93da431e2eb34e855a0538c1066a650ee,2013-06,Nottinghamshire Police,Nottinghamshire Police,-0.922618,52.903975,On or near WILLOW LANE,E01028420,Rushcliffe 010C,Investigation complete; no suspect identified
f63d116fa21e8998bf802a571c84faa6ef6a01bca004250243b3bcffd8faba5a,2013-06,Nottinghamshire Police,Nottinghamshire Police,-1.035885,52.906575,On or near CARTBRIDGE,E01028366,Rushcliffe 009A,Investigation complete; no suspect identified
350abcb3c520c572973c8dd6a4e465fe1b45b69f4ee5cd8addda4b791993cc98,2013-06,Nottinghamshire Police,Nottinghamshire Police,-1.306019,53.017294,On or near DEVONSHIRE DRIVE,E01028112,Broxtowe 002C,Investigation complete; no suspect identified
b4625b89108f5c0478e541ef7e117fdf0941a2ef2c2e91281f87f28c3e79005a,2013-06,Nottinghamshire Police,Nottinghamshire Police,-1.265610,53.003100,On or near ALMOND CLOSE,E01028103,Broxtowe 004B,Investigation complete; no suspect identified
64a53612ffe4325c94069b98291eb9ce7c5d697ab15960f5e0f391904910a4c3,2013-06,Nottinghamshire Police,Nottinghamshire Police,-1.303870,53.017443,On or near Supermarket,E01028112,Broxtowe 002C,Suspect charged
f212809cfadad694ef9723fa5c794828b13e74d72888ced85f5963b7feaf44fc,2013-06,Nottinghamshire Police,Nottinghamshire Police,-1.303870,53.017443,On or near Supermarket,E01028112,Broxtowe 002C,Suspect charged
d34d83e12c6a841fe04a9f535657e8c52348031ae37258ae3905eee6fca945ee,2013-06,Nottinghamshire Police,Nottinghamshire Police,-1.208621,52.987039,On or near Petrol Station,E01028120,Broxtowe 016D,Investigation complete; no suspect identified
775fccf7629424b95c58ddb6fcc40ee11da7cfda71728a039265f9719b3319fa,2013-06,Nottinghamshire Police,Nottinghamshire Police,-1.116120,52.974360,On or near PILKINGTON ROAD,E01028162,Gedling 013C,Investigation complete; no suspect identified
ed520028c3eb1c93ae2c2b433950e4e925d4423532be3a932b6d87faedb2a6be,2013-06,Nottinghamshire Police,Nottinghamshire Police,-1.081745,52.976643,On or near ALL HALLOWS DRIVE,E01028192,Gedling 012F,Investigation complete; no suspect identified
58046e5a8850315db3a06b230fe4965825a864cfd1c3f6257930477e80548b09,2013-06,Nottinghamshire Police,Nottinghamshire Police,-1.084250,52.952544,On or near FOX COVERT,E01028184,Gedling 015A,Investigation complete; no suspect identified
972f36df7b5a8023bad4aaba47e2cccffca2321cac6ce12dfd198af0e061d97e,2013-06,Nottinghamshire Police,Nottinghamshire Police,-1.084250,52.952544,On or near FOX COVERT,E01028184,Gedling 015A,Investigation complete; no suspect identified
33310f4ac406626ff016cf789ec147cd52df4b9b8854e1b3eec4a6a2608950ad,2013-06,Nottinghamshire Police,Nottinghamshire Police,-1.254942,52.904195,On or near Sports/Recreation Area,E01028138,Broxtowe 015D,Suspect charged
078fc543811414bdff99d71ea892189b29b692c2beacda736e921b1c23d680ea,2013-06,Nottinghamshire Police,Nottinghamshire Police,-1.210908,52.927706,On or near CITY ROAD,E01028073,Broxtowe 011A,Investigation complete; no suspect identified
5d32c1dc61d14769fd34bd9004efb4c1ad913d7d22bb96e32b5e00b22da3b3da,2013-06,Nottinghamshire Police,Nottinghamshire Police,-1.247885,52.923666,On or near BARN CROFT,E01028101,Broxtowe 013E,Investigation complete; no suspect identified
bf7031dc39354743242e7a749e860d4c224e0875573b650b91c351741bac82d2,2013-06,Nottinghamshire Police,Nottinghamshire Police,-1.226830,52.909876,On or near KELSEY CLOSE,E01028070,Broxtowe 014B,Investigation complete; no suspect identified
daa306fa7a1f61ef9a155b22667af41e9e1cd1b71bf5178e9e7ce430129b7e64,2013-06,Nottinghamshire Police,Nottinghamshire Police,-1.109532,52.992721,On or near RUFFLES AVENUE,E01028179,Gedling 007A,Investigation complete; no suspect identified
2d5e1d035b841c41dc524909621cb0d14f006c33db7f688f5193c6817aeefd68,2013-06,Nottinghamshire Police,Nottinghamshire Police,-1.122971,52.994897,On or near OULTON CLOSE,E01028177,Gedling 009B,Investigation complete; no suspect identified
cf33df2ff68c37ff1da9b809c125444d464331133508ee18573c65b3aeadc4c1,2013-06,Nottinghamshire Police,Nottinghamshire Police,-1.088833,53.039723,On or near Supermarket,E01028153,Gedling 002D,Investigation complete; no suspect identified
c3e47ccc9aa2fe8d6ae6ea53709c7acabb9f2bf01c841955f26342d76b1877d3,2013-06,Nottinghamshire Police,Nottinghamshire Police,-1.093851,53.065003,On or near SALTERFORD LANE,E01028152,Gedling 002C,Investigation complete; no suspect identified
ec0d0f8ebf65a49302e27c9e8e3157bd0d3a0db0921e889fa5051b724584f6a1,2013-06,Nottinghamshire Police,Nottinghamshire Police,-1.117920,52.986868,On or near PLAINS GROVE,E01028214,Gedling 009C,Investigation complete; no suspect identified
c0f90b5737a2c47649e1dd123431bd7a90c70bb7698b1f87ac3edb5793b10960,2013-06,Nottinghamshire Police,Nottinghamshire Police,-1.127930,52.997972,On or near CARMEL GARDENS,E01028176,Gedling 009A,Investigation complete; no suspect identified
4381e806f06f42dfa2da1526290944a3dbb3c2ce8cd603ac8e5fc03014e113fe,2013-06,Nottinghamshire Police,Nottinghamshire Police,-1.165157,53.010815,On or near LINDISFARNE GARDENS,E01028147,Gedling 016C,Investigation complete; no suspect identified
738b99cd41e64a7db7e281b3faccae7cae2cdee67a1efdf514f30901dc08d56d,2013-06,Nottinghamshire Police,Nottinghamshire Police,-1.138633,52.994760,On or near Petrol Station,E01013963,Nottingham 007A,Investigation complete; no suspect identified
d77d5a43014dcea86a41a4b7a6f80262bea5899fd644aa68020034f7bebbe3c1,2013-06,Nottinghamshire Police,Nottinghamshire Police,-1.133893,52.991157,On or near RAIBANK GARDENS,E01028217,Gedling 009F,Investigation complete; no suspect identified
daefeea367881f5cacb92b7059241832f4f129d47c55153c22d9477c28f3b2c2,2013-06,Nottinghamshire Police,Nottinghamshire Police,-1.107383,52.997235,On or near RAMSEY DRIVE,E01028179,Gedling 007A,Investigation complete; no suspect identified
e63ba405b21b73a8c724e5c8429acdf845312876d17fe2a94e63aea0f4263879,2013-06,Nottinghamshire Police,Nottinghamshire Police,-1.137725,52.973781,On or near THYRA GROVE,E01013937,Nottingham 015A,Investigation complete; no suspect identified
5693aa2be10bf1617879b5e1f0b29c957f816e6e032d942eb60aa01ec2e0de16,2013-06,Nottinghamshire Police,Nottinghamshire Police,-1.144509,52.967322,On or near BOWERS AVENUE,E01013943,Nottingham 015D,Investigation complete; no suspect identified
754e99735efe83fe7f855315e66fa4c5a1afae43ab95110695c50bc2f6300e96,2013-06,Nottinghamshire Police,Nottinghamshire Police,-1.191378,52.898044,On or near NEW RISE,E01013908,Nottingham 036B,Investigation complete; no suspect identified
fe88582c88be8f54a6634c2e79b538ce82a4b2a9b51735389d60edf188654bfe,2013-06,Nottinghamshire Police,Nottinghamshire Police,-1.116043,52.944532,On or near WATERSIDE WAY,E01013920,Nottingham 029C,Investigation complete; no suspect identified
3fbb478ce74d86eba6fc787ad74a1a1f4448134c123a5a5fe1457e1c3440c751,2013-06,Nottinghamshire Police,Nottinghamshire Police,-1.134292,52.952568,On or near SNEINTON ROAD,E01013920,Nottingham 029C,Investigation complete; no suspect identified
76c5fae6fd952364e3ff1f0511536c390b37bafd021e63ee329e66d6a1e67efd,2013-06,Nottinghamshire Police,Nottinghamshire Police,-1.120671,52.950445,On or near BRADBURY STREET,E01013921,Nottingham 029D,Investigation complete; no suspect identified
f85c8516e4909a27085e30792acdd2969edea2535205235a0fec1f7c84648362,2013-06,Nottinghamshire Police,Nottinghamshire Police,-1.184971,52.912302,On or near Further/Higher Educational Building,E01013898,Nottingham 035B,Suspect charged
6d1c6fda4c82a331010262d9d23e44ed1baf0b7a4f9349fc7840bbfefc38bf54,2013-06,Nottinghamshire Police,Nottinghamshire Police,-1.184971,52.912302,On or near Further/Higher Educational Building,E01013898,Nottingham 035B,Suspect charged
13d8490af11295dbee204e6623db6d83154d7a27e29d0f709857cf90c401aafc,2013-06,Nottinghamshire Police,Nottinghamshire Police,-1.176941,52.894241,On or near BRECKSWOOD DRIVE,E01013911,Nottingham 037D,Investigation complete; no suspect identified
8e1f7dadceae0bb4d66178dbb4d6447dd156b671acc23d838daf88dae7a5bc36,2013-06,Nottinghamshire Police,Nottinghamshire Police,-1.175701,52.903177,On or near LANTHWAITE CLOSE,E01013907,Nottingham 035F,Investigation complete; no suspect identified
d5537406e6fa37314bd33414dd9ff974133b62379881ed2ec66b60d029909b7c,2013-06,Nottinghamshire Police,Nottinghamshire Police,-1.212632,53.008937,On or near BLENHEIM LANE,E01013880,Nottingham 002B,Investigation complete; no suspect identified
6b1ee580214058d3ef957986464605ba8c96361413879968f0b4f10c0599e021,2013-06,Nottinghamshire Police,Nottinghamshire Police,-1.188466,53.008514,On or near BESTWOOD ROAD,E01013879,Nottingham 002A,Investigation complete; no suspect identified
6e11ca064f5d66ad28ebbb4506427ea3fd25b559beac70ed5a6e507bbc842005,2013-06,Nottinghamshire Police,Nottinghamshire Police,-1.216042,53.000878,On or near SOUTH SNAPE CLOSE,E01013884,Nottingham 005F,Investigation complete; no suspect identified
c5a4f21887aa0e3ed030914184209def9c2c2f68189c5544f874b2066a1b49a6,2013-06,Nottinghamshire Police,Nottinghamshire Police,-1.216062,52.975914,On or near WOODFIELD ROAD,E01013822,Nottingham 011C,Investigation complete; no suspect identified
2f3a4aecba2df01fd957f53a90d89bac05d13efb2bcff846f3305710d3b37ca5,2013-06,Nottinghamshire Police,Nottinghamshire Police,-1.219021,52.967888,On or near Sports/Recreation Area,E01013867,Nottingham 014D,Investigation complete; no suspect identified
5b5f666890a770684d87bcbc4407dd2c68afe9a172038e001f594cd647049c87,2013-06,Nottinghamshire Police,Nottinghamshire Police,-1.213066,52.977701,On or near LINDFIELD ROAD,E01013822,Nottingham 011C,Investigation complete; no suspect identified
24009309923a19942280b2e857e8e022b79782fa2b6037cbf855c355bc852b40,2013-06,Nottinghamshire Police,Nottinghamshire Police,-1.198538,52.967626,On or near SPEAN DRIVE,E01013931,Nottingham 019B,Investigation complete; no suspect identified
aa77dd94f02ffeb2af7ff4abcc1a29eb3fca30a8f7bc30ff9e2d6d7d007d79e6,2013-06,Nottinghamshire Police,Nottinghamshire Police,-1.228821,52.967745,On or near WOOTTON CLOSE,E01013868,Nottingham 020C,Investigation complete; no suspect identified
84e1adf3b50901f85c9cc07114d1b0c693926742709da0e4b7db5508a6a49178,2013-06,Nottinghamshire Police,Nottinghamshire Police,-1.226326,52.973240,On or near STRELLEY ROAD,E01013865,Nottingham 014B,Investigation complete; no suspect identified
6582f96fb4bc86d11fa293c9726b89b166dab7298951f290380ee7ac766b353a,2013-06,Nottinghamshire Police,Nottinghamshire Police,-1.145710,52.955473,On or near CLARE STREET,E01033409,Nottingham 023H,Local resolution
a9fd6addb3db701d79cef907af404800287aecdbd4976797aa40d12d1720889b,2013-06,Nottinghamshire Police,Nottinghamshire Police,-1.147645,52.950201,On or near Shopping Area,E01033400,Nottingham 039B,Investigation complete; no suspect identified
b5b9e606b6b5764bbe237513390302fdda9e81ac7605bd77b78af911d08f56e8,2013-06,Nottinghamshire Police,Nottinghamshire Police,-1.174796,52.948487,On or near Supermarket,E01033410,Nottingham 031I,Investigation complete; no suspect identified
dc5bb2ca3209c07300c27fee3dc4f2122d172805a16aed7f397ded520c75166a,2013-06,Nottinghamshire Police,Nottinghamshire Police,-1.150053,52.948097,On or near CANAL STREET,E01033400,Nottingham 039B,Suspect charged
be0167f95181cbc3bf15d4f88c08d2bde21520ccea1f551a5e5ca90f002a3adc,2013-06,Nottinghamshire Police,Nottinghamshire Police,-1.180642,52.949417,On or near RADMARSH ROAD,E01013974,Nottingham 032B,Investigation complete; no suspect identified
6fb7f93c94228afc8cb6408c62bbc080b85a0f63d161f064fdd9fc4404f106cd,2013-06,Nottinghamshire Police,Nottinghamshire Police,-1.167408,52.937154,On or near RENNIE HOGG ROAD,E01013870,Nottingham 040A,Suspect charged
8ee632541607cf765e9a62a8b92d667835c238feea59dea8f861042b8c51d84f,2013-06,Nottinghamshire Police,Nottinghamshire Police,-1.179098,52.942916,On or near PRIORY STREET,E01013926,Nottingham 031E,Investigation complete; no suspect identified
ac051233d7ddcaaa7ccd38d6f62afa30f35906f77a504147575d46bea3a96dab,2013-06,Nottinghamshire Police,Nottinghamshire Police,-1.210642,52.935759,On or near WOODSIDE ROAD,E01013976,Nottingham 032D,Investigation complete; no suspect identified
5de5eaf10f7719838931e9b1607e21b4b46eae5dc29afefcccfe147d21ffc33a,2013-06,Nottinghamshire Police,Nottinghamshire Police,-1.170561,52.946534,On or near CASTLE GARDENS,E01033408,Nottingham 031H,Investigation complete; no suspect identified
8d6464f926689ba05cc223a0d9ad67df7f12a19b2d70fdff547aca95e61c06f7,2013-06,Nottinghamshire Police,Nottinghamshire Police,-1.139292,52.952631,On or near Sports/Recreation Area,E01033407,Nottingham 039F,Investigation complete; no suspect identified
3b07909ba3216494a1a0fcc0993f74a2ad7d0eec6a513b3f3adaf1dd8fed9b82,2013-06,Nottinghamshire Police,Nottinghamshire Police,-1.167583,52.974542,On or near Parking Area,E01013841,Nottingham 012E,Investigation complete; no suspect identified
e47f70a1533bd695ec7d837adbf8e00d17203a7089b2edb7a194c6779253f1ec,2013-06,Nottinghamshire Police,Nottinghamshire Police,-1.149504,52.957865,On or near PEACHEY STREET,E01033399,Nottingham 023E,Investigation complete; no suspect identified
13fe4864eb0d750eba05d93029422efc50c91b8e7ebfa3290d9d113051f7e730,2013-06,Nottinghamshire Police,Nottinghamshire Police,-1.148358,52.951797,On or near Shopping Area,E01033400,Nottingham 039B,Investigation complete; no suspect identified
72bf0c219b2923491d268c603c9f05d4b5494b78664f75c78d5962efde3d4bfa,2013-06,Nottinghamshire Police,Nottinghamshire Police,-1.142980,52.953539,On or near Nightclub,E01033406,Nottingham 039E,Investigation complete; no suspect identified
6d5220774701017d9244ee40495dbe6e99b906a6d44d1f865298d2756560b74b,2013-06,Nottinghamshire Police,Nottinghamshire Police,-1.172812,52.951844,On or near DERBY ROAD,E01013953,Nottingham 026F,Investigation complete; no suspect identified
ef7df80b7ebcd54e0a5f107d6f05c618a4192243f68e7ea883cd7d9dc8ac2f63,2013-06,Nottinghamshire Police,Nottinghamshire Police,-1.174787,52.970844,On or near Police Station,E01013930,Nottingham 019A,Investigation complete; no suspect identified
97ee7437ec650c94fcdcb1fc901dfe85bb3c9856440ea56f728c2d1164673ee5,2013-06,Nottinghamshire Police,Nottinghamshire Police,-1.150199,52.955820,On or near Theatre/Concert Hall,E01033409,Nottingham 023H,Investigation complete; no suspect identified
09384dc90ef28ed9df3df96ca8d7c580b49469a82ac90d58d01b57950b86c36a,2013-06,Nottinghamshire Police,Nottinghamshire Police,-1.150199,52.955820,On or near Theatre/Concert Hall,E01033409,Nottingham 023H,Investigation complete; no suspect identified
3d02f6d1968a89b1f0a9929e4e266f4e1d9d20f5290eb2aac7f60aa3d43e5080,2013-06,Nottinghamshire Police,Nottinghamshire Police,-1.148037,52.958295,On or near Parking Area,E01033399,Nottingham 023E,Investigation complete; no suspect identified
7e7c90adbd5d8d931e18b3191cb5b75c2474018ac54f4f99342edb5616ecf414,2013-06,Nottinghamshire Police,Nottinghamshire Police,-1.229554,52.949942,On or near Supermarket,E01013982,Nottingham 030B,Investigation complete; no suspect identified
563c2c992d6db8de05f60f9e26771cbf94102933a3fca1d17790c94ba391ce31,2013-06,Nottinghamshire Police,Nottinghamshire Police,-1.155382,52.982403,On or near COMPTON ROAD,E01013967,Nottingham 007E,Investigation complete; no suspect identified
626ef8193c9fd1e71783dda123b25d5b0bfa1e7a1de4ef982a1095abdf14f9c8,2013-06,Nottinghamshire Police,Nottinghamshire Police,-1.150606,52.954816,On or near Theatre/Concert Hall,E01033406,Nottingham 039E,Investigation complete; no suspect identified
16da0bda69bba55e22ba32f01be48516d464ba833ea3b35db25966e2ea4bd5ca,2013-06,Nottinghamshire Police,Nottinghamshire Police,-1.143727,52.950371,On or near CLIFF ROAD,E01033403,Nottingham 039D,Investigation complete; no suspect identified
aaecf87db957e42bda7656fd6e7bf2f975c0db53a009ec795ac598238160fc44,2013-06,Nottinghamshire Police,Nottinghamshire Police,-1.149477,52.954655,On or near KING STREET,E01033406,Nottingham 039E,Investigation complete; no suspect identified
7443ca963250e3e8f0b82cd1cd37db87828f2ba96f0500b5d12aab4f2f097f6a,2013-06,Nottinghamshire Police,Nottinghamshire Police,-1.152112,52.954683,On or near Parking Area,E01033406,Nottingham 039E,Investigation complete; no suspect identified
74bc7249de95cb35aeb67d179fc09a68bf91b12c3019a07867b38c994d3e870d,2013-06,Nottinghamshire Police,Nottinghamshire Police,-1.185800,52.943439,On or near Further/Higher Educational Building,E01033410,Nottingham 031I,Investigation complete; no suspect identified
addc0c2746e9edcb5771b7c99f244c74c01ea36152c87310880880644e9892a3,2013-06,Nottinghamshire Police,Nottinghamshire Police,-1.233253,52.918368,On or near THE CLOSE,E01028096,Broxtowe 014E,Investigation complete; no suspect identified
e85c40a8e9fb15fb248309f53faf5cc6c14fbf7a902c06bad32f65b4239fac83,2013-06,Nottinghamshire Police,Nottinghamshire Police,-1.245915,52.904327,On or near HICKTON DRIVE,E01028137,Broxtowe 015C,Investigation complete; no suspect identified
ebb96b4e3329615b9a3afbeecd629e0213b94fe6093f172415e94ca1f3b69200,2013-06,Nottinghamshire Police,Nottinghamshire Police,-1.278772,52.953658,On or near SMITHFIELD AVENUE,E01033412,Broxtowe 016F,Investigation complete; no suspect identified
1a194b29f137c4feea59e660c266413246000c63cfefafd2851ba24c20adcb84,2013-06,Nottinghamshire Police,Nottinghamshire Police,-1.225294,52.926794,On or near BRAMCOTE AVENUE,E01028084,Broxtowe 009E,Investigation complete; no suspect identified
9e815850353c924d315c490ec86edf7adadc307451cda54ec49431aba20d9079,2013-06,Nottinghamshire Police,Nottinghamshire Police,-1.276409,52.925776,On or near DEEPDALE AVENUE,E01028131,Broxtowe 010D,Investigation complete; no suspect identified
fc1a41f0ca3c2ed0489be7a80502df291cff0b561c531c83d9b45ba393341d01,2013-06,Nottinghamshire Police,Nottinghamshire Police,-1.242119,52.937842,On or near DERBY ROAD,E01028089,Broxtowe 007C,Investigation complete; no suspect identified
881890bde30ae159d46dd16be858e83430854f61c2523c02e905999f87b2c113,2013-06,Nottinghamshire Police,Nottinghamshire Police,-1.233844,52.910137,On or near CLARENCE ROAD,E01028069,Broxtowe 014A,Investigation complete; no suspect identified
c8a96197c8af496236aad1f246d02f7f4e75232dbaecf03c78f9607fa94cf671,2013-06,Nottinghamshire Police,Nottinghamshire Police,-1.203878,53.053789,On or near MAIN STREET,E01028189,Gedling 001A,Investigation complete; no suspect identified
ee61a3e7ea80a1d94842e0688996f05ba94c4d4bedaa059d1a27151f274b89d1,2013-06,Nottinghamshire Police,Nottinghamshire Police,-1.137725,52.973781,On or near THYRA GROVE,E01013937,Nottingham 015A,Investigation complete; no suspect identified
4ac2b209f4cc80ede917976435360f9b1dbc9be2e065056db59ec500b05f3fa9,2013-06,Nottinghamshire Police,Nottinghamshire Police,-1.166036,52.945055,On or near Supermarket,E01013870,Nottingham 040A,Investigation complete; no suspect identified
b413e706f820878aa6cc211eee55c20c57f7f5770c3095cce61b1cd0d4aa13aa,2013-06,Nottinghamshire Police,Nottinghamshire Police,-1.116711,52.960700,On or near NETHER CLOSE,E01013913,Nottingham 024A,Investigation complete; no suspect identified
68ce3a90335acee919820d64ce3acaa6232baa53c145e331a3103155782ba76d,2013-06,Nottinghamshire Police,Nottinghamshire Police,-1.133169,52.976705,On or near BEDLINGTON GARDENS,E01013937,Nottingham 015A,Investigation complete; no suspect identified
9ff3eaf24abc2c57790e85c4c2f1ef45223cb17e2a8515077018f8a337214714,2013-06,Nottinghamshire Police,Nottinghamshire Police,-1.133169,52.976705,On or near BEDLINGTON GARDENS,E01013937,Nottingham 015A,Investigation complete; no suspect identified
9d92f41635014c7eb8229d3cd18911b071b45a32c080c9cfd55fbe3ca208c1a8,2013-06,Nottinghamshire Police,Nottinghamshire Police,-1.127131,52.951122,On or near PULLMAN ROAD,E01013919,Nottingham 029B,Investigation complete; no suspect identified
2ad3b66aece6f18f381eebc0fc5722e4d66f657bb0d9b801453dd327d77e12df,2013-06,Nottinghamshire Police,Nottinghamshire Police,-1.178294,52.903635,On or near Supermarket,E01013907,Nottingham 035F,Investigation complete; no suspect identified
caebb6b6c48976c52bd496456669b14c67b6385f6e3d332e3f6e129e88be739c,2013-06,Nottinghamshire Police,Nottinghamshire Police,-1.123320,52.953368,On or near Supermarket,E01013917,Nottingham 024E,Investigation complete; no suspect identified
95198f5ce438211e8b9d0e9a478b9eb11774d2f28205610641ed47b8bd3439ab,2013-06,Nottinghamshire Police,Nottinghamshire Police,-1.123320,52.953368,On or near Supermarket,E01013917,Nottingham 024E,Investigation complete; no suspect identified
ced8cfdffd25e0db4b4837eef309ff29befb45d5846a01f7b487bd45499a901c,2013-06,Nottinghamshire Police,Nottinghamshire Police,-1.130062,52.969761,On or near MALBON CLOSE,E01013942,Nottingham 016D,Local resolution
d0d195bbc6a49ceba515501af11e839b595903ad512111e3317a87220d45fd90,2013-06,Nottinghamshire Police,Nottinghamshire Police,-1.139962,52.966111,On or near HEATHER CLOSE,E01013958,Nottingham 023C,Investigation complete; no suspect identified
f6b448794424f0739f41c6daa89f28d8c5a9a47330afbf0b1f2a24f0b36011a0,2013-06,Nottinghamshire Police,Nottinghamshire Police,-1.161814,52.944818,On or near KIRTLEY DRIVE,E01013870,Nottingham 040A,Suspect charged
a0cb3a2d07213aae430c520e5f1ead76d0affcb11161f373853978ba82f43a86,2013-06,Nottinghamshire Police,Nottinghamshire Police,-1.152056,52.942286,On or near LAUNDER STREET,E01013871,Nottingham 040B,Investigation complete; no suspect identified
b8b6bbbe75c58a94ca8eca50ec67c2fece2ddeab97e98209b270bd9dd2f7ed71,2013-06,Nottinghamshire Police,Nottinghamshire Police,-1.141036,52.958478,On or near WASNIDGE CLOSE,E01033411,Nottingham 023I,Investigation complete; no suspect identified
74ee58357ccbd8888c9585779873094b3a3ca4708b0c7b12420ec9a28cecb3b4,2013-06,Nottinghamshire Police,Nottinghamshire Police,-1.196626,52.979174,On or near BODMIN DRIVE,E01013819,Nottingham 013A,Suspect charged
1b7abd433ccd0900938e74f6dbea3334f86e5cc2a5e18076a77301934ca8b234,2013-06,Nottinghamshire Police,Nottinghamshire Police,-1.185992,52.983920,On or near VIOLET CLOSE,E01013829,Nottingham 009A,Investigation complete; no suspect identified
f8f25a389449fde5bcca45079075e9956eb1dbd463a34ef5c793ad5c06bdbcec,2013-06,Nottinghamshire Police,Nottinghamshire Police,-1.186445,52.996292,On or near PICCADILLY,E01013889,Nottingham 004C,Suspect charged
e097d5cbe3e169ee3b97e52aa00a45a3574df0a3a5f2b34502f2df5596142e08,2013-06,Nottinghamshire Police,Nottinghamshire Police,-1.156222,53.002770,On or near Supermarket,E01013850,Nottingham 038B,Investigation complete; no suspect identified
1b007ae1629776a36ef3309587c5aee7c6eeb03b79385338398897d352efb670,2013-06,Nottinghamshire Police,Nottinghamshire Police,-1.170378,52.985709,On or near TUNSTALL DRIVE,E01013827,Nottingham 008A,Investigation complete; no suspect identified
13a2f88367ad5be889d7be95a13c54a0516e4488f5ca7f52fe56d98cdab70ede,2013-06,Nottinghamshire Police,Nottinghamshire Police,-1.211578,52.984164,On or near ELTHAM DRIVE,E01013826,Nottingham 011E,Investigation complete; no suspect identified
8b8e242fef6ef4393a90f9e48ee6bfe674a2cb19bbdb4fa6ebca39dfd0b3cd1c,2013-06,Nottinghamshire Police,Nottinghamshire Police,-1.146005,52.997186,On or near NORTHWOOD ROAD,E01013963,Nottingham 007A,Investigation complete; no suspect identified
a8b19a61000021460657a221594527b078acab00f3b1abdd9810d2c42e93634a,2013-06,Nottinghamshire Police,Nottinghamshire Police,-1.166870,53.004661,On or near THORPE CLOSE,E01013851,Nottingham 038C,Investigation complete; no suspect identified
91ea91b2335e4e9e1ccaed40f5516fa0413f707d54bca5f060d3454409e59beb,2013-06,Nottinghamshire Police,Nottinghamshire Police,-1.201070,52.990180,On or near ODESA DRIVE,E01013876,Nottingham 005B,Investigation complete; no suspect identified
9580d6ca4c910a0571f7322fb43feb15a9c6cad8b604752356747cbb94f73573,2013-06,Nottinghamshire Police,Nottinghamshire Police,-1.182536,52.938940,On or near BRAILSFORD ROAD,E01013928,Nottingham 031G,Investigation complete; no suspect identified
01ab145c634349d96e7100b5c462309ea05221a83faf410ea6233ad903401e61,2013-06,Nottinghamshire Police,Nottinghamshire Police,-1.145710,52.955473,On or near CLARE STREET,E01033409,Nottingham 023H,Local resolution
cb518cef7de86d4bbf5b7ae6416297a201ae52735966207605b483396464424c,2013-06,Nottinghamshire Police,Nottinghamshire Police,-1.179767,52.941366,On or near WARWICK STREET,E01013928,Nottingham 031G,Offender given a drugs possession warning
a316e71764a2035a3ee4f93717c3e893b8f95f1f82a45b7c4d83f9681bad7fc3,2013-06,Nottinghamshire Police,Nottinghamshire Police,-1.145710,52.955473,On or near CLARE STREET,E01033409,Nottingham 023H,Local resolution
35863b0940092982d3610d172b8208b03dc75ee99dbd0ee30da3a1f7d7436530,2013-06,Nottinghamshire Police,Nottinghamshire Police,-1.167583,52.974542,On or near Parking Area,E01013841,Nottingham 012E,Investigation complete; no suspect identified
9917c5e24c507eadbf6adb88e35fbff2fb98f686c8f8b570af304819aae7de29,2013-06,Nottinghamshire Police,Nottinghamshire Police,-1.164066,52.960764,On or near WILDMAN STREET,E01013815,Nottingham 022C,Investigation complete; no suspect identified
16b9ae69d0ca31a6c3958d8e12516e530750946e50a83633666dd5dc0e8ad7ae,2013-06,Nottinghamshire Police,Nottinghamshire Police,-1.147953,52.949646,On or near COLLIN STREET,E01033400,Nottingham 039B,Investigation complete; no suspect identified
77af6deedea68c4b232e254dddbd56dc7aa2775e6bedf37ad720098e44c07973,2013-06,Nottinghamshire Police,Nottinghamshire Police,-1.167029,52.981685,On or near Sports/Recreation Area,E01013838,Nottingham 012B,Investigation complete; no suspect identified
4a329e4f025647cfa35d253606cfbac4e6c457747ee129b0100f73e2d99eae0c,2013-06,Nottinghamshire Police,Nottinghamshire Police,-1.148088,52.949638,On or near Pedestrian Subway,E01033400,Nottingham 039B,Investigation complete; no suspect identified
e9b2e1043e9e6aac9acbab3b6752c1427cd3aa51cad9f0de1cfd0c2da1553848,2013-06,Nottinghamshire Police,Nottinghamshire Police,-1.151276,52.951737,On or near Nightclub,E01033400,Nottingham 039B,Investigation complete; no suspect identified
ffac146818c901bdbdc535be786a8a7df4886ed0fdff064afcf32bfa70725388,2013-06,Nottinghamshire Police,Nottinghamshire Police,-1.148075,52.952542,On or near ST PETER'S GATE,E01033400,Nottingham 039B,Investigation complete; no suspect identified
bc543e31d93f39cf56c22a97c11dda7b8e05618e77a5aafdbfbbebbf26028cff,2013-06,Nottinghamshire Police,Nottinghamshire Police,-1.158507,52.955735,On or near WOLLATON STREET,E01013816,Nottingham 022D,Investigation complete; no suspect identified
870cd15a2889a4031bf6e14adb519cddeec5f167c2a2f8447fe2511ac5a052e3,2013-06,Nottinghamshire Police,Nottinghamshire Police,-1.146096,52.995605,On or near LONGMEAD DRIVE,E01013963,Nottingham 007A,Investigation complete; no suspect identified
61bae23674a57c9801d78dbbf9c02151e808b582be1280346e28a244de62a663,2013-06,Nottinghamshire Police,Nottinghamshire Police,-1.144430,52.953199,On or near WARSER GATE,E01033406,Nottingham 039E,Investigation complete; no suspect identified
da67818d3b0cef4a808a2286f8abfc9fea83c4ded0dd245cacc9938bbe1ee7be,2013-06,Nottinghamshire Police,Nottinghamshire Police,-1.161129,52.967925,On or near PREMIER ROAD,E01013847,Nottingham 017D,Investigation complete; no suspect identified
98148904736ca4abb54bb5675e16de840db82122e3e02da8395fa3bbd9379359,2013-06,Nottinghamshire Police,Nottinghamshire Police,-1.173566,52.960668,On or near HARTLEY ROAD,E01013945,Nottingham 026B,Investigation complete; no suspect identified
c0131ce09604a04f363a28c9a7509a530aef5ec6cf1453efdac37b3a1c71fb51,2013-06,Nottinghamshire Police,Nottinghamshire Police,-1.151158,52.953211,On or near BEAST MARKET HILL,E01033400,Nottingham 039B,Investigation complete; no suspect identified
68df20e9db4f3c527ddf9b2dca3fbb2ade65ca7e0029013c16c862686b204cdc,2013-06,Nottinghamshire Police,Nottinghamshire Police,-1.147278,52.952949,On or near BRIDLESMITH GATE,E01033406,Nottingham 039E,Investigation complete; no suspect identified
565141cee2860e7331c751a90e9c980c6c85ea5b74d3da3ff8c0b51a64753e5a,2013-06,Nottinghamshire Police,Nottinghamshire Police,-1.143330,52.955393,On or near Nightclub,E01033405,Nottingham 023G,Investigation complete; no suspect identified
c4656e78616462d3a81538b976c34b56659a387026ffb3aebbf1c65845138791,2013-06,Nottinghamshire Police,Nottinghamshire Police,-1.148012,52.992877,On or near ARNDALE ROAD,E01013964,Nottingham 007B,Investigation complete; no suspect identified
d71bd11da2b24c9cf2b9dc36750f690cc75aa863c25d937876202b1817a46f41,2013-06,Nottinghamshire Police,Nottinghamshire Police,-1.145624,52.996851,On or near NORTHWOOD CRESCENT,E01013963,Nottingham 007A,Investigation complete; no suspect identified
a8e56f0214823ba1ca56f37d2e2e6e836bf900d10e4cb88ec3df799e78f7a08a,2013-06,Nottinghamshire Police,Nottinghamshire Police,-1.167496,52.969777,On or near EWART ROAD,E01013842,Nottingham 018D,Investigation complete; no suspect identified
112502666c07d9c6f5e80239e9b9da468e7e83a07d516b046e4d83b027afe504,2013-06,Nottinghamshire Police,Nottinghamshire Police,-1.141905,52.953711,On or near GOOSE GATE,E01033407,Nottingham 039F,Investigation complete; no suspect identified
2ab71103db9080cf4a83945cb7be9394b90eaf7bb3a9e28762eb325175d32a1f,2013-06,Nottinghamshire Police,Nottinghamshire Police,-1.168734,52.979764,On or near LORTAS ROAD,E01013840,Nottingham 012D,Investigation complete; no suspect identified
b49839770fde1764bd5e5e58574ee3c369a5e15e50eb1716d52cbe9a44405b9f,2013-06,Nottinghamshire Police,Nottinghamshire Police,-1.186837,52.938897,On or near GREENFIELD STREET,E01033410,Nottingham 031I,Investigation complete; no suspect identified
84d66c9e31aab0e509455f1b29da10fa507b0675ad7a4ed590ec0f6b102236a2,2013-06,Nottinghamshire Police,Nottinghamshire Police,-1.148037,52.958295,On or near Parking Area,E01033399,Nottingham 023E,Investigation complete; no suspect identified
5a3f89414678e69b3419f064231b7384f29a388b3853d063b17bf51f53ec9030,2013-06,Nottinghamshire Police,Nottinghamshire Police,-1.146111,52.953292,On or near VICTORIA STREET,E01033406,Nottingham 039E,Investigation complete; no suspect identified
a5e4acf5604932a6bbec930b429d0ce658707d1f802e9dc7c4de85586e4427cf,2013-06,Nottinghamshire Police,Nottinghamshire Police,-1.143400,52.949595,On or near SHORTWOOD CLOSE,E01033403,Nottingham 039D,Investigation complete; no suspect identified
ff1351f1333e33b674cca0be686bbac7576317decfbb81fb50d7e9e4b0512a77,2013-06,Nottinghamshire Police,Nottinghamshire Police,-1.149881,52.950775,On or near STANFORD STREET,E01033400,Nottingham 039B,Investigation complete; no suspect identified
c543701787b23acc243de7af949a04885ef729a5891dd18cbf7abfdf81f892ec,2013-06,Nottinghamshire Police,Nottinghamshire Police,-1.142053,52.954485,On or near CRANBROOK STREET,E01033407,Nottingham 039F,Investigation complete; no suspect identified
d6b915a84a29eb3670245faa93dbbeedcdddccdd3419c7cb1cb847ef070f0187,2013-06,Nottinghamshire Police,Nottinghamshire Police,-1.150199,52.955820,On or near Theatre/Concert Hall,E01033409,Nottingham 023H,Investigation complete; no suspect identified
4aadfe76a286ec4045a86da018ea2f525f7df93b74bbb0bcdf2bb0420a77019a,2013-06,Nottinghamshire Police,Nottinghamshire Police,-1.175026,52.969245,On or near ASHWELL GARDENS,E01013930,Nottingham 019A,Investigation complete; no suspect identified
358bc3b8e9bd5fc05dedb41474e4944a50cf1f24fa72157a2728311a27a005ae,2013-06,Nottinghamshire Police,Nottinghamshire Police,-1.182460,52.972955,On or near WILKINSON STREET,E01013934,Nottingham 019E,Investigation complete; no suspect identified
537de8f43546fb672a8df8c0e81484ee4f0d26b5ca3f87dad9726f9b1279ae17,2013-06,Nottinghamshire Police,Nottinghamshire Police,-1.171623,52.968880,On or near BERRIDGE ROAD,E01013842,Nottingham 018D,Investigation complete; no suspect identified
b2507dc2b6858d305977711f0311060640ce179c89c244d4248b3a9c78a392cf,2013-06,Nottinghamshire Police,Nottinghamshire Police,-1.150199,52.955820,On or near Theatre/Concert Hall,E01033409,Nottingham 023H,Investigation complete; no suspect identified
b2e0bedccb9395672a45ac5fbae2f351e1f6f17c3a612886d856710cfad52523,2013-06,Nottinghamshire Police,Nottinghamshire Police,-1.153419,52.970837,On or near HUCKNALL ROAD,E01013941,Nottingham 015C,Investigation complete; no suspect identified
f713c6e53baffb6e44aa61424c8799b8a8ad1bf5b986c470ab5d6afec72d21e9,2013-06,Nottinghamshire Police,Nottinghamshire Police,-1.169381,52.968559,On or near NOEL STREET,E01013846,Nottingham 018E,Investigation complete; no suspect identified
1117cf70c3f6cd361d42733b23ac987229dadaeb76b60d20f1e5fb3e99011645,2013-06,Nottinghamshire Police,Nottinghamshire Police,-1.145710,52.955473,On or near CLARE STREET,E01033409,Nottingham 023H,Investigation complete; no suspect identified
909e0105faef90e861b2c64f06da3861c41245311e40f79b1974754f80840673,2013-06,Nottinghamshire Police,Nottinghamshire Police,-1.192065,52.962611,On or near WESTHOLME GARDENS,E01013932,Nottingham 019C,Investigation complete; no suspect identified
34c29e894a0ba92b773962d75bfe4091b50ad01ea311dcf9987b88f78d8d94fa,2013-06,Nottinghamshire Police,Nottinghamshire Police,-1.210736,52.955950,On or near OLD COACH ROAD,E01013977,Nottingham 027A,Investigation complete; no suspect identified
c6a5f08eaab2ab0bbe319a5447897275ce32d85154a69dbfe81a59cf5b923872,2013-06,Nottinghamshire Police,Nottinghamshire Police,-1.234542,52.947340,On or near HILARY CLOSE,E01013984,Nottingham 030D,Investigation complete; no suspect identified
8c8cf76d5012d8ab281fbad9b6fc833b9fdd64abd8ebcab14e6fbe9b38ea89f2,2013-06,Nottinghamshire Police,Nottinghamshire Police,-1.151276,52.951737,On or near Nightclub,E01033400,Nottingham 039B,Investigation complete; no suspect identified
64dd606ff058187b1cdb59bf06f166b45ef21f0ef01375f1cdea9116f74e86f5,2013-06,Nottinghamshire Police,Nottinghamshire Police,-1.161021,52.985805,On or near VALMONT ROAD,E01013837,Nottingham 012A,Investigation complete; no suspect identified
ef624b5970bc93ed6a3e43bb4a7f3b766a0d1d1b5499a6a816c5a288a9d783a2,2013-06,Nottinghamshire Police,Nottinghamshire Police,-1.157524,52.966480,On or near Sports/Recreation Area,E01013815,Nottingham 022C,Investigation complete; no suspect identified
b9e3ec58a37fa619c7f3e12871bb3a1685e42d55a617be8bc1dd875df40d4550,2013-06,Nottinghamshire Police,Nottinghamshire Police,-1.179087,52.958432,On or near CROYDON ROAD,E01013947,Nottingham 026D,Investigation complete; no suspect identified
0c6e4fe927fb5989dd04af8e9b3e4147da4b1e826f1146ed76d40c97db031071,2013-06,Nottinghamshire Police,Nottinghamshire Police,-1.171603,52.947350,On or near Supermarket,E01013926,Nottingham 031E,Investigation complete; no suspect identified
a224e97d19875156c66df6b1b09f5bc8875ec7dc034aa2637dea7714683ef789,2013-06,Nottinghamshire Police,Nottinghamshire Police,-1.165527,52.968433,On or near LAURIE AVENUE,E01013846,Nottingham 018E,Investigation complete; no suspect identified
d170b497f8b93e0b63bc17341861e40cc2540e6a053670daecacd8020812d22e,2013-06,Nottinghamshire Police,Nottinghamshire Police,-1.189491,52.941801,On or near Further/Higher Educational Building,E01013975,Nottingham 032C,Suspect charged
14711561ff542b29a327d1688aae987583fefb3eea4281e4755725d25487919f,2013-06,Nottinghamshire Police,Nottinghamshire Police,-1.133210,52.945629,On or near Shopping Area,E01033402,Nottingham 039C,Investigation complete; no suspect identified
f91e53b82b2222bb121580150cf2cc342031f1df39d4e3251abce28951433de5,2013-06,Nottinghamshire Police,Nottinghamshire Police,-1.171264,52.952589,On or near DERBY ROAD,E01033408,Nottingham 031H,Investigation complete; no suspect identified
b43309c8f1b5e71500a4de7e0272f09e026dcbfe867e478cf3bcca26bdb67a94,2013-06,Nottinghamshire Police,Nottinghamshire Police,-1.117241,53.311842,On or near QUEENSWAY,E01028045,Bassetlaw 016G,Investigation complete; no suspect identified
acb3467e7c5d48783a7ddab7221c7565a1b70aa6f0d2b17006ea58b2c848b13f,2013-06,Nottinghamshire Police,Nottinghamshire Police,-1.139996,53.323748,On or near RED KITE CLOSE,E01028059,Bassetlaw 009D,Investigation complete; no suspect identified
5913df27009e6abeb57e56ef7509f7a78b5d3640cf43451de9e53d9a72c278bf,2013-06,Nottinghamshire Police,Nottinghamshire Police,-1.128794,53.309833,On or near TRENT STREET,E01028055,Bassetlaw 009A,Investigation complete; no suspect identified
b004fc28868a81d879c9c0861e87c9e649b2bc98a8287f593e639cb47f833b8c,2013-06,Nottinghamshire Police,Nottinghamshire Police,-1.140079,53.322625,On or near DUNLIN COURT,E01028059,Bassetlaw 009D,Investigation complete; no suspect identified
8903ba346576df32d3b42f9addab2de6c0866026536c24981cd42910e6c6eb82,2013-06,Nottinghamshire Police,Nottinghamshire Police,-1.110683,53.296629,On or near PELHAM STREET,E01028065,Bassetlaw 012B,Investigation complete; no suspect identified
d5aeb5cbf321d57d51870df8303bdc7d8b777a80d266ee93cf063e4dddf83152,2013-06,Nottinghamshire Police,Nottinghamshire Police,-1.120580,53.306383,On or near BEAVER PLACE,E01028068,Bassetlaw 012D,Investigation complete; no suspect identified
7feae2bea0d930423371cc7a18dc6fb8ea7c8f98a85059cdd893708a8278bc39,2013-06,Nottinghamshire Police,Nottinghamshire Police,-0.962303,53.077962,On or near HILLCREST,E01028347,Newark and Sherwood 008C,Investigation complete; no suspect identified
4d910ab6741cba0a902ec4a17312c1445ba76382b50d32c13a82462c21824b48,2013-06,Nottinghamshire Police,Nottinghamshire Police,-0.992988,53.210575,On or near TURNER LANE,E01028301,Newark and Sherwood 001A,Investigation complete; no suspect identified
e9ca162448aaa67e83d8c665deacac643aaf01153cfea954d010309cc6d45b61,2013-06,Nottinghamshire Police,Nottinghamshire Police,-0.947393,53.081498,On or near STATION ROAD,E01028346,Newark and Sherwood 008B,Investigation complete; no suspect identified
87cee7691fa3e5f37122c4cf64e55a21ead3ad5e64fefe06b53b4d16b9ba2235,2013-06,Nottinghamshire Police,Nottinghamshire Police,-0.943325,53.076311,On or near BRAMLEY CLOSE,E01028345,Newark and Sherwood 008A,Investigation complete; no suspect identified
d0c4a6897ffa81c1657b04baedb8db2c0c1f09d883958fd2e88dc90c7189a13d,2013-06,Nottinghamshire Police,Nottinghamshire Police,-0.792674,53.061448,On or near BROOME CLOSE,E01028289,Newark and Sherwood 011E,Investigation complete; no suspect identified
00024fa16ba3ea4721277c1c3e90dbc71f3dfff97ad91374d86e6e1a4d485f7f,2013-06,Nottinghamshire Police,Nottinghamshire Police,-0.809614,53.077575,On or near KIRK GATE,E01028310,Newark and Sherwood 007F,Investigation complete; no suspect identified
db466fcb7193eb4adc0f697a74932440ae4b74e5d9b8c6c2efae46a8ce78585c,2013-06,Nottinghamshire Police,Nottinghamshire Police,-0.806033,53.079131,On or near QUEEN'S ROAD,E01028310,Newark and Sherwood 007F,Investigation complete; no suspect identified
d72511f17d1fa5b3622e98be376b04c19a6dcea59770dfa366c025874495a45b,2013-06,Nottinghamshire Police,Nottinghamshire Police,-0.777471,53.061877,On or near GOLDSMITH ROAD,E01028286,Newark and Sherwood 011B,Investigation complete; no suspect identified
18c572a173d68914d4f24224c8aebc31291e25e1f29cef5d17c285946d3a0a8f,2013-06,Nottinghamshire Police,Nottinghamshire Police,-0.811802,53.075107,On or near LOMBARD STREET,E01028311,Newark and Sherwood 007G,Investigation complete; no suspect identified
50b4939a7403b0cbd20fd62c3bb0198469bba19af0a5c776a9f2f20992cb516b,2013-06,Nottinghamshire Police,Nottinghamshire Police,-0.896745,53.248080,On or near BECKLAND HILL,E01028007,Bassetlaw 015B,Investigation complete; no suspect identified
5a43b4565115e2ad6eb86b89c05934f8d5d3650f3662a3854b732503f6d8c92f,2013-06,Nottinghamshire Police,Nottinghamshire Police,-0.906040,53.346031,On or near PEAR TREE CLOSE,E01028005,Bassetlaw 002B,Investigation complete; no suspect identified
6d86dbc961757e05e179398f84683daab69f4c095889306aa3a98c1b8bca897e,2013-06,Nottinghamshire Police,Nottinghamshire Police,-0.947425,53.310636,On or near Sports/Recreation Area,E01028017,Bassetlaw 010A,Investigation complete; no suspect identified
80cc6b7b8cb1a4100d9d339f33cb81fe67d3d8a48b7dc52886da5b7dab051b49,2013-06,Nottinghamshire Police,Nottinghamshire Police,-1.084023,53.419180,On or near BRACKEN WAY,E01028024,Bassetlaw 001B,Investigation complete; no suspect identified
5de43b211d74fad75053a340cd283ab368394bd442e868d361267aeaf5cd6800,2013-06,Nottinghamshire Police,Nottinghamshire Police,-0.798838,53.337773,On or near FENTON LANE,E01028035,Bassetlaw 002E,Investigation complete; no suspect identified
33e40751ffc122b58c522eef698b0acf2e3c0f69a9974d597cd837c258ec6610,2013-06,Nottinghamshire Police,Nottinghamshire Police,-0.968875,53.418862,On or near HARWELL SLUICE LANE,E01028023,Bassetlaw 003A,Investigation complete; no suspect identified
cbbe9bf1479243c93718684c5c648b26a2718a3a5cea6aaf3ceac998a95a054f,2013-06,Nottinghamshire Police,Nottinghamshire Police,-0.927729,53.311395,On or near BRAMBLE ROAD,E01028010,Bassetlaw 008C,Investigation complete; no suspect identified
da14755de7ccffd6bbcd30801a68f57c219b71c8a435440e279b7f37ce95e5b9,2013-06,Nottinghamshire Police,Nottinghamshire Police,-1.014988,53.383287,On or near BLUE BELL COURT,E01028034,Bassetlaw 003B,Investigation complete; no suspect identified
44806c39bbbd93cff8eeb6a86200ff88629cadf367599de494b48344ef44fd23,2013-06,Nottinghamshire Police,Nottinghamshire Police,-1.198975,53.146777,On or near ST JOHN STREET,E01028284,Mansfield 008F,Suspect charged
4eaeef3d1e5a5877a327c6597beb92b54a7a17448196ec66e7107a24bdb49c79,2013-06,Nottinghamshire Police,Nottinghamshire Police,-1.178757,53.206507,On or near KING STREET,E01028259,Mansfield 001D,Investigation complete; no suspect identified
384e12ee7e51efa748e4e791d0c5294dc0e5777767f72daf68d16ed41d91f657,2013-06,Nottinghamshire Police,Nottinghamshire Police,-1.210664,53.149381,On or near DEVON DRIVE,E01028227,Mansfield 008A,Investigation complete; no suspect identified
410bca9a0346f789eb044dc0420200257aa535b728ea6863aabb4c61366895a7,2013-06,Nottinghamshire Police,Nottinghamshire Police,-1.207936,53.146514,On or near MILTON STREET,E01028248,Mansfield 010F,Investigation complete; no suspect identified
240f6c3ec20ebe2616db7c250985d6cbcaf50e02638ba8afc0abbd411a0bedb9,2013-06,Nottinghamshire Police,Nottinghamshire Police,-1.244731,53.171248,On or near HIGH STREET,E01033392,Mansfield 006G,Investigation complete; no suspect identified
21b85e6953137f5ff679f13a2e7c892cb13ca7c8d56c7c808bb7495bc769dffe,2013-06,Nottinghamshire Police,Nottinghamshire Police,-1.241951,53.171113,On or near LITTLE LANE,E01033392,Mansfield 006G,Investigation complete; no suspect identified
aa797f8d717de39191e7bc95025f9c1735936fa8971d9cca870727558f75e450,2013-06,Nottinghamshire Police,Nottinghamshire Police,-1.216373,53.139711,On or near GARNON STREET,E01028249,Mansfield 010G,Investigation complete; no suspect identified
59dc097e82daa2e938593e3edc76a9773ae921adf2cd70bf0eac86fc850b00d4,2013-06,Nottinghamshire Police,Nottinghamshire Police,-1.222885,53.161525,On or near ENTERPRISE CLOSE,E01033392,Mansfield 006G,Investigation complete; no suspect identified
4fb0036bebfff1695c00e9da7c762a0c9b7a2c40a3de2cee39ff092396ce6bf8,2013-06,Nottinghamshire Police,Nottinghamshire Police,-1.193354,53.171469,On or near AUDREY CRESCENT,E01028278,Mansfield 003E,Investigation complete; no suspect identified
4a0f9651b6118cc0f4ee07687ef9610a8ad7cc1cda82bb4863d23330b2262c94,2013-06,Nottinghamshire Police,Nottinghamshire Police,-1.177787,53.191480,On or near SOOKHOLME ROAD,E01028260,Mansfield 002D,Investigation complete; no suspect identified
aa830502c8efdcb1ee5b0e11a9eb9b03d96cb28fe97e8fc52a76be9b17031d81,2013-06,Nottinghamshire Police,Nottinghamshire Police,-1.234922,53.165100,On or near NEW ENGLAND WAY,E01033392,Mansfield 006G,Investigation complete; no suspect identified
4b4e1e3510f77ef75ec4d56457a83813f26725bb3e9471409f2c599c2a8859f4,2013-06,Nottinghamshire Police,Nottinghamshire Police,-1.208729,53.155427,On or near PERLETHORPE AVENUE,E01028283,Mansfield 004E,Investigation complete; no suspect identified
5c9b30be97e214d01d411a736648144ea89a8513e69f56b67ea2744278ad0288,2013-06,Nottinghamshire Police,Nottinghamshire Police,-1.216373,53.139711,On or near GARNON STREET,E01028249,Mansfield 010G,Investigation complete; no suspect identified
951d6d0e19929df2679d9d76189ce7ec142df95555fbc0c325016323716adade,2013-06,Nottinghamshire Police,Nottinghamshire Police,-1.220552,53.145869,On or near KEYWORTH CLOSE,E01028231,Mansfield 010B,Investigation complete; no suspect identified
e0d7a7e5a5bf1070e043a5526b9b6a7c89475c16d3cc37f81feb111826934ca8,2013-06,Nottinghamshire Police,Nottinghamshire Police,-1.216927,53.156902,On or near CHESTERFIELD ROAD SOUTH,E01028282,Mansfield 006F,Investigation complete; no suspect identified
be2cdc9756bb320ea76d21a933f752d006052b2f4d40caa485623e508403d05e,2013-06,Nottinghamshire Police,Nottinghamshire Police,-1.130400,53.221877,On or near EASTLAND TERRACE,E01028257,Mansfield 001B,Investigation complete; no suspect identified
f77417bf5a11d5c85dbce9c5f656976bed9209845994d0de6e592ac3f1e11084,2013-06,Nottinghamshire Police,Nottinghamshire Police,-1.199734,53.145371,On or near Shopping Area,E01028284,Mansfield 008F,Investigation complete; no suspect identified
f5cf8955757574feeb54db0c8e0e863503526060a8948e8d5530be90322c14c0,2013-06,Nottinghamshire Police,Nottinghamshire Police,-1.181218,53.140220,On or near ROCK HILL,E01028233,Mansfield 009A,Investigation complete; no suspect identified
2d520126ffa3fafe1390fa49164a23a366ddf3df5c8e6d5f4bed54722b905b7d,2013-06,Nottinghamshire Police,Nottinghamshire Police,-1.188825,53.142699,On or near RATCLIFFE GATE,E01028233,Mansfield 009A,Investigation complete; no suspect identified
045efffbd9f4a1d269866afc9078951bf52bd02699abb380c1a0705185f2720e,2013-06,Nottinghamshire Police,Nottinghamshire Police,-1.195438,53.146412,On or near Parking Area,E01028284,Mansfield 008F,Investigation complete; no suspect identified
f9caca5444cf819b0eb669a504d798664690f09d3ad996035c316bb42d317de8,2013-06,Nottinghamshire Police,Nottinghamshire Police,-1.264508,53.081048,On or near Sports/Recreation Area,E01027996,Ashfield 010B,Investigation complete; no suspect identified
971894bd4e602f904ce2775da3c7f7d932248068f88cbb29d292c9636cffa9bc,2013-06,Nottinghamshire Police,Nottinghamshire Police,-1.262693,53.125246,On or near Shopping Area,E01027968,Ashfield 005C,Local resolution
8b2abd4ccfbda8fd05d480f9f1a670cda026386626d9469983807d691cfa869b,2013-06,Nottinghamshire Police,Nottinghamshire Police,-1.279053,53.140673,On or near MORLEY STREET,E01027983,Ashfield 001D,Investigation complete; no suspect identified
621caec5526363a83749fbcb9821f14b6b7224925f61c9f6f57b2985040736c0,2013-06,Nottinghamshire Police,Nottinghamshire Police,-1.261239,53.125498,On or near FOREST STREET,E01027965,Ashfield 005B,Offender given a caution
e2f1cb94f6eedf9323f2e615221d2ac0cf710a6a0d5802d2c4c1118d5690ff0a,2013-06,Nottinghamshire Police,Nottinghamshire Police,-1.264969,53.123211,On or near WOODS HILL,E01027976,Ashfield 005E,Investigation complete; no suspect identified
650c5ab820d106f66031de2453a8a9ae33182a2776293226c9f68920ce171572,2013-06,Nottinghamshire Police,Nottinghamshire Police,-1.250882,53.122143,On or near BATHWOOD DRIVE,E01027977,Ashfield 004C,Investigation complete; no suspect identified
27af73eeadc80719d92eaa5f345c6dc6e550ca06181408fc9bd1a0ac8b0b426a,2013-06,Nottinghamshire Police,Nottinghamshire Police,-1.266384,53.119147,On or near TUDOR STREET,E01027975,Ashfield 006B,Investigation complete; no suspect identified
db3925ee41704d559f3cb042f98a66398f5439099a1da0725d01d99e890ebf0b,2013-06,Nottinghamshire Police,Nottinghamshire Police,-1.242832,53.106550,On or near EDWARD STREET,E01027954,Ashfield 007D,Investigation complete; no suspect identified
08cb80fc71ae02cfaebbdb3850f8451c34d2a04e9a1d190a53b1b37bd54b3703,2013-06,Nottinghamshire Police,Nottinghamshire Police,-1.273047,53.123602,On or near Petrol Station,E01027969,Ashfield 006A,Investigation complete; no suspect identified
46d161f215209188f573468a728a8985e10492826ea365dfc58de68d855c2e92,2013-06,Nottinghamshire Police,Nottinghamshire Police,-1.306863,53.121808,On or near NUNN BROOK RISE,E01027990,Ashfield 003D,Investigation complete; no suspect identified
0abdd25182902d5052e9e5ea1015ed153ed4b6bbf08c1294f27202016407b6e6,2013-06,Nottinghamshire Police,Nottinghamshire Police,-1.244497,53.113851,On or near LOW MOOR ROAD,E01027951,Ashfield 007B,Investigation complete; no suspect identified
e1612d1767164454c5038fd054e44063f7fa722e4cbffdaf768426dbd6873554,2013-06,Nottinghamshire Police,Nottinghamshire Police,-1.300995,53.122439,On or near ROBERTS AVENUE,E01027990,Ashfield 003D,Investigation complete; no suspect identified
1ec4d117f4ac9515a56ac12b8d84290b00ea3c65689c5e0b36721d15728a2dd9,2013-06,Nottinghamshire Police,Nottinghamshire Police,-1.254940,53.101754,On or near FORSTER STREET,E01027956,Ashfield 008C,Investigation complete; no suspect identified
e2a3e94e2263fd079e7813a07dce131b49f69072ddc5d4e8a361409cac727bf2,2013-06,Nottinghamshire Police,Nottinghamshire Police,-1.275264,53.142816,On or near Sports/Recreation Area,E01027983,Ashfield 001D,Investigation complete; no suspect identified
c99ac6327e2b5e92b3f2afbdd622d0f740e17e1030468d28cd3006ab04573cd4,2013-06,Nottinghamshire Police,Nottinghamshire Police,-1.146059,52.943052,On or near Supermarket,E01013871,Nottingham 040B,Local resolution
3fcaa1f42d0605a761cd07a9d58619cf06b38768974fad796498e6c3a9ba03ee,2013-06,Nottinghamshire Police,Nottinghamshire Police,-1.146059,52.943052,On or near Supermarket,E01013871,Nottingham 040B,Local resolution
3e53c009cbcc8810c652a0ea1637320175946bbf545113074d33631f32babf15,2013-06,Nottinghamshire Police,Nottinghamshire Police,-1.170095,52.987226,On or near HARMSTON RISE,E01013827,Nottingham 008A,Offender given a drugs possession warning
f1c7dd5af629b64de025639ff122d3d1f0e2bf67e44a281f90f78a9037b6f033,2013-06,Nottinghamshire Police,Nottinghamshire Police,-1.176073,52.965864,On or near HAZELWOOD ROAD,E01013810,Nottingham 018A,Local resolution
1b659eff4eb4c49a139bd7fb7e0057183af8cb5e2ca0e093111e6f708d6257cd,2013-06,Nottinghamshire Police,Nottinghamshire Police,-1.159735,52.969920,On or near MYRTLE AVENUE,E01013843,Nottingham 017A,Suspect charged
27f4377c3a1a79b7214373e2a8e985f29bf20e599d760d9ead5ceb3fd61ca5d5,2013-06,Nottinghamshire Police,Nottinghamshire Police,-1.159122,52.970078,On or near ARNO AVENUE,E01013847,Nottingham 017D,Suspect charged
a81d3d5583c08935f9ab0e7b86c29bf6625eaa68fe3481a598086d68638d3e36,2013-06,Nottinghamshire Police,Nottinghamshire Police,-1.151158,52.953211,On or near BEAST MARKET HILL,E01033400,Nottingham 039B,Offender given a caution
e36dac23d59bf939b108a11bc99ccb5886ac93a0211ee3cc3e96a46028100f20,2013-06,Nottinghamshire Police,Nottinghamshire Police,-1.171603,52.947350,On or near Supermarket,E01013926,Nottingham 031E,Suspect charged
b312f9a2ceddc1e4b5f626bac4a6397ebe91027b02a4740bdaacd49a15be358f,2013-06,Nottinghamshire Police,Nottinghamshire Police,-1.152112,52.954683,On or near Parking Area,E01033406,Nottingham 039E,Offender given a caution
b312f9a2ceddc1e4b5f626bac4a6397ebe91027b02a4740bdaacd49a15be358f,2013-06,Nottinghamshire Police,Nottinghamshire Police,-1.152112,52.954683,On or near Parking Area,E01033406,Nottingham 039E,Offender given a caution
e29043f1e890ad1ac1af216dbee14dc9f45d937cd28ab8bfe623be1b3a799407,2013-06,Nottinghamshire Police,Nottinghamshire Police,-1.152112,52.954683,On or near Parking Area,E01033406,Nottingham 039E,Local resolution
ec960dfa56a16b90287f68e6fa9a9b50456bde6d5edcb44967d2b7eb3bcb7fee,2013-06,Nottinghamshire Police,Nottinghamshire Police,-1.152397,52.953777,On or near LONG ROW WEST,E01033400,Nottingham 039B,Offender given a caution
1593bdc740e0d3dff1ca8ec41a656625b077318baeeed00e45ff12a7f45f8447,2013-06,Nottinghamshire Police,Nottinghamshire Police,-1.178558,52.923513,On or near Sports/Recreation Area,E01013928,Nottingham 031G,Local resolution
504e3735b6ba6aed0da2266c71bccabfeefd8c11f9818223f3981e3ee19ef112,2013-06,Nottinghamshire Police,Nottinghamshire Police,-1.047446,53.165420,On or near Park/Open Space,E01028295,Newark and Sherwood 005A,Local resolution
5a81e0b44582ebf5acf0f0739b7959f7daf5231ca2278faa77dcad9495bce4bc,2013-06,Nottinghamshire Police,Nottinghamshire Police,-1.204092,53.144178,On or near GOLDSMITH STREET,E01028247,Mansfield 008C,Suspect charged
a744d77c51da02de519447eb03b9c4e233dc27333f942f70fd46ad87bad2da58,2013-06,Nottinghamshire Police,Nottinghamshire Police,-1.201870,53.145439,On or near UNION STREET,E01028284,Mansfield 008F,Offender given a caution
c1d1364b5dafd27f8971dd61307eab2e7a7f7d7d4d2fe280a591b2e5132fadc6,2013-06,Nottinghamshire Police,Nottinghamshire Police,-1.203265,53.038458,On or near Shopping Area,E01027933,Ashfield 014D,Local resolution
e9be6b6f161d05e3324f31bda5883fdacbef2182864e0412175360b3bb7f772d,2013-06,Nottinghamshire Police,Nottinghamshire Police,-1.196117,53.031498,On or near WINIFRED STREET,E01027931,Ashfield 013B,Offender given a caution
6da497bca7dfbe584f7c97d6d308ec89a645ca43829e3a754c502d896d29737b,2013-06,Nottinghamshire Police,Nottinghamshire Police,-1.074195,52.968260,On or near CONWAY CRESCENT,E01028171,Gedling 012D,Offender given a caution
5c45a86a9a1d0c9a73bf4af1eb14823cf5d69c2cbe889100876a61d73e26e465,2013-06,Nottinghamshire Police,Nottinghamshire Police,-1.222152,52.935286,On or near ANDERSON CRESCENT,E01028077,Broxtowe 009B,Offender given a drugs possession warning
5d09a0fc9f4971930af4a1582e926d02c5aa0c96f17bf6ca5661392d41bc5e64,2013-06,Nottinghamshire Police,Nottinghamshire Police,-1.150257,53.009802,On or near NELL GWYN CRESCENT,E01032622,Gedling 016D,Offender given a drugs possession warning
653e89bb05a3598fdadc830becdd8f1cf78159f231c33c7957bf79d7ac875a25,2013-06,Nottinghamshire Police,Nottinghamshire Police,-1.129715,53.010768,On or near CHURCHMOOR COURT,E01028208,Gedling 004E,Offender given a caution
089f00907817cd07571f4b90f1a203a46f0fb794db655126b26415684745146d,2013-06,Nottinghamshire Police,Nottinghamshire Police,-1.203501,53.053967,On or near MAIN STREET,E01028189,Gedling 001A,Local resolution
983a0cdb8c340dee5b4a06779d8361efada9e8356c88f89c09e48b190eb8e0fc,2013-06,Nottinghamshire Police,Nottinghamshire Police,-1.144307,52.968516,On or near VICKERS STREET,E01013943,Nottingham 015D,Suspect charged
74579762e452885d578a9858ca4b04d73f091399090fdae4fe8503518912ca18,2013-06,Nottinghamshire Police,Nottinghamshire Police,-1.232776,52.964697,On or near CHIDLOW ROAD,E01013858,Nottingham 025A,Offender given a caution
9c63bc842b1ed60b8497aa0d74c1069a92ab0a0325396084e7abcd4dc1ec955f,2013-06,Nottinghamshire Police,Nottinghamshire Police,-1.227926,52.964477,On or near Supermarket,E01013868,Nottingham 020C,Offender given a caution
a1545489bcc7c4fa8e78d4a9edfe2587e86183bbf34eb1ea06b0b32780d73774,2013-06,Nottinghamshire Police,Nottinghamshire Police,-1.166204,52.962639,On or near HARDY STREET,E01013814,Nottingham 022B,Offender given a drugs possession warning
d4b0dc830e5ccc984eaef07e38ca484eda96eda85e093e85cfd42774440caeb5,2013-06,Nottinghamshire Police,Nottinghamshire Police,-1.148837,52.956215,On or near Supermarket,E01033409,Nottingham 023H,Local resolution
b0c2d44a04a7db9976dbafc620a81414e5e47430cc06ef8c7aaadb7dad901b63,2013-06,Nottinghamshire Police,Nottinghamshire Police,-1.193752,52.954352,On or near Supermarket,E01013979,Nottingham 027C,Suspect charged
8b18aab7f1bf0aa9133fc63bb89ded8bf46b695d15fbf30f65a80a141618b12f,2013-06,Nottinghamshire Police,Nottinghamshire Police,-1.150606,52.954816,On or near Theatre/Concert Hall,E01033406,Nottingham 039E,Offender given a caution
57b64ecf9081175eba3e91262febcdb75b54d2655fe0cf15a1f46bead4d6be78,2013-06,Nottinghamshire Police,Nottinghamshire Police,-0.819934,53.059951,On or near SUTTON AVENUE,E01028319,Newark and Sherwood 010D,Local resolution
382feccba8bc2e777445dea745a1337a94e0734903b8508d2b63b0508fa4c9d3,2013-06,Nottinghamshire Police,Nottinghamshire Police,-1.045951,53.419979,On or near SUFFOLK GROVE,E01028025,Bassetlaw 001C,Suspect charged
bebb55ed2e33ef5776450a92620f74615c9982ce62b56be66a29a32bcb35aa70,2013-06,Nottinghamshire Police,Nottinghamshire Police,-0.911206,53.337233,On or near BONEMILL LANE,E01028005,Bassetlaw 002B,Offender given a caution
4fa4e986f7d47460a7c9bce51d8ebf3fc88c35b7f0f7b545a81f28ddb0b03f3a,2013-06,Nottinghamshire Police,Nottinghamshire Police,-1.160623,53.201293,On or near HAMMERWATER DRIVE,E01028260,Mansfield 002D,Offender given a caution
2d5856d7841a0b74623fdbf51f858e3a1d965cf89596c457887634805668d6d6,2013-06,Nottinghamshire Police,Nottinghamshire Police,-1.192435,53.135964,On or near FOREST AVENUE,E01028220,Mansfield 013B,Local resolution
6cf60c6f3e921954267de52164ea02e5d5b3c191a739fa283fbb0935e920512d,2013-06,Nottinghamshire Police,Nottinghamshire Police,-1.192435,53.135964,On or near FOREST AVENUE,E01028220,Mansfield 013B,Local resolution
f321e3c0312f27b99d4d65709f46d3c7bc39ce29060885b9647a1586af42580c,2013-06,Nottinghamshire Police,Nottinghamshire Police,-1.201870,53.145439,On or near UNION STREET,E01028284,Mansfield 008F,Offender given a caution
fd7c5a850810995870c8725d10b20af939542012168bc7301e783c52aa703abf,2013-06,Nottinghamshire Police,Nottinghamshire Police,-1.198200,53.141828,On or near Shopping Area,E01028268,Mansfield 008D,Suspect charged
cc4b353596b3f532aa9cf48d2ea051fb19556de4460c9d59be55647379ce7b6f,2013-06,Nottinghamshire Police,Nottinghamshire Police,-1.213151,53.046758,On or near BARBARA SQUARE,E01027935,Ashfield 013D,Suspect charged
0d226097c075d217548c9bc09a9072b36a00eedb8d9aef4461d3968889abbbe1,2013-06,Nottinghamshire Police,Nottinghamshire Police,-1.257982,53.127185,On or near OUTRAM STREET,E01027978,Ashfield 004D,Suspect charged
0679a9db9a8a2d8abfa5aaf3e10b3638aaafe749b4632ff6639a9c88d9d95362,2013-06,Nottinghamshire Police,Nottinghamshire Police,-1.239102,53.133422,On or near BLACKMIRES WAY,E01027985,Ashfield 004E,Local resolution
28c4b623e9110d42f688fae7ee0b2a80f944dbc1c602414717b5f21bd8e040f2,2013-06,Nottinghamshire Police,Nottinghamshire Police,-1.139933,52.923303,On or near Supermarket,E01028392,Rushcliffe 007E,Investigation complete; no suspect identified
8b52c41a5df557640431bf0f42a11216c3f5daa7f920d6cec1eff49facf44257,2013-06,Nottinghamshire Police,Nottinghamshire Police,-1.124437,52.924583,On or near BURLEIGH ROAD,E01028397,Rushcliffe 006E,Investigation complete; no suspect identified
e7eafd8114d94b3c64e65f400ae11646b564d0ef83c94bf715f2c75917250c90,2013-06,Nottinghamshire Police,Nottinghamshire Police,-1.116682,52.921928,On or near RODNEY ROAD,E01028397,Rushcliffe 006E,Investigation complete; no suspect identified
16da896f5296058fa6aa02f5d8cc9f2a1257e5407eaf82bda7142acde351b92e,2013-06,Nottinghamshire Police,Nottinghamshire Police,-1.137304,52.927563,On or near CARLYLE COURT,E01028418,Rushcliffe 005F,Investigation complete; no suspect identified
7f241d1bc68a80b0fa488156c7c0380868afb3b14eb9139f349704465dae1215,2013-06,Nottinghamshire Police,Nottinghamshire Police,-1.034979,52.904509,On or near EAST MOOR,E01028369,Rushcliffe 009D,Suspect charged
012158e5ddfb4894f49a53746b3a3ac78945d615ada26298caaec43f62db03df,2013-06,Nottinghamshire Police,Nottinghamshire Police,-0.854496,52.961303,On or near LOUGHBON,E01028411,Rushcliffe 001C,Investigation complete; no suspect identified
a52315731dccb8fe3627839ec4f7dd4e398f80f6394823f6ac2e677da97d2cef,2013-06,Nottinghamshire Police,Nottinghamshire Police,-0.950057,52.949798,On or near BEETHAM CLOSE,E01028359,Rushcliffe 002C,Investigation complete; no suspect identified
96fada0f8005c2f1487246abfa120b250a9972c326d62c1c3295e2f46c62577c,2013-06,Nottinghamshire Police,Nottinghamshire Police,-1.195326,52.793953,On or near MAIN STREET,E01028410,Rushcliffe 015E,Investigation complete; no suspect identified
e79b2e26920b87e4527e8d3253ae94a8bba412d35dcf8d3117843466b804b093,2013-06,Nottinghamshire Police,Nottinghamshire Police,-1.031732,52.839361,On or near Sports/Recreation Area,E01028402,Rushcliffe 010A,Investigation complete; no suspect identified
a1192d9ac4d7408c7ed3edff5e9b6a64e749d90e70a7ad9caabb02702aa962e0,2013-06,Nottinghamshire Police,Nottinghamshire Police,-0.856199,52.962785,On or near LAUNDER STREET,E01028411,Rushcliffe 001C,Investigation complete; no suspect identified
00c4e2b9a26a55e816e237e4f07d8eb2b27cc449a25627a8f23fbc3705381b92,2013-06,Nottinghamshire Police,Nottinghamshire Police,-1.075129,52.871378,On or near MAPLE CLOSE,E01028381,Rushcliffe 013B,Investigation complete; no suspect identified
6858a0fb4c8e64477a088292ecda556f801bf47f541628333e35cf8e37972092,2013-06,Nottinghamshire Police,Nottinghamshire Police,-1.255946,53.009611,On or near LANCELOT DRIVE,E01028123,Broxtowe 004E,Investigation complete; no suspect identified
4e1a21b632d4ea48fb2d8345e9e34e0eb75f7d0becb3490202bec166d975909c,2013-06,Nottinghamshire Police,Nottinghamshire Police,-1.283783,52.992702,On or near CROFT CRESCENT,E01033413,Broxtowe 016G,Investigation complete; no suspect identified
2fc9ea6149284289c97c10c9d8e5d16ed5f483d8d4512fbbcb135d34422a046c,2013-06,Nottinghamshire Police,Nottinghamshire Police,-1.311631,53.010297,On or near SUDBURY MEWS,E01028110,Broxtowe 002A,Investigation complete; no suspect identified
eda60101e394d82bdae1cadce5528ccecab51615423210ef0eb8fb989df948ba,2013-06,Nottinghamshire Police,Nottinghamshire Police,-1.238349,52.945801,On or near TOTLAND ROAD,E01028088,Broxtowe 007B,Investigation complete; no suspect identified
eaa8c50a6670ff26016b04138c68d756f441c7baacb6a68847c7bb8cb6219191,2013-06,Nottinghamshire Police,Nottinghamshire Police,-1.265601,52.942098,On or near ROWAN AVENUE,E01028127,Broxtowe 008C,Investigation complete; no suspect identified
035f55776190c6c39835559c77eddeb21fcebc72ad19bf203895ecd737bcc20d,2013-06,Nottinghamshire Police,Nottinghamshire Police,-1.264345,52.923122,On or near SUNLEA CRESCENT,E01028128,Broxtowe 010A,Investigation complete; no suspect identified
60d3f55c24aa0eb97a1130962aad3029f394bdfc71be57bc03345ffe3ee9ea4e,2013-06,Nottinghamshire Police,Nottinghamshire Police,-1.211332,52.923169,On or near WAVERLEY AVENUE,E01028073,Broxtowe 011A,Investigation complete; no suspect identified
080b378a7fafc6ffe5014646d175c594d7b31facd3481dcee9d26b1555928192,2013-06,Nottinghamshire Police,Nottinghamshire Police,-1.201883,52.912858,On or near Sports/Recreation Area,E01028081,Broxtowe 012B,Investigation complete; no suspect identified
2b90cffe8b1412692eeb7683996676c07aea75092ed05c996bfb42c4700b6e08,2013-06,Nottinghamshire Police,Nottinghamshire Police,-1.274245,52.930671,On or near Further/Higher Educational Building,E01028134,Broxtowe 008D,Investigation complete; no suspect identified
c87580f4d20890f6ab9de1fbd95503ec50587e8b12a85490093ce415bfd21b35,2013-06,Nottinghamshire Police,Nottinghamshire Police,-1.246838,52.953990,On or near COVENTRY LANE,E01033412,Broxtowe 016F,Investigation complete; no suspect identified
ee9e31c3f8206f5d27bd03ac050bbf6eed54c5c132a8372f003955b95efe058c,2013-06,Nottinghamshire Police,Nottinghamshire Police,-1.135931,52.976366,On or near WOODBOROUGH ROAD,E01013937,Nottingham 015A,Investigation complete; no suspect identified
97a20d485a22ba4395f4359a5c16e30df8e2116af348136aa07e7be39c20372b,2013-06,Nottinghamshire Police,Nottinghamshire Police,-1.153939,52.940367,On or near FERNGILL CLOSE,E01013872,Nottingham 040C,Investigation complete; no suspect identified
e0b5f7ae68d8f912dbe4aea90a1546c9ba3da6a1a49f2a355ae3dc16c1851686,2013-06,Nottinghamshire Police,Nottinghamshire Police,-1.140867,52.959492,On or near HAVELOCK GARDENS,E01033411,Nottingham 023I,Suspect charged
e3a8c70c36d78eb98a4ad480455647333f9ae392551eaf961878adeb04fe6e30,2013-06,Nottinghamshire Police,Nottinghamshire Police,-1.119484,52.961260,On or near WEEDON CLOSE,E01013916,Nottingham 024D,Investigation complete; no suspect identified
ea86410b9f5dfa6445615343f71527ab562d1fb68cc4e7ddd5e90e9b2319e834,2013-06,Nottinghamshire Police,Nottinghamshire Police,-1.094304,52.955048,On or near DALESIDE ROAD EAST,E01028184,Gedling 015A,Investigation complete; no suspect identified
6df7147e693cf17084d8dd234a76c9fde97a0cc6178f642a8d2086c27fde8d0e,2013-06,Nottinghamshire Police,Nottinghamshire Police,-1.152693,52.966814,On or near ST ANDREW'S ROAD,E01013941,Nottingham 015C,Investigation complete; no suspect identified
aa5e370ad75edfdc2af5e9ab4b136cbfecf96028f476fb228f8fa672303702cf,2013-06,Nottinghamshire Police,Nottinghamshire Police,-1.135460,52.976066,On or near Supermarket,E01013937,Nottingham 015A,Investigation complete; no suspect identified
762329b646df52c2a68803d796a803ad1b2c68d60fd8fe3fe10e6c6f165a549d,2013-06,Nottinghamshire Police,Nottinghamshire Police,-1.135460,52.976066,On or near Supermarket,E01013937,Nottingham 015A,Investigation complete; no suspect identified
e12ded08d2354728ab245da8cdb059a08e841e45f0533a011cf3878da98a0c10,2013-06,Nottinghamshire Police,Nottinghamshire Police,-1.166036,52.945055,On or near Supermarket,E01013870,Nottingham 040A,Investigation complete; no suspect identified
e0b83b7b2778ffb1bfb1da6d4d6885534ce721174dbd86ad47f24bb5797d6e95,2013-06,Nottinghamshire Police,Nottinghamshire Police,-1.185694,52.893564,On or near PASTURES AVENUE,E01013911,Nottingham 037D,Investigation complete; no suspect identified
343d8896fd6eea7b095fbb3f9f6d5bbf8f208e3dcda02329cfde6ced9b8e0433,2013-06,Nottinghamshire Police,Nottinghamshire Police,-1.127517,52.945282,On or near POULTON DRIVE,E01013920,Nottingham 029C,Investigation complete; no suspect identified
2850eab737da228295ae7ac62e356e007b9ee399f27ddb91d81cc10b7e96fdb8,2013-06,Nottinghamshire Police,Nottinghamshire Police,-1.136132,52.977464,On or near MAPPERLEY CRESCENT,E01013937,Nottingham 015A,Investigation complete; no suspect identified
a20042dfe5a60993cbc5c595d22c211ac87fa5b3560294d6c87bb5f7e25db063,2013-06,Nottinghamshire Police,Nottinghamshire Police,-1.123833,52.983235,On or near Petrol Station,E01013935,Nottingham 010A,Investigation complete; no suspect identified
7ef1de9423ff67b418fbc82f51507a1bffcea5fe838b0a17c5ae9d7f5f2ee503,2013-06,Nottinghamshire Police,Nottinghamshire Police,-1.122631,52.960932,On or near Petrol Station,E01013962,Nottingham 021D,Investigation complete; no suspect identified
c32979c71544ab432cea00abd8fd3394929a17878ed51f85a9611f87e0b0a773,2013-06,Nottinghamshire Police,Nottinghamshire Police,-1.148837,52.956215,On or near Supermarket,E01033409,Nottingham 023H,Investigation complete; no suspect identified
1d023d8d7f62b5d228dd9608b7208647e5c9c56225885dfa6f0e9d43abf8a788,2013-06,Nottinghamshire Police,Nottinghamshire Police,-1.204532,52.938738,On or near BEESTON LANE,E01013973,Nottingham 032A,Investigation complete; no suspect identified
b0cbddc27dad2951b1d49002143fae4fda1c84d7a3e44dcb1745966a380fb699,2013-06,Nottinghamshire Police,Nottinghamshire Police,-0.786267,53.061626,On or near SMITH STREET,E01028285,Newark and Sherwood 011A,Investigation complete; no suspect identified
9edff8005b6857ed2c0cf8be206f931ff1788e07c0dd2dd04a62cd8d4f0b68cf,2013-06,Nottinghamshire Police,Nottinghamshire Police,-0.770241,53.049028,On or near POND CLOSE,E01033393,Newark and Sherwood 012F,Investigation complete; no suspect identified
8a969f542014ec9787a7d5ca797e9abf4e9c22f6a3c2b80a5a681fb789d38ac9,2013-06,Nottinghamshire Police,Nottinghamshire Police,-0.805646,53.082875,On or near Shopping Area,E01028310,Newark and Sherwood 007F,Investigation complete; no suspect identified
9e922b862b36f8af29116bf2bcfdee3eef6565f6a491647022865c9890bcefcd,2013-06,Nottinghamshire Police,Nottinghamshire Police,-0.798096,53.075752,On or near THE GATEWAY,E01028294,Newark and Sherwood 007A,Investigation complete; no suspect identified
a4dabd3649c007bf8bbd49317ab93753d88203d32bc82c03557f0eb1a138babd,2013-06,Nottinghamshire Police,Nottinghamshire Police,-1.143759,53.194854,On or near FRIAR LANE,E01028225,Mansfield 002B,Investigation complete; no suspect identified
33ec46bce0d97cae9efaa8f6eeb0d01308cc1d1d1a0641fb6c1bfe8945e9f1da,2013-06,Nottinghamshire Police,Nottinghamshire Police,-1.164114,53.214999,On or near BIRCH STREET,E01028259,Mansfield 001D,Investigation complete; no suspect identified
0a5ee702916fdc681af52ea380afe357732633fb920d473eb964b32a99364a03,2013-06,Nottinghamshire Police,Nottinghamshire Police,-1.197086,53.155862,On or near MAIN BRIGHT ROAD,E01028283,Mansfield 004E,Suspect charged
b89cac61de9d1f7d90bc679691f74166bc3ff2c56e1929e9ec72ea596a79a497,2013-06,Nottinghamshire Police,Nottinghamshire Police,-1.136333,53.161423,On or near BIRCH TREE CLOSE,E01028238,Mansfield 007B,Suspect charged
de50fc25fd9efa6763f0fc3de46a332af9a4ecf05e597328b732b1321fae5dc7,2013-06,Nottinghamshire Police,Nottinghamshire Police,-1.160756,53.153049,On or near Supermarket,E01028239,Mansfield 007C,Investigation complete; no suspect identified
1538d178934c1ad3b555ba95070a2b35334d0cab059d0b830748874ad7c103ec,2013-06,Nottinghamshire Police,Nottinghamshire Police,-1.198222,53.157487,On or near WATERLOO ROAD,E01028283,Mansfield 004E,Investigation complete; no suspect identified
c824582bb17d0d8f0af7f795ee83ca6b1fa696e6ed006f25d6b7a04b5fd35fd0,2013-06,Nottinghamshire Police,Nottinghamshire Police,-1.126860,53.224351,On or near BUDBY CRESCENT,E01028257,Mansfield 001B,Investigation complete; no suspect identified
d5f8e22311aa4689d619a54bb9eed6d6045c344ff3e445dcf327d341a8e1c48c,2013-06,Nottinghamshire Police,Nottinghamshire Police,-1.197486,53.145662,On or near Shopping Area,E01028284,Mansfield 008F,Investigation complete; no suspect identified
6f0a4ddd24b081d419bed7791d889a160a63ef82272f6929ff4453ed345abce7,2013-06,Nottinghamshire Police,Nottinghamshire Police,-1.200395,53.144378,On or near Parking Area,E01028284,Mansfield 008F,Suspect charged
d7d3da8e6371759ab89473a3d6d3daef5c7ab9ab860a5381376da61202b5d19b,2013-06,Nottinghamshire Police,Nottinghamshire Police,-1.199015,53.144638,On or near Shopping Area,E01028284,Mansfield 008F,Suspect charged
67f0cd1b8aec608ce0a3a68442b45d63a891e14d62858a080b52e99568960ee9,2013-06,Nottinghamshire Police,Nottinghamshire Police,-1.196739,53.146421,On or near A6009,E01028284,Mansfield 008F,Investigation complete; no suspect identified
019b0a487fba9740b6a88f8121a7971fbc28c40b33bf0d4995f9f9733b903fa0,2013-06,Nottinghamshire Police,Nottinghamshire Police,-1.196553,53.135533,On or near Shopping Area,E01028220,Mansfield 013B,Investigation complete; no suspect identified
f91c614e5fcf1c155450b862bb67830d2155a08479b0a76b99e08dfd396b8e9e,2013-06,Nottinghamshire Police,Nottinghamshire Police,-1.281311,53.141495,On or near WHARF ROAD,E01027980,Ashfield 001B,Investigation complete; no suspect identified
6dddad56d887b40a1ae158f7b60da7ccc0e9e8ebf11a3aeef73a0e101058de64,2013-06,Nottinghamshire Police,Nottinghamshire Police,-1.251584,53.140198,On or near VERONNE DRIVE,E01027979,Ashfield 001A,Investigation complete; no suspect identified
5a459f509f9a1cc03b98adb65156795b801c0dd8618db7f4b1ce87240796e212,2013-06,Nottinghamshire Police,Nottinghamshire Police,-1.267258,53.145068,On or near WHEATFIELD WAY,E01027980,Ashfield 001B,Investigation complete; no suspect identified
26805eb39781adb5b40eb347aaa680cb8e3b7f492a24a73b18dec0958c131b13,2013-06,Nottinghamshire Police,Nottinghamshire Police,-1.262060,53.127319,On or near Parking Area,E01027965,Ashfield 005B,Investigation complete; no suspect identified
0d33c752b2bf9d4a623589760782c4ecd6e0c7b41d0e6a67e35c1ccb362c83a6,2013-06,Nottinghamshire Police,Nottinghamshire Police,-1.243798,53.101729,On or near GLADSTONE STREET,E01027952,Ashfield 008A,Investigation complete; no suspect identified
bb084d14135f9863ba1a188ef70621049d76cd03d370cecd4e2d98d8159896c5,2013-06,Nottinghamshire Police,Nottinghamshire Police,-1.242832,53.106550,On or near EDWARD STREET,E01027954,Ashfield 007D,Investigation complete; no suspect identified
a89fcf5bd4362aef2845b9f75975f2fa580e639c9cdbd3599fbb7753477e479b,2013-06,Nottinghamshire Police,Nottinghamshire Police,-1.262060,53.127319,On or near Parking Area,E01027965,Ashfield 005B,Investigation complete; no suspect identified
a3589dc1e2227ffbda2f14fbff5e60efda4804d34c4936e8193bc08094c637a8,2013-06,Nottinghamshire Police,Nottinghamshire Police,-1.273047,53.123602,On or near Petrol Station,E01027969,Ashfield 006A,Investigation complete; no suspect identified
c2448b9cae00c2d1442b35699b332049b58d3c54ab69efba6f93bc9c5f836292,2013-06,Nottinghamshire Police,Nottinghamshire Police,-1.273707,53.131435,On or near THE OVAL,E01027966,Ashfield 003A,Investigation complete; no suspect identified
fe73d9966392f3008b97439a7fe2d6aa92a586f4f6fb9acd1fc15e661709577c,2013-06,Nottinghamshire Police,Nottinghamshire Police,-1.291834,53.015098,On or near DOVECOTE ROAD,E01028114,Broxtowe 001E,Offender given a caution
70c126def7d8d5492abee5601119c4cda0198eda3129c654309bf5ba2a08416d,2013-06,Nottinghamshire Police,Nottinghamshire Police,-1.308104,53.014654,On or near CHURCH STREET,E01028111,Broxtowe 002B,Local resolution
da2c24403728c51093fce5e40f00d19dccc5081f018acbc0261a3f4444c836d7,2013-06,Nottinghamshire Police,Nottinghamshire Police,-1.040188,52.966813,On or near STANHOPE CRESCENT,E01028148,Gedling 008A,Offender given a drugs possession warning
2c18e8b37f6dd703c80d5069281e9c1aafc5e9c0edb43177a8a1d63ea77a3eb2,2013-06,Nottinghamshire Police,Nottinghamshire Police,-1.077500,52.975280,On or near MAIN ROAD,E01028169,Gedling 012B,Offender given a caution
c877814254c391b2d4128b775eac5dfb1c180ed3d98fc6f55ed8dbbf22856c75,2013-06,Nottinghamshire Police,Nottinghamshire Police,-1.255787,52.906070,On or near OLD MILL CLOSE,E01028138,Broxtowe 015D,Offender given a caution
c4b3c7458088eb999d4567398c32ec57182d239b414ed6d386b9ddf75eb7350b,2013-06,Nottinghamshire Police,Nottinghamshire Police,-1.215356,52.927672,On or near VERNON AVENUE,E01028085,Broxtowe 011D,Suspect charged
473e960a987d8390ff3cf173d95d91e509f2104b34eabf8b4fe726146fc39dff,2013-06,Nottinghamshire Police,Nottinghamshire Police,-1.205674,52.978749,On or near ROSSLYN DRIVE,E01013820,Nottingham 013B,Suspect charged
72c5d61c0f0e9afdbc19d98ac8d7ddad6e25971a52d98380a1ecb6816638f1dd,2013-06,Nottinghamshire Police,Nottinghamshire Police,-1.232155,52.974527,On or near EDGE WAY,E01013865,Nottingham 014B,Offender given a caution
21f04ecd5db0c3cc7f394f2c877d827cf285cd8ac2ea53e584fc9c7f4e7cabf0,2013-06,Nottinghamshire Police,Nottinghamshire Police,-1.216062,52.975914,On or near WOODFIELD ROAD,E01013822,Nottingham 011C,Offender given penalty notice
24e943ff9ae2e0a9b7d39a163a4084aee7f755f679415102a8005b38b955790e,2013-06,Nottinghamshire Police,Nottinghamshire Police,-1.208230,52.979890,On or near BROXTOWE HALL CLOSE,E01013817,Nottingham 011A,Suspect charged
4e73a69a562ae0d1df54de858e0f74d0bc80daf870ca66ff0b0a8b1999bf2b58,2013-06,Nottinghamshire Police,Nottinghamshire Police,-1.198153,52.997253,On or near BROOK CLOSE,E01013877,Nottingham 005C,Offender given a caution
bd70c671f63c8794bfe7f2817c093fd0320beda0d56ba581546e7590fab8470d,2013-06,Nottinghamshire Police,Nottinghamshire Police,-1.150489,52.957728,On or near Supermarket,E01033399,Nottingham 023E,Suspect charged
4035b39514dc5c76874d78afb20ed23afc7152b2208c5ae75be2c28f4a3c5ce8,2013-06,Nottinghamshire Police,Nottinghamshire Police,-1.148037,52.958295,On or near Parking Area,E01033399,Nottingham 023E,Local resolution
71d58db525c04716f0e2d57e30c9c8f249a0ab210b17e833f122adee2d4d19ad,2013-06,Nottinghamshire Police,Nottinghamshire Police,-1.171547,52.932310,On or near ABBEYFIELD ROAD,E01013928,Nottingham 031G,Offender given penalty notice
f5ca2f7df4c3db1e7812d14a88481383c8dc400304700d367a0f9562fefc2e42,2013-06,Nottinghamshire Police,Nottinghamshire Police,-1.122286,53.292005,On or near BENTINCK COURT,E01028060,Bassetlaw 013A,Local resolution
4925114a843465d4e0b632581133deebe0c173484a80a33c65f89b29eda1e40f,2013-06,Nottinghamshire Police,Nottinghamshire Police,-1.121519,53.292080,On or near SPARKEN HILL,E01028060,Bassetlaw 013A,Local resolution
ed7a46a5c935cf8028269dd712f696040b7d36ec8a136157101982a0b7183cf2,2013-06,Nottinghamshire Police,Nottinghamshire Police,-0.810138,53.076439,On or near Shopping Area,E01028310,Newark and Sherwood 007F,Suspect charged
146bb351b1a82f26fefa230e0822450c523b92829951da508bf5b33ccb571b3a,2013-06,Nottinghamshire Police,Nottinghamshire Police,-0.814301,53.064012,On or near ETON AVENUE,E01028318,Newark and Sherwood 010C,Offender given a drugs possession warning
f12d13a49b60686051a59044737a61dfd8b3fb84103727e9c52874690756a72c,2013-06,Nottinghamshire Police,Nottinghamshire Police,-1.196553,53.135533,On or near Shopping Area,E01028220,Mansfield 013B,Offender given a drugs possession warning
f28500128ac84cb675259922619db18c5c2a63b4c53721cabb47f5c8437cce6d,2013-06,Nottinghamshire Police,Nottinghamshire Police,-1.285060,52.993869,On or near MEADOW ROAD,E01033413,Broxtowe 016G,Offender given a caution
136e0d9d4203a4bb14540fb614f86ca122326a908d2f31c5d423859fda99ffcb,2013-06,Nottinghamshire Police,Nottinghamshire Police,-1.119636,52.984562,On or near Parking Area,E01028194,Gedling 010B,Suspect charged
8e3b1480eba19a15885996bfe5af6986b3783ab1f625bb36be3f5de39d126ab2,2013-06,Nottinghamshire Police,Nottinghamshire Police,-1.224683,52.918519,On or near THE NOOK,E01028096,Broxtowe 014E,Local resolution
53a4b8328945d50d29c0c07410eb64817bb9af58f4b43365a00435d86b48b3d9,2013-06,Nottinghamshire Police,Nottinghamshire Police,-1.113168,52.959217,On or near Supermarket,E01013913,Nottingham 024A,Local resolution
ca460fa1b9a9cf019c7fae3d5f8d71caa3257ec5bcbc23b024e0860ee1d8ffda,2013-06,Nottinghamshire Police,Nottinghamshire Police,-1.209480,52.982424,On or near AINSDALE CRESCENT,E01013826,Nottingham 011E,Suspect charged
f1e6eb05c2dcf994711dde7b2a4b61f3b88104a07d98450c996bab38ba3da102,2013-06,Nottinghamshire Police,Nottinghamshire Police,-1.225204,52.965178,On or near ORION DRIVE,E01013868,Nottingham 020C,Offender given penalty notice
5a26ac210a34c61de3414b2ca74739a4d9c89d24770199dc3015184a6ff415cc,2013-06,Nottinghamshire Police,Nottinghamshire Police,-1.141732,52.951165,On or near SHORT HILL,E01033402,Nottingham 039C,Suspect charged
4850a097d500b73d41c193eaff29c7f97c163a11d3068b98d71f374feee606b3,2013-06,Nottinghamshire Police,Nottinghamshire Police,-1.141732,52.951165,On or near SHORT HILL,E01033402,Nottingham 039C,Suspect charged
b7bc628e6066bda78d05705dbd6baaa38719d7e333fa8679e9d6d77b21181e43,2013-06,Nottinghamshire Police,Nottinghamshire Police,-1.150053,52.948097,On or near CANAL STREET,E01033400,Nottingham 039B,Suspect charged
82d7fad1c97416fadadb4009f9c259a89638d2dd01aea9474ef029d19ca700d6,2013-06,Nottinghamshire Police,Nottinghamshire Police,-1.148037,52.958295,On or near Parking Area,E01033399,Nottingham 023E,Suspect charged
a051a3c22f0296c5fd258f82076da503080710c69ce22d483e02fdc64ce095db,2013-06,Nottinghamshire Police,Nottinghamshire Police,-1.107322,53.321099,On or near BLYTH ROAD,E01028043,Bassetlaw 014C,Suspect charged
35f0805b66af6e8730fbd83911a9c543d0a9837280c223f6df1bfd56d3e09862,2013-06,Nottinghamshire Police,Nottinghamshire Police,-1.118589,53.390658,On or near WEIRSIDE,E01028000,Bassetlaw 001A,Suspect charged
7f4dc9c3e95c3112f1979a6a46a527cc2e2f14f616aabf16e3bab15b42d8fe3e,2013-06,Nottinghamshire Police,Nottinghamshire Police,-1.118589,53.390658,On or near WEIRSIDE,E01028000,Bassetlaw 001A,Suspect charged
86b667441989046be00b154c3934d3eeb235508796f788e89c1b7865e8e621b2,2013-06,Nottinghamshire Police,Nottinghamshire Police,-1.024389,53.134068,On or near THORESBY GLADE,E01028295,Newark and Sherwood 005A,Local resolution
a8bf20f26c76831b4773635682ede35bec43a01ceca373a669fed12220cebf31,2013-06,Nottinghamshire Police,Nottinghamshire Police,-0.803835,53.078740,On or near APPLETON GATE,E01028310,Newark and Sherwood 007F,Offender given a caution
05080eec2453599c640f8b39fe671d5a9f32c41105c0af033c4eac38bf7072d3,2013-06,Nottinghamshire Police,Nottinghamshire Police,-0.810895,53.072824,On or near CASTLE BREWERY COURT,E01028335,Newark and Sherwood 009E,Offender given a caution
3a18a2f02e9d946d0ed4e912c79eb12b244e519a24879b31e91103737fce7034,2013-06,Nottinghamshire Police,Nottinghamshire Police,-0.947248,53.306823,On or near SHERWOOD ROAD,E01028019,Bassetlaw 010C,Offender given a drugs possession warning
3b79729afbf7a6d9e474cd8209a8e1dd350b3690cf16858ac55b27a0dc88d193,2013-06,Nottinghamshire Police,Nottinghamshire Police,-1.191149,53.164640,On or near Supermarket,E01028272,Mansfield 005C,Suspect charged
c4ecdf82f4e3173593ac33f8c36c7319f36b896b77e432ec894bcd1c1d0681ee,2013-06,Nottinghamshire Police,Nottinghamshire Police,-1.191057,53.167129,On or near PARK ROAD,E01028272,Mansfield 005C,Local resolution
beff34b3a61457c81bee391fb116b8486f491d292363bbb0d7f4317dc233e66c,2013-06,Nottinghamshire Police,Nottinghamshire Police,-1.202823,53.149725,On or near Parking Area,E01028284,Mansfield 008F,Local resolution
f0263c8251c13dfc7e0fd45d040942e0772be9e973c57e89b4b7c7da52e8405c,2013-06,Nottinghamshire Police,Nottinghamshire Police,-1.258800,53.116161,On or near JEPHSON ROAD,E01027974,Ashfield 005D,Suspect charged as part of another case
cf7d08ae8cb9323ef8fa97b53fe6c06ceb3b180b6d20709ba1cd694fe481aa3e,2013-06,Nottinghamshire Police,Nottinghamshire Police,-1.118081,52.935782,On or near OAK TREE CLOSE,E01028385,Rushcliffe 004D,Investigation complete; no suspect identified
5598394dcd5b4fccd3f980cd747a1489d0cd9cf1cf8223916ba23e28a43ac88d,2013-06,Nottinghamshire Police,Nottinghamshire Police,-1.130247,52.928626,On or near HIGHFIELD GROVE,E01028398,Rushcliffe 005B,Investigation complete; no suspect identified
f8598a9940ebbef887416b7ceb696617144bc5850916b2ccd347ca7993be03a2,2013-06,Nottinghamshire Police,Nottinghamshire Police,-1.124087,52.923493,On or near PARKCROFT ROAD,E01028396,Rushcliffe 005A,Investigation complete; no suspect identified
9ed273a153b575ba4646edb702def522c39c44f68e2e95d4ddb2233371992c0d,2013-06,Nottinghamshire Police,Nottinghamshire Police,-1.123922,52.934621,On or near ALBERT ROAD,E01028354,Rushcliffe 004A,Investigation complete; no suspect identified
6b3ca1da4ae19b5105ae5f1d79476487c81b5221b20a94c1ca693a1b20a4cb48,2013-06,Nottinghamshire Police,Nottinghamshire Police,-1.132501,52.935654,On or near Supermarket,E01028416,Rushcliffe 005D,Investigation complete; no suspect identified
a5733743258e4bf9e27df7e8a66443846e2ca7d5482cbc2267937686905d4148,2013-06,Nottinghamshire Police,Nottinghamshire Police,-1.036781,52.812442,On or near Parking Area,E01025761,Charnwood 008B,Investigation complete; no suspect identified
77f331bd286df23477efbe2a2691c2f27287876f37bf58cef984ec8b26deced2,2013-06,Nottinghamshire Police,Nottinghamshire Police,-0.936825,52.948575,On or near DERRY LANE,E01028357,Rushcliffe 002A,Investigation complete; no suspect identified
06045d19ea38aa81d8bef2805b8709ea01b2534105727d757dc1b0d7b37b24ac,2013-06,Nottinghamshire Police,Nottinghamshire Police,-0.979500,52.949677,On or near Petrol Station,E01028419,Rushcliffe 010B,Investigation complete; no suspect identified
9f0c861b2941c8c1defa7b470540e225393d54425d65ec5cdb7439e4f0df8ef6,2013-06,Nottinghamshire Police,Nottinghamshire Police,-1.286708,53.015040,On or near DUNSTER ROAD,E01028118,Broxtowe 003E,Investigation complete; no suspect identified
6cc75bd653edefe103b5ed60771fecff5c82ffb4a396147acefd0329b570fb7f,2013-06,Nottinghamshire Police,Nottinghamshire Police,-1.223467,52.989807,On or near Pedestrian Subway,E01028120,Broxtowe 016D,Investigation complete; no suspect identified
32c0d6aaf43cc781f794c61a45dc3619c2b0ece44bb88d6e62ae7a31932e5774,2013-06,Nottinghamshire Police,Nottinghamshire Police,-1.072764,52.964132,On or near DUNSTAN STREET,E01028185,Gedling 015B,Investigation complete; no suspect identified
e7c11f797510a374badbe23242a2a08040962149fe7683e23e5091ded4a26aa0,2013-06,Nottinghamshire Police,Nottinghamshire Police,-1.038570,52.988096,On or near WOODSEND CLOSE,E01028149,Gedling 008B,Investigation complete; no suspect identified
01b5d3c627228208686c0c80bce21a53820fcfafcceb2a7265fb032f90076688,2013-06,Nottinghamshire Police,Nottinghamshire Police,-1.103856,52.977594,On or near BENTINCK ROAD,E01028212,Gedling 011E,Investigation complete; no suspect identified
8150eb185b263a180a0e3798e39cb29e8011be44115d4dc991d86f7fbb41f573,2013-06,Nottinghamshire Police,Nottinghamshire Police,-1.151643,52.991581,On or near RALPH WAY,E01013964,Nottingham 007B,Investigation complete; no suspect identified
86f6123812cae76c78582c61f715971087cfcbd85a1e9e196d102def0187eeb4,2013-06,Nottinghamshire Police,Nottinghamshire Police,-1.152112,52.954683,On or near Parking Area,E01033406,Nottingham 039E,Investigation complete; no suspect identified
23de7c0cc99b23048d21767cd34ba7d5cdae8a4aa572254ee6c05433e3400bff,2013-06,Nottinghamshire Police,Nottinghamshire Police,-1.145925,52.989886,On or near BONNINGTON CRESCENT,E01013965,Nottingham 007C,Investigation complete; no suspect identified
bdd4a252ca6aed687d4f1bfd3f314ecc4a0ea85887df6d87ccf6a159fe49da45,2013-06,Nottinghamshire Police,Nottinghamshire Police,-1.172788,52.953094,On or near BUTE AVENUE,E01013953,Nottingham 026F,Investigation complete; no suspect identified
93a9c7975dc828d6db14238e3c1ba5917430a70f5887b7f46b6af518f35418b0,2013-06,Nottinghamshire Police,Nottinghamshire Police,-1.176391,52.963232,On or near PROSPECT TERRACE,E01013945,Nottingham 026B,Investigation complete; no suspect identified
91cf868bec059afef17008499fc9f2b5da97fde52289073751aebdde82a2852b,2013-06,Nottinghamshire Police,Nottinghamshire Police,-1.163967,52.974418,On or near HOLLIS STREET,E01013841,Nottingham 012E,Investigation complete; no suspect identified
5741c9fbbf4e9826250c3b25d325a72d7c672f0fd3625a2363683710f0b10e8a,2013-06,Nottinghamshire Police,Nottinghamshire Police,-1.177105,52.956198,On or near REDOUBT STREET,E01033396,Nottingham 026H,Investigation complete; no suspect identified
685b4d1ae571774ebe5fd332ec888ddc9997a9d72acae6e64767dcc544dd7c56,2013-06,Nottinghamshire Police,Nottinghamshire Police,-1.185800,52.943439,On or near Further/Higher Educational Building,E01033410,Nottingham 031I,Investigation complete; no suspect identified
87ee1cd52e8b2abe1050ecbce0890d01a5febffab2bd47d558f55102cc44e333,2013-06,Nottinghamshire Police,Nottinghamshire Police,-1.155052,52.956547,On or near Parking Area,E01013816,Nottingham 022D,Investigation complete; no suspect identified
6d6d6635417ec851611a051bfac9934e2e534ec72fe4321f106bd16e7858cd5b,2013-06,Nottinghamshire Police,Nottinghamshire Police,-1.171326,52.955574,On or near Supermarket,E01033404,Nottingham 028G,Investigation complete; no suspect identified
e6c1d927f3804a578cb5849fe8a2a96b01063d42fa8f41e36aa0a6cd0a8539bb,2013-06,Nottinghamshire Police,Nottinghamshire Police,-1.163158,52.957683,On or near STONELEIGH STREET,E01013814,Nottingham 022B,Investigation complete; no suspect identified
349a40b648e8ac7f38fa018de16e743495aafcaee31596f3743149986b7428ff,2013-06,Nottinghamshire Police,Nottinghamshire Police,-1.164590,52.958331,On or near NEWDIGATE STREET,E01013814,Nottingham 022B,Investigation complete; no suspect identified
54fa4ad3c3760409b5dd6e22c1f12e5658dade2529ab537ec0e6cfa0c5709bca,2013-06,Nottinghamshire Police,Nottinghamshire Police,-1.151482,52.951110,On or near ST NICHOLAS STREET,E01033400,Nottingham 039B,Investigation complete; no suspect identified
41ca0b7e9977b1fe2b8ace0de2e9d5fd520adbad0eae05286e176acffb814331,2013-06,Nottinghamshire Police,Nottinghamshire Police,-1.144073,52.983374,On or near Parking Area,E01013969,Nottingham 010C,Investigation complete; no suspect identified
998f6b871ca554badb1c62a3163c8face8ac1484d239d950d2f2ff53e2cda723,2013-06,Nottinghamshire Police,Nottinghamshire Police,-1.163967,52.974418,On or near HOLLIS STREET,E01013841,Nottingham 012E,Investigation complete; no suspect identified
4f4e4b823c36a17b5209eedeb58c8b953c9b1a67fbc8ef8d10960423e10362db,2013-06,Nottinghamshire Police,Nottinghamshire Police,-1.151158,52.959297,On or near NORTH SHERWOOD STREET,E01013813,Nottingham 022A,Investigation complete; no suspect identified
61950d381d4bb6e30be0ff85450d86a5b9175c4b0f5b2f4728d57c415e7e4d46,2013-06,Nottinghamshire Police,Nottinghamshire Police,-1.171611,52.962515,On or near COPE STREET,E01013812,Nottingham 018C,Investigation complete; no suspect identified
a813e7461fcc58f71344120e0ea0b1661216e41394a57b1db080d848b59f01ef,2013-06,Nottinghamshire Police,Nottinghamshire Police,-1.146601,52.954068,On or near THURLAND STREET,E01033406,Nottingham 039E,Investigation complete; no suspect identified
bcd1e7c205c44b1db767516b3ad34814ce96ba8d7bc1323adf4efd67b0574411,2013-06,Nottinghamshire Police,Nottinghamshire Police,-1.144302,52.954438,On or near BROAD STREET,E01033406,Nottingham 039E,Investigation complete; no suspect identified
cabb25b6f2576945cb07f5e2e6ce66407b264f5f01b626d8c9133eb06054925d,2013-06,Nottinghamshire Police,Nottinghamshire Police,-1.148988,52.956072,On or near Parking Area,E01033409,Nottingham 023H,Investigation complete; no suspect identified
53f5c6bf19cd8afac885eb4b362065004bea2dd25e91c62e98081676ca59a5d5,2013-06,Nottinghamshire Police,Nottinghamshire Police,-1.154731,52.951627,On or near ST JAMES'S TERRACE,E01032522,Nottingham 028F,Investigation complete; no suspect identified
a7bb90f39cceaaaffeab71d6178aca8845ca01e0bb00cc71927f4d89d800fbae,2013-06,Nottinghamshire Police,Nottinghamshire Police,-1.149761,52.956878,On or near NORTH CHURCH STREET,E01033409,Nottingham 023H,Investigation complete; no suspect identified
5128c214697c7ed9643ee97f24502560635829c7ead56a9108f612cb7386808e,2013-06,Nottinghamshire Police,Nottinghamshire Police,-1.113370,53.391446,On or near ELMSMERE DRIVE,E01028000,Bassetlaw 001A,Investigation complete; no suspect identified
d4cef4f27760cb90e1b852b6ac9269e42bb98a1de9f183c1868d2224d147ee65,2013-06,Nottinghamshire Police,Nottinghamshire Police,-1.116668,53.391947,On or near WYNLEA DRIVE,E01028000,Bassetlaw 001A,Investigation complete; no suspect identified
540969cc452d311a4f17e9511136f32091e7722b0dbba153713dff07bc16106c,2013-06,Nottinghamshire Police,Nottinghamshire Police,-1.080249,53.298978,On or near B6040,E01028064,Bassetlaw 014E,Investigation complete; no suspect identified
b5229e5d6672c3ef7cb93d5a173efc3d5e907de06d3d60b57bd15b5de93a710c,2013-06,Nottinghamshire Police,Nottinghamshire Police,-1.138601,53.307288,On or near UNDERWOOD GARDENS,E01028061,Bassetlaw 013B,Investigation complete; no suspect identified
b4179236c0fa984a29fd10204ef2d0bcef76b0328c48032ab5932cf7745fe388,2013-06,Nottinghamshire Police,Nottinghamshire Police,-1.149717,53.316590,On or near WOODHOUSE CLOSE,E01028056,Bassetlaw 009B,Investigation complete; no suspect identified
758cce34919bf67b307b2cee44720585c9cd03ba31f24f2d9dbb7aa1c6076971,2013-06,Nottinghamshire Police,Nottinghamshire Police,-1.021027,53.409755,On or near CHURCH LANE,E01028000,Bassetlaw 001A,Investigation complete; no suspect identified
2119a066894f804fa9c9849f892aa13000353091287d3a3e6be8147eaca4bd06,2013-06,Nottinghamshire Police,Nottinghamshire Police,-1.114081,53.298452,On or near YEOMAN CLOSE,E01028065,Bassetlaw 012B,Investigation complete; no suspect identified
93978c5a888a97bbb2a0aef18b620627c1c9279bfd85f487401fec1a2e35f095,2013-06,Nottinghamshire Police,Nottinghamshire Police,-1.115171,53.296545,On or near NETHERTON ROAD,E01028060,Bassetlaw 013A,Investigation complete; no suspect identified
e8842f4fac148ccecaddd5d899f9faf77432fa2e0d38e5ef8da97f7f00274cf0,2013-06,Nottinghamshire Police,Nottinghamshire Police,-0.941465,53.078524,On or near UPTON ROAD,E01028345,Newark and Sherwood 008A,Suspect charged
43458811b60668954a801c0f488c0f347a8d2385972c50ba6e946ab401c68128,2013-06,Nottinghamshire Police,Nottinghamshire Police,-0.955439,53.077848,On or near MARKET PLACE,E01028347,Newark and Sherwood 008C,Investigation complete; no suspect identified
c709133b4284ab8f4715f71eef48aa2e23c25c630798f3e03213e13561a4b619,2013-06,Nottinghamshire Police,Nottinghamshire Police,-1.119791,53.119709,On or near SOUTHWELL ROAD EAST,E01028296,Newark and Sherwood 006A,Investigation complete; no suspect identified
8576d9827477ab19deef16f3d4406ded0d7b2dc2411f6de65a7f8a9a23dd6e44,2013-06,Nottinghamshire Police,Nottinghamshire Police,-1.031079,53.097770,On or near Sports/Recreation Area,E01028328,Newark and Sherwood 005D,Investigation complete; no suspect identified
0f2610842c2cc5cf6aabac4cc5784560be8f40b14c7e1ad4e1ec6e39a92bc792,2013-06,Nottinghamshire Police,Nottinghamshire Police,-1.123098,53.159853,On or near VICARS COURT,E01028314,Newark and Sherwood 002B,Investigation complete; no suspect identified
823a362d912f295d1e4e6843c2357b92ae8725f4209285288095442a2a01bb98,2013-06,Nottinghamshire Police,Nottinghamshire Police,-1.063906,53.189894,On or near FRIEND LANE,E01028322,Newark and Sherwood 002D,Investigation complete; no suspect identified
2f446330451b89c248d6f8da7c16cb82ef373652e71a6c19a60a0106b776dd46,2013-06,Nottinghamshire Police,Nottinghamshire Police,-1.044665,53.141801,On or near MICKLEDALE LANE,E01028295,Newark and Sherwood 005A,Investigation complete; no suspect identified
c2a80a4e2926a84a2eefc5125a2dcd1d494fcc6ebb5348116f4320db66b20abe,2013-06,Nottinghamshire Police,Nottinghamshire Police,-1.047446,53.165420,On or near Park/Open Space,E01028295,Newark and Sherwood 005A,Investigation complete; no suspect identified
6f2d403d6c4eedd5714797d8afb69381f587e45b11a53fe76283cfb61c93af8a,2013-06,Nottinghamshire Police,Nottinghamshire Police,-1.008562,53.200809,On or near DARWIN DRIVE,E01028341,Newark and Sherwood 001F,Investigation complete; no suspect identified
2d9ffdf2c3913c6fd295cd6ef8607c3e54dcf1ee7dd158a96f6de322202867c3,2013-06,Nottinghamshire Police,Nottinghamshire Police,-0.803835,53.078740,On or near APPLETON GATE,E01028310,Newark and Sherwood 007F,Suspect charged
65b16b6246b5ae3137ac59713c13bdd355bbfc8a43967c669f468650bb78078e,2013-06,Nottinghamshire Police,Nottinghamshire Police,-0.771371,53.223662,On or near BACK STREET,E01028317,Newark and Sherwood 004C,Investigation complete; no suspect identified
fa4259d71adc4052d0e65800d8e7a77178239bd8b09df6b079b1efded1a8a1bb,2013-06,Nottinghamshire Police,Nottinghamshire Police,-0.687299,53.225966,On or near WIGSLEY ROAD,E01028317,Newark and Sherwood 004C,Investigation complete; no suspect identified
9ee524125bb4816140e8a290006c61b36cba70602a702eeaa3d6a7565006f28b,2013-06,Nottinghamshire Police,Nottinghamshire Police,-0.818772,53.059337,On or near LANGDALE CLOSE,E01028319,Newark and Sherwood 010D,Investigation complete; no suspect identified
0eaf90660b8312e8277351d77c3825842f313e572207adada9667e2615336a95,2013-06,Nottinghamshire Police,Nottinghamshire Police,-0.774077,53.047926,On or near READ CLOSE,E01033393,Newark and Sherwood 012F,Investigation complete; no suspect identified
0ea89d62243c6db1b3c1e7ae99035dc0314ae7e8c6a6c8aac315747ce18011e5,2013-06,Nottinghamshire Police,Nottinghamshire Police,-0.807904,53.078970,On or near Parking Area,E01028310,Newark and Sherwood 007F,Investigation complete; no suspect identified
d6db1ac0f35327e2270dde36e41362b7f4bb5167c43cee9b10e94e00c1b378a5,2013-06,Nottinghamshire Police,Nottinghamshire Police,-0.810505,53.082079,On or near FOUNDRY CLOSE,E01028310,Newark and Sherwood 007F,Investigation complete; no suspect identified
53e6b36d2d5d7792a105236af8b7a42ec26b27ea41c70538a84ecc8f8dafd2b1,2013-06,Nottinghamshire Police,Nottinghamshire Police,-0.770811,53.042616,On or near COLLINSON LANE,E01033393,Newark and Sherwood 012F,Investigation complete; no suspect identified
89245e6ee50938914a6df291f43049ad63383b8d580f9843d8e5bb491c4923c2,2013-06,Nottinghamshire Police,Nottinghamshire Police,-0.770811,53.042616,On or near COLLINSON LANE,E01033393,Newark and Sherwood 012F,Investigation complete; no suspect identified
8f29a3ee5b1802f3e1d2255691d36760e4dd51a1e667da40cf302b508d6a53c8,2013-06,Nottinghamshire Police,Nottinghamshire Police,-1.175750,53.156426,On or near OLD MILL LANE,E01028242,Mansfield 005A,Investigation complete; no suspect identified
e62c51968d637405b7cca5df1295e8dcf504c7d4344056c9724eb4e455ae257c,2013-06,Nottinghamshire Police,Nottinghamshire Police,-1.163421,53.149823,On or near OLIVE GROVE,E01028243,Mansfield 007F,Investigation complete; no suspect identified
27e8d5cd621bb3773c85ae28d08a5a1d29d43660d0810049e4994d8ec4713ed8,2013-06,Nottinghamshire Police,Nottinghamshire Police,-1.208637,53.153089,On or near ALBION STREET,E01028228,Mansfield 008B,Investigation complete; no suspect identified
fca0c98fb6f372c1ebc1940c701c42fff5892bfd8820ea689046810f21496f7c,2013-06,Nottinghamshire Police,Nottinghamshire Police,-1.206047,53.146789,On or near BEARDALL STREET,E01028247,Mansfield 008C,Investigation complete; no suspect identified
a0f8630b03d2ed07a759bc5e70f96424e340b7264d91825912687c556a9f357b,2013-06,Nottinghamshire Police,Nottinghamshire Police,-1.211395,53.151130,On or near ARUNDEL COURT,E01028228,Mansfield 008B,Investigation complete; no suspect identified
4c60d60a3d9cbe0c8e40c3d8a3e39bfb56b2fe79dda49d008d3a05b351819f2e,2013-06,Nottinghamshire Police,Nottinghamshire Police,-1.194083,53.145351,On or near Parking Area,E01028274,Mansfield 009C,Investigation complete; no suspect identified
60a56e50194e102d001113aeafe410278643010dcac94e1691f5b95ba2aa32a5,2013-06,Nottinghamshire Police,Nottinghamshire Police,-1.195530,53.145505,On or near CLERKSON'S ALLEY,E01028284,Mansfield 008F,Offender given a caution
60a56e50194e102d001113aeafe410278643010dcac94e1691f5b95ba2aa32a5,2013-06,Nottinghamshire Police,Nottinghamshire Police,-1.195530,53.145505,On or near CLERKSON'S ALLEY,E01028284,Mansfield 008F,Offender given a caution
60a9a316bcb44a32265eacf617d302af2556515eee8566a3a5f30f090b58fe4a,2013-06,Nottinghamshire Police,Nottinghamshire Police,-1.200395,53.144378,On or near Parking Area,E01028284,Mansfield 008F,Investigation complete; no suspect identified
fb36d63efee1cdb9f377ffe3ee5dbd417a47c89b9acfcc94bd074d1bcca430f4,2013-06,Nottinghamshire Police,Nottinghamshire Police,-1.176148,53.137974,On or near SELWYN STREET,E01028234,Mansfield 009B,Investigation complete; no suspect identified
30bba33fbcae41fc3c7909e51336a991cae5c3eda760a1e9ad851f1657a6eef1,2013-06,Nottinghamshire Police,Nottinghamshire Police,-1.181686,53.138372,On or near MELROSE AVENUE,E01028233,Mansfield 009A,Investigation complete; no suspect identified
375d833e427250ce7fa8d36f519bfdef5ba08baf4a3454afe4834767507ef519,2013-06,Nottinghamshire Police,Nottinghamshire Police,-1.161897,53.145129,On or near BURNWOOD AVENUE,E01028262,Mansfield 011C,Investigation complete; no suspect identified
19dfa465081b8314f9974ce5a37c264745d7320e9db9b9364b466622d9af4d23,2013-06,Nottinghamshire Police,Nottinghamshire Police,-1.202100,53.141908,On or near DALLAS STREET,E01028268,Mansfield 008D,Investigation complete; no suspect identified
5607ca2313db9d4de8b78e2b0e5c8ee131c27159377e1ce79b1544c4703fee5c,2013-06,Nottinghamshire Police,Nottinghamshire Police,-1.155958,53.135423,On or near THORNTON CLOSE,E01028263,Mansfield 012D,Investigation complete; no suspect identified
2d9ccd0d977381f2a46e2dac4071d04c194839ac44f49bc42fc689fd2845f5ba,2013-06,Nottinghamshire Police,Nottinghamshire Police,-1.174516,53.134214,On or near RUTHERFORD AVENUE,E01028219,Mansfield 013A,Investigation complete; no suspect identified
e32be7d4db759cf2e5d082469f076fab90d661e75166544625d901d0c4b85d56,2013-06,Nottinghamshire Police,Nottinghamshire Police,-1.196687,53.145180,On or near Shopping Area,E01028284,Mansfield 008F,Investigation complete; no suspect identified
7d091890a337481461c961ba693787cdcf35fee89e5ee4adbfd437e3fca1ce80,2013-06,Nottinghamshire Police,Nottinghamshire Police,-1.165653,53.139555,On or near CROWN STREET,E01028235,Mansfield 011A,Investigation complete; no suspect identified
9e89ad7506c5a7b1c98d37cd02cb789fdd14ebbc512db922a8c37b198b376a86,2013-06,Nottinghamshire Police,Nottinghamshire Police,-1.179204,53.148620,On or near RAVENSDALE AVENUE,E01028275,Mansfield 009D,Investigation complete; no suspect identified
d3470afe248e46c7fe8461da7b700ac64220b66b8e9e6f91edf4ddfc0c8a70bd,2013-06,Nottinghamshire Police,Nottinghamshire Police,-1.193568,53.137698,On or near BAUM'S LANE,E01028270,Mansfield 013F,Investigation complete; no suspect identified
12a79bf8099208b829b4d27c42abeba37a24148524b3db4163cf6ca1a4bb7818,2013-06,Nottinghamshire Police,Nottinghamshire Police,-1.183820,53.146459,On or near KINGSTON ROAD,E01028276,Mansfield 009E,Investigation complete; no suspect identified
3d986b1b82b32a6ecf447abc5fcbe53a5202b0f6181e4034e33281a19d33c396,2013-06,Nottinghamshire Police,Nottinghamshire Police,-1.213181,53.130323,On or near HAMILTON WAY,E01028270,Mansfield 013F,Investigation complete; no suspect identified
421a4e4c59457252481d17f89653cdafea55bc36b16844b4e49c2388e166cc94,2013-06,Nottinghamshire Police,Nottinghamshire Police,-1.201607,53.147532,On or near MOUNT PLEASANT,E01028284,Mansfield 008F,Investigation complete; no suspect identified
a2dc6ee6e742ff22cd4489230084a65064ef404b823e0bbaa888da19d1927fa6,2013-06,Nottinghamshire Police,Nottinghamshire Police,-1.205043,53.035881,On or near Police Station,E01027928,Ashfield 014B,Investigation complete; no suspect identified
4ff83301cd26186b97af7e60cfc318621b641e60e7ae44d6c21471900b9268ed,2013-06,Nottinghamshire Police,Nottinghamshire Police,-1.301823,53.074091,On or near ELMTREE AVENUE,E01027961,Ashfield 011B,Investigation complete; no suspect identified
e21a79760928316074c82f86fbfeb9d781c30564676a931ed0b9b34dcad4e2c2,2013-06,Nottinghamshire Police,Nottinghamshire Police,-1.337165,53.059730,On or near FRANCIS COURT,E01027945,Ashfield 012A,Investigation complete; no suspect identified
5032b7517f49f0570b95c2724d204f4372131a68438093b4301599c975409c0a,2013-06,Nottinghamshire Police,Nottinghamshire Police,-1.262995,53.119845,On or near CORONATION STREET,E01027976,Ashfield 005E,Investigation complete; no suspect identified
de00261f528f9f68d89dcfe2ee07cdb6743ee23d5744ebf3735b9d48aa3972f9,2013-06,Nottinghamshire Police,Nottinghamshire Police,-1.237118,53.104455,On or near ASHWOOD AVENUE,E01027952,Ashfield 008A,Suspect charged
99296a9b101c082cd3f5571b77f4757330c73b41668ce00b031ebe5431c3f4bd,2013-06,Nottinghamshire Police,Nottinghamshire Police,-1.241926,53.096090,On or near ST JOHN'S AVENUE,E01027949,Ashfield 007A,Investigation complete; no suspect identified
1657cf949b55833557618f8cf5d62f3e3fc803930221bf9cad4a4a70ac1b40fd,2013-06,Nottinghamshire Police,Nottinghamshire Police,-1.309713,53.144450,On or near WILD HILL,E01027981,Ashfield 001C,Investigation complete; no suspect identified
90ec790afc7b53f1daec0b496de998738d69758e000be0d42528b6dbf22bb144,2013-06,Nottinghamshire Police,Nottinghamshire Police,-1.237118,53.104455,On or near ASHWOOD AVENUE,E01027952,Ashfield 008A,Investigation complete; no suspect identified
84e358aac87049c4f22666064847f1e6164a6513d5f33100611ba840d09529da,2013-06,Nottinghamshire Police,Nottinghamshire Police,-1.261559,53.129500,On or near BISHOP STREET,E01027965,Ashfield 005B,Investigation complete; no suspect identified
ce40fe7a6668e7840b2a38e1250725db0db1f78c7dcffbad270f24e7759387b6,2013-06,Nottinghamshire Police,Nottinghamshire Police,-1.262732,53.132573,On or near MILLDALE WALK,E01027970,Ashfield 002A,Investigation complete; no suspect identified
e15b03b2bdbd950f38c7786acfd21f6af14a12f78435d0402fe0e46461d627ed,2013-06,Nottinghamshire Police,Nottinghamshire Police,-1.279545,53.119300,On or near FIELD VIEW,E01027992,Ashfield 006F,Investigation complete; no suspect identified
08e0e845f6f53877d61d944146657cfadf8ff0e7b25dc0dc8ea222f4734f906f,2013-06,Nottinghamshire Police,Nottinghamshire Police,-1.197486,53.145662,On or near Shopping Area,E01028284,Mansfield 008F,Investigation complete; no suspect identified
0e785fafd8b1316cc5e0801220261a3a928ba5c035a71564ecab10c9505b3df4,2013-06,Nottinghamshire Police,Nottinghamshire Police,-0.970950,52.953711,On or near BRENDON GROVE,E01028360,Rushcliffe 002D,Suspect charged
6d9bcf2ba637d69072157f23d74c5e6d4e331f5c2638cc3c1bdac01894bd8bac,2013-06,Nottinghamshire Police,Nottinghamshire Police,-1.126078,53.002624,On or near DERBY STREET,E01028209,Gedling 005D,Local resolution
6d9bcf2ba637d69072157f23d74c5e6d4e331f5c2638cc3c1bdac01894bd8bac,2013-06,Nottinghamshire Police,Nottinghamshire Police,-1.126078,53.002624,On or near DERBY STREET,E01028209,Gedling 005D,Local resolution
6d9bcf2ba637d69072157f23d74c5e6d4e331f5c2638cc3c1bdac01894bd8bac,2013-06,Nottinghamshire Police,Nottinghamshire Police,-1.126078,53.002624,On or near DERBY STREET,E01028209,Gedling 005D,Local resolution
b19c14b097ebde247df5afe06f26249012df9ad8ab9b18121bed28e3cd398bb2,2013-06,Nottinghamshire Police,Nottinghamshire Police,-1.120955,52.950366,On or near KIMBERLEY STREET,E01013921,Nottingham 029D,Offender given a caution
bcd1470b146938f4163930178d685359a372aae9ba80f76fde0c28a3e7b26d49,2013-06,Nottinghamshire Police,Nottinghamshire Police,-1.121531,52.983641,On or near Parking Area,E01028194,Gedling 010B,Offender given a caution
ff89b1527a407ecc42249c6a4366a36b8f7bb0d4c11de2cf178382f001fc09e0,2013-06,Nottinghamshire Police,Nottinghamshire Police,-1.156903,52.996842,On or near Sports/Recreation Area,E01013856,Nottingham 006D,Local resolution
e04333901444a8c06ff9e755a356b4a5d63370e32c8d666c5186d2aff4dafa2e,2013-06,Nottinghamshire Police,Nottinghamshire Police,-1.214074,52.977924,On or near BECKLEY ROAD,E01013822,Nottingham 011C,Local resolution
8dd2fd43132953482ce147430bf5cbcde64adfa99bde86ec03f72b32061b2e8e,2013-06,Nottinghamshire Police,Nottinghamshire Police,-1.149881,52.950775,On or near STANFORD STREET,E01033400,Nottingham 039B,Suspect charged
c23aab16b32a9c5fbb0cfa93c80e859957207f57ec0058782d158a3089b480c0,2013-06,Nottinghamshire Police,Nottinghamshire Police,-1.149881,52.950775,On or near STANFORD STREET,E01033400,Nottingham 039B,Suspect charged
c4eb9cc3fb18509b812f3e98497a0e469aadfcc97a19adcbf0a9f8f8a9c7fbba,2013-06,Nottinghamshire Police,Nottinghamshire Police,-1.190062,52.951846,On or near HARBY DRIVE,E01013974,Nottingham 032B,Offender given penalty notice
b20ac601cfe79b94509130c8cb1cf53e61e75d422c29001b874f83b2e9060132,2013-06,Nottinghamshire Police,Nottinghamshire Police,-1.143101,52.956443,On or near KING EDWARD STREET,E01033405,Nottingham 023G,Local resolution
7e532257f71429af48746533ba5b0315f208fd29ff985cedf7a99ae34dfab6b4,2013-06,Nottinghamshire Police,Nottinghamshire Police,-1.242356,53.135366,On or near GRENDON WAY,E01027985,Ashfield 004E,Offender given a caution
3b741005d9e2270eb9d95cd148b1ca676186e99bacb7ff9a21985f905f41005b,2013-06,Nottinghamshire Police,Nottinghamshire Police,-1.270783,53.129386,On or near WESTBOURNE VIEW,E01027966,Ashfield 003A,Offender given a caution
7418b460c4143ed7dabe040a9bf2f85f63a8d8711f29c52c21bc5f2e9eb7fa97,2013-06,Nottinghamshire Police,Nottinghamshire Police,-0.972869,52.948730,On or near HAREBELL GARDENS,E01028360,Rushcliffe 002D,Local resolution
3e407356fdca1f6b10b9970d4db5c57d9a1c8af27add003705fb338693d79dbb,2013-06,Nottinghamshire Police,Nottinghamshire Police,-1.112447,52.966116,On or near LOWATER STREET,E01028161,Gedling 013B,Suspect charged
8b701383ba73bd45e865fe091951a825f37ce8871525bc1e986502609d567455,2013-06,Nottinghamshire Police,Nottinghamshire Police,-1.163935,53.012308,On or near MUIRFIELD ROAD,E01028147,Gedling 016C,Suspect charged
26a7562984bc9db5e6cf814122619ef71a6d9516210f901d852e8d2d05926ac6,2013-06,Nottinghamshire Police,Nottinghamshire Police,-1.213066,52.977701,On or near LINDFIELD ROAD,E01013822,Nottingham 011C,Suspect charged
9ae1234abb2f669ba5f90ec445e635d3807843d3ccd9b3e8fdd218785baf36e3,2013-06,Nottinghamshire Police,Nottinghamshire Police,-1.204534,53.002743,On or near BELGRAVE ROAD,E01013885,Nottingham 002E,Local resolution
72a64dbbc8740f222e79b5bf50a06df60eb6d781e284b7340e1148648b108e94,2013-06,Nottinghamshire Police,Nottinghamshire Police,-1.211443,53.001387,On or near LARCH GARDENS,E01013884,Nottingham 005F,Offender given a caution
8302351cd3b67c5a03f5ba40db507152dbb71a2d898a6ef07b5f1b7d8992ebde,2013-06,Nottinghamshire Police,Nottinghamshire Police,-1.161911,52.979087,On or near HAYDN ROAD,E01013840,Nottingham 012D,Suspect charged
e68dfa7c7f73e7b91d626f49650e40acf8b1fa9cf5389fbe30922745d0b5fd82,2013-06,Nottinghamshire Police,Nottinghamshire Police,-1.122825,53.307407,On or near B6045,E01028057,Bassetlaw 012A,Offender given a caution
b065991abeb638c918b753fcf46e9344c0c815dd62d2cd72adab6f54efead004,2013-06,Nottinghamshire Police,Nottinghamshire Police,-1.210510,53.148014,On or near GEORGE STREET,E01028227,Mansfield 008A,Suspect charged
64ccd9c731663298a6d37a7ca475b08e3b97f03223cdf3ab5ad15fce35828c23,2013-06,Nottinghamshire Police,Nottinghamshire Police,-1.206364,53.145784,On or near NOEL STREET,E01028247,Mansfield 008C,Offender given a caution
235ce18d1dc5dd9b05d8e0155915d567fdd81d68367cdf919913a3a86cb8d420,2013-06,Nottinghamshire Police,Nottinghamshire Police,-1.210510,53.148014,On or near GEORGE STREET,E01028227,Mansfield 008A,Suspect charged
83a8cb186ba9caeff76e73ff2b0925a5d155e2a65041a01e0bb98d8742a0a55c,2013-06,Nottinghamshire Police,Nottinghamshire Police,-1.196455,53.164020,On or near STATION STREET,E01028271,Mansfield 004A,Offender given a caution
c3825974f70a0e8806e884eec4585151d3d1afa67352b335384c068a7c247fba,2013-06,Nottinghamshire Police,Nottinghamshire Police,-1.159258,53.153210,On or near KINGSWAY,E01028239,Mansfield 007C,Offender given a caution
8c6180b8c01472bad2e57b896d610fa1d48f4854fd74b217fb5b9e104c53c9db,2013-06,Nottinghamshire Police,Nottinghamshire Police,-1.200395,53.144378,On or near Parking Area,E01028284,Mansfield 008F,Local resolution
85d167f7f10d81bd4b8c6b0dd8474639524cfaa128d84b7d200ba6d84aaace02,2013-06,Nottinghamshire Police,Nottinghamshire Police,-1.196687,53.145180,On or near Shopping Area,E01028284,Mansfield 008F,Suspect charged
3f3cc2aa48249660edbf96017b5963ebe5e988ceb36b1a168e9e2f1964c5fc9b,2013-06,Nottinghamshire Police,Nottinghamshire Police,-1.153805,53.134671,On or near Shopping Area,E01028263,Mansfield 012D,Suspect charged
31e8fe508a9977d3427af1440a4054293723725060cb12b23f98783013648723,2013-06,Nottinghamshire Police,Nottinghamshire Police,-1.243890,53.130540,On or near PHOENIX STREET,E01027985,Ashfield 004E,Suspect charged
5a7d0c343ca25fee9645388bb346aed37192ef1b99e7c53105a877afdb2e0e5e,2013-06,Nottinghamshire Police,Nottinghamshire Police,-1.126621,52.931386,On or near Supermarket,E01028416,Rushcliffe 005D,Suspect charged
c7778d19a31e497711c411c867f8962e9cd69100b99d1f99a2da1fccd8250f3c,2013-06,Nottinghamshire Police,Nottinghamshire Police,-1.158074,52.890585,On or near PEACOCK CLOSE,E01028404,Rushcliffe 011A,Investigation complete; no suspect identified
ce129b0d55099b0b5337daa444233ee41f56876fd3e2f37c964c23d226d49e58,2013-06,Nottinghamshire Police,Nottinghamshire Police,-1.130402,52.934219,On or near MILLICENT GROVE,E01028417,Rushcliffe 005E,Investigation complete; no suspect identified
04ca9a11dd0ba60efa9ab69461b14bfe43e0cd345ac62afa2b71ee5f9365127f,2013-06,Nottinghamshire Police,Nottinghamshire Police,-1.153337,52.917862,On or near COMPTON ACRES,E01028364,Rushcliffe 007B,Suspect charged
ebf89edf001cc3d6e42ed95833882d74cc2c4d341478db7a8d2cf5fd6950c877,2013-06,Nottinghamshire Police,Nottinghamshire Police,-1.119056,52.930261,On or near BLAKE ROAD,E01028354,Rushcliffe 004A,Investigation complete; no suspect identified
8fa7ebbcc97113dba42af677dc9703ba513c258a658d1909b02a6d688a0e509a,2013-06,Nottinghamshire Police,Nottinghamshire Police,-1.088109,52.940338,On or near Park/Open Space,E01028376,Rushcliffe 006C,Investigation complete; no suspect identified
c4bb9b71e3e3da6291552b394e0fa92f8efe67b6b340218c0ad1cbf9d0894ce9,2013-06,Nottinghamshire Police,Nottinghamshire Police,-1.160274,52.892875,On or near BRETTISIL DRIVE,E01028405,Rushcliffe 011B,Investigation complete; no suspect identified
d0cdc44ad5134fd41b7af990d6b601548385411f20c6431fcb5c6b81a68f9ef2,2013-06,Nottinghamshire Police,Nottinghamshire Police,-1.088109,52.940338,On or near Park/Open Space,E01028376,Rushcliffe 006C,Investigation complete; no suspect identified
66fe9c4d97db26d413de29698639769c21a64ba2e27bf7795d149571ce50a242,2013-06,Nottinghamshire Police,Nottinghamshire Police,-1.143243,52.913852,On or near STANHOME SQUARE,E01028391,Rushcliffe 007D,Investigation complete; no suspect identified
6b4dd8c3ecc500688bfe32bf94ecc166e6e5a1542ef7c47bf7c3488e7cda7a55,2013-06,Nottinghamshire Police,Nottinghamshire Police,-1.130402,52.934219,On or near MILLICENT GROVE,E01028417,Rushcliffe 005E,Investigation complete; no suspect identified
50f0a5fc33689f57d441df28d94f3b12bcb3776f8db525c0101e0852f834d27d,2013-06,Nottinghamshire Police,Nottinghamshire Police,-1.130402,52.934219,On or near MILLICENT GROVE,E01028417,Rushcliffe 005E,Investigation complete; no suspect identified
3ecf0c69a20dc9b8978fd90e08468e8aae0db92104e360003f0c2b9c6e38c948,2013-06,Nottinghamshire Police,Nottinghamshire Police,-0.982436,52.915874,On or near THURLBY CLOSE,E01028419,Rushcliffe 010B,Investigation complete; no suspect identified
53d2f9cc87b03f8a50cb65651be8adf81bc8f8b22f2104c113dd3b373de64bd3,2013-06,Nottinghamshire Police,Nottinghamshire Police,-0.922618,52.903975,On or near WILLOW LANE,E01028420,Rushcliffe 010C,Investigation complete; no suspect identified
1228f5252f9ef584270abf49a606d77933f7237ec7388532ed94577fec77cf09,2013-06,Nottinghamshire Police,Nottinghamshire Police,-1.093517,52.870198,On or near BROOK VIEW DRIVE,E01028383,Rushcliffe 013D,Investigation complete; no suspect identified
c90a9c3c141f86281de81c579abda728aa1b0857022f943bbf43e57c55e45c09,2013-06,Nottinghamshire Police,Nottinghamshire Police,-1.032326,52.949525,On or near QUEEN'S ROAD,E01028413,Rushcliffe 003D,Investigation complete; no suspect identified
2f383a1ae283c18d87d084dbb0e72b162b101c1fe7e45f9d840aee1f0d1c7355,2013-06,Nottinghamshire Police,Nottinghamshire Police,-0.969059,53.036327,On or near PRIORY ROAD,E01028351,Newark and Sherwood 013D,Investigation complete; no suspect identified
d0f631aab1c42bf5c8cd1020a9c340cd6bcbd0d16384c63b416e7699502ed8e5,2013-06,Nottinghamshire Police,Nottinghamshire Police,-0.840651,52.939576,On or near A52,E01028411,Rushcliffe 001C,Investigation complete; no suspect identified
a5923538c6deb047f4e5e0919ae1ca3290cf8944f96e9a4e8ea9ab2cbdeeefaf,2013-06,Nottinghamshire Police,Nottinghamshire Police,-1.006995,52.866881,On or near WEST END,E01028402,Rushcliffe 010A,Investigation complete; no suspect identified
38c5cf568c81df238267350f2861f75e4d30befe164be6943abe3f056a9e6116,2013-06,Nottinghamshire Police,Nottinghamshire Police,-1.315149,53.016870,On or near RYEMERE CLOSE,E01028111,Broxtowe 002B,Investigation complete; no suspect identified
1dfaf4f2642cd19e5eb16bdfcab45b57ebad39a12461b3c1ad68850e1f03b97b,2013-06,Nottinghamshire Police,Nottinghamshire Police,-1.096929,52.962691,On or near CLIFF ROAD,E01028157,Gedling 014C,Investigation complete; no suspect identified
32e4d48f029077c4bf1a68993fefad7a7a4261c3f8e3175cd8c1fdc45287d5b8,2013-06,Nottinghamshire Police,Nottinghamshire Police,-1.114397,52.969771,On or near STANDHILL ROAD,E01028163,Gedling 013D,Investigation complete; no suspect identified
ab3c4df24a5b09409f4691174a6058c4766d7aa1d3a916a08d07418c803518e7,2013-06,Nottinghamshire Police,Nottinghamshire Police,-1.082325,52.971784,On or near Supermarket,E01028170,Gedling 012C,Investigation complete; no suspect identified
c0bc6b9e1f76d7a0a005c42ba4988217b3c0a65176f610c6ba0cd3c9059c9658,2013-06,Nottinghamshire Police,Nottinghamshire Police,-1.255264,52.935741,On or near MARSHALL DRIVE,E01028090,Broxtowe 007D,Investigation complete; no suspect identified
35d5505402d1c74fc5e3c8d788b578becabf917a264aecec3a38d4e6b0443a15,2013-06,Nottinghamshire Police,Nottinghamshire Police,-1.231988,52.935215,On or near KENDAL DRIVE,E01028091,Broxtowe 007E,Investigation complete; no suspect identified
f2f05056d6499bf4371854a1c2b2e81e8a1f8b16135175466802eba120b613d9,2013-06,Nottinghamshire Police,Nottinghamshire Police,-1.216859,52.938398,On or near Petrol Station,E01013976,Nottingham 032D,Investigation complete; no suspect identified
e5dc9a433cc5add8face03c0df0778213c4abafb80753820efb9e2cb7c7b1770,2013-06,Nottinghamshire Police,Nottinghamshire Police,-1.256580,52.936217,On or near PARK ROAD,E01028090,Broxtowe 007D,Investigation complete; no suspect identified
11cfc6e67b57d1e145deffe4b7b497b1d90b079afc3102889a4e4c5b479c5414,2013-06,Nottinghamshire Police,Nottinghamshire Police,-1.212287,52.928749,On or near HIGH ROAD,E01028079,Broxtowe 009D,Investigation complete; no suspect identified
962c1eaeb4eb1ff33d813dc66b32aeb650075602d9e35b14ffc1c9f601b0f3f1,2013-06,Nottinghamshire Police,Nottinghamshire Police,-1.245586,52.946395,On or near SLOAN DRIVE,E01028088,Broxtowe 007B,Investigation complete; no suspect identified
eb4f5c5f2f2b28307c777bb602dd902b9ab26a5d20ec092ae179ee5e9022c018,2013-06,Nottinghamshire Police,Nottinghamshire Police,-1.245586,52.946395,On or near SLOAN DRIVE,E01028088,Broxtowe 007B,Investigation complete; no suspect identified
eeb39714583dd5e6d7a86bba5d78bb670c9a714d5e4c359c1962f82de4db0d53,2013-06,Nottinghamshire Police,Nottinghamshire Police,-1.232745,52.939553,On or near HUTTON CLOSE,E01028076,Broxtowe 009A,Investigation complete; no suspect identified
927104ee558fcd632f5c9ab43491bd002cc6cb4ebc667c17d9af8ec05a687872,2013-06,Nottinghamshire Police,Nottinghamshire Police,-1.217012,52.936493,On or near BROOK ROAD,E01028077,Broxtowe 009B,Investigation complete; no suspect identified
7d83f3378c4fe60ea3e86001d2ac85e9235b7722e31b608f2c81455922aea3c7,2013-06,Nottinghamshire Police,Nottinghamshire Police,-1.104942,52.997873,On or near ASTLE COURT,E01028182,Gedling 007D,Investigation complete; no suspect identified
0a62039f4bd762c12463074fccb43c69ccef4b1252b25d7b3d6034f1de25d5ce,2013-06,Nottinghamshire Police,Nottinghamshire Police,-1.158258,52.940191,On or near HATLEY CLOSE,E01013870,Nottingham 040A,Investigation complete; no suspect identified
b19c14b097ebde247df5afe06f26249012df9ad8ab9b18121bed28e3cd398bb2,2013-06,Nottinghamshire Police,Nottinghamshire Police,-1.120955,52.950366,On or near KIMBERLEY STREET,E01013921,Nottingham 029D,Offender given a caution
fbf4afd3fd9418fec5d7c899c991e180e21f0fc224aba35b8cfafe14952f5bd4,2013-06,Nottinghamshire Police,Nottinghamshire Police,-1.117013,52.961206,On or near CARDALE ROAD,E01013913,Nottingham 024A,Investigation complete; no suspect identified
edfc6a5465d4b343729370abe5b7fccc62139f4c28e571a9400b179c66cb58a0,2013-06,Nottinghamshire Police,Nottinghamshire Police,-1.144625,52.962936,On or near PEAS HILL ROAD,E01013958,Nottingham 023C,Investigation complete; no suspect identified
621fccf0daa20b96a6ab109ad58735868e6b56374270276a33071170b5bb4e72,2013-06,Nottinghamshire Police,Nottinghamshire Police,-1.138644,52.957508,On or near SCARBOROUGH STREET,E01033401,Nottingham 023F,Investigation complete; no suspect identified
ad6d82555c14978cdaf61a3dc7896a4847e0adb3d44b29aeb69caa5125acbb10,2013-06,Nottinghamshire Police,Nottinghamshire Police,-1.179876,52.904132,On or near DUNSBY CLOSE,E01013907,Nottingham 035F,Investigation complete; no suspect identified
738f208b91d427f624a167cb0c92e4776355765cb58f4a0152c2ca8c57b8e5e5,2013-06,Nottinghamshire Police,Nottinghamshire Police,-1.124998,52.951349,On or near JUBILEE STREET,E01013921,Nottingham 029D,Investigation complete; no suspect identified
bced0f31cd30af99880f7ab8868c7f102f287f7487f0255342db19d5d09af6d2,2013-06,Nottinghamshire Police,Nottinghamshire Police,-1.183823,53.009704,On or near SHENFIELD GARDENS,E01013894,Nottingham 001D,Suspect charged
64f95021d53d106b228bfec4584b93cd91a1fde4eb28c51486bf069f58b3f90d,2013-06,Nottinghamshire Police,Nottinghamshire Police,-1.183823,53.009704,On or near SHENFIELD GARDENS,E01013894,Nottingham 001D,Suspect charged
c61975a7193861cb1c745da1e99cf2fa213926367a15afaa486e5ca610e6d882,2013-06,Nottinghamshire Police,Nottinghamshire Police,-1.183823,53.009704,On or near SHENFIELD GARDENS,E01013894,Nottingham 001D,Suspect charged
af07bba080cde1bb9aeb677d523423e298c25ba0268bc70012feda0b1fa19a4a,2013-06,Nottinghamshire Police,Nottinghamshire Police,-1.188466,53.008514,On or near BESTWOOD ROAD,E01013879,Nottingham 002A,Suspect charged
fe1dbe332bd1b90ace8ba15417000f748237553228e747fdbc61e39626d8ee77,2013-06,Nottinghamshire Police,Nottinghamshire Police,-1.228860,52.974731,On or near MOOR ROAD,E01013865,Nottingham 014B,Investigation complete; no suspect identified
f5a41e32702d51c86e21da567b9f362222309fa25ff4b42ad4b62a3b5dc1a859,2013-06,Nottinghamshire Police,Nottinghamshire Police,-1.217492,52.975897,On or near BRADFIELD ROAD,E01013822,Nottingham 011C,Investigation complete; no suspect identified
5ca6e08d5115b9930651ff152c22ac379f2613f02304435bf4f843ecbec5b5f9,2013-06,Nottinghamshire Police,Nottinghamshire Police,-1.219115,52.972590,On or near FIRCROFT AVENUE,E01013867,Nottingham 014D,Investigation complete; no suspect identified
14e03e1e8428ae358eea55d7e19da167f788b986576319cca5d418b0a278926d,2013-06,Nottinghamshire Police,Nottinghamshire Police,-1.149881,52.950775,On or near STANFORD STREET,E01033400,Nottingham 039B,Offender given a caution
7753ba60af624ebf911f56a964270c8695fcfa27c0118af545588d33b85779e3,2013-06,Nottinghamshire Police,Nottinghamshire Police,-1.147153,52.956293,On or near Supermarket,E01033409,Nottingham 023H,Local resolution
39790bc7fdbbe0d4a576c0e2254e1ca0392932fb3473b3664d8d6aac3ee1ff62,2013-06,Nottinghamshire Police,Nottinghamshire Police,-1.145120,52.982383,On or near Supermarket,E01013969,Nottingham 010C,Suspect charged
ba3599708f4a3f543bf51e4b87777371c3fcee2de2beeb639ace4052d8a823a1,2013-06,Nottinghamshire Police,Nottinghamshire Police,-1.229096,52.945588,On or near CRANSLEY AVENUE,E01013985,Nottingham 030E,Investigation complete; no suspect identified
8f01b8b3accb1d229bc4597ac6757f31938160cf4f0a51c02a1220abb5cc06f0,2013-06,Nottinghamshire Police,Nottinghamshire Police,-1.147953,52.949646,On or near COLLIN STREET,E01033400,Nottingham 039B,Investigation complete; no suspect identified
75d30c85a6777c7bedf0b09c718ea96b7b3059e53e85584d2086124e7ee92c76,2013-06,Nottinghamshire Police,Nottinghamshire Police,-1.142888,52.952163,On or near STONEY STREET,E01033406,Nottingham 039E,Investigation complete; no suspect identified
2f93060cb7f0421e1cb5228c1d5253efb7543af0cb3e4e8203ac24ea241fc5cb,2013-06,Nottinghamshire Police,Nottinghamshire Police,-1.189503,52.949919,On or near AVERTON SQUARE,E01013974,Nottingham 032B,Local resolution
eedd69e291ed260e8b80ded2aadecdf1e6d73da3c4cb454a6c367904a63c5037,2013-06,Nottinghamshire Police,Nottinghamshire Police,-1.171210,52.963241,On or near PALIN STREET,E01013812,Nottingham 018C,Investigation complete; no suspect identified
33c5cace2bc239398145997eb901a1453b47984500f7ce7e8e69249c6c723d4d,2013-06,Nottinghamshire Police,Nottinghamshire Police,-1.172725,52.923617,On or near Sports/Recreation Area,E01013928,Nottingham 031G,Investigation complete; no suspect identified
b1f63ed015d291f6fc182e43c74d96b4b2736aee21005e352d73e5d657398fa5,2013-06,Nottinghamshire Police,Nottinghamshire Police,-1.149761,52.956878,On or near NORTH CHURCH STREET,E01033409,Nottingham 023H,Suspect charged
e0b0267ba8684f5dea9e48cd549ebab46291f3c6eb8e5378f25c7cd4464c8a1c,2013-06,Nottinghamshire Police,Nottinghamshire Police,-1.146601,52.954068,On or near THURLAND STREET,E01033406,Nottingham 039E,Investigation complete; no suspect identified
97df2d26c518abb985727db93f75b0339816fe9e963faed72ff77e8ba81f4753,2013-06,Nottinghamshire Police,Nottinghamshire Police,-1.150829,52.954053,On or near Shopping Area,E01033406,Nottingham 039E,Investigation complete; no suspect identified
f2eadf14fe953def1da6e7757685b906776a35bed81520653d3f63faac2bffa6,2013-06,Nottinghamshire Police,Nottinghamshire Police,-1.154860,52.973284,On or near HUCKNALL ROAD,E01013843,Nottingham 017A,Investigation complete; no suspect identified
0455b88bab0c8c76272c5fac6d4db7d8b995db82385c9238dfc801ffd617ef50,2013-06,Nottinghamshire Police,Nottinghamshire Police,-1.147591,52.955945,On or near Shopping Area,E01033409,Nottingham 023H,Investigation complete; no suspect identified
4fc92318858a8a65c5594b9651cb607815bd04eedd2b1a99451e41226eab8ca0,2013-06,Nottinghamshire Police,Nottinghamshire Police,-1.148030,52.957890,On or near Shopping Area,E01033399,Nottingham 023E,Investigation complete; no suspect identified
5eb0d7e6e2eca4dac9f45e5b823c9f5f03e7691fd4de0b278b55b3861f7a7eb4,2013-06,Nottinghamshire Police,Nottinghamshire Police,-1.149881,52.950775,On or near STANFORD STREET,E01033400,Nottingham 039B,Investigation complete; no suspect identified
324b7a07cef331fd366faf16e250271308972087e09e391ae7a1b8c48dc79764,2013-06,Nottinghamshire Police,Nottinghamshire Police,-1.147591,52.955945,On or near Shopping Area,E01033409,Nottingham 023H,Investigation complete; no suspect identified
d1b34fd8f3ffe29255165da82c519b764ab846149fe7fea94dfa39b5154b6938,2013-06,Nottinghamshire Police,Nottinghamshire Police,-1.145645,52.984464,On or near MAGNUS ROAD,E01013966,Nottingham 007D,Investigation complete; no suspect identified
2975ae25c66c13e37fb3e6baa659e420dcb9f45fff357614a450a4454c1046bc,2013-06,Nottinghamshire Police,Nottinghamshire Police,-1.152112,52.954683,On or near Parking Area,E01033406,Nottingham 039E,Investigation complete; no suspect identified
4bcad42bfc748e59e8b85ed3c9da0273c460cef5f65f464a242e71d545f881ee,2013-06,Nottinghamshire Police,Nottinghamshire Police,-1.155052,52.956547,On or near Parking Area,E01013816,Nottingham 022D,Investigation complete; no suspect identified
9e5cf092239766fcedcb5c7789a80947602c3a62305ac4131d69d3966a010999,2013-06,Nottinghamshire Police,Nottinghamshire Police,-1.149881,52.950775,On or near STANFORD STREET,E01033400,Nottingham 039B,Investigation complete; no suspect identified
4f5b82e8a83a8bd3ef7566f9de643b62106083a7ff5733e368117685356af74f,2013-06,Nottinghamshire Police,Nottinghamshire Police,-1.150199,52.955820,On or near Theatre/Concert Hall,E01033409,Nottingham 023H,Investigation complete; no suspect identified
dcd4107d94d701291d016634cec5f3fb2e8809775ab1cdc7d4826430fed67ca9,2013-06,Nottinghamshire Police,Nottinghamshire Police,-1.234350,52.945559,On or near KEVIN ROAD,E01013984,Nottingham 030D,Investigation complete; no suspect identified
194510713daecd669ead5932166685467d2020074eaa35d356c5cd8de68c788c,2013-06,Nottinghamshire Police,Nottinghamshire Police,-1.148358,52.951797,On or near Shopping Area,E01033400,Nottingham 039B,Investigation complete; no suspect identified
9223ee78789c87647b264ba130a6a0f2915bedf0a066eaad6e5f5425e361e257,2013-06,Nottinghamshire Police,Nottinghamshire Police,-1.150199,52.955820,On or near Theatre/Concert Hall,E01033409,Nottingham 023H,Investigation complete; no suspect identified
3f8e73bb977cdaf66146321d144b4663f7ec49b3d2ed716ffb7d1d08c8e4aff6,2013-06,Nottinghamshire Police,Nottinghamshire Police,-1.155052,52.956547,On or near Parking Area,E01013816,Nottingham 022D,Investigation complete; no suspect identified
6d9a078554e9ad0d749eaa71c1121f1f8c680697d4af60a315b64d991b9b0bd2,2013-06,Nottinghamshire Police,Nottinghamshire Police,-1.155052,52.956547,On or near Parking Area,E01013816,Nottingham 022D,Investigation complete; no suspect identified
fda308d0eea5237bb967b737b23c7d93886e6a2b346bb2b6f5c88562bc231bd2,2013-06,Nottinghamshire Police,Nottinghamshire Police,-1.122825,53.307407,On or near B6045,E01028057,Bassetlaw 012A,Investigation complete; no suspect identified
65f7579d7c1ff4ccc1aba95d37fcb650fb61b5caac25c27edbbcc0e3b2449d62,2013-06,Nottinghamshire Police,Nottinghamshire Police,-1.129050,53.302436,On or near CHAPEL WALK,E01028062,Bassetlaw 013C,Investigation complete; no suspect identified
7cb1d4e8b838b599165c52667666340678387cedd1c76a8b057d2564bd631dc3,2013-06,Nottinghamshire Police,Nottinghamshire Police,-1.104236,53.301408,On or near HARDWICK CRESCENT,E01028066,Bassetlaw 012C,Suspect charged
6036d56d5c45e7b6231d772cd74a006c687a20356e32a58e30ed5055cb804a68,2013-06,Nottinghamshire Police,Nottinghamshire Police,-1.102610,53.316686,On or near CARNOUSTIE,E01028044,Bassetlaw 016F,Investigation complete; no suspect identified
13d96531773e537b90dc2f24d1a87c56bd263bbcd3a12999ac93b991a5692b30,2013-06,Nottinghamshire Police,Nottinghamshire Police,-1.110365,53.293894,On or near CAVENDISH ROAD,E01028067,Bassetlaw 013D,Investigation complete; no suspect identified
484d0615e1b603abe1b2251db195ccdeae3f07fec607b89efbcd63793361fe1f,2013-06,Nottinghamshire Police,Nottinghamshire Police,-1.144409,53.303536,On or near LINDBERGH CLOSE,E01028063,Bassetlaw 014D,Investigation complete; no suspect identified
9e5f9589eeeb5be15f320faed572e2b20b1407372679976674efacc0476727c2,2013-06,Nottinghamshire Police,Nottinghamshire Police,-1.146392,53.304926,On or near WESTWOOD DRIVE,E01028061,Bassetlaw 013B,Investigation complete; no suspect identified
cf7316d1ba10827d0155b58285033e9894b1e4eeaa1992731b2f5941e2da7ac2,2013-06,Nottinghamshire Police,Nottinghamshire Police,-1.122810,53.379876,On or near MARKHAM ROAD,E01028030,Bassetlaw 004F,Investigation complete; no suspect identified
5305b0b2e2d4c823d954d870b145578e52bd3eadfadfd65a3f7cebab8bffddac,2013-06,Nottinghamshire Police,Nottinghamshire Police,-1.128003,53.313306,On or near GATEFORD ROAD,E01028046,Bassetlaw 006A,Investigation complete; no suspect identified
c4a9e3b05a1f81c329219493ddcc73a901cd047f9e0a392b3aa9975b88ff919e,2013-06,Nottinghamshire Police,Nottinghamshire Police,-1.111169,53.318763,On or near WESSEX ROAD,E01028053,Bassetlaw 016C,Investigation complete; no suspect identified
b9c66721b3f4f2828623a5146efe1f292a8575fbc0c4fc76f18a4b4c628ea34c,2013-06,Nottinghamshire Police,Nottinghamshire Police,-1.124823,53.301453,On or near FORREST'S YARD,E01028062,Bassetlaw 013C,Investigation complete; no suspect identified
03c17bc4fa1f6f68ffcac879e6cc0fbba0086850d8fdf1f3fefc90a9b91a3f19,2013-06,Nottinghamshire Police,Nottinghamshire Police,-1.111169,53.318763,On or near WESSEX ROAD,E01028053,Bassetlaw 016C,Investigation complete; no suspect identified
2857d5b98deaa420a65978d829f7ec279b06c1390db4b6a1d9387b20a5c01df6,2013-06,Nottinghamshire Police,Nottinghamshire Police,-1.126382,53.310354,On or near MILL STREET,E01028057,Bassetlaw 012A,Investigation complete; no suspect identified
9fdcd675b4d922ef84633eee9822ef54b5190ce394f672eeb75153231b5e0b81,2013-06,Nottinghamshire Police,Nottinghamshire Police,-1.131447,53.311497,On or near Sports/Recreation Area,E01028055,Bassetlaw 009A,Investigation complete; no suspect identified
cf1d88feaa28c1648ade68957f42eed679d0ea88541bf67567b33cb54fdfc929,2013-06,Nottinghamshire Police,Nottinghamshire Police,-1.133823,53.326103,On or near Supermarket,E01028049,Bassetlaw 006D,Investigation complete; no suspect identified
e307fa95befab8916456f9bec527e69aa19c4a2c6fcafb6c9a93268a12c2ed78,2013-06,Nottinghamshire Police,Nottinghamshire Police,-0.953744,53.307563,On or near RUFFORD AVENUE,E01028017,Bassetlaw 010A,Investigation complete; no suspect identified
5ae20cffe3dd9b5d276286b005ede914b2baef047a52723b9945a36b8ff4258a,2013-06,Nottinghamshire Police,Nottinghamshire Police,-0.941465,53.078524,On or near UPTON ROAD,E01028345,Newark and Sherwood 008A,Investigation complete; no suspect identified
d7896f104536527bbf8e422652c55a32ffe623d93f341c79cfafb1dec9443bc3,2013-06,Nottinghamshire Police,Nottinghamshire Police,-1.150160,53.107264,On or near Park/Open Space,E01028343,Newark and Sherwood 006F,Investigation complete; no suspect identified
e772205b364c5e096a639e294a8dfccb6df5c7af35491ef8946393a6f8f9d082,2013-06,Nottinghamshire Police,Nottinghamshire Police,-1.035183,53.103233,On or near NEW HILL,E01028328,Newark and Sherwood 005D,Investigation complete; no suspect identified
a0fa164745081e5ac112ebdcd1324a2eb497dac325607ecf9728044d60f66683,2013-06,Nottinghamshire Police,Nottinghamshire Police,-1.122526,53.162257,On or near CHURCH ROAD,E01028314,Newark and Sherwood 002B,Investigation complete; no suspect identified
6311f45b414c84239c93df64698406aabebd633047931defcb03cd4fca12b700,2013-06,Nottinghamshire Police,Nottinghamshire Police,-1.027305,53.200154,On or near Petrol Station,E01028341,Newark and Sherwood 001F,Investigation complete; no suspect identified
90007c176c412037d48e909aeac62685d41b6b4e793e48412d639be503cefc62,2013-06,Nottinghamshire Police,Nottinghamshire Police,-1.003342,53.208990,On or near FIR VIEW,E01028338,Newark and Sherwood 001C,Investigation complete; no suspect identified
7023d741fa542e7cd96dada1b3b8075ec0cf810ff06c71cf2654c3f5482e8681,2013-06,Nottinghamshire Police,Nottinghamshire Police,-1.001316,53.212434,On or near BRAMBLE CLOSE,E01028301,Newark and Sherwood 001A,Investigation complete; no suspect identified
d48de4bb82d5d47f775fb226dd94c89ca0be403e355b7066289af8da621310e5,2013-06,Nottinghamshire Police,Nottinghamshire Police,-1.118657,53.099933,On or near Supermarket,E01028298,Newark and Sherwood 006B,Investigation complete; no suspect identified
9225fcc3eca0394da4f4f89b8c7747b9fb0e146144c8a486a672af6ca6cb9645,2013-06,Nottinghamshire Police,Nottinghamshire Police,-1.117353,53.167990,On or near DODSLEY WAY,E01028314,Newark and Sherwood 002B,Investigation complete; no suspect identified
d9396381ce8e20d0f982691dd67a7a07eb980a3ca09760515d0d9fdede500f54,2013-06,Nottinghamshire Police,Nottinghamshire Police,-0.904284,53.052999,On or near GREEN DRIVE,E01028352,Newark and Sherwood 012E,Investigation complete; no suspect identified
7d8dee4fddfc98a1ac09698b35e229594a56116112776459bcdbd70a2a39eeed,2013-06,Nottinghamshire Police,Nottinghamshire Police,-0.804121,53.064647,On or near BOWBRIDGE ROAD,E01028334,Newark and Sherwood 009D,Offender given a caution
deb63508f8f3668c373aec1853c4be681370b2abca99722dc484cfd6c0f2f546,2013-06,Nottinghamshire Police,Nottinghamshire Police,-0.769815,53.095941,On or near Airport/Airfield,E01028353,Newark and Sherwood 004D,Investigation complete; no suspect identified
f60a10537a039b60ae4e1883ba413365846fdd3b6ecc6843fadcc3c6cc42f6e2,2013-06,Nottinghamshire Police,Nottinghamshire Police,-1.213467,52.926833,On or near ACACIA WALK,E01028073,Broxtowe 011A,Local resolution
52738e827462c77b007d40e61c1c250fae64820e93fc8f71f9882390ec8865b1,2013-06,Nottinghamshire Police,Nottinghamshire Police,-1.143607,52.959458,On or near TRUMAN CLOSE,E01033399,Nottingham 023E,Offender given a drugs possession warning
851e9abebb0a1a7819f79c1722d500bfecd0d1baaa919f6dc6b8e03f5e800416,2013-06,Nottinghamshire Police,Nottinghamshire Police,-1.199367,52.999302,On or near STOCK WELL,E01013877,Nottingham 005C,Offender given a drugs possession warning
96a96056fb18e27fd577f4b568aa3297bc6eff6481635bf8d8b64ecb12469a03,2013-06,Nottinghamshire Police,Nottinghamshire Police,-1.231035,52.972174,On or near STRELLEY ROAD,E01013866,Nottingham 014C,Offender given a drugs possession warning
236d793c93d2d8c85546b35243b5ac4c5c04f5d048d43e68978478c38aaadd27,2013-06,Nottinghamshire Police,Nottinghamshire Police,-1.231035,52.972174,On or near STRELLEY ROAD,E01013866,Nottingham 014C,Offender given a drugs possession warning
8e8bfe38d11ad77651903cdf52ccbae5bef42f549530f1e5eef13e2f8d40ac9f,2013-06,Nottinghamshire Police,Nottinghamshire Police,-1.182270,52.979894,On or near WHITEMOOR ROAD,E01013832,Nottingham 009D,Investigation complete; no suspect identified
0b436436c24a55a1695d9b50dee3b70ef46e6cdf21ebceb81ce733d32a187541,2013-06,Nottinghamshire Police,Nottinghamshire Police,-1.182460,52.972955,On or near WILKINSON STREET,E01013934,Nottingham 019E,Investigation complete; no suspect identified
22b425db154426438f8acd0c42c08b33e7a1784a735d77d3ec3fc700c960f7c3,2013-06,Nottinghamshire Police,Nottinghamshire Police,-1.184423,52.983406,On or near CORIANDER DRIVE,E01013829,Nottingham 009A,Investigation complete; no suspect identified
59e42a3222c6f94902d473cb470503f1f823105349848fecf353928b6c6d2679,2013-06,Nottinghamshire Police,Nottinghamshire Police,-1.194288,52.999186,On or near STATION ROAD,E01013888,Nottingham 004B,Investigation complete; no suspect identified
4f88e38ffda14bde96ba3633007ba826ef02d2a9abb43bb088c8bf290b1888c8,2013-06,Nottinghamshire Police,Nottinghamshire Police,-1.184242,52.993823,On or near BROOKLYN CLOSE,E01013834,Nottingham 008C,Investigation complete; no suspect identified
7bd03363ad83e181a1665db897e06fb06a1b568ea94649bfba4ccfdfa228722a,2013-06,Nottinghamshire Police,Nottinghamshire Police,-1.145726,53.006803,On or near ELLASTONE AVENUE,E01032621,Nottingham 038E,Investigation complete; no suspect identified
f23676e9ca3817ad968a547a021ac6212102d34056da887e23488bdcd2561c94,2013-06,Nottinghamshire Police,Nottinghamshire Police,-1.160842,53.008106,On or near CROSSFIELD DRIVE,E01013849,Nottingham 038A,Investigation complete; no suspect identified
eb9f2d338a3e4da883657372c7f8c85c41b72878f730b494edef7b5c07359d08,2013-06,Nottinghamshire Police,Nottinghamshire Police,-1.189971,53.014870,On or near WOODLEY SQUARE,E01013879,Nottingham 002A,Investigation complete; no suspect identified
1bd828a9919ec35b905061b00377263b799051361aa6cc50ad75286c300928cd,2013-06,Nottinghamshire Police,Nottinghamshire Police,-1.176953,52.996362,On or near EARDLEY ROAD,E01013855,Nottingham 006C,Investigation complete; no suspect identified
8dc9dafcac336c1a929a45f5bb99d6e9099e7e16f64855931d0e4b624205125a,2013-06,Nottinghamshire Police,Nottinghamshire Police,-1.156517,53.000632,On or near CHILTERN WAY,E01013850,Nottingham 038B,Investigation complete; no suspect identified
444c712d56f37c2787f62a65bc64cbded1195a096171ebc78ac098a7e83105a6,2013-06,Nottinghamshire Police,Nottinghamshire Police,-1.213066,52.977701,On or near LINDFIELD ROAD,E01013822,Nottingham 011C,Investigation complete; no suspect identified
d0153e61a59d5f29acf8c4ac31ff12b4298e67fdcb89607f19721495f63fab2b,2013-06,Nottinghamshire Police,Nottinghamshire Police,-1.192052,53.015981,On or near HOWDEN ROAD,E01013879,Nottingham 002A,Investigation complete; no suspect identified
810a0d7094982950731c18f55e3958fbe68b0833ef1740eea6ed78f6f97d9800,2013-06,Nottinghamshire Police,Nottinghamshire Police,-1.200366,53.002464,On or near COMMERCIAL ROAD,E01013885,Nottingham 002E,Investigation complete; no suspect identified
4201c0b6f09f7993dcbe4dd6bc32e9bc41519528c78d8f0262f5869748185f73,2013-06,Nottinghamshire Police,Nottinghamshire Police,-1.214099,52.979839,On or near FENWICK ROAD,E01013817,Nottingham 011A,Investigation complete; no suspect identified
7735cc1cbafd705554400a248535d738bddb7dd246aa09677aa58d34ce21190b,2013-06,Nottinghamshire Police,Nottinghamshire Police,-1.197845,53.001017,On or near PILKINGTON STREET,E01013885,Nottingham 002E,Investigation complete; no suspect identified
f5e186201e722ba19093085ef9c05fc9888275161a718c40a0179fce88a791fa,2013-06,Nottinghamshire Police,Nottinghamshire Police,-1.197510,52.999801,On or near Bus/Coach Station,E01013885,Nottingham 002E,Investigation complete; no suspect identified
1f1b64e9c150be016569cb2913cc70c6c1870bb4cc7f885d2551d303ada1b433,2013-06,Nottinghamshire Police,Nottinghamshire Police,-1.176702,53.000954,On or near CAMOMILE CLOSE,E01013893,Nottingham 001C,Investigation complete; no suspect identified
551c6095a83546bf4d434eb5d7a2f81fb0c0400ac0b9635a2938cfe709d47a28,2013-06,Nottinghamshire Police,Nottinghamshire Police,-1.170244,53.003561,On or near STACEY AVENUE,E01013893,Nottingham 001C,Investigation complete; no suspect identified
75d8a2ecd86b3611fc1a427bf1357797703e0866220a8b4f7fb2e39f4ec6b5dd,2013-06,Nottinghamshire Police,Nottinghamshire Police,-1.172712,52.998418,On or near SOUTHGLADE ROAD,E01013893,Nottingham 001C,Investigation complete; no suspect identified
228d19f839542a937ba0ed720a62f64588f4d2e9a232ef92e2737dc5279ef5b7,2013-06,Nottinghamshire Police,Nottinghamshire Police,-1.198316,52.982044,On or near BIANT CLOSE,E01013825,Nottingham 011D,Investigation complete; no suspect identified
f7c7045cff1a0a9ac0ad137a137013ef94d3f6dc1366d875082552a0e6d37cc0,2013-06,Nottinghamshire Police,Nottinghamshire Police,-1.200408,52.995362,On or near NORTHALL AVENUE,E01013876,Nottingham 005B,Investigation complete; no suspect identified
53d90d6d9903f992ee0962c1d76897df92d5d80f52934374c3a3b02e93b688fe,2013-06,Nottinghamshire Police,Nottinghamshire Police,-1.151158,52.953211,On or near BEAST MARKET HILL,E01033400,Nottingham 039B,Investigation complete; no suspect identified
2103a33bc64cd96dbfb9352598bc0624b7b2f13e21fb330643c3f76085b3b04c,2013-06,Nottinghamshire Police,Nottinghamshire Police,-1.152397,52.953777,On or near LONG ROW WEST,E01033400,Nottingham 039B,Investigation complete; no suspect identified
67a3ce54d0665cb5472747dfdb4f4839dc144380c1fba7f24d5fcb7a1db76f85,2013-06,Nottinghamshire Police,Nottinghamshire Police,-1.145246,52.957870,On or near Nightclub,E01033409,Nottingham 023H,Investigation complete; no suspect identified
d827e314135719c3e15d2fdf9e833afd03c79eecf22336784434f6d287ab48fc,2013-06,Nottinghamshire Police,Nottinghamshire Police,-1.149316,52.988679,On or near EDWARDS LANE,E01013967,Nottingham 007E,Investigation complete; no suspect identified
c10404f22569f83c07146c39cb63835815c44e5889a456839d4164b9b4f93e84,2013-06,Nottinghamshire Police,Nottinghamshire Police,-1.153930,52.974410,On or near SHERBROOKE ROAD,E01013972,Nottingham 015E,Investigation complete; no suspect identified
fefb9b935ff0b4a58c05f60facf0ad079e949b3add3fc49742660666ae37ddbe,2013-06,Nottinghamshire Police,Nottinghamshire Police,-1.172023,52.958824,On or near LEROY WALLACE AVENUE,E01013945,Nottingham 026B,Suspect charged
98010891b29c26522f2975dea9e8d192eb12d86bcf7c48b102a2ec214cf1f8dc,2013-06,Nottinghamshire Police,Nottinghamshire Police,-1.146111,52.953292,On or near VICTORIA STREET,E01033406,Nottingham 039E,Investigation complete; no suspect identified
b6f6f2119dfd6ed902c4c46ff2d7ecbd062f54a384df240e4789698153cf310c,2013-06,Nottinghamshire Police,Nottinghamshire Police,-1.148088,52.949638,On or near Pedestrian Subway,E01033400,Nottingham 039B,Investigation complete; no suspect identified
b948eae062131d7f9757ad44eb5b9d1c56554a9c71d3c5816bb8b2cb6b2c2db0,2013-06,Nottinghamshire Police,Nottinghamshire Police,-1.160651,52.970286,On or near CEDAR ROAD,E01013844,Nottingham 017B,Investigation complete; no suspect identified
761476c471fd2a4cfb34dedf8525d7c10a847bc16df5f6a22dd642d42bff2f28,2013-06,Nottinghamshire Police,Nottinghamshire Police,-1.142623,52.952763,On or near RISTE'S PLACE,E01033406,Nottingham 039E,Investigation complete; no suspect identified
d02b4069ea0984bc0483afa6cfa085f1521871186d0fddbdea648940433bcd10,2013-06,Nottinghamshire Police,Nottinghamshire Police,-1.155052,52.956547,On or near Parking Area,E01013816,Nottingham 022D,Investigation complete; no suspect identified
17cc60b11bbebb9077e7b8ac2f8d533fb1502c79cfed10e97333ea46af813c86,2013-06,Nottinghamshire Police,Nottinghamshire Police,-1.165318,52.956826,On or near MOORGATE STREET,E01033404,Nottingham 028G,Investigation complete; no suspect identified
c5fe41e53de6ad11efb3f8587e9675a378a930353d8afde574e073ef1420fabd,2013-06,Nottinghamshire Police,Nottinghamshire Police,-1.146168,52.954910,On or near Shopping Area,E01033406,Nottingham 039E,Investigation complete; no suspect identified
441501e27d49623664960f8eb8701bb38f880cf5be898deeb82cf585490d39e8,2013-06,Nottinghamshire Police,Nottinghamshire Police,-1.229096,52.945588,On or near CRANSLEY AVENUE,E01013985,Nottingham 030E,Investigation complete; no suspect identified
702ede6bb2d340c1bee082c57333913ee8f1d420e82d67730d61e3fa965c323f,2013-06,Nottinghamshire Police,Nottinghamshire Police,-1.148358,52.951797,On or near Shopping Area,E01033400,Nottingham 039B,Investigation complete; no suspect identified
c9007949584b714219925af9230cd6c971ce3ee50c16f7dd9d81962f30fc67c0,2013-06,Nottinghamshire Police,Nottinghamshire Police,-1.154159,52.983266,On or near FOXHOLLIES GROVE,E01013967,Nottingham 007E,Investigation complete; no suspect identified
e070c67c4aedfa5d0ce20fbfb0d27044535806f64e7b351cb3756caeefd190a1,2013-06,Nottinghamshire Police,Nottinghamshire Police,-1.177720,52.961470,On or near Parking Area,E01013944,Nottingham 026A,Investigation complete; no suspect identified
d64c04f7f3132763835c72c786e6386a8adf0474b2d567d0af8756691224395c,2013-06,Nottinghamshire Police,Nottinghamshire Police,-1.147278,52.952949,On or near BRIDLESMITH GATE,E01033406,Nottingham 039E,Investigation complete; no suspect identified
1c0a57c44d565afa7225155190e6a896f32263b558d8b445a4d9406429a73731,2013-06,Nottinghamshire Police,Nottinghamshire Police,-1.148088,52.949638,On or near Pedestrian Subway,E01033400,Nottingham 039B,Investigation complete; no suspect identified
6d459cafe231003de53de4e5d38b9d611b40423cc23c011201aa4dbca855d1e0,2013-06,Nottinghamshire Police,Nottinghamshire Police,-1.145251,52.951604,On or near Theatre/Concert Hall,E01033403,Nottingham 039D,Investigation complete; no suspect identified
e8aa3af032eff594a3320e405ec5f6bc551ab94065665627fea937cb7731dfcb,2013-06,Nottinghamshire Police,Nottinghamshire Police,-1.146942,52.957172,On or near Shopping Area,E01033409,Nottingham 023H,Local resolution
17e3ee97645f5b038558a3ede83e47021b0b56da2f3bbbc82dbcdba7b3703b17,2013-06,Nottinghamshire Police,Nottinghamshire Police,-1.178032,52.964601,On or near LINDLEY TERRACE,E01013810,Nottingham 018A,Local resolution
269a5467f9b77111d523d8091ad92cc7a117460d5b0a42795adb2d2bb659fe53,2013-06,Nottinghamshire Police,Nottinghamshire Police,-1.170946,52.975474,On or near SUEZ STREET,E01013839,Nottingham 012C,Offender given a caution
df4fb511b0deb993c9d6038f1ab8c80af9029eaa97d3b39fdbce525ab4051256,2013-06,Nottinghamshire Police,Nottinghamshire Police,-1.170946,52.975474,On or near SUEZ STREET,E01013839,Nottingham 012C,Offender given a caution
5c06a93cb8e0902023ddc0ca208808e7ae6826e1967b68d7322d2f8a37312a7a,2013-06,Nottinghamshire Police,Nottinghamshire Police,-1.202410,52.957872,On or near HECKINGTON DRIVE,E01013978,Nottingham 027B,Suspect charged
31a7d0992aca3a040759580c204fc808b1f8afb3298dac9b4e5cec09ae750d0a,2013-06,Nottinghamshire Police,Nottinghamshire Police,-1.177019,53.153414,On or near BRECKBANK,E01028242,Mansfield 005A,Offender given a caution
042d5470a06fe678fc68643fced6e8e9fcc0932771c5a26e88d0289d7804ca6c,2013-06,Nottinghamshire Police,Nottinghamshire Police,-1.253567,53.131041,On or near MANSFIELD ROAD,E01027978,Ashfield 004D,Offender given a caution
d6c39f548634778ebdce9a22a4224d7a385bdd13aa8e299f4efa6f582163f95f,2013-06,Nottinghamshire Police,Nottinghamshire Police,-1.128222,52.936864,On or near EDWARD ROAD,E01028384,Rushcliffe 004C,Local resolution
3aee92f75ada3cd6df84f094f96bac09dd186cd88843a0a35ad20d55563404bc,2013-06,Nottinghamshire Police,Nottinghamshire Police,-1.232787,52.996061,On or near NIGHTINGALE CLOSE,E01028124,Broxtowe 004F,Offender given a drugs possession warning
fc4c36f364e9b3f101ff1ac6d19d87da71f69076229f3e30db31c37ce14fc0e8,2013-06,Nottinghamshire Police,Nottinghamshire Police,-1.092297,52.971285,On or near Sports/Recreation Area,E01028211,Gedling 013E,Local resolution
65ade859441acfbfde8f020c5928a00b0a338eb3882104440413b8feabf17a02,2013-06,Nottinghamshire Police,Nottinghamshire Police,-1.226829,53.069357,On or near MARKHAM STREET,E01028189,Gedling 001A,Local resolution
65ade859441acfbfde8f020c5928a00b0a338eb3882104440413b8feabf17a02,2013-06,Nottinghamshire Police,Nottinghamshire Police,-1.226829,53.069357,On or near MARKHAM STREET,E01028189,Gedling 001A,Local resolution
65ade859441acfbfde8f020c5928a00b0a338eb3882104440413b8feabf17a02,2013-06,Nottinghamshire Police,Nottinghamshire Police,-1.226829,53.069357,On or near MARKHAM STREET,E01028189,Gedling 001A,Local resolution
2f837a7d1160826159c7d0ed86f8984323a7fa93e677440e42c492561a969625,2013-06,Nottinghamshire Police,Nottinghamshire Police,-1.243632,52.956883,On or near LINSDALE CLOSE,E01013862,Nottingham 025C,Suspect charged
c35404e404c6a72c072154eef8529c7c80c2f109a78b18a075f9161522419c03,2013-06,Nottinghamshire Police,Nottinghamshire Police,-1.243632,52.956883,On or near LINSDALE CLOSE,E01013862,Nottingham 025C,Suspect charged
86414e227f04162bd174e2dfb282be76be9ec41624e42b352036cd1cee4c1ed4,2013-06,Nottinghamshire Police,Nottinghamshire Police,-1.150199,52.955820,On or near Theatre/Concert Hall,E01033409,Nottingham 023H,Suspect charged
e1ab5d3d4643c2c493d1abc125f18919bd036ea3c25c226c48c2a2378a93cfa0,2013-06,Nottinghamshire Police,Nottinghamshire Police,-1.147645,52.950201,On or near Shopping Area,E01033400,Nottingham 039B,Offender given a caution
cf8c560fadaafe49335afed9f719806c27c1da1dafc69f14ceec322be0c75746,2013-06,Nottinghamshire Police,Nottinghamshire Police,-1.149477,52.954655,On or near KING STREET,E01033406,Nottingham 039E,Offender given a caution
fb4475dd6da6f57c2243fbe7a08cd81db99c625c9a30f34f8573a2ac94aa895c,2013-06,Nottinghamshire Police,Nottinghamshire Police,-1.149477,52.954655,On or near KING STREET,E01033406,Nottingham 039E,Offender given a caution
df58177673598c8bdee560de0c75b9bc613407ea21e40ded3ee736071fbb1ff6,2013-06,Nottinghamshire Police,Nottinghamshire Police,-1.125627,53.306169,On or near Shopping Area,E01028062,Bassetlaw 013C,Suspect charged
dcab398c26ba6c8a69a85d678a2b4ffc5f4c4305c9d5215c1768928b6dcb6d06,2013-06,Nottinghamshire Police,Nottinghamshire Police,-1.125627,53.306169,On or near Shopping Area,E01028062,Bassetlaw 013C,Suspect charged
23464e852a65ec6f7cceadc67c10a6035f81883de5aaceaf2a7e1c818b8bc3e0,2013-06,Nottinghamshire Police,Nottinghamshire Police,-1.118051,53.302410,On or near LANGLEY STREET,E01028065,Bassetlaw 012B,Offender given a caution
bc09f457d28aa67478a5bd9725cb09240446180dca83f3264aa7b9bbeda55b6e,2013-06,Nottinghamshire Police,Nottinghamshire Police,-0.793543,53.090161,On or near CEDAR AVENUE,E01028306,Newark and Sherwood 007D,Local resolution
731a2408469bd6fe14af047056e3f176809b7de58d520a3b8fd9e4359721de36,2013-06,Nottinghamshire Police,Nottinghamshire Police,-1.238677,53.132053,On or near Sports/Recreation Area,E01027985,Ashfield 004E,Offender given a caution
731a2408469bd6fe14af047056e3f176809b7de58d520a3b8fd9e4359721de36,2013-06,Nottinghamshire Police,Nottinghamshire Police,-1.238677,53.132053,On or near Sports/Recreation Area,E01027985,Ashfield 004E,Offender given a caution
b99f4c4c6be3003f07209f2cd19e902d60be98dede24f487feb8ef90547339cd,2013-06,Nottinghamshire Police,Nottinghamshire Police,-1.217252,52.928143,On or near NUART ROAD,E01028085,Broxtowe 011D,Suspect charged
d3593d304c307cefc6acfaec914b93385650f6d6ce5276fd1cb2e6d4681a29f1,2013-06,Nottinghamshire Police,Nottinghamshire Police,-1.205625,52.921288,On or near ALFORD CLOSE,E01028083,Broxtowe 012D,Suspect charged
c3b58908aa16a64cc9166c2cb4ad5a5b2eec43475aa7199bc6b836cea78b5544,2013-06,Nottinghamshire Police,Nottinghamshire Police,-1.130316,52.964531,On or near BULLACE ROAD,E01013959,Nottingham 021B,Offender given a drugs possession warning
6a7705ea01d6c81641bb84e4439c7cabbe467896db6d95ff85bd0c06a6aad215,2013-06,Nottinghamshire Police,Nottinghamshire Police,-1.140867,52.959492,On or near HAVELOCK GARDENS,E01033411,Nottingham 023I,Suspect charged
d9b6709f8bbaa56b0b2aa2d5ad1dcfefe6b3635115d4c26dc9ee597f5e2a0825,2013-06,Nottinghamshire Police,Nottinghamshire Police,-1.140867,52.959492,On or near HAVELOCK GARDENS,E01033411,Nottingham 023I,Suspect charged
54fad1b86dea10c75118a601e3fe36e9a7d9ab5936fe15ce21b1b0ff087999c2,2013-06,Nottinghamshire Police,Nottinghamshire Police,-1.159091,52.940970,On or near CASTLETON CLOSE,E01013870,Nottingham 040A,Suspect charged
3669b3a845467134e0071f1e574b1a9710956d5ac12077c6d63b3b3d9bf83a4a,2013-06,Nottinghamshire Police,Nottinghamshire Police,-1.130564,52.964002,On or near RUSHTON GARDENS,E01013959,Nottingham 021B,Local resolution
5d4c73b69e8dd7e7d2208d94490d364920af9481797ed576a2d4c7b2f7d92179,2013-06,Nottinghamshire Police,Nottinghamshire Police,-1.212324,52.968527,On or near HARVEY ROAD,E01013861,Nottingham 020B,Suspect charged
690db7b0b1ea97e4c9b5351e9e48d0ce652f5e20b5c39039d2022da65843fef1,2013-06,Nottinghamshire Police,Nottinghamshire Police,-1.218520,52.979167,On or near ALWYN ROAD,E01013818,Nottingham 011B,Suspect charged
5a8e68f788c9152c470ecf5f329177bffcbed65ac8d0c1f2d9089dc1eba43e21,2013-06,Nottinghamshire Police,Nottinghamshire Police,-1.145710,52.955473,On or near CLARE STREET,E01033409,Nottingham 023H,Local resolution
e58e9d6b66c58b99ecda2b4012dfb21fd6b1b67c76682070087b59cf3cae2b76,2013-06,Nottinghamshire Police,Nottinghamshire Police,-1.139396,52.951131,On or near FISHER GATE,E01033402,Nottingham 039C,Local resolution
c5f7fb0d50706e7e130dc6eae1d7184a7fd836527d4344f7404f82ae84ae9b8e,2013-06,Nottinghamshire Police,Nottinghamshire Police,-1.145120,52.982383,On or near Supermarket,E01013969,Nottingham 010C,Suspect charged
19366485a1901a49f29068ebd47b6db6b27a5173ad00612e5423faf4fd47efc4,2013-06,Nottinghamshire Police,Nottinghamshire Police,-1.179605,52.957015,On or near RIFLE STREET,E01033396,Nottingham 026H,Suspect charged
9dc3db1837cfcb87ffcdf4c4a8ea0f82a50e3ff138e12ecd567de1c0231fe49e,2013-06,Nottinghamshire Police,Nottinghamshire Police,-1.152397,52.953777,On or near LONG ROW WEST,E01033400,Nottingham 039B,Suspect charged
f7d2ce5dd8d8c7f25477e6b5a4e03bc70ae0805388d86eec8a3256727241120d,2013-06,Nottinghamshire Police,Nottinghamshire Police,-1.149717,53.316590,On or near WOODHOUSE CLOSE,E01028056,Bassetlaw 009B,Local resolution
73277a795e5ae00a41610a8dee45f1b84772bbc26a03a83feddd44d32a29c9a2,2013-06,Nottinghamshire Police,Nottinghamshire Police,-1.062774,53.377532,On or near THE MEWS,E01028000,Bassetlaw 001A,Suspect charged
73277a795e5ae00a41610a8dee45f1b84772bbc26a03a83feddd44d32a29c9a2,2013-06,Nottinghamshire Police,Nottinghamshire Police,-1.062774,53.377532,On or near THE MEWS,E01028000,Bassetlaw 001A,Suspect charged
6e8e6ae4c6e7e0c9cfa998680dbd2695a00bdea001bdceab85d09ce49dd8094a,2013-06,Nottinghamshire Police,Nottinghamshire Police,-1.121127,53.303880,On or near Supermarket,E01028068,Bassetlaw 012D,Suspect charged
a433941c5561718437507ee804656c96025fdb0d963f04c8f2943045021ae5e3,2013-06,Nottinghamshire Police,Nottinghamshire Police,-1.109168,53.314641,On or near KILTON HILL,E01028042,Bassetlaw 016E,Suspect charged
edcf95f56b37ee391322789536a9345ec62d066a03955e3c5b6ea8193eef3d95,2013-06,Nottinghamshire Police,Nottinghamshire Police,-1.121236,53.305139,On or near MARKET STREET,E01028068,Bassetlaw 012D,Suspect charged
33f94f8e15d5e725d6a0fbdfaeb17501872d0669af3fe751c60a0bac49f2d9f8,2013-06,Nottinghamshire Police,Nottinghamshire Police,-0.999487,53.206063,On or near HAZEL ROAD,E01028302,Newark and Sherwood 001B,Suspect charged
8c8681bb353db8ac50d94a8fac676f0d6bc3c52d978e2bbc13e1564968f3c946,2013-06,Nottinghamshire Police,Nottinghamshire Police,-0.933109,53.317134,On or near WHARTON STREET,E01028012,Bassetlaw 008E,Suspect charged
51689da482fa75ada32a62859893e06fc66add60a4dc4e65e52828fb540894ff,2013-06,Nottinghamshire Police,Nottinghamshire Police,-1.206296,53.149487,On or near ROSEMARY AVENUE,E01028227,Mansfield 008A,Suspect charged
be23ca232323e6b1ee7205ef9613baea9dfe68169cc45311b191c8ac3ef6b8e9,2013-06,Nottinghamshire Police,Nottinghamshire Police,-1.209126,53.137892,On or near Sports/Recreation Area,E01028268,Mansfield 008D,Suspect charged
ef68dfe0c668bdfad94e0bab3d27da844890fb576e699fe0f7496a3a55ee6300,2013-06,Nottinghamshire Police,Nottinghamshire Police,-1.195530,53.145505,On or near CLERKSON'S ALLEY,E01028284,Mansfield 008F,Suspect charged
1e4a649cfb5c008a871a3e440e2b5a52cb81df87ab95ce3272a48b617d22c86b,2013-06,Nottinghamshire Police,Nottinghamshire Police,-1.197486,53.145662,On or near Shopping Area,E01028284,Mansfield 008F,Suspect charged
d47a8a508d397a6dceb11ef4034beeb70046c205cb5da259823bebc98688f10e,2013-06,Nottinghamshire Police,Nottinghamshire Police,-1.194662,53.143953,On or near CHURCH STREET,E01028268,Mansfield 008D,Suspect charged
70f26092d3ad8317cddbc8ba759df01c2bc1c7e36a7d48252727f74ae8514309,2013-06,Nottinghamshire Police,Nottinghamshire Police,-1.252032,53.080809,On or near DERWENT DRIVE,E01027998,Ashfield 010D,Offender given a drugs possession warning
43e9b2a414ffb039515ffa4ffc94ea6fed1bf274776735ed2f0547bcd4793874,2013-06,Nottinghamshire Police,Nottinghamshire Police,-1.106462,52.937880,On or near REGATTA WAY,E01028375,Rushcliffe 006B,Investigation complete; no suspect identified
c01c6d34e33d1a51817e5319ab385f539e5484a58aaf437885eee283a57f3f97,2013-06,Nottinghamshire Police,Nottinghamshire Police,-1.128524,52.924775,On or near TAUNTON ROAD,E01028396,Rushcliffe 005A,Investigation complete; no suspect identified
092f5f0db56015c34b5d3cf69d9e6c724783f2381eed88139489c1dd738fa0e6,2013-06,Nottinghamshire Police,Nottinghamshire Police,-1.135074,52.928275,On or near WEST AVENUE,E01028418,Rushcliffe 005F,Investigation complete; no suspect identified
270d26f0c664031e2a11ee929fa7b5c12b15fe5506f3553764744a693cc3ccb7,2013-06,Nottinghamshire Police,Nottinghamshire Police,-1.129244,52.925940,On or near CROMFORD ROAD,E01028396,Rushcliffe 005A,Investigation complete; no suspect identified
8122f4cd7f7f2b0f4ebdaf7ba57cf38150c0adfa55dc5167e54f05abd14b1177,2013-06,Nottinghamshire Police,Nottinghamshire Police,-1.158309,52.928334,On or near ROLAND AVENUE,E01013901,Nottingham 034C,Investigation complete; no suspect identified
92295c14d888e460cac0f816d5aaa56f401f5d4ef326ecd2c74422cb77741fcd,2013-06,Nottinghamshire Police,Nottinghamshire Police,-1.126860,52.932071,On or near CENTRAL AVENUE,E01028416,Rushcliffe 005D,Investigation complete; no suspect identified
2c29b363f702c7ca92fe6e423ed1b857eaa7dff10960639de5477a5cb8a8f6df,2013-06,Nottinghamshire Police,Nottinghamshire Police,-1.093517,52.869470,On or near BARROW SLADE,E01028383,Rushcliffe 013D,Investigation complete; no suspect identified
0fbf21451d56a06f17d997f092dc3a5bf7af45057588e188bcc6b1a8c06ee039,2013-06,Nottinghamshire Police,Nottinghamshire Police,-1.230513,52.985645,On or near HOLBORN CLOSE,E01028119,Broxtowe 016C,Investigation complete; no suspect identified
d6c4617b428a09e9613c377ea606505ec68b466e1b637676c244fb73abd8e31a,2013-06,Nottinghamshire Police,Nottinghamshire Police,-1.254504,52.996415,On or near Petrol Station,E01028106,Broxtowe 016B,Investigation complete; no suspect identified
5430e122ce9ec3b4883574d8d8c0428b6adeeb149de929603b7f6b28d43c957c,2013-06,Nottinghamshire Police,Nottinghamshire Police,-1.218682,52.964416,On or near MONKTON DRIVE,E01013861,Nottingham 020B,Investigation complete; no suspect identified
7b470d9dc5f897d4ed406c2df07fac169ea4a60ff6942032c3dbab9faef6ca02,2013-06,Nottinghamshire Police,Nottinghamshire Police,-1.305660,53.018335,On or near ALBERT STREET,E01028112,Broxtowe 002C,Investigation complete; no suspect identified
dee01e6eedee6f9636abe4c0ec81f2f7f6112a77dcdd4524d20bc57d5d306193,2013-06,Nottinghamshire Police,Nottinghamshire Police,-1.087049,52.970886,On or near REDLAND GROVE,E01028191,Gedling 012E,Investigation complete; no suspect identified
4373b727fb486ce91e3a6afcb11c4ee3cdaa03e6a824a972878f8c28a3c4a0b8,2013-06,Nottinghamshire Police,Nottinghamshire Police,-1.111737,52.968061,On or near ADDISON ROAD,E01028160,Gedling 013A,Investigation complete; no suspect identified
23b69be5185fb89f3ca9078e5c91d16a495b5602cf52d8e19ffc1b7dac2bb705,2013-06,Nottinghamshire Police,Nottinghamshire Police,-1.211555,52.932232,On or near KENILWORTH ROAD,E01028079,Broxtowe 009D,Investigation complete; no suspect identified
c21b6f9b7947d753c8b11ee1d655150860530982bd67858e0272514350025e3f,2013-06,Nottinghamshire Police,Nottinghamshire Police,-1.211057,52.929343,On or near HIGH ROAD,E01028079,Broxtowe 009D,Investigation complete; no suspect identified
bdf1fb867c1206b5b912e977fde825c596cca04d880cbe426bda0862c69cf7df,2013-06,Nottinghamshire Police,Nottinghamshire Police,-1.245915,52.904327,On or near HICKTON DRIVE,E01028137,Broxtowe 015C,Investigation complete; no suspect identified
f67c6ebd3c33c4640d9dede027f707816e6f47d0a1a6e18ffba5cb7a5a47286f,2013-06,Nottinghamshire Police,Nottinghamshire Police,-1.268412,52.941288,On or near BEDFORD COURT,E01028127,Broxtowe 008C,Investigation complete; no suspect identified
4f04a282f30ea0013ff8b899b70fd8e34755a6eb47bbc3afcd024086a365d4ec,2013-06,Nottinghamshire Police,Nottinghamshire Police,-1.207533,52.923530,On or near ALEXANDRA CRESCENT,E01028083,Broxtowe 012D,Investigation complete; no suspect identified
09600153f550886347dd0215aaf682a3903ebeb6431fb08f0ca30e17237f9ec5,2013-06,Nottinghamshire Police,Nottinghamshire Police,-1.217957,52.922044,On or near BARRYDALE AVENUE,E01028086,Broxtowe 011E,Investigation complete; no suspect identified
adbb863ece0cd99bee086c9d50fddedca08bb356a74c95ae82cd40b19a539aed,2013-06,Nottinghamshire Police,Nottinghamshire Police,-1.205726,52.927150,On or near QUEENS DRIVE,E01028075,Broxtowe 011C,Investigation complete; no suspect identified
631e95210e68faae415058686d7ebf30c960a256f90aedc6e23117f7259a3fc8,2013-06,Nottinghamshire Police,Nottinghamshire Police,-1.225617,53.071147,On or near TILFORD ROAD,E01028189,Gedling 001A,Investigation complete; no suspect identified
83359a095d2438933b7499fd7444dee733a7d70238bb45788e116eb10f1b4b2f,2013-06,Nottinghamshire Police,Nottinghamshire Police,-1.140867,53.004584,On or near MAIDENS DALE,E01028166,Gedling 006C,Investigation complete; no suspect identified
4dad086b0aa9cbae162692b2c514c2ef49d417f39818574dba2a0c63ceeda1ff,2013-06,Nottinghamshire Police,Nottinghamshire Police,-1.074213,53.036410,On or near ROES LANE,E01028150,Gedling 002A,Investigation complete; no suspect identified
8d7d6a25b3213924d91921bbe377bfabaf0a5dbdd5665e2f2d9f3e646cfc1345,2013-06,Nottinghamshire Police,Nottinghamshire Police,-1.071609,53.024299,On or near WESTFIELD LANE,E01028213,Gedling 002F,Investigation complete; no suspect identified
82c41fc22762833f7612e6d83e3d5fbb44af11c1c019fe7397c001f71f7580e0,2013-06,Nottinghamshire Police,Nottinghamshire Police,-1.118519,53.001364,On or near EAGLE CLOSE,E01028175,Gedling 005C,Investigation complete; no suspect identified
35c7311164971bbad1afe8e2132c3095ea3e0fd4775ca95944b3ce4646a2cb75,2013-06,Nottinghamshire Police,Nottinghamshire Police,-1.191535,52.903169,On or near RICHARDSON CLOSE,E01013912,Nottingham 036D,Investigation complete; no suspect identified
67035167ca9ed15e60fb7a949ae6e6b443eda5d6e5eaa0c1bbaaa0f9ab28e6cc,2013-06,Nottinghamshire Police,Nottinghamshire Police,-1.130727,52.951463,On or near PERLETHORPE AVENUE,E01013920,Nottingham 029C,Investigation complete; no suspect identified
774d182de3a4ac7ce905ea1ab0ef066e4f1e5dd285fdd2f4113de0b6e8eabf87,2013-06,Nottinghamshire Police,Nottinghamshire Police,-1.135194,52.979705,On or near MORLEY AVENUE,E01013935,Nottingham 010A,Investigation complete; no suspect identified
68578b1916cc3786c8cf62adafec4ea246baf7bd10a787b91e0de7e7d8247401,2013-06,Nottinghamshire Police,Nottinghamshire Police,-1.113706,52.948191,On or near Parking Area,E01013920,Nottingham 029C,Investigation complete; no suspect identified
d959b56e651bd6a9afb5c35a4ebb3c4ae42fd40248a32736d0947dbeb28344df,2013-06,Nottinghamshire Police,Nottinghamshire Police,-1.177434,52.904295,On or near DONINGTON ROAD,E01013907,Nottingham 035F,Investigation complete; no suspect identified
f1c6ad7e59b3bcb06cc4a0dec50b8155a4569bf6430c38320ea443cd53ca9bc1,2013-06,Nottinghamshire Police,Nottinghamshire Police,-1.125023,52.960438,On or near ALMA ROAD,E01013962,Nottingham 021D,Investigation complete; no suspect identified
1609210a3490919643ca64fccf9805bacccf7d551333ff1d9e88b06fd7df4d3f,2013-06,Nottinghamshire Police,Nottinghamshire Police,-1.134465,52.952084,On or near BEAUMONT STREET,E01013920,Nottingham 029C,Investigation complete; no suspect identified
7176c27b7d89c7d7612426d8e8030456dd58237660af2b363cd1b1398ec2a83b,2013-06,Nottinghamshire Police,Nottinghamshire Police,-1.177867,52.897115,On or near GLENCOYNE ROAD,E01013910,Nottingham 037C,Investigation complete; no suspect identified
2a35e1ecf1b6be52a99ac09697068ada5d04a3910a71b0cbecc65a56ca67ee00,2013-06,Nottinghamshire Police,Nottinghamshire Police,-1.171488,52.908146,On or near KILSBY ROAD,E01013899,Nottingham 035C,Investigation complete; no suspect identified
e77079b56a354d5d0ef25a506cc76016fc83aa9b10c480576157c4d5d0cde526,2013-06,Nottinghamshire Police,Nottinghamshire Police,-1.148469,52.940049,On or near BARNSLEY TERRACE,E01013872,Nottingham 040C,Investigation complete; no suspect identified
9928eb68ed1fbf7ecf867249d4b5f30508905891eb23494ca0d740cfd61c460e,2013-06,Nottinghamshire Police,Nottinghamshire Police,-1.184912,52.903555,On or near CLIVEDEN GREEN,E01013905,Nottingham 036A,Investigation complete; no suspect identified
f5a77aabb95f7c440a1b9e03c66c57591656c5a40b172805556c1011515b3923,2013-06,Nottinghamshire Police,Nottinghamshire Police,-1.180015,52.905391,On or near THE GLEN,E01013907,Nottingham 035F,Investigation complete; no suspect identified
f735b01c9dc4714c93a88e24fc20971a7ecfd374288185c786048c6acdd035cd,2013-06,Nottinghamshire Police,Nottinghamshire Police,-1.092946,52.953824,On or near PASTURE CLOSE,E01013915,Nottingham 024C,Investigation complete; no suspect identified
57ca5d3480a7b4891108e3ff2830e7cf203a6a2745eef91a6d453fdfc6ca5faa,2013-06,Nottinghamshire Police,Nottinghamshire Police,-1.148957,52.974356,On or near Sports/Recreation Area,E01013938,Nottingham 015B,Investigation complete; no suspect identified
4ece0db5db6e2f5e53e28604bcccadb6e8e36192c1cf28c7c6ac987d99517bff,2013-06,Nottinghamshire Police,Nottinghamshire Police,-1.144664,52.964770,On or near WOODBOROUGH ROAD,E01013958,Nottingham 023C,Investigation complete; no suspect identified
c172e9b2b6e9164b14b4df073f9dccca8e8fa08d2c1fdc0fa6b68f336dc71197,2013-06,Nottinghamshire Police,Nottinghamshire Police,-1.124861,52.971449,On or near KILDARE ROAD,E01013940,Nottingham 016C,Investigation complete; no suspect identified
44eaabcf2d62576d6ee2c2889ecf8dc61c60f189657525c63536ac9f7950b63d,2013-06,Nottinghamshire Police,Nottinghamshire Police,-1.166036,52.945055,On or near Supermarket,E01013870,Nottingham 040A,Suspect charged
61263f6f34827f758ca4f7bff90f4f82442b201c8ed11ddbb858d5b8fb05eee1,2013-06,Nottinghamshire Police,Nottinghamshire Police,-1.176260,52.906606,On or near FARM CLOSE,E01013897,Nottingham 035A,Investigation complete; no suspect identified
f3f76486282969bad74cb0617ff93fb38705d52c256e8c1c53d7c08ca3aff970,2013-06,Nottinghamshire Police,Nottinghamshire Police,-1.166036,52.945055,On or near Supermarket,E01013870,Nottingham 040A,Suspect charged
02e015b8e776900d1586fdb7e133b120a40e3c969ded0eb628177f9164b93928,2013-06,Nottinghamshire Police,Nottinghamshire Police,-1.123320,52.953368,On or near Supermarket,E01013917,Nottingham 024E,Investigation complete; no suspect identified
48ef399c4743cddfd3152a9f59eddba814d2bb9eb1709d427745456e1bd1ae36,2013-06,Nottinghamshire Police,Nottinghamshire Police,-1.148088,52.949638,On or near Pedestrian Subway,E01033400,Nottingham 039B,Investigation complete; no suspect identified
ad136cc631a27000d9081ee1620fa4747729f5708f7e8554627d32e5e22dddda,2013-06,Nottinghamshire Police,Nottinghamshire Police,-1.185185,52.911971,On or near Further/Higher Educational Building,E01013898,Nottingham 035B,Investigation complete; no suspect identified
904415837f253e2683e0fafe62db7122d4c2f3eba8c3fe1852c51e7548761471,2013-06,Nottinghamshire Police,Nottinghamshire Police,-1.147186,52.939473,On or near WOOLMER ROAD,E01013872,Nottingham 040C,Investigation complete; no suspect identified
82ca8835207cc604b9a04c1adf18643180a6e3e3b4d6f3108e1cc5e40f45ecc6,2013-06,Nottinghamshire Police,Nottinghamshire Police,-1.147186,52.939473,On or near WOOLMER ROAD,E01013872,Nottingham 040C,Investigation complete; no suspect identified
c27152ce72781b9d3c4345564adbce863133c55a64d095716cf26c873b547079,2013-06,Nottinghamshire Police,Nottinghamshire Police,-1.147186,52.939473,On or near WOOLMER ROAD,E01013872,Nottingham 040C,Investigation complete; no suspect identified
3fbdc7c05449df6713ddc222723e72f8eb127f9e4058c7f391907f08ccbf7699,2013-06,Nottinghamshire Police,Nottinghamshire Police,-1.231331,52.966449,On or near HUXLEY CLOSE,E01013858,Nottingham 025A,Investigation complete; no suspect identified
7018b10757d5118590a5696707e7805cd6d2af2fda7b082a2baa4a448f488877,2013-06,Nottinghamshire Police,Nottinghamshire Police,-1.206484,52.996365,On or near HOEFIELD CRESCENT,E01013878,Nottingham 005D,Investigation complete; no suspect identified
9ad7260a02afe4c1c6f80620a01660e46837e717a954a0d4754e5c10965a9493,2013-06,Nottinghamshire Police,Nottinghamshire Police,-1.208601,52.982418,On or near DEEPDENE WAY,E01013826,Nottingham 011E,Investigation complete; no suspect identified
fbcb9bf5d1480fe3621d7c5ed357214e482899f547fec831831ff47e20c60492,2013-06,Nottinghamshire Police,Nottinghamshire Police,-1.188962,52.978043,On or near BROADHURST AVENUE,E01013832,Nottingham 009D,Investigation complete; no suspect identified
34c54f9dfb58ff6615918a85abbf0e0494a14674d96f95db152b2555d820c53e,2013-06,Nottinghamshire Police,Nottinghamshire Police,-1.231879,52.967406,On or near WHITE LODGE GARDENS,E01013858,Nottingham 025A,Investigation complete; no suspect identified
792df4123f65babf13942054ec582060b18d9a26ca148ee90138a4cdf4c590a3,2013-06,Nottinghamshire Police,Nottinghamshire Police,-1.230135,52.970046,On or near FAIRNLEY ROAD,E01013866,Nottingham 014C,Investigation complete; no suspect identified
c83803967251d98d22a31f0348e8febdf3c5f88373d25b859914b385a6ef0f64,2013-06,Nottinghamshire Police,Nottinghamshire Police,-1.191836,52.995655,On or near Supermarket,E01013888,Nottingham 004B,Investigation complete; no suspect identified
0541e9ddc8052a9b97c568d940b58424c420ae5b1a85f115042725a7d036c3c4,2013-06,Nottinghamshire Police,Nottinghamshire Police,-1.191836,52.995655,On or near Supermarket,E01013888,Nottingham 004B,Investigation complete; no suspect identified
1998368062d6deb35869110dc07ac15520f1fac1acc4955e73c17eff2de60a75,2013-06,Nottinghamshire Police,Nottinghamshire Police,-1.191836,52.995655,On or near Supermarket,E01013888,Nottingham 004B,Investigation complete; no suspect identified
1738bf6b7fb4d017d3d355e978416ad3a766776e7d5cdf14f2346bd5d3083a40,2013-06,Nottinghamshire Police,Nottinghamshire Police,-1.192648,52.992838,On or near Hospital,E01013891,Nottingham 004E,Investigation complete; no suspect identified
ea92b969f1515bfc40bbc3eedad5a2cb2d946c23d5754372c68f90de79284bcb,2013-06,Nottinghamshire Police,Nottinghamshire Police,-1.215515,53.018422,On or near Park/Open Space,E01027942,Ashfield 016E,Investigation complete; no suspect identified
b47608eb07ab9c01cc992758c74816f121cd692ff0c3a57288ea2c4e0f7fb37a,2013-06,Nottinghamshire Police,Nottinghamshire Police,-1.154274,52.955238,On or near WOLLATON STREET,E01013816,Nottingham 022D,Investigation complete; no suspect identified
f4f91b7d333d61e622596ab8c15bc1e69cb51cf50f270495ce2a723665f33acf,2013-06,Nottinghamshire Police,Nottinghamshire Police,-1.175969,52.944702,On or near HOYLAND AVENUE,E01013926,Nottingham 031E,Investigation complete; no suspect identified
8a27b14c18b2d48de4076ba1847812b4dc25c2861803a328d5081ffc8b2e5c37,2013-06,Nottinghamshire Police,Nottinghamshire Police,-1.151658,52.948935,On or near ISABELLA STREET,E01032522,Nottingham 028F,Investigation complete; no suspect identified
4661b3a147c1a6eebc6498d8f4e62f46b23ccc7c1de1afa4a1c1e8fd2f6fc94a,2013-06,Nottinghamshire Police,Nottinghamshire Police,-1.165737,52.965234,On or near Parking Area,E01013815,Nottingham 022C,Investigation complete; no suspect identified
7082d5ba3356a02a93224e11faaa374a6b84f50269ec876a29f261c519485354,2013-06,Nottinghamshire Police,Nottinghamshire Police,-1.208414,52.933919,On or near BROADWOOD COURT,E01013973,Nottingham 032A,Investigation complete; no suspect identified
7f76ed0318b3424067be96a0ad9dff702c2f7e3f54d82247f3fc637fcc12e01b,2013-06,Nottinghamshire Police,Nottinghamshire Police,-1.170556,52.954624,On or near DERBY GROVE,E01033404,Nottingham 028G,Investigation complete; no suspect identified
a528376b77b0e8f547ec23746fedfc5e6670cf64e6830e49f438f621bd7c0747,2013-06,Nottinghamshire Police,Nottinghamshire Police,-1.152741,52.962859,On or near ALPHA TERRACE,E01013813,Nottingham 022A,Investigation complete; no suspect identified
ee28994080e50df4b3fb0ba71e9aff262a0fcc3644b604953622ac56f84f4a78,2013-06,Nottinghamshire Police,Nottinghamshire Police,-1.179158,52.964887,On or near FRETWELL STREET,E01013810,Nottingham 018A,Investigation complete; no suspect identified
495948d857cb7d3338d321d2871a4cf0e6adf89551893f85321fc3c0f7af511e,2013-06,Nottinghamshire Police,Nottinghamshire Police,-1.155315,52.959866,On or near PEEL STREET,E01013816,Nottingham 022D,Investigation complete; no suspect identified
5ea25e8076c1e77b02463a8ce4a2249f801e7d83afcf08ff6a7e388cd2de4a88,2013-06,Nottinghamshire Police,Nottinghamshire Police,-1.203229,52.951351,On or near DIGBY AVENUE,E01013979,Nottingham 027C,Investigation complete; no suspect identified
30de8c6582335cdc4f285b2051820f29a0770d0d2b80e51224b5049854b7c17a,2013-06,Nottinghamshire Police,Nottinghamshire Police,-1.146942,52.957172,On or near Shopping Area,E01033409,Nottingham 023H,Investigation complete; no suspect identified
d9ca7e69366dc4a5bfc4291060465d164f2c7c70fc7d9defe4ec4a5bffb4755f,2013-06,Nottinghamshire Police,Nottinghamshire Police,-1.141905,52.953711,On or near GOOSE GATE,E01033407,Nottingham 039F,Investigation complete; no suspect identified
70b0c5c0c8ef6e2648c2dff93388ccf359fdaa6b2b41ecb1ca5c3c4d8ab2c174,2013-06,Nottinghamshire Police,Nottinghamshire Police,-1.145281,52.952342,On or near Parking Area,E01033403,Nottingham 039D,Investigation complete; no suspect identified
23eedc9f81e24b37db393a79f58bbea54b79b19f6cabcfc5514af740b7aadfb5,2013-06,Nottinghamshire Police,Nottinghamshire Police,-1.176834,52.957913,On or near FORSTER STREET,E01013947,Nottingham 026D,Investigation complete; no suspect identified
ffa7e882516bfa358f64f9e9b1900419962f5f3c1fcd02efaa0ede467b45ac2b,2013-06,Nottinghamshire Police,Nottinghamshire Police,-1.150610,52.997147,On or near LONGMEAD DRIVE,E01028167,Gedling 006D,Investigation complete; no suspect identified
17892597c7c70936692ec8979f750f7bd01d70a78659e9b09049c96b57a872b1,2013-06,Nottinghamshire Police,Nottinghamshire Police,-1.160603,52.990467,On or near Pedestrian Subway,E01013967,Nottingham 007E,Investigation complete; no suspect identified
cc24d8d274dc2d6469c978fdbce0fa1714860171d8b698469f3719447739508a,2013-06,Nottinghamshire Police,Nottinghamshire Police,-1.160603,52.990467,On or near Pedestrian Subway,E01013967,Nottingham 007E,Investigation complete; no suspect identified
c99978594324f3e1fc261c8a7d2f985cd0315e335492385b03f4a620f22e0622,2013-06,Nottinghamshire Police,Nottinghamshire Police,-1.178873,52.954044,On or near SALISBURY SQUARE,E01033395,Nottingham 026G,Investigation complete; no suspect identified
d2379bb0e47772ab7c8c3fe55463dc2bbeac1ebdf15d7da7dc476a951f5a6c34,2013-06,Nottinghamshire Police,Nottinghamshire Police,-1.163158,52.957683,On or near STONELEIGH STREET,E01013814,Nottingham 022B,Investigation complete; no suspect identified
1bde2e55b7e9dadf71d16f15fec25c78b4aa9f2e3a0ee09328120afa5f22974c,2013-06,Nottinghamshire Police,Nottinghamshire Police,-1.150650,52.985219,On or near GAMSTON CRESCENT,E01013966,Nottingham 007D,Investigation complete; no suspect identified
6684fe113e0c9a1d582979fff301f0bae0af42e111d715e70b73d84eeff2e151,2013-06,Nottinghamshire Police,Nottinghamshire Police,-1.193752,52.954352,On or near Supermarket,E01013979,Nottingham 027C,Investigation complete; no suspect identified
a14ed76bcbd539452aa5619ceb8f60f63b36f1036d7c5ae54b3e4f7c3e755f6e,2013-06,Nottinghamshire Police,Nottinghamshire Police,-1.212900,52.935180,On or near ENDERBY SQUARE,E01013976,Nottingham 032D,Investigation complete; no suspect identified
09a5736320ba4ea72b283a391184e6ae9fd833f0bdae59028892c17979d5f8c4,2013-06,Nottinghamshire Police,Nottinghamshire Police,-1.193752,52.954352,On or near Supermarket,E01013979,Nottingham 027C,Investigation complete; no suspect identified
7ecd1bab26b09e318958c4dde37620b37386cbd3840dd4cbd23eb999a11802ea,2013-06,Nottinghamshire Police,Nottinghamshire Police,-1.164717,52.967942,On or near AUSTEN AVENUE,E01013847,Nottingham 017D,Investigation complete; no suspect identified
168804c482a53a5aaa9577889b8fc7126bb09e7ac8fcf5370da372b9b2945f28,2013-06,Nottinghamshire Police,Nottinghamshire Police,-1.166361,52.969176,On or near WINDERMERE ROAD,E01013845,Nottingham 017C,Suspect charged
06d752120bc0432276545e0d02386285623e5831fabe9534e245045eb40f090c,2013-06,Nottinghamshire Police,Nottinghamshire Police,-1.142053,52.954485,On or near CRANBROOK STREET,E01033407,Nottingham 039F,Investigation complete; no suspect identified
f60dd3b1f83fdb146bd3c368ae3694a7868c40328aaad63d032fc272231fb963,2013-06,Nottinghamshire Police,Nottinghamshire Police,-1.164060,52.972648,On or near SHAFTESBURY STREET,E01013844,Nottingham 017B,Investigation complete; no suspect identified
b4ed74ac3344f87e2b91ef6a6a667debc5289ffbbdfec5c8f5e5d8eecc07c35a,2013-06,Nottinghamshire Police,Nottinghamshire Police,-1.168506,52.955140,On or near DOUGLAS ROAD,E01033404,Nottingham 028G,Suspect charged
4f945bb8fa288b7a25e956994a788c0573ef95e14e76cf10419b537c646c5d86,2013-06,Nottinghamshire Police,Nottinghamshire Police,-1.157404,52.974201,On or near ERSKINE ROAD,E01013843,Nottingham 017A,Suspect charged
1997bdf6c5c62f5e851228cffc7408feb947968da018546b6bc6bab6c769d4d2,2013-06,Nottinghamshire Police,Nottinghamshire Police,-1.146942,52.957172,On or near Shopping Area,E01033409,Nottingham 023H,Investigation complete; no suspect identified
a6d180de9796b4fd2724a3bd69d4a8e4d6c731e85f517dcbe6fc6bb0d23fb5ae,2013-06,Nottinghamshire Police,Nottinghamshire Police,-1.107784,53.295313,On or near EDINBURGH ROAD,E01028067,Bassetlaw 013D,Investigation complete; no suspect identified
2e8c7ef012b5b86923214b9ec3a8dfd46a8cc8b8ae70d0a40995033e135f1ee1,2013-06,Nottinghamshire Police,Nottinghamshire Police,-1.119122,53.326175,On or near GRASMERE ROAD,E01028052,Bassetlaw 016B,Investigation complete; no suspect identified
3d691a45326982e2750fcf437978efb423e4b5fb2f21a12cb10d33c73dc76694,2013-06,Nottinghamshire Police,Nottinghamshire Police,-1.127236,53.304536,On or near KING STREET,E01028062,Bassetlaw 013C,Investigation complete; no suspect identified
5b4308290ec4e18cd8f6d4458ccb5674fcc4f2b491a34e34e08b14a3a6feaed2,2013-06,Nottinghamshire Police,Nottinghamshire Police,-1.114691,53.292901,On or near NETHERTON ROAD,E01028067,Bassetlaw 013D,Investigation complete; no suspect identified
89256789b5b3049316e319139eab75ffdf1a1b324de587addc338e64c18a637b,2013-06,Nottinghamshire Police,Nottinghamshire Police,-1.103672,53.285367,On or near Sports/Recreation Area,E01028064,Bassetlaw 014E,Investigation complete; no suspect identified
eca864f2ccf7ae9af2fd9224d88b588b07263d08b0f6675c87c1662569046f26,2013-06,Nottinghamshire Police,Nottinghamshire Police,-0.955108,53.084731,On or near KIRKBY CLOSE,E01028346,Newark and Sherwood 008B,Investigation complete; no suspect identified
c2165b07e4033af750d46e0db41608c820d4768d3f7bac17bb2040a2dd72f766,2013-06,Nottinghamshire Police,Nottinghamshire Police,-1.094332,53.178587,On or near ARCHWAY GROVE,E01028313,Newark and Sherwood 002A,Investigation complete; no suspect identified
4bd0a033449f52ca844214923f6c537c476bb530c9fb0a1cda9cd6e42f1adbb9,2013-06,Nottinghamshire Police,Nottinghamshire Police,-1.005782,53.203860,On or near Parking Area,E01028341,Newark and Sherwood 001F,Investigation complete; no suspect identified
506aa862711fd9afc8d3998123a0699b4874d6f08f6161ae7b50c6a093db7cb2,2013-06,Nottinghamshire Police,Nottinghamshire Police,-1.079543,53.073236,On or near OAKS LANE,E01028327,Newark and Sherwood 005C,Investigation complete; no suspect identified
1039e796909ba4d7b59f3c4741975ea35fdf1eca4cabaf0a7549b95fba514fa7,2013-06,Nottinghamshire Police,Nottinghamshire Police,-0.802366,53.064953,On or near RUTLAND AVENUE,E01028334,Newark and Sherwood 009D,Investigation complete; no suspect identified
3df1fc5225aedb459854a6afbb543272f50ad9a835c26e537d1f825394156248,2013-06,Nottinghamshire Police,Nottinghamshire Police,-0.790397,53.083593,On or near FARRAR CLOSE,E01028304,Newark and Sherwood 007B,Investigation complete; no suspect identified
92b89545d1f0a173c18dea97efdda6115ae28c2c3aca2f0a1edcf1c857a610ac,2013-06,Nottinghamshire Police,Nottinghamshire Police,-0.805653,53.065364,On or near BYRON CLOSE,E01028334,Newark and Sherwood 009D,Investigation complete; no suspect identified
3b4af81edc109755a5281a2646005ff6e50c5fab5bc8cc89a2e0e905413603ff,2013-06,Nottinghamshire Police,Nottinghamshire Police,-0.806573,53.062298,On or near MONTGOMERY ROAD,E01028334,Newark and Sherwood 009D,Investigation complete; no suspect identified
8d78a64570ed91b88c17a3b007bb8b18612071fbf21dd5d9ec80d35c02e19225,2013-06,Nottinghamshire Police,Nottinghamshire Police,-1.208017,53.149427,On or near HAREHOLME STREET,E01028227,Mansfield 008A,Investigation complete; no suspect identified
0fe36f535ad0d53db63715b73d2e3bebe72e4d8525a138b2c7d6b597bd0cedd1,2013-06,Nottinghamshire Police,Nottinghamshire Police,-1.201965,53.144370,On or near Pedestrian Subway,E01028284,Mansfield 008F,Investigation complete; no suspect identified
3e2984e78c46d3e708de5586545d98e676c768bb6eb8ccb6d2882041f67cef46,2013-06,Nottinghamshire Police,Nottinghamshire Police,-1.202612,53.151413,On or near WEST HILL,E01028283,Mansfield 004E,Investigation complete; no suspect identified
86c134b26553fc8375ab37efc6918bc1ba939eaed9bea0818afec4971ce96a8b,2013-06,Nottinghamshire Police,Nottinghamshire Police,-1.158750,53.123299,On or near RUDDINGTON ROAD,E01028256,Mansfield 012B,Investigation complete; no suspect identified
b56964d88974588ed94ad613878acf94dde5d36484d22cba2787533245dc8876,2013-06,Nottinghamshire Police,Nottinghamshire Police,-1.154503,53.139467,On or near MIDDLETON COURT,E01028261,Mansfield 012C,Investigation complete; no suspect identified
54c6592fda111ca4545dc871509f03bea0cc41f728a59b100a5ca19adce4f6a4,2013-06,Nottinghamshire Police,Nottinghamshire Police,-1.179694,53.141702,On or near ROCK STREET,E01028236,Mansfield 011B,Investigation complete; no suspect identified
14ee8648c7b6cffe38f630abe64f7dcb4ce927b182b33b26851ddd2685b9a649,2013-06,Nottinghamshire Police,Nottinghamshire Police,-1.182062,53.147705,On or near PATTERSON PLACE,E01028276,Mansfield 009E,Investigation complete; no suspect identified
197e6d6d6d8458e1531b57089313b26d3dd2f2eb48d992275ee9447aedf37534,2013-06,Nottinghamshire Police,Nottinghamshire Police,-1.193568,53.137698,On or near BAUM'S LANE,E01028270,Mansfield 013F,Investigation complete; no suspect identified
0a24aea741fbfbabf54a650cbb78994eb1050cba677a07e903801ff3c3adfdbc,2013-06,Nottinghamshire Police,Nottinghamshire Police,-1.192552,53.137682,On or near MEADOW AVENUE,E01028270,Mansfield 013F,Investigation complete; no suspect identified
726b4fc4d5dba5c6ec9fc17aa29a406e4ab24c423e6e64cc86e66d59f430e628,2013-06,Nottinghamshire Police,Nottinghamshire Police,-1.182904,53.131719,On or near STONE BANK,E01033390,Mansfield 013H,Investigation complete; no suspect identified
2a4ec3341a90b1836b3bbde5a370c8dc4513a8f8e0be15869d1f3aa3a1076896,2013-06,Nottinghamshire Police,Nottinghamshire Police,-1.193761,53.138553,On or near PARK VIEW WAY,E01028270,Mansfield 013F,Investigation complete; no suspect identified
65d684c4a3c0f678cd4877576c09798e3a3126971912dee44ff7d5f073c6a25d,2013-06,Nottinghamshire Police,Nottinghamshire Police,-1.155981,53.137257,On or near MACKWORTH COURT,E01028263,Mansfield 012D,Investigation complete; no suspect identified
7ad1da7ec1609b8077a91a0364affa2fd3936b3558a4dc0883707ae0dbf8eb87,2013-06,Nottinghamshire Police,Nottinghamshire Police,-1.187191,53.146868,On or near GARRATT AVENUE,E01028274,Mansfield 009C,Investigation complete; no suspect identified
58e044389a9fe3d4d056973e5a36eaf40e4b099923105419f725e216dcd4d8e6,2013-06,Nottinghamshire Police,Nottinghamshire Police,-1.181311,53.136895,On or near HEATHFIELD WAY,E01033389,Mansfield 013G,Investigation complete; no suspect identified
77a3e087ace5947f86c440a083e432cfbd5a5c971f1754815505c239c7ebc76d,2013-06,Nottinghamshire Police,Nottinghamshire Police,-1.172255,53.135978,On or near COCKLE CLOSE,E01028234,Mansfield 009B,Investigation complete; no suspect identified
073c1c31c9d4d5bd2fc8cd87799b7b1d6b61e2acf63d36a5d16b213cdf7eb8b4,2013-06,Nottinghamshire Police,Nottinghamshire Police,-1.190538,53.143826,On or near ELM TREE STREET,E01028274,Mansfield 009C,Investigation complete; no suspect identified
292f5631552c7f7f738b6c3b1cf70ed766d6b886e929c00124856a6457fd96bb,2013-06,Nottinghamshire Police,Nottinghamshire Police,-1.179228,53.108133,On or near CHESNUT CLOSE,E01027973,Ashfield 007E,Investigation complete; no suspect identified
ac316001e2f599f97b8f8bb90503c4b21fd649827507c5398f7b6192ebe9acb1,2013-06,Nottinghamshire Police,Nottinghamshire Police,-1.181073,53.143096,On or near HARCOURT STREET,E01028233,Mansfield 009A,Investigation complete; no suspect identified
d782cac214cf53fb4dc16ceec75f33bcb0d1c2c1c758f9fe547b4edd03b279bc,2013-06,Nottinghamshire Police,Nottinghamshire Police,-1.181185,53.143501,On or near KING STREET,E01028233,Mansfield 009A,Investigation complete; no suspect identified
01229cf079fea29c786aec065c5d12a7d106bce638d787d07c2d9068f9889041,2013-06,Nottinghamshire Police,Nottinghamshire Police,-1.193356,53.121902,On or near DERBY ROAD,E01028222,Mansfield 013D,Investigation complete; no suspect identified
8b7178f7ea4ae97f7ec6f665b0aa2c420e6a713108e22c38be6b5f2c0ba487b6,2013-06,Nottinghamshire Police,Nottinghamshire Police,-1.183203,53.145124,On or near GLADSTONE STREET,E01028276,Mansfield 009E,Investigation complete; no suspect identified
d90ff52d88864fc6f642f80786dd1ab1300b0c64fc381045e9fe482913655013,2013-06,Nottinghamshire Police,Nottinghamshire Police,-1.203265,53.038458,On or near Shopping Area,E01027933,Ashfield 014D,Investigation complete; no suspect identified
6c00ea7ac4463870a22b3ba2b61c96c34bf18349efa2907e4ccac25648f31f72,2013-06,Nottinghamshire Police,Nottinghamshire Police,-1.201795,53.037334,On or near TITCHFIELD TERRACE,E01027928,Ashfield 014B,Investigation complete; no suspect identified
ed30722e4ff1c3df82b90507f8b3b5800428fa7b64bf2d10976a2b5a3473d751,2013-06,Nottinghamshire Police,Nottinghamshire Police,-1.245252,53.083526,On or near HERBERT ROAD,E01027996,Ashfield 010B,Investigation complete; no suspect identified
3584663dac76565e543b65857e5c982196f01074b7e058095237e5bfec5b2586,2013-06,Nottinghamshire Police,Nottinghamshire Police,-1.240575,53.081168,On or near SEAGRAVE AVENUE,E01027997,Ashfield 010C,Investigation complete; no suspect identified
d46a2a5677dc3e7d02f431c1e344d5660a9926d0ab2ab530ffdc779582f5983a,2013-06,Nottinghamshire Police,Nottinghamshire Police,-1.198069,53.039601,On or near LINBY AVENUE,E01027933,Ashfield 014D,Investigation complete; no suspect identified
1878321d4ecbd25720d70ba59d40ed8f52c6ebea9462dee37db2e39f4e990363,2013-06,Nottinghamshire Police,Nottinghamshire Police,-1.202854,53.035696,On or near BEARDALL STREET,E01027928,Ashfield 014B,Investigation complete; no suspect identified
1dbbda41203c02c6d7391a2f79ecd0ee936b5cfcd71b6a4584eac52922a29f29,2013-06,Nottinghamshire Police,Nottinghamshire Police,-1.234512,53.103207,On or near DARLEY AVENUE,E01027951,Ashfield 007B,Investigation complete; no suspect identified
d77d74402f4eda16f1049966c86722174940078a3f46a9aa46276f7bdf614fb7,2013-06,Nottinghamshire Police,Nottinghamshire Police,-1.247991,53.127653,On or near BURN STREET,E01027977,Ashfield 004C,Investigation complete; no suspect identified
6e75229d760c3a44cfd2475b2a0f86d2a3f31ea373694e7f4de541d4199e7d8d,2013-06,Nottinghamshire Police,Nottinghamshire Police,-1.239102,53.133422,On or near BLACKMIRES WAY,E01027985,Ashfield 004E,Investigation complete; no suspect identified
ded84c378d39d33cf5c60ca4d8a4574579d44fe813faf49e198e14a688cd041a,2013-06,Nottinghamshire Police,Nottinghamshire Police,-1.249373,53.138386,On or near BINGHAM AVENUE,E01027982,Ashfield 002C,Investigation complete; no suspect identified
0256f6355e67012124846d156c9dd36f8ea92fb1f55db3412fa8910e20c9ce12,2013-06,Nottinghamshire Police,Nottinghamshire Police,-1.266389,53.145144,On or near GREENLAND ROAD,E01027981,Ashfield 001C,Investigation complete; no suspect identified
a54faf4d009eece9a1768b24f3ee1b70cbd5f24b74733706112c52f51038d783,2013-06,Nottinghamshire Police,Nottinghamshire Police,-1.273047,53.123602,On or near Petrol Station,E01027969,Ashfield 006A,Investigation complete; no suspect identified
44193a091a41f766bdef1fd1b87fe2847adc2950f042026cc8636277c5fab5c8,2013-06,Nottinghamshire Police,Nottinghamshire Police,-1.243199,53.133322,On or near CHAUCER CRESCENT,E01027985,Ashfield 004E,Investigation complete; no suspect identified
4d9411a9922ec2c5c6c529fc073e14d68c5c1e48e519a20c6014e69fdacbb0cc,2013-06,Nottinghamshire Police,Nottinghamshire Police,-1.248242,53.090988,On or near HORNBEAM WAY,E01027950,Ashfield 009C,Investigation complete; no suspect identified
ab1f32a7d66dd375e3d09e8c325605c4366d26ee2bb836c5018827366f23feca,2013-06,Nottinghamshire Police,Nottinghamshire Police,-1.237251,53.095251,On or near MARSHALL AVENUE,E01027949,Ashfield 007A,Investigation complete; no suspect identified
29800bee972d4b23538a19609d3ab3194ccc112377401f56e158136dcf4b83c6,2013-06,Nottinghamshire Police,Nottinghamshire Police,-1.261239,53.125498,On or near FOREST STREET,E01027965,Ashfield 005B,Investigation complete; no suspect identified
df8e41b6b9e20e6d27a4d102f7e5dbafc7cbe618de39ab19cbb5da0c0b12108c,2013-06,Nottinghamshire Police,Nottinghamshire Police,-1.257593,53.129808,On or near MORLEY STREET,E01027967,Ashfield 004A,Investigation complete; no suspect identified
1259a7f1d121cab3ee2c1c89733baa71c55c73177ffd0dbcdd48a1a09ef2124e,2013-06,Nottinghamshire Police,Nottinghamshire Police,-1.308966,53.133272,On or near PENNINE CLOSE,E01027986,Ashfield 003B,Investigation complete; no suspect identified
bfdf33b64050476013e8897c8aed49e9606f272df74f5c11d06e9d6144ccf04f,2013-06,Nottinghamshire Police,Nottinghamshire Police,-0.890648,52.945447,On or near GRIFFINS END,E01028371,Rushcliffe 001A,Offender given a drugs possession warning
56df8d3d1177bb8a8449b948be56f6d290315151be3c1637fb22e5cb0b776db3,2013-06,Nottinghamshire Police,Nottinghamshire Police,-1.263302,52.936429,On or near Supermarket,E01028129,Broxtowe 010B,Suspect charged
ab736cbcfaa2b4d5924e395029c81181d218692f449a704d4ea5100083b0a980,2013-06,Nottinghamshire Police,Nottinghamshire Police,-1.091936,52.954409,On or near COLWICK PARK CLOSE,E01028184,Gedling 015A,Local resolution
918f25edeb424284dc8cf256d7799e24b457a90ea2e7948e1987352eea955f2e,2013-06,Nottinghamshire Police,Nottinghamshire Police,-1.167899,53.005396,On or near Pedestrian Subway,E01013893,Nottingham 001C,Offender given a caution
918f25edeb424284dc8cf256d7799e24b457a90ea2e7948e1987352eea955f2e,2013-06,Nottinghamshire Police,Nottinghamshire Police,-1.167899,53.005396,On or near Pedestrian Subway,E01013893,Nottingham 001C,Offender given a caution
918f25edeb424284dc8cf256d7799e24b457a90ea2e7948e1987352eea955f2e,2013-06,Nottinghamshire Police,Nottinghamshire Police,-1.167899,53.005396,On or near Pedestrian Subway,E01013893,Nottingham 001C,Offender given a caution
918f25edeb424284dc8cf256d7799e24b457a90ea2e7948e1987352eea955f2e,2013-06,Nottinghamshire Police,Nottinghamshire Police,-1.167899,53.005396,On or near Pedestrian Subway,E01013893,Nottingham 001C,Offender given a caution
13b5f048c2082f660cf97fb0805682ddbe564ace9bcd22371f3a683be020f097,2013-06,Nottinghamshire Police,Nottinghamshire Police,-1.189355,52.940335,On or near Further/Higher Educational Building,E01013975,Nottingham 032C,Local resolution
11355ae73c3cb5a615fa5fba25e7eacc640c2c54f579a36838a3355faf6e1150,2013-06,Nottinghamshire Police,Nottinghamshire Police,-1.149477,52.954655,On or near KING STREET,E01033406,Nottingham 039E,Local resolution
2df4f2a679a4b5720fd7f62cf61e5c04a4369921a9722c07f45b4e16261d6ae1,2013-06,Nottinghamshire Police,Nottinghamshire Police,-1.142053,52.954485,On or near CRANBROOK STREET,E01033407,Nottingham 039F,Local resolution
c42a477b114be1ca42f25e001d5011d2ec1979876a6305a7ea64b1b5e2b0554f,2013-06,Nottinghamshire Police,Nottinghamshire Police,-0.936639,53.321282,On or near BESCOBY STREET,E01028011,Bassetlaw 008D,Local resolution
350ed1d72a06b0f3f1de8c4fba2efdfc5d66f5c7f260970c22d33cdb8fae6684,2013-06,Nottinghamshire Police,Nottinghamshire Police,-1.214248,52.987229,On or near WOODLAND DRIVE,E01028120,Broxtowe 016D,Offender given a drugs possession warning
6b881cb323ff4a791029483194df83f639d400da8ca259fd9b49c00b4eaf9529,2013-06,Nottinghamshire Police,Nottinghamshire Police,-1.127606,53.004442,On or near Supermarket,E01028209,Gedling 005D,Offender given a caution
38d3613aea14bf5ea13af7dd6eca6b571ba0df3909e09279bee6af9249c28365,2013-06,Nottinghamshire Police,Nottinghamshire Police,-1.138644,52.957508,On or near SCARBOROUGH STREET,E01033401,Nottingham 023F,Offender given a drugs possession warning
7ac93dcb2ed360c5409c3fbacde408798bdd9da0a2b5991722a543865c027562,2013-06,Nottinghamshire Police,Nottinghamshire Police,-1.193088,52.904429,On or near BETULA CLOSE,E01013909,Nottingham 036C,Local resolution
d8dcdbcd28508b49ba3724b004a8458e71716df7d74083c8d244d6915294a269,2013-06,Nottinghamshire Police,Nottinghamshire Police,-1.178833,52.907406,On or near HERVEY GREEN,E01013897,Nottingham 035A,Offender given a drugs possession warning
d02bc923b4d8ebaa2f5616d3d59c883385c3b030aca52531ae4f251db695b40a,2013-06,Nottinghamshire Police,Nottinghamshire Police,-1.166036,52.945055,On or near Supermarket,E01013870,Nottingham 040A,Local resolution
b39ada2bf9c7f9f79b97fea65d3d8c3a85a84cd7014f4183666d849edd08005a,2013-06,Nottinghamshire Police,Nottinghamshire Police,-1.145420,52.972479,On or near TAVISTOCK AVENUE,E01013938,Nottingham 015B,Local resolution
f6e978fbf2b904a4515af303bdff41cc8576a2baaed6cf25813f38c9d18a97f4,2013-06,Nottinghamshire Police,Nottinghamshire Police,-1.133521,52.954630,On or near DAKEYNE STREET,E01013957,Nottingham 029E,Offender given a caution
d2e9239c94490e70491d3b1edb6bcd420130a0ff0299307dbe5678f3540c0969,2013-06,Nottinghamshire Police,Nottinghamshire Police,-1.144810,52.936984,On or near RIVER VIEW,E01013874,Nottingham 039A,Suspect charged
baebcf6db9d1488f51fbdaf87bd4e2d64655a0368ed9ed0fdf370b8d5c119f8d,2013-06,Nottinghamshire Police,Nottinghamshire Police,-0.811141,53.077986,On or near B6166,E01028311,Newark and Sherwood 007G,Investigation complete; no suspect identified
a8e316f0767a1f782ac406e9b407439b3f614768923b1b7aeca6bdfbbd33a6f9,2013-06,Nottinghamshire Police,Nottinghamshire Police,-0.793533,53.088929,On or near LINCOLN ROAD,E01028306,Newark and Sherwood 007D,Investigation complete; no suspect identified
d1c32ff699d6a5e3d565284f753cf5f30ad435c244d19df6a21e4b1148c56378,2013-06,Nottinghamshire Police,Nottinghamshire Police,-0.792943,53.087071,On or near BARROWS GATE,E01028304,Newark and Sherwood 007B,Investigation complete; no suspect identified
f499342a3cd287523766490ff595a29377e8eaf199af74b6d63483be2b12ae48,2013-06,Nottinghamshire Police,Nottinghamshire Police,-0.779987,53.055206,On or near Supermarket,E01028287,Newark and Sherwood 011C,Investigation complete; no suspect identified
58fd3c771df118993787696839ec90e0a9328e19f191912a4048f514c190120e,2013-06,Nottinghamshire Police,Nottinghamshire Police,-0.953744,53.307563,On or near RUFFORD AVENUE,E01028017,Bassetlaw 010A,Investigation complete; no suspect identified
8aeb5fd8985e02ad1c9e034fca9992c93dec076f2865be836ff291b1b030b08f,2013-06,Nottinghamshire Police,Nottinghamshire Police,-0.952237,53.304727,On or near LOCKWOOD DRIVE,E01028018,Bassetlaw 010B,Investigation complete; no suspect identified
3a0af10b1e5b3b1ebb66c0e38bb3d9bed9536b4bf5725d1f4a97a2ff3ebfd098,2013-06,Nottinghamshire Police,Nottinghamshire Police,-0.964105,53.394695,On or near HALL VIEW,E01028034,Bassetlaw 003B,Investigation complete; no suspect identified
ab2732e46dbf13309d9c1c735dfdf74208002cfb057df8a938f3f033730719b7,2013-06,Nottinghamshire Police,Nottinghamshire Police,-0.980929,53.353948,On or near CLYRO PLACE,E01028036,Bassetlaw 003C,Investigation complete; no suspect identified
8fa9b2349638ba2f2d531c86440d52e9afce11fd3ea1249810c292299dbecbf2,2013-06,Nottinghamshire Police,Nottinghamshire Police,-1.061476,53.421531,On or near EAST STREET,E01028026,Bassetlaw 001D,Investigation complete; no suspect identified
3444b098fe69d5ba44b93879be8bc31d75d264b447959bec29b60996661a034a,2013-06,Nottinghamshire Police,Nottinghamshire Police,-0.817081,53.351511,On or near NORTH STREET,E01028035,Bassetlaw 002E,Investigation complete; no suspect identified
a99481078116c2974db533cb2083b76093c129c97e2ecd3738b6ad2ff7fe83b1,2013-06,Nottinghamshire Police,Nottinghamshire Police,-0.953461,53.317907,On or near DEVONSHIRE ROAD,E01028021,Bassetlaw 010E,Investigation complete; no suspect identified
24cfa0623f0af71e4d91f4787e4af007e9be7e3eecfa867f1721eedaa2289f89,2013-06,Nottinghamshire Police,Nottinghamshire Police,-0.846285,53.426101,On or near NORTH MOOR DRIVE,E01027999,Bassetlaw 002A,Investigation complete; no suspect identified
931e7b61bfcaf6925235230f2d02b5201d9e11102488b46fe10d5361e41638b3,2013-06,Nottinghamshire Police,Nottinghamshire Police,-0.956388,53.333295,On or near LOWFIELD,E01028014,Bassetlaw 005B,Investigation complete; no suspect identified
3430ea59f88017470200a7c9ced54bdde1faf8b1db1f2b64eeff3a96f7f19def,2013-06,Nottinghamshire Police,Nottinghamshire Police,-0.934917,53.323496,On or near ALMA ROAD,E01028011,Bassetlaw 008D,Investigation complete; no suspect identified
b6e788d47f3baeeb13ccf15eedff191b270e71655f1462e2332de4419dab9db6,2013-06,Nottinghamshire Police,Nottinghamshire Police,-0.953429,53.335786,On or near AURILLAC WAY,E01028014,Bassetlaw 005B,Investigation complete; no suspect identified
a94dc1096aba5ad7245d5f9e05e2b9c69936efbfb2142c00d815b7c53c17f137,2013-06,Nottinghamshire Police,Nottinghamshire Police,-1.059461,53.420077,On or near WOODSIDE VIEW,E01028026,Bassetlaw 001D,Investigation complete; no suspect identified
a8062a1ab8c76eccf06ca49d6c6a2d17447feab0be754ad5defe2bc6a04ead2a,2013-06,Nottinghamshire Police,Nottinghamshire Police,-0.927252,53.304074,On or near ARNOLD AVENUE,E01028010,Bassetlaw 008C,Investigation complete; no suspect identified
b8c1b36a8c54299a9a721cdba3f44a045f70caaaf1993e236d4af16c50caca2d,2013-06,Nottinghamshire Police,Nottinghamshire Police,-0.977796,53.354919,On or near PORTLAND PLACE,E01028036,Bassetlaw 003C,Investigation complete; no suspect identified
6a517e4d81df8fe02208f9de66fb0eb7c5ada87e200f425b7c862d26a5d559a5,2013-06,Nottinghamshire Police,Nottinghamshire Police,-1.191581,53.171888,On or near PINE CLOSE,E01028278,Mansfield 003E,Investigation complete; no suspect identified
72d7c3e7189ef79d147f6d3101b20769704023a8e8fc2e6e710ee918f223b846,2013-06,Nottinghamshire Police,Nottinghamshire Police,-1.208777,53.147121,On or near LADYBROOK LANE,E01028227,Mansfield 008A,Investigation complete; no suspect identified
f18003765a211e1a1c351fbf6645f9d8a269227d9c398add414cedaf2adb8453,2013-06,Nottinghamshire Police,Nottinghamshire Police,-1.194747,53.153805,On or near ORCHARD STREET,E01028284,Mansfield 008F,Investigation complete; no suspect identified
7e31b571dab2f687182758367ec02028f54389570c1690732fcbe3951f3af559,2013-06,Nottinghamshire Police,Nottinghamshire Police,-1.196691,53.136155,On or near BAUM'S LANE,E01028220,Mansfield 013B,Offender given a drugs possession warning
40fd8f940f8ea40d26caea8d752b967400e7c9871921a1ff026b5129e330fff3,2013-06,Nottinghamshire Police,Nottinghamshire Police,-1.196177,53.142057,On or near CLERKSON STREET,E01028268,Mansfield 008D,Investigation complete; no suspect identified
12fd63afd96de631dcdb098e566c62f274fe9b1d3841d80d6d99aaf3057730ae,2013-06,Nottinghamshire Police,Nottinghamshire Police,-1.199465,53.141315,On or near PORTLAND STREET,E01028268,Mansfield 008D,Investigation complete; no suspect identified
e66bf7a887a3d49d93aefb8c4f46b09088422c42cb24c415e43d279cc0117eb7,2013-06,Nottinghamshire Police,Nottinghamshire Police,-1.199465,53.141315,On or near PORTLAND STREET,E01028268,Mansfield 008D,Investigation complete; no suspect identified
ea1a552c8a81c3fd61e5b9bb357f75d235947b3c3adefa944c715e5e78e74499,2013-06,Nottinghamshire Police,Nottinghamshire Police,-1.201965,53.144370,On or near Pedestrian Subway,E01028284,Mansfield 008F,Investigation complete; no suspect identified
3527e447bdf6db497751764d2cc53dd0248022b0bd327ea73cf386506cbc8bb7,2013-06,Nottinghamshire Police,Nottinghamshire Police,-1.203265,53.038458,On or near Shopping Area,E01027933,Ashfield 014D,Offender given a drugs possession warning
f752890a8e84daa9d47d61f34c2e894cf33cc13a4211391ec1fb5f4fa01e3639,2013-06,Nottinghamshire Police,Nottinghamshire Police,-1.200331,53.037423,On or near PARKER STREET,E01027933,Ashfield 014D,Offender given a drugs possession warning
3b837b183490ca6dc0eb70f45f6926d2a86bd73c1acf4c722e5c515681a5119d,2013-06,Nottinghamshire Police,Nottinghamshire Police,-1.190558,53.025743,On or near ORCHID CROFT,E01027929,Ashfield 013A,Investigation complete; no suspect identified
3cbee0a8af1c30e1397ca680a871abc9aac731ecce94b9a29841b344b3b3eef8,2013-06,Nottinghamshire Police,Nottinghamshire Police,-1.303254,53.126893,On or near CHURCHMEAD,E01027990,Ashfield 003D,Investigation complete; no suspect identified
ce699c482ca24e4b236aef8467e6956a66ea70b9e7d6da7756f8850e16dfe2e0,2013-06,Nottinghamshire Police,Nottinghamshire Police,-1.255497,53.141256,On or near STAMPER CRESCENT,E01027982,Ashfield 002C,Offender given a caution
eb2a2239556912dc513c17d8d5b8e9ace60c1df0889f5052997c8645b48b22b3,2013-06,Nottinghamshire Police,Nottinghamshire Police,-1.238677,53.132053,On or near Sports/Recreation Area,E01027985,Ashfield 004E,Offender given a caution
eb2a2239556912dc513c17d8d5b8e9ace60c1df0889f5052997c8645b48b22b3,2013-06,Nottinghamshire Police,Nottinghamshire Police,-1.238677,53.132053,On or near Sports/Recreation Area,E01027985,Ashfield 004E,Offender given a caution
61ccfd8ddee21d171b8d78fb350a4a6f8be56987d528f6059de63b69ad3a0c24,2013-06,Nottinghamshire Police,Nottinghamshire Police,-1.245509,53.128599,On or near GARDEN LANE,E01027985,Ashfield 004E,Offender given a caution
92b48cd0f513c2697b7c50b949472a02b9ea1babc827db765c2bea4af6775f6d,2013-06,Nottinghamshire Police,Nottinghamshire Police,-1.251149,53.135970,On or near WESTDALE AVENUE,E01027982,Ashfield 002C,Investigation complete; no suspect identified
96e80da10901d1914cac0778ca0c7de71818e805ef238b7dfa07a182afdf1b4c,2013-06,Nottinghamshire Police,Nottinghamshire Police,-1.278518,53.139555,On or near CROSS ROW,E01027983,Ashfield 001D,Investigation complete; no suspect identified
ecefa34def65ca2167fe03ca171dd22cef978288a9364bdcbde9ed4442e2816a,2013-06,Nottinghamshire Police,Nottinghamshire Police,-1.263820,53.124867,On or near MARKET STREET,E01027968,Ashfield 005C,Investigation complete; no suspect identified
6951019a503a149cff0544381e60c6a0c98d74527d756cc223309ea3ee4b6d46,2013-06,Nottinghamshire Police,Nottinghamshire Police,-1.262884,53.143792,On or near VICARAGE COURT,E01027979,Ashfield 001A,Investigation complete; no suspect identified
325e5dec5c496e3c6c99d040bfab4f538030002d2ec51f68d68c7bdfee2637ec,2013-06,Nottinghamshire Police,Nottinghamshire Police,-1.281311,53.141495,On or near WHARF ROAD,E01027980,Ashfield 001B,Investigation complete; no suspect identified
dc37072249cb81bf06616c6a564a40a17b060b225b7d93b39a089b3ba32cbdb1,2013-06,Nottinghamshire Police,Nottinghamshire Police,-1.147186,52.939473,On or near WOOLMER ROAD,E01013872,Nottingham 040C,Offender given a drugs possession warning
986b7d3a4e645da2acd3d4044f11d09103c66cfeaa51de3652ccc51bf14f04c2,2013-06,Nottinghamshire Police,Nottinghamshire Police,-1.147947,52.939389,On or near GLAPTON ROAD,E01013873,Nottingham 040D,Offender given a drugs possession warning
e0390cfbdc0dfbfc630b8b5a27960242c95da5028b8cf78bbd876efcb75a93da,2013-06,Nottinghamshire Police,Nottinghamshire Police,-1.159091,52.940970,On or near CASTLETON CLOSE,E01013870,Nottingham 040A,Suspect charged
2a13792e381cf9d99e4a967243f0d098b015a221dbf991dc247e02e5081b7f85,2013-06,Nottinghamshire Police,Nottinghamshire Police,-1.172712,52.998418,On or near SOUTHGLADE ROAD,E01013893,Nottingham 001C,Local resolution
03751c3a725fe120dc8d11b260df5094de4d1d7b130d36f2dd16b28193772542,2013-06,Nottinghamshire Police,Nottinghamshire Police,-1.148837,52.956215,On or near Supermarket,E01033409,Nottingham 023H,Suspect charged
6b458b4db76ff953afe3e5645de51e7c4e43a33dd9e2d02e4f80f0f6b74a7d2c,2013-06,Nottinghamshire Police,Nottinghamshire Police,-1.155787,52.970791,On or near PELHAM ROAD,E01013843,Nottingham 017A,Offender given penalty notice
ff6ce9daca277500172ddfddd065070d0694b2c74425bc2b0a2002fecea3eb2d,2013-06,Nottinghamshire Police,Nottinghamshire Police,-0.817435,53.073293,On or near PARLIAMENT COURT,E01028311,Newark and Sherwood 007G,Suspect charged
c1e37b600c85631f57ee1fc560521674915c8465a872014153e138855734edcd,2013-06,Nottinghamshire Police,Nottinghamshire Police,-0.809559,53.079597,On or near HANDLEY COURT,E01028310,Newark and Sherwood 007F,Suspect charged
8c8681bb353db8ac50d94a8fac676f0d6bc3c52d978e2bbc13e1564968f3c946,2013-06,Nottinghamshire Police,Nottinghamshire Police,-0.933109,53.317134,On or near WHARTON STREET,E01028012,Bassetlaw 008E,Suspect charged
63fbb2c12b0d462dd29c66aacec80f931da36318ffa932e772f9e6b592e804c8,2013-06,Nottinghamshire Police,Nottinghamshire Police,-1.161534,53.123103,On or near SHELTON ROAD,E01028256,Mansfield 012B,Offender given a caution
5c7099f17c8330072038420ce02ef98943501850e64e2bc4b1bafda1167e3218,2013-06,Nottinghamshire Police,Nottinghamshire Police,-1.195665,53.031728,On or near WHYBURN STREET,E01027931,Ashfield 013B,Local resolution
979664bb9ebb2172d386a95bbcf65a10f593c96ff85f3c7890ed66605411a367,2013-06,Nottinghamshire Police,Nottinghamshire Police,-1.202514,53.037950,On or near HIGH STREET,E01027928,Ashfield 014B,Suspect charged
7d9a817e9b737024d5bcc6697f81f6adf7bed4ec2bf97b1a7e7f3be7062e94d0,2013-06,Nottinghamshire Police,Nottinghamshire Police,-1.212707,53.042513,On or near Supermarket,E01027943,Ashfield 015D,Suspect charged
b62ba7b4273de34fe97e7945133b246753ef612b87fd27e18a12d072b5852501,2013-06,Nottinghamshire Police,Nottinghamshire Police,-1.256963,53.121291,On or near Sports/Recreation Area,E01027972,Ashfield 004B,Suspect charged
9b459395d7e2e5aabb556e2a95a5c235e7d2a745274665ee55ec349643daad4a,2013-06,Nottinghamshire Police,Nottinghamshire Police,-1.256963,53.121291,On or near Sports/Recreation Area,E01027972,Ashfield 004B,Suspect charged
07e0608d44ed71df5240ae2794e736d4532c2602b31d316c2cf61aacd8d649e1,2013-06,Nottinghamshire Police,Nottinghamshire Police,-1.268430,53.120940,On or near BEELEY AVENUE,E01027969,Ashfield 006A,Suspect charged
25a2aaa5cc9ee43a4021da70f7e0632972e93d1410b4ecf12e09afe199cd8ac9,2013-06,Nottinghamshire Police,Nottinghamshire Police,-1.125791,52.931947,On or near Shopping Area,E01028416,Rushcliffe 005D,Investigation complete; no suspect identified
79801afce72354a3d50cff64eb5e5c606f8c834a21781f7bdfe29315940a132b,2013-06,Nottinghamshire Police,Nottinghamshire Police,-1.129440,52.928072,On or near GLEBE ROAD,E01028398,Rushcliffe 005B,Investigation complete; no suspect identified
f4d168af926344af8992b196f9a0401d53345dc58ec3e392d42e76049d41d4ef,2013-06,Nottinghamshire Police,Nottinghamshire Police,-0.973397,52.948438,On or near COLTSFOOT CLOSE,E01028360,Rushcliffe 002D,Investigation complete; no suspect identified
feb5d988c64ac84ac21f0abb7b8b04e049ede8da9332780d6c1811d19e2216b0,2013-06,Nottinghamshire Police,Nottinghamshire Police,-0.915218,52.900221,On or near COACH GAP LANE,E01028420,Rushcliffe 010C,Investigation complete; no suspect identified
b0bb9df515b7bf20678e8a559c703a188e2115f53a02d007a4dafae9e03c8da3,2013-06,Nottinghamshire Police,Nottinghamshire Police,-0.972477,52.948969,On or near ANGELICA COURT,E01028361,Rushcliffe 002E,Investigation complete; no suspect identified
2e8876f8bbb80b844b969a94f66e10afb4a34715ac5f91323931b52d3609d02e,2013-06,Nottinghamshire Police,Nottinghamshire Police,-1.237226,52.997806,On or near WATNALL ROAD,E01028124,Broxtowe 004F,Investigation complete; no suspect identified
c3895052ab669781216bc9c8c3ba7e03fafbb260764443b5599b77ba1a161a3d,2013-06,Nottinghamshire Police,Nottinghamshire Police,-1.270686,53.000785,On or near JUBILEE STREET,E01028105,Broxtowe 016A,Investigation complete; no suspect identified
0402cf40ac47dc810ff81662fcf9f26ad0f83726fec948806bcf8134971d85e3,2013-06,Nottinghamshire Police,Nottinghamshire Police,-1.297386,53.016524,On or near THREE TUNS ROAD,E01028114,Broxtowe 001E,Investigation complete; no suspect identified
2bfc7b794ba4eefb01e8932e5b208721919569a8073ee424ef71cdf103a401a4,2013-06,Nottinghamshire Police,Nottinghamshire Police,-1.287487,52.993066,On or near ATTEWELL ROAD,E01033413,Broxtowe 016G,Investigation complete; no suspect identified
1ae73946e5691a8f7a9bcca2a32bc0180fff3756f74f5523ee8c89a8b47c2f71,2013-06,Nottinghamshire Police,Nottinghamshire Police,-1.316464,53.043082,On or near HOBSIC CLOSE,E01028093,Broxtowe 001B,Investigation complete; no suspect identified
a66624d13709dc101b7e89cc5c20ddef41a430d3d8129c14eb8e10cdd34b5f10,2013-06,Nottinghamshire Police,Nottinghamshire Police,-1.280369,52.998237,On or near GIN CLOSE WAY,E01028115,Broxtowe 003B,Investigation complete; no suspect identified
94c85281776cdccb5ecbc6dac9a20a720950934cc640c10634541a8a209cc52b,2013-06,Nottinghamshire Police,Nottinghamshire Police,-1.078713,52.965176,On or near VICTORIA ROAD,E01028158,Gedling 014D,Investigation complete; no suspect identified
e2e0d98a9c7d58aa1fc1c11b37bee481726e2d3483843bac1d20c1aa9d0f54a5,2013-06,Nottinghamshire Police,Nottinghamshire Police,-1.077641,52.963756,On or near Supermarket,E01028186,Gedling 015C,Investigation complete; no suspect identified
c5a8131f967728f1da66989121d69f34d66feaf7f32f322250ae79863ab2e4cf,2013-06,Nottinghamshire Police,Nottinghamshire Police,-1.090740,52.966743,On or near Supermarket,E01028158,Gedling 014D,Investigation complete; no suspect identified
13607bc59fba34d117caca57fa19a5c4689692ee8a325da4c7236d4c0973b9a0,2013-06,Nottinghamshire Police,Nottinghamshire Police,-1.220655,52.928372,On or near Sports/Recreation Area,E01028084,Broxtowe 009E,Investigation complete; no suspect identified
449cbb7e7e88eb6f1b79a5f9e626354c7966f74d5b2009c87e815c91c8d2502f,2013-06,Nottinghamshire Police,Nottinghamshire Police,-1.228186,52.939011,On or near MAGNOLIA COURT,E01028076,Broxtowe 009A,Investigation complete; no suspect identified
1683ab1bcd4120d9bb925468ee2af8b42fc7fe1f8a54fe15639480c884b38d43,2013-06,Nottinghamshire Police,Nottinghamshire Police,-1.213467,52.926833,On or near ACACIA WALK,E01028073,Broxtowe 011A,Investigation complete; no suspect identified
4090714d9773f46bf1adc688dfa58fe8fc112fce0de81e14fea22bce18d3d8b9,2013-06,Nottinghamshire Police,Nottinghamshire Police,-1.264441,52.913971,On or near CLEVE AVENUE,E01028135,Broxtowe 015A,Investigation complete; no suspect identified
2e91d893fd7a6b0616ae8212b3db3f5336b3726b4c4f9aacc6c29b4ad954c700,2013-06,Nottinghamshire Police,Nottinghamshire Police,-1.275648,52.928603,On or near Supermarket,E01028133,Broxtowe 010F,Investigation complete; no suspect identified
e72470aa48ea995aea59ae9deddd1a2083acf2014aa7aea80f58aad9fa2d8a6c,2013-06,Nottinghamshire Police,Nottinghamshire Police,-1.203879,52.927272,On or near Petrol Station,E01028075,Broxtowe 011C,Investigation complete; no suspect identified
a5b2f955ed92e2b60d6acfc5f07cce59172fbf90dd97e5e5d90fdce4d67445d0,2013-06,Nottinghamshire Police,Nottinghamshire Police,-1.267031,52.961371,On or near Petrol Station,E01033412,Broxtowe 016F,Investigation complete; no suspect identified
9c6d2c93acc0d783a900a462ed7844dab4d15d097165285b310e26aa7fbbdb56,2013-06,Nottinghamshire Police,Nottinghamshire Police,-1.210164,52.930955,On or near BROADGATE AVENUE,E01028079,Broxtowe 009D,Investigation complete; no suspect identified
9dd4b3c60922e24512e5f5f7011655639c21d335ed45d25391e403934f4c01d5,2013-06,Nottinghamshire Police,Nottinghamshire Police,-1.240053,52.937703,On or near THE JARDINES,E01028089,Broxtowe 007C,Investigation complete; no suspect identified
029971e731ffcfd460b351d99d8cffba1845effba70b458ef88c270944f4f2b4,2013-06,Nottinghamshire Police,Nottinghamshire Police,-1.133977,52.999599,On or near Supermarket,E01028165,Gedling 006B,Investigation complete; no suspect identified
ac04888a82216c369abdf6d67a8f9be28adff0e0935b4b9a5f4ee0356f048495,2013-06,Nottinghamshire Police,Nottinghamshire Police,-1.161047,53.015964,On or near LUDGATE CLOSE,E01028146,Gedling 016B,Investigation complete; no suspect identified
837d34b4ec5cfc2913d246549a66c1253e4154570d28881bc113db49b2dbeca7,2013-06,Nottinghamshire Police,Nottinghamshire Police,-1.166036,52.945055,On or near Supermarket,E01013870,Nottingham 040A,Suspect charged
4fffadd974688d3f39238ddbf47138ded0357ce64592b444a079c1574537f907,2013-06,Nottinghamshire Police,Nottinghamshire Police,-1.162707,52.945589,On or near Petrol Station,E01013870,Nottingham 040A,Suspect charged
f3f76486282969bad74cb0617ff93fb38705d52c256e8c1c53d7c08ca3aff970,2013-06,Nottinghamshire Police,Nottinghamshire Police,-1.166036,52.945055,On or near Supermarket,E01013870,Nottingham 040A,Suspect charged
98de94df229cbe787b58caf9f192e827565ae198c08c18852891dabca8a03200,2013-06,Nottinghamshire Police,Nottinghamshire Police,-1.220221,52.974027,On or near Petrol Station,E01013822,Nottingham 011C,Investigation complete; no suspect identified
d1c36ccd1ed6bcafd7f68db8291035547f40caf12b3ba82c04e065a0bfbb2ef9,2013-06,Nottinghamshire Police,Nottinghamshire Police,-1.201563,52.982830,On or near ATHERTON RISE,E01013825,Nottingham 011D,Investigation complete; no suspect identified
a466316b0e9ebfc36517edc1a6b840a554a50b42c8a3cddaf89441c228f78e15,2013-06,Nottinghamshire Police,Nottinghamshire Police,-1.191825,52.999430,On or near DURHAM CRESCENT,E01013888,Nottingham 004B,Investigation complete; no suspect identified
27a48db56000ad75d580e44925ae6b62c297b438af91cdd0e8ddf3998d0a7bda,2013-06,Nottinghamshire Police,Nottinghamshire Police,-1.241303,52.958126,On or near STAGSDEN CRESCENT,E01013862,Nottingham 025C,Investigation complete; no suspect identified
669d45734b7943df29613d031c4e1d17b28cacff56b9630d7b03aa52ceb3046c,2013-06,Nottinghamshire Police,Nottinghamshire Police,-1.185944,52.999939,On or near EDGWARE ROAD,E01013890,Nottingham 004D,Investigation complete; no suspect identified
52c7d76f683eb8a0e3720a79d8dd680c3d97d8134415707a2a523c2565ca94e8,2013-06,Nottinghamshire Police,Nottinghamshire Police,-1.196631,52.981331,On or near TAVERN AVENUE,E01013819,Nottingham 013A,Investigation complete; no suspect identified
c8f26423106b5732adb16d417693517f233b7e733d5e6f858253140cb25d207b,2013-06,Nottinghamshire Police,Nottinghamshire Police,-1.183254,53.012209,On or near ARDLEIGH CLOSE,E01013892,Nottingham 001B,Investigation complete; no suspect identified
edeebcc55d9d18a862df24339b4d6207151e789aa74c1b265179c9ca025456ce,2013-06,Nottinghamshire Police,Nottinghamshire Police,-1.152181,53.005950,On or near LONGFELLOWS CLOSE,E01013852,Nottingham 038D,Investigation complete; no suspect identified
48825e22589580138b13ec9a063e4c3fc87e0a39b431dfdc72eacdb941bbfd45,2013-06,Nottinghamshire Police,Nottinghamshire Police,-1.169147,52.965195,On or near Parking Area,E01013811,Nottingham 018B,Investigation complete; no suspect identified
228b23a7a77457a9fc0036f540653086cb0f17d5333a29a54fa4fbb7efbec533,2013-06,Nottinghamshire Police,Nottinghamshire Police,-1.155052,52.956547,On or near Parking Area,E01013816,Nottingham 022D,Investigation complete; no suspect identified
b22cc3aaad10bf75423745b33d8bdd37a4d34efef1d644c7538324b317fc593a,2013-06,Nottinghamshire Police,Nottinghamshire Police,-1.142053,52.954485,On or near CRANBROOK STREET,E01033407,Nottingham 039F,Investigation complete; no suspect identified
fe91aa95c7c12cb6859879238723f767bb62f746ede0423ea4474c3012f4eb94,2013-06,Nottinghamshire Police,Nottinghamshire Police,-1.164316,52.955551,On or near HERMON STREET,E01033404,Nottingham 028G,Investigation complete; no suspect identified
89d843c8965e78e3982d729b5ddaee5eb50a4b8a09a6d754f27785dbfba2700a,2013-06,Nottinghamshire Police,Nottinghamshire Police,-1.147443,52.947602,On or near CARRINGTON STREET,E01033400,Nottingham 039B,Investigation complete; no suspect identified
f7b2e1aa0fc220c7c46102cea6e7a207b2383edffcadd226115918e61f613d92,2013-06,Nottinghamshire Police,Nottinghamshire Police,-1.165527,52.968433,On or near LAURIE AVENUE,E01013846,Nottingham 018E,Investigation complete; no suspect identified
673003bdba254c4107b02e9476901d6c6255db3c555c66a9092fa77062132794,2013-06,Nottinghamshire Police,Nottinghamshire Police,-1.157499,52.963944,On or near FOREST ROAD EAST,E01013815,Nottingham 022C,Investigation complete; no suspect identified
47a3d75f4b584667ea2aea3e6f71a4db4b9bb67432f089decc291facc4bdb375,2013-06,Nottinghamshire Police,Nottinghamshire Police,-1.172552,52.967790,On or near SELHURST STREET,E01013811,Nottingham 018B,Investigation complete; no suspect identified
3a2724d85db2e612d1020512281cac778faf6c1a344d3e73e8db0a8e5b5a1026,2013-06,Nottinghamshire Police,Nottinghamshire Police,-1.173258,52.947191,On or near CHILWELL STREET,E01033408,Nottingham 031H,Investigation complete; no suspect identified
5c93d23519ae7bc04f89410e9ab46c6abe383f875ea7b715073b3ab5edd0ad9c,2013-06,Nottinghamshire Police,Nottinghamshire Police,-1.146168,52.954910,On or near Shopping Area,E01033406,Nottingham 039E,Investigation complete; no suspect identified
fa263c97a535949a9a2cdd1a182c0d8f3fcf76ffeb50ec157714efb1fd28ecec,2013-06,Nottinghamshire Police,Nottinghamshire Police,-1.148374,52.982047,On or near ST ALBANS STREET,E01013969,Nottingham 010C,Investigation complete; no suspect identified
3db5be01a39036eec62471a59b78e72ceb3b1f7a2b134fa5f8f658ad5fbce9cb,2013-06,Nottinghamshire Police,Nottinghamshire Police,-1.179467,52.946218,On or near GREGORY STREET,E01033410,Nottingham 031I,Investigation complete; no suspect identified
f90d67af7d2b209668f937ea4318719070408feb9085b1b3098c801fa78464d3,2013-06,Nottinghamshire Police,Nottinghamshire Police,-1.179467,52.946218,On or near GREGORY STREET,E01033410,Nottingham 031I,Investigation complete; no suspect identified
762aa3c994ef032074cbb7559c7df10aa61a0b2fe8e68ee5517bf0ec3651f0da,2013-06,Nottinghamshire Police,Nottinghamshire Police,-1.151702,52.955849,On or near Theatre/Concert Hall,E01013816,Nottingham 022D,Investigation complete; no suspect identified
175e0f754e4310e7e9f1a80191bbeb37950a550ea9e6d7a02df3ec66acf7411b,2013-06,Nottinghamshire Police,Nottinghamshire Police,-1.103652,52.971650,On or near Sports/Recreation Area,E01028211,Gedling 013E,Investigation complete; no suspect identified
dc15703881f5b022a7fb1a080435132e1a441fe0a438d88afc2161282d9188c3,2013-06,Nottinghamshire Police,Nottinghamshire Police,-1.183613,52.944188,On or near EAST ROAD,E01013926,Nottingham 031E,Investigation complete; no suspect identified
bb8575e5400dc06ae201e7890a078f66cb7b68ed46b99ab9aa7ae9d59750f773,2013-06,Nottinghamshire Police,Nottinghamshire Police,-1.152397,52.953777,On or near LONG ROW WEST,E01033400,Nottingham 039B,Investigation complete; no suspect identified
e7cbbc42dd357294a01d0dccaf3c07c54680d3e34877c7d728a7ca925fa3d4cf,2013-06,Nottinghamshire Police,Nottinghamshire Police,-1.224719,52.955673,On or near SUNNY ROW,E01013980,Nottingham 030A,Investigation complete; no suspect identified
8d61a62b389b4e74547a7f00e1921db22138ecad8c2e7bd00800c9c69fb7cf81,2013-06,Nottinghamshire Police,Nottinghamshire Police,-1.142980,52.953539,On or near Nightclub,E01033406,Nottingham 039E,Investigation complete; no suspect identified
426646c30aa8980520baff9e681fe0ed9d25b93f52c76798276010bb00561564,2013-06,Nottinghamshire Police,Nottinghamshire Police,-1.140666,52.983142,On or near APPLEWOOD GROVE,E01013968,Nottingham 010B,Investigation complete; no suspect identified
8465da2ceff8935dfb6d0b18bc8ff4ecfa8a8d5ae3a28c8f6b3bf19f1af196eb,2013-06,Nottinghamshire Police,Nottinghamshire Police,-1.150876,52.985086,On or near Further/Higher Educational Building,E01013966,Nottingham 007D,Investigation complete; no suspect identified
ddb54eba023d078f89e9558c67cd86b0f54350a734e16fa4bcfc086d293805e8,2013-06,Nottinghamshire Police,Nottinghamshire Police,-1.177468,52.963752,On or near RADFORD BOULEVARD,E01013944,Nottingham 026A,Investigation complete; no suspect identified
168804c482a53a5aaa9577889b8fc7126bb09e7ac8fcf5370da372b9b2945f28,2013-06,Nottinghamshire Police,Nottinghamshire Police,-1.166361,52.969176,On or near WINDERMERE ROAD,E01013845,Nottingham 017C,Suspect charged
9c6ae62493000805f4f9af6e52da22a6fd26faf76c72b2607e8b6544480187ec,2013-06,Nottinghamshire Police,Nottinghamshire Police,-1.152664,52.951541,On or near Pedestrian Subway,E01032522,Nottingham 028F,Investigation complete; no suspect identified
bfafc3c7d4107f35e2d9fe815c7fb6b42e12ee8689d76f54046ef60ee023455d,2013-06,Nottinghamshire Police,Nottinghamshire Police,-1.220975,52.953635,On or near RECTORY AVENUE,E01013982,Nottingham 030B,Investigation complete; no suspect identified
5f25d1f4556247de5ca8221332cb542cb6e8a6e3a894f75a76b98c6c0947e515,2013-06,Nottinghamshire Police,Nottinghamshire Police,-1.174002,52.936211,On or near CLIFTON BOULEVARD,E01013928,Nottingham 031G,Investigation complete; no suspect identified
4f945bb8fa288b7a25e956994a788c0573ef95e14e76cf10419b537c646c5d86,2013-06,Nottinghamshire Police,Nottinghamshire Police,-1.157404,52.974201,On or near ERSKINE ROAD,E01013843,Nottingham 017A,Suspect charged
d592cc05089bb9961d3eb2dab3838f49b2c99c034b0bd9d65adceb4a16707bd2,2013-06,Nottinghamshire Police,Nottinghamshire Police,-1.161966,52.970080,On or near BIRRELL ROAD,E01013847,Nottingham 017D,Investigation complete; no suspect identified
53b0b74a58f59f006a06b1831101b5220e34b92751e4c5a92feaa1aeadb29d64,2013-06,Nottinghamshire Police,Nottinghamshire Police,-1.066589,53.266880,On or near Sports/Recreation Area,E01028040,Bassetlaw 014A,Investigation complete; no suspect identified
5605bbdafaa937628cf6dcce49e2cbdf54d84f0749f1cd604523b4e0843574eb,2013-06,Nottinghamshire Police,Nottinghamshire Police,-1.080249,53.298978,On or near B6040,E01028064,Bassetlaw 014E,Investigation complete; no suspect identified
30b796c9e96259eef1b4d4623276695ee2e9a1424090514e993f72f19511dadb,2013-06,Nottinghamshire Police,Nottinghamshire Police,-1.114605,53.302123,On or near LOWTOWN VIEW,E01028065,Bassetlaw 012B,Investigation complete; no suspect identified
49af3a865aefef65476aaa6aa6b1a4a836ade6713235936cc4eb82bae9918cfd,2013-06,Nottinghamshire Police,Nottinghamshire Police,-1.061844,53.376095,On or near Supermarket,E01028000,Bassetlaw 001A,Suspect charged as part of another case
1c9d01c8a3d38df7378edde697f9c119da0d953408bbd6f531dbc30c3df79a95,2013-06,Nottinghamshire Police,Nottinghamshire Police,-1.123702,53.299791,On or near PARK STREET,E01028062,Bassetlaw 013C,Suspect charged as part of another case
252ad0287cedd580faf75a31b93a69e5c8bf0d0286b7b5147083df970ccf190c,2013-06,Nottinghamshire Police,Nottinghamshire Police,-1.135948,53.191759,On or near FOREST ROAD,E01028224,Mansfield 001A,Investigation complete; no suspect identified
d5e15bcd66106dc2dd661ee5e21dcc5575e62e5381deaba6fa6dc6148332e8f2,2013-06,Nottinghamshire Police,Nottinghamshire Police,-1.118263,53.097998,On or near MEADOW ROAD,E01028300,Newark and Sherwood 006D,Investigation complete; no suspect identified
8576f1e9598d434ed6d487161d6d25e5c030a4494c8ebc7defb612cf4f3f2b62,2013-06,Nottinghamshire Police,Nottinghamshire Police,-1.109080,53.165852,On or near SHERWOOD PLACE,E01028313,Newark and Sherwood 002A,Investigation complete; no suspect identified
b63042e09a43539daf4bd81bf02192cb870b1b852bf0eee0d5851e71e2f24ee3,2013-06,Nottinghamshire Police,Nottinghamshire Police,-1.056226,53.185213,On or near ROBIN HOOD AVENUE,E01028322,Newark and Sherwood 002D,Investigation complete; no suspect identified
50fc1227fae18215dbea1a4aafe7d8a367ca16e778911e8e2a577c74d914f2d8,2013-06,Nottinghamshire Police,Nottinghamshire Police,-1.003037,53.203450,On or near OAK AVENUE,E01028338,Newark and Sherwood 001C,Investigation complete; no suspect identified
78c0dce460af58a18ead3a0fc3f45e3becfa85f5064221018c5102d6fea0af47,2013-06,Nottinghamshire Police,Nottinghamshire Police,-1.159388,53.153417,On or near Parking Area,E01028239,Mansfield 007C,Investigation complete; no suspect identified
f518f03345e892ce45db884f282f64277ae15e2b9959796da24b68512f76aeb5,2013-06,Nottinghamshire Police,Nottinghamshire Police,-1.022270,53.123991,On or near BRACKNER LANE,E01028295,Newark and Sherwood 005A,Investigation complete; no suspect identified
3065c774c5b592f862bf12d5d66a470d0154971b38fbbcf514080450a08efc2e,2013-06,Nottinghamshire Police,Nottinghamshire Police,-1.112121,53.102564,On or near EMMA BATES WAY,E01028299,Newark and Sherwood 006C,Investigation complete; no suspect identified
17bfa4d98d0e2a4102e12655cdfd17635e087343139ecf11284c48ec318860ae,2013-06,Nottinghamshire Police,Nottinghamshire Police,-0.986056,53.227695,On or near MILL LANE,E01028303,Newark and Sherwood 003A,Investigation complete; no suspect identified
09bbd72747fa3ca7d814dd5ca4ef381c6adfe12b986bd3271ff1bf241aac8f75,2013-06,Nottinghamshire Police,Nottinghamshire Police,-1.002524,53.208741,On or near WHINNEY LANE,E01028301,Newark and Sherwood 001A,Investigation complete; no suspect identified
832cdc6bdd3682e490fdfcbfc2fb294a5f6079697de9fe6b6f0feee352e0cfc4,2013-06,Nottinghamshire Police,Nottinghamshire Police,-1.111741,53.099235,On or near GRANGE ROAD,E01028300,Newark and Sherwood 006D,Investigation complete; no suspect identified
7cca6368a1e8c619d2cd9b92bff4e998a6d726e318e1cc34989427590aa03797,2013-06,Nottinghamshire Police,Nottinghamshire Police,-1.111741,53.099235,On or near GRANGE ROAD,E01028300,Newark and Sherwood 006D,Investigation complete; no suspect identified
ce5ce0f47b12ffbfff5097768d3fa03a1ef3a705256bf6eab3ab77dc07deea57,2013-06,Nottinghamshire Police,Nottinghamshire Police,-1.107770,53.101309,On or near APPLETON ROAD,E01028299,Newark and Sherwood 006C,Investigation complete; no suspect identified
6064be5b0724609bc25c6a90968406923885d9af3a73930c32159dd8d2f7ec14,2013-06,Nottinghamshire Police,Nottinghamshire Police,-1.119580,53.113208,On or near EATON CLOSE,E01028343,Newark and Sherwood 006F,Investigation complete; no suspect identified
58b86a9bddfd4a443fa5e95f0cda930e83d05a120aaded8377c5952c7e0f5326,2013-06,Nottinghamshire Police,Nottinghamshire Police,-1.039123,53.015519,On or near Prison,E01028331,Newark and Sherwood 013B,Investigation complete; no suspect identified
12fc72ef898f69a04d826364976cf8bb710ccc2b6626c36e5b03fe040bb5a7fc,2013-06,Nottinghamshire Police,Nottinghamshire Police,-0.814387,53.073928,On or near PELHAM STREET,E01028311,Newark and Sherwood 007G,Suspect charged
b647a9a24028b64962e3abd9c2ce1043c97e0cb8562eccea20cc92bcbda7ae7a,2013-06,Nottinghamshire Police,Nottinghamshire Police,-0.931797,53.309580,On or near THE PADDOCK,E01028010,Bassetlaw 008C,Investigation complete; no suspect identified
93817046aa976cd0d5ff04e5e016c711a1733f8991b86a0184d2315f13921b44,2013-06,Nottinghamshire Police,Nottinghamshire Police,-0.827805,53.255144,On or near Parking Area,E01028039,Bassetlaw 015F,Investigation complete; no suspect identified
e770ab9991f14861f03fb00656b895992610f46c2c203a65765a716b228b6493,2013-06,Nottinghamshire Police,Nottinghamshire Police,-0.959045,53.312949,On or near Sports/Recreation Area,E01028021,Bassetlaw 010E,Investigation complete; no suspect identified
3c09393d8b220bc8911b9184ebdad289e415a24d5dd9eee5fbbfc9e593db51b1,2013-06,Nottinghamshire Police,Nottinghamshire Police,-1.056846,53.419257,On or near CREWE ROAD,E01028027,Bassetlaw 001E,Investigation complete; no suspect identified
72bd5f3089daa7a9505077c4d8f633f7b1c68c847a11f7c50ae4e9d138e2c098,2013-06,Nottinghamshire Police,Nottinghamshire Police,-1.059461,53.420077,On or near WOODSIDE VIEW,E01028026,Bassetlaw 001D,Investigation complete; no suspect identified
0cd816c55f436935f1603e603a0cfe40d8fd533c6ada4051c1fb77f61593051e,2013-06,Nottinghamshire Police,Nottinghamshire Police,-0.946835,53.326047,On or near CRICKET FIELD LANE,E01028013,Bassetlaw 005A,Investigation complete; no suspect identified
1a0f360538955c4e460a700acee4bfc0ae53fb412e51e2f01ec0e4262940acd9,2013-06,Nottinghamshire Police,Nottinghamshire Police,-0.965189,53.272399,On or near TWYFORD LANE,E01028040,Bassetlaw 014A,Investigation complete; no suspect identified
4f40548d63189b71d3a56e3b6c217d84891bb7f7812f8682d6a8c760f278609d,2013-06,Nottinghamshire Police,Nottinghamshire Police,-0.846285,53.426101,On or near NORTH MOOR DRIVE,E01027999,Bassetlaw 002A,Investigation complete; no suspect identified
7ff64f0ade07bd8173303ca54e8d81b71d97b938ceb6abbcd7b6e1cc533b4790,2013-06,Nottinghamshire Police,Nottinghamshire Police,-0.933632,53.319646,On or near TRENT STREET,E01028012,Bassetlaw 008E,Investigation complete; no suspect identified
02f5eba4834183204128b537c1a78139a9ab0bdb4998f5a971f86a29cadbc8a0,2013-06,Nottinghamshire Police,Nottinghamshire Police,-1.154592,53.204226,On or near Parking Area,E01028226,Mansfield 002C,Investigation complete; no suspect identified
2d552ab54b36e7883dc8307fcbdfbcc621deb5386e5039fe5ccc0e668e4bc875,2013-06,Nottinghamshire Police,Nottinghamshire Police,-1.198222,53.157487,On or near WATERLOO ROAD,E01028283,Mansfield 004E,Investigation complete; no suspect identified
cc9bef3a142fb5aa8b4875ebe88b5bc7af3a4648e509fa54b7797ce401c06648,2013-06,Nottinghamshire Police,Nottinghamshire Police,-1.187238,53.175265,On or near WORCESTER AVENUE,E01028277,Mansfield 003D,Investigation complete; no suspect identified
3a988946945f966638be619354750718e0b0839b566dbc0ca6bfefd413cd9f67,2013-06,Nottinghamshire Police,Nottinghamshire Police,-1.219494,53.144828,On or near LEVERTON ROAD,E01028231,Mansfield 010B,Investigation complete; no suspect identified
b4d3234da23c71de0aa97afc740aa2b0d62bf35f5dc3ccac913e7c429aef0833,2013-06,Nottinghamshire Police,Nottinghamshire Police,-1.212797,53.137404,On or near INTAKE AVENUE,E01028249,Mansfield 010G,Investigation complete; no suspect identified
2fb41447a80d3b7001a0b78cda56feb8b60c2dba19bcf42860d36e2d895722b0,2013-06,Nottinghamshire Police,Nottinghamshire Police,-1.230932,53.165712,On or near CATOR ROAD,E01033392,Mansfield 006G,Investigation complete; no suspect identified
b7eded32bcd5032dcb533e11ca484ab51e95afa68013e06a7f06994231722b16,2013-06,Nottinghamshire Police,Nottinghamshire Police,-1.156664,53.203935,On or near GREENDALE CLOSE,E01028260,Mansfield 002D,Investigation complete; no suspect identified
338736d8536280bc106c833a4fe23d24ff4627a5193de6adf06204ec91b3ffcb,2013-06,Nottinghamshire Police,Nottinghamshire Police,-1.196624,53.164587,On or near SWAN LANE,E01028271,Mansfield 004A,Investigation complete; no suspect identified
a0ff95ce26b53d86799f014faf0baf0218e4d4ec08ea2560804587fd63e62e35,2013-06,Nottinghamshire Police,Nottinghamshire Police,-1.224349,53.159152,On or near FIELDEN AVENUE,E01028267,Mansfield 006E,Investigation complete; no suspect identified
1a83d970e0b2fecc0787b4783b768eacd4c01ef772db39ce2e7365f7fe2f7ae0,2013-06,Nottinghamshire Police,Nottinghamshire Police,-1.198177,53.163914,On or near GROVE STREET,E01028271,Mansfield 004A,Investigation complete; no suspect identified
9fb4ebe1cf0f4eef250af42c6f2aea1158b2a698e3a49d0d5123bf6d0d829079,2013-06,Nottinghamshire Police,Nottinghamshire Police,-1.201223,53.172304,On or near MAPLETOFT AVENUE,E01028280,Mansfield 004C,Investigation complete; no suspect identified
f362734d3ddd21403fac953dc19064f9cf70a1355155a7cdb82b401e9a1c8c83,2013-06,Nottinghamshire Police,Nottinghamshire Police,-1.147170,53.203283,On or near PRINCESS AVENUE,E01028224,Mansfield 001A,Investigation complete; no suspect identified
acc7523258824d7c68917b409e223c08f146e4f7a99069c49315b73b91376d3d,2013-06,Nottinghamshire Police,Nottinghamshire Police,-1.162602,53.157341,On or near DEWBERRY GARDENS,E01028241,Mansfield 007E,Investigation complete; no suspect identified
549a181fd556461f216f5275ad5e4eb9b920f3d65094cc8d88630e5e30ed2a38,2013-06,Nottinghamshire Police,Nottinghamshire Police,-1.209969,53.149799,On or near Supermarket,E01028227,Mansfield 008A,Investigation complete; no suspect identified
9c9e0542493701b163186925b9ea3d81c94419d688699659b2197133d5faf913,2013-06,Nottinghamshire Police,Nottinghamshire Police,-1.133180,53.219192,On or near Sports/Recreation Area,E01028257,Mansfield 001B,Investigation complete; no suspect identified
465d3e0461ed97813c49649275e85724606b2e6294504f858da30940cf6ee996,2013-06,Nottinghamshire Police,Nottinghamshire Police,-1.202823,53.149725,On or near Parking Area,E01028284,Mansfield 008F,Investigation complete; no suspect identified
d41efd50556724bcdb90ae1a0c12947602ec42dd29bfa22f52581418f404dbf0,2013-06,Nottinghamshire Police,Nottinghamshire Police,-1.181073,53.143096,On or near HARCOURT STREET,E01028233,Mansfield 009A,Investigation complete; no suspect identified
c8f11afe1f1983edb894ab992a81dfa4d310a041a99131a64acc7f68e41e630b,2013-06,Nottinghamshire Police,Nottinghamshire Police,-1.178501,53.139240,On or near HAMILTON STREET,E01028233,Mansfield 009A,Investigation complete; no suspect identified
ca63750ba33a153c75cb75488a13d71b59f043c78b05594fff055ef1727f236b,2013-06,Nottinghamshire Police,Nottinghamshire Police,-1.173923,53.140961,On or near SMITH STREET,E01028234,Mansfield 009B,Investigation complete; no suspect identified
7fa68f20cc5d990db1a1e9fda1420cb9af7d62b4c1a1aa41c49e3eb979faef27,2013-06,Nottinghamshire Police,Nottinghamshire Police,-1.152348,53.132764,On or near SAWLEY DRIVE,E01028263,Mansfield 012D,Investigation complete; no suspect identified
4627e0fd44f3489d0046a5c508691f8550d1d0d5d62305f7b46fa7c97d816f3a,2013-06,Nottinghamshire Police,Nottinghamshire Police,-1.179204,53.148620,On or near RAVENSDALE AVENUE,E01028275,Mansfield 009D,Investigation complete; no suspect identified
d071fe7436c97d9d4c48973d27f2f95e7d1180359688c4481831758b4022d8fc,2013-06,Nottinghamshire Police,Nottinghamshire Police,-1.149330,53.135736,On or near WINSTER WAY,E01028263,Mansfield 012D,Investigation complete; no suspect identified
f96d319ff742d3ddd1f83fbc67ff5a0255c81ed71be2f597c445b73cd7dcf2c5,2013-06,Nottinghamshire Police,Nottinghamshire Police,-1.178966,53.147783,On or near BLAKE CRESCENT,E01028275,Mansfield 009D,Investigation complete; no suspect identified
323cf49f6b315425807a4c5248252978bb2122b472e1b87a8d0f6e0668ce86b0,2013-06,Nottinghamshire Police,Nottinghamshire Police,-1.192426,53.138805,On or near ST MARGARET STREET,E01028270,Mansfield 013F,Investigation complete; no suspect identified
e858e07923d400b3f0070197ef1dc5a2c1d2423f972a29cf03517b4df2de11bc,2013-06,Nottinghamshire Police,Nottinghamshire Police,-1.183513,53.136613,On or near WINDSOR GARDENS,E01033389,Mansfield 013G,Investigation complete; no suspect identified
6907b8f449ebc2d6cf2bc3707d7b1e31e18a6196fce356b8823db952cc8d49b4,2013-06,Nottinghamshire Police,Nottinghamshire Police,-1.156116,53.139551,On or near KELSTEDGE DRIVE,E01028261,Mansfield 012C,Investigation complete; no suspect identified
31acbbcbffc9da027ab92697b54fd1a151b51320b8ec6c335184d7de4faff9f2,2013-06,Nottinghamshire Police,Nottinghamshire Police,-1.168802,53.134417,On or near SOUTHWELL ROAD WEST,E01028219,Mansfield 013A,Investigation complete; no suspect identified
f11724dfa12281db6123c4f7f7a5ca40edbdc20c024abe27c847ad2aab2eb724,2013-06,Nottinghamshire Police,Nottinghamshire Police,-1.198540,53.142810,On or near STATION ROAD,E01028268,Mansfield 008D,Investigation complete; no suspect identified
2d762f1cf248a4aa76f5bbba05b06568dbd914437f86bab029ee6c39897181bf,2013-06,Nottinghamshire Police,Nottinghamshire Police,-1.289080,53.053888,On or near MANSFIELD ROAD,E01027994,Ashfield 012D,Investigation complete; no suspect identified
b41314b1d185ace08f8f9f806a0b7660e79b15ac7a0f6b8f077fe7410cef3b94,2013-06,Nottinghamshire Police,Nottinghamshire Police,-1.189810,53.029064,On or near STORY GARDENS,E01027929,Ashfield 013A,Investigation complete; no suspect identified
a6c453acbcf91ac696cecbc914792c430079718986b5b9129cc4bba7bcee0587,2013-06,Nottinghamshire Police,Nottinghamshire Police,-1.334316,53.058698,On or near SEDGWICK STREET,E01027945,Ashfield 012A,Investigation complete; no suspect identified
1f6d2345de40e59a01a0c15b0aeb84190c6497282d89317fe02a7ab5abe817af,2013-06,Nottinghamshire Police,Nottinghamshire Police,-1.226474,53.020831,On or near RAVENSTONE COURT,E01027942,Ashfield 016E,Investigation complete; no suspect identified
f8b9b439ca6c366ceb3f42535707b85cd52e0eecf91681ff534c58db89bdefc2,2013-06,Nottinghamshire Police,Nottinghamshire Police,-1.312982,53.132567,On or near STRAWBERRY BANK,E01027986,Ashfield 003B,Investigation complete; no suspect identified
210a8f244916c5802d23576e74ecb7a33cc46d13b676faf4d2a4e820c9678a4c,2013-06,Nottinghamshire Police,Nottinghamshire Police,-1.292346,53.147782,On or near THE PARK,E01027981,Ashfield 001C,Investigation complete; no suspect identified
da3a09daa438f90c460078882ec18de7204d7b519216ff2f1763f2d442716ac8,2013-06,Nottinghamshire Police,Nottinghamshire Police,-1.307116,53.124641,On or near CALKE AVENUE,E01027990,Ashfield 003D,Investigation complete; no suspect identified
4fefeb1607e78238f01882c7ae107bfdfec4157e3a8603aed9c6ca2a5054398f,2013-06,Nottinghamshire Police,Nottinghamshire Police,-1.296471,53.121288,On or near THE HEAD STOCKS,E01027987,Ashfield 003C,Investigation complete; no suspect identified
8cc981f622d9f9d39644e167ffc9b7de9aa6a6778477dfa9ab0aba7e9ca04867,2013-06,Nottinghamshire Police,Nottinghamshire Police,-1.128524,52.924775,On or near TAUNTON ROAD,E01028396,Rushcliffe 005A,Local resolution
be548a2cc372567157130f5ea9fc1cd31390e457c8f51ac2e45a33a880a3bf24,2013-06,Nottinghamshire Police,Nottinghamshire Police,-1.134465,52.952084,On or near BEAUMONT STREET,E01013920,Nottingham 029C,Local resolution
889da305637bc9e97eefc9b7b03009dc9ef8652c909002b47b79f56d5026fd72,2013-06,Nottinghamshire Police,Nottinghamshire Police,-1.184280,52.998138,On or near EDGWARE ROAD,E01013889,Nottingham 004C,Local resolution
e0b3048090f1424804b66948466ccec72140ee7ce441e8f101274e7eee9ac4e5,2013-06,Nottinghamshire Police,Nottinghamshire Police,-1.177468,52.963752,On or near RADFORD BOULEVARD,E01013944,Nottingham 026A,Suspect charged
35818d04e32e6e73dd2040e3e258347564db4b8b3a604b72c11cd4c1caa1176f,2013-06,Nottinghamshire Police,Nottinghamshire Police,-1.147443,52.947602,On or near CARRINGTON STREET,E01033400,Nottingham 039B,Local resolution
adc9e54f1e4ad6194d30394a6bb658f3728fb1d03e07289ba5d4a50efd67685c,2013-06,Nottinghamshire Police,Nottinghamshire Police,-0.808921,53.076723,On or near CHURCH STREET,E01028310,Newark and Sherwood 007F,Offender given a caution
30c1ce38871a4acf86beae4a881d23ca6e2f9da12edaeb162732677e8a49eb42,2013-06,Nottinghamshire Police,Nottinghamshire Police,-1.185308,53.156303,On or near MILLWAY,E01028273,Mansfield 005D,Offender given penalty notice
e24458f4f681d1a6b7322d31c6fb3e1b18dfeceb8f5158a9bd62de77c90e7b7e,2013-06,Nottinghamshire Police,Nottinghamshire Police,-1.326808,53.061757,On or near KITSON AVENUE,E01027946,Ashfield 012B,Suspect charged
adf1aca698519287e5f40e67086fa6d51c0a3beb526297e12d9ebc84083d0a77,2013-06,Nottinghamshire Police,Nottinghamshire Police,-1.267240,53.127683,On or near CARSIC LANE,E01027965,Ashfield 005B,Offender given a caution
16c6ff9aac3bbe858cb292ba70f2fcff03294bc48fb3e700c5ed82366a0da3be,2013-06,Nottinghamshire Police,Nottinghamshire Police,-1.267240,53.127683,On or near CARSIC LANE,E01027965,Ashfield 005B,Offender given a caution
bd6cbf9538a075f30d6cbaeb5869916bacd6952e5d69e1e25a682bfb4dc39b43,2013-06,Nottinghamshire Police,Nottinghamshire Police,-1.104959,52.945842,On or near Race Track,E01013920,Nottingham 029C,Suspect charged
2b3278d9a79dc73e3236eec78987fb21fce6d5445b86632c8b219fcc1933ada2,2013-06,Nottinghamshire Police,Nottinghamshire Police,-1.215160,53.003488,On or near TEALBY CLOSE,E01013883,Nottingham 005E,Offender given a drugs possession warning
b4967ffbcd3a0568d682e5b4a1bdfff79afc5e16b786318349d0611f576ca8e9,2013-06,Nottinghamshire Police,Nottinghamshire Police,-1.165310,52.958795,On or near GAMBLE STREET,E01013814,Nottingham 022B,Suspect charged
33212b0f6948bdff433ed3a92d8e4f947baad5be3dcefad0bd1d308e72f36a90,2013-06,Nottinghamshire Police,Nottinghamshire Police,-1.153564,52.972546,On or near JENNER STREET,E01013972,Nottingham 015E,Offender given a drugs possession warning
2641115e1f3a9cb9f4de4745314ed288cd46395e0860feff1574593bd847d8a4,2013-06,Nottinghamshire Police,Nottinghamshire Police,-1.174131,52.949768,On or near GREGORY AVENUE,E01013924,Nottingham 031C,Suspect charged
2d066a23d359e4cb686d9fc908305ea61370be9fdbe4db0d679f1efb3e7f13d9,2013-06,Nottinghamshire Police,Nottinghamshire Police,-1.127712,53.309177,On or near SIME STREET,E01028055,Bassetlaw 009A,Offender given a drugs possession warning
85d19c972208005341fed6db17910b1d6a6bbb76cd99be7abcd8ba99598c79d7,2013-06,Nottinghamshire Police,Nottinghamshire Police,-1.008009,53.202719,On or near Bus/Coach Station,E01028341,Newark and Sherwood 001F,Offender given a caution
913746492774c226f29c9eda655ff4099d5096d14047f453486b7293b718d5ab,2013-06,Nottinghamshire Police,Nottinghamshire Police,-0.796334,53.091295,On or near MEERING AVENUE,E01028306,Newark and Sherwood 007D,Local resolution
b48f7f32417e1484bf5488f995cc3248ddb30b791eddc60690b749850d71588c,2013-06,Nottinghamshire Police,Nottinghamshire Police,-0.800985,53.071708,On or near NICHOLSON STREET,E01028294,Newark and Sherwood 007A,Local resolution
7815db883ba15995216bfd8028ccd9f7343f455c8ab34c0152e743564730912d,2013-06,Nottinghamshire Police,Nottinghamshire Police,-0.937557,53.322980,On or near EAGLE PLACE,E01028011,Bassetlaw 008D,Offender given a caution
aa6614c87bcf4f672c4a669356ac48e3d08533fff7153dbbd79b25adfed8572d,2013-06,Nottinghamshire Police,Nottinghamshire Police,-1.202823,53.149725,On or near Parking Area,E01028284,Mansfield 008F,Local resolution
03e75b1c17f37293b6048ef319dfb99850af22572ae2195760b43cb5dd98c809,2013-06,Nottinghamshire Police,Nottinghamshire Police,-1.198005,53.143463,On or near QUAKER LANE,E01028268,Mansfield 008D,Offender given a caution
03e75b1c17f37293b6048ef319dfb99850af22572ae2195760b43cb5dd98c809,2013-06,Nottinghamshire Police,Nottinghamshire Police,-1.198005,53.143463,On or near QUAKER LANE,E01028268,Mansfield 008D,Offender given a caution
28d38647fc62cfba572810e30c2a090ce30958172499a296a6490ba7a83263bd,2013-06,Nottinghamshire Police,Nottinghamshire Police,-1.199734,53.145371,On or near Shopping Area,E01028284,Mansfield 008F,Offender given a caution
28d38647fc62cfba572810e30c2a090ce30958172499a296a6490ba7a83263bd,2013-06,Nottinghamshire Police,Nottinghamshire Police,-1.199734,53.145371,On or near Shopping Area,E01028284,Mansfield 008F,Offender given a caution
1222a3969d29a5fd8b5d05fcdceeb727c08cc410964dc3820f96e26526dbaefa,2013-06,Nottinghamshire Police,Nottinghamshire Police,-1.200236,53.139244,On or near LORD STREET,E01028268,Mansfield 008D,Suspect charged
6db45f0f7b81bb722500c031ed56d165ad7da706ce0bedf6aa624573fc27463b,2013-06,Nottinghamshire Police,Nottinghamshire Police,-1.269191,53.132442,On or near BRANDRETH AVENUE,E01027964,Ashfield 005A,Offender given a caution
a00f3ff56b0aa3ec0b92b5683dbf350871367691f20670932dd41b9421f262c5,2013-06,Nottinghamshire Police,Nottinghamshire Police,-1.101067,52.970633,On or near PITCH CLOSE,E01028211,Gedling 013E,Local resolution
6760992ab2d795437a4f889de2088793e151cd95919dd21bd9c97cd4d7239d13,2013-06,Nottinghamshire Police,Nottinghamshire Police,-1.310323,53.020357,On or near Sports/Recreation Area,E01028107,Broxtowe 001C,Local resolution
ce3997bed4ed7b6f21c060dc56d93aab1812269a0968c8e6c261dc50425903d0,2013-06,Nottinghamshire Police,Nottinghamshire Police,-1.312520,53.014392,On or near SOUTH STREET,E01028110,Broxtowe 002A,Local resolution
ce3997bed4ed7b6f21c060dc56d93aab1812269a0968c8e6c261dc50425903d0,2013-06,Nottinghamshire Police,Nottinghamshire Police,-1.312520,53.014392,On or near SOUTH STREET,E01028110,Broxtowe 002A,Local resolution
d4127f14b90fcbb9eff23fc9024f20bf086f40a6828ede8cee20f64ee8c12b02,2013-06,Nottinghamshire Police,Nottinghamshire Police,-1.083318,52.962146,On or near THE ELMS,E01028186,Gedling 015C,Suspect charged
44c807fc39dc4ccc9f9d74ba9ff5b9d6abca6ab3757176344924be0449f97b1a,2013-06,Nottinghamshire Police,Nottinghamshire Police,-1.133977,52.999599,On or near Supermarket,E01028165,Gedling 006B,Offender given a caution
83a7df6486f4010b5cc82b665217c10af4ceea8c31a4059ce9360d95348bfd05,2013-06,Nottinghamshire Police,Nottinghamshire Police,-1.113168,52.959217,On or near Supermarket,E01013913,Nottingham 024A,Suspect charged
bad702246feb2f6d04f0053426ed48cb840705ec46d858a4120e71f111d20505,2013-06,Nottinghamshire Police,Nottinghamshire Police,-1.170671,52.912797,On or near BROOKSBY LANE,E01013896,Nottingham 034B,Offender given penalty notice
f1b46ad2476b83a2c30bab23c539cde20c1030315a24cf17cb952b2ff35f3d7c,2013-06,Nottinghamshire Police,Nottinghamshire Police,-1.148419,52.941864,On or near Pedestrian Subway,E01013871,Nottingham 040B,Local resolution
f04e744bad55baacef1008f9df6b7146ff7694137f1bed9dd747896101f9044e,2013-06,Nottinghamshire Police,Nottinghamshire Police,-1.130038,52.949444,On or near LEES HILL STREET,E01013920,Nottingham 029C,Local resolution
3df5a2379b188434fa490d9b3d7521935d5db5ef283be699e761f71e1b754858,2013-06,Nottinghamshire Police,Nottinghamshire Police,-1.172353,53.003162,On or near PETERSFIELD CLOSE,E01013893,Nottingham 001C,Offender given a caution
09bb7eeba5e92b42692c07f6f954399a1153187837f0d78f2c7576bbfbfa97e8,2013-06,Nottinghamshire Police,Nottinghamshire Police,-1.191836,52.995655,On or near Supermarket,E01013888,Nottingham 004B,Suspect charged
6aba809bcefaae0bedad865192748981db67a5a8e084c1ef0f089cdc77e0c95e,2013-06,Nottinghamshire Police,Nottinghamshire Police,-1.169983,52.976743,On or near EKOWE STREET,E01013839,Nottingham 012C,Suspect charged
c772c7263ce20c34a35a18e44bc2710ceea8640a9e3dc39e417ccfac4be2cac9,2013-06,Nottinghamshire Police,Nottinghamshire Police,-1.148240,52.947940,On or near Park/Open Space,E01033400,Nottingham 039B,Local resolution
e814e4f94901439d96cd154b93f6d4bfd219ea26d670a57e6313a24bd5a2c179,2013-06,Nottinghamshire Police,Nottinghamshire Police,-1.149761,52.956878,On or near NORTH CHURCH STREET,E01033409,Nottingham 023H,Suspect charged
b59e484fbc1a6bdddab13cd40dfbf296ff077da83e548277dd3034a34c5b8682,2013-06,Nottinghamshire Police,Nottinghamshire Police,-1.169147,52.965195,On or near Parking Area,E01013811,Nottingham 018B,Offender given a drugs possession warning
09950c918b371942e66d5afdd822a06aaeb0a242dde7b74fcb5c095f714db4b8,2013-06,Nottinghamshire Police,Nottinghamshire Police,-1.161670,52.961511,On or near ARTHUR STREET,E01013815,Nottingham 022C,Offender given a drugs possession warning
0775ffc692027b7c3e4fd0d81e58cfb33568a8d236a82399dbc5370f4acfad31,2013-06,Nottinghamshire Police,Nottinghamshire Police,-1.148336,52.952912,On or near Shopping Area,E01033406,Nottingham 039E,Suspect charged
49317dbfe49719a55bef0f9a8139940c7447fc1daf84468a940d0df4a9bab8e7,2013-06,Nottinghamshire Police,Nottinghamshire Police,-1.128581,53.304788,On or near Parking Area,E01028062,Bassetlaw 013C,Local resolution
3b4f433dcd867b972c104b0911c7109f173a6e196cafdb56e0671f40781df076,2013-06,Nottinghamshire Police,Nottinghamshire Police,-1.047446,53.165420,On or near Park/Open Space,E01028295,Newark and Sherwood 005A,Local resolution
70e7ba3896a88df7bf33295742d3903b3994e5e0035925e030ea38e5868ca48c,2013-06,Nottinghamshire Police,Nottinghamshire Police,-1.189261,53.145768,On or near RECREATION STREET,E01028274,Mansfield 009C,Suspect charged
e59e8b193767d7aeebf47987a776a3a37e5c91c73e8084b6bcfc72131e6b74b0,2013-06,Nottinghamshire Police,Nottinghamshire Police,-1.189261,53.145768,On or near RECREATION STREET,E01028274,Mansfield 009C,Suspect charged
0842ec722f530c2b509931bd3f14c448ba7e1441933df2cbb0932319720158fe,2013-06,Nottinghamshire Police,Nottinghamshire Police,-1.199796,53.138809,On or near BISHOP STREET,E01028268,Mansfield 008D,Suspect charged
838464156a6fe8329844e0a6a07dcd8632db9673edd7815f3696e3cf2dd28c50,2013-06,Nottinghamshire Police,Nottinghamshire Police,-1.337165,53.059730,On or near FRANCIS COURT,E01027945,Ashfield 012A,Offender given a caution
b0ea924deda52984862144d91e6d6c645fbe1c0481ee694d239eef00917c4bbb,2013-06,Nottinghamshire Police,Nottinghamshire Police,-1.255509,53.130226,On or near Parking Area,E01027967,Ashfield 004A,Suspect charged
d6548d6f18d4243cc62932ebbba79db6fa2434dd55b881e4aadca29767062a22,2013-06,Nottinghamshire Police,Nottinghamshire Police,-1.145920,52.923652,On or near Parking Area,E01028365,Rushcliffe 007C,Investigation complete; no suspect identified
d5e39695b7f2737679338b36b17825ccc3d421d94baf18fe8bdc53bc9c3c51c8,2013-06,Nottinghamshire Police,Nottinghamshire Police,-1.125221,52.925542,On or near STANLEY ROAD,E01028396,Rushcliffe 005A,Investigation complete; no suspect identified
5d63c4e75380a6df4ca0c9980958a28939f61c0b271a1679747fd8e452d35488,2013-06,Nottinghamshire Police,Nottinghamshire Police,-1.171704,52.829740,On or near MEETING HOUSE CLOSE,E01028389,Rushcliffe 015B,Investigation complete; no suspect identified
9b4df2d77c2f106bf3f9725e26205edd446fe71ed0b83e16e9dc70a3e644c56c,2013-06,Nottinghamshire Police,Nottinghamshire Police,-0.974449,52.950514,On or near LANGDALE GROVE,E01028360,Rushcliffe 002D,Suspect charged
c9d4ab29236cd9575bc2888ff3a846a0c775c0e1265e02ad5fd64e82b75a6656,2013-06,Nottinghamshire Police,Nottinghamshire Police,-1.181804,52.838809,On or near HOLLIS MEADOW,E01028388,Rushcliffe 015A,Investigation complete; no suspect identified
22542532128f63f479797da6e0ace896d56c5947f173fa45a08ec8fff875aaf4,2013-06,Nottinghamshire Police,Nottinghamshire Police,-1.083807,52.874124,On or near Parking Area,E01028382,Rushcliffe 013C,Investigation complete; no suspect identified
f765164c93d4ac4d2ac17e177674701a080fcd5f0806ec08fb213b8680fd098b,2013-06,Nottinghamshire Police,Nottinghamshire Police,-1.090731,52.982771,On or near HIGH HAZLES CLOSE,E01028203,Gedling 011D,Investigation complete; no suspect identified
46b8a8ee0dc2f70585726a7cc804b3508e0c0000202d1ce211e6c486cfac5da9,2013-06,Nottinghamshire Police,Nottinghamshire Police,-1.081173,52.972045,On or near Parking Area,E01028170,Gedling 012C,Investigation complete; no suspect identified
e25e2c884f0d8301c028ab482bec0f14a146de3e9516ca19b5939e6150e712ff,2013-06,Nottinghamshire Police,Nottinghamshire Police,-1.158627,52.995559,On or near HAYLES CLOSE,E01013856,Nottingham 006D,Investigation complete; no suspect identified
29152c9dc7c7cd985bd1994c88bb9c18363916dbb8fe1e50aa2bca11a20ca3fa,2013-06,Nottinghamshire Police,Nottinghamshire Police,-1.238412,52.957469,On or near BRINDLEY ROAD,E01013862,Nottingham 025C,Investigation complete; no suspect identified
b69d5a74c8bc1fdae7e2862d27e5847c8bc9f5ce4689c8d93d23ce1ba8c18a2c,2013-06,Nottinghamshire Police,Nottinghamshire Police,-1.267318,52.934701,On or near WESTCROSS AVENUE,E01028130,Broxtowe 010C,Suspect charged as part of another case
986dba6696538e77b2d888837256e87710db8ee9b63c053da2dac0be5602ca51,2013-06,Nottinghamshire Police,Nottinghamshire Police,-1.266688,52.941179,On or near MONTROSE COURT,E01028127,Broxtowe 008C,Investigation complete; no suspect identified
cbdd251825818226e2b32595140a1de1c81aa0ed9f39a2fd2e3baa5e8a3bc5f8,2013-06,Nottinghamshire Police,Nottinghamshire Police,-1.127606,53.004442,On or near Supermarket,E01028209,Gedling 005D,Suspect charged
ee2bd45ceb993dc29b46b91811fedcc0638d62d4852b2335bd767b4d85ad831e,2013-06,Nottinghamshire Police,Nottinghamshire Police,-1.160405,53.015295,On or near FINSBURY ROAD,E01028146,Gedling 016B,Investigation complete; no suspect identified
78bd395e3b12e47aba4b18eb0a905bfc9474734e83592edf40c336031df11404,2013-06,Nottinghamshire Police,Nottinghamshire Police,-1.137725,52.973781,On or near THYRA GROVE,E01013937,Nottingham 015A,Investigation complete; no suspect identified
2e452914060ad0314792ddb64dfafd09c28ef0a682b2849d65d6c00b278ae9bb,2013-06,Nottinghamshire Police,Nottinghamshire Police,-1.129280,52.950877,On or near MILL VIEW CLOSE,E01013919,Nottingham 029B,Investigation complete; no suspect identified
e34a386ae80c36668f03ea5d83590cb3e9de99a4341c0d440ec5da235d3181f0,2013-06,Nottinghamshire Police,Nottinghamshire Police,-1.204313,52.979909,On or near ARKLOW CLOSE,E01013820,Nottingham 013B,Investigation complete; no suspect identified
a6d16226b8e3bdb8aedefc12f433606f2f491bc5ef440d19139ffeafd6d1333b,2013-06,Nottinghamshire Police,Nottinghamshire Police,-1.197227,53.007036,On or near SQUIRES AVENUE,E01013882,Nottingham 002D,Investigation complete; no suspect identified
bd6cbf9538a075f30d6cbaeb5869916bacd6952e5d69e1e25a682bfb4dc39b43,2013-06,Nottinghamshire Police,Nottinghamshire Police,-1.104959,52.945842,On or near Race Track,E01013920,Nottingham 029C,Offender given a caution
3a1a519c691cbfce25d0a6711dffa878b250fe2964cd64f11cdf74bd188f6285,2013-06,Nottinghamshire Police,Nottinghamshire Police,-1.185598,52.912181,On or near Further/Higher Educational Building,E01013898,Nottingham 035B,Local resolution
f4ec8d37454b422b7bbbad0e50322be77730bbdb5760ae67a978b1196d946bca,2013-06,Nottinghamshire Police,Nottinghamshire Police,-1.211691,53.001694,On or near ASPEN ROAD,E01013884,Nottingham 005F,Offender given a caution
b0ebca3daa452095f3347c2e217f043db576d66536c66bc9dedf96f77a090f1d,2013-06,Nottinghamshire Police,Nottinghamshire Police,-1.204313,52.979909,On or near ARKLOW CLOSE,E01013820,Nottingham 013B,Suspect charged
bcbf9c2ce267d956cdbb68f5dd037d4a28c38c02d0dd19bc08e77438cddeed67,2013-06,Nottinghamshire Police,Nottinghamshire Police,-1.171382,52.947978,On or near WILLOUGHBY STREET,E01033408,Nottingham 031H,Suspect charged
5c71afa16f4a5564882dd982ec0f93822bab857e5a3386a5e6c664f93f865f2d,2013-06,Nottinghamshire Police,Nottinghamshire Police,-1.152397,52.953777,On or near LONG ROW WEST,E01033400,Nottingham 039B,Offender given a caution
00663a3945185edcf51088164e2c8aa6116bf26155f549fc24ba489547369f54,2013-06,Nottinghamshire Police,Nottinghamshire Police,-1.115422,53.359911,On or near PLOUGH DRIVE,E01028003,Bassetlaw 004C,Suspect charged
f1c27fb83413a0e663e53ef64519aea5479610a82103db7614b4b0194b327317,2013-06,Nottinghamshire Police,Nottinghamshire Police,-1.121519,53.292080,On or near SPARKEN HILL,E01028060,Bassetlaw 013A,Offender given a drugs possession warning
2ed6e5958695e8f109d236abc193864ee585e3ded90bb5e1c1559f7adbee013f,2013-06,Nottinghamshire Police,Nottinghamshire Police,-1.121519,53.292080,On or near SPARKEN HILL,E01028060,Bassetlaw 013A,Offender given a drugs possession warning
9f51be580c3fa34fae8cf62232238b3b8854480576961cff684cedb2185bb47f,2013-06,Nottinghamshire Police,Nottinghamshire Police,-0.804507,53.081435,On or near MEYRICK ROAD,E01028310,Newark and Sherwood 007F,Suspect charged
e1465668014d05dd84069512cc179bfc65d0cee36a790eb026f2d87e0a385eaf,2013-06,Nottinghamshire Police,Nottinghamshire Police,-0.809559,53.079597,On or near HANDLEY COURT,E01028310,Newark and Sherwood 007F,Suspect charged
7743cb5482fe17e8b9f5e9fee008378b42d0a6467ad7e6590efaa3619a9df166,2013-06,Nottinghamshire Police,Nottinghamshire Police,-1.157255,53.125643,On or near FINNINGLEY ROAD,E01028256,Mansfield 012B,Suspect charged
5f9cc4b4cdaf3e7b46090ec8f8c4c0e7b19095b0255bc6f559d7e494add29923,2013-06,Nottinghamshire Police,Nottinghamshire Police,-1.189767,53.145870,On or near CLIFF STREET,E01028274,Mansfield 009C,Local resolution
63656b954b4a16354426617e2fb02fa35a2d6926337e35e43241c68eb0129342,2013-06,Nottinghamshire Police,Nottinghamshire Police,-1.199725,53.025886,On or near MULBERRY GROVE,E01027930,Ashfield 016B,Offender given a drugs possession warning
0b969b2d84a4004eb4bc552853d6655ab75f652619b206470f8910fe1a4318be,2013-06,Nottinghamshire Police,Nottinghamshire Police,-1.308765,53.084244,On or near Sports/Recreation Area,E01027960,Ashfield 011A,Offender given a caution
ebeabe2a63aa4ac40c51ad1a6eb4e85b939d3c48dd90a81c9683b0ef75016163,2013-06,Nottinghamshire Police,Nottinghamshire Police,-1.326808,53.061757,On or near KITSON AVENUE,E01027946,Ashfield 012B,Suspect charged
22f58d5d392f5ed810a63cd6b2e4383335df2471646b61d7d61beed29243e25d,2013-06,Nottinghamshire Police,Nottinghamshire Police,-1.070616,52.960870,On or near NETHER PASTURE,E01028187,Gedling 015D,Local resolution
22f58d5d392f5ed810a63cd6b2e4383335df2471646b61d7d61beed29243e25d,2013-06,Nottinghamshire Police,Nottinghamshire Police,-1.070616,52.960870,On or near NETHER PASTURE,E01028187,Gedling 015D,Local resolution
98af51f80dc3b53582c058fb1ac392cc0e8f67dd3d4b0899aa56335c8cf28f97,2013-06,Nottinghamshire Police,Nottinghamshire Police,-1.079264,52.964434,On or near Parking Area,E01028186,Gedling 015C,Suspect charged
f72cdd7dc57fd09a0142fe422a6d9aefa2393f59006e74f7046ae19ceaaf699e,2013-06,Nottinghamshire Police,Nottinghamshire Police,-1.128814,53.001476,On or near HALLAM'S LANE,E01028175,Gedling 005C,Local resolution
7fb2d385c2e8294f84e7088d021e17ee41604edba68facd612e99ff77e1ab182,2013-06,Nottinghamshire Police,Nottinghamshire Police,-1.144664,52.964770,On or near WOODBOROUGH ROAD,E01013958,Nottingham 023C,Offender given a drugs possession warning
922c4adb2bd59183bcc2bba3026c3e8ae7cc556397eaa40ced0188f2e333f75a,2013-06,Nottinghamshire Police,Nottinghamshire Police,-1.184280,52.998138,On or near EDGWARE ROAD,E01013889,Nottingham 004C,Investigation complete; no suspect identified
dcd9479e129dc68c7db47adf11b3bbb6a7e28ab0bf7b9a0465ddeab3957b27bc,2013-06,Nottinghamshire Police,Nottinghamshire Police,-1.221817,52.975530,On or near HONITON ROAD,E01013822,Nottingham 011C,Investigation complete; no suspect identified
d8bbc1ec27851021fb0f1f6e9dfd9fb458d825a735463cc5032321892bd77ec8,2013-06,Nottinghamshire Police,Nottinghamshire Police,-1.212632,53.008937,On or near BLENHEIM LANE,E01013880,Nottingham 002B,Investigation complete; no suspect identified
0e1fc2a5e887b1fc5236ba5086eb8315f18848f7711920c00e3ca90afac6e90f,2013-06,Nottinghamshire Police,Nottinghamshire Police,-1.227399,52.960662,On or near HALL VIEW DRIVE,E01013860,Nottingham 025B,Investigation complete; no suspect identified
f5556660d61d6730ea153342bdc45846ca41ec937098b49fa6e80c86f705fc51,2013-06,Nottinghamshire Police,Nottinghamshire Police,-1.173433,52.996553,On or near RAYMEDE CLOSE,E01013855,Nottingham 006C,Investigation complete; no suspect identified
8a851e761eb03d17a162ab3394d48650247c981f90d6214e145967c4e6438a12,2013-06,Nottinghamshire Police,Nottinghamshire Police,-1.230386,52.974345,On or near MORRIS ROAD,E01013866,Nottingham 014C,Investigation complete; no suspect identified
49d7571e19d56b58703bfaa87925ec811f7bb3944c44a583c591dcbb731d2c95,2013-06,Nottinghamshire Police,Nottinghamshire Police,-1.159093,53.003024,On or near BECKHAMPTON ROAD,E01013850,Nottingham 038B,Investigation complete; no suspect identified
39ea3a21c0a29adb89cce79efca6ac93a315a836de18f9dca4c77e753836a02f,2013-06,Nottinghamshire Police,Nottinghamshire Police,-1.198101,52.989602,On or near MOLLINGTON SQUARE,E01013831,Nottingham 009C,Investigation complete; no suspect identified
4b4ea2f93cf1a20c081e0bba605f7a7c71d2ed0eba3f0823d71aa8b337aab862,2013-06,Nottinghamshire Police,Nottinghamshire Police,-1.192695,52.994294,On or near CAPORN CLOSE,E01013891,Nottingham 004E,Investigation complete; no suspect identified
3a876646389b86b913f97d3d0ea13cf96dfe4b128e3090615c87e1bfd85fae3b,2013-06,Nottinghamshire Police,Nottinghamshire Police,-1.167899,53.005396,On or near Pedestrian Subway,E01013893,Nottingham 001C,Investigation complete; no suspect identified
b6af74940e9d8e6041d9f40f2b61fe96c3987c28cf38736dd9507a0f579d665a,2013-06,Nottinghamshire Police,Nottinghamshire Police,-1.193697,52.991694,On or near POTTERS HOLLOW,E01013876,Nottingham 005B,Investigation complete; no suspect identified
5d3b0edf3d0e0243819dab91cfacde02e4a24ea9e20fa7a59e41851f92c870d0,2013-06,Nottinghamshire Police,Nottinghamshire Police,-1.209480,52.982424,On or near AINSDALE CRESCENT,E01013826,Nottingham 011E,Investigation complete; no suspect identified
918a71f4defa6b08681dfa1d66e3749a179d17b47ca3cfe7152947178d28e52e,2013-06,Nottinghamshire Police,Nottinghamshire Police,-1.210385,52.976893,On or near BROXTOWE LANE,E01013821,Nottingham 013C,Investigation complete; no suspect identified
a8fe7c9c14b48bf18486415e83d8bab01cc634ddd957d93f08951c7c9488320f,2013-06,Nottinghamshire Police,Nottinghamshire Police,-1.209480,52.982424,On or near AINSDALE CRESCENT,E01013826,Nottingham 011E,Investigation complete; no suspect identified
fb4d6d01110924afe6301e0c625760c821d4871c9ae42089696ad9659f992bba,2013-06,Nottinghamshire Police,Nottinghamshire Police,-1.148233,53.004376,On or near QUEEN'S BOWER ROAD,E01032621,Nottingham 038E,Investigation complete; no suspect identified
482596be1b04dccbd0fa801c661aacb62527c63caa1e53cce892a9e375453328,2013-06,Nottinghamshire Police,Nottinghamshire Police,-1.198755,53.002579,On or near MURIEL STREET,E01013885,Nottingham 002E,Investigation complete; no suspect identified
3d41421b0c7b2d5deba24163c349d566b94499eacb63d41e223cfd472b86c2cf,2013-06,Nottinghamshire Police,Nottinghamshire Police,-1.158884,52.993089,On or near ARNSIDE CLOSE,E01013856,Nottingham 006D,Investigation complete; no suspect identified
eecb7067b45cb008f56cd8ac0a83334a10346616f3f7de8ce7cf1efb9a11326f,2013-06,Nottinghamshire Police,Nottinghamshire Police,-1.222357,52.962040,On or near GLAISDALE DRIVE EAST,E01013860,Nottingham 025B,Suspect charged
57dc2b1a4c3bc0dcd3dd10c9fab055078c1f54a8e100355c97af51f424d13e18,2013-06,Nottinghamshire Police,Nottinghamshire Police,-1.152351,52.959179,On or near DUNDAS CLOSE,E01013813,Nottingham 022A,Suspect charged
2076fd55c2aab1776966b738c55622d1ffc5b6f453410b1a6b4b09c4f34146df,2013-06,Nottinghamshire Police,Nottinghamshire Police,-1.145710,52.955473,On or near CLARE STREET,E01033409,Nottingham 023H,Local resolution
dcee835ba2ba69d2585dea162dc03a13582ff1964069042f9fb8c7634298d2f7,2013-06,Nottinghamshire Police,Nottinghamshire Police,-1.169756,52.966853,On or near Supermarket,E01013846,Nottingham 018E,Investigation complete; no suspect identified
7a801d52a704317ca2f1f380013b87fab32756209968adc5fd5b4f5bdf3e62ed,2013-06,Nottinghamshire Police,Nottinghamshire Police,-1.155052,52.956547,On or near Parking Area,E01013816,Nottingham 022D,Investigation complete; no suspect identified
52dd21a99d25d539593c6faf6a7d0eb8b7bbebc5f5101292e1b16a511029e690,2013-06,Nottinghamshire Police,Nottinghamshire Police,-1.150199,52.955820,On or near Theatre/Concert Hall,E01033409,Nottingham 023H,Investigation complete; no suspect identified
6711d807d1aafd6781f34d8b54d2b034b8ddc8b20cccf0c13e44789ec5caba23,2013-06,Nottinghamshire Police,Nottinghamshire Police,-1.150053,52.948097,On or near CANAL STREET,E01033400,Nottingham 039B,Investigation complete; no suspect identified
bdabd55fb76f539dbec8d64936600e02e16ea5aeb010eef1bb7e126d302772be,2013-06,Nottinghamshire Police,Nottinghamshire Police,-1.145030,52.980899,On or near MANSFIELD STREET,E01013969,Nottingham 010C,Investigation complete; no suspect identified
9da42cccf1e53524aba8a2c8176954ee8b485717d16b305ebe9729155be9f0db,2013-06,Nottinghamshire Police,Nottinghamshire Police,-1.150199,52.955820,On or near Theatre/Concert Hall,E01033409,Nottingham 023H,Investigation complete; no suspect identified
94e2c80de570e150c575276f1bc2b38fe6e58cda5afdcdf80edb25e18e18caf9,2013-06,Nottinghamshire Police,Nottinghamshire Police,-1.169524,52.962654,On or near Parking Area,E01013812,Nottingham 018C,Investigation complete; no suspect identified
b6c238ebb86b9e5b5b1d2f41fa47552edb18e7c468a2a401113612510b101e1b,2013-06,Nottinghamshire Police,Nottinghamshire Police,-1.158265,52.976625,On or near SERIF CLOSE,E01013840,Nottingham 012D,Investigation complete; no suspect identified
0bc30b79c92582b84ea7fa46729b7cedc8960d76f02790a8e7cba9b53d88e3ec,2013-06,Nottinghamshire Police,Nottinghamshire Police,-1.148030,52.957890,On or near Shopping Area,E01033399,Nottingham 023E,Investigation complete; no suspect identified
9bf660a09fc50bddb9566efb9b0f4a04db6585370e19e94bedbfaf0a4f4b3c16,2013-06,Nottinghamshire Police,Nottinghamshire Police,-1.156684,52.967561,On or near Parking Area,E01013815,Nottingham 022C,Investigation complete; no suspect identified
4936cd4629bc28e557520477be921aa909e548d557da5b803525c3f8f07b71e9,2013-06,Nottinghamshire Police,Nottinghamshire Police,-1.156903,52.972390,On or near ALEXANDRA STREET,E01013843,Nottingham 017A,Investigation complete; no suspect identified
3053602839999075e2dfe4e54b6c96b3bf39b9dc971b0a8069acc7a094c1cd91,2013-06,Nottinghamshire Police,Nottinghamshire Police,-1.185800,52.943439,On or near Further/Higher Educational Building,E01033410,Nottingham 031I,Investigation complete; no suspect identified
13d275485cfd3e9dee12a41076f8b33ce5fe9aeddca8339a23187aa67fc2a704,2013-06,Nottinghamshire Police,Nottinghamshire Police,-1.169114,52.964610,On or near PATTERSON ROAD,E01013811,Nottingham 018B,Investigation complete; no suspect identified
12859a365a834dd4901729601f02aa0be27a9197b024800fc8095fdbb250043d,2013-06,Nottinghamshire Police,Nottinghamshire Police,-1.154121,52.960801,On or near MANSFIELD GROVE,E01013813,Nottingham 022A,Investigation complete; no suspect identified
00ec5c765286ec7305317bcf77387a8565ef31a3fef951b268b01b6a924db865,2013-06,Nottinghamshire Police,Nottinghamshire Police,-1.143330,52.955393,On or near Nightclub,E01033405,Nottingham 023G,Investigation complete; no suspect identified
7c59830b27c52219b1a929ed5a6485f3d745574d3267fc7d8d4d0e748df89c6e,2013-06,Nottinghamshire Police,Nottinghamshire Police,-1.156341,52.956888,On or near Further/Higher Educational Building,E01013816,Nottingham 022D,Investigation complete; no suspect identified
1f9e7de827bf94550085eac3cf30c6ae606855e903cc8c3ecf8e59ebefcc17bd,2013-06,Nottinghamshire Police,Nottinghamshire Police,-1.169771,52.965289,On or near Further/Higher Educational Building,E01013811,Nottingham 018B,Investigation complete; no suspect identified
28c66689082b9438531be6cf980b84b0422f355fcbcae45a652807db127dd95a,2013-06,Nottinghamshire Police,Nottinghamshire Police,-1.145030,52.980899,On or near MANSFIELD STREET,E01013969,Nottingham 010C,Investigation complete; no suspect identified
794fc60539b9610349c9d741f098cc839cc557a95dbf31e16a48fa79022f7cb2,2013-06,Nottinghamshire Police,Nottinghamshire Police,-1.161129,52.967925,On or near PREMIER ROAD,E01013847,Nottingham 017D,Investigation complete; no suspect identified
52005d2e2d700453f1b03121d8cf31a7309ebcccbb344102248dfb133f4a4a13,2013-06,Nottinghamshire Police,Nottinghamshire Police,-1.207256,52.956619,On or near BRENDON ROAD,E01013977,Nottingham 027A,Investigation complete; no suspect identified
2f0ab633fee10208745fd0cc610995cc766898de33931474d41753ebf4875c87,2013-06,Nottinghamshire Police,Nottinghamshire Police,-1.141572,52.951722,On or near PLUMPTRE STREET,E01033403,Nottingham 039D,Investigation complete; no suspect identified
5e538bcb0fdd1c41fdc9451ffea870c8cbcc7641e69ab93de3544f63395cf286,2013-06,Nottinghamshire Police,Nottinghamshire Police,-1.234350,52.945559,On or near KEVIN ROAD,E01013984,Nottingham 030D,Investigation complete; no suspect identified
6bf051f6f6c8a19a6d20e27404190b5f39636b951a613b1f03bc4dc98d1b8688,2013-06,Nottinghamshire Police,Nottinghamshire Police,-1.168734,52.979764,On or near LORTAS ROAD,E01013840,Nottingham 012D,Investigation complete; no suspect identified
951d2bb617cc14bc1b1f04a281cd566361f7dd62e3e0c3cf467b42d175a6387a,2013-06,Nottinghamshire Police,Nottinghamshire Police,-1.160651,52.970286,On or near CEDAR ROAD,E01013844,Nottingham 017B,Investigation complete; no suspect identified
e9b960697f7ac05d2c7c7fc61012fab2e1660ca9a8787c5de7c91cad858331f3,2013-06,Nottinghamshire Police,Nottinghamshire Police,-1.143842,52.953608,On or near CARLTON STREET,E01033406,Nottingham 039E,Suspect charged
2fc8a698b121f1bf2aba25e61efc7b5e16259ea7b720e7e89712316a5eb33cff,2013-06,Nottinghamshire Police,Nottinghamshire Police,-1.161021,52.985805,On or near VALMONT ROAD,E01013837,Nottingham 012A,Investigation complete; no suspect identified
421fe8f64071c2858731a5eed6557b3ace3af58ab3967b8c5c3e55a6744c5506,2013-06,Nottinghamshire Police,Nottinghamshire Police,-1.150199,52.955820,On or near Theatre/Concert Hall,E01033409,Nottingham 023H,Investigation complete; no suspect identified
3461c9f2671cd56fb3fd45f96e3a9650d5b0e333fc15557ae271d54d42b5b1f7,2013-06,Nottinghamshire Police,Nottinghamshire Police,-1.146168,52.954910,On or near Shopping Area,E01033406,Nottingham 039E,Investigation complete; no suspect identified
1a38811ab1e437aebd6a47bb9106d301175e3a5dc7fae49819f8826e2b667668,2013-06,Nottinghamshire Police,Nottinghamshire Police,-1.152112,52.954683,On or near Parking Area,E01033406,Nottingham 039E,Investigation complete; no suspect identified
8f0a3a99e5ab46bb94e38c1cacd093641fbbb95351c3ec05f92314e5ebebf158,2013-06,Nottinghamshire Police,Nottinghamshire Police,-1.121775,53.302266,On or near POTTER STREET,E01028062,Bassetlaw 013C,Investigation complete; no suspect identified
252c302dc3a2d1cf5a0a868a3e528404ba74f18347c8c293d122c7d8bc729d92,2013-06,Nottinghamshire Police,Nottinghamshire Police,-1.147902,53.310501,On or near HIGH GROUNDS WAY,E01028056,Bassetlaw 009B,Investigation complete; no suspect identified
00c490188d807e246b869dfd7ece40ffc7ebe8ca16332d33758908553e998ada,2013-06,Nottinghamshire Police,Nottinghamshire Police,-1.114194,53.292268,On or near NETHERTON ROAD,E01028067,Bassetlaw 013D,Investigation complete; no suspect identified
df76c776cdeb46f081f5daaaf98782672929f958a774236ee63a609b32ec4f39,2013-06,Nottinghamshire Police,Nottinghamshire Police,-1.127354,53.300240,On or near HARTLAND ROAD,E01028063,Bassetlaw 014D,Investigation complete; no suspect identified
4d2c786469e21fda299c732e794adb95a7a35f2b554a50e61c7eb2da203ccd98,2013-06,Nottinghamshire Police,Nottinghamshire Police,-1.118051,53.302410,On or near LANGLEY STREET,E01028065,Bassetlaw 012B,Investigation complete; no suspect identified
3f2714660c5f1fcb53f4e45a165125d1e0b8f982946c7e780ff9d5daddd9ad72,2013-06,Nottinghamshire Police,Nottinghamshire Police,-1.111017,53.312353,On or near KILTON CLOSE,E01028042,Bassetlaw 016E,Investigation complete; no suspect identified
16a3652de2ee641549c871150fe1254478175157663a4433a878b1797ae1ef48,2013-06,Nottinghamshire Police,Nottinghamshire Police,-1.127047,53.297622,On or near ROBINSON DRIVE,E01028060,Bassetlaw 013A,Investigation complete; no suspect identified
ebd466df18f329bacc8aa4a9b23e9a6cad6fad341dab5e82cee353ff7869876b,2013-06,Nottinghamshire Police,Nottinghamshire Police,-1.066589,53.266880,On or near Sports/Recreation Area,E01028040,Bassetlaw 014A,Investigation complete; no suspect identified
30f902d18bffa556a3579cd50a0e7c440654a69904f3101f2ac82dc37c4d5e90,2013-06,Nottinghamshire Police,Nottinghamshire Police,-1.128485,53.379513,On or near SCHOOL ROAD,E01028030,Bassetlaw 004F,Investigation complete; no suspect identified
7bc0f7348bdde2e2071d8ad766d16dd0d64eddb73a0e3c3b85e6d2f55f96f2f7,2013-06,Nottinghamshire Police,Nottinghamshire Police,-1.124503,53.305352,On or near Supermarket,E01028062,Bassetlaw 013C,Investigation complete; no suspect identified
e1d0793eef7ddb3daa0e30e9f68660574e12d2918877c0c09159396924e7e8d4,2013-06,Nottinghamshire Police,Nottinghamshire Police,-1.120580,53.306383,On or near BEAVER PLACE,E01028068,Bassetlaw 012D,Investigation complete; no suspect identified
7c24027def944fffcd44e3308c6e1c5f5b270d41c0151e6363502cada9075078,2013-06,Nottinghamshire Police,Nottinghamshire Police,-1.114605,53.302123,On or near LOWTOWN VIEW,E01028065,Bassetlaw 012B,Investigation complete; no suspect identified
543fe3ea72b121167d98ead5c8fb8574dde48787231a30933a08a186446c4b71,2013-06,Nottinghamshire Police,Nottinghamshire Police,-1.113074,53.323137,On or near WESTWAY,E01028053,Bassetlaw 016C,Investigation complete; no suspect identified
26bbdd1e0e9cf46e498403e8643f3b7b9a0ba5e32a0bb1c2193f2987972e5d16,2013-06,Nottinghamshire Police,Nottinghamshire Police,-1.124503,53.305352,On or near Supermarket,E01028062,Bassetlaw 013C,Investigation complete; no suspect identified
7195e88c8b0e34d5d52023d6ce7b90f2d45c713935089d6d77755e4703ef2460,2013-06,Nottinghamshire Police,Nottinghamshire Police,-1.127236,53.304536,On or near KING STREET,E01028062,Bassetlaw 013C,Investigation complete; no suspect identified
81ef46dae3b6aba0ae1799a0d6cfea1c0aa11add6bd0352137d86087f6cd9505,2013-06,Nottinghamshire Police,Nottinghamshire Police,-1.124503,53.305352,On or near Supermarket,E01028062,Bassetlaw 013C,Investigation complete; no suspect identified
5d48de26ee47dfd55bcd38e0c47b97fa643ccc821ae18c1733b3a243c3d8f903,2013-06,Nottinghamshire Police,Nottinghamshire Police,-1.121775,53.302266,On or near POTTER STREET,E01028062,Bassetlaw 013C,Investigation complete; no suspect identified
28d655593c1da90eb73190c3ad8a992212104f6cb0fce74fd314284b53158543,2013-06,Nottinghamshire Police,Nottinghamshire Police,-1.115486,53.323389,On or near MAPLE DRIVE,E01028053,Bassetlaw 016C,Investigation complete; no suspect identified
ff573dd80e7e54b269e6f0bcdcd2bb777665d2f7eb33f0b0beac256a29336450,2013-06,Nottinghamshire Police,Nottinghamshire Police,-0.900608,53.211386,On or near MAIN STREET,E01028312,Newark and Sherwood 003B,Investigation complete; no suspect identified
6842b167c2bec4265f4ea1bc5bd8b64ab1b495defa7f0fb1b32270de47b6b223,2013-06,Nottinghamshire Police,Nottinghamshire Police,-0.796313,53.086170,On or near LINCOLN COURT,E01028304,Newark and Sherwood 007B,Investigation complete; no suspect identified
1cafede03523903ff75d9281704d06ce20faf2bdc71ab751e56a51c34fdcb9c4,2013-06,Nottinghamshire Police,Nottinghamshire Police,-0.810112,53.078488,On or near BAR GATE,E01028310,Newark and Sherwood 007F,Investigation complete; no suspect identified
13e66121dc1a4184b875e18b0811c0e8be88b5892b2f96bacf98468d736164dc,2013-06,Nottinghamshire Police,Nottinghamshire Police,-0.815867,53.063515,On or near PIERSON STREET,E01028318,Newark and Sherwood 010C,Suspect charged
1eb4356fcca2befbc8addce59ed3c3a6dadf2c41d66149e273e24fad0fbf8fef,2013-06,Nottinghamshire Police,Nottinghamshire Police,-0.940868,53.314200,On or near GRIEVES CLOSE,E01028022,Bassetlaw 008F,Investigation complete; no suspect identified
3ea992a5a8c333e0020a5cbde8acc350addbeb8b707da5425d8483ed8abe42f8,2013-06,Nottinghamshire Police,Nottinghamshire Police,-0.940868,53.314200,On or near GRIEVES CLOSE,E01028022,Bassetlaw 008F,Investigation complete; no suspect identified
d70dcf0668ba03566f222c22d999c8ebf3d8b9d82df196f9816b0e1b399a0934,2013-06,Nottinghamshire Police,Nottinghamshire Police,-0.947248,53.306823,On or near SHERWOOD ROAD,E01028019,Bassetlaw 010C,Investigation complete; no suspect identified
5c0a10c1074c7b4bba6af3642cdcfd719e659e350d4a55fd5c7e0e9e77b00015,2013-06,Nottinghamshire Police,Nottinghamshire Police,-0.947932,53.324807,On or near A620,E01028020,Bassetlaw 010D,Investigation complete; no suspect identified
d49ff5b5fc0ae13819b9686a5b8b560d80562e5a6accc5a3fb874c07c182ad7b,2013-06,Nottinghamshire Police,Nottinghamshire Police,-0.947932,53.324807,On or near A620,E01028020,Bassetlaw 010D,Investigation complete; no suspect identified
ae628b9c5fbe46570b7574e19e7fcd4b414beab0acf7e87b60a4e7b17608a264,2013-06,Nottinghamshire Police,Nottinghamshire Police,-0.853005,53.426381,On or near WEST MOOR ROAD,E01027999,Bassetlaw 002A,Investigation complete; no suspect identified
a5ece51f2dd009c538874734b8e569fe66dc00dbafe5bf7218e0539600347f6b,2013-06,Nottinghamshire Police,Nottinghamshire Police,-1.044000,53.418417,On or near MILNE ROAD,E01028025,Bassetlaw 001C,Investigation complete; no suspect identified
40307e1e922daa95f3cd604797142ad2563b869f7fcb6a828ca21cd52c33f5f4,2013-06,Nottinghamshire Police,Nottinghamshire Police,-1.201377,53.165590,On or near THORESBY ROAD,E01028281,Mansfield 004D,Offender given a caution
ee96ccdb97ada7fc7ca6af4d70dbdd0855560715e0c2528e4080da356d03a0dd,2013-06,Nottinghamshire Police,Nottinghamshire Police,-1.213220,53.156787,On or near HOLLYHOCK DRIVE,E01028282,Mansfield 006F,Investigation complete; no suspect identified
e7688a9b05c661d4c70db4ffac16b3da1aa5150af1ccc1810c8f68a950988e8a,2013-06,Nottinghamshire Police,Nottinghamshire Police,-1.210510,53.148014,On or near GEORGE STREET,E01028227,Mansfield 008A,Investigation complete; no suspect identified
deef5601d599ef1a321ba7e258f46dd4f6bea96ad484171425dc118504d8624e,2013-06,Nottinghamshire Police,Nottinghamshire Police,-1.202612,53.151413,On or near WEST HILL,E01028283,Mansfield 004E,Investigation complete; no suspect identified
42894ced61dc1a948f72ed340b43c9f0291d6c9cb3ed1e5ffc39e78bf63bfe77,2013-06,Nottinghamshire Police,Nottinghamshire Police,-1.154503,53.139467,On or near MIDDLETON COURT,E01028261,Mansfield 012C,Investigation complete; no suspect identified
48fd5bdd551a7f9329007f1ab989a4d577cafb41bfea9d01b01d25ded62ff697,2013-06,Nottinghamshire Police,Nottinghamshire Police,-1.170618,53.141783,On or near EPSOM STREET,E01028234,Mansfield 009B,Suspect charged
cb53f0c64f42229a2e38c930a129d87824a400ed53ef90c452efdb1962319d17,2013-06,Nottinghamshire Police,Nottinghamshire Police,-1.195530,53.145505,On or near CLERKSON'S ALLEY,E01028284,Mansfield 008F,Investigation complete; no suspect identified
402c85ddf02a273dd4c1bb07726077344fa5e5be5cdeecd0a857ac81c33ba423,2013-06,Nottinghamshire Police,Nottinghamshire Police,-1.153805,53.134671,On or near Shopping Area,E01028263,Mansfield 012D,Investigation complete; no suspect identified
1804320368164b868953eea40372c62d3b11ed1494542332978107fd5b4de6ca,2013-06,Nottinghamshire Police,Nottinghamshire Police,-1.155635,53.134316,On or near STANAGE COURT,E01028263,Mansfield 012D,Investigation complete; no suspect identified
51c9b1dc06d82a2b14a7e9f8ea290b37c81bc0c8b2e0474408a47c978e4bb593,2013-06,Nottinghamshire Police,Nottinghamshire Police,-1.200452,53.028488,On or near ACACIA CLOSE,E01027930,Ashfield 016B,Investigation complete; no suspect identified
518f915fe01658e430d9eb64688db4a1ccf389ec2a1207ea9fdf9cda090ee8a8,2013-06,Nottinghamshire Police,Nottinghamshire Police,-1.199797,53.025221,On or near MAGNOLIA GROVE,E01027930,Ashfield 016B,Investigation complete; no suspect identified
eff616d615794c518b15df02c3ec2d8b00e1e2d9c86a29318fcecb829c881fc6,2013-06,Nottinghamshire Police,Nottinghamshire Police,-1.193474,53.029250,On or near ST JOHN'S CRESCENT,E01027929,Ashfield 013A,Investigation complete; no suspect identified
ebdedc8701542e7e6ca36a2b2b0e4287a62095709890bc6ce2648c5bc1ef6b7e,2013-06,Nottinghamshire Police,Nottinghamshire Police,-1.206000,53.033290,On or near CHATSWORTH DRIVE,E01027927,Ashfield 014A,Investigation complete; no suspect identified
7c6c59da3e74cdbc2c5d78f3f61793530a7f9801de21c4e5007ed8683326da98,2013-06,Nottinghamshire Police,Nottinghamshire Police,-1.290781,53.072057,On or near SHERWOOD WAY,E01027962,Ashfield 011C,Investigation complete; no suspect identified
2e0c3afd667ad5a85a4b39cbe1ae04ad2d629367a0258b91a68614347ed04076,2013-06,Nottinghamshire Police,Nottinghamshire Police,-1.219407,53.026637,On or near Supermarket,E01027942,Ashfield 016E,Investigation complete; no suspect identified
4512521977c62088288cd99c5d4a4539adf6031b6550b77ba8b735a35a1b4fbb,2013-06,Nottinghamshire Police,Nottinghamshire Police,-1.187705,53.021228,On or near SHELTON AVENUE,E01027929,Ashfield 013A,Investigation complete; no suspect identified
2539b787887a6d1f53137b255daea77de5be56d59c21add4c1ec526f397942f4,2013-06,Nottinghamshire Police,Nottinghamshire Police,-1.196497,53.035896,On or near Supermarket,E01027932,Ashfield 014C,Investigation complete; no suspect identified
e2a6db5d560cbf097589b8482ac4512a504b388714fa1fa690ba7800fc43ff72,2013-06,Nottinghamshire Police,Nottinghamshire Police,-1.267240,53.127683,On or near CARSIC LANE,E01027965,Ashfield 005B,Investigation complete; no suspect identified
86ce73d955c7017140a4fd8e8e00631f4d4902f8c5718f41773ea798c35ba2dc,2013-06,Nottinghamshire Police,Nottinghamshire Police,-1.250289,53.094372,On or near LINDLEY'S LANE,E01027950,Ashfield 009C,Investigation complete; no suspect identified
b3d9258baf5d36df5188874d0b4e9a0670f8d9b4f6adff307544e41544c573b4,2013-06,Nottinghamshire Police,Nottinghamshire Police,-1.252351,53.129631,On or near ST MICHAEL'S STREET,E01027978,Ashfield 004D,Investigation complete; no suspect identified
4df5fbbdd50fc5960688e2c55a43da9bc4986552af0db921883228c043744fed,2013-06,Nottinghamshire Police,Nottinghamshire Police,-1.246970,53.130478,On or near EASTFIELD SIDE,E01027985,Ashfield 004E,Investigation complete; no suspect identified
ec8710dee768366e69383537dfa98bd5cfb3f150a119c0455762addfd36e5c57,2013-06,Nottinghamshire Police,Nottinghamshire Police,-1.239102,53.133422,On or near BLACKMIRES WAY,E01027985,Ashfield 004E,Investigation complete; no suspect identified
0321b7fe8af7e1e38bcaccef86b7010f0d525113bd0c6db599890f850e1de99c,2013-06,Nottinghamshire Police,Nottinghamshire Police,-1.302578,53.129891,On or near MAIN STREET,E01027986,Ashfield 003B,Investigation complete; no suspect identified
20e89e42d6cedc089076c2fec79a5221a6a670058434798358a8b111afb118ec,2013-06,Nottinghamshire Police,Nottinghamshire Police,-1.250289,53.094372,On or near LINDLEY'S LANE,E01027950,Ashfield 009C,Investigation complete; no suspect identified
f3eca221e2bcf02fb9380ccd185b9b6017c0d238d42343c5c3da8d9b46fdf52d,2013-06,Nottinghamshire Police,Nottinghamshire Police,-1.262060,53.127319,On or near Parking Area,E01027965,Ashfield 005B,Investigation complete; no suspect identified
c37ef8b21349b3cfb21f78567a77409e687227ffb8b78bc82168abd23b1b849a,2013-06,Nottinghamshire Police,Nottinghamshire Police,-1.256794,53.129362,On or near RUSSELL STREET,E01027967,Ashfield 004A,Investigation complete; no suspect identified
9e9537ca53abb5cbe8abc1ce9653ca2f16b1bcdf30826aab482d666e847873a0,2013-06,Nottinghamshire Police,Nottinghamshire Police,-1.242820,53.128510,On or near UPPER MILL STREET,E01027977,Ashfield 004C,Investigation complete; no suspect identified
94d4c3f8fbe9991423f8c93fd1a8f51328cfffaf1751b10858aa60b3c74ff3d2,2013-06,Nottinghamshire Police,Nottinghamshire Police,-1.262060,53.127319,On or near Parking Area,E01027965,Ashfield 005B,Investigation complete; no suspect identified
ece6e8fb39ea4c0b779b5a6d70c497d69d3831772609dab372ce533913c61669,2013-06,Nottinghamshire Police,Nottinghamshire Police,-1.275673,53.115833,On or near ROSEDALE GARDENS,E01027992,Ashfield 006F,Investigation complete; no suspect identified
388dbf7e834ab581221e673a460f96b74d5404e46b32bc795c162bf14e6fbc06,2013-06,Nottinghamshire Police,Nottinghamshire Police,-1.280884,53.126769,On or near SPRINGWOOD VIEW CLOSE,E01027989,Ashfield 006D,Investigation complete; no suspect identified
513065ebf7732d3a4d5beb87f72c5a7ab61c18208fc9c8afeb799be59dab299d,2013-06,Nottinghamshire Police,Nottinghamshire Police,-1.123349,52.938707,On or near MELBOURNE ROAD,E01028386,Rushcliffe 004E,Offender given a caution
bff4e959252ef8683b6e343d8c01566fc387ed89dbaeb16732da17c2154d0736,2013-06,Nottinghamshire Police,Nottinghamshire Police,-1.142718,52.922352,On or near WEST VIEW,E01028392,Rushcliffe 007E,Suspect charged
3c58d88b9400eb1201affa08f02ffeaf233bd006e597f91550ba1ee63f7edf73,2013-06,Nottinghamshire Police,Nottinghamshire Police,-1.127975,52.982448,On or near WOODTHORPE ROAD,E01013935,Nottingham 010A,Suspect charged
6862c52bbad82004a2a1f29db1e5fa19d3a2541c67159774612ac87a6795e837,2013-06,Nottinghamshire Police,Nottinghamshire Police,-1.213894,52.976350,On or near WITHERN ROAD,E01013822,Nottingham 011C,Suspect charged
4806bec3cf74cc68a349524e46a5016add7d7d631e20b5abb337fa529b90ad61,2013-06,Nottinghamshire Police,Nottinghamshire Police,-1.149504,52.957865,On or near PEACHEY STREET,E01033399,Nottingham 023E,Suspect charged as part of another case
8cf9f04df91b347efabb3f5b7142ead7b9bf17240ff52c898b2067d44e762063,2013-06,Nottinghamshire Police,Nottinghamshire Police,-1.181789,52.954864,On or near WRAGBY ROAD,E01033395,Nottingham 026G,Offender given a caution
45bd89e1684efb1a835c3f8ca2cd5dca39e5384344e927d058333361f6f28e1c,2013-06,Nottinghamshire Police,Nottinghamshire Police,-1.172692,52.955754,On or near ILKESTON ROAD,E01013947,Nottingham 026D,Offender given a caution
160749967617b52672614fefabe67fbf744c9613cbc094e57154a8fe46f98b5a,2013-06,Nottinghamshire Police,Nottinghamshire Police,-1.149477,52.954655,On or near KING STREET,E01033406,Nottingham 039E,Local resolution
78ad9675c8d41b231dfb7bce67432a20c26e074f0a461ee0a6386584f309964e,2013-06,Nottinghamshire Police,Nottinghamshire Police,-1.114743,53.299086,On or near KENILWORTH CLOSE,E01028065,Bassetlaw 012B,Offender given a caution
86f3d5a649d25d6187c0e2b0689f46bc632749446b99f8e1881db3849063df10,2013-06,Nottinghamshire Police,Nottinghamshire Police,-1.126382,53.310354,On or near MILL STREET,E01028057,Bassetlaw 012A,Suspect charged
5a41bc26e33ef2428a47372f4b2b01ef27c331517ea8fbda868cecbc0dee1352,2013-06,Nottinghamshire Police,Nottinghamshire Police,-0.811153,53.075928,On or near Supermarket,E01028310,Newark and Sherwood 007F,Offender given a caution
8ffaac57043d5159b40284dbd9e2a3b5e74f1a955baf685094ae74f6dfcda5ee,2013-06,Nottinghamshire Police,Nottinghamshire Police,-0.979500,52.949677,On or near Petrol Station,E01028419,Rushcliffe 010B,Offender given a caution
753023190f67d77959674d498db075116bb150d229069cb2e0a65e9d859b63c6,2013-06,Nottinghamshire Police,Nottinghamshire Police,-1.077744,52.963119,On or near MOOR STREET,E01028186,Gedling 015C,Offender given a drugs possession warning
340d157619c1e3fafcefac1059a855fabf95e20d90f6edcb3962fcd52a8aec17,2013-06,Nottinghamshire Police,Nottinghamshire Police,-1.206870,52.973660,On or near ALLENDALE AVENUE,E01013824,Nottingham 013E,Suspect charged
4a8e2a34679a4a2b1ef67cc255bda9ed2205efb50d7b4dffd4c5b4fc23c13c04,2013-06,Nottinghamshire Police,Nottinghamshire Police,-1.154263,52.963454,On or near TUDOR GROVE,E01013815,Nottingham 022C,Suspect charged
b913be17c3b6a369a1c04af68fd0306fa6c92a66972167c9ceb7299efc459f5e,2013-06,Nottinghamshire Police,Nottinghamshire Police,-1.150007,52.977753,On or near BINGHAM ROAD,E01013971,Nottingham 010E,Offender given a caution
07b61acf1f512bae3bc2987f5c3c6e869d2d1012b0e3fe9ebcad17af72ec1460,2013-06,Nottinghamshire Police,Nottinghamshire Police,-1.148818,52.941211,On or near HUMBER CLOSE,E01013871,Nottingham 040B,Suspect charged
2dbc9c550e853c806b344f3c0805dccfa2d7ae07b10b294980ec322aed9da824,2013-06,Nottinghamshire Police,Nottinghamshire Police,-1.148818,52.941211,On or near HUMBER CLOSE,E01013871,Nottingham 040B,Suspect charged
1961ba700c31721dd04866c4362d0bbcdd32fc5fb51328be959e34a7003a09f6,2013-06,Nottinghamshire Police,Nottinghamshire Police,-1.117276,52.959994,On or near LINTON RISE,E01013916,Nottingham 024D,Suspect charged
92dcef326d93a059deef2a72f28d5f3da692204628c59631b55801f90cfdbffd,2013-06,Nottinghamshire Police,Nottinghamshire Police,-1.174580,52.974645,On or near BLEACHERS YARD,E01013833,Nottingham 009E,Suspect charged
0ae0bc10916f629c2f1fa058580c779416becb6fd0292d984c4a1e2f45cfada7,2013-06,Nottinghamshire Police,Nottinghamshire Police,-1.181254,52.995052,On or near RONA COURT,E01013834,Nottingham 008C,Offender given a caution
2e8df1b3d162f6b09967122cf79f9d6266ad598cbd2f36fb9984cb93f94756b5,2013-06,Nottinghamshire Police,Nottinghamshire Police,-1.149881,52.950775,On or near STANFORD STREET,E01033400,Nottingham 039B,Local resolution
cfddbede5127391e3400ee99dec285004d3dc9b5ce647420f394c46806870c5c,2013-06,Nottinghamshire Police,Nottinghamshire Police,-1.148837,52.956215,On or near Supermarket,E01033409,Nottingham 023H,Suspect charged
428ee8f501a2b15c9dde1e3be10cdb835e52734d3096504a79b0c2492f5fabe7,2013-06,Nottinghamshire Police,Nottinghamshire Police,-1.139292,52.952631,On or near Sports/Recreation Area,E01033407,Nottingham 039F,Offender given a caution
9d5eeb60f7cd67dc0f36ab912cfeeb67519924ebf9aa8c184d4b1f28fb684352,2013-06,Nottinghamshire Police,Nottinghamshire Police,-1.173064,52.969052,On or near SCOTHOLME AVENUE,E01013842,Nottingham 018D,Offender given penalty notice
71c49963f08823200771a7a645094122e85b131dfc66f282e9e844a756c4eb84,2013-06,Nottinghamshire Police,Nottinghamshire Police,-0.784041,53.056443,On or near THERESA COURT,E01028287,Newark and Sherwood 011C,Offender given a caution
71c49963f08823200771a7a645094122e85b131dfc66f282e9e844a756c4eb84,2013-06,Nottinghamshire Police,Nottinghamshire Police,-0.784041,53.056443,On or near THERESA COURT,E01028287,Newark and Sherwood 011C,Offender given a caution
c45313cefffa2a2b8f7df6bceb0a0138d0a2134c578cefe73c143157d144b5a9,2013-06,Nottinghamshire Police,Nottinghamshire Police,-0.787273,53.059838,On or near ALDER CLOSE,E01028289,Newark and Sherwood 011E,Offender given a caution
c45313cefffa2a2b8f7df6bceb0a0138d0a2134c578cefe73c143157d144b5a9,2013-06,Nottinghamshire Police,Nottinghamshire Police,-0.787273,53.059838,On or near ALDER CLOSE,E01028289,Newark and Sherwood 011E,Offender given a caution
e1c1d4e31ccf723672f6063aaaf073c413d64e64293cc94b4064aa4e0a8c19a0,2013-06,Nottinghamshire Police,Nottinghamshire Police,-0.788662,53.053928,On or near GIBSON CRESCENT,E01028290,Newark and Sherwood 011F,Offender given a caution
e1c1d4e31ccf723672f6063aaaf073c413d64e64293cc94b4064aa4e0a8c19a0,2013-06,Nottinghamshire Police,Nottinghamshire Police,-0.788662,53.053928,On or near GIBSON CRESCENT,E01028290,Newark and Sherwood 011F,Offender given a caution
b741bc254e78099fff84c7e59629c801390627920b329eebe88daf9d0c430b73,2013-06,Nottinghamshire Police,Nottinghamshire Police,-0.789564,53.062217,On or near SAPLING CLOSE,E01028285,Newark and Sherwood 011A,Offender given a caution
b741bc254e78099fff84c7e59629c801390627920b329eebe88daf9d0c430b73,2013-06,Nottinghamshire Police,Nottinghamshire Police,-0.789564,53.062217,On or near SAPLING CLOSE,E01028285,Newark and Sherwood 011A,Offender given a caution
ed6f3d38e54a733bc73a02406a83e65a3f630e2addc2258bb5d06b578f7de605,2013-06,Nottinghamshire Police,Nottinghamshire Police,-0.791601,53.057689,On or near RUSSELL AVENUE,E01028289,Newark and Sherwood 011E,Offender given a caution
ed6f3d38e54a733bc73a02406a83e65a3f630e2addc2258bb5d06b578f7de605,2013-06,Nottinghamshire Police,Nottinghamshire Police,-0.791601,53.057689,On or near RUSSELL AVENUE,E01028289,Newark and Sherwood 011E,Offender given a caution
6c3490fc6ba3662a6620dc1345d7d2cabf2d8cf8e19a237295b6d71de3657aab,2013-06,Nottinghamshire Police,Nottinghamshire Police,-1.184907,53.164858,On or near GEORGE STREET,E01028250,Mansfield 005B,Offender given a drugs possession warning
0c5801c93e90b649960f38f10df3ffdad43ca9891219de0bb0d531d91371d911,2013-06,Nottinghamshire Police,Nottinghamshire Police,-1.202823,53.149725,On or near Parking Area,E01028284,Mansfield 008F,Suspect charged
e95d1901218657bb5d4b9fc9692dff743f6c1da2f37d52b5fba6506fbcf66b45,2013-06,Nottinghamshire Police,Nottinghamshire Police,-1.210664,53.149381,On or near DEVON DRIVE,E01028227,Mansfield 008A,Suspect charged
32131dea195b347c2c1e31458a6c2fe8af141514813d2fba3ac96ae2449594d8,2013-06,Nottinghamshire Police,Nottinghamshire Police,-1.129077,53.223576,On or near KIRTON CLOSE,E01028257,Mansfield 001B,Local resolution
e48450054a114bf197f3c23ce700954a61ee918972efe64fe8cc59d69cce34c7,2013-06,Nottinghamshire Police,Nottinghamshire Police,-1.193568,53.137698,On or near BAUM'S LANE,E01028270,Mansfield 013F,Local resolution
b67796c77064e022468bd7ee4884e3dea5b1634b99a54c8a281421cb10d65313,2013-06,Nottinghamshire Police,Nottinghamshire Police,-1.181185,53.143501,On or near KING STREET,E01028233,Mansfield 009A,Suspect charged
9dfa1fee9e1626bc8d7670eee404c45824ee2e83df15b6d88a5d09878c0352ea,2013-06,Nottinghamshire Police,Nottinghamshire Police,-1.169864,53.149140,On or near WOODHALL GARDENS,E01028243,Mansfield 007F,Local resolution
cde3140b7c4f90d64175c70f649163911050a156a94cbd08267c2d893916edce,2013-06,Nottinghamshire Police,Nottinghamshire Police,-1.269946,53.064038,On or near M1,E01027993,Ashfield 012C,Offender given a drugs possession warning
7bf5bd80778d2d22d1990f49ec035677d48c280859411994cb083e3b6f0835e9,2013-06,Nottinghamshire Police,Nottinghamshire Police,-1.284612,53.141695,On or near BLUEBELL CLOSE,E01027981,Ashfield 001C,Offender given a caution
9cad98eedcf8d1a7d072cf3122a5700cb8681e597249213428d99cf0bbf270ee,2013-06,Nottinghamshire Police,Nottinghamshire Police,-1.266555,53.116946,On or near COLLINS AVENUE,E01027975,Ashfield 006B,Suspect charged
5886e25ecb55e5b0905d5b3f0b17e9738368c55a11d6e337e2f0da633493506b,2013-06,Nottinghamshire Police,Nottinghamshire Police,-1.268831,53.134300,On or near COWPES CLOSE,E01027964,Ashfield 005A,Offender given a caution
9838e177b766588040a79ad2fa93ecd9da698d0af1bffaf51e505ff89ed6363c,2013-06,Nottinghamshire Police,Nottinghamshire Police,-1.155516,52.923585,On or near CRANBERRY CLOSE,E01028363,Rushcliffe 007A,Investigation complete; no suspect identified
ebdda25ec7e99d56fed7eef07063c82588c6e6ac02c3eafb7eafe593951f8c8c,2013-06,Nottinghamshire Police,Nottinghamshire Police,-1.088109,52.940338,On or near Park/Open Space,E01028376,Rushcliffe 006C,Investigation complete; no suspect identified
b3f98644b54ea0868147c120d7e293b89ec51bd87498ddf758f2d198f9a827d7,2013-06,Nottinghamshire Police,Nottinghamshire Police,-1.150541,52.915549,On or near BARLEY CROFT,E01028364,Rushcliffe 007B,Investigation complete; no suspect identified
4d5e466d1ad23cc9d0cbb87a7845d3112fe9a8ce3064d569c748d096a76b57b2,2013-06,Nottinghamshire Police,Nottinghamshire Police,-0.856764,52.960543,On or near CHAPEL GARTH,E01028411,Rushcliffe 001C,Investigation complete; no suspect identified
bbf940ade072a7d2a58a6bf562f74c7f2f839f5e34980c15f0c59d327ac8480e,2013-06,Nottinghamshire Police,Nottinghamshire Police,-1.090333,52.871144,On or near Supermarket,E01028383,Rushcliffe 013D,Investigation complete; no suspect identified
21092fba54c7d0e6495f12bc6c0b463b1af77b96d02ff51d2500d73b067b86cb,2013-06,Nottinghamshire Police,Nottinghamshire Police,-1.181804,52.838809,On or near HOLLIS MEADOW,E01028388,Rushcliffe 015A,Investigation complete; no suspect identified
ea4f89e73be451e60af0d77f8ac71e790acecea8dc32c01da4d0a043a4281bcd,2013-06,Nottinghamshire Police,Nottinghamshire Police,-1.085012,52.892409,On or near COTGRAVE ROAD,E01028421,Rushcliffe 012C,Investigation complete; no suspect identified
8e464452f55021cad63eff9141f940781638e2917326a207b7d3e67ec46e60ea,2013-06,Nottinghamshire Police,Nottinghamshire Police,-1.091633,52.875766,On or near THELDA AVENUE,E01028383,Rushcliffe 013D,Investigation complete; no suspect identified
5336c8c0ee71c7420e70a9abf11cd02acc0d26183badd28611e9ad2946720598,2013-06,Nottinghamshire Police,Nottinghamshire Police,-1.285340,52.989565,On or near BONNER'S ROAD,E01033413,Broxtowe 016G,Investigation complete; no suspect identified
7913997cc3f122873374200bb333fb8b00daecc1d8fa9b575558d07cfc111759,2013-06,Nottinghamshire Police,Nottinghamshire Police,-1.250751,52.995456,On or near NOTTINGHAM ROAD,E01028102,Broxtowe 004A,Investigation complete; no suspect identified
c4b030e596c1a14019962005e2ce3611df725c0350db45a38692a21de6d75a4f,2013-06,Nottinghamshire Police,Nottinghamshire Police,-1.098337,52.964436,On or near PALMER CRESCENT,E01028155,Gedling 014A,Investigation complete; no suspect identified
e3d745bdd759022634864dda3daa6e77d65193c3e971bcee2faf624bdaa35268,2013-06,Nottinghamshire Police,Nottinghamshire Police,-1.088556,52.966492,On or near Petrol Station,E01028158,Gedling 014D,Investigation complete; no suspect identified
25a38743ff5ec38ac4f0feb84311a1933463c2ad3fade8926069c6371b55c03f,2013-06,Nottinghamshire Police,Nottinghamshire Police,-1.154593,53.011415,On or near CEDAR TREE ROAD,E01032622,Gedling 016D,Investigation complete; no suspect identified
178cc6a09f7e98b5dbeb2bd65152d46c881ca4724c7cfb82e8c8f9680bbb3f09,2013-06,Nottinghamshire Police,Nottinghamshire Police,-1.123106,53.006630,On or near COPPICE ROAD,E01028209,Gedling 005D,Investigation complete; no suspect identified
aa1d7900d5194a7542736c6794c0eea13bd16e2ccc72e15654ae8d525ebd6b55,2013-06,Nottinghamshire Police,Nottinghamshire Police,-1.122008,53.011557,On or near QUEEN STREET,E01028206,Gedling 004C,Investigation complete; no suspect identified
c4fb99dd35824c5c2755bc6bfb95fbf414680902bc7c84ea11f39715bd4994e8,2013-06,Nottinghamshire Police,Nottinghamshire Police,-1.123244,53.008680,On or near UPMINSTER DRIVE,E01028206,Gedling 004C,Investigation complete; no suspect identified
73f5aa6dbf3ceb382690f6684a3c6a8e20248725c987c56d9022efa474d107b1,2013-06,Nottinghamshire Police,Nottinghamshire Police,-1.137931,52.995618,On or near MANSFIELD ROAD,E01028167,Gedling 006D,Investigation complete; no suspect identified
6795b1cd7fb28cbe8f49452a833c80021017fd7f6b7018e0daf0e1ff43a15267,2013-06,Nottinghamshire Police,Nottinghamshire Police,-1.144625,52.962936,On or near PEAS HILL ROAD,E01013958,Nottingham 023C,Investigation complete; no suspect identified
1c1feb62ad8c28936b633ed487a4f9a6c909553aeb8d441ace461a0feceab4d9,2013-06,Nottinghamshire Police,Nottinghamshire Police,-1.131539,52.966652,On or near CHANDOS STREET,E01013959,Nottingham 021B,Investigation complete; no suspect identified
6c962f002ae155f7021eb11c467e60f77324745231707f9ee682df8aeeb1b6bf,2013-06,Nottinghamshire Police,Nottinghamshire Police,-1.123833,52.983235,On or near Petrol Station,E01013935,Nottingham 010A,Investigation complete; no suspect identified
11f8679c9c9179631e7af81a1eccd310d9f6e519b087e41c38eef5d0ab3e9ebb,2013-06,Nottinghamshire Police,Nottinghamshire Police,-1.129450,52.971321,On or near BRANDRETH AVENUE,E01013940,Nottingham 016C,Investigation complete; no suspect identified
50201ffa5ce6b10225ce9f59ec3b57faf35323b481ef86f17bcf60f4b859d8de,2013-06,Nottinghamshire Police,Nottinghamshire Police,-1.108188,52.958155,On or near CHESTER ROAD,E01013917,Nottingham 024E,Investigation complete; no suspect identified
6d5dadac5a33584b194728116547b3a66472dbcc1460e26d547c6950a2c9d936,2013-06,Nottinghamshire Police,Nottinghamshire Police,-1.127517,52.945282,On or near POULTON DRIVE,E01013920,Nottingham 029C,Investigation complete; no suspect identified
620a00859f7214291fd9fc05aa3b769c15964281607138942fc73751b387dbfa,2013-06,Nottinghamshire Police,Nottinghamshire Police,-1.181721,52.912721,On or near Sports/Recreation Area,E01013903,Nottingham 035E,Investigation complete; no suspect identified
5335edbbe3a8cd0f7134db4e5824df8b7b3e0223d0f4c4f986599e9e8ff5446d,2013-06,Nottinghamshire Police,Nottinghamshire Police,-1.172349,52.912907,On or near FARNBOROUGH ROAD,E01013896,Nottingham 034B,Investigation complete; no suspect identified
08483474b749ebed71839f64842efac2a1971a37484e5bf20315f9d1e17a4964,2013-06,Nottinghamshire Police,Nottinghamshire Police,-1.183263,52.897134,On or near CHEPSTOW ROAD,E01013904,Nottingham 037A,Investigation complete; no suspect identified
4e87631849fd950f0ffd22d59455bafc8c9b2d776a12f3fd78ca054469553b33,2013-06,Nottinghamshire Police,Nottinghamshire Police,-1.127955,52.951632,On or near HOLROYD AVENUE,E01013919,Nottingham 029B,Investigation complete; no suspect identified
28be40f04c42855cc5980e392aa9575d0ca9b44d8fdab4b256049b9d4c7303bf,2013-06,Nottinghamshire Police,Nottinghamshire Police,-1.130715,52.970593,On or near ASHOVER CLOSE,E01013940,Nottingham 016C,Investigation complete; no suspect identified
dcff424ffe57d88c7b7fb2b1a681f3c76298b689886cad651e73b17dfa96ba65,2013-06,Nottinghamshire Police,Nottinghamshire Police,-1.134295,52.956146,On or near LOWDHAM STREET,E01033401,Nottingham 023F,Investigation complete; no suspect identified
166732c4a7216ccf8199ec7d76736d71424b414f0a145d7ac7cfa36d1153b08d,2013-06,Nottinghamshire Police,Nottinghamshire Police,-1.119484,52.961260,On or near WEEDON CLOSE,E01013916,Nottingham 024D,Suspect charged
8ed5630dc8290c695e70d032bba330b10ef989abfe158b531d744cf50dbf7968,2013-06,Nottinghamshire Police,Nottinghamshire Police,-1.126775,52.961430,On or near KELHAM GREEN,E01013962,Nottingham 021D,Investigation complete; no suspect identified
bcecfa078e9e8d97a8624f21c7136c1610d2ea86d4eaac87c95ed6f7527147f1,2013-06,Nottinghamshire Police,Nottinghamshire Police,-1.196716,53.001648,On or near Supermarket,E01013885,Nottingham 002E,Investigation complete; no suspect identified
67818a4fb06961f131194e7f0f89112c32f7cd5597733929ae470e143d90fbb9,2013-06,Nottinghamshire Police,Nottinghamshire Police,-1.208601,52.982418,On or near DEEPDENE WAY,E01013826,Nottingham 011E,Investigation complete; no suspect identified
d2bcb163fb4e315a31636b2dc76aef27ceeee58efe4724a0d7a1e31e7dcf579a,2013-06,Nottinghamshire Police,Nottinghamshire Police,-1.201923,53.007778,On or near BACTON AVENUE,E01013880,Nottingham 002B,Investigation complete; no suspect identified
9e97ce7b19d81e3e56b9a032404970ef0f58b586563981f553ea775bbe9cafd9,2013-06,Nottinghamshire Police,Nottinghamshire Police,-1.201923,53.007778,On or near BACTON AVENUE,E01013880,Nottingham 002B,Investigation complete; no suspect identified
616aab22e287403dfa42ac9e1b905c0d289e7abeab394f58736615c59766649f,2013-06,Nottinghamshire Police,Nottinghamshire Police,-1.202501,53.003880,On or near ABERCARN CLOSE,E01013885,Nottingham 002E,Investigation complete; no suspect identified
368eb9a96c835bb4054abf6d77e3e8740efbee14bdff8e3a172962e2fe35c8a6,2013-06,Nottinghamshire Police,Nottinghamshire Police,-1.202501,53.003880,On or near ABERCARN CLOSE,E01013885,Nottingham 002E,Investigation complete; no suspect identified
d5935f9b01358b678a31e15495b61f052e129ed710a33a471f536c25425a122d,2013-06,Nottinghamshire Police,Nottinghamshire Police,-1.200408,52.995362,On or near NORTHALL AVENUE,E01013876,Nottingham 005B,Investigation complete; no suspect identified
fb8f35f859affaf87680175830c110b8dd91d7795c64d0a94076b9153920e956,2013-06,Nottinghamshire Police,Nottinghamshire Police,-1.205460,52.962827,On or near TIDWORTH CLOSE,E01013859,Nottingham 020A,Investigation complete; no suspect identified
27a2d97cd4149dd531c33ce20824ab9d279c04b543b9cfbffb5be600b2c941a8,2013-06,Nottinghamshire Police,Nottinghamshire Police,-1.180769,53.006510,On or near BALLERAT CRESCENT,E01013894,Nottingham 001D,Investigation complete; no suspect identified
7e6783de8128f934a27914236739ea061476991cfdd6790adffa27584a23fa59,2013-06,Nottinghamshire Police,Nottinghamshire Police,-1.213134,52.982952,On or near ELTHAM CLOSE,E01013826,Nottingham 011E,Investigation complete; no suspect identified
9737704a1e9d35fcc3c1aff0968aad495921b9ce21a7d328c0ad87b037384099,2013-06,Nottinghamshire Police,Nottinghamshire Police,-1.169733,53.006128,On or near MERIAC CLOSE,E01013893,Nottingham 001C,Investigation complete; no suspect identified
f028c7aa0d1ac3564aad11163330dffa8e6860689ac79c93c80b317267638a53,2013-06,Nottinghamshire Police,Nottinghamshire Police,-1.232641,52.979888,On or near HALIFAX COURT,E01013864,Nottingham 014A,Investigation complete; no suspect identified
aaf8f8bf460c17399062089771bcc8786b995f7fd3609ac7d70dbbbaa31af76c,2013-06,Nottinghamshire Police,Nottinghamshire Police,-1.177448,53.000860,On or near HELLEBORE CLOSE,E01013893,Nottingham 001C,Investigation complete; no suspect identified
90003c6d60ba237f9470281c4ce7d01c854f3af0e1762d4531447715e46ae4e0,2013-06,Nottinghamshire Police,Nottinghamshire Police,-1.183903,52.987312,On or near VERNON ROAD,E01013836,Nottingham 008E,Investigation complete; no suspect identified
0a93b4b45c55800f2e490c7c1d104d2bbc2df0112ee241745a09229947516cfa,2013-06,Nottinghamshire Police,Nottinghamshire Police,-1.223526,52.966596,On or near BRACEBRIDGE DRIVE,E01013861,Nottingham 020B,Investigation complete; no suspect identified
2ce7ba9208d03f1728c244d2aba283c6923f315cb0045836a4e03ea6d9c37eb7,2013-06,Nottinghamshire Police,Nottinghamshire Police,-1.182460,52.972955,On or near WILKINSON STREET,E01013934,Nottingham 019E,Investigation complete; no suspect identified
6915e6bcde936e64019fdbd45f4d3a323b3969f1682290a176ea4bfa590adc83,2013-06,Nottinghamshire Police,Nottinghamshire Police,-1.178911,52.994452,On or near PARKWOOD COURT,E01013834,Nottingham 008C,Investigation complete; no suspect identified
e2da0abf8f7c235784f0eeede9a5df1089deded4ad62547a637f4613ae8e3eae,2013-06,Nottinghamshire Police,Nottinghamshire Police,-1.198096,52.998736,On or near COVENTRY ROAD,E01013877,Nottingham 005C,Investigation complete; no suspect identified
6321758b5f88dac64798fd5e4b6a4b13767bfec2a2d3eeb86cc7331a0e5bf043,2013-06,Nottinghamshire Police,Nottinghamshire Police,-1.177019,52.999913,On or near DARNAL CLOSE,E01013889,Nottingham 004C,Investigation complete; no suspect identified
57cbb39d95d8bb8baf82a4df03634c5b0ca472a46ac729ddd397f19ed005786c,2013-06,Nottinghamshire Police,Nottinghamshire Police,-1.191836,52.995655,On or near Supermarket,E01013888,Nottingham 004B,Investigation complete; no suspect identified
b91ae00b4d0a504128d86b276f0a86e4426864dce1b0d80c70b7c13668b51b08,2013-06,Nottinghamshire Police,Nottinghamshire Police,-1.145726,53.006803,On or near ELLASTONE AVENUE,E01032621,Nottingham 038E,Investigation complete; no suspect identified
47f54e93ee6f92712f35affa1d7c42cfa36ac3806671078577b0d6ae8d050a1e,2013-06,Nottinghamshire Police,Nottinghamshire Police,-1.206569,52.975456,On or near BRINSLEY CLOSE,E01013824,Nottingham 013E,Investigation complete; no suspect identified
c6e8fd69b9e826623eb9695e934b081801c06f908aeca665049302e8586c9cec,2013-06,Nottinghamshire Police,Nottinghamshire Police,-1.156517,53.000632,On or near CHILTERN WAY,E01013850,Nottingham 038B,Investigation complete; no suspect identified
aff326be732268e5f8628478407afa9985aa383cf64f2a1c213235aef1597d1c,2013-06,Nottinghamshire Police,Nottinghamshire Police,-1.156517,53.000632,On or near CHILTERN WAY,E01013850,Nottingham 038B,Investigation complete; no suspect identified
54595ed8dca0db13af9d5a8ab5258019736e31d4dbe67df311a5cdfd893d627c,2013-06,Nottinghamshire Police,Nottinghamshire Police,-1.145710,52.955473,On or near CLARE STREET,E01033409,Nottingham 023H,Local resolution
0d9ab3a7f091041e73caed427b03fc9e0b6efe25219ba06ea7f404b13332af4c,2013-06,Nottinghamshire Police,Nottinghamshire Police,-1.145710,52.955473,On or near CLARE STREET,E01033409,Nottingham 023H,Local resolution
d7ef2b01cce412173863424d5583b4d6d98efbf93eed4f206265ca06e3e7d9f4,2013-06,Nottinghamshire Police,Nottinghamshire Police,-1.172100,52.965746,On or near PLEASANT ROW,E01013811,Nottingham 018B,Local resolution
12281ca16353507e84f8e686d363b2e327592f54855899050acb29e8c467a7e8,2013-06,Nottinghamshire Police,Nottinghamshire Police,-1.173394,52.965809,On or near ST PAUL'S TERRACE,E01013811,Nottingham 018B,Local resolution
17dc0e38fd8ccc95eb6fa8905a04aa7c8e0cde781451de365e0bf31f15087c10,2013-06,Nottinghamshire Police,Nottinghamshire Police,-1.133210,52.945629,On or near Shopping Area,E01033402,Nottingham 039C,Investigation complete; no suspect identified
4972cad76773c998e7fc29bbbf8f3f216247b3d71d20afaa27e7cef69240951c,2013-06,Nottinghamshire Police,Nottinghamshire Police,-1.256000,52.938793,On or near OAKLAND COURT,E01028090,Broxtowe 007D,Investigation complete; no suspect identified
a567f28ca0bf5a90c4a22eb088a9059203749693f5844066e485568777072d32,2013-06,Nottinghamshire Police,Nottinghamshire Police,-1.204531,52.929066,On or near SALISBURY STREET,E01028074,Broxtowe 011B,Investigation complete; no suspect identified
ebeeee026c45d6c49c8e162f2eb1fe493261f50c054556e546029586ff539b5f,2013-06,Nottinghamshire Police,Nottinghamshire Police,-1.137725,52.973781,On or near THYRA GROVE,E01013937,Nottingham 015A,Investigation complete; no suspect identified
77a4ce99e6c28fdd13aee2c4237610ca912ae6b0c556eb785e186109b40bb2cc,2013-06,Nottinghamshire Police,Nottinghamshire Police,-1.136070,52.957426,On or near PAXTON GARDENS,E01013954,Nottingham 021A,Suspect charged
d623419250023cf8e2c5970ca505cfa188e9be6e66af1e1267c20b09354933d1,2013-06,Nottinghamshire Police,Nottinghamshire Police,-1.129670,52.968508,On or near BLUNDELL CLOSE,E01013942,Nottingham 016D,Investigation complete; no suspect identified
6a324f0c8d9186a2cd9f89c3691d10bba74b8b03a8f646556bb0404f75f17b27,2013-06,Nottinghamshire Police,Nottinghamshire Police,-1.127869,52.952197,On or near FINSBURY AVENUE,E01013919,Nottingham 029B,Investigation complete; no suspect identified
dbd90dfe298bfabfd8d203727a6ffe76435600be3262a4c70acdeae4bbd9a94d,2013-06,Nottinghamshire Police,Nottinghamshire Police,-1.151222,52.968934,On or near BERKELEY AVENUE,E01013941,Nottingham 015C,Investigation complete; no suspect identified
166732c4a7216ccf8199ec7d76736d71424b414f0a145d7ac7cfa36d1153b08d,2013-06,Nottinghamshire Police,Nottinghamshire Police,-1.119484,52.961260,On or near WEEDON CLOSE,E01013916,Nottingham 024D,Suspect charged
e6773f8ee48cbfc110b3df245cfbd40617287e81320b382b72a798f525f65622,2013-06,Nottinghamshire Police,Nottinghamshire Police,-1.136814,52.974646,On or near MALVERN ROAD,E01013937,Nottingham 015A,Investigation complete; no suspect identified
42d31365f39655b031fb118174d57710e65442e06d40e3dd23d14343a313e28a,2013-06,Nottinghamshire Police,Nottinghamshire Police,-1.148985,52.966104,On or near Sports/Recreation Area,E01013941,Nottingham 015C,Investigation complete; no suspect identified
e057f356e2c08fea4461293b4bedc9591199254f2e77d5d673e6b1bb87619c43,2013-06,Nottinghamshire Police,Nottinghamshire Police,-1.137725,52.973781,On or near THYRA GROVE,E01013937,Nottingham 015A,Investigation complete; no suspect identified
2645d4b21e4c6196959794d8e28c151689827fc36b3a872e99185bc354b0978b,2013-06,Nottinghamshire Police,Nottinghamshire Police,-1.125110,52.950999,On or near TRENT ROAD,E01013919,Nottingham 029B,Investigation complete; no suspect identified
755b751325e1a2575d193364593d7ad5b210c458f56d47866161f493809e5956,2013-06,Nottinghamshire Police,Nottinghamshire Police,-1.135460,52.976066,On or near Supermarket,E01013937,Nottingham 015A,Investigation complete; no suspect identified
728e2c013b268530516d54ed9e6b94ec62aba702526aa3b377be2558aa272047,2013-06,Nottinghamshire Police,Nottinghamshire Police,-1.145741,52.959195,On or near GREAT FREEMAN STREET,E01013961,Nottingham 023D,Investigation complete; no suspect identified
ca9c6b3dd106537ccf5e1ce19328ebb203bd171d371920e5cbb50f4607a29db8,2013-06,Nottinghamshire Police,Nottinghamshire Police,-1.133063,52.974547,On or near RANSOM ROAD,E01013936,Nottingham 016A,Investigation complete; no suspect identified
c111e5f16233a666b2c6db6ba16b548be6b81037cdfb92fc3cb80749c40be035,2013-06,Nottinghamshire Police,Nottinghamshire Police,-1.140762,52.964076,On or near Pedestrian Subway,E01013960,Nottingham 021C,Investigation complete; no suspect identified
c56af791fcba1964ea7116c50ff33759737035cbc553b8b1b6ada9a761e97fcc,2013-06,Nottinghamshire Police,Nottinghamshire Police,-1.215339,52.977186,On or near SHIPLEY ROAD,E01013822,Nottingham 011C,Investigation complete; no suspect identified
20098d4cb63ab94094c13177540d424a25126d2d86986dca7447ad27b98b56f2,2013-06,Nottinghamshire Police,Nottinghamshire Police,-1.163665,53.008585,On or near KYLE VIEW,E01013849,Nottingham 038A,Suspect charged
52d99ecbbfd7631b36ae52a4276d80bb99a2d34eb6974ad48ce5c7dbc355533c,2013-06,Nottinghamshire Police,Nottinghamshire Police,-1.206986,52.986003,On or near BRECON CLOSE,E01013826,Nottingham 011E,Investigation complete; no suspect identified
4671d8d7760e2c337c41a11d6716fa79c187440d29b6ebddf6f3978817e4c3ca,2013-06,Nottinghamshire Police,Nottinghamshire Police,-1.219590,52.961114,On or near OLD COACH ROAD,E01013860,Nottingham 025B,Investigation complete; no suspect identified
99b83e264be3c41876646e5b50896fe49761a5fe85ca5db62cc805ac351e90ff,2013-06,Nottinghamshire Police,Nottinghamshire Police,-1.176996,52.988604,On or near ARNOLD ROAD,E01013828,Nottingham 008B,Investigation complete; no suspect identified
37592a01aabe4bca22f96c169f639a6e1c0ffce991313648c3d9b51c8a8d3707,2013-06,Nottinghamshire Police,Nottinghamshire Police,-1.200948,53.003249,On or near BARRY STREET,E01013885,Nottingham 002E,Investigation complete; no suspect identified
d8265fb95625c881ca13c9ea9f490e682615262b16782ac6edb13cad406360eb,2013-06,Nottinghamshire Police,Nottinghamshire Police,-1.193685,52.986750,On or near BAGNALL ROAD,E01013831,Nottingham 009C,Investigation complete; no suspect identified
e9e50890ec3fce453c80544b123fd937baa13688befb53b9ace21a79dc5f6805,2013-06,Nottinghamshire Police,Nottinghamshire Police,-1.193790,52.995515,On or near DEPTFORD CRESCENT,E01013891,Nottingham 004E,Investigation complete; no suspect identified
ac78784635efa689a571d3986c3ff2203243447399028ccbdb5fbc3782b3c7be,2013-06,Nottinghamshire Police,Nottinghamshire Police,-1.206224,52.996696,On or near SPRINGHEAD COURT,E01013878,Nottingham 005D,Investigation complete; no suspect identified
4c83182eed0b4a46f12571b9648ad305eabe412bed5a14ebb579eb8bb337398a,2013-06,Nottinghamshire Police,Nottinghamshire Police,-1.257037,52.938188,On or near TRENTON CLOSE,E01028090,Broxtowe 007D,Investigation complete; no suspect identified
e7a34a130bb18178fc501333420b298061a7183efa17ee2958b9d94c8c4a865a,2013-06,Nottinghamshire Police,Nottinghamshire Police,-1.281921,52.941478,On or near Pedestrian Subway,E01019656,Erewash 008A,Investigation complete; no suspect identified
9d612fd55c541ed034d647d8f7507435086ce8bef89fc2774c66ce15b3100dbc,2013-06,Nottinghamshire Police,Nottinghamshire Police,-1.266705,52.922588,On or near Sports/Recreation Area,E01028128,Broxtowe 010A,Investigation complete; no suspect identified
6f71f6d06dfe1660fe7257db40d254679c69aa344085b49e7674424e5d3b0d98,2013-06,Nottinghamshire Police,Nottinghamshire Police,-1.267041,52.933468,On or near TEVERY CLOSE,E01028130,Broxtowe 010C,Investigation complete; no suspect identified
8d9c3a93f7d0b956c3802a7883743a67b958f0c669070748468858e9360699c0,2013-06,Nottinghamshire Police,Nottinghamshire Police,-1.218043,52.923042,On or near HALL CROFT,E01028086,Broxtowe 011E,Investigation complete; no suspect identified
043e923ee6835d40c3c25cca4a85c24cb8588444309760fb2e15426087e7b5c4,2013-06,Nottinghamshire Police,Nottinghamshire Police,-1.275868,52.929638,On or near CYRIL AVENUE,E01028134,Broxtowe 008D,Investigation complete; no suspect identified
664b41bbe12f6762ca9c23ad4153b94f228ff4b966a3916fdcb9365870e9fd5b,2013-06,Nottinghamshire Police,Nottinghamshire Police,-1.213467,52.926833,On or near ACACIA WALK,E01028073,Broxtowe 011A,Investigation complete; no suspect identified
7406dacb462bb9c636ad6cf6e6761605b6318eb88aad34634ae8ce8b90aa6e7e,2013-06,Nottinghamshire Police,Nottinghamshire Police,-1.242229,52.905984,On or near KIRKLAND DRIVE,E01028137,Broxtowe 015C,Investigation complete; no suspect identified
7b69f8e98de56fa19652d51143d6f535bfd8599588316281ed3c7d82b87d093c,2013-06,Nottinghamshire Police,Nottinghamshire Police,-1.139910,52.996477,On or near SHERBROOK AVENUE,E01028167,Gedling 006D,Investigation complete; no suspect identified
fe99ae00db50c3399967514e23221805a0fe0fc524a4a234a47fda00f6f396ec,2013-06,Nottinghamshire Police,Nottinghamshire Police,-1.174875,53.091239,On or near BYRON CRESCENT,E01028200,Gedling 001D,Investigation complete; no suspect identified
81d54154930fa882d27a3ee4ebf6e62cde9d58ff42207c9895ad18ce6edfcece,2013-06,Nottinghamshire Police,Nottinghamshire Police,-1.148818,52.941211,On or near HUMBER CLOSE,E01013871,Nottingham 040B,Suspect charged
12d330d5bb1b756604e5245d04631fcafbf32230227a0ddc0d452c81f0ff3266,2013-06,Nottinghamshire Police,Nottinghamshire Police,-1.103487,52.949382,On or near Sports/Recreation Area,E01013920,Nottingham 029C,Investigation complete; no suspect identified
7918b1b5f4dbec5c85df0c17a78368713cd2d0428907cdd5871a64a2f5d80d55,2013-06,Nottinghamshire Police,Nottinghamshire Police,-1.119362,52.958454,On or near SHELFORD RISE,E01013916,Nottingham 024D,Investigation complete; no suspect identified
0419587371cc1574ef7ab2d7b2897843c76f2f37ace0b11e54289f9cb8030e21,2013-06,Nottinghamshire Police,Nottinghamshire Police,-1.119362,52.958454,On or near SHELFORD RISE,E01013916,Nottingham 024D,Investigation complete; no suspect identified
af4a430f420cfe7638136af366446e6e11bb1ede738372f3b75284d4d98ecdda,2013-06,Nottinghamshire Police,Nottinghamshire Police,-1.176941,52.894241,On or near BRECKSWOOD DRIVE,E01013911,Nottingham 037D,Investigation complete; no suspect identified
00ba6e9a132c4d67f85827686887934507887ed4e364b75f0c13e417a2102094,2013-06,Nottinghamshire Police,Nottinghamshire Police,-1.237355,52.956600,On or near EARLS CLOSE,E01013862,Nottingham 025C,Suspect charged
56e7521bb0e8f58963a6db7a6068a4c60fb29f8d1c4a95d648e37a05a9766e90,2013-06,Nottinghamshire Police,Nottinghamshire Police,-1.197002,52.974160,On or near TENBURY CRESCENT,E01013823,Nottingham 013D,Local resolution
3b4221e10fefabe5309d57730aad51e82fd1f2df3140023d6b4ac8eba195a04c,2013-06,Nottinghamshire Police,Nottinghamshire Police,-1.208347,52.971872,On or near GLENCAIRN DRIVE,E01013929,Nottingham 020D,Suspect charged
9ab39b3c8cfbf4bd67fa54a5dc7fc9669bb9ba2bd23dfa1225f18464fb466813,2013-06,Nottinghamshire Police,Nottinghamshire Police,-1.220221,52.974027,On or near Petrol Station,E01013822,Nottingham 011C,Investigation complete; no suspect identified
645f9e933c653619ee2398b8b8612aa7664adcffa8714f39512ce4990c0529e4,2013-06,Nottinghamshire Police,Nottinghamshire Police,-1.211207,52.976736,On or near CAMPBELL CLOSE,E01013821,Nottingham 013C,Suspect charged
f44d6fa7be3aaa45e214909cabf54951a3e17115132ed14864d073adecd6a24d,2013-06,Nottinghamshire Police,Nottinghamshire Police,-1.211207,52.976736,On or near CAMPBELL CLOSE,E01013821,Nottingham 013C,Suspect charged
a22d4bd8493c2373cdbcc50071ecc84a8d2218b3a940f46295c981315b6e456b,2013-06,Nottinghamshire Police,Nottinghamshire Police,-1.191836,52.995655,On or near Supermarket,E01013888,Nottingham 004B,Investigation complete; no suspect identified
db5684638442d5d9ac732cf9d8fe4c66bc6ce0a346a644d41f24e4dbe6d9ce9a,2013-06,Nottinghamshire Police,Nottinghamshire Police,-1.197391,52.974864,On or near ABINGDON SQUARE,E01013823,Nottingham 013D,Investigation complete; no suspect identified
5b21b5e19ddd18966e576a9342341152b20772f17a5c8f093866252e31b33d23,2013-06,Nottinghamshire Police,Nottinghamshire Police,-1.191836,52.995655,On or near Supermarket,E01013888,Nottingham 004B,Investigation complete; no suspect identified
9d3544e36f052b1febb43648637f583aba914fb5208d645987d4071f8fa88c16,2013-06,Nottinghamshire Police,Nottinghamshire Police,-1.188466,53.008514,On or near BESTWOOD ROAD,E01013879,Nottingham 002A,Investigation complete; no suspect identified
61ab28419fd6a6f5ae605ba49574e1b03e5b20721ef4beb8c293e416827a938a,2013-06,Nottinghamshire Police,Nottinghamshire Police,-1.223641,52.962660,On or near MOORHOUSE ROAD,E01013860,Nottingham 025B,Investigation complete; no suspect identified
0cd3637785cd210248ebf0950b19b334c379f989c9df7961fde2d1b8ebf2b607,2013-06,Nottinghamshire Police,Nottinghamshire Police,-1.220153,52.978638,On or near FRINTON ROAD,E01013818,Nottingham 011B,Investigation complete; no suspect identified
fbb9d045fe9697b4bb0df72667fbafde51a21606fb42ed215fba1441002808c0,2013-06,Nottinghamshire Police,Nottinghamshire Police,-1.189292,52.963581,On or near HOLBECK ROAD,E01013932,Nottingham 019C,Investigation complete; no suspect identified
f64f2f78133b8ef5d94b9b27c57c90a87994c609a45cf10ebce1865fc0006eeb,2013-06,Nottinghamshire Police,Nottinghamshire Police,-1.205713,52.965265,On or near FRAMPTON ROAD,E01013859,Nottingham 020A,Investigation complete; no suspect identified
d3008c4f874f3aa914a715c7fb36df2488a82833d2e5900d11834738acb6190a,2013-06,Nottinghamshire Police,Nottinghamshire Police,-1.218682,52.964416,On or near MONKTON DRIVE,E01013861,Nottingham 020B,Investigation complete; no suspect identified
689fa9397668c74631f84dfe724b2c7cb17c6ced68d419313c5ecf4d2fbe8236,2013-06,Nottinghamshire Police,Nottinghamshire Police,-1.191229,52.981088,On or near BOWNESS AVENUE,E01013830,Nottingham 009B,Investigation complete; no suspect identified
36ad34d7386cbb1f32de9104761b84128d2f0027f8ef882c8ce94a9ef417df72,2013-06,Nottinghamshire Police,Nottinghamshire Police,-1.181037,52.996255,On or near ST ALBANS ROAD,E01013889,Nottingham 004C,Investigation complete; no suspect identified
b1f0e3cc281865d5d336d73bd90e675dc9c828f7450ac0c06b97dc151f2a56a4,2013-06,Nottinghamshire Police,Nottinghamshire Police,-1.176493,52.983728,On or near FRANCIS GROVE,E01013828,Nottingham 008B,Investigation complete; no suspect identified
756f1eef2565218edd7b1a40820e0f9a3c7315c1a1cb9b62b2423bb19eaac680,2013-06,Nottinghamshire Police,Nottinghamshire Police,-1.218682,52.964416,On or near MONKTON DRIVE,E01013861,Nottingham 020B,Investigation complete; no suspect identified
388ac32634c9ca94112f84e138c7e2e15de1ff273f391a25d0b3e9159896ab72,2013-06,Nottinghamshire Police,Nottinghamshire Police,-1.218520,52.979167,On or near ALWYN ROAD,E01013818,Nottingham 011B,Investigation complete; no suspect identified
086b410f362679d15520615c2b66ef83d395a06f8f670707167c0c9dcd4b3cd1,2013-06,Nottinghamshire Police,Nottinghamshire Police,-1.241303,52.958126,On or near STAGSDEN CRESCENT,E01013862,Nottingham 025C,Investigation complete; no suspect identified
f7d77b37d6c97ad23af4e123eae7e6af44950e70e04fb8754e6a8fa483b9d842,2013-06,Nottinghamshire Police,Nottinghamshire Police,-1.215592,52.973871,On or near B6004,E01013821,Nottingham 013C,Investigation complete; no suspect identified
02ba1b5293ed8e9113ebf5c0b54cc64b20595869ce64d1cde56b187557ac3688,2013-06,Nottinghamshire Police,Nottinghamshire Police,-1.207223,53.003175,On or near CATHERINE CLOSE,E01013880,Nottingham 002B,Investigation complete; no suspect identified
fb64f93a1a7b8ff74d71583bf0b4ea0c4ab87a51774e0dce08d52122b98610d8,2013-06,Nottinghamshire Police,Nottinghamshire Police,-1.161299,52.978381,On or near WARREN AVENUE,E01013840,Nottingham 012D,Investigation complete; no suspect identified
f7363743bd3a54f7a109886379d2ce6a317f6e929015bcc61f5aef69232042c6,2013-06,Nottinghamshire Police,Nottinghamshire Police,-1.140290,52.946552,On or near A6008,E01033402,Nottingham 039C,Investigation complete; no suspect identified
dc5971cd44bb810e3387574b56f7147a77b86a6963466708595b0fd3ed23afe3,2013-06,Nottinghamshire Police,Nottinghamshire Police,-1.147591,52.955945,On or near Shopping Area,E01033409,Nottingham 023H,Local resolution
ac8cdb74f2598226d80920fc18b5b423a6bfa3e98bc630c37dab7f33443d84cd,2013-06,Nottinghamshire Police,Nottinghamshire Police,-1.169306,52.958472,On or near ARGYLE STREET,E01013948,Nottingham 026E,Suspect charged
874da408d66342d9c8b6bd376074c24fccf8c8da62717cf0bf42e3ac5e20acdd,2013-06,Nottinghamshire Police,Nottinghamshire Police,-1.149317,52.979528,On or near BURNHAM STREET,E01013969,Nottingham 010C,Investigation complete; no suspect identified
c617d77de7bbf3a95bfefd41abee66ef0990b799f7ffe7ec6e8616a48cf5b070,2013-06,Nottinghamshire Police,Nottinghamshire Police,-1.169756,52.966853,On or near Supermarket,E01013846,Nottingham 018E,Offender given a caution
bccb24f65647a0d7945b89c8f23bab095e4c0d14e0df9dd143a559b36dce0c68,2013-06,Nottinghamshire Police,Nottinghamshire Police,-1.175741,52.960593,On or near WILTON ROAD,E01013945,Nottingham 026B,Investigation complete; no suspect identified
535ed19d9fbbe7b4ce00d5d54537737126ff50d16caaad12f5d8add120b528ac,2013-06,Nottinghamshire Police,Nottinghamshire Police,-1.151658,52.948935,On or near ISABELLA STREET,E01032522,Nottingham 028F,Investigation complete; no suspect identified
d64a65e037650f825fae45d805f8a7b23bbb608d3d974dc0a24eadaf06972438,2013-06,Nottinghamshire Police,Nottinghamshire Police,-1.171264,52.952589,On or near DERBY ROAD,E01033408,Nottingham 031H,Investigation complete; no suspect identified
8b87ee7a7207c407bcc6789716b9d78ed83568dd90ebe685561a453ce7cc845d,2013-06,Nottinghamshire Police,Nottinghamshire Police,-1.148088,52.949638,On or near Pedestrian Subway,E01033400,Nottingham 039B,Investigation complete; no suspect identified
b5994b9bbf9df524a69fbb5e8fd50537cb295c454a6f9e77eac68e3ba04cd413,2013-06,Nottinghamshire Police,Nottinghamshire Police,-1.142980,52.953539,On or near Nightclub,E01033406,Nottingham 039E,Investigation complete; no suspect identified
e027b3a7d1cba859acff50225381feb1e239613628fc40107c7bea3ac1ab5a16,2013-06,Nottinghamshire Police,Nottinghamshire Police,-1.144915,52.949732,On or near POPHAM STREET,E01033403,Nottingham 039D,Investigation complete; no suspect identified
d7d45d22467167e57c98ebc32db2c23aba943a2d10620875f8c8e28127e340c7,2013-06,Nottinghamshire Police,Nottinghamshire Police,-1.176888,52.946461,On or near SHERWIN GROVE,E01013926,Nottingham 031E,Investigation complete; no suspect identified
891ee496a9411ad9abf830529fb0a7079869e4c5dab6688b60c3f1f66128556a,2013-06,Nottinghamshire Police,Nottinghamshire Police,-1.150199,52.955820,On or near Theatre/Concert Hall,E01033409,Nottingham 023H,Investigation complete; no suspect identified
162aa122bb64585ef478bac3d0ff0302036a2591a47313c700c4a6caf328b8bc,2013-06,Nottinghamshire Police,Nottinghamshire Police,-1.169756,52.966853,On or near Supermarket,E01013846,Nottingham 018E,Investigation complete; no suspect identified
cff086f19fc6b0e7c8173c7d8f26442d19939ef75e4bb0e6a9e49bf74d8b52cd,2013-06,Nottinghamshire Police,Nottinghamshire Police,-1.148837,52.956215,On or near Supermarket,E01033409,Nottingham 023H,Investigation complete; no suspect identified
61fdd960e201b73178f98bd4234fcad8bcf169076068c2089a761f2ef63e9816,2013-06,Nottinghamshire Police,Nottinghamshire Police,-1.169524,52.962654,On or near Parking Area,E01013812,Nottingham 018C,Investigation complete; no suspect identified
e788327f57bbe4afcdced200673c98e7b1de8f506bbeeef854aef388134238ec,2013-06,Nottinghamshire Police,Nottinghamshire Police,-1.228463,52.942699,On or near HAWKHURST DRIVE,E01013985,Nottingham 030E,Investigation complete; no suspect identified
c3f169039e468bbddf440e85d69ec1295657466d2d3e4bc90b1b6f584ae0019c,2013-06,Nottinghamshire Police,Nottinghamshire Police,-1.172552,52.967790,On or near SELHURST STREET,E01013811,Nottingham 018B,Investigation complete; no suspect identified
26834cf890699f23b386f73bea9f3d76e6ed66d5b6161b654edc77ba3e278867,2013-06,Nottinghamshire Police,Nottinghamshire Police,-1.172552,52.967790,On or near SELHURST STREET,E01013811,Nottingham 018B,Investigation complete; no suspect identified
b0a1296d4560e0a5a041abe4e3a59daab8a4c033243d195ba9a4bd3d414615d9,2013-06,Nottinghamshire Police,Nottinghamshire Police,-1.176897,52.951459,On or near JOHNSON ROAD,E01013953,Nottingham 026F,Investigation complete; no suspect identified
bb4f1725e4c8370ca35c6f793aba18716d4e9b4079bf0477b68391de22585010,2013-06,Nottinghamshire Police,Nottinghamshire Police,-1.207256,52.956619,On or near BRENDON ROAD,E01013977,Nottingham 027A,Investigation complete; no suspect identified
37bdf1c81780110d67abe6076f0ea1bc9c1915685fc74ea29f4f0743f94ead4d,2013-06,Nottinghamshire Police,Nottinghamshire Police,-1.164373,52.947920,On or near ROCK DRIVE,E01032522,Nottingham 028F,Investigation complete; no suspect identified
c8cb609207559ed25cf9dbb5b6b8c498cd61be7018dbc6d2bdb20ae14b533b69,2013-06,Nottinghamshire Police,Nottinghamshire Police,-1.141472,52.954535,On or near LENNOX STREET,E01033407,Nottingham 039F,Investigation complete; no suspect identified
251a8bd0c0b35cf054edefc242b563db2745b4a4bea5c23ab1e84f8203b5449b,2013-06,Nottinghamshire Police,Nottinghamshire Police,-1.173290,52.946292,On or near HUNGERTON STREET,E01013926,Nottingham 031E,Investigation complete; no suspect identified
bee5cf277570b4f3b25733f06e3da86ecad627c502a4f1d99e6e0f30bbec5218,2013-06,Nottinghamshire Police,Nottinghamshire Police,-1.150053,52.948097,On or near CANAL STREET,E01033400,Nottingham 039B,Investigation complete; no suspect identified
3eff5486b36789f11f81304ec4e641ad177b6b05033b6b75a62398fe42bfba3c,2013-06,Nottinghamshire Police,Nottinghamshire Police,-1.145952,52.957542,On or near OLD STREET,E01033409,Nottingham 023H,Investigation complete; no suspect identified
a88c53b4d46d5e8d6db115d9badced4e754c3a34b325f92212d7147c5a498379,2013-06,Nottinghamshire Police,Nottinghamshire Police,-1.155052,52.956547,On or near Parking Area,E01013816,Nottingham 022D,Investigation complete; no suspect identified
c54466475523833593178bd94f3d935b0e18dfe0231e38acb0e0fae1b5002dd6,2013-06,Nottinghamshire Police,Nottinghamshire Police,-1.142980,52.953539,On or near Nightclub,E01033406,Nottingham 039E,Investigation complete; no suspect identified
5f0b3cf1d092165238a12798ceaf3435fe6fee54b6d27cf01dccbe9b5855c9f9,2013-06,Nottinghamshire Police,Nottinghamshire Police,-1.142053,52.954485,On or near CRANBROOK STREET,E01033407,Nottingham 039F,Investigation complete; no suspect identified
480523c6b7ab0a63f508d23f39b8862b8e8d9037540a54031bf12fc071b42df0,2013-06,Nottinghamshire Police,Nottinghamshire Police,-1.143330,52.955393,On or near Nightclub,E01033405,Nottingham 023G,Investigation complete; no suspect identified
a903f0ac10351a91ea54e2637be969abf6c9cb5bf9f50ca98438a385db14e121,2013-06,Nottinghamshire Police,Nottinghamshire Police,-1.169842,52.963132,On or near HUBERT STREET,E01013814,Nottingham 022B,Investigation complete; no suspect identified
99f35513991704f6905be08759746081398bcd56173ddc5f7172923fdcc58fe7,2013-06,Nottinghamshire Police,Nottinghamshire Police,-1.179003,52.955024,On or near MIDDLETON STREET,E01033395,Nottingham 026G,Investigation complete; no suspect identified
e25e721b34e5ee2ef0e99256f2aeefad3c4a6ec4dac48229e236db8e53c7d0e9,2013-06,Nottinghamshire Police,Nottinghamshire Police,-1.169771,52.965289,On or near Further/Higher Educational Building,E01013811,Nottingham 018B,Investigation complete; no suspect identified
cee18e3dec7961d64d7dbb5f5b36d2e360efd0618c99514b69ed3fa0553b7251,2013-06,Nottinghamshire Police,Nottinghamshire Police,-1.177468,52.963752,On or near RADFORD BOULEVARD,E01013944,Nottingham 026A,Investigation complete; no suspect identified
8bf3e0c5446e5e96d49ff76df059fabef735a63af56076a9511166fe3d1e7cef,2013-06,Nottinghamshire Police,Nottinghamshire Police,-1.216859,52.938398,On or near Petrol Station,E01013976,Nottingham 032D,Investigation complete; no suspect identified
8d7169ca37a9ebcd2d0396f4940eac45b47ac029a3d896c2c57dd6542023603d,2013-06,Nottinghamshire Police,Nottinghamshire Police,-1.204532,52.938738,On or near BEESTON LANE,E01013973,Nottingham 032A,Investigation complete; no suspect identified
021e1e91a5a80237968b4586a9c7af624eb2c19b00725d85ede8034eefbb4a31,2013-06,Nottinghamshire Police,Nottinghamshire Police,-1.208538,52.937731,On or near TENNANTS HALL CLOSE,E01013973,Nottingham 032A,Investigation complete; no suspect identified
9bb85a3d5a21b474f0fd24a6a4215be5c3cdf96b713907d37fc665fd8cdee599,2013-06,Nottinghamshire Police,Nottinghamshire Police,-1.182694,52.959769,On or near NEW ROAD,E01013944,Nottingham 026A,Investigation complete; no suspect identified
db98d4b775b5745028d762dc18a0900025c81308c57a0ee82bfb2c0bb378ba3b,2013-06,Nottinghamshire Police,Nottinghamshire Police,-1.145163,52.983229,On or near Police Station,E01013969,Nottingham 010C,Suspect charged
3ac723f9ee097815d71198dc79677abaa9c11ff33214469645b809c2dc531651,2013-06,Nottinghamshire Police,Nottinghamshire Police,-1.152397,52.953777,On or near LONG ROW WEST,E01033400,Nottingham 039B,Investigation complete; no suspect identified
fea4f7dca7ae3215c5647404eac4039944e3ef9993419eb37c9b926ed51160c6,2013-06,Nottinghamshire Police,Nottinghamshire Police,-1.118724,53.306864,On or near CANAL ROAD,E01028068,Bassetlaw 012D,Investigation complete; no suspect identified
1a74c0103b8c1ce6b901dfeb027a86a55b356884a51c32488c6395e480b7a085,2013-06,Nottinghamshire Police,Nottinghamshire Police,-1.110614,53.356998,On or near THE GREEN,E01028003,Bassetlaw 004C,Investigation complete; no suspect identified
c1f1e5012b8cb4ecf8bc1d6ff08916d60620ceab521e16faf9922849819c60dd,2013-06,Nottinghamshire Police,Nottinghamshire Police,-1.109168,53.314641,On or near KILTON HILL,E01028042,Bassetlaw 016E,Investigation complete; no suspect identified
7888ef000de3b6341108c60b1d5d494ebb00304cbd19bbeb73949db9068f1ae2,2013-06,Nottinghamshire Police,Nottinghamshire Police,-1.060228,53.186323,On or near RUFFORD ROAD,E01028322,Newark and Sherwood 002D,Offender given a caution
e5639c9b97c70570e51ced4e4ec92b4ac101b6c64720ba7b921d1fead538ce47,2013-06,Nottinghamshire Police,Nottinghamshire Police,-1.070218,53.091070,On or near OLLERTON ROAD,E01028327,Newark and Sherwood 005C,Investigation complete; no suspect identified
c26a828638625832f7ea743d49ed97d360d1c6ead66d29e1cb0f80f28a8fbedc,2013-06,Nottinghamshire Police,Nottinghamshire Police,-0.811117,53.073950,On or near PORTLAND STREET,E01028311,Newark and Sherwood 007G,Suspect charged
189055b0cd6e59364dc798bde9043baf04974e0116343d841595919c924f4b41,2013-06,Nottinghamshire Police,Nottinghamshire Police,-0.811117,53.073950,On or near PORTLAND STREET,E01028311,Newark and Sherwood 007G,Suspect charged
877fd2238066b7f9e5aba5439056d6998f0b7ca1c93e873026e25e6f74da947c,2013-06,Nottinghamshire Police,Nottinghamshire Police,-0.811117,53.073950,On or near PORTLAND STREET,E01028311,Newark and Sherwood 007G,Suspect charged
23d1048ae980cb89501d380c06d23fc2a42ce67c479c3b6baaffbba2c0f4ee64,2013-06,Nottinghamshire Police,Nottinghamshire Police,-0.811117,53.073950,On or near PORTLAND STREET,E01028311,Newark and Sherwood 007G,Suspect charged
6de055bb5381c5b4a38be18b2c57c4b64f49cb8652e60eafeb73a0cb596fd7dc,2013-06,Nottinghamshire Police,Nottinghamshire Police,-0.814301,53.064012,On or near ETON AVENUE,E01028318,Newark and Sherwood 010C,Investigation complete; no suspect identified
d414fa8ef8a3f6ffe38878e62b987e0b2c69e9b6b3b7b5456ced8e4df3daf69d,2013-06,Nottinghamshire Police,Nottinghamshire Police,-0.809634,53.075229,On or near Parking Area,E01028310,Newark and Sherwood 007F,Investigation complete; no suspect identified
2d2cb81974f23460ee2c1b9a2064755649fdf59d0ea3e9d24f4db928c4ff3adc,2013-06,Nottinghamshire Police,Nottinghamshire Police,-1.007251,53.381757,On or near BIRCH CLOSE,E01028034,Bassetlaw 003B,Investigation complete; no suspect identified
41633ea05f9077a03b2d315bc840064a10eed543f2d18c4fba5a0e6b077c074a,2013-06,Nottinghamshire Police,Nottinghamshire Police,-1.066021,53.421513,On or near BAWTRY ROAD,E01028026,Bassetlaw 001D,Investigation complete; no suspect identified
3f56447159ddcae9542fbd80f06b21d6a35d265a57201d7779d3c5c73ce16851,2013-06,Nottinghamshire Police,Nottinghamshire Police,-0.937885,53.319468,On or near DOMINIE CROSS ROAD,E01028011,Bassetlaw 008D,Investigation complete; no suspect identified
e7225fe7046c225059c4a2d58f95daa8b77acebe2005db755bb23aaecad60dac,2013-06,Nottinghamshire Police,Nottinghamshire Police,-1.048921,53.420407,On or near WHITE HOUSE DRIVE,E01028027,Bassetlaw 001E,Investigation complete; no suspect identified
ec8e99f40b1abedfdda7d26e7071007f4a48063715712609cade7fc471988252,2013-06,Nottinghamshire Police,Nottinghamshire Police,-1.072217,53.423071,On or near SANDROCK ROAD,E01028028,Bassetlaw 001F,Investigation complete; no suspect identified
0e7d3327dc1bca564a9f9f4f25f6abf43dadf6ea8d1de1e4c6fb4c1671dc64b5,2013-06,Nottinghamshire Police,Nottinghamshire Police,-0.948984,53.318021,On or near COBWELL ROAD,E01028020,Bassetlaw 010D,Investigation complete; no suspect identified
f75a9f6e06ae1ebf2b9a10055ea1cd47134f55cf3e08d24b801880c5da549d85,2013-06,Nottinghamshire Police,Nottinghamshire Police,-1.027610,53.324836,On or near BLYTH ROAD,E01028043,Bassetlaw 014C,Investigation complete; no suspect identified
9d78d48c51548254b30bb3ab5c2324a6a61f65199d1ab32ebba256d5a91086d1,2013-06,Nottinghamshire Police,Nottinghamshire Police,-1.148798,53.152057,On or near LANGAR PLACE,E01028237,Mansfield 007A,Investigation complete; no suspect identified
78f8ff11b5ba1375d9b9774b1721ee5cbe007e3bf4a7d2e27f378342d564ea86,2013-06,Nottinghamshire Police,Nottinghamshire Police,-1.201798,53.146149,On or near ST JOHN STREET,E01028284,Mansfield 008F,Investigation complete; no suspect identified
043386aa3634b5c8c9b803c3cfa22e79d351b6e502320695fb66554722a1e8c6,2013-06,Nottinghamshire Police,Nottinghamshire Police,-1.162771,53.214747,On or near POPLAR GROVE,E01028258,Mansfield 001C,Investigation complete; no suspect identified
f4e7f51a54410e80768c01b539e1d31b27b6c6e60eebf427f48b6736019259fc,2013-06,Nottinghamshire Police,Nottinghamshire Police,-1.147852,53.205886,On or near BIRKLAND AVENUE,E01028223,Mansfield 002A,Investigation complete; no suspect identified
b936c4f716b68acf1f0e7c9ad4f035ed85789900324cd11201ed760b2b1be246,2013-06,Nottinghamshire Police,Nottinghamshire Police,-1.209360,53.147961,On or near TUCKERS LANE,E01028227,Mansfield 008A,Local resolution
03a6bf16959d43bbc5431264fe752bb5c00bd23368ac0d725aa415f7b19449d7,2013-06,Nottinghamshire Police,Nottinghamshire Police,-1.194157,53.148588,On or near Parking Area,E01028274,Mansfield 009C,Investigation complete; no suspect identified
a63e44850b19f74f4e91476738360b9daf76d6ffa01ffb380d08c3470500d54c,2013-06,Nottinghamshire Police,Nottinghamshire Police,-1.135987,53.159273,On or near FIR TREE CLOSE,E01028238,Mansfield 007B,Investigation complete; no suspect identified
d253696fef084138aa47debdf8864b7bc511d439e1e204d4d4cff058108fd3d5,2013-06,Nottinghamshire Police,Nottinghamshire Police,-1.231647,53.148278,On or near Sports/Recreation Area,E01028230,Mansfield 010A,Investigation complete; no suspect identified
43f0b3f4a1774e65afb2e08590746e3d82935337019a423c03fdeabccbbc1c52,2013-06,Nottinghamshire Police,Nottinghamshire Police,-1.197707,53.153061,On or near WEST BANK LINK,E01028283,Mansfield 004E,Investigation complete; no suspect identified
637945815291de201788bac666d14a7ef684eb1073548b4d327c5c1a6df5c41d,2013-06,Nottinghamshire Police,Nottinghamshire Police,-1.155391,53.213832,On or near BISHOPS WALK,E01028259,Mansfield 001D,Investigation complete; no suspect identified
b6ce36596a58d992eff10d7496d3c490823b117e42c63d3ae27014fabb0dd130,2013-06,Nottinghamshire Police,Nottinghamshire Police,-1.169722,53.156492,On or near Supermarket,E01028241,Mansfield 007E,Local resolution
9aa39fe84876ae11a9766ab0a7c032b5630701225eff4c78978a5529b8ea5618,2013-06,Nottinghamshire Police,Nottinghamshire Police,-1.186917,53.139217,On or near KITCHENER DRIVE,E01028269,Mansfield 008E,Investigation complete; no suspect identified
299212200b5aa86a3cd4027ed614912d3c727673ab003a0407cf087ab9b3c154,2013-06,Nottinghamshire Police,Nottinghamshire Police,-1.192435,53.135964,On or near FOREST AVENUE,E01028220,Mansfield 013B,Investigation complete; no suspect identified
fa38adde5fe0089a7581c17bcaa17daff6d6b6d4774a9b17156fb9e06039198c,2013-06,Nottinghamshire Police,Nottinghamshire Police,-1.309872,53.040248,On or near Sports/Recreation Area,E01028092,Broxtowe 001A,Investigation complete; no suspect identified
041cc24f063639bb613b0faf9b4948abdbc6b510ada4e1b9101ba0280ae43410,2013-06,Nottinghamshire Police,Nottinghamshire Police,-1.195566,53.134772,On or near MURRAY STREET,E01028220,Mansfield 013B,Investigation complete; no suspect identified
ff3e044f4b8633d3607b483c5b185e5ab287674ba054ca8d4cd2c415b610ce1b,2013-06,Nottinghamshire Police,Nottinghamshire Police,-1.153805,53.134671,On or near Shopping Area,E01028263,Mansfield 012D,Investigation complete; no suspect identified
93a7ae492d749ee843771485d46e7d9593dd4aba447d12b772d77677ed2ea7f9,2013-06,Nottinghamshire Police,Nottinghamshire Police,-1.195438,53.146412,On or near Parking Area,E01028284,Mansfield 008F,Investigation complete; no suspect identified
9a48ef74fca5ad526d7884ed75f472aef1346c55ec930f2ffcbc2d26e8b93c74,2013-06,Nottinghamshire Police,Nottinghamshire Police,-1.125664,53.121919,On or near SECOND AVENUE,E01028254,Mansfield 012A,Investigation complete; no suspect identified
19fa8f60a219dfed4b0f8fe67b7006e7a8eab19bf15b0f462ad4016135effd7b,2013-06,Nottinghamshire Police,Nottinghamshire Police,-1.161534,53.123103,On or near SHELTON ROAD,E01028256,Mansfield 012B,Investigation complete; no suspect identified
f2bdce4e933cdeb9ba22852ee6a654fd8752c5a14006a7842e639998e04349bf,2013-06,Nottinghamshire Police,Nottinghamshire Police,-1.150306,53.141568,On or near ELTON CLOSE,E01028263,Mansfield 012D,Investigation complete; no suspect identified
da472ce25c67e3e36f086333c006ecbc5d227dce8f21fdf95a4c1ea1819982a7,2013-06,Nottinghamshire Police,Nottinghamshire Police,-1.219407,53.026637,On or near Supermarket,E01027942,Ashfield 016E,Suspect charged
da472ce25c67e3e36f086333c006ecbc5d227dce8f21fdf95a4c1ea1819982a7,2013-06,Nottinghamshire Police,Nottinghamshire Police,-1.219407,53.026637,On or near Supermarket,E01027942,Ashfield 016E,Suspect charged
1eeaf0c0338d13d88ba18e189fa9e743ca2a074c7370a8cffa244601d11c89a4,2013-06,Nottinghamshire Police,Nottinghamshire Police,-1.204584,53.042962,On or near LINBY WALK,E01027933,Ashfield 014D,Investigation complete; no suspect identified
719c44381152c9743b10e9f62fa727e44fc44b25fdeaa1157c5b15aef83a7b00,2013-06,Nottinghamshire Police,Nottinghamshire Police,-1.190077,53.030701,On or near LAKELAND AVENUE,E01027931,Ashfield 013B,Investigation complete; no suspect identified
42774cac66e3a4d036b6e66c4022b3cc7c0139b1cbf404d89209840cc1a80c82,2013-06,Nottinghamshire Police,Nottinghamshire Police,-1.197257,53.031946,On or near HENRY STREET,E01027932,Ashfield 014C,Investigation complete; no suspect identified
b25a56a6088181de55f8ae9fad220b7167484115f6c36341a3509c9401a9646e,2013-06,Nottinghamshire Police,Nottinghamshire Police,-1.197652,53.032353,On or near ELLIS AVENUE,E01027932,Ashfield 014C,Investigation complete; no suspect identified
b94cd43825b7039c2715e2f74c69769f53fbf7f2884cd6c606c73a1b2bb3259e,2013-06,Nottinghamshire Police,Nottinghamshire Police,-1.205043,53.035881,On or near Police Station,E01027928,Ashfield 014B,Investigation complete; no suspect identified
91133ad9e62529c8cc78f2aab5a01fcb81f7b1fba3bbf56cbed413828e457c82,2013-06,Nottinghamshire Police,Nottinghamshire Police,-1.259439,53.079812,On or near GREENHILL LANE,E01027995,Ashfield 010A,Investigation complete; no suspect identified
65633b33bc665d8ddf3a71505c046adfb26df968d5915ec778d2f3967ea2d38f,2013-06,Nottinghamshire Police,Nottinghamshire Police,-1.200654,53.024795,On or near FIR CLOSE,E01027930,Ashfield 016B,Investigation complete; no suspect identified
6356840363743721aa4c6ca89c2827ba64eec0e89357df9dda51e35bf850de33,2013-06,Nottinghamshire Police,Nottinghamshire Police,-1.195665,53.031728,On or near WHYBURN STREET,E01027931,Ashfield 013B,Investigation complete; no suspect identified
69ed443bda53b8bf522a9857c3ebfeee4474bae08f4484ac9ae170e89dbafc02,2013-06,Nottinghamshire Police,Nottinghamshire Police,-1.257980,53.076100,On or near SALMON LANE,E01027995,Ashfield 010A,Local resolution
8ecb66f0f79fdb48ba1338999192dad983c6a00889458aab4e52257a3fe5909f,2013-06,Nottinghamshire Police,Nottinghamshire Police,-1.259449,53.121837,On or near UNION STREET,E01027976,Ashfield 005E,Suspect charged
129da1ee006bf899506a08fdba7086c6aafe30b895e21da4b8254882f0bb07a3,2013-06,Nottinghamshire Police,Nottinghamshire Police,-1.256963,53.121291,On or near Sports/Recreation Area,E01027972,Ashfield 004B,Suspect charged
8bdee5412e56c4dbbb6496a7373640df626ce9542a6c6789a27376c2bae2ebe2,2013-06,Nottinghamshire Police,Nottinghamshire Police,-1.262810,53.114945,On or near WARNADENE ROAD,E01027974,Ashfield 005D,Suspect charged
bee0e882b99480a22650ff0608afeec4a6bb3d5097e95ae5640e6f09e32ad842,2013-06,Nottinghamshire Police,Nottinghamshire Police,-1.259256,53.119175,On or near NESBITT STREET,E01027976,Ashfield 005E,Suspect charged
5664a7c1f5c868989d8a9aa5e6ca06321e71c2b092e3b32beb3e67fe687ff430,2013-06,Nottinghamshire Police,Nottinghamshire Police,-1.243349,53.100917,On or near SHERWOOD STREET,E01027952,Ashfield 008A,Investigation complete; no suspect identified
2212432520d6a0082067c26731001557a1c864039f814ab1ae3003eebb48688b,2013-06,Nottinghamshire Police,Nottinghamshire Police,-1.302709,53.130116,On or near SAMPSONS YARD,E01027986,Ashfield 003B,Investigation complete; no suspect identified
4afbf47a9e178a812326ce260b6653a64870fef75fec598b5a18db04bf420196,2013-06,Nottinghamshire Police,Nottinghamshire Police,-1.252363,53.132382,On or near CLIPSTONE AVENUE,E01027967,Ashfield 004A,Investigation complete; no suspect identified
f91484d2f7fea29da51c530a73442dbd4c094438dc393a34ab1afbcb574a2680,2013-06,Nottinghamshire Police,Nottinghamshire Police,-1.236257,53.104171,On or near SPRUCE GROVE,E01027951,Ashfield 007B,Investigation complete; no suspect identified
d6c54d0e1fa74d04c36e80c9250c6bc5993ee3b52af6fed33010aa13a4d29816,2013-06,Nottinghamshire Police,Nottinghamshire Police,-1.263487,53.121619,On or near PROSPECT PLACE,E01027976,Ashfield 005E,Investigation complete; no suspect identified
ea37fe78c9405dc9ab5b413abcc821d4a4f674e086e7bbac2f9e7a8ce77beb1d,2013-06,Nottinghamshire Police,Nottinghamshire Police,-1.285790,53.129252,On or near KEATS AVENUE,E01027988,Ashfield 006C,Investigation complete; no suspect identified
32251c0344fcad1a36244dd4b2c7fcff9a77fe2e1d084a346a679a0bbfdac918,2013-06,Nottinghamshire Police,Nottinghamshire Police,-1.284304,53.119742,On or near MAPPLEWELLS CRESCENT,E01027991,Ashfield 006E,Investigation complete; no suspect identified
56cb86f8531ecf40f5df4ff383ee89ac5aa6e8eca7ae5617490c49e363ea362f,2013-06,Nottinghamshire Police,Nottinghamshire Police,-1.259440,53.120614,On or near COBURN STREET,E01027976,Ashfield 005E,Investigation complete; no suspect identified
fab1c0e34ac7ef86a7fa5cf1c0c1a357faa2f18e0263c0278cc3ad8a754cafcc,2013-06,Nottinghamshire Police,Nottinghamshire Police,-1.252704,53.120465,On or near NORMAN AVENUE,E01027972,Ashfield 004B,Investigation complete; no suspect identified
cff375f816e828d1ac294e9ae81d51b2bf570c6fb12f7f0f251f800992cc26bc,2013-06,Nottinghamshire Police,Nottinghamshire Police,-1.264998,53.126806,On or near LANGFORD STREET,E01027965,Ashfield 005B,Investigation complete; no suspect identified
8ecb90437970e1f56725a3ef1fa2d3b3c0aa9654a56f1466765df71ada00c306,2013-06,Nottinghamshire Police,Nottinghamshire Police,-1.263788,53.127644,On or near YORK STREET,E01027965,Ashfield 005B,Investigation complete; no suspect identified
12ea1c7e26e35b951d329c12adb31ff17c1f297c3a02ac46d1b6a6f8ef502d2e,2013-06,Nottinghamshire Police,Nottinghamshire Police,-1.263788,53.127644,On or near YORK STREET,E01027965,Ashfield 005B,Investigation complete; no suspect identified
c056a1e04a92869ad3894697c1037dde1c31ae484beda3f3096cc0de94af776e,2013-06,Nottinghamshire Police,Nottinghamshire Police,-1.263788,53.127644,On or near YORK STREET,E01027965,Ashfield 005B,Investigation complete; no suspect identified
1808cc932c698cc545235f799c83df61e9b7c9962d4c4a542027d7851e9f8a96,2013-06,Nottinghamshire Police,Nottinghamshire Police,-1.244464,53.096987,On or near NEW STREET,E01027949,Ashfield 007A,Investigation complete; no suspect identified
3434bca371d8641ca41f39dd481c16f0a6cd8ede20f487b8cc5563a24ded0eca,2013-06,Nottinghamshire Police,Nottinghamshire Police,-1.264524,53.129168,On or near DAVIES CLOSE,E01027965,Ashfield 005B,Investigation complete; no suspect identified
7509340d1197825c46679ed718f8b8156cf0d216587cb1312ad0fc4256e1b12e,2013-06,Nottinghamshire Police,Nottinghamshire Police,-1.252076,53.105808,On or near SOUTHWELL CLOSE,E01027956,Ashfield 008C,Investigation complete; no suspect identified
c3d4d1dd31e59206e2e63582a4f74b40c8bff9c5bcf7794c3e884d9741ea37cb,2013-06,Nottinghamshire Police,Nottinghamshire Police,-1.197799,52.971325,On or near MELBOURNE ROAD,E01013931,Nottingham 019B,Offender given a drugs possession warning
41209a613e2e1929f24ae382b498ddb60f157ecb9b36d193bd6f951d3364c88d,2013-06,Nottinghamshire Police,Nottinghamshire Police,-1.184709,52.977726,On or near TOTLAND DRIVE,E01013832,Nottingham 009D,Offender given a drugs possession warning
e7bc058b05721c20bc684eea51a46c52c53cfe413b7ced7448365253fec5080d,2013-06,Nottinghamshire Police,Nottinghamshire Police,-1.155052,52.956547,On or near Parking Area,E01013816,Nottingham 022D,Offender given a caution
1d3480a1d3116c86a0f466aba6c78ce144ff354727902713736c137c8051c468,2013-06,Nottinghamshire Police,Nottinghamshire Police,-0.806490,53.075018,On or near Parking Area,E01028335,Newark and Sherwood 009E,Suspect charged
356e1b40505bce49cd949ecf0358aa9f9c7efe296e209fff54a8b1dae9459482,2013-06,Nottinghamshire Police,Nottinghamshire Police,-0.810448,53.075480,On or near Pedestrian Subway,E01028310,Newark and Sherwood 007F,Local resolution
b73b603b571d721f1f3db6e9332764fea798516ce799d145b33b7a499437f784,2013-06,Nottinghamshire Police,Nottinghamshire Police,-0.816304,53.072059,On or near VICTORIA STREET,E01028308,Newark and Sherwood 010A,Suspect charged
6e3a7d5b50c90aafcff0c2c2e4938d79e0c7f14d96dff8f2ddb2f063dbfcac14,2013-06,Nottinghamshire Police,Nottinghamshire Police,-1.188825,53.025146,On or near SNOWDROP CLOSE,E01027929,Ashfield 013A,Suspect charged
1f98308b45b420e09f80d0af98d67fa132d317338cab4f62be6b119d11d552e5,2013-06,Nottinghamshire Police,Nottinghamshire Police,-1.209581,53.041305,On or near PEVERIL STREET,E01027937,Ashfield 014E,Suspect charged
6ae25671c90f020ea40f5e1c139ee92a1ac5963d9500e38e0c64da4928ef6253,2013-06,Nottinghamshire Police,Nottinghamshire Police,-1.127873,52.930515,On or near RECTORY ROAD,E01028398,Rushcliffe 005B,Offender given penalty notice
0e0f604495c8206844dedf3050b8b7a1e6de68ec56eeb224c907ab47f638db80,2013-06,Nottinghamshire Police,Nottinghamshire Police,-1.119362,52.958454,On or near SHELFORD RISE,E01013916,Nottingham 024D,Offender given a caution
cbbbdfade562fc7479b71b139745b52df78fe20acce98b894aaa8278686450f4,2013-06,Nottinghamshire Police,Nottinghamshire Police,-1.145907,52.939437,On or near HOLGATE ROAD,E01013873,Nottingham 040D,Suspect charged
735835fcea388dbc59e8e756c92cb207558dab5b5ddd5113aea29e3e0139d224,2013-06,Nottinghamshire Police,Nottinghamshire Police,-1.145907,52.939437,On or near HOLGATE ROAD,E01013873,Nottingham 040D,Suspect charged
a2dc5bdbefacf68f72d6d5a7c3c61e53ec934295ead218ad07cbc7ccd9e46be8,2013-06,Nottinghamshire Police,Nottinghamshire Police,-1.218520,52.979167,On or near ALWYN ROAD,E01013818,Nottingham 011B,Suspect charged
025ca97e2aad8eac048e58b551266e2d370803745c9a26128467d302d783ba65,2013-06,Nottinghamshire Police,Nottinghamshire Police,-1.230049,52.955609,On or near Petrol Station,E01013980,Nottingham 030A,Suspect charged
127e472c9576da1a87d90c6602c7019dc27260b0b0848dbd6b9b561ec1552de7,2013-06,Nottinghamshire Police,Nottinghamshire Police,-1.038788,53.176012,On or near Parking Area,E01028295,Newark and Sherwood 005A,Offender given a caution
90be0550d590a8e7371950bf94c2003b7df0c01e797ea33e717ca0c68e27ef00,2013-06,Nottinghamshire Police,Nottinghamshire Police,-1.197486,53.145662,On or near Shopping Area,E01028284,Mansfield 008F,Offender given a caution
b6d3a977d174c3c6aa716e2215747d88c7516d4d887d93b1a31d24e2b5a0eb29,2013-06,Nottinghamshire Police,Nottinghamshire Police,-1.190270,53.047495,On or near CHRISTINE CLOSE,E01027936,Ashfield 013E,Offender given a caution
7326a5d46f4d0684c7d174bd7528e954a523c59fbe7d8517070c9dd82e418668,2013-06,Nottinghamshire Police,Nottinghamshire Police,-1.258478,52.997536,On or near ORCHARD STREET,E01028106,Broxtowe 016B,Offender given a caution
29d2fd637f5e832f3872f5a909ba9da60604fc3a39a7a0493b92b108423fee66,2013-06,Nottinghamshire Police,Nottinghamshire Police,-1.131193,53.002473,On or near WEST STREET,E01028165,Gedling 006B,Local resolution
fd6cf290b6424e3bb6d9cdbe2c35f9c8eca9978bf68e05341a46a933c5eafaf7,2013-06,Nottinghamshire Police,Nottinghamshire Police,-1.151365,52.974580,On or near YEW TREE AVENUE,E01013972,Nottingham 015E,Suspect charged
afe69a3c461fd8e93a7dff8404b3f9eab70fe506c6761260f1daa9017635c3a4,2013-06,Nottinghamshire Police,Nottinghamshire Police,-1.151365,52.974580,On or near YEW TREE AVENUE,E01013972,Nottingham 015E,Suspect charged
70de2d330383144106cff9aa88d91f6e25e92cafaaf45752d94b4192c6dc4374,2013-06,Nottinghamshire Police,Nottinghamshire Police,-1.151365,52.974580,On or near YEW TREE AVENUE,E01013972,Nottingham 015E,Suspect charged
f20f93b90d83cb5b9b65d094d02e0024c2805385b74ffd0fb89e064e0186a3d3,2013-06,Nottinghamshire Police,Nottinghamshire Police,-1.149406,52.942384,On or near HOUSEMAN GARDENS,E01013871,Nottingham 040B,Local resolution
ae7003ee59a3d0c86f47c25adc38b78e4f30335efa18aa6ec73e2db2db56ae66,2013-06,Nottinghamshire Police,Nottinghamshire Police,-1.178642,52.902523,On or near Supermarket,E01013907,Nottingham 035F,Offender given a caution
bbba166626f4541717332c2d4baf52ad78e96814bedc3502bb6268fe9fd911a8,2013-06,Nottinghamshire Police,Nottinghamshire Police,-1.197799,52.971325,On or near MELBOURNE ROAD,E01013931,Nottingham 019B,Offender given a caution
3bd04a2ce5d55c37282c316b947463886b59a3da942867cba6747c6dfa71a0cf,2013-06,Nottinghamshire Police,Nottinghamshire Police,-1.196333,52.990175,On or near NESTON DRIVE,E01013831,Nottingham 009C,Offender given a caution
c82d0c555b7853a25ab9284a85d3f146464f9cd58166ca243ce428974c2a90d9,2013-06,Nottinghamshire Police,Nottinghamshire Police,-1.212887,53.004767,On or near STONEY HOUGHTON GARDENS,E01013883,Nottingham 005E,Suspect charged
b19aa3dbd650805d097a06203428e0d142b957a7465ecb22becfc6b66d3bdc53,2013-06,Nottinghamshire Police,Nottinghamshire Police,-1.139292,52.952631,On or near Sports/Recreation Area,E01033407,Nottingham 039F,Offender given a caution
428ee8f501a2b15c9dde1e3be10cdb835e52734d3096504a79b0c2492f5fabe7,2013-06,Nottinghamshire Police,Nottinghamshire Police,-1.139292,52.952631,On or near Sports/Recreation Area,E01033407,Nottingham 039F,Offender given a caution
13792aa4e8b31ec5ae6e106979a22442afda6e4774cd66ffd9540cfd52f605a6,2013-06,Nottinghamshire Police,Nottinghamshire Police,-1.150199,52.955820,On or near Theatre/Concert Hall,E01033409,Nottingham 023H,Offender given a caution
9246bde8f08910411de6b6569867f274cb463f093be1802fd1ae0777b4931966,2013-06,Nottinghamshire Police,Nottinghamshire Police,-1.120068,53.305013,On or near Parking Area,E01028068,Bassetlaw 012D,Local resolution
bdbbf267bb366cf318b96b60e7c595bc19875635ccaac6a4659295e99c94e308,2013-06,Nottinghamshire Police,Nottinghamshire Police,-1.124389,53.308713,On or near SHAW STREET,E01028057,Bassetlaw 012A,Offender given a caution
318ae49b034b624bf9d4b88806d6f71481ff2fbf8dd1135070b61083f538f1ca,2013-06,Nottinghamshire Police,Nottinghamshire Police,-1.019412,53.200314,On or near GRANGE AVENUE,E01028341,Newark and Sherwood 001F,Offender given a caution
90ecd65a5bcea46031ff90396461194f8d9a86d175bb2f14abd21fdedfd8175c,2013-06,Nottinghamshire Police,Nottinghamshire Police,-0.796586,53.084411,On or near STRAWBERRY HALL LANE,E01028304,Newark and Sherwood 007B,Offender given a caution
f523c7fd0fa3d0d100487da30dced8daa60162abf3114435692cc5955313fcb9,2013-06,Nottinghamshire Police,Nottinghamshire Police,-0.808953,53.073964,On or near Petrol Station,E01028335,Newark and Sherwood 009E,Offender given a drugs possession warning
f2a07f318f182a4c337fceff650a49f719a7433ec0c469271a54d3026c3225c3,2013-06,Nottinghamshire Police,Nottinghamshire Police,-1.150108,53.143256,On or near HOLLINGTON WAY,E01028261,Mansfield 012C,Suspect charged
cf9ab151eac411207e1dc0063c12e8457db096935eb5563dbc4f3658d5917596,2013-06,Nottinghamshire Police,Nottinghamshire Police,-1.114489,52.923727,On or near STAMFORD ROAD,E01028397,Rushcliffe 006E,Investigation complete; no suspect identified
cc3d816a8a3f9c4fe15ca1e72ce6f00f77f09d548d0d825a7af0bbd4d4d1212e,2013-06,Nottinghamshire Police,Nottinghamshire Police,-1.259306,52.802532,On or near ZOUCH ROAD,E01025693,Charnwood 001C,Investigation complete; no suspect identified
40d1d1cb9ea654a6619f44f90b5a4689b5b7bf5d53551e6a764483195ae1b3b7,2013-06,Nottinghamshire Police,Nottinghamshire Police,-1.281559,52.975924,On or near Parking Area,E01028106,Broxtowe 016B,Investigation complete; no suspect identified
4c099f12cee6f01d91af9cf1eaaf016958426b37d3c3da4a6d6f97611b80ae31,2013-06,Nottinghamshire Police,Nottinghamshire Police,-1.272990,53.000215,On or near VALLEY ROAD,E01028105,Broxtowe 016A,Investigation complete; no suspect identified
f06232e3bdbe619c629d38e0f02c6892f72d6c0fcee9bfe0542bafc6df2b4244,2013-06,Nottinghamshire Police,Nottinghamshire Police,-1.301969,53.042899,On or near CORDY LANE,E01027993,Ashfield 012C,Investigation complete; no suspect identified
8837aee90fe54f59594af74dc77d6f951c1ed64b56a6d07cfd8160470739209c,2013-06,Nottinghamshire Police,Nottinghamshire Police,-1.075818,52.970340,On or near Petrol Station,E01028171,Gedling 012D,Investigation complete; no suspect identified
670014d3c10e3d2c7efbfc442dea6881d51f7470ed2a67da1e00231212c16600,2013-06,Nottinghamshire Police,Nottinghamshire Police,-1.040880,52.988717,On or near ELMSDALE GARDENS,E01028149,Gedling 008B,Investigation complete; no suspect identified
240e4a539fb2724a66f98e269160d64175c39f8d86a92d0111c9cb93dffab547,2013-06,Nottinghamshire Police,Nottinghamshire Police,-1.234983,52.906243,On or near BARRATT CRESCENT,E01028070,Broxtowe 014B,Investigation complete; no suspect identified
c029efbf58d6995a959abf8facd6cc2484a7ed3b173c94c1935a8c67d7975837,2013-06,Nottinghamshire Police,Nottinghamshire Police,-1.219092,52.919319,On or near GLOUCESTER AVENUE,E01028069,Broxtowe 014A,Investigation complete; no suspect identified
f5f07ede30675e4555c40bce6b217bb578aa6e741dee15bb5b0d4d7370f9f556,2013-06,Nottinghamshire Police,Nottinghamshire Police,-1.205982,52.927799,On or near HUMBER ROAD,E01028075,Broxtowe 011C,Investigation complete; no suspect identified
5f5e8c0735e04a783aceb9a5589066658ed58cdf86172e78ae53f14962b36e90,2013-06,Nottinghamshire Police,Nottinghamshire Police,-1.223007,52.936586,On or near Sports/Recreation Area,E01028077,Broxtowe 009B,Investigation complete; no suspect identified
332471f952c1216b0d3d1a4052baec79ae46bccd9b73e417182c2a00cc843ab9,2013-06,Nottinghamshire Police,Nottinghamshire Police,-1.228537,52.926788,On or near CUMBERLAND AVENUE,E01028084,Broxtowe 009E,Investigation complete; no suspect identified
6af1060cf6ccb1569636b412ffdbc4e43a57b03033c1c91cc0c01253f5581d41,2013-06,Nottinghamshire Police,Nottinghamshire Police,-1.264639,52.940941,On or near SHERIDAN COURT,E01028125,Broxtowe 008A,Investigation complete; no suspect identified
bb275ba3d874419ec7e12afffd8ed4982b471b70dd7b2771cb3e53fbea1ac75c,2013-06,Nottinghamshire Police,Nottinghamshire Police,-1.264639,52.940941,On or near SHERIDAN COURT,E01028125,Broxtowe 008A,Investigation complete; no suspect identified
cb5e8e874569d5ea87175f34b5d9dabd7d820ebb5e71b2407a90f43ebabdd5cf,2013-06,Nottinghamshire Police,Nottinghamshire Police,-1.264639,52.940941,On or near SHERIDAN COURT,E01028125,Broxtowe 008A,Investigation complete; no suspect identified
ba620cad0ecb183f69db71870359d6c9499978ecd63a386bc66692cc682d9fca,2013-06,Nottinghamshire Police,Nottinghamshire Police,-1.256841,52.932245,On or near VALMONT ROAD,E01028087,Broxtowe 007A,Investigation complete; no suspect identified
4127230207a3d5488fd7e88aa20cabce42e284e64e6bfaf5f7e739824a25ba22,2013-06,Nottinghamshire Police,Nottinghamshire Police,-1.115820,53.000714,On or near MAPLEBECK ROAD,E01028183,Gedling 007E,Investigation complete; no suspect identified
ac805b3b22f24f31adf2a648c890a69da00d435dd3243e681d0adb6519d437dd,2013-06,Nottinghamshire Police,Nottinghamshire Police,-1.125306,52.975929,On or near FOLKTON GARDENS,E01013936,Nottingham 016A,Investigation complete; no suspect identified
4736a1134e1486d1c68a58ba3cb41318b03fdb55ae59426c8cc4905ee2a08f67,2013-06,Nottinghamshire Police,Nottinghamshire Police,-1.139785,52.937514,On or near FRASER ROAD,E01013874,Nottingham 039A,Investigation complete; no suspect identified
0217b2e22d6cbb4b3d2824a061100454fb0121cf7ef6b27104acdda54ffb2d0f,2013-06,Nottinghamshire Police,Nottinghamshire Police,-1.159049,52.942381,On or near SAFFRON GARDENS,E01013870,Nottingham 040A,Investigation complete; no suspect identified
287ac743d8481ec896df1949a9d6829c634ac5a986adb2e89273d6431d5134cd,2013-06,Nottinghamshire Police,Nottinghamshire Police,-1.141899,52.966799,On or near LINDEN STREET,E01013958,Nottingham 023C,Investigation complete; no suspect identified
dbe795f2ed87d751b8359185274d5d9bf3a3146d42ff1ac8f89959ea34d2bc1e,2013-06,Nottinghamshire Police,Nottinghamshire Police,-1.194734,52.989625,On or near WILLASTON CLOSE,E01013831,Nottingham 009C,Investigation complete; no suspect identified
4e2b2d0ca1e02a0af415bea8c08da08420ad6e861461280eaafa8ad91cd82b09,2013-06,Nottinghamshire Police,Nottinghamshire Police,-1.240449,52.957608,On or near COCKINGTON ROAD,E01013862,Nottingham 025C,Investigation complete; no suspect identified
2061bab4bc83f38808700c258892cb3be58678ae15db65bde9b4fd873a6c088b,2013-06,Nottinghamshire Police,Nottinghamshire Police,-1.191203,52.996801,On or near CLARGES STREET,E01013888,Nottingham 004B,Investigation complete; no suspect identified
8b3b419d8ee1bd4904affa53d52114e8abff3785dd1b42e6b2ec176731e263d9,2013-06,Nottinghamshire Police,Nottinghamshire Police,-1.190983,52.999838,On or near CARLISLE AVENUE,E01013888,Nottingham 004B,Investigation complete; no suspect identified
7d58f02f6c0fb464296ed76e4f9994c82bf5769492b98724f9f82aed549295b4,2013-06,Nottinghamshire Police,Nottinghamshire Police,-1.222671,52.973612,On or near STRELLEY ROAD,E01013865,Nottingham 014B,Offender given a drugs possession warning
bc7b08a53ac5cf90bb3f1526118f5993d022ac8f461fc83c9ecb5ce2a3f7c293,2013-06,Nottinghamshire Police,Nottinghamshire Police,-1.197799,52.971325,On or near MELBOURNE ROAD,E01013931,Nottingham 019B,Offender given a drugs possession warning
24e0337e3cece08605409e15375ec78eb1c1f93024053764d8f5d36179e562b5,2013-06,Nottinghamshire Police,Nottinghamshire Police,-1.197799,52.971325,On or near MELBOURNE ROAD,E01013931,Nottingham 019B,Offender given a drugs possession warning
88100acf0737707b86393541d7dd14e33685395f19e53dc50450c6a20d772a3d,2013-06,Nottinghamshire Police,Nottinghamshire Police,-1.184280,52.998138,On or near EDGWARE ROAD,E01013889,Nottingham 004C,Investigation complete; no suspect identified
d67e89f11eb6f0d4cf894c47b9ee08356e785dd27dbba7019d631d1ae943955f,2013-06,Nottinghamshire Police,Nottinghamshire Police,-1.232641,52.979888,On or near HALIFAX COURT,E01013864,Nottingham 014A,Investigation complete; no suspect identified
9b494135eebe88b3f5741573e320e5ff5c2dd4201d549bb4aaf73dd5dd9fe3e6,2013-06,Nottinghamshire Police,Nottinghamshire Police,-1.189682,52.956284,On or near MARCHWOOD CLOSE,E01013933,Nottingham 019D,Investigation complete; no suspect identified
1e38476c5615b821e58ab4e99a5d950148549f3b3bbfc5e09666525b6a2a3f17,2013-06,Nottinghamshire Police,Nottinghamshire Police,-1.209563,52.963142,On or near SALTBURN ROAD,E01013861,Nottingham 020B,Investigation complete; no suspect identified
de0f875f88fd2df1724c2d921431c59667e5eacd90a7efecc3bd6bd9805bab93,2013-06,Nottinghamshire Police,Nottinghamshire Police,-1.152176,52.975755,On or near LOSCOE ROAD,E01013972,Nottingham 015E,Investigation complete; no suspect identified
f84da53abed8c214b11ef881899b6aa1614035061724dc48551c090762114aca,2013-06,Nottinghamshire Police,Nottinghamshire Police,-1.169842,52.963132,On or near HUBERT STREET,E01013814,Nottingham 022B,Investigation complete; no suspect identified
0c7b64e7575a6244639a6c179eab537032f571b0292f8f1b631feb51cc960cc7,2013-06,Nottinghamshire Police,Nottinghamshire Police,-1.170547,52.981521,On or near VICARAGE CLOSE,E01013838,Nottingham 012B,Investigation complete; no suspect identified
866c26c2e71f4307d8f61be4bd652b66057a76779ec5c5d8f320b4bb86eb89e8,2013-06,Nottinghamshire Police,Nottinghamshire Police,-1.152112,52.954683,On or near Parking Area,E01033406,Nottingham 039E,Investigation complete; no suspect identified
dab8c6d9da19b911fb63b7a525b257a5507d51a4cd68a4de3836dedd5c9b7985,2013-06,Nottinghamshire Police,Nottinghamshire Police,-1.152112,52.954683,On or near Parking Area,E01033406,Nottingham 039E,Investigation complete; no suspect identified
99c192f06c862325d2ad66f9edf281aab2361f05bcbc7441344529f69a9eb6bc,2013-06,Nottinghamshire Police,Nottinghamshire Police,-1.160603,52.990467,On or near Pedestrian Subway,E01013967,Nottingham 007E,Investigation complete; no suspect identified
be788049e03eb879657f96976a7b6f51f857419ab92daeda331d1567c46a59a6,2013-06,Nottinghamshire Police,Nottinghamshire Police,-1.146942,52.957172,On or near Shopping Area,E01033409,Nottingham 023H,Investigation complete; no suspect identified
384cd2259a4c3ab78121faf284b608971c02be3f8c7fea3ed47be604a9df43d6,2013-06,Nottinghamshire Police,Nottinghamshire Police,-1.161021,52.985805,On or near VALMONT ROAD,E01013837,Nottingham 012A,Investigation complete; no suspect identified
af402ea6345edee6c456857c7969ba9aa8969801f5804a3af49968fea1e10dd4,2013-06,Nottinghamshire Police,Nottinghamshire Police,-1.145645,52.952731,On or near FLETCHER GATE,E01033406,Nottingham 039E,Investigation complete; no suspect identified
6ac7aca1e2d36591709a822d02745ecec8623b466530f43abbf256f7922f6656,2013-06,Nottinghamshire Police,Nottinghamshire Police,-1.146273,52.954111,On or near Theatre/Concert Hall,E01033406,Nottingham 039E,Investigation complete; no suspect identified
6b4f787811b1f87812860913fc23721b35b1cae7c2fd2739d5b35d7f4c227973,2013-06,Nottinghamshire Police,Nottinghamshire Police,-1.151148,52.952195,On or near Nightclub,E01033400,Nottingham 039B,Investigation complete; no suspect identified
f610631a0faab5d08ea5d9760d7d2e7910942869fea1e648b9513cc9748a4f98,2013-06,Nottinghamshire Police,Nottinghamshire Police,-1.149316,52.988679,On or near EDWARDS LANE,E01013967,Nottingham 007E,Suspect charged
8d3da774956398071399361a7d129a7cc2bcd03b99833221f6d5ecdb9cf28b7b,2013-06,Nottinghamshire Police,Nottinghamshire Police,-1.146168,52.954910,On or near Shopping Area,E01033406,Nottingham 039E,Investigation complete; no suspect identified
29c1f68c6d34eb83dc55dea013ea3f3f1c14c2f0f4adaae96339b8f8e00418d0,2013-06,Nottinghamshire Police,Nottinghamshire Police,-1.163934,52.973788,On or near SANDON STREET,E01013841,Nottingham 012E,Investigation complete; no suspect identified
5408b938cfe78fb4ebce69fd4921cd472b951c7110249c0ce6488b50fb213b85,2013-06,Nottinghamshire Police,Nottinghamshire Police,-1.169842,52.963132,On or near HUBERT STREET,E01013814,Nottingham 022B,Investigation complete; no suspect identified
f2fe779028a5daba41d146879f595acc8b40de6d612c5c9c6fa045dcc8929ba2,2013-06,Nottinghamshire Police,Nottinghamshire Police,-1.169581,52.978332,On or near NOTTINGHAM ROAD,E01013840,Nottingham 012D,Investigation complete; no suspect identified
8c81bc8f9569f37ba9a3efb3f1ef73515778703a4176b1873197f6ec60ed7bd2,2013-06,Nottinghamshire Police,Nottinghamshire Police,-1.145246,52.957870,On or near Nightclub,E01033409,Nottingham 023H,Investigation complete; no suspect identified
c5950ad8d75a4e040481cbe27685402915ebf8f21590eb1bd6585596b16e1e14,2013-06,Nottinghamshire Police,Nottinghamshire Police,-1.152140,52.979854,On or near HAYDN ROAD,E01013970,Nottingham 010D,Investigation complete; no suspect identified
7237c7e572d3bac2a087740980eadbb14ecebe0f2b866fa2fbc98d8be3cf57bb,2013-06,Nottinghamshire Police,Nottinghamshire Police,-1.143330,52.955393,On or near Nightclub,E01033405,Nottingham 023G,Investigation complete; no suspect identified
b5b24d5e41ecae542af2ebfd8d5b15c23ac11f9e4efad143a979fb452310e381,2013-06,Nottinghamshire Police,Nottinghamshire Police,-1.052433,53.269717,On or near Park/Open Space,E01028040,Bassetlaw 014A,Investigation complete; no suspect identified
ad5d081a012c8b8ee56deeecddb348810ec5114dd065a59d3ac7d00112e12179,2013-06,Nottinghamshire Police,Nottinghamshire Police,-1.111138,53.320246,On or near Supermarket,E01028053,Bassetlaw 016C,Investigation complete; no suspect identified
a50715bf1c848739a62c16be1ab7de5a567c58da9a2c32e32012f840461029c3,2013-06,Nottinghamshire Police,Nottinghamshire Police,-1.105546,53.313427,On or near SHAKESPEARE STREET,E01028044,Bassetlaw 016F,Investigation complete; no suspect identified
db3f62163d0d5aa5be870071422a7ba66bde188912347ce5097a3caf218b417a,2013-06,Nottinghamshire Police,Nottinghamshire Police,-1.127614,53.322804,On or near RAINES PARK ROAD,E01028050,Bassetlaw 006E,Investigation complete; no suspect identified
c943c84a89fc7af78fcff5c6d407579dad05c1271598ea15097104de986d6459,2013-06,Nottinghamshire Police,Nottinghamshire Police,-1.124816,53.360510,On or near LIME TREE AVENUE,E01028001,Bassetlaw 004A,Investigation complete; no suspect identified
2c515f92f882afe196e180724201f74fbe720adc3efd97b68360d6a74de6688f,2013-06,Nottinghamshire Police,Nottinghamshire Police,-1.124473,53.315653,On or near MOUNT AVENUE,E01028046,Bassetlaw 006A,Investigation complete; no suspect identified
93f10fc593deffb4fbf559441687c7ff39a86d89170ad2a9c71417489b60edfb,2013-06,Nottinghamshire Police,Nottinghamshire Police,-1.126211,53.359127,On or near KNATON ROAD,E01028002,Bassetlaw 004B,Investigation complete; no suspect identified
e9afbd850e3d996bcab7b4c5022bd03e5b6214abe58c1f182673f85a69b8d66e,2013-06,Nottinghamshire Police,Nottinghamshire Police,-1.127668,53.311299,On or near GRAFTON STREET,E01028055,Bassetlaw 009A,Investigation complete; no suspect identified
2f15e19b7d153e0b4fd80d910c79f160a74440af40d7021803a3d1f1bff879f3,2013-06,Nottinghamshire Police,Nottinghamshire Police,-1.003037,53.203450,On or near OAK AVENUE,E01028338,Newark and Sherwood 001C,Investigation complete; no suspect identified
2d8d0f58f73461ced7823958ad9f259c1a8526ac54a0d8f5cd55e032fefbf309,2013-06,Nottinghamshire Police,Nottinghamshire Police,-1.066329,53.195504,On or near Parking Area,E01028323,Newark and Sherwood 002E,Investigation complete; no suspect identified
83bac06e0cfe08fe6ae2186739eea0cb403a9f161f93bacc265375c5358ce7d2,2013-06,Nottinghamshire Police,Nottinghamshire Police,-0.993920,53.210448,On or near STEPNALL HEIGHTS,E01028301,Newark and Sherwood 001A,Investigation complete; no suspect identified
817a7373aa705f8715c5df1ef9fc3d98c173c8984d271d3ef31b16a42bbf6985,2013-06,Nottinghamshire Police,Nottinghamshire Police,-1.115845,53.113963,On or near PRESTON ROAD,E01028343,Newark and Sherwood 006F,Local resolution
b3b34b3c3ce6a66fbad2b797ede1563ad7771c08341f0323464c012e8c4b6a11,2013-06,Nottinghamshire Police,Nottinghamshire Police,-1.044665,53.141801,On or near MICKLEDALE LANE,E01028295,Newark and Sherwood 005A,Investigation complete; no suspect identified
e3b988ced3c0d42baa53494e13a6a6fa471e1c54dc42518d5e3000bc53b60216,2013-06,Nottinghamshire Police,Nottinghamshire Police,-1.035225,53.140098,On or near CUL-DE-SAC,E01028297,Newark and Sherwood 005B,Investigation complete; no suspect identified
d915f9ebd8f977e541c39dce4636d423ee399069d6955810024b6674dd7395f8,2013-06,Nottinghamshire Police,Nottinghamshire Police,-0.934986,53.306849,On or near Sports/Recreation Area,E01028018,Bassetlaw 010B,Investigation complete; no suspect identified
3a57aec649fb8579da5240e44524cbbbbf8b9e7991a46363c5be5dd3d2a08ced,2013-06,Nottinghamshire Police,Nottinghamshire Police,-0.934986,53.306849,On or near Sports/Recreation Area,E01028018,Bassetlaw 010B,Investigation complete; no suspect identified
612f5f34e9b40aacbbc559dc2f379fdb14c58ca3f3d728560508f4faa00a0c19,2013-06,Nottinghamshire Police,Nottinghamshire Police,-1.027610,53.324836,On or near BLYTH ROAD,E01028043,Bassetlaw 014C,Investigation complete; no suspect identified
af5f980823ad7dfe97c4d507e65b81bda5e34a23dce855b59e36f071a02c19be,2013-06,Nottinghamshire Police,Nottinghamshire Police,-0.789032,53.261310,On or near UPPER ROW,E01028039,Bassetlaw 015F,Investigation complete; no suspect identified
036414fd8d149464e91f70622f9fe9d43cd7c38c6ba585cac757b9d63025215f,2013-06,Nottinghamshire Police,Nottinghamshire Police,-0.929446,53.264928,On or near MILL LANE,E01028006,Bassetlaw 015A,Investigation complete; no suspect identified
eba237c14950ec169b42e8bd93498dcbe402d34d2f3ae5e5c911f3138594fff2,2013-06,Nottinghamshire Police,Nottinghamshire Police,-1.212991,53.178306,On or near Sports/Recreation Area,E01028279,Mansfield 004B,Investigation complete; no suspect identified
e16db1e0e74d6abd6475d850e1b1f624ba9b298ef72719f7860eee8783f71840,2013-06,Nottinghamshire Police,Nottinghamshire Police,-1.189540,53.168234,On or near PORTLAND COURT MEWS,E01028272,Mansfield 005C,Investigation complete; no suspect identified
bb7ade1a58006371154107b452b6b621efa7e4b8ea776701189e61d676c564b1,2013-06,Nottinghamshire Police,Nottinghamshire Police,-1.198293,53.147285,On or near WEST HILL AVENUE,E01028284,Mansfield 008F,Investigation complete; no suspect identified
7d8ab8e638e9ecb7806497dbf164ab9fb347ea5e81bdc8fc3cbf58b27dc730f5,2013-06,Nottinghamshire Police,Nottinghamshire Police,-1.159431,53.151979,On or near FOURTH AVENUE,E01028239,Mansfield 007C,Suspect charged
bc72e8c401d7cbecf3d920929a8e913ab18c3b188508960b84a194a9c6743712,2013-06,Nottinghamshire Police,Nottinghamshire Police,-1.159431,53.151979,On or near FOURTH AVENUE,E01028239,Mansfield 007C,Suspect charged
587a7b8dfdf7e89b212ab2f8352c64f8bcfce834db1141bcaa95ade69d6a6fad,2013-06,Nottinghamshire Police,Nottinghamshire Police,-1.197821,53.165386,On or near WEST HILL PARK,E01028281,Mansfield 004D,Investigation complete; no suspect identified
87469a81d5a33e2f9cf55ce9aa636386876d5f9095305f5abce87e5346c3cd41,2013-06,Nottinghamshire Police,Nottinghamshire Police,-1.240733,53.169739,On or near CHESTERFIELD ROAD NORTH,E01033392,Mansfield 006G,Investigation complete; no suspect identified
096ec791bfa0a7ceecac3ceaa91cd2d3956e1647392d5a3a5282415752e6a001,2013-06,Nottinghamshire Police,Nottinghamshire Police,-1.178497,53.155861,On or near BULLACE COURT,E01028242,Mansfield 005A,Investigation complete; no suspect identified
0ac09fe18ed3ae3045a1a4fde8167f059e04e9f48611882084b40373c83c44f4,2013-06,Nottinghamshire Police,Nottinghamshire Police,-1.197560,53.139289,On or near BEECH AVENUE,E01028268,Mansfield 008D,Suspect charged
7653cd2c95696a2ca041a18925e969c92e188087a6e7e375a15d531887be499c,2013-06,Nottinghamshire Police,Nottinghamshire Police,-1.187567,53.138061,On or near LAUREL AVENUE,E01028269,Mansfield 008E,Investigation complete; no suspect identified
7cfe34efc6bf0d4939528c46c55f640d4d944aa0829c9a2873102c02705d10c8,2013-06,Nottinghamshire Police,Nottinghamshire Police,-1.197486,53.145662,On or near Shopping Area,E01028284,Mansfield 008F,Investigation complete; no suspect identified
f15db9556c1ed3d98eec845daca96225a88a3c45a9b5386c1b7cb77e5276c6c6,2013-06,Nottinghamshire Police,Nottinghamshire Police,-1.180393,53.025583,On or near BOWDEN AVENUE,E01027929,Ashfield 013A,Investigation complete; no suspect identified
6f5d2a31e121bfd4c892733d6adcf1aede91e6209c630e6842c1ee8e02f62a8d,2013-06,Nottinghamshire Police,Nottinghamshire Police,-1.205145,53.039217,On or near Parking Area,E01027928,Ashfield 014B,Investigation complete; no suspect identified
bdf67fae8b977a6dfa80cea7461d613edf80914c47d29443c34455b6ccde86c8,2013-06,Nottinghamshire Police,Nottinghamshire Police,-1.223314,53.025763,On or near LAUGHTON CRESCENT,E01027942,Ashfield 016E,Investigation complete; no suspect identified
ae1fccc27d9a40b6803f946eb780b9f42ec78fbcf818e9f0d3b47fe7f843b45c,2013-06,Nottinghamshire Police,Nottinghamshire Police,-1.276337,53.141241,On or near VICTORIA STREET,E01027983,Ashfield 001D,Investigation complete; no suspect identified
fa0782239a9d02beb0299424d54b2e4589e3d7f85fa86804226399d7578ec28e,2013-06,Nottinghamshire Police,Nottinghamshire Police,-1.255509,53.130226,On or near Parking Area,E01027967,Ashfield 004A,Investigation complete; no suspect identified
0916056d4ae1635bf0ecba0623c2116315c7ca834c77ce09cde26ed14b37fd54,2013-06,Nottinghamshire Police,Nottinghamshire Police,-1.266555,53.116946,On or near COLLINS AVENUE,E01027975,Ashfield 006B,Investigation complete; no suspect identified
5a19ef465aafd41032533b5d7105e2a2a2950ad3c7ff4137ac6d9bea78263b84,2013-06,Nottinghamshire Police,Nottinghamshire Police,-1.269843,53.131897,On or near BROOKFIELD AVENUE,E01027966,Ashfield 003A,Investigation complete; no suspect identified
7791c73121dac576f0632705ac8fc8aeb00fdef6dd813066fa7fe2a4be328691,2013-06,Nottinghamshire Police,Nottinghamshire Police,-1.260491,53.115956,On or near SPA CLOSE,E01027974,Ashfield 005D,Investigation complete; no suspect identified
07e5e472845f9839305bc76394b5e2c43c40ef5b484118fd0e49e346c835261f,2013-06,Nottinghamshire Police,Nottinghamshire Police,-1.268430,53.120940,On or near BEELEY AVENUE,E01027969,Ashfield 006A,Investigation complete; no suspect identified
26be3a7ee8c0f7965988614d1b93212ac9f2d1edc7fe8ea57d6e320cef77f2e1,2013-06,Nottinghamshire Police,Nottinghamshire Police,-1.271704,53.145626,On or near BEECH STREET,E01027980,Ashfield 001B,Investigation complete; no suspect identified
fb73749e1eb13f6ff282976837d0323f9e644adb6e78cd013f5ca1ff3a25746e,2013-06,Nottinghamshire Police,Nottinghamshire Police,-1.271704,53.145626,On or near BEECH STREET,E01027980,Ashfield 001B,Investigation complete; no suspect identified
9c5449b75aac050101deda39d721d01c28befefe727e5ec90462d67abe2698fd,2013-06,Nottinghamshire Police,Nottinghamshire Police,-1.271704,53.145626,On or near BEECH STREET,E01027980,Ashfield 001B,Investigation complete; no suspect identified
549a9e21dc0f5c1b8ea5c44f2cda5472b1ed2a185494c3446888c88a3d6aca87,2013-06,Nottinghamshire Police,Nottinghamshire Police,-1.269546,53.127374,On or near ASPLEY ROAD,E01027968,Ashfield 005C,Investigation complete; no suspect identified
37cade7975783784ecd526024b62c105f3fb430923b3d08a533aaa2f79f0bb5a,2013-06,Nottinghamshire Police,Nottinghamshire Police,-1.265442,53.100750,On or near CHAPEL STREET,E01027947,Ashfield 009A,Investigation complete; no suspect identified
95a39e2d73f4e3a65a970c2b8a649d9a6471a8b1e85c5322f22cdd02b87dd357,2013-06,Nottinghamshire Police,Nottinghamshire Police,-1.255505,53.130460,On or near NEW CROSS STREET,E01027967,Ashfield 004A,Investigation complete; no suspect identified
0c0f84911f1ccac9b719fcb150fb5959ffbfe437c10564d301ec9c38b3a4b48f,2013-06,Nottinghamshire Police,Nottinghamshire Police,-1.254656,53.124216,On or near LAWN LANE,E01027978,Ashfield 004D,Investigation complete; no suspect identified
c1ba32acfb792c8e0cab0fbbec6d903f22cd8f45000c91f814cf0783443dee3e,2013-06,Nottinghamshire Police,Nottinghamshire Police,-1.302447,53.128758,On or near Supermarket,E01027990,Ashfield 003D,Investigation complete; no suspect identified
72bfb068412d681c416fe1296d525a8c46dab4bf997aa9310a166edfe8902c10,2013-06,Nottinghamshire Police,Nottinghamshire Police,-1.257924,53.105395,On or near SOUTHWELL LANE,E01027956,Ashfield 008C,Investigation complete; no suspect identified
4d4c91d82d176fb6b098e5b3914cd4227de7fae77699e25b2871378cdc22587c,2013-06,Nottinghamshire Police,Nottinghamshire Police,-1.261239,53.125498,On or near FOREST STREET,E01027965,Ashfield 005B,Investigation complete; no suspect identified
6c9bab0fc96ac5c4128bd9d6c575cd8176db662af13ab2253ebb547009155f28,2013-06,Nottinghamshire Police,Nottinghamshire Police,-1.064738,52.962127,On or near TEAL CLOSE,E01028187,Gedling 015D,Offender given a caution
22e8d63f3d0c707f40ef8046bab1f03b96d6e0288e6bd646bd0cd8bdf00fc08c,2013-06,Nottinghamshire Police,Nottinghamshire Police,-1.215356,52.927672,On or near VERNON AVENUE,E01028085,Broxtowe 011D,Offender given a caution
5f0dc6d54bc2187c7143303b50ce0b01e578c9e5f05572ad6738a5961a824729,2013-06,Nottinghamshire Police,Nottinghamshire Police,-1.133977,52.999599,On or near Supermarket,E01028165,Gedling 006B,Local resolution
00f1692b003ee6338dd86b9ea837e849fd4c9864c7243d525089c383cc979279,2013-06,Nottinghamshire Police,Nottinghamshire Police,-1.193937,53.003616,On or near JENNISON STREET,E01013885,Nottingham 002E,Local resolution
3d054d892d70e84c1cb6a0864e1d0e5e3f89e6c38a3ebef734061866aeacabcf,2013-06,Nottinghamshire Police,Nottinghamshire Police,-1.146168,52.954910,On or near Shopping Area,E01033406,Nottingham 039E,Suspect charged
72c1d465ce040af48d0690e06b1d8634b7fe2b3c08b1affe4316d8a9ad5d66f5,2013-06,Nottinghamshire Police,Nottinghamshire Police,-1.153077,52.972318,On or near NEW STREET,E01013972,Nottingham 015E,Offender given a caution
0489768c07e5e21bcc51dc742787c33ff12c9401eef07bac8548fb2037f43966,2013-06,Nottinghamshire Police,Nottinghamshire Police,-1.200204,53.027372,On or near LILAC ROAD,E01027930,Ashfield 016B,Suspect charged
08d28da8e8e68fae3d42e498c6d2d165872a7d1dae0a6673894ffe77ee855e1a,2013-06,Nottinghamshire Police,Nottinghamshire Police,-1.134621,52.937549,On or near LONDON ROAD,E01028416,Rushcliffe 005D,Offender given a drugs possession warning
28a1beb1d49ca8182e23e167a878eec4c2e6d46ae3bfad7d665a49e66991518f,2013-06,Nottinghamshire Police,Nottinghamshire Police,-1.101521,52.923576,On or near Petrol Station,E01028375,Rushcliffe 006B,Local resolution
1272939c337d171fd49c001292ed11956bff7ec59f9dd1fd90500010dd02dd7b,2013-06,Nottinghamshire Police,Nottinghamshire Police,-1.265174,52.906695,On or near CHESTER GREEN,E01028139,Broxtowe 015E,Offender given a drugs possession warning
10bd0082c0bc19da33340b92dd88720f0a55c3419553e60d2de73a8295feaa8a,2013-06,Nottinghamshire Police,Nottinghamshire Police,-1.167329,52.933512,On or near CENTURION WAY,E01013870,Nottingham 040A,Local resolution
495b1c4dd48ac9eb4714e01bea9cafac5a17eec64a567b60776ecf89edd1db2b,2013-06,Nottinghamshire Police,Nottinghamshire Police,-1.159851,53.006940,On or near RIDGEWAY,E01013849,Nottingham 038A,Suspect charged
52c4ff2d7e457a54fd0bf9476758ea2512d89b88860b758cf151dd2c793b2073,2013-06,Nottinghamshire Police,Nottinghamshire Police,-1.206569,52.975456,On or near BRINSLEY CLOSE,E01013824,Nottingham 013E,Suspect charged
6e74ef09fd2d3893cfb11aabe079f502c4ddc620c508d833f760b0b0957a4a39,2013-06,Nottinghamshire Police,Nottinghamshire Police,-1.150199,52.955820,On or near Theatre/Concert Hall,E01033409,Nottingham 023H,Suspect charged
2641115e1f3a9cb9f4de4745314ed288cd46395e0860feff1574593bd847d8a4,2013-06,Nottinghamshire Police,Nottinghamshire Police,-1.174131,52.949768,On or near GREGORY AVENUE,E01013924,Nottingham 031C,Suspect charged
4a862b9f20032211f1500f33f79c76727307df58f7efb0e8970b399382988841,2013-06,Nottinghamshire Police,Nottinghamshire Police,-1.160603,52.990467,On or near Pedestrian Subway,E01013967,Nottingham 007E,Suspect charged
8987dd99478de398fa849f53d19c763ae922a7e2fc51080f4ad5ab25b39f8627,2013-06,Nottinghamshire Police,Nottinghamshire Police,-1.191126,53.030421,On or near GREEN CLOSE,E01027929,Ashfield 013A,Local resolution
d490fa7cf996de0914cd52527c027cb20213aafd72172e7ec674d0132e84cb8b,2013-06,Nottinghamshire Police,Nottinghamshire Police,-1.125791,52.931947,On or near Shopping Area,E01028416,Rushcliffe 005D,Suspect charged
6e1c588fd224b6486cf03375551de0e8b366812968524163aaddff4743a728b1,2013-06,Nottinghamshire Police,Nottinghamshire Police,-1.288317,52.992388,On or near PARK HILL,E01033413,Broxtowe 016G,Offender given a drugs possession warning
f58082141e3706053cad007cc8f894b87aebcd93108dc2f275c4dfce7e81ec79,2013-06,Nottinghamshire Police,Nottinghamshire Police,-1.085719,52.976773,On or near QUEEN'S AVENUE,E01028192,Gedling 012F,Suspect charged
07b61acf1f512bae3bc2987f5c3c6e869d2d1012b0e3fe9ebcad17af72ec1460,2013-06,Nottinghamshire Police,Nottinghamshire Police,-1.148818,52.941211,On or near HUMBER CLOSE,E01013871,Nottingham 040B,Suspect charged
2dbc9c550e853c806b344f3c0805dccfa2d7ae07b10b294980ec322aed9da824,2013-06,Nottinghamshire Police,Nottinghamshire Police,-1.148818,52.941211,On or near HUMBER CLOSE,E01013871,Nottingham 040B,Suspect charged
3c4b5e7667d626d05f2f13192c3e6d5a56eb29f22109e88db7c65458c8b7a2f8,2013-06,Nottinghamshire Police,Nottinghamshire Police,-1.113168,52.959217,On or near Supermarket,E01013913,Nottingham 024A,Suspect charged
1961ba700c31721dd04866c4362d0bbcdd32fc5fb51328be959e34a7003a09f6,2013-06,Nottinghamshire Police,Nottinghamshire Police,-1.117276,52.959994,On or near LINTON RISE,E01013916,Nottingham 024D,Suspect charged
fad3076400c8b23a3a5df429641dbe2354bc67f4c49017f87ac1297cc504afad,2013-06,Nottinghamshire Police,Nottinghamshire Police,-1.216062,52.975914,On or near WOODFIELD ROAD,E01013822,Nottingham 011C,Offender given a drugs possession warning
771e7bb788e9b1f23571556dc5cf88bb5fd0b59a16575bc6e878045c55608a53,2013-06,Nottinghamshire Police,Nottinghamshire Police,-1.212887,53.004767,On or near STONEY HOUGHTON GARDENS,E01013883,Nottingham 005E,Suspect charged
0dabb95050193e9d25caade2946876c6f16889f8c8b8b3936d1c4ebf05390ef0,2013-06,Nottinghamshire Police,Nottinghamshire Police,-1.145710,52.955473,On or near CLARE STREET,E01033409,Nottingham 023H,Local resolution
4a2aea1a252e884c2133ce5bfd5e6fd1fbb896ecce5c1a9473e61bfba943c4c6,2013-06,Nottinghamshire Police,Nottinghamshire Police,-1.162285,52.972078,On or near EAST GROVE,E01013844,Nottingham 017B,Offender given a drugs possession warning
f8c8b559fb1463e4654af1257fda5cb27198ae55d125abddd38c1019f7e60b6e,2013-06,Nottinghamshire Police,Nottinghamshire Police,-1.149477,52.954655,On or near KING STREET,E01033406,Nottingham 039E,Local resolution
0df5419cc31396c2d1c99deb344a473aa95bcf16217d5e7dc5c5f81abc6dc54c,2013-06,Nottinghamshire Police,Nottinghamshire Police,-1.158507,52.955735,On or near WOLLATON STREET,E01013816,Nottingham 022D,Suspect charged
75c21a2cc391549e6e9c0ff49b08560f658a3de9d50bcabd38212f632c969f82,2013-06,Nottinghamshire Police,Nottinghamshire Police,-1.149477,52.954655,On or near KING STREET,E01033406,Nottingham 039E,Suspect charged
1a872ef460409752f9971517e486ea9c98b2363ac86b58c7cdee7f71acfe3b3d,2013-06,Nottinghamshire Police,Nottinghamshire Police,-1.146168,52.954910,On or near Shopping Area,E01033406,Nottingham 039E,Offender given a caution
7629d658c1564c3856c917c2f6f5056ec019596e3da2bc1ac57852d5504bc290,2013-06,Nottinghamshire Police,Nottinghamshire Police,-1.137135,52.924092,On or near Petrol Station,E01028392,Rushcliffe 007E,Investigation complete; no suspect identified
1070c2ee4f1b1b70b2a69bb9ee99f91bcd71ba70ae48b38a881e85564cab312d,2013-06,Nottinghamshire Police,Nottinghamshire Police,-1.072764,52.964132,On or near DUNSTAN STREET,E01028185,Gedling 015B,Investigation complete; no suspect identified
117f91bc77c976840119caac190a9c8266e6488ab46ef5192ed21f834d464b91,2013-06,Nottinghamshire Police,Nottinghamshire Police,-1.078159,52.968812,On or near FREEMANS TERRACE,E01028171,Gedling 012D,Investigation complete; no suspect identified
b9044d6aaecfaf3fde1acd9d3e240912249db2f5057ed3f355b45e564545811d,2013-06,Nottinghamshire Police,Nottinghamshire Police,-1.072764,52.964132,On or near DUNSTAN STREET,E01028185,Gedling 015B,Investigation complete; no suspect identified
8516b032513f66f86be3e77639c9ce30c26114a933cd54d04a9ddc20289f596e,2013-06,Nottinghamshire Police,Nottinghamshire Police,-1.117594,52.967790,On or near BRIARBANK AVENUE,E01028161,Gedling 013B,Investigation complete; no suspect identified
ea92de1b3a38c2323557787b2e50146d609b174f5ade5e98e716df1e091d81c9,2013-06,Nottinghamshire Police,Nottinghamshire Police,-1.073011,52.963046,On or near DENNIS STREET,E01028187,Gedling 015D,Investigation complete; no suspect identified
a5e3b1c64355ae7eb522efa9153713076ee428f2962c252c30d32d36fcd2c87d,2013-06,Nottinghamshire Police,Nottinghamshire Police,-1.068436,52.968791,On or near AMBLESIDE WAY,E01028185,Gedling 015B,Investigation complete; no suspect identified
bc1b98e6e042054ef85dd9e271524efc4b03daab38e2fb66614598b8ddae4451,2013-06,Nottinghamshire Police,Nottinghamshire Police,-1.247395,52.920211,On or near GHOST HOUSE LANE,E01028101,Broxtowe 013E,Investigation complete; no suspect identified
3111caf847bf02ba9828b70c615a857633af472edb0e19a0cbe62cbd66609947,2013-06,Nottinghamshire Police,Nottinghamshire Police,-1.215429,52.926954,On or near STATION ROAD,E01028085,Broxtowe 011D,Investigation complete; no suspect identified
870741e347ef8dd9ea103eae6cc4255a33edbf671ca4449c93a7bdd2e37db617,2013-06,Nottinghamshire Police,Nottinghamshire Police,-1.243680,52.933672,On or near COURT YARD,E01028090,Broxtowe 007D,Investigation complete; no suspect identified
54e2c926e00ee6b9f76cb90f23f1bafaa5f42a9d88fcc9dd326a4ef7a1174b5f,2013-06,Nottinghamshire Police,Nottinghamshire Police,-1.160569,53.009875,On or near THOMPSON GARDENS,E01013851,Nottingham 038C,Investigation complete; no suspect identified
3918bd64256eee10623aff7bf118d78ba0e53827dd709adf9662a952542ce93a,2013-06,Nottinghamshire Police,Nottinghamshire Police,-1.211443,53.001387,On or near LARCH GARDENS,E01013884,Nottingham 005F,Investigation complete; no suspect identified
e3ff957d0bf515be8bb623e9eda3cae36f9e6951889d4a7e77396352200c87e7,2013-06,Nottinghamshire Police,Nottinghamshire Police,-1.209424,52.980590,On or near DEEPDENE CLOSE,E01013817,Nottingham 011A,Investigation complete; no suspect identified
56a15fda3a3f6db21deb28c204749ad50597ee8445bc4f8f67983460ba741a88,2013-06,Nottinghamshire Police,Nottinghamshire Police,-1.176311,53.000331,On or near KINGS MOOR,E01013889,Nottingham 004C,Investigation complete; no suspect identified
8a3eca444711fc038417304575dd18d865a44fa30cc8c4781ec32919d1c1f469,2013-06,Nottinghamshire Police,Nottinghamshire Police,-1.182072,52.991174,On or near BRAYTON CRESCENT,E01013836,Nottingham 008E,Investigation complete; no suspect identified
3f234c7343f0f4a24901b6087b620fb2e84c9da42282f6746a25e6b5f6b92d6e,2013-06,Nottinghamshire Police,Nottinghamshire Police,-1.212590,52.978480,On or near COLEBY ROAD,E01013817,Nottingham 011A,Investigation complete; no suspect identified
0e02e3e034789b770426c5b1ab09288713066b3c3b7b21d1a7137a5e5b8575a8,2013-06,Nottinghamshire Police,Nottinghamshire Police,-1.188662,52.967838,On or near TRAFFORD GARDENS,E01013931,Nottingham 019B,Investigation complete; no suspect identified
20005102b92ae04ed0b6b3e406c656709f390ad8f96c24c8e08c681591d04807,2013-06,Nottinghamshire Police,Nottinghamshire Police,-1.191836,52.995655,On or near Supermarket,E01013888,Nottingham 004B,Investigation complete; no suspect identified
4d769f7925ce372982212877737b6d3db87caefb62a170dc96bac7030b82d147,2013-06,Nottinghamshire Police,Nottinghamshire Police,-1.195704,52.978304,On or near REDMILE ROAD,E01013819,Nottingham 013A,Investigation complete; no suspect identified
e68f7f0e1ec311509e94092e26bd9d6859d4e0bf7f50a6752bfec74bade4b1c3,2013-06,Nottinghamshire Police,Nottinghamshire Police,-1.183990,52.992940,On or near TOLLERTON GREEN,E01013834,Nottingham 008C,Investigation complete; no suspect identified
e431b8327e093dbe48ab96aceceb8c9e0091c4b7c472005ac7e69f85c19ded18,2013-06,Nottinghamshire Police,Nottinghamshire Police,-1.208200,52.996196,On or near BONINGTON CLOSE,E01013878,Nottingham 005D,Investigation complete; no suspect identified
64aa58afc7631eadfb5d5c005f22e2644a1c89d20015d4b77972eca15172a228,2013-06,Nottinghamshire Police,Nottinghamshire Police,-1.201662,52.998454,On or near STAFFORD AVENUE,E01013877,Nottingham 005C,Investigation complete; no suspect identified
69d5be6f1b2b616d44a246a9e4d9b9cb48a53933ff1d24de48bdef1c89f0e986,2013-06,Nottinghamshire Police,Nottinghamshire Police,-1.179334,53.004388,On or near GLENORCHY CRESCENT,E01013886,Nottingham 004A,Investigation complete; no suspect identified
899faadae7c1da296aed372b4214cd44c7f4cebf60009638bfac2ce42518ec58,2013-06,Nottinghamshire Police,Nottinghamshire Police,-1.155052,52.956547,On or near Parking Area,E01013816,Nottingham 022D,Investigation complete; no suspect identified
4e3617dc69fb0b2a62756fa86d9e238bda3841b063956fe7f58a394393fc620b,2013-06,Nottinghamshire Police,Nottinghamshire Police,-1.154465,52.969865,On or near PELHAM AVENUE,E01013843,Nottingham 017A,Investigation complete; no suspect identified
22b8be800a1fe28482fd9ca5784f9e16d79b17980c38c4dca81578a43f6ec0e4,2013-06,Nottinghamshire Police,Nottinghamshire Police,-1.149881,52.950775,On or near STANFORD STREET,E01033400,Nottingham 039B,Suspect charged
40a1e4c37cf745e6cfe28b57e1205ff22c30c2a291523163fae10d8e91a77955,2013-06,Nottinghamshire Police,Nottinghamshire Police,-1.159660,52.960742,On or near WAVERLEY STREET,E01013815,Nottingham 022C,Local resolution
2e043c8837b6ab19ac6a9b4448fa1822f303507c376a05f667be1cc74eb0c905,2013-06,Nottinghamshire Police,Nottinghamshire Police,-1.145710,52.955473,On or near CLARE STREET,E01033409,Nottingham 023H,Investigation complete; no suspect identified
c09617f7f22ac313e6a2de7859d9aa5dbc6ef26f07756b399346a3ef0a236911,2013-06,Nottinghamshire Police,Nottinghamshire Police,-1.175026,52.969245,On or near ASHWELL GARDENS,E01013930,Nottingham 019A,Investigation complete; no suspect identified
a36b5cd015882e6e2392bc8edc9ca5777f1c166eb55988476bca9fd3c79c6019,2013-06,Nottinghamshire Police,Nottinghamshire Police,-1.180801,52.958309,On or near LEEN PLACE,E01033395,Nottingham 026G,Investigation complete; no suspect identified
41f920798f504adeb6d47ea7e171f89acacf1e0a834990469ba5c252cc041cb1,2013-06,Nottinghamshire Police,Nottinghamshire Police,-1.169105,52.965051,On or near HAWKSLEY ROAD,E01013811,Nottingham 018B,Investigation complete; no suspect identified
c5da825a40434a39d11dc2388a7eb20af44a5647d735ec2dbb9cf2ee59d12e69,2013-06,Nottinghamshire Police,Nottinghamshire Police,-1.146168,52.954910,On or near Shopping Area,E01033406,Nottingham 039E,Local resolution
0f5c062d09ea4870c1ef28baf50386e0f5940a2f0811ba42cac68e5219601ff2,2013-06,Nottinghamshire Police,Nottinghamshire Police,-1.146942,52.957172,On or near Shopping Area,E01033409,Nottingham 023H,Investigation complete; no suspect identified
3eed652d92730f6b696d9f142f6d13f60f6f958572b233b7fe172c5684135348,2013-06,Nottinghamshire Police,Nottinghamshire Police,-1.142183,52.984762,On or near TREVOSE GARDENS,E01013968,Nottingham 010B,Investigation complete; no suspect identified
3c08d92693f7f81e22eeaa9eb94ddcb78e45b1a4d2b8e451ed133b9a09ed5c91,2013-06,Nottinghamshire Police,Nottinghamshire Police,-1.144945,52.954281,On or near Theatre/Concert Hall,E01033406,Nottingham 039E,Investigation complete; no suspect identified
7d812b74dc28354b5bf96d33b7aa2f9b2452a67f04063fc1a30d933985655702,2013-06,Nottinghamshire Police,Nottinghamshire Police,-1.144430,52.953199,On or near WARSER GATE,E01033406,Nottingham 039E,Investigation complete; no suspect identified
73a5f315ac8a8e84c142b1887bef5e4d71cb3ea85485517b355bf089cf199daa,2013-06,Nottinghamshire Police,Nottinghamshire Police,-1.142631,52.997531,On or near SHERBROOK ROAD,E01028167,Gedling 006D,Investigation complete; no suspect identified
c503d4ff1fbc8b3efed36bc62553c55875849377ab9c330a8940ee137bb0d550,2013-06,Nottinghamshire Police,Nottinghamshire Police,-1.169842,52.963132,On or near HUBERT STREET,E01013814,Nottingham 022B,Investigation complete; no suspect identified
0fbf8d8837c93a03824ab77f2a75057848621e86e1cc4ef35233f7a2cc6e8ad5,2013-06,Nottinghamshire Police,Nottinghamshire Police,-1.147800,52.981692,On or near DAYBROOK STREET,E01013969,Nottingham 010C,Investigation complete; no suspect identified
26c452451d81d1a16abf85fbc97dc1e5494b086d5e182ce67f66dd2bd350409b,2013-06,Nottinghamshire Police,Nottinghamshire Police,-1.124816,53.360510,On or near LIME TREE AVENUE,E01028001,Bassetlaw 004A,Investigation complete; no suspect identified
a25666b9f5ee6d9156419a7b5cf8f885fd781398e3026ba4d7120f370aa52142,2013-06,Nottinghamshire Police,Nottinghamshire Police,-1.136137,53.331945,On or near FOXWOOD CLOSE,E01028047,Bassetlaw 006B,Investigation complete; no suspect identified
d06b2ddd29b99e1a05646419093ea4fb01797dc2d9c7f51f57c648a0572e99bc,2013-06,Nottinghamshire Police,Nottinghamshire Police,-1.122364,53.324060,On or near KENSINGNTON WAY,E01028050,Bassetlaw 006E,Investigation complete; no suspect identified
6021dcc2eea4ff697a8097eb97e42a4896a6d38960efc04437336bdd7fd0f969,2013-06,Nottinghamshire Police,Nottinghamshire Police,-1.138231,53.326405,On or near MAGPIE CLOSE,E01028059,Bassetlaw 009D,Suspect charged
b9e5c3291c01ad5ddec31e61e0ac3bcca1b0fca703306abbdcf5996ae6f10c09,2013-06,Nottinghamshire Police,Nottinghamshire Police,-1.126382,53.310354,On or near MILL STREET,E01028057,Bassetlaw 012A,Investigation complete; no suspect identified
09cb57ccb418a6fb227d18c4e01c340f976a9d3c4cc999b32de7080190b0c70a,2013-06,Nottinghamshire Police,Nottinghamshire Police,-1.130105,53.319191,On or near HAMILTON STREET,E01028046,Bassetlaw 006A,Investigation complete; no suspect identified
52fc970f2a3785253f4a4718c959ae0b1314d507702284bdab886baae5f5c554,2013-06,Nottinghamshire Police,Nottinghamshire Police,-1.121127,53.303880,On or near Supermarket,E01028068,Bassetlaw 012D,Investigation complete; no suspect identified
7915fa4a012239533af13e7bc4011d28cb84fe8dbaea34400d51ca681ba30cff,2013-06,Nottinghamshire Police,Nottinghamshire Police,-1.116034,53.295419,On or near Sports/Recreation Area,E01028060,Bassetlaw 013A,Investigation complete; no suspect identified
bae7abe44de224e456cc14b4a9f049b1ca0b711923e513dec244d01a08bf5ddf,2013-06,Nottinghamshire Police,Nottinghamshire Police,-1.107519,53.327474,On or near KINGSDALE,E01028051,Bassetlaw 016A,Investigation complete; no suspect identified
aeb98c17dfd8fabbb5725cf96aa1e8275d55d9fdd2a0a15d196b841f68627590,2013-06,Nottinghamshire Police,Nottinghamshire Police,-1.103672,53.285367,On or near Sports/Recreation Area,E01028064,Bassetlaw 014E,Investigation complete; no suspect identified
3b731380698a84aae3e528ec439de724490578aa498be098c58b12a879324a7e,2013-06,Nottinghamshire Police,Nottinghamshire Police,-1.138601,53.307288,On or near UNDERWOOD GARDENS,E01028061,Bassetlaw 013B,Investigation complete; no suspect identified
2b2c4b9fbbae4a59183965d2f0788a93c134ceee831a09c4828fff50981cbb92,2013-06,Nottinghamshire Police,Nottinghamshire Police,-1.061681,53.388283,On or near Petrol Station,E01028000,Bassetlaw 001A,Investigation complete; no suspect identified
9314f4fc42cbc501655e6617c5877373259232c70a2dab1b32ed8128268edfb2,2013-06,Nottinghamshire Police,Nottinghamshire Police,-1.108936,53.307025,On or near HIGH HOE ROAD,E01028045,Bassetlaw 016G,Investigation complete; no suspect identified
419bd537b7256a25c9ded4e242c8fb5ed4133d36a22fb0805076ec4d7838ce73,2013-06,Nottinghamshire Police,Nottinghamshire Police,-1.122825,53.307407,On or near B6045,E01028057,Bassetlaw 012A,Investigation complete; no suspect identified
f3b1fcf9e0d0e85f572a3c6f43a0baceef5cb98b2f4a5969283cb38af937f471,2013-06,Nottinghamshire Police,Nottinghamshire Police,-1.113814,53.391072,On or near BLYTH ROAD,E01028000,Bassetlaw 001A,Investigation complete; no suspect identified
1633a76ac86dca26df50668dde37d53d2a4b5cd19323aeffb0e40be8563d684a,2013-06,Nottinghamshire Police,Nottinghamshire Police,-1.124448,53.301459,On or near BRIDGE STREET,E01028062,Bassetlaw 013C,Investigation complete; no suspect identified
c7852160b1016a789d1741826f6dc11f2a60d45c6ac2cf04274de84b8df5e862,2013-06,Nottinghamshire Police,Nottinghamshire Police,-1.125673,53.302439,On or near CASTLE STREET,E01028062,Bassetlaw 013C,Investigation complete; no suspect identified
d958cd659d51cb0cef6f619ba7e0182e9d1469b4cc3f47c0a8b4d03ccaf9e2ce,2013-06,Nottinghamshire Police,Nottinghamshire Police,-1.123080,53.306681,On or near BRIDGE PLACE,E01028062,Bassetlaw 013C,Investigation complete; no suspect identified
17171d67e9202ccad3550730f20938ab9bb43f4601ca93ed53b26800fb129882,2013-06,Nottinghamshire Police,Nottinghamshire Police,-1.115442,53.307379,On or near Parking Area,E01028068,Bassetlaw 012D,Investigation complete; no suspect identified
5a188c48b198f47b14e63d32c982daa877cea04faeb69b1fc0ba925623c76c7b,2013-06,Nottinghamshire Police,Nottinghamshire Police,-1.120068,53.305013,On or near Parking Area,E01028068,Bassetlaw 012D,Investigation complete; no suspect identified
b1408c65c4aca9e713e85e9e6c84d615cfe7f395ce04250aeef8b9d3a94fce74,2013-06,Nottinghamshire Police,Nottinghamshire Police,-1.062774,53.377532,On or near THE MEWS,E01028000,Bassetlaw 001A,Investigation complete; no suspect identified
5b1b4fb883aeb29eed432f428d8671aa19af2710513b0fbd9f9b71740c370d15,2013-06,Nottinghamshire Police,Nottinghamshire Police,-1.111169,53.318763,On or near WESSEX ROAD,E01028053,Bassetlaw 016C,Investigation complete; no suspect identified
f2554b5752b7fa4391e98bdd8784942902b462c226f39f74f04e3b4d959cb861,2013-06,Nottinghamshire Police,Nottinghamshire Police,-1.111138,53.320246,On or near Supermarket,E01028053,Bassetlaw 016C,Investigation complete; no suspect identified
8753ed946f2f7b5900eef360e273eac98d08695af412c28659f463ec04da5e27,2013-06,Nottinghamshire Police,Nottinghamshire Police,-1.129665,53.303169,On or near BROOK TERRACE,E01028062,Bassetlaw 013C,Investigation complete; no suspect identified
2b18152ac04a3fb554c7f7f989c345731bdf6503b7e6ba651152ee713e073012,2013-06,Nottinghamshire Police,Nottinghamshire Police,-1.098446,53.300618,On or near FOREST LANE,E01028066,Bassetlaw 012C,Investigation complete; no suspect identified
bbf3f68770f74f9dc4f076e1b0135d8d058afed62e0f8df1611d74cf44847a4c,2013-06,Nottinghamshire Police,Nottinghamshire Police,-1.119122,53.326175,On or near GRASMERE ROAD,E01028052,Bassetlaw 016B,Investigation complete; no suspect identified
680b571f20e3b8afc8a89ee917058a5f8f335a34289a27200ea884f5c72f9ab5,2013-06,Nottinghamshire Police,Nottinghamshire Police,-1.089090,53.331271,On or near THIEVESDALE LANE,E01028004,Bassetlaw 004D,Investigation complete; no suspect identified
291feab464ff16cd591301eb15e58ad97ba1e813490a8904fe58991b9afc4f8a,2013-06,Nottinghamshire Police,Nottinghamshire Police,-0.992197,53.108926,On or near SOUTHWELL ROAD,E01028329,Newark and Sherwood 005E,Investigation complete; no suspect identified
6cc0d496561a8503ac7d32698a8b42bf95005bcbc4e1446242dbb4355e0f45af,2013-06,Nottinghamshire Police,Nottinghamshire Police,-0.888847,53.132836,On or near FORD LANE,E01028312,Newark and Sherwood 003B,Investigation complete; no suspect identified
70c5fe23d93b17283b37749908baba48b46e0e5082313deea1ebd1d56a0b1b3f,2013-06,Nottinghamshire Police,Nottinghamshire Police,-1.012753,53.375924,On or near UNDERWOOD AVENUE,E01028034,Bassetlaw 003B,Investigation complete; no suspect identified
1c2fdd8328ad51e0833a6007f975530e657a231c553d464053a8be679582782c,2013-06,Nottinghamshire Police,Nottinghamshire Police,-1.014988,53.383287,On or near BLUE BELL COURT,E01028034,Bassetlaw 003B,Investigation complete; no suspect identified
9afb29b779c01e603e5dd0c7ef332ad38f9a955091a2bb529dd6518c8b8a33c6,2013-06,Nottinghamshire Police,Nottinghamshire Police,-0.787028,53.352783,On or near COWPASTURE LANE,E01028035,Bassetlaw 002E,Investigation complete; no suspect identified
4db85ad9fa6f31715aac2421ea43ddde0a87045bae977f1c316d1e38ee67fb69,2013-06,Nottinghamshire Police,Nottinghamshire Police,-1.226412,53.135093,On or near HUNTLY CLOSE,E01028246,Mansfield 010E,Investigation complete; no suspect identified
e46bbd36934484194ef73c9435402c84d48691c8f17ca2b68954cce2976dd77b,2013-06,Nottinghamshire Police,Nottinghamshire Police,-1.222338,53.135507,On or near SUTTON ROAD,E01028246,Mansfield 010E,Investigation complete; no suspect identified
bec863f9acccab4f5aea004b55efc47c9cc31ed2e9bf60a73d9b5d3735cb46c1,2013-06,Nottinghamshire Police,Nottinghamshire Police,-1.181951,53.144873,On or near HEYWARD STREET,E01028276,Mansfield 009E,Investigation complete; no suspect identified
71ad6bee301fab043f503e191fd397b9f5b1b7c97c895e19a00486617f82b393,2013-06,Nottinghamshire Police,Nottinghamshire Police,-1.182670,53.138540,On or near WINDSOR ROAD,E01028269,Mansfield 008E,Investigation complete; no suspect identified
2ae45c67f00b43cecf157d8c814e0141eeb98b4708ea7048e2545126588286f2,2013-06,Nottinghamshire Police,Nottinghamshire Police,-1.151600,53.142674,On or near HOLBROOK COURT,E01028261,Mansfield 012C,Investigation complete; no suspect identified
457014a70fe3324e9dad4048022e38e928b08987a84cdb370d61bd9c4b55bfeb,2013-06,Nottinghamshire Police,Nottinghamshire Police,-1.177200,53.147060,On or near ALCOCK AVENUE,E01028275,Mansfield 009D,Investigation complete; no suspect identified
e3b6f84daf4ade526113adfe628ad481d909d6ddc8bcc5f49ec2d0d47b152ded,2013-06,Nottinghamshire Police,Nottinghamshire Police,-1.177339,53.142908,On or near ORDSALL CLOSE,E01028236,Mansfield 011B,Investigation complete; no suspect identified
5bd627a7d39ca0a9f811d0b9548e421b33368bc87c8eac6f3602183f3924a2f3,2013-06,Nottinghamshire Police,Nottinghamshire Police,-1.199015,53.144638,On or near Shopping Area,E01028284,Mansfield 008F,Investigation complete; no suspect identified
85d3240fb3c4edf16d7e21c153f17e2be33b7e1277852c8f2cbe415bc434bc90,2013-06,Nottinghamshire Police,Nottinghamshire Police,-1.172364,53.148177,On or near ALLWOOD CLOSE,E01028275,Mansfield 009D,Investigation complete; no suspect identified
16fd5aded2d08a805500f2b27d29b7708e8afc181c0e0f24d4325494993ed80c,2013-06,Nottinghamshire Police,Nottinghamshire Police,-1.186978,53.143136,On or near ARTHUR STREET,E01028233,Mansfield 009A,Investigation complete; no suspect identified
fc607f64f08e5efc2f4384d8bb72103414e406a485b750fe9a952a2332d4a25b,2013-06,Nottinghamshire Police,Nottinghamshire Police,-1.197486,53.145662,On or near Shopping Area,E01028284,Mansfield 008F,Investigation complete; no suspect identified
5b93a3e8c8685f1ac1929d45f553a351bd03621fabf7ac285fb886d9fbc9aea3,2013-06,Nottinghamshire Police,Nottinghamshire Police,-1.253644,53.078230,On or near WESLEY STREET,E01027998,Ashfield 010D,Investigation complete; no suspect identified
ed9904ac0b90ddfdfdd2fc1f130f1c2f499491c136a116b1cfc16374596cf706,2013-06,Nottinghamshire Police,Nottinghamshire Police,-1.235254,53.105162,On or near PINEWOOD CLOSE,E01027951,Ashfield 007B,Investigation complete; no suspect identified
da6ef74ea8c9bc2aa46609b26efa3b5be6c217d1c060d560ef79c5e33857c5d2,2013-06,Nottinghamshire Police,Nottinghamshire Police,-1.264998,53.126806,On or near LANGFORD STREET,E01027965,Ashfield 005B,Investigation complete; no suspect identified
2413595abf4ec8bc850619ccffa3fd740dffe3cf0c4b9c785773c6bb79d24657,2013-06,Nottinghamshire Police,Nottinghamshire Police,-1.238677,53.132053,On or near Sports/Recreation Area,E01027985,Ashfield 004E,Investigation complete; no suspect identified
4fe77a591ed83d265a65d60149f2cc5f1224ee3bf83b25a4afcc18297b45db27,2013-06,Nottinghamshire Police,Nottinghamshire Police,-1.253592,53.099363,On or near Police Station,E01027948,Ashfield 009B,Investigation complete; no suspect identified
0dc44c89a9322ec35bdaebd1fa28834195380835eb5f7274166a72accea299bb,2013-06,Nottinghamshire Police,Nottinghamshire Police,-1.268792,53.121643,On or near STEVENSON CRESCENT,E01027969,Ashfield 006A,Investigation complete; no suspect identified
1bb49fdf9921ca598c6783a4673a307cec0dd1f0e3e6dc06ed3d04eb00726440,2013-06,Nottinghamshire Police,Nottinghamshire Police,-1.253398,53.121808,On or near HEATHCOTE PLACE,E01027972,Ashfield 004B,Investigation complete; no suspect identified
9fb19a314eccc124bef13ec1f08700c3c16ba84751f7353e8323987879faddf4,2013-06,Nottinghamshire Police,Nottinghamshire Police,-1.258339,53.125588,On or near WELBECK STREET,E01027978,Ashfield 004D,Investigation complete; no suspect identified
ca33e993e9dca8d3fa50d98139c5fde9470f3b8bd6213b0fb69a74e4e04d0233,2013-06,Nottinghamshire Police,Nottinghamshire Police,-1.261021,53.119914,On or near THE TWITCHELL,E01027976,Ashfield 005E,Investigation complete; no suspect identified
1d623f6d0bbc252b8e786a855d2664cc32891df810a9a0358173d44b9f422461,2013-06,Nottinghamshire Police,Nottinghamshire Police,-1.264818,53.124225,On or near MORVEN AVENUE,E01027968,Ashfield 005C,Investigation complete; no suspect identified
8ace7490eb82930b793fce19ded510791cebc0786574d21b7833eec8c376839e,2013-06,Nottinghamshire Police,Nottinghamshire Police,-1.264818,53.124225,On or near MORVEN AVENUE,E01027968,Ashfield 005C,Investigation complete; no suspect identified
fc0638df43aa9afe54a8fedad5bfdc7ae6e484429403dc2d2b3ff565270f6820,2013-06,Nottinghamshire Police,Nottinghamshire Police,-1.283436,53.120698,On or near FREDERICK STREET,E01027991,Ashfield 006E,Investigation complete; no suspect identified
ae17ddb4b9328dcc724d999691ac07145c50ebc6f717f1b032330df2a94a10c8,2013-06,Nottinghamshire Police,Nottinghamshire Police,-1.257704,53.128568,On or near NORTH STREET,E01027967,Ashfield 004A,Offender given a caution
a901a4fe937a7ed63d737855fb06f0ce26540e504061be0a504bcdd55cca113f,2013-06,Nottinghamshire Police,Nottinghamshire Police,-1.252363,53.132382,On or near CLIPSTONE AVENUE,E01027967,Ashfield 004A,Investigation complete; no suspect identified
b487e3bf661a5c3d7a367b0eff9711f5e5cb97faaeca20a0bd7039ae6fec28d4,2013-06,Nottinghamshire Police,Nottinghamshire Police,-1.246093,53.127659,On or near LAWN ROAD,E01027977,Ashfield 004C,Investigation complete; no suspect identified
43b1f846e89852745a8d13e361a1d33b1cbef64dc799d91c01f453ecb799501b,2013-06,Nottinghamshire Police,Nottinghamshire Police,-1.278149,53.117871,On or near TWINYARDS CLOSE,E01027992,Ashfield 006F,Investigation complete; no suspect identified
b77e8815b45c9d817054006198ee35a93743f2e905866c1cdd9c09daedff58d6,2013-06,Nottinghamshire Police,Nottinghamshire Police,-1.255293,53.134072,On or near DEEPDALE GARDENS,E01027970,Ashfield 002A,Investigation complete; no suspect identified
025246be813cacbb0933bafa3f258d292ea72bb308009f937e8007e9ae2773f4,2013-06,Nottinghamshire Police,Nottinghamshire Police,-1.168672,52.906886,On or near OLDOAK ROAD,E01013899,Nottingham 035C,Offender given a caution
2e69812d2d2bbb73c58c992411485fd92af0bfa09bdc9bae7a3612c91f647cf4,2013-06,Nottinghamshire Police,Nottinghamshire Police,-1.158884,52.993089,On or near ARNSIDE CLOSE,E01013856,Nottingham 006D,Offender given a caution
5201bcc728a722b7fca44570c32cb99dca0fe4f81073b21ded3651586f0b9fc5,2013-06,Nottinghamshire Police,Nottinghamshire Police,-1.162739,52.961635,On or near GEDLING GROVE,E01013815,Nottingham 022C,Offender given a drugs possession warning
12eb6624135ff22835cfa060d10862a471bb168869c2bafb4a5d9d5e5d267563,2013-06,Nottinghamshire Police,Nottinghamshire Police,-1.148088,52.949638,On or near Pedestrian Subway,E01033400,Nottingham 039B,Suspect charged
41c416c2fdbcadd36f018b79ec9f61df650c8fabfbbc84c457067da32f12ea24,2013-06,Nottinghamshire Police,Nottinghamshire Police,-0.960874,53.085869,On or near THE COMBES,E01028346,Newark and Sherwood 008B,Offender given a caution
ceb86420d917107aa528ffb725375e976a175ec8eed231260ef314705c44f859,2013-06,Nottinghamshire Police,Nottinghamshire Police,-1.119006,52.953274,On or near SNEINTON BOULEVARD,E01013917,Nottingham 024E,Suspect charged
9b419ef28cb9ade97a7467cd032a72bb2fc1c12da8675f661e7661e618594f53,2013-06,Nottinghamshire Police,Nottinghamshire Police,-1.143893,52.960836,On or near PENRHYN CLOSE,E01013958,Nottingham 023C,Offender given penalty notice
10fe94fe74bae989a752f90a129e9de6f40786657015abdd59254c9fb140f0dc,2013-06,Nottinghamshire Police,Nottinghamshire Police,-1.143704,52.968143,On or near GORSEY ROAD,E01013943,Nottingham 015D,Offender given a caution
3d1e54bb661afc0b25e9dff8d9b875f02ad2003bf762789e0d4930c72896179f,2013-06,Nottinghamshire Police,Nottinghamshire Police,-1.154984,52.979892,On or near HAYDN AVENUE,E01013970,Nottingham 010D,Suspect charged
eac27609569ed9b0295120a9581d345cb26969148183d1ee811383ae34194cb4,2013-06,Nottinghamshire Police,Nottinghamshire Police,-1.135987,53.159273,On or near FIR TREE CLOSE,E01028238,Mansfield 007B,Offender given a caution
c8ad1081b64f526cba16184afd90dd4caf8beca9ebde0361a8cb9261286c90ae,2013-06,Nottinghamshire Police,Nottinghamshire Police,-1.265585,53.133588,On or near GLEN STREET,E01027964,Ashfield 005A,Suspect charged
67956ab3a32343706c2bc2ee80bdbd131dc19bd4c84ce81ebdea9f0837f4829a,2013-06,Nottinghamshire Police,Nottinghamshire Police,-1.129023,52.933247,On or near Supermarket,E01028416,Rushcliffe 005D,Local resolution
dae95472dea6442be5b4f33979cfaec2713084090c538b591856fa8e5c50f66d,2013-06,Nottinghamshire Police,Nottinghamshire Police,-1.088190,52.952772,On or near Sports/Recreation Area,E01028184,Gedling 015A,Local resolution
d2912d9d0a8ae357d414296a74fe08158c07eeb0ab85ae5ea38e30a0b93bc859,2013-06,Nottinghamshire Police,Nottinghamshire Police,-1.213678,52.928371,On or near Supermarket,E01028085,Broxtowe 011D,Suspect charged
f20f93b90d83cb5b9b65d094d02e0024c2805385b74ffd0fb89e064e0186a3d3,2013-06,Nottinghamshire Police,Nottinghamshire Police,-1.149406,52.942384,On or near HOUSEMAN GARDENS,E01013871,Nottingham 040B,Local resolution
6ef993da2fc29090ba3278cf28b90ec881d6966f7108afa2c484807ead4e039c,2013-06,Nottinghamshire Police,Nottinghamshire Police,-1.144307,52.968516,On or near VICKERS STREET,E01013943,Nottingham 015D,Offender given a caution
1e339ea016f55acead8fb1debde2616b3128e0dc059b263bddf6f60d21fcd979,2013-06,Nottinghamshire Police,Nottinghamshire Police,-1.205674,52.978749,On or near ROSSLYN DRIVE,E01013820,Nottingham 013B,Offender given a caution
5e9f56b2d5e397ef0e8581dc8bcda62daeeaef873fbb6a82a4de08f5e447471d,2013-06,Nottinghamshire Police,Nottinghamshire Police,-1.205674,52.978749,On or near ROSSLYN DRIVE,E01013820,Nottingham 013B,Offender given a caution
571879505d770147712b1788fcdf17532cfc8eb4fcd2b06c787bc6e0f3f7ca6a,2013-06,Nottinghamshire Police,Nottinghamshire Police,-1.228860,52.974731,On or near MOOR ROAD,E01013865,Nottingham 014B,Offender given a caution
90aa6b49265f00b9aa15b21e2f053fb7489fd29508e929dcd6d19f2921356a2e,2013-06,Nottinghamshire Police,Nottinghamshire Police,-1.148037,52.958295,On or near Parking Area,E01033399,Nottingham 023E,Suspect charged
f0760a06a4adf3d3be28078694a89cde7a8b265b8d57e70f9e78cc40ba6ca338,2013-06,Nottinghamshire Police,Nottinghamshire Police,-1.169524,52.962654,On or near Parking Area,E01013812,Nottingham 018C,Offender given a caution
06120244bfae27485f5ace69ba89d417a8b67e99a739153866ffa55c18c75f70,2013-06,Nottinghamshire Police,Nottinghamshire Police,-1.148358,52.951797,On or near Shopping Area,E01033400,Nottingham 039B,Local resolution
32b505becf6a15d7bc5497e36ed1c3e7928a1034c36f54d2fbbe23ddceeaef9a,2013-06,Nottinghamshire Police,Nottinghamshire Police,-1.149881,52.950775,On or near STANFORD STREET,E01033400,Nottingham 039B,Suspect charged
8f3ed1b4db039c377560829e8eb8bc39eac3cd195171dc57524842acd6923c6d,2013-06,Nottinghamshire Police,Nottinghamshire Police,-1.143330,52.955393,On or near Nightclub,E01033405,Nottingham 023G,Offender given a caution
8f3ed1b4db039c377560829e8eb8bc39eac3cd195171dc57524842acd6923c6d,2013-06,Nottinghamshire Police,Nottinghamshire Police,-1.143330,52.955393,On or near Nightclub,E01033405,Nottingham 023G,Offender given a caution
45b9597a700fba47583eb453c862541b0c02aaaa20792ff26867d4d5dad85b7e,2013-06,Nottinghamshire Police,Nottinghamshire Police,-1.148030,52.957890,On or near Shopping Area,E01033399,Nottingham 023E,Suspect charged
610adaf0ff7c5007b46f5de4d94e8006d7e1f859161bd3e4fe142dccc34f1e14,2013-06,Nottinghamshire Police,Nottinghamshire Police,-1.145710,52.955473,On or near CLARE STREET,E01033409,Nottingham 023H,Offender given a caution
d4a46d224496729b96da76886edb0a28fb4167a39141f4475906df0249a4c199,2013-06,Nottinghamshire Police,Nottinghamshire Police,-1.158260,52.963078,On or near BALMORAL ROAD,E01013815,Nottingham 022C,Offender given a caution
0775ffc692027b7c3e4fd0d81e58cfb33568a8d236a82399dbc5370f4acfad31,2013-06,Nottinghamshire Police,Nottinghamshire Police,-1.148336,52.952912,On or near Shopping Area,E01033406,Nottingham 039E,Suspect charged
c9767ce6a69e4e9013370392bd665ef197197b8cf98cbd747002968266485adf,2013-06,Nottinghamshire Police,Nottinghamshire Police,-1.147278,52.952949,On or near BRIDLESMITH GATE,E01033406,Nottingham 039E,Local resolution
d848caa322ed63ea3307d925465b2759d222cada21b5d730fd0b57620375ef0a,2013-06,Nottinghamshire Police,Nottinghamshire Police,-0.941751,53.077799,On or near Petrol Station,E01028345,Newark and Sherwood 008A,Suspect charged
d848caa322ed63ea3307d925465b2759d222cada21b5d730fd0b57620375ef0a,2013-06,Nottinghamshire Police,Nottinghamshire Police,-0.941751,53.077799,On or near Petrol Station,E01028345,Newark and Sherwood 008A,Suspect charged
60cdf4a9e0a75c12161c3cfd98df32a8b61c46b884159131c52fb6ce82e7a4fe,2013-06,Nottinghamshire Police,Nottinghamshire Police,-0.997247,53.097966,On or near STATION ROAD,E01028329,Newark and Sherwood 005E,Suspect charged
60cdf4a9e0a75c12161c3cfd98df32a8b61c46b884159131c52fb6ce82e7a4fe,2013-06,Nottinghamshire Police,Nottinghamshire Police,-0.997247,53.097966,On or near STATION ROAD,E01028329,Newark and Sherwood 005E,Suspect charged
36f0f1be0b2bf415c3bed9e3ca333b6f8322a9a09c81b2743175948476879e32,2013-06,Nottinghamshire Police,Nottinghamshire Police,-0.812944,53.074840,On or near Bus/Coach Station,E01028311,Newark and Sherwood 007G,Local resolution
1e1de8830de56c328028cd3e9e6cec1c1507ab77ff6d7b494a1f2247d0b9e2cf,2013-06,Nottinghamshire Police,Nottinghamshire Police,-0.803835,53.078740,On or near APPLETON GATE,E01028310,Newark and Sherwood 007F,Offender given a caution
a9e9511debbccf897cc0c01ff1a215575b38e51481d4735aff9b456a2b9c8c3e,2013-06,Nottinghamshire Police,Nottinghamshire Police,-0.810945,53.075350,On or near Parking Area,E01028311,Newark and Sherwood 007G,Suspect charged
5d99d885a90aff4f2a7997e0683d29435af927bebfbaf54dfd0d012eb95529e4,2013-06,Nottinghamshire Police,Nottinghamshire Police,-0.810945,53.075350,On or near Parking Area,E01028311,Newark and Sherwood 007G,Suspect charged
43222beb78ee49659c6135af46129a29a80b74482ae856c2c63b8554d0651c27,2013-06,Nottinghamshire Police,Nottinghamshire Police,-1.173008,53.173828,On or near KENSINGTON CLOSE,E01028251,Mansfield 003A,Offender given a caution
9773a8e409025b0a854a6390abb48156c5b765884dc3c4134cd8e8c8aa7993c5,2013-06,Nottinghamshire Police,Nottinghamshire Police,-1.121834,52.939289,On or near FLEEMAN GROVE,E01028386,Rushcliffe 004E,Investigation complete; no suspect identified
b1cfe402ecd6317e861e8b742012ef2afc5f35bd8c1cd6c9dd555f6db06be290,2013-06,Nottinghamshire Police,Nottinghamshire Police,-1.109669,52.929517,On or near GOLDRILL CLOSE,E01028375,Rushcliffe 006B,Investigation complete; no suspect identified
98b6548d073aa39aa7abc44ddf3eb6733894d2450acd888c5d0afbda6278c597,2013-06,Nottinghamshire Police,Nottinghamshire Police,-1.110774,52.924275,On or near STAMFORD ROAD,E01028356,Rushcliffe 006A,Investigation complete; no suspect identified
67dc420cef26a630cce9e664c2e43abc55df469ca7c546fbd2d68bee0eab1861,2013-06,Nottinghamshire Police,Nottinghamshire Police,-1.113111,52.913981,On or near SHARPHILL ROAD,E01028372,Rushcliffe 008A,Investigation complete; no suspect identified
5e1c64430d9defdfc5ea2a06aa300c51ccd1d633af76e24003c1c192f2ae0988,2013-06,Nottinghamshire Police,Nottinghamshire Police,-1.138828,52.929489,On or near ELM TREE AVENUE,E01028418,Rushcliffe 005F,Investigation complete; no suspect identified
00860ef986b7787f97554832d7f953b5e16a2017e08620355d4f43cc40d2497e,2013-06,Nottinghamshire Police,Nottinghamshire Police,-1.134170,52.940018,On or near TRENTSIDE NORTH,E01028416,Rushcliffe 005D,Investigation complete; no suspect identified
fb11b0492a8400b59c3a7152825b4aed63d6bfc4eb444ed8aee448a9409aee97,2013-06,Nottinghamshire Police,Nottinghamshire Police,-1.134621,52.937549,On or near LONDON ROAD,E01028416,Rushcliffe 005D,Investigation complete; no suspect identified
882afdad4c68357b5d9436d974bee4ad466b1429dd3ed440971f90e4424bf2f1,2013-06,Nottinghamshire Police,Nottinghamshire Police,-1.179028,52.839626,On or near GOTHAM ROAD,E01028387,Rushcliffe 014B,Investigation complete; no suspect identified
0675f2c5d62628d5d8f76e56364348f2809670a4dfc7e3f7c5631e1254f96fe1,2013-06,Nottinghamshire Police,Nottinghamshire Police,-1.078532,52.872060,On or near ALDER WAY,E01028381,Rushcliffe 013B,Investigation complete; no suspect identified
13bca24838ffa464b05364ca5dc9350853e08ccd5de3b4d16ff3186bfe910d61,2013-06,Nottinghamshire Police,Nottinghamshire Police,-1.034117,52.904502,On or near EDGINGTON CLOSE,E01028369,Rushcliffe 009D,Investigation complete; no suspect identified
5ba4de91ae42635a77ab07d16b3fd0bd2818b9e453de341968c494778243201d,2013-06,Nottinghamshire Police,Nottinghamshire Police,-1.317452,53.018295,On or near DERBY ROAD,E01028111,Broxtowe 002B,Suspect charged
9d43ab677f3e197ee7818e5a8adb580c94ae8183df20045ec92f5d1aec282261,2013-06,Nottinghamshire Police,Nottinghamshire Police,-1.254504,52.996415,On or near Petrol Station,E01028106,Broxtowe 016B,Local resolution
aac090a8cf5bccc157d516fc17f045b66b5463f5f4c946921f053393d8558264,2013-06,Nottinghamshire Police,Nottinghamshire Police,-1.281254,53.006827,On or near SOUTH STREET,E01028116,Broxtowe 003C,Investigation complete; no suspect identified
710fe92c7b514f67e40679667db5ca0a3af52a5d2800ad906ba96da2bb4dd669,2013-06,Nottinghamshire Police,Nottinghamshire Police,-1.281639,53.004312,On or near TANNERY ROAD,E01028116,Broxtowe 003C,Investigation complete; no suspect identified
337fe0f49b1bcfaa28bbdd52b9f3cca5a7dbf48fb7ea8cb526cc61f941d0cd8e,2013-06,Nottinghamshire Police,Nottinghamshire Police,-1.303870,53.017443,On or near Supermarket,E01028112,Broxtowe 002C,Investigation complete; no suspect identified
f23e24790a3cffae69a20ad59bfc7ef82ec38ea98a855f74316b39dfeb8ecad1,2013-06,Nottinghamshire Police,Nottinghamshire Police,-1.072257,52.964901,On or near ASPER STREET,E01028185,Gedling 015B,Investigation complete; no suspect identified
0198bb6ccea1f65c42f9d7b4fa65ced66523b8cd97d934385c11f0234c21d904,2013-06,Nottinghamshire Police,Nottinghamshire Police,-1.046647,53.003506,On or near PARK LANE,E01028178,Gedling 008C,Investigation complete; no suspect identified
49c671b7179d0e366927b1482b2b79e2931a3f72c75dc939a793f6b7d4524608,2013-06,Nottinghamshire Police,Nottinghamshire Police,-1.046647,53.003506,On or near PARK LANE,E01028178,Gedling 008C,Investigation complete; no suspect identified
64f3cf58142377e42365da053da67f119107a2b79ef8e56aa96341d07f4004bd,2013-06,Nottinghamshire Police,Nottinghamshire Police,-1.071994,52.970239,On or near Sports/Recreation Area,E01028168,Gedling 012A,Investigation complete; no suspect identified
6b032c9ef6369c32c5a622ce7cbac4ef06bcd0dd22630b344de11a649a55e906,2013-06,Nottinghamshire Police,Nottinghamshire Police,-1.109934,52.973891,On or near ERNEST ROAD,E01028211,Gedling 013E,Investigation complete; no suspect identified
a7cc5e82705e1b3f84f70ef8a54ad624eba9dc61e27797afb89cbd6fe2790746,2013-06,Nottinghamshire Police,Nottinghamshire Police,-1.086306,52.965154,On or near RUSSET AVENUE,E01028158,Gedling 014D,Investigation complete; no suspect identified
309340b71f259851ad709c0545a4d604954898b256bdcf31e5860d78c38b9ee2,2013-06,Nottinghamshire Police,Nottinghamshire Police,-1.117795,52.979136,On or near ANNE'S CLOSE,E01028195,Gedling 010C,Investigation complete; no suspect identified
335d3bbd64bf78f9695b10ce2b9dd82545c6376205f64f46a46df7342f7e40ea,2013-06,Nottinghamshire Police,Nottinghamshire Police,-1.234164,52.911371,On or near BYE PASS ROAD,E01028069,Broxtowe 014A,Investigation complete; no suspect identified
26bad0e854c29f50af6344d22cdf5749cd54e199239ff92b61e536d283d930fd,2013-06,Nottinghamshire Police,Nottinghamshire Police,-1.211332,52.923169,On or near WAVERLEY AVENUE,E01028073,Broxtowe 011A,Investigation complete; no suspect identified
44704e185be207400a3cd0633f2b5390ab71e986fb21bf7c62177bd4338ba215,2013-06,Nottinghamshire Police,Nottinghamshire Police,-1.268472,52.939509,On or near BRADDON AVENUE,E01028127,Broxtowe 008C,Local resolution
0df160c5cea9aba837e57ea06dc07dbba82899cc161edf40a0cdbb6376387f95,2013-06,Nottinghamshire Police,Nottinghamshire Police,-1.240047,52.927015,On or near SISKIN CLOSE,E01028094,Broxtowe 014C,Investigation complete; no suspect identified
a0a878a8671422f885063fa08c1cb51cf502d0f53caabb82d15717755417ea3b,2013-06,Nottinghamshire Police,Nottinghamshire Police,-1.226787,52.936512,On or near HILLSIDE CRESCENT,E01028091,Broxtowe 007E,Investigation complete; no suspect identified
c9cdd04c733c54e6b6c833f696758fab22df91c4cb096b2ce55e4d877bf13231,2013-06,Nottinghamshire Police,Nottinghamshire Police,-1.241269,52.923499,On or near SUNNYSIDE ROAD,E01028100,Broxtowe 013D,Investigation complete; no suspect identified
cf5f93a9f631c6986d492fdb510faef7444e783e6bc131bd70c9a5027358838d,2013-06,Nottinghamshire Police,Nottinghamshire Police,-1.207595,52.920933,On or near Parking Area,E01028083,Broxtowe 012D,Investigation complete; no suspect identified
a3deb632a6533d952cb4b1c968aefc060bf61d87aa29c33c2f3147d338633d9d,2013-06,Nottinghamshire Police,Nottinghamshire Police,-1.252634,52.922564,On or near MARRIOTT AVENUE,E01028101,Broxtowe 013E,Investigation complete; no suspect identified
e86f17c16b31038bff89aa85694a80c9188851c03ddff30b706bfa3546f48a24,2013-06,Nottinghamshire Police,Nottinghamshire Police,-1.272710,52.936999,On or near ELTON CLOSE,E01028126,Broxtowe 008B,Investigation complete; no suspect identified
3d5322a882963c6514214e1b4940e1966d2db15662681de8644a9b2a58feb86e,2013-06,Nottinghamshire Police,Nottinghamshire Police,-1.263990,52.932676,On or near Petrol Station,E01028130,Broxtowe 010C,Local resolution
f6aa20de93b4a02026e74cbb1fdc86745e3c1ec387c2cad3a7f2a523be9452cd,2013-06,Nottinghamshire Police,Nottinghamshire Police,-1.210164,52.930955,On or near BROADGATE AVENUE,E01028079,Broxtowe 009D,Investigation complete; no suspect identified
108762193b4c222596195db7ec5a45463142f5c80f9fb1112bd5f2293f7c2da9,2013-06,Nottinghamshire Police,Nottinghamshire Police,-1.223689,52.940007,On or near BRIAR CLOSE,E01028076,Broxtowe 009A,Investigation complete; no suspect identified
a07f5735fc01f7f3fb3d03030e3b46c97db2db3dc3b4bd5ead6fe339cbea176b,2013-06,Nottinghamshire Police,Nottinghamshire Police,-1.243297,52.930020,On or near PEACHE WAY,E01028087,Broxtowe 007A,Investigation complete; no suspect identified
a305d955904c409cd09c1b72afcf860a240006115856dfc20c2a3e1e5dcc4d02,2013-06,Nottinghamshire Police,Nottinghamshire Police,-1.267425,52.962749,On or near Petrol Station,E01033412,Broxtowe 016F,Investigation complete; no suspect identified
0811a73d6c2d3eb5b9f52510748ca7ed92b51f10a7f940dc682bcb254eb30ff7,2013-06,Nottinghamshire Police,Nottinghamshire Police,-1.241767,52.919645,On or near WARKTON CLOSE,E01028097,Broxtowe 013A,Investigation complete; no suspect identified
d1673b874ce8986228296e9f98d16e6830cbfba2a366eb021b8a74d9f1188961,2013-06,Nottinghamshire Police,Nottinghamshire Police,-1.231887,52.915680,On or near SCRIVELSBY GARDENS,E01028096,Broxtowe 014E,Investigation complete; no suspect identified
55e4dc892bccc1700f517c1415a0f242f86763c4b38c1707502ae317a59e1085,2013-06,Nottinghamshire Police,Nottinghamshire Police,-1.216859,52.938398,On or near Petrol Station,E01013976,Nottingham 032D,Investigation complete; no suspect identified
6b6f4c30e2de3eea27c36a0381c20dbef7505854874b92329f46f4cee70c3c21,2013-06,Nottinghamshire Police,Nottinghamshire Police,-1.231349,53.075346,On or near NEWSTEAD ROAD,E01027995,Ashfield 010A,Investigation complete; no suspect identified
d73361d8f5a04c7a41ad3065c24c8d16bffa2e994c4e0aa93549163acbe69f67,2013-06,Nottinghamshire Police,Nottinghamshire Police,-1.151704,52.962573,On or near CHATHAM STREET,E01013961,Nottingham 023D,Suspect charged
d73361d8f5a04c7a41ad3065c24c8d16bffa2e994c4e0aa93549163acbe69f67,2013-06,Nottinghamshire Police,Nottinghamshire Police,-1.151704,52.962573,On or near CHATHAM STREET,E01013961,Nottingham 023D,Suspect charged
9a1fd369e3a37e3f96868a2a45c84570ac6ea956d7f0f6b2c7eea203bda37b3a,2013-06,Nottinghamshire Police,Nottinghamshire Police,-1.181027,52.902216,On or near BOURNMOOR AVENUE,E01013907,Nottingham 035F,Investigation complete; no suspect identified
2396ea8d8627602b5872ea1dec9dd45eba1b3e4a35dfe0bc50ddbc53ca67d0cb,2013-06,Nottinghamshire Police,Nottinghamshire Police,-1.149341,52.963904,On or near ST ANN'S HILL ROAD,E01013961,Nottingham 023D,Investigation complete; no suspect identified
7f3bc57eb31f4183dc2f8ad9de1a1175e270f51e6b379e585ab163c39cd1bfb1,2013-06,Nottinghamshire Police,Nottinghamshire Police,-1.127376,52.972240,On or near STONEPIT CLOSE,E01013940,Nottingham 016C,Investigation complete; no suspect identified
def37735951f21feab3ab5709f8dd5066d5bf088a23164597f02fa89655ef95c,2013-06,Nottinghamshire Police,Nottinghamshire Police,-1.131539,52.966652,On or near CHANDOS STREET,E01013959,Nottingham 021B,Investigation complete; no suspect identified
65122d25def7ff3a7f4e7ca7cf68928ff9113564e68c53a8e03494d05db2b6af,2013-06,Nottinghamshire Police,Nottinghamshire Police,-1.194506,52.901724,On or near KREBS CLOSE,E01013909,Nottingham 036C,Investigation complete; no suspect identified
31f3ef248270ed096fbef173d0488c16e7d2c588b548f25e290b5d0787801f84,2013-06,Nottinghamshire Police,Nottinghamshire Police,-1.158466,52.933270,On or near ST WILFRIDS CHURCH DRIVE,E01013901,Nottingham 034C,Investigation complete; no suspect identified
e0b8d8c8343d064d81db8632d62fb0742e004863a1f51be31d43d823ae94e1a0,2013-06,Nottinghamshire Police,Nottinghamshire Police,-1.191270,52.902232,On or near FLEMING GARDENS,E01013905,Nottingham 036A,Suspect charged
0afe0460cd65816b54a768712963745cc65d2be9c85609a34a16023c5cfffdb9,2013-06,Nottinghamshire Police,Nottinghamshire Police,-1.185693,52.895200,On or near PASTURES AVENUE,E01013904,Nottingham 037A,Investigation complete; no suspect identified
b5a32686f5350a4076af63812ae6db4deea94f1e9ddba80786092e1b9ed55429,2013-06,Nottinghamshire Police,Nottinghamshire Police,-1.213995,52.974076,On or near EXBOURNE ROAD,E01013821,Nottingham 013C,Investigation complete; no suspect identified
e70ec1fda98cd6b03d9809ed0216b915e2ec3044f8ec121df2a0e324e6360f59,2013-06,Nottinghamshire Police,Nottinghamshire Police,-1.156222,53.002770,On or near Supermarket,E01013850,Nottingham 038B,Investigation complete; no suspect identified
ddef6bd5577e7ac4ea7b803d05d4f705a99f05b169a1f3a25cc62b129d1ddb0e,2013-06,Nottinghamshire Police,Nottinghamshire Police,-1.209424,52.980590,On or near DEEPDENE CLOSE,E01013817,Nottingham 011A,Investigation complete; no suspect identified
4e2d956153a47c74249b26522152bcb4c83959ddebc8c823aaea1b5235272ed4,2013-06,Nottinghamshire Police,Nottinghamshire Police,-1.196538,52.982292,On or near LIME TREE AVENUE,E01013825,Nottingham 011D,Investigation complete; no suspect identified
2508692e7e3bbab276792e31739531897b8e82c27f21daed69276ad016e3f906,2013-06,Nottinghamshire Police,Nottinghamshire Police,-1.204733,52.982141,On or near MUNFORD CIRCUS,E01013825,Nottingham 011D,Investigation complete; no suspect identified
3bb9471a87d3e2307a0ade68419133b574ab1809d7a4e6140b01cbc762edf376,2013-06,Nottinghamshire Police,Nottinghamshire Police,-1.204733,52.982141,On or near MUNFORD CIRCUS,E01013825,Nottingham 011D,Investigation complete; no suspect identified
b8cbde07576853ea8582887f81630fa1089cd814f06d9c01a879acbea45a32c7,2013-06,Nottinghamshire Police,Nottinghamshire Police,-1.204733,52.982141,On or near MUNFORD CIRCUS,E01013825,Nottingham 011D,Investigation complete; no suspect identified
57042e1a30ad297f83c9258104b553e65c4e8c5e06473fc471e5f587ad69a3b4,2013-06,Nottinghamshire Police,Nottinghamshire Police,-1.206870,52.973660,On or near ALLENDALE AVENUE,E01013824,Nottingham 013E,Investigation complete; no suspect identified
024113d590be5059766ac4366265643112ff272eebce30c53b67bcf7c7535c6c,2013-06,Nottinghamshire Police,Nottinghamshire Police,-1.191006,53.012927,On or near GRINDON CRESCENT,E01013881,Nottingham 002C,Investigation complete; no suspect identified
cf13c4efc662d53584704c1c8e5aae2b506a499478556da3fccf0d17bf20937b,2013-06,Nottinghamshire Police,Nottinghamshire Police,-1.198105,52.984568,On or near Petrol Station,E01013831,Nottingham 009C,Investigation complete; no suspect identified
cc97b6ee32725338653d18b265ba58253cdb154f09dc22d8c431f9965073d559,2013-06,Nottinghamshire Police,Nottinghamshire Police,-1.179006,53.003577,On or near Petrol Station,E01013893,Nottingham 001C,Investigation complete; no suspect identified
0de307f36de05f1ba08c708f098046b63380d664b708203f41df3368552acba5,2013-06,Nottinghamshire Police,Nottinghamshire Police,-1.187327,52.957248,On or near KENNINGTON ROAD,E01013933,Nottingham 019D,Investigation complete; no suspect identified
e0bafaca1440394115deb886c758457f487b9cc884c947e30fe4ceea7168e871,2013-06,Nottinghamshire Police,Nottinghamshire Police,-1.208347,52.971872,On or near GLENCAIRN DRIVE,E01013929,Nottingham 020D,Investigation complete; no suspect identified
b88dbcde96047b7b86a003197b6b2554fc1f4d09592adfd4e74cdbd5b1945c62,2013-06,Nottinghamshire Police,Nottinghamshire Police,-1.200787,52.961897,On or near Petrol Station,E01013929,Nottingham 020D,Investigation complete; no suspect identified
7d2631b5b779440b4bbab4015af7db01a5fc6dfb11616eb3a6ca9cb0695f0e39,2013-06,Nottinghamshire Police,Nottinghamshire Police,-1.201563,52.982830,On or near ATHERTON RISE,E01013825,Nottingham 011D,Investigation complete; no suspect identified
d379b2cd64c4eb917ab59067a4fee6f4410b6e8635993a110347d6a1944123bd,2013-06,Nottinghamshire Police,Nottinghamshire Police,-1.218484,52.972892,On or near BRACKEN CLOSE,E01013867,Nottingham 014D,Investigation complete; no suspect identified
8ca627d2dc5d9a9bf561231275c4ea20a8be31f62f1bb9da3c49de10c7f36e8f,2013-06,Nottinghamshire Police,Nottinghamshire Police,-1.217492,52.975897,On or near BRADFIELD ROAD,E01013822,Nottingham 011C,Investigation complete; no suspect identified
bd3c3d32a892e0160cd4b33420c7a9dd44bc0732a31bf5cc84b7771c491f42fe,2013-06,Nottinghamshire Police,Nottinghamshire Police,-1.218682,52.964416,On or near MONKTON DRIVE,E01013861,Nottingham 020B,Investigation complete; no suspect identified
1e7fdbca39f712c720fc766f17eadcbb05bcc9dbb74396e8db06424b2001c35c,2013-06,Nottinghamshire Police,Nottinghamshire Police,-1.165086,53.009080,On or near HEATHRINGTON GARDENS,E01013851,Nottingham 038C,Investigation complete; no suspect identified
1301c94c83ba737f4d134b9249c6ec0768b5d58cbfe0b17ee0b61edf4ba7f727,2013-06,Nottinghamshire Police,Nottinghamshire Police,-1.207447,52.982788,On or near WAREHAM CLOSE,E01013826,Nottingham 011E,Investigation complete; no suspect identified
74502dc90f566db253742180e6b59f1588351ee3db8bf427407712ae8db994af,2013-06,Nottinghamshire Police,Nottinghamshire Police,-1.193729,53.009188,On or near LIDO CLOSE,E01013881,Nottingham 002C,Investigation complete; no suspect identified
393debd7c48d02d0560eb51ead4fe2b691e1ba727daca02352157ba3936ba207,2013-06,Nottinghamshire Police,Nottinghamshire Police,-1.213995,52.974076,On or near EXBOURNE ROAD,E01013821,Nottingham 013C,Investigation complete; no suspect identified
41a235f6ea85f9107e1e2484ea850b178d18040ac41d5158a35180e2255f7150,2013-06,Nottinghamshire Police,Nottinghamshire Police,-1.150053,52.948097,On or near CANAL STREET,E01033400,Nottingham 039B,Suspect charged
5345ce72c69f2d413e76b1de096fdd957ab8635209b5c2947caae1b6eade4d7f,2013-06,Nottinghamshire Police,Nottinghamshire Police,-1.254504,52.996415,On or near Petrol Station,E01028106,Broxtowe 016B,Offender given a caution
2dd9cdf8a60516b3e66320af4677bc98b8bee4d305cea82f86efcc5c1a637a56,2013-06,Nottinghamshire Police,Nottinghamshire Police,-1.155052,52.956547,On or near Parking Area,E01013816,Nottingham 022D,Investigation complete; no suspect identified
b56a95b306bd931a853fc39032d783a6c40e1ff9a2681859dca7f7db4612ed49,2013-06,Nottinghamshire Police,Nottinghamshire Police,-1.170932,52.948937,On or near MAXWELL CLOSE,E01033408,Nottingham 031H,Suspect charged
b56a95b306bd931a853fc39032d783a6c40e1ff9a2681859dca7f7db4612ed49,2013-06,Nottinghamshire Police,Nottinghamshire Police,-1.170932,52.948937,On or near MAXWELL CLOSE,E01033408,Nottingham 031H,Suspect charged
7d4c03bda365fc848dad2f487070616f5b314e536990feaa47277f52d26db28e,2013-06,Nottinghamshire Police,Nottinghamshire Police,-1.170932,52.948937,On or near MAXWELL CLOSE,E01033408,Nottingham 031H,Suspect charged
45f1d23e05bde015297c4039570d789c70e542643f16ea8e60e0cf91724822fb,2013-06,Nottinghamshire Police,Nottinghamshire Police,-1.177218,52.957277,On or near Sports/Recreation Area,E01013947,Nottingham 026D,Offender given penalty notice
48c4f45d9e3202682f7738c85e773125e39475d4cf7875f16e823f477822d556,2013-06,Nottinghamshire Police,Nottinghamshire Police,-1.165527,52.968433,On or near LAURIE AVENUE,E01013846,Nottingham 018E,Investigation complete; no suspect identified
e9c472c7bbf0c613d50a06a0e5da000893e8dc30dce93f17517302f29ff2557f,2013-06,Nottinghamshire Police,Nottinghamshire Police,-1.142400,52.951997,On or near PLUMPTRE PLACE,E01033403,Nottingham 039D,Investigation complete; no suspect identified
91d0329670b38ced27dd6146e4575a46153af5ff5d13b593f4d319e5815636c7,2013-06,Nottinghamshire Police,Nottinghamshire Police,-1.164373,52.947920,On or near ROCK DRIVE,E01032522,Nottingham 028F,Investigation complete; no suspect identified
cd2372a2d119b98e4fa623f89200722b935690c1c51db05f031fb6f150d3a85d,2013-06,Nottinghamshire Police,Nottinghamshire Police,-1.169976,52.956121,On or near BLOOMSGROVE STREET,E01033404,Nottingham 028G,Investigation complete; no suspect identified
f3d56098b37c0027f5550fb20c22f31eaaf55c6f539dc8267ea712189adfb966,2013-06,Nottinghamshire Police,Nottinghamshire Police,-1.145334,52.951146,On or near WEEKDAY CROSS,E01033403,Nottingham 039D,Investigation complete; no suspect identified
7f48bbfbb09ec5f074acc45c603d6c084a08c8f35460f38b4e96af99e8181060,2013-06,Nottinghamshire Police,Nottinghamshire Police,-1.175284,52.962694,On or near WALLAN STREET,E01013945,Nottingham 026B,Investigation complete; no suspect identified
ff1e9c51a82c2a564787644bca5b4bec69a71eaa8ad9864373da235ebf448e29,2013-06,Nottinghamshire Police,Nottinghamshire Police,-1.150199,52.955820,On or near Theatre/Concert Hall,E01033409,Nottingham 023H,Investigation complete; no suspect identified
2c55af7a545df8f0c729b0aafc5ae64439135f3ff849ee940e43bc439af2ea4a,2013-06,Nottinghamshire Police,Nottinghamshire Police,-1.150199,52.955820,On or near Theatre/Concert Hall,E01033409,Nottingham 023H,Investigation complete; no suspect identified
4c4ffe499baef8d76f3e09a6f7a809535bcb4823314f94bace934de53373c050,2013-06,Nottinghamshire Police,Nottinghamshire Police,-1.145710,52.955473,On or near CLARE STREET,E01033409,Nottingham 023H,Investigation complete; no suspect identified
eaa3f25fd03c346b5bba8a3455e0d3f288f1a9668132df9da6bff130c39fd6e6,2013-06,Nottinghamshire Police,Nottinghamshire Police,-1.146168,52.954910,On or near Shopping Area,E01033406,Nottingham 039E,Investigation complete; no suspect identified
87c3588cf320811cba694941ec1a915ff9ae48fed9d8aec568cd82b55f3582b3,2013-06,Nottinghamshire Police,Nottinghamshire Police,-1.167496,52.969777,On or near EWART ROAD,E01013842,Nottingham 018D,Investigation complete; no suspect identified
3ba34f21a8b288b6e423bb63efebf291ed487e7126cb14a30c05c50624a2b7d1,2013-06,Nottinghamshire Police,Nottinghamshire Police,-1.152397,52.953777,On or near LONG ROW WEST,E01033400,Nottingham 039B,Investigation complete; no suspect identified
4fe7247f77957692e8df857199a53690d5cad5e794efd8a1e8f23fa8d7de57ae,2013-06,Nottinghamshire Police,Nottinghamshire Police,-1.169147,52.965195,On or near Parking Area,E01013811,Nottingham 018B,Investigation complete; no suspect identified
68c31cb62d1733a3393601c75208366222009e3ac7078bebce4c63a081407176,2013-06,Nottinghamshire Police,Nottinghamshire Police,-1.149504,52.957865,On or near PEACHEY STREET,E01033399,Nottingham 023E,Investigation complete; no suspect identified
df58a5c8db1586de491600a38c9f497b4681571b0a8301e7cbb6247b9780a607,2013-06,Nottinghamshire Police,Nottinghamshire Police,-1.139292,52.952631,On or near Sports/Recreation Area,E01033407,Nottingham 039F,Investigation complete; no suspect identified
be010499247aa7c65d95422c1658978a1139652379a8e14209945a7a41173706,2013-06,Nottinghamshire Police,Nottinghamshire Police,-1.152397,52.953777,On or near LONG ROW WEST,E01033400,Nottingham 039B,Investigation complete; no suspect identified
d84e5ef43502791fc2a7e1ef61054390730d3c136a59c087852eccf1d889a871,2013-06,Nottinghamshire Police,Nottinghamshire Police,-1.155315,52.959866,On or near PEEL STREET,E01013816,Nottingham 022D,Investigation complete; no suspect identified
bd8022e987c3767d801210c133cf8d59ef970048ac133d457f3e1963868187f8,2013-06,Nottinghamshire Police,Nottinghamshire Police,-1.143330,52.955393,On or near Nightclub,E01033405,Nottingham 023G,Investigation complete; no suspect identified
efb3c87cdeaa497441b45c7012e26d2d707db4ed057d02f8a20b2e3c99246da1,2013-06,Nottinghamshire Police,Nottinghamshire Police,-1.171873,52.954229,On or near ROTHESAY AVENUE,E01033404,Nottingham 028G,Investigation complete; no suspect identified
33076e5f774785a55e1d53bb24d734721e678f5a1b0154ae3fb4a805476601d5,2013-06,Nottinghamshire Police,Nottinghamshire Police,-1.177468,52.963752,On or near RADFORD BOULEVARD,E01013944,Nottingham 026A,Investigation complete; no suspect identified
e24a44be805fdd95d5e99f4b7631633511daf4c35f0da21a86c32f3be34f3b27,2013-06,Nottinghamshire Police,Nottinghamshire Police,-1.152799,52.953016,On or near Nightclub,E01033400,Nottingham 039B,Investigation complete; no suspect identified
617864bf785e4e95450aa9cb2255f70de35a9ad01610a2b3ae4b0a409acc2d47,2013-06,Nottinghamshire Police,Nottinghamshire Police,-1.146647,52.979707,On or near SPONDON STREET,E01013971,Nottingham 010E,Local resolution
b1aa1e804de978cf0197f8b3058d444f04d4431c9c0a62e4bb6164e3d7b4f977,2013-06,Nottinghamshire Police,Nottinghamshire Police,-1.142980,52.953539,On or near Nightclub,E01033406,Nottingham 039E,Investigation complete; no suspect identified
879339ffe68ab04cfaf4c42feb28b730842e160c702931568738aad0b0ec46a1,2013-06,Nottinghamshire Police,Nottinghamshire Police,-1.166505,52.960133,On or near FOREST ROAD WEST,E01013814,Nottingham 022B,Investigation complete; no suspect identified
3bd30f08b3f49bbf1dfdac9144c1367d09e4dc7d2a9174a09bc56be540ee5a94,2013-06,Nottinghamshire Police,Nottinghamshire Police,-1.143213,52.993723,On or near ENNERDALE ROAD,E01013963,Nottingham 007A,Investigation complete; no suspect identified
c258b2694ebb9dcbbfbc72b90f522f04ca0f49b0b377dc0884b39388b8380003,2013-06,Nottinghamshire Police,Nottinghamshire Police,-1.169676,52.966367,On or near TERRACE STREET,E01013846,Nottingham 018E,Investigation complete; no suspect identified
d359478889ef4cac9eacdeb92dae815bdc3ee6bd4a27524dde312fe0a636793a,2013-06,Nottinghamshire Police,Nottinghamshire Police,-1.124235,53.121612,On or near Sports/Recreation Area,E01028254,Mansfield 012A,Investigation complete; no suspect identified
d81bbf5c59051f9eb2ac53f99db4c9255863391afef29cb2922350ca38be115a,2013-06,Nottinghamshire Police,Nottinghamshire Police,-0.991518,53.210059,On or near SWINTON COPSE,E01028301,Newark and Sherwood 001A,Local resolution
f8fe009dec558f6891d591d6d5685591b5835bcee86b9c2daf61d682a4413191,2013-06,Nottinghamshire Police,Nottinghamshire Police,-1.073555,53.192189,On or near FIFTH AVENUE,E01028323,Newark and Sherwood 002E,Investigation complete; no suspect identified
f0ad8d8044e9669018f61b5a3305d4a8081980bf32dd25a6a9a33449c1250295,2013-06,Nottinghamshire Police,Nottinghamshire Police,-1.123098,53.159853,On or near VICARS COURT,E01028314,Newark and Sherwood 002B,Local resolution
13b226a7f54912311a122f7791ded34aa6193a0f312deb629231e9e839093528,2013-06,Nottinghamshire Police,Nottinghamshire Police,-0.780466,53.057287,On or near TENNYSON ROAD,E01028287,Newark and Sherwood 011C,Investigation complete; no suspect identified
341d5d53f10752378da9440bebbac6adbf3ddd603ece57f35cb53d9570235ff4,2013-06,Nottinghamshire Police,Nottinghamshire Police,-0.811738,53.076338,On or near STODMAN STREET,E01028310,Newark and Sherwood 007F,Investigation complete; no suspect identified
b28a90205131ad45a7e3cdcece4ef918bc97b6ec5f9c1959f7d8a5891d6f8bdc,2013-06,Nottinghamshire Police,Nottinghamshire Police,-0.815244,53.058484,On or near GRANGE ROAD,E01028319,Newark and Sherwood 010D,Investigation complete; no suspect identified
b1cc5e8fa8b444e4ae52ed6f7a52450d4d4e6aaf8fa314caebf9d9960cb6f55e,2013-06,Nottinghamshire Police,Nottinghamshire Police,-0.810895,53.072824,On or near CASTLE BREWERY COURT,E01028335,Newark and Sherwood 009E,Investigation complete; no suspect identified
a1de3b6f0dbfd458500237c52f88ddd259094a1a3add61ae646f69879acfc86c,2013-06,Nottinghamshire Police,Nottinghamshire Police,-0.816304,53.072059,On or near VICTORIA STREET,E01028308,Newark and Sherwood 010A,Investigation complete; no suspect identified
7a2bb2a26b89554fb0774274d99ff1237aa65b4efca0f75c4d29dda628071d98,2013-06,Nottinghamshire Police,Nottinghamshire Police,-0.764813,53.174080,On or near PINGS CLOSE,E01028317,Newark and Sherwood 004C,Investigation complete; no suspect identified
ceb862742990d8d4644ad58c59bd9a5729b91c3f605133ac1962ea52b539b1ce,2013-06,Nottinghamshire Police,Nottinghamshire Police,-0.793292,53.084180,On or near CLARKS LANE,E01028304,Newark and Sherwood 007B,Investigation complete; no suspect identified
dcd41e36edfc71c3032c17d289fef42c36b9d910461d811ee01c7099b9b64a21,2013-06,Nottinghamshire Police,Nottinghamshire Police,-0.683802,53.226161,On or near CROSS LANE,E01028317,Newark and Sherwood 004C,Investigation complete; no suspect identified
2302a96ab41cadeecc714ed8a9c3f3f2fc147f14a49b56dda8bd8ebba4f85e4b,2013-06,Nottinghamshire Police,Nottinghamshire Police,-0.808113,53.057873,On or near ASH ROAD,E01028320,Newark and Sherwood 010E,Investigation complete; no suspect identified
bb61fcb60d935c7aaeb6148bcafef874dd80f1ee1bdb0a57b66d7237178ff1be,2013-06,Nottinghamshire Police,Nottinghamshire Police,-0.787583,53.081209,On or near JESSOP WAY,E01028304,Newark and Sherwood 007B,Investigation complete; no suspect identified
6b3c27cd8e49282387350d1c8525e57c01bf21396af0ffeeb69618f0721af155,2013-06,Nottinghamshire Police,Nottinghamshire Police,-0.787792,53.053038,On or near Hospital,E01028290,Newark and Sherwood 011F,Investigation complete; no suspect identified
d3913d76585f8e08541230d30eabc494cf0b37986a91b40d76332c5c8367f8fa,2013-06,Nottinghamshire Police,Nottinghamshire Police,-0.805646,53.082875,On or near Shopping Area,E01028310,Newark and Sherwood 007F,Investigation complete; no suspect identified
91abc68e3933987b47fdec88643eb03ba57af43fddf4e5a1d4e2208539bfab7b,2013-06,Nottinghamshire Police,Nottinghamshire Police,-0.848484,53.060896,On or near Police Station,E01028326,Newark and Sherwood 012C,Investigation complete; no suspect identified
2f0df24cafb830c415b171f2f9660b9290da0807b1081d44057b23e2e8c8c597,2013-06,Nottinghamshire Police,Nottinghamshire Police,-0.808784,53.078439,On or near Supermarket,E01028310,Newark and Sherwood 007F,Investigation complete; no suspect identified
159554f32bd538695a0ea35acb4db376022a3d62ce220d8557aaea77e7e191ef,2013-06,Nottinghamshire Police,Nottinghamshire Police,-0.810705,53.074278,On or near Parking Area,E01028311,Newark and Sherwood 007G,Investigation complete; no suspect identified
17bff96e683fdb1c18d1fe892ff5cae71d37cd18367a2cd7fc7cf75305482d6b,2013-06,Nottinghamshire Police,Nottinghamshire Police,-0.789564,53.062217,On or near SAPLING CLOSE,E01028285,Newark and Sherwood 011A,Investigation complete; no suspect identified
d5e3fea6b14549eef0b2a0e4cfaf9c417a6a769d36758eddd1f4e16469b6a419,2013-06,Nottinghamshire Police,Nottinghamshire Police,-0.793585,53.087608,On or near EMMENDINGEN AVENUE,E01028304,Newark and Sherwood 007B,Investigation complete; no suspect identified
17e8add941d0bfb8ba4f7275cfca04bc75c07cfd1fbd75942bc1849739184dad,2013-06,Nottinghamshire Police,Nottinghamshire Police,-0.851385,53.254574,On or near Parking Area,E01028006,Bassetlaw 015A,Investigation complete; no suspect identified
aef5c6a31ebc3824bff2512ae7e05cb5d2891a3eadb93834e6adcc0880d3e5dd,2013-06,Nottinghamshire Police,Nottinghamshire Police,-1.198222,53.157487,On or near WATERLOO ROAD,E01028283,Mansfield 004E,Investigation complete; no suspect identified
5bed31efb5b77fe45aba141877ee544986e32f68d1ae1e0003a55f30209521d9,2013-06,Nottinghamshire Police,Nottinghamshire Police,-1.174362,53.155491,On or near KINGSTHORPE CLOSE,E01028241,Mansfield 007E,Investigation complete; no suspect identified
47970a7ebdb3e9ebd43afd63d827ff70913eaab1ae4cafae2486de3a68e8a092,2013-06,Nottinghamshire Police,Nottinghamshire Police,-1.159049,53.151635,On or near FIFTH AVENUE,E01028239,Mansfield 007C,Investigation complete; no suspect identified
da0494c6cde0aeab0fba09564197b55b8740d4b0efbebbe7f8e0de83139db4ab,2013-06,Nottinghamshire Police,Nottinghamshire Police,-1.208279,53.144943,On or near STANTON PLACE,E01028248,Mansfield 010F,Investigation complete; no suspect identified
32c851ec9f1c5226a98bfff119eab55bf82e178c7635ec49716616e19b33f5a5,2013-06,Nottinghamshire Police,Nottinghamshire Police,-1.199732,53.169606,On or near OAK TREE CRESCENT,E01028280,Mansfield 004C,Investigation complete; no suspect identified
d7e3d8c12a828173b99d7732a6d013ace7cb851dc41b18c74ce05bbb01b4631b,2013-06,Nottinghamshire Police,Nottinghamshire Police,-1.197454,53.161797,On or near NEWCASTLE STREET,E01028271,Mansfield 004A,Investigation complete; no suspect identified
a4787a18ec31ee252cf0cefbb6f13000ce8a3289ab09204faf49cd7971a29000,2013-06,Nottinghamshire Police,Nottinghamshire Police,-1.214435,53.140192,On or near CAUNTON CLOSE,E01028249,Mansfield 010G,Investigation complete; no suspect identified
666ba9b09844a7dc7f0a783469d443c1d65195efdba8f44c3a3f7ea1acde685c,2013-06,Nottinghamshire Police,Nottinghamshire Police,-1.195967,53.143701,On or near Parking Area,E01028268,Mansfield 008D,Investigation complete; no suspect identified
9fa5d572b2da41e72da3e5b1ecee0760f7da2c0a6c57ef14f787e4d53f94cd95,2013-06,Nottinghamshire Police,Nottinghamshire Police,-1.196452,53.132935,On or near ANVIL COURT,E01028220,Mansfield 013B,Investigation complete; no suspect identified
b253f2a270a17017751a7772cd32e55e5b23053934ad10e951c78be8dcd7a0cd,2013-06,Nottinghamshire Police,Nottinghamshire Police,-1.220783,53.027239,On or near GODBER ROAD,E01027939,Ashfield 016C,Investigation complete; no suspect identified
fca41c6d3f819662756e22bbf0e704da2c0c64d9800ba06f4be3f62ffdd164df,2013-06,Nottinghamshire Police,Nottinghamshire Police,-1.219407,53.026637,On or near Supermarket,E01027942,Ashfield 016E,Investigation complete; no suspect identified
934b2d67bdcff239a88a6a31cf799631f4ed0c4571d21e87471f7aec50af3733,2013-06,Nottinghamshire Police,Nottinghamshire Police,-1.261992,53.101618,On or near COOKSON STREET,E01027955,Ashfield 008B,Investigation complete; no suspect identified
bbe518324cd08c1f089f2d9203cbced39cf9673d234a55f0b6e2038e3c07861d,2013-06,Nottinghamshire Police,Nottinghamshire Police,-1.266370,53.128730,On or near PERCIVAL CRESCENT,E01027965,Ashfield 005B,Investigation complete; no suspect identified
d977d113fbab177c87d1e8fc6061b6508cd55d8a994c63b7181b9b2469e8cd9c,2013-06,Nottinghamshire Police,Nottinghamshire Police,-1.234516,53.099584,On or near CHARTWELL ROAD,E01027953,Ashfield 007C,Investigation complete; no suspect identified
6322e8959cfce2f660ea7f219701fa54f0bb679d35511360b7b7ade0bf6fe90d,2013-06,Nottinghamshire Police,Nottinghamshire Police,-1.239766,53.097433,On or near ROSEBERRY STREET,E01027949,Ashfield 007A,Investigation complete; no suspect identified
f572c1a16bad10906d887067b5689ff7a8ca171439beeb07f7823241feac564c,2013-06,Nottinghamshire Police,Nottinghamshire Police,-1.298578,53.129562,On or near NEWCASTLE STREET,E01027987,Ashfield 003C,Investigation complete; no suspect identified
b2f7a340bcf0d68a3f4eed9f4ad14e7bbe22d23f4114fd9f8346cfe6d950749e,2013-06,Nottinghamshire Police,Nottinghamshire Police,-1.071994,52.970239,On or near Sports/Recreation Area,E01028168,Gedling 012A,Offender given a drugs possession warning
c490bb49b9c421b7ec0fbb8e2801180a5a90a1843a517767169329c95a4a409a,2013-06,Nottinghamshire Police,Nottinghamshire Police,-1.070028,53.059687,On or near OXTON BYPASS,E01028327,Newark and Sherwood 005C,Suspect charged
3c26e109b3264efe4209f7dd2e4777138c58d0101e6bef67d6eb10a2fb493d0b,2013-06,Nottinghamshire Police,Nottinghamshire Police,-1.161534,53.123103,On or near SHELTON ROAD,E01028256,Mansfield 012B,Suspect charged
422687d8f124e5a61884df70b3c23bc50a8906f3cfe15268827a42d3949b5237,2013-06,Nottinghamshire Police,Nottinghamshire Police,-1.089590,52.967606,On or near Police Station,E01028158,Gedling 014D,Suspect charged
cef42e584d59ca8fbdaff463d30f3570870f6590ff969727af3eb0cdb5fce41b,2013-06,Nottinghamshire Police,Nottinghamshire Police,-1.170533,52.998583,On or near MORRELL BANK,E01013855,Nottingham 006C,Offender given a caution
f63855dd96aa62860b374f5d29368a6575025fb211ae19ec543a7e081e173018,2013-06,Nottinghamshire Police,Nottinghamshire Police,-1.170533,52.998583,On or near MORRELL BANK,E01013855,Nottingham 006C,Offender given a caution
6ea90496d085270ab9d98352aff67b683c33958582d6f3b243f1c31643a98c5e,2013-06,Nottinghamshire Police,Nottinghamshire Police,-1.226713,52.979912,On or near BLIDWORTH CLOSE,E01013864,Nottingham 014A,Suspect charged
41ca6a71c113ebb38ac4308279028986926ba061603360ce3ec60dfba9aee177,2013-06,Nottinghamshire Police,Nottinghamshire Police,-1.227995,52.953114,On or near DEEPDALE ROAD,E01013980,Nottingham 030A,Offender given a caution
3e9c1dc3c41251c755e89529facbac19a196041136eb15ba2ad192a2a2ebd359,2013-06,Nottinghamshire Police,Nottinghamshire Police,-1.124503,53.305352,On or near Supermarket,E01028062,Bassetlaw 013C,Suspect charged
a07bc624d69fde08f2eda1d084586d5c8374e287c0ed8607a13d9d08766bc2b1,2013-06,Nottinghamshire Police,Nottinghamshire Police,-1.110704,53.320908,On or near LANCASTRIAN WAY,E01028053,Bassetlaw 016C,Suspect charged
6767bb8fff9cbf2902f7884146e5f968f666693531e2c8ce6e2db472dc06467f,2013-06,Nottinghamshire Police,Nottinghamshire Police,-1.203265,53.038458,On or near Shopping Area,E01027933,Ashfield 014D,Suspect charged
d148ed520323342332fee081e091d34a1f57271658c0a255317295a1816c811a,2013-06,Nottinghamshire Police,Nottinghamshire Police,-1.254940,53.101754,On or near FORSTER STREET,E01027956,Ashfield 008C,Offender given a drugs possession warning
7e532257f71429af48746533ba5b0315f208fd29ff985cedf7a99ae34dfab6b4,2013-06,Nottinghamshire Police,Nottinghamshire Police,-1.242356,53.135366,On or near GRENDON WAY,E01027985,Ashfield 004E,Offender given a caution
b1b56cba0d051c159b51abaf2aa9393ed1f0301a363eec3ab06695190db39701,2013-06,Nottinghamshire Police,Nottinghamshire Police,-1.119417,53.012877,On or near BAKER AVENUE,E01028207,Gedling 004D,Suspect charged
878e5c4c20532e4fc5355be099085d419c61b669f321d034196fb0b08e83c698,2013-06,Nottinghamshire Police,Nottinghamshire Police,-1.207642,53.004706,On or near MILFORD CLOSE,E01013880,Nottingham 002B,Offender given a caution
8f2497979770e632d46f449320bc438ecd02009c6ef98b61ebef99782f96d5b0,2013-06,Nottinghamshire Police,Nottinghamshire Police,-1.216062,52.975914,On or near WOODFIELD ROAD,E01013822,Nottingham 011C,Offender given penalty notice
49bc2cec31aadda1bba34f827dc0d02dba1b4a24e1d121c7a47b7cffb6520356,2013-06,Nottinghamshire Police,Nottinghamshire Police,-1.146168,52.954910,On or near Shopping Area,E01033406,Nottingham 039E,Suspect charged
62ab6fd087b2feaf62fe22a67d38f9d004af102575fe355314720771dabb14f2,2013-06,Nottinghamshire Police,Nottinghamshire Police,-1.140431,52.953691,On or near HOCKLEY,E01033407,Nottingham 039F,Suspect charged
62ab6fd087b2feaf62fe22a67d38f9d004af102575fe355314720771dabb14f2,2013-06,Nottinghamshire Police,Nottinghamshire Police,-1.140431,52.953691,On or near HOCKLEY,E01033407,Nottingham 039F,Suspect charged
2847e0842a023eab55b62e287a4353b7274ce32296541fbc688a35960dfa2652,2013-06,Nottinghamshire Police,Nottinghamshire Police,-1.145710,52.955473,On or near CLARE STREET,E01033409,Nottingham 023H,Suspect charged
2847e0842a023eab55b62e287a4353b7274ce32296541fbc688a35960dfa2652,2013-06,Nottinghamshire Police,Nottinghamshire Police,-1.145710,52.955473,On or near CLARE STREET,E01033409,Nottingham 023H,Suspect charged
0caecd619fcbd65030b352367c38cc74625690afbc5df7366a659724654f3547,2013-06,Nottinghamshire Police,Nottinghamshire Police,-1.150053,52.948097,On or near CANAL STREET,E01033400,Nottingham 039B,Offender given a caution
19366485a1901a49f29068ebd47b6db6b27a5173ad00612e5423faf4fd47efc4,2013-06,Nottinghamshire Police,Nottinghamshire Police,-1.179605,52.957015,On or near RIFLE STREET,E01033396,Nottingham 026H,Suspect charged
8903631692650ce046689586dc806c42dd65557b620093de0f3236e7e37cbbb5,2013-06,Nottinghamshire Police,Nottinghamshire Police,-1.162739,52.961635,On or near GEDLING GROVE,E01013815,Nottingham 022C,Suspect charged
d33eff253c0879b1af02b27e92e07bdc0d4587dba92e89d7df9f1db6ce87aac9,2013-06,Nottinghamshire Police,Nottinghamshire Police,-1.197848,53.167130,On or near VALE ROAD,E01028281,Mansfield 004D,Local resolution
03550f5a8037f5299bc09309d367a92200890dcf721100ef85ddf517726c6a5e,2013-06,Nottinghamshire Police,Nottinghamshire Police,-1.154393,53.140527,On or near LITTLEOVER AVENUE,E01028261,Mansfield 012C,Suspect charged
dc749133d597721bc63952ac822f6edd1ddce89bcd9e1bf32f79a7de6f57bfef,2013-06,Nottinghamshire Police,Nottinghamshire Police,-1.285218,53.115055,On or near FONTON HALL DRIVE,E01027992,Ashfield 006F,Suspect charged
c13149f0cdda04144072812c08b9dcf14e7799df8f6f02e040366420da51ff68,2013-06,Nottinghamshire Police,Nottinghamshire Police,-1.157480,53.079728,On or near SANDFIELD AVENUE,E01028198,Gedling 001B,Offender given a caution
803c669fa73cee65ac9915628012f27098408a724c16a8e2f987531e70868d84,2013-06,Nottinghamshire Police,Nottinghamshire Police,-1.130979,52.958171,On or near MAGSON CLOSE,E01013954,Nottingham 021A,Suspect charged
555878dba5fd5f92649386515ec855d74dca690c6eebd77e4ebe35a2eb075ab2,2013-06,Nottinghamshire Police,Nottinghamshire Police,-1.191181,52.978031,On or near Supermarket,E01013830,Nottingham 009B,Offender given a caution
e29b47eab37e71d39564c04caf6475e47fda5f922d02e64940dae9c81615312a,2013-06,Nottinghamshire Police,Nottinghamshire Police,-1.179700,52.988209,On or near CHELTENHAM STREET,E01013836,Nottingham 008E,Offender given a caution
92e7c80ed2f202d8346f79499f1fd265aa117138ef08f884d67a9a40e3c7922f,2013-06,Nottinghamshire Police,Nottinghamshire Police,-1.210543,52.974754,On or near BANKWOOD CLOSE,E01013821,Nottingham 013C,Suspect charged
10f285856c8e69676569fc866a8660f12b7ea61f8ca6988a08e85cf7ded31b66,2013-06,Nottinghamshire Police,Nottinghamshire Police,-1.182270,52.979894,On or near WHITEMOOR ROAD,E01013832,Nottingham 009D,Suspect charged
ea1a4af99bb4906fe493d01f99359817c3fed5c0333958d6e04c75b3f5fcbdf4,2013-06,Nottinghamshire Police,Nottinghamshire Police,-1.170378,52.985709,On or near TUNSTALL DRIVE,E01013827,Nottingham 008A,Suspect charged
fd6c14334f25138f0f4306ac4915fbc6469940640a27c8aa57bc1e8930a7ed02,2013-06,Nottinghamshire Police,Nottinghamshire Police,-1.170378,52.985709,On or near TUNSTALL DRIVE,E01013827,Nottingham 008A,Suspect charged
64172b95f7cf965deb6d9942f89ba2b8744d46913cce5c7509ef4a2476962cdc,2013-06,Nottinghamshire Police,Nottinghamshire Police,-1.203476,52.956548,On or near RUNSWICK DRIVE,E01013977,Nottingham 027A,Offender given a caution
d54954ed32d1b1e15750b4126f7c1d6d99edd7d8ce5fa045b98202c14ea3e7e2,2013-06,Nottinghamshire Police,Nottinghamshire Police,-1.118921,53.319918,On or near BEECH AVENUE,E01028054,Bassetlaw 016D,Local resolution
7f81413ba2e4f7a120e4e592fd8ca17896341d068d09052f0fad2d9ede34ad5c,2013-06,Nottinghamshire Police,Nottinghamshire Police,-1.199525,53.146970,On or near WEST GATE,E01028284,Mansfield 008F,Suspect charged
664802e4052350ab53333a0b607042ee46972079dbf517351202ef3b7a399686,2013-06,Nottinghamshire Police,Nottinghamshire Police,-1.142833,52.939136,On or near LAMCOTE GROVE,E01013873,Nottingham 040D,Offender given a drugs possession warning
3c34e06a2a0ef783fcc9ab9d6b74bc0dc9b12b329fbbaee62b1bec30f209cab7,2013-06,Nottinghamshire Police,Nottinghamshire Police,-1.132608,52.963073,On or near CARDINAL CLOSE,E01013960,Nottingham 021C,Offender given a caution
b099c0148bd02b18091553644959a18885236cb3a0b46dffb2866cc7c1d74248,2013-06,Nottinghamshire Police,Nottinghamshire Police,-1.177334,52.912708,On or near WOODBRIDGE AVENUE,E01013903,Nottingham 035E,Suspect charged
ebb2e52f0589c69aa23d736e94b24f78cd9d40e3fc3fe5fd090d9842ea19b04e,2013-06,Nottinghamshire Police,Nottinghamshire Police,-1.128121,52.958896,On or near LEIGHTON STREET,E01013954,Nottingham 021A,Offender given a caution
ebaafb0a5a87c7adbfd79be33aded14fcda2dbf88308df7d7c16ba339175c082,2013-06,Nottinghamshire Police,Nottinghamshire Police,-1.130979,52.958171,On or near MAGSON CLOSE,E01013954,Nottingham 021A,Offender given a caution
82b4b87ca884592e9b14a50cb3110cd842a21593870ae7597c8704708e20e7ba,2013-06,Nottinghamshire Police,Nottinghamshire Police,-1.192551,53.006851,On or near HUCKNALL LANE,E01013882,Nottingham 002D,Offender given a caution
adebd2f29a4b1deeb2268d35302309a49eef6bbbb31b890f17fa3b9518c6bcf7,2013-06,Nottinghamshire Police,Nottinghamshire Police,-1.205223,52.976580,On or near MINVER CRESCENT,E01013821,Nottingham 013C,Suspect charged
c15679e29e46ff5c6d02b4e176a1832c9c6d4ab4d112f1f3a7badfeb572c170c,2013-06,Nottinghamshire Police,Nottinghamshire Police,-1.146942,52.957172,On or near Shopping Area,E01033409,Nottingham 023H,Local resolution
078860ea7fe8ee2c23b107c3e28fd79ff10bfc9de7ae16818849d3e3cab5ba22,2013-06,Nottinghamshire Police,Nottinghamshire Police,-1.169611,52.970502,On or near BEACONSFIELD STREET,E01013842,Nottingham 018D,Suspect charged
078860ea7fe8ee2c23b107c3e28fd79ff10bfc9de7ae16818849d3e3cab5ba22,2013-06,Nottinghamshire Police,Nottinghamshire Police,-1.169611,52.970502,On or near BEACONSFIELD STREET,E01013842,Nottingham 018D,Suspect charged
fe006a30dfdd0f0c24aa90ca4eb0387d14649c0ba422a5a3a86a8c4f6f214b66,2013-06,Nottinghamshire Police,Nottinghamshire Police,-1.146942,52.957172,On or near Shopping Area,E01033409,Nottingham 023H,Offender given a caution
5e2dc5a050672bb296201db529e8b30e0464eb35294cdc53bd131c7b2c17c10a,2013-06,Nottinghamshire Police,Nottinghamshire Police,-1.105649,53.295567,On or near SPUR CRESCENT,E01028067,Bassetlaw 013D,Offender given a caution
be317e801cd5d282703b5601c5d59aee66a2aab9a064a2999e0160b5b7501639,2013-06,Nottinghamshire Police,Nottinghamshire Police,-1.116161,53.304553,On or near PRIORSWELL ROAD,E01028068,Bassetlaw 012D,Suspect charged
74ed02389c847adf4e1932e8b4cc4bf8c1d1da713568e9fa0eb2fdf619fc4e9f,2013-06,Nottinghamshire Police,Nottinghamshire Police,-0.837672,53.290407,On or near Hospital,E01028033,Bassetlaw 015C,Suspect charged
2c985e29381895e97a190ba4765f17e295e0d479fb42170777eaee8774c29b90,2013-06,Nottinghamshire Police,Nottinghamshire Police,-1.227445,53.158292,On or near BUTLER CRESCENT,E01028267,Mansfield 006E,Suspect charged
5556f58ede7bd7f4fee38b16f96624d15959b51cf1a4ba56ec1ed1db7fbbdd87,2013-06,Nottinghamshire Police,Nottinghamshire Police,-1.129077,53.223576,On or near KIRTON CLOSE,E01028257,Mansfield 001B,Offender given a caution
0d8f6461e085c0fdf9fa646fe07231edb2802f9566de8150ec140ac40e9b4bd5,2013-06,Nottinghamshire Police,Nottinghamshire Police,-1.213724,53.041494,On or near BELVOIR STREET,E01027943,Ashfield 015D,Offender given a caution
17c19b6ed1dc7c6c73a2536a30f405746dea9e72231e351a75360857d872bde9,2013-06,Nottinghamshire Police,Nottinghamshire Police,-1.214618,53.047316,On or near QUARRY DALE,E01027935,Ashfield 013D,Offender given a caution
370d9a1ff3f0ad8a12b460cfb45f4bd4f6fe25e949ca60af0002cc86a9839fa5,2013-06,Nottinghamshire Police,Nottinghamshire Police,-1.205399,53.038428,On or near SOUTH STREET,E01027928,Ashfield 014B,Suspect charged
712e004e770420ebd8e6ded772598a8c05afc376e147b42f81391fb0840a5686,2013-06,Nottinghamshire Police,Nottinghamshire Police,-1.251792,53.128216,On or near TENTER CLOSE,E01027978,Ashfield 004D,Suspect charged
a5f1d69099c22509c3cdee6f886e1ca5faa1ef2c80c2f2236edb44b543315b6c,2013-06,Nottinghamshire Police,Nottinghamshire Police,-1.120094,52.901106,On or near MELTON ROAD,E01028421,Rushcliffe 012C,Offender given a drugs possession warning
a2e8d33974e82577d10dfcedeebcdc86365103a2d0b49c98510de0e8f57f084b,2013-06,Nottinghamshire Police,Nottinghamshire Police,-1.073303,52.964028,On or near CROSS STREET,E01028186,Gedling 015C,Offender given a caution
fb63e39a3d422e3e564e68e404df0926f8779cd75f10a21dd9068198b7cc4a83,2013-06,Nottinghamshire Police,Nottinghamshire Police,-1.140866,52.966298,On or near LOBELIA CLOSE,E01013958,Nottingham 023C,Suspect charged
fb63e39a3d422e3e564e68e404df0926f8779cd75f10a21dd9068198b7cc4a83,2013-06,Nottinghamshire Police,Nottinghamshire Police,-1.140866,52.966298,On or near LOBELIA CLOSE,E01013958,Nottingham 023C,Suspect charged
381235c24372cd41e4265542dd757f1faa27de89e648da2e31357e894ab1af8f,2013-06,Nottinghamshire Police,Nottinghamshire Police,-1.176053,52.911288,On or near BRINKHILL CRESCENT,E01013903,Nottingham 035E,Local resolution
81bafc93b8fed0531e8213317d9b0df731dc51b7577c411d108148d09f01a567,2013-06,Nottinghamshire Police,Nottinghamshire Police,-1.135369,52.965709,On or near BROAD OAK CLOSE,E01013959,Nottingham 021B,Offender given a caution
5846c1f65f1ae8507ba3f35d7c963364f6741f5a6583ddb225add9a31ec910a5,2013-06,Nottinghamshire Police,Nottinghamshire Police,-1.138631,52.965670,On or near HUNGERHILL ROAD,E01013943,Nottingham 015D,Offender given a caution
7b999f719fe184fc910605b71869d1121650aad3a5dfed9962fe47b4ddf3a7e0,2013-06,Nottinghamshire Police,Nottinghamshire Police,-1.192673,52.981907,On or near OVERDALE ROAD,E01013830,Nottingham 009B,Suspect charged
03ea11af58d7a15317be4afb6f740739adda66999a10870b506089de0dfaa80c,2013-06,Nottinghamshire Police,Nottinghamshire Police,-1.167899,53.005396,On or near Pedestrian Subway,E01013893,Nottingham 001C,Suspect charged
ce53b8cc9b8df1ebbf5cfdc7730db217024c6dbeadc7612661ca38a7f44058ab,2013-06,Nottinghamshire Police,Nottinghamshire Police,-1.165086,53.009080,On or near HEATHRINGTON GARDENS,E01013851,Nottingham 038C,Suspect charged
a203c723b86ca114c8469315d368f0083acd23ced1b11abe621060bd0243ab5c,2013-06,Nottinghamshire Police,Nottinghamshire Police,-1.192551,53.006851,On or near HUCKNALL LANE,E01013882,Nottingham 002D,Offender given penalty notice
9b94db9d73f941b686f6ade68b99dc99d652405cec619b9025bfb372d6ba3da7,2013-06,Nottinghamshire Police,Nottinghamshire Police,-1.236261,52.962103,On or near REDRUTH CLOSE,E01013860,Nottingham 025B,Suspect charged
657f42581246466cd738710b7293de3c291bdd208bad1974c69c9ebea77457d1,2013-06,Nottinghamshire Police,Nottinghamshire Police,-1.208347,52.971872,On or near GLENCAIRN DRIVE,E01013929,Nottingham 020D,Suspect charged
75a78fc5207f73aeef63d043b994148567ac8c70fb9e693f3d02715051d47170,2013-06,Nottinghamshire Police,Nottinghamshire Police,-1.159491,52.980994,On or near KELHAM DRIVE,E01013837,Nottingham 012A,Offender given a caution
92cb8805f05e988a3ac097cbabd5abf3ba4d98afaa4c3dedb2f1acf59477cd8f,2013-06,Nottinghamshire Police,Nottinghamshire Police,-1.160603,52.990467,On or near Pedestrian Subway,E01013967,Nottingham 007E,Suspect charged
f171549f8584506223cf638025cb89bd9e62131648a39edf4e0bfef74cf4f293,2013-06,Nottinghamshire Police,Nottinghamshire Police,-1.172023,52.958824,On or near LEROY WALLACE AVENUE,E01013945,Nottingham 026B,Suspect charged
81f8a373d1421c3536d1840177d6e50f21e0075cddeb16d55d9cd2c24290a082,2013-06,Nottinghamshire Police,Nottinghamshire Police,-1.123312,53.330557,On or near BROOMHILL AVENUE,E01028048,Bassetlaw 006C,Offender given a caution
187601231e502014affed510d9cf6ba893ece414dd74716a8ea80fe375e5a246,2013-06,Nottinghamshire Police,Nottinghamshire Police,-1.020291,53.410360,On or near MANOR ROAD,E01028000,Bassetlaw 001A,Suspect charged
7c298eaa8d0c983987f24051ab9bafeb65594692670c957d2836d3bc3a31c518,2013-06,Nottinghamshire Police,Nottinghamshire Police,-1.100047,53.307956,On or near ROSSETTI GARDENS,E01028043,Bassetlaw 014C,Offender given a caution
9b5cf538f518623e430d5847a75b9aaa51d5f797909cb6e6af334d8acbc42f07,2013-06,Nottinghamshire Police,Nottinghamshire Police,-1.128485,53.379513,On or near SCHOOL ROAD,E01028030,Bassetlaw 004F,Local resolution
06ac668f3b005044089e9550d8334412be02ed5ed2174ba29772c6472e7c8791,2013-06,Nottinghamshire Police,Nottinghamshire Police,-1.121127,53.303880,On or near Supermarket,E01028068,Bassetlaw 012D,Suspect charged
e8842f4fac148ccecaddd5d899f9faf77432fa2e0d38e5ef8da97f7f00274cf0,2013-06,Nottinghamshire Police,Nottinghamshire Police,-0.941465,53.078524,On or near UPTON ROAD,E01028345,Newark and Sherwood 008A,Suspect charged
ebd3dc218a41f07674c11f9a44c33d6b17823b19193134e6e52ccf3f5a8b6092,2013-06,Nottinghamshire Police,Nottinghamshire Police,-0.997645,53.211873,On or near BRACKEN AVENUE,E01028301,Newark and Sherwood 001A,Local resolution
04a49f1694de1d0b1d9bf4c56f388332c55cb630dbf928613e6f54965f890d75,2013-06,Nottinghamshire Police,Nottinghamshire Police,-0.807156,53.066592,On or near Sports/Recreation Area,E01028334,Newark and Sherwood 009D,Local resolution
fb5509b704cdfa81f2d519e80f161434d3db14b327f7d518d94f3d683eb2e51f,2013-06,Nottinghamshire Police,Nottinghamshire Police,-0.811092,53.080817,On or near MATHER ROAD,E01028311,Newark and Sherwood 007G,Offender given a caution
f6ed7f74bab72d7d4be0de966bf42c656728473c6e9ca5c5c57323fb0ed42c2c,2013-06,Nottinghamshire Police,Nottinghamshire Police,-0.798204,53.074557,On or near MASSEY STREET,E01028294,Newark and Sherwood 007A,Offender given a caution
ee3e769b6ec8344e69b6670dce370719615726ddddcbf08d7a62d16f8695c608,2013-06,Nottinghamshire Police,Nottinghamshire Police,-0.950245,53.311326,On or near Sports/Recreation Area,E01028017,Bassetlaw 010A,Local resolution
0ebc0e9b859da75a090137bfb26c77fc951ec0f0e1256886a417836db80a6884,2013-06,Nottinghamshire Police,Nottinghamshire Police,-1.223383,53.146391,On or near BAILEY CRESCENT,E01028232,Mansfield 006B,Offender given a caution
d35afdaa40cf1bc3d9c63593b39845e9ab3fc3238f3134687e597c68ed0e2627,2013-06,Nottinghamshire Police,Nottinghamshire Police,-1.224144,53.026883,On or near LITTLE WOOD COURT,E01027942,Ashfield 016E,Offender given a caution
46c93a0e345dfe524d3a01d882b0b6d22f0294de310bbbac4f9bfe70f3b06434,2013-06,Nottinghamshire Police,Nottinghamshire Police,-1.188545,53.045604,On or near PEREGRINE ROAD,E01027931,Ashfield 013B,Offender given a caution
d4abd548b29ff926ade6132d1edd1daf50d22a2e33f7a1f203a1013246047939,2013-06,Nottinghamshire Police,Nottinghamshire Police,-1.302709,53.130116,On or near SAMPSONS YARD,E01027986,Ashfield 003B,Offender given a caution
c1d346ad5a0468e51deb5519ef24443c1d01eb14c0a8e5f174db4d4b0645f574,2013-06,Nottinghamshire Police,Nottinghamshire Police,-1.268696,53.145769,On or near ELDER STREET,E01027980,Ashfield 001B,Offender given a caution
994c32537634d6d860ac3a22823a820952a80bd28f39190903e385214f99c1a9,2013-06,Nottinghamshire Police,Nottinghamshire Police,-1.148713,52.888163,On or near LEYS ROAD,E01028405,Rushcliffe 011B,Suspect charged
3594cc2bec81bb1e51ee4c5caf54024d040aaae27ffcd146a81e63359881fac5,2013-06,Nottinghamshire Police,Nottinghamshire Police,-1.130402,52.934219,On or near MILLICENT GROVE,E01028417,Rushcliffe 005E,Offender given a caution
fb2007506d7b418d0b8219c9c3f505c459bf8f711eafdfabf609b3171e039c35,2013-06,Nottinghamshire Police,Nottinghamshire Police,-1.124412,52.939101,On or near WOODLAND ROAD,E01028386,Rushcliffe 004E,Offender given a caution
a6d2d18fb940e48638804a0062fe0970e65b98c038289a25866ea7241adeadbc,2013-06,Nottinghamshire Police,Nottinghamshire Police,-1.128334,52.937943,On or near RICHMOND ROAD,E01028384,Rushcliffe 004C,Offender given a caution
66a4fa005bc9fe9b4798ee6c62f548f13c2b1ab138b75fd64f9319b6f826cc8b,2013-06,Nottinghamshire Police,Nottinghamshire Police,-0.966609,52.952244,On or near RUFFORD GROVE,E01028361,Rushcliffe 002E,Offender given a caution
98ac5d8c9024eadfb7f217523cfdbcff39bc66619bfb56c8faf4cf3a72dfcea6,2013-06,Nottinghamshire Police,Nottinghamshire Police,-1.096417,52.897926,On or near Petrol Station,E01028412,Rushcliffe 012B,Suspect charged
7cf44932257acee0a17cd6c253c64c77031476794c071092d91fe6a5df58770d,2013-06,Nottinghamshire Police,Nottinghamshire Police,-1.317452,53.018295,On or near DERBY ROAD,E01028111,Broxtowe 002B,Local resolution
33ade0b897665ee313983b475cf585a1af7b1a0cf2a93eee2893e41ded7e72bc,2013-06,Nottinghamshire Police,Nottinghamshire Police,-1.312689,53.015921,On or near LARCH CRESCENT,E01028111,Broxtowe 002B,Offender given a drugs possession warning
1d839e63fc00cec3146b8df9e970b83db97f66a64ff602e3ae665c2cfe8960f4,2013-06,Nottinghamshire Police,Nottinghamshire Police,-1.125019,52.950342,On or near ST CHRISTOPHER STREET,E01013919,Nottingham 029B,Offender given a drugs possession warning
312854dfc10f86ce459c853b7121c87b4bfbc851beb26f8d2b5d7f4248e5ad88,2013-06,Nottinghamshire Police,Nottinghamshire Police,-1.149504,52.957865,On or near PEACHEY STREET,E01033399,Nottingham 023E,Local resolution
9337eb6d05522bee25adc9c911d2201f0c0850ee95786be4827c82e7c3641798,2013-06,Nottinghamshire Police,Nottinghamshire Police,-1.107163,53.299200,On or near SHREWSBURY ROAD,E01028066,Bassetlaw 012C,Offender given a caution
dc71e110f0edd4be1c769bc0553ebbd943067037748cae3b7cfd63a9282692c0,2013-06,Nottinghamshire Police,Nottinghamshire Police,-1.031289,53.099066,On or near COTTON MILL LANE,E01028328,Newark and Sherwood 005D,Suspect charged
eff88f6713c6461b12605f4588e9517a9b1f0bb3f1d721d64ec123c7348209d7,2013-06,Nottinghamshire Police,Nottinghamshire Police,-1.312746,53.133330,On or near WOODLAND AVENUE,E01027986,Ashfield 003B,Unable to prosecute suspect
4ff86746c65bb4fc65f3e136611d779198ba8316769253cd50a116f547178038,2013-06,Nottinghamshire Police,Nottinghamshire Police,-1.168704,52.972797,On or near DUKE STREET,E01013842,Nottingham 018D,Offender given a caution
173128da3d158716291f8b20e6d0f53f9782c12f0792b229ae14c01ae57b4539,2013-06,Nottinghamshire Police,Nottinghamshire Police,-1.132822,52.963533,On or near WESTGATE STREET,E01013960,Nottingham 021C,Offender given a drugs possession warning
83e12dbc5ec77ae1258a3c8d3fa0ab5b1e2e73496bc3077ee22063125b5fd71e,2013-06,Nottinghamshire Police,Nottinghamshire Police,-0.796642,53.073274,On or near OLIVER COURT,E01028293,Newark and Sherwood 009B,Offender given a caution
c9de56f0c4a05f6c060204f43984d80da1e9ed0d301ff7040206b20150ced077,2013-06,Nottinghamshire Police,Nottinghamshire Police,-1.197417,53.143719,On or near MARKET HOUSE PLACE,E01028268,Mansfield 008D,Offender given a caution
b24a8e45b6d8beb0d04555f9362556740100ed2879214a029ab2bf69aa26ca96,2013-06,Nottinghamshire Police,Nottinghamshire Police,-1.267153,53.122235,On or near LUTHER AVENUE,E01027976,Ashfield 005E,Suspect charged
d162fab855bb46378001442d0e93bb6e72b9b936f8d9f4986185b7c749eeda80,2013-06,Nottinghamshire Police,Nottinghamshire Police,-1.092489,52.874586,On or near MANOR ROAD,E01028380,Rushcliffe 013A,Suspect charged
800f849cd6feec9185b0209988bc3c04ab4116bfa77acbb5c177585c92f82d10,2013-06,Nottinghamshire Police,Nottinghamshire Police,-1.095550,52.969575,On or near RUSHCLIFFE AVENUE,E01028210,Gedling 014G,Local resolution
4d897b25e57afd1d1213d5d1f5eadd9afff1e794cc20b397b87a97153a730ecf,2013-06,Nottinghamshire Police,Nottinghamshire Police,-1.147443,52.947602,On or near CARRINGTON STREET,E01033400,Nottingham 039B,Local resolution
14091dea9d71827d70975cd4fc3f7f5de5d7327af041cc82842be54699b3bad1,2013-06,Nottinghamshire Police,Nottinghamshire Police,-1.199015,53.144638,On or near Shopping Area,E01028284,Mansfield 008F,Offender given a drugs possession warning
078e66010ee4ce54815a5f08fc988077ff0d6b1a08b7b4a2084558d89ba7ead9,2013-06,Nottinghamshire Police,Nottinghamshire Police,-1.180828,52.956125,On or near AUCKLAND CLOSE,E01033396,Nottingham 026H,Offender given a caution
86bdac0f954d7f0e732b7acd0eb90bfd6a380cb17b54b0ec724abaa0163172a5,2013-06,Nottinghamshire Police,Nottinghamshire Police,-1.150829,52.954053,On or near Shopping Area,E01033406,Nottingham 039E,Offender given a caution
86bdac0f954d7f0e732b7acd0eb90bfd6a380cb17b54b0ec724abaa0163172a5,2013-06,Nottinghamshire Police,Nottinghamshire Police,-1.150829,52.954053,On or near Shopping Area,E01033406,Nottingham 039E,Offender given a caution
7090ee6a6232bfa174ff4c25e3183d0c6ac87625e03c0aa5d7ef74244c8cf7a4,2013-06,Nottinghamshire Police,Nottinghamshire Police,-1.112621,53.355135,On or near GRANGE CLOSE,E01028004,Bassetlaw 004D,Suspect charged
5a7acaf568e0f600065afa93c90966c81a2fe0b68417353492b058da598322cc,2013-06,Nottinghamshire Police,Nottinghamshire Police,-1.185547,53.128663,On or near DOVEDALE CLOSE,E01033391,Mansfield 013I,Offender given a drugs possession warning
ed1e75fc8abf4c85256831de63f7f35c4fb570cc72501c2aef220a4a1928ef98,2013-06,Nottinghamshire Police,Nottinghamshire Police,-1.312746,53.133330,On or near WOODLAND AVENUE,E01027986,Ashfield 003B,Unable to prosecute suspect
0fac0a6001c0f908ca5f510f01714c9c896ec6fded8d34b032fad6ea74bd990d,2013-06,Nottinghamshire Police,Nottinghamshire Police,-1.205334,52.983520,On or near BELLS LANE,E01013825,Nottingham 011D,Suspect charged
971255f59c9d45ed7142854c690354965a02e5615344d5bea2946e92a0084777,2013-06,Nottinghamshire Police,Nottinghamshire Police,-1.151158,52.953211,On or near BEAST MARKET HILL,E01033400,Nottingham 039B,Suspect charged
39e210c1cedf0ba05f70116b55d86987426e3287f462b1ccdff3bf74d8654086,2013-06,Nottinghamshire Police,Nottinghamshire Police,-1.147645,52.950201,On or near Shopping Area,E01033400,Nottingham 039B,Suspect charged
dabb9b769837d108966d166a030f967cb6a8cad84a55f448ad80a3cf99eed9ef,2013-06,Nottinghamshire Police,Nottinghamshire Police,-1.124503,53.305352,On or near Supermarket,E01028062,Bassetlaw 013C,Suspect charged
7db4c79735f4fa60d0de6c53f72b4059dd890e4747a8fe8fd099459866b64eb1,2013-06,Nottinghamshire Police,Nottinghamshire Police,-0.810737,53.057405,On or near VIXEN CLOSE,E01028320,Newark and Sherwood 010E,Offender given a caution
1eecae1e1bbb49e72714ad4fb42b35c1ecd4e203d8a890b904f507f74e5c629b,2013-06,Nottinghamshire Police,Nottinghamshire Police,-0.814801,53.086032,On or near Park/Open Space,E01028310,Newark and Sherwood 007F,Offender given a caution
584ef0112fd63f385f58160ac81706ea8a9021cc0a98ee878094f686fde1a111,2013-06,Nottinghamshire Police,Nottinghamshire Police,-1.168802,53.134417,On or near SOUTHWELL ROAD WEST,E01028219,Mansfield 013A,Suspect charged
cd963d5aec89f693de79d27e26ce3a1fd29f46e59805174b2f9102555177c5c8,2013-06,Nottinghamshire Police,Nottinghamshire Police,-1.138097,52.914606,On or near LANCELYN GARDENS,E01028391,Rushcliffe 007D,Suspect charged
047a2ba86a0a6a3a465336e66272085bc63e53e4dafde878c4e6fba483c4df46,2013-06,Nottinghamshire Police,Nottinghamshire Police,-1.278740,52.928712,On or near ALBERT AVENUE,E01028134,Broxtowe 008D,Suspect charged
047a2ba86a0a6a3a465336e66272085bc63e53e4dafde878c4e6fba483c4df46,2013-06,Nottinghamshire Police,Nottinghamshire Police,-1.278740,52.928712,On or near ALBERT AVENUE,E01028134,Broxtowe 008D,Suspect charged
112b629eb54a15aac0594eaf91a4d9e1afffa9a37a8cee4b7e4a30740ff76fed,2013-06,Nottinghamshire Police,Nottinghamshire Police,-1.185996,52.972638,On or near NUTHALL ROAD,E01013934,Nottingham 019E,Offender given a drugs possession warning
82536ad0c0a9be771d8d0dbc85adc6f16493cb8d7405219206307d6a39697e9b,2013-06,Nottinghamshire Police,Nottinghamshire Police,-1.150053,52.948097,On or near CANAL STREET,E01033400,Nottingham 039B,Offender given a caution
b1d4e47491a70a29985b80998338d7fbdb45fe9ad9ccf6fd94fd6d0fc4719101,2013-06,Nottinghamshire Police,Nottinghamshire Police,-1.309046,53.019118,On or near Petrol Station,E01028111,Broxtowe 002B,Local resolution
df780c5f6dd5d6a6f8c3024fd08f719d892193d6aea046007db30d24a557f1db,2013-06,Nottinghamshire Police,Nottinghamshire Police,-1.123669,53.305031,On or near RYTON STREET,E01028062,Bassetlaw 013C,Suspect charged
2b07dd281aabdad4effabc5adda6a18b542a67b1d86e1bb73353669d8298f897,2013-06,Nottinghamshire Police,Nottinghamshire Police,-0.932187,53.327004,On or near HIRST ROAD,E01028008,Bassetlaw 008A,Local resolution
aaab11c48d6ea516735d70b70dc799c90c2722f5a8b63d975cc95d1c886f0b11,2013-06,Nottinghamshire Police,Nottinghamshire Police,-1.208985,53.144759,On or near CASTLE STREET,E01028248,Mansfield 010F,Suspect charged
09f372a8a1215904b0d11cd9b3406dc0010de6b06ebb061e450e2abcbb010345,2013-06,Nottinghamshire Police,Nottinghamshire Police,-1.229521,53.135086,On or near Petrol Station,E01028244,Mansfield 010C,Suspect charged
b68edfceee676514e8d874a897a3fec5271384c9c70a48e4503858e848bbc522,2013-06,Nottinghamshire Police,Nottinghamshire Police,-1.195530,53.145505,On or near CLERKSON'S ALLEY,E01028284,Mansfield 008F,Offender given a caution
0ab005cbb517218cff4427c622f8906d6d650d8a8cbc067085a64c80af437133,2013-06,Nottinghamshire Police,Nottinghamshire Police,-1.150995,52.896872,On or near BRADMORE AVENUE,E01028407,Rushcliffe 011D,Suspect charged
23771e72f565dd4eef095c674eea75d53444b8159150860f22e7c83ab9418172,2013-06,Nottinghamshire Police,Nottinghamshire Police,-1.114397,52.969771,On or near STANDHILL ROAD,E01028163,Gedling 013D,Suspect charged
047a2ba86a0a6a3a465336e66272085bc63e53e4dafde878c4e6fba483c4df46,2013-06,Nottinghamshire Police,Nottinghamshire Police,-1.278740,52.928712,On or near ALBERT AVENUE,E01028134,Broxtowe 008D,Suspect charged
a9063e447f09ba266aac52f5982209fe97fa9722e6cf72b97956006ffb94c5ea,2013-06,Nottinghamshire Police,Nottinghamshire Police,-1.275648,52.928603,On or near Supermarket,E01028133,Broxtowe 010F,Offender given penalty notice
8bacfdce77e582ed8b7ec42525592e660be68235edc73e8277e2aedf31eff021,2013-06,Nottinghamshire Police,Nottinghamshire Police,-1.167315,52.970666,On or near BRADGATE ROAD,E01013845,Nottingham 017C,Local resolution
438b58d934da2f8c966caa213a42df8468a57832f54b3532d1f1f7f638560bdc,2013-06,Nottinghamshire Police,Nottinghamshire Police,-1.147443,52.947602,On or near CARRINGTON STREET,E01033400,Nottingham 039B,Local resolution
12f790ea858616f62419507663457fb7449a3bbe29f5becc1fc21c687c1a7280,2013-06,Nottinghamshire Police,Nottinghamshire Police,-1.210391,52.929132,On or near Sports/Recreation Area,E01028073,Broxtowe 011A,Offender given a caution
6d1c14e93a6561d7550ece421ac2d18076b08f80920aba4754918c06ff418f92,2013-06,Nottinghamshire Police,Nottinghamshire Police,-1.123923,53.014142,On or near THRAPSTON AVENUE,E01028205,Gedling 004B,Offender given a caution
3aabb4c63ec2f88583a0ed8ee4f68d4bcee6c326f6eb2752609022c6f341d7d4,2013-06,Nottinghamshire Police,Nottinghamshire Police,-1.081821,53.036981,On or near Supermarket,E01028151,Gedling 002B,Suspect charged
a7693d135a34cb1729da3d492b6121a92a0b450430112ca249a090125f7a0b20,2013-06,Nottinghamshire Police,Nottinghamshire Police,-1.194418,52.909652,On or near MILLDALE CLOSE,E01013912,Nottingham 036D,Local resolution
de826eff5bca5e49e1a814ecf0e18dafc5327e272e3d0b9718a8c36a32c2169c,2013-06,Nottinghamshire Police,Nottinghamshire Police,-1.174736,52.993838,On or near ANDOVER ROAD,E01033397,Nottingham 006F,Offender given a caution
1ea9fe06523fa442ca17542d1693e12cb56d53c3586705beacdb3c5c40ae7b60,2013-06,Nottinghamshire Police,Nottinghamshire Police,-1.144430,52.953199,On or near WARSER GATE,E01033406,Nottingham 039E,Suspect charged
978e11ef3a17964b8136d2e3addd07bca47b5f2a2ddd2bdce6e6c23391fc3482,2013-06,Nottinghamshire Police,Nottinghamshire Police,-0.806033,53.079131,On or near QUEEN'S ROAD,E01028310,Newark and Sherwood 007F,Suspect charged
7bcb0824ee6915fd03eab911ca893defadbfe24ec6f1008d3028ca59b9e55998,2013-06,Nottinghamshire Police,Nottinghamshire Police,-1.163573,53.148925,On or near CROWN AVENUE,E01028243,Mansfield 007F,Suspect charged
c9c145634ad8fa9110805bc657d5eb9456dc4be9c0c406417105de31df902e27,2013-06,Nottinghamshire Police,Nottinghamshire Police,-1.149761,52.956878,On or near NORTH CHURCH STREET,E01033409,Nottingham 023H,Offender given a drugs possession warning
d0cfa9bea4c539cbe1cad7a46f584118d8d52481b1e49d17cdc84b2e8c9749a1,2013-06,Nottinghamshire Police,Nottinghamshire Police,-1.071154,52.964263,On or near ROCHESTER AVENUE,E01028185,Gedling 015B,Offender given a caution
0370013ae12af71034ecc93ee3aa938220750d855dcc6cbe78e3af7c2e1fa68a,2013-06,Nottinghamshire Police,Nottinghamshire Police,-1.087967,52.971873,On or near OXFORD STREET,E01028191,Gedling 012E,Offender given penalty notice
be7f19361484a07111069e0cdd31427d62450612617333073f9604e143b15de3,2013-06,Nottinghamshire Police,Nottinghamshire Police,-1.079809,52.964735,On or near MIDLAND ROAD,E01028158,Gedling 014D,Offender given a caution
be7f19361484a07111069e0cdd31427d62450612617333073f9604e143b15de3,2013-06,Nottinghamshire Police,Nottinghamshire Police,-1.079809,52.964735,On or near MIDLAND ROAD,E01028158,Gedling 014D,Offender given a caution
be7f19361484a07111069e0cdd31427d62450612617333073f9604e143b15de3,2013-06,Nottinghamshire Police,Nottinghamshire Police,-1.079809,52.964735,On or near MIDLAND ROAD,E01028158,Gedling 014D,Offender given a caution
2c11f41a01bdac10abbcabf19fd0713288f0ae1743cf4d87d7ad94ade9e6d283,2013-06,Nottinghamshire Police,Nottinghamshire Police,-1.113736,53.002074,On or near VALETTA ROAD,E01028183,Gedling 007E,Local resolution
d51e229875432ba8b2c10ec87500cbfc479888d140fd177532815f1014b68f19,2013-06,Nottinghamshire Police,Nottinghamshire Police,-1.132822,52.963533,On or near WESTGATE STREET,E01013960,Nottingham 021C,Offender given a drugs possession warning
a1216783942497bb8973dbb03c7aabf926e5cbb336a3930e5eaf71b0b21b9de3,2013-06,Nottinghamshire Police,Nottinghamshire Police,-1.126286,52.955395,On or near ELFORD RISE,E01013957,Nottingham 029E,Suspect charged
d8cdeccfbaa1c757b9ae7165392ca19c14a2e706dc6e98a0dd609f6b2f7feb77,2013-06,Nottinghamshire Police,Nottinghamshire Police,-1.200325,52.980475,On or near PAIGNTON CLOSE,E01013820,Nottingham 013B,Offender given a caution
71de2710a224d95255f0ec79c24b791a8dda3b5a697c20e1179078dfecffdc26,2013-06,Nottinghamshire Police,Nottinghamshire Police,-1.150199,52.955820,On or near Theatre/Concert Hall,E01033409,Nottingham 023H,Suspect charged
56f368354e4a7aefe613d2bc0e89da0e1467086fceeb9c001bd26b25ebbb5fa4,2013-06,Nottinghamshire Police,Nottinghamshire Police,-0.956901,53.316571,On or near JUBILEE ROAD,E01028021,Bassetlaw 010E,Offender given a caution
e46afce3fe7266c1885c11cef9c4dbcffd28ffd6eefef2b70047c7c3e6b1eae2,2013-06,Nottinghamshire Police,Nottinghamshire Police,-1.149477,52.954655,On or near KING STREET,E01033406,Nottingham 039E,Offender given penalty notice
61720cdeffc93215fa59f7592863e005c1a6518f98cd5c30651361f7258983ef,2013-06,Nottinghamshire Police,Nottinghamshire Police,-1.171382,52.947978,On or near WILLOUGHBY STREET,E01033408,Nottingham 031H,Suspect charged
e4d29d6244b6c88071f33345a17fc83ac16e49cd8828456f2f53d496fa7dab0e,2013-06,Nottinghamshire Police,Nottinghamshire Police,-1.280390,52.924281,On or near ST JAMES'S STREET,E01028133,Broxtowe 010F,Suspect charged
f865cafb6be5b05cc0e783c132d667d4e55c6ca4eed764d17bc5cccf06e8365e,2013-06,Nottinghamshire Police,Nottinghamshire Police,-1.127599,52.955980,On or near ROTHLEY AVENUE,E01013957,Nottingham 029E,Suspect charged
fc56829ba86d938ed5dfbaba121c0cca21afe311dc9922deff23286d2da34037,2013-06,Nottinghamshire Police,Nottinghamshire Police,-1.130253,52.949859,On or near ST STEPHEN'S AVENUE,E01013920,Nottingham 029C,Offender given penalty notice
b8dc45d21b5c7cd911ff74a9013f9c4d726c0f318f294daf7bf8d1a53191b5ee,2013-06,Nottinghamshire Police,Nottinghamshire Police,-1.201739,53.006419,On or near SAXELBY GARDENS,E01013880,Nottingham 002B,Suspect charged
f623d432fe6b699e813d4d5d6d135dcf59d96c7ab2e22e54a479a9690bc53f86,2013-06,Nottinghamshire Police,Nottinghamshire Police,-1.228594,52.970432,On or near FAIRNLEY ROAD,E01013866,Nottingham 014C,Offender given a caution
66518b10e48219fe25b6eaefc682a90ca90225e9e53d8f176b86766d026fa2b6,2013-06,Nottinghamshire Police,Nottinghamshire Police,-1.200325,52.980475,On or near PAIGNTON CLOSE,E01013820,Nottingham 013B,Offender given a caution
81ad9b0875bc2099d5d478c680649376f075b6eba0c9b90dab999915b263c809,2013-06,Nottinghamshire Police,Nottinghamshire Police,-1.152701,52.964899,On or near MANSFIELD ROAD,E01013941,Nottingham 015C,Offender given a caution
3a42eb42349e206e87d57b2d0c9d0c19422a703c2e2c2a93ce4585ee5b6e6e7e,2013-06,Nottinghamshire Police,Nottinghamshire Police,-1.149761,52.956878,On or near NORTH CHURCH STREET,E01033409,Nottingham 023H,Suspect charged
7177a1a2c3738f85303a200e78f73bf201809683018397b97ad60e4f7b48b9ac,2013-06,Nottinghamshire Police,Nottinghamshire Police,-1.150108,53.143256,On or near HOLLINGTON WAY,E01028261,Mansfield 012C,Suspect charged
4348d4b57267106cd77d9435ecb508cbe5d8ca4e121d640f4ebd69210c5fcc34,2013-06,Nottinghamshire Police,Nottinghamshire Police,-1.258339,53.125588,On or near WELBECK STREET,E01027978,Ashfield 004D,Suspect charged
27c5147a40f449c89a74b910c7a90a3d0fdcbb0980c835c29bf6a86658d4c494,2013-06,Nottinghamshire Police,Nottinghamshire Police,-0.786319,53.093782,On or near A46 Lincoln Road/A1 Great North Road,E01028353,Newark and Sherwood 004D,Offender given a caution
002b80df27bc9eb8f8183353fecfc350e20df0219fd41713456b23777bd71b22,2013-06,Nottinghamshire Police,Nottinghamshire Police,-1.093084,52.968559,On or near BECK STREET,E01028210,Gedling 014G,Offender given a caution
3df198f03a97dc2a032c69bc0a1f6cde135a0d382863325979362b7df7856609,2013-06,Nottinghamshire Police,Nottinghamshire Police,-1.139557,53.050204,On or near Park/Open Space,E01028189,Gedling 001A,Local resolution
d1f7efa07cc8a53ac44b95d9710b01a0a8a0ae09ed8a4f12a3a4c60577f05787,2013-06,Nottinghamshire Police,Nottinghamshire Police,-1.200429,52.973275,On or near AMERSHAM RISE,E01013823,Nottingham 013D,Suspect charged
1e2557b540b5ef5ad4783093ed8796af450b9ad600cbffebeec1ae014ece0e7c,2013-06,Nottinghamshire Police,Nottinghamshire Police,-1.194557,52.997552,On or near LATIMER CLOSE,E01013891,Nottingham 004E,Offender given a caution
c43cfeb6c947e33b784dadb2c6ed3f8c3536891f4ee0d14cbe18c229f1b39551,2013-06,Nottinghamshire Police,Nottinghamshire Police,-1.192648,52.992838,On or near Hospital,E01013891,Nottingham 004E,Suspect charged
1ea9fe06523fa442ca17542d1693e12cb56d53c3586705beacdb3c5c40ae7b60,2013-06,Nottinghamshire Police,Nottinghamshire Police,-1.144430,52.953199,On or near WARSER GATE,E01033406,Nottingham 039E,Suspect charged
1d56bdf991ef29f78f182b5cf8f762c2e9a5f625c60dc6a2c564672fc2657700,2013-06,Nottinghamshire Police,Nottinghamshire Police,-1.144430,52.953199,On or near WARSER GATE,E01033406,Nottingham 039E,Suspect charged
e95f7ea1e2dcdc68e936a94c7e9c79f536f22785b6c6fab2513c97ab86c6b558,2013-06,Nottinghamshire Police,Nottinghamshire Police,-1.151158,52.953211,On or near BEAST MARKET HILL,E01033400,Nottingham 039B,Suspect charged
96d39cffe0281ed84f54d983f25ff30b391e84bc4cbcc3544605f7991df911df,2013-06,Nottinghamshire Police,Nottinghamshire Police,-1.132129,52.944587,On or near Petrol Station,E01013920,Nottingham 029C,Suspect charged
0f5082daff7c69c0d7b4caad6bbe84c4c3b6b3d7ac0e8adfb9ac54a24e562f92,2013-06,Nottinghamshire Police,Nottinghamshire Police,-0.957846,53.336301,On or near AMELIA COURT,E01028014,Bassetlaw 005B,Suspect charged
81e596f9ce7053353d1008456f8aab07c2a81109b68fae12cf94c3fc8f546a49,2013-06,Nottinghamshire Police,Nottinghamshire Police,-0.956901,53.316571,On or near JUBILEE ROAD,E01028021,Bassetlaw 010E,Offender given a caution
bac2db3f7ca052a9eefeea5bf7583170b668111056d01291600f51198d8b8b11,2013-06,Nottinghamshire Police,Nottinghamshire Police,-1.165320,53.192984,On or near Sports/Recreation Area,E01028260,Mansfield 002D,Offender given a caution
62157da3eff6d5f805932d32d7092d997bc21295a105c4dcc29052ed1c6058f1,2013-06,Nottinghamshire Police,Nottinghamshire Police,-1.165756,52.991331,On or near BELCONNEN ROAD,E01033397,Nottingham 006F,Suspect charged
2c55f8e3601c0781e7c3e07c379e20006f40dde30fd206c72fc623c1e9780473,2013-06,Nottinghamshire Police,Nottinghamshire Police,-0.815244,53.058484,On or near GRANGE ROAD,E01028319,Newark and Sherwood 010D,Offender given a caution
d0cfa9bea4c539cbe1cad7a46f584118d8d52481b1e49d17cdc84b2e8c9749a1,2013-06,Nottinghamshire Police,Nottinghamshire Police,-1.071154,52.964263,On or near ROCHESTER AVENUE,E01028185,Gedling 015B,Offender given a caution
d0cfa9bea4c539cbe1cad7a46f584118d8d52481b1e49d17cdc84b2e8c9749a1,2013-06,Nottinghamshire Police,Nottinghamshire Police,-1.071154,52.964263,On or near ROCHESTER AVENUE,E01028185,Gedling 015B,Offender given a caution
0455d049b7d218c74dce1f37c141a7c6da56b298c8a1c21c15b4019282ba93e2,2013-06,Nottinghamshire Police,Nottinghamshire Police,-1.072069,52.963920,On or near BRIERLEY GREEN,E01028185,Gedling 015B,Offender given a caution
12f790ea858616f62419507663457fb7449a3bbe29f5becc1fc21c687c1a7280,2013-06,Nottinghamshire Police,Nottinghamshire Police,-1.210391,52.929132,On or near Sports/Recreation Area,E01028073,Broxtowe 011A,Offender given a caution
76b07d134b4896cbbb20c96dbcdcac875f4d3dd562a682cf7047d3173b75ede3,2013-06,Nottinghamshire Police,Nottinghamshire Police,-1.141215,52.996792,On or near SHERBROOK TERRACE,E01028167,Gedling 006D,Offender given a drugs possession warning
8e569f67604091aea1b91dd7e14c6697ebd11bc77c577095780d3bed6f2e5be8,2013-06,Nottinghamshire Police,Nottinghamshire Police,-1.179006,53.003577,On or near Petrol Station,E01013893,Nottingham 001C,Offender given penalty notice
7b5be9a6ea7fdeccf440153e615cd6cb27d49b484a5794140f7e2273e7d3629d,2013-06,Nottinghamshire Police,Nottinghamshire Police,-1.192648,52.992838,On or near Hospital,E01013891,Nottingham 004E,Suspect charged
77a398d016d0bfc3b62d5eaa6f4bf96bef1ab13af5758f6ce5b9f2a2016ed48c,2013-06,Nottinghamshire Police,Nottinghamshire Police,-1.215339,52.977186,On or near SHIPLEY ROAD,E01013822,Nottingham 011C,Offender given a caution
be6892ac902f763d1d6d243f6aee6483f5600230ea54b347ce199a6efff44109,2013-06,Nottinghamshire Police,Nottinghamshire Police,-1.154263,52.963454,On or near TUDOR GROVE,E01013815,Nottingham 022C,Offender given a caution
fe46a86e4daabb2f80979ec3d2ca847f6cbfb5d335fff9d55e41df6b80d0782c,2013-06,Nottinghamshire Police,Nottinghamshire Police,-1.108295,53.165469,On or near GREENDALE CRESCENT,E01028313,Newark and Sherwood 002A,Suspect charged
d33eff253c0879b1af02b27e92e07bdc0d4587dba92e89d7df9f1db6ce87aac9,2013-06,Nottinghamshire Police,Nottinghamshire Police,-1.197848,53.167130,On or near VALE ROAD,E01028281,Mansfield 004D,Local resolution
d5fae92cfb9783f3ed91c65f2092733c211d4bb8c3c6667e9968b4b82e4157a8,2013-06,Nottinghamshire Police,Nottinghamshire Police,-1.241951,53.171113,On or near LITTLE LANE,E01033392,Mansfield 006G,Suspect charged
d8e962858bf27cf52a26e94ba659e08a34abf77cce4ebefb59569d4e2265ab61,2013-06,Nottinghamshire Police,Nottinghamshire Police,-1.177339,53.142908,On or near ORDSALL CLOSE,E01028236,Mansfield 011B,Suspect charged
d62490580922716c7f9e385948d70546ff43420a585b931fcdafdfa35f514e81,2013-06,Nottinghamshire Police,Nottinghamshire Police,-1.235254,53.105162,On or near PINEWOOD CLOSE,E01027951,Ashfield 007B,Offender given a caution
e98953e22556da44b7a02cfd5a9e1656f34f583844021c7976b8abb201a0e66e,2013-06,Nottinghamshire Police,Nottinghamshire Police,-1.148030,52.957890,On or near Shopping Area,E01033399,Nottingham 023E,Local resolution
1fe765e6333269744754415c7fad0bf7e96acaf9976afb0a6d00b2fe3859b0f3,2013-06,Nottinghamshire Police,Nottinghamshire Police,-1.139328,53.003296,On or near OXCLOSE LANE,E01028166,Gedling 006C,Local resolution
8dd00c6f546a6035f4369bf6cf05786b0985fc6b920a7cfbde019ebef9104612,2013-06,Nottinghamshire Police,Nottinghamshire Police,-1.081821,53.036981,On or near Supermarket,E01028151,Gedling 002B,Suspect charged
0f607fb824372955f614d73b039fa15a658f3b2df784375ac4e0cf6d0d1ccfb8,2013-06,Nottinghamshire Police,Nottinghamshire Police,-1.089327,53.043862,On or near Sports/Recreation Area,E01028152,Gedling 002C,Local resolution
3b117d5e061a5b690515132c8137d12d976257bf944dfcccada6fa24db613c1b,2013-06,Nottinghamshire Police,Nottinghamshire Police,-1.143330,52.955393,On or near Nightclub,E01033405,Nottingham 023G,Suspect charged
736e7f6ce30bbc24f94eef6a92e84bb0d88be8109e5f47fa9079c25040e3594c,2013-06,Nottinghamshire Police,Nottinghamshire Police,-1.145645,52.952731,On or near FLETCHER GATE,E01033406,Nottingham 039E,Offender given a caution
e6d4f77de640a81275b984cfe25894e04c825df0665ec218de024e760ac54c24,2013-06,Nottinghamshire Police,Nottinghamshire Police,-1.108295,53.165469,On or near GREENDALE CRESCENT,E01028313,Newark and Sherwood 002A,Suspect charged
be33654a379f67720ca841572a54cefe25e98f337ff5d7b218ca7a023345cb70,2013-06,Nottinghamshire Police,Nottinghamshire Police,-1.195438,53.146412,On or near Parking Area,E01028284,Mansfield 008F,Offender given a caution
7461abf5633af1236ac3126239a09d7604be15c4ba4be23c56817c05dae6a2b1,2013-06,Nottinghamshire Police,Nottinghamshire Police,-1.280390,52.924281,On or near ST JAMES'S STREET,E01028133,Broxtowe 010F,Suspect charged
9f0ea7c43cc68c3bd24897efddb195266293d443c578632d01adddef0d5b67ed,2013-06,Nottinghamshire Police,Nottinghamshire Police,-1.251565,52.923294,On or near OAK ACRES,E01028101,Broxtowe 013E,Suspect charged
cd785eed0f7c376856c043c46ccda7d49040a74a965a1ab978e61dbfe6069432,2013-06,Nottinghamshire Police,Nottinghamshire Police,-1.215356,52.927672,On or near VERNON AVENUE,E01028085,Broxtowe 011D,Suspect charged
d773e438b8f66f0dd57f00f443e368ef367bbe971c4ceaa05656c5bf329b47a2,2013-06,Nottinghamshire Police,Nottinghamshire Police,-1.201983,52.922801,On or near LILAC GROVE,E01028083,Broxtowe 012D,Suspect charged
909582fe9d54150b2f29da107f6e6a8b390d5144580948b674285c9150986d36,2013-06,Nottinghamshire Police,Nottinghamshire Police,-1.122860,52.949643,On or near KINGSLEY ROAD,E01013921,Nottingham 029D,Suspect charged
0672252216cf17de8c509b18489ca7a2064ebc454200c4dfef87b8480c435ef0,2013-06,Nottinghamshire Police,Nottinghamshire Police,-1.131374,52.969654,On or near RANSOM ROAD,E01013943,Nottingham 015D,Offender given a caution
23913fb1c01fb3a6cadc0d6f3e3d61dddb7d804a7af5742fd8daa3bce446af1a,2013-06,Nottinghamshire Police,Nottinghamshire Police,-1.127599,52.955980,On or near ROTHLEY AVENUE,E01013957,Nottingham 029E,Suspect charged
f07543ebd30d9da264463ef6ac8f8911b2127e7180d6957e3a230364d6b4446e,2013-06,Nottinghamshire Police,Nottinghamshire Police,-1.132535,52.961491,On or near MASSEY GARDENS,E01013960,Nottingham 021C,Suspect charged
26aca593225c6b4027ab885203dad7abf6907596097e3caa8b77408b56cb25fd,2013-06,Nottinghamshire Police,Nottinghamshire Police,-1.143714,52.944240,On or near LAMMAS GARDENS,E01013871,Nottingham 040B,Suspect charged
16a7d3e9f0770ae4752b8975aa9860b4d93f3bf2d217c95e9e02d3975711ddf6,2013-06,Nottinghamshire Police,Nottinghamshire Police,-1.227679,53.156945,On or near RUSKIN ROAD,E01028267,Mansfield 006E,Suspect charged
a18882f4ac75101e72ed7f63f1c66a57c4147c0c76ce581fe83f08632aca4dab,2013-06,Nottinghamshire Police,Nottinghamshire Police,-1.152189,53.204595,On or near Parking Area,E01028223,Mansfield 002A,Suspect charged
eec937deb3a0f4dffc44c9ad7bc8630b2eb3e7107f23b4e0f7aeea433eadd50d,2013-06,Nottinghamshire Police,Nottinghamshire Police,-1.072804,52.966478,On or near BELVOIR ROAD,E01028185,Gedling 015B,Offender given a caution
93eae621e4a442eb063dfdc4daa846763fd55765a5c94c3177b8e5608223b9ef,2013-06,Nottinghamshire Police,Nottinghamshire Police,-1.202574,52.995080,On or near COURTLEET WAY,E01013876,Nottingham 005B,Suspect charged
7f61abc193d0182196950def7821a19bb91879b65c4bf5a66728ea5dadce7717,2013-06,Nottinghamshire Police,Nottinghamshire Police,-1.164225,53.010422,On or near LYTHAM GARDENS,E01013851,Nottingham 038C,Suspect charged
0b4282281a9b6ab3966fae4d9c3b05b94e1b979801c25af234ca3fb845fc5b51,2013-06,Nottinghamshire Police,Nottinghamshire Police,-1.118542,52.927039,On or near HEXHAM CLOSE,E01028355,Rushcliffe 004B,Offender given a caution
86425ee03d90e1ef05b326edb1c0486ebd6f0bdccf7acebd967d21ede309dc6f,2013-06,Nottinghamshire Police,Nottinghamshire Police,-1.139646,53.159569,On or near NEWLANDS DRIVE,E01028237,Mansfield 007A,Suspect charged
fb5fc37ae97d5dc957f8fd73cdc5cf7f457e4bffde3951558b2a28669711a1f0,2013-06,Nottinghamshire Police,Nottinghamshire Police,-1.155600,53.151368,On or near GRIZEDALE CLOSE,E01028239,Mansfield 007C,Suspect charged
97a60aaccb355fe05be69da06d8e15d578b18bf748b0c4faa78ddec0593ef22d,2013-06,Nottinghamshire Police,Nottinghamshire Police,-1.093630,52.982335,On or near Sports/Recreation Area,E01028203,Gedling 011D,Suspect charged
d9fc42aa87b73ebb0e2c5d04956dd06658ec76dae621b4ba1bb9a03756f61f2b,2013-06,Nottinghamshire Police,Nottinghamshire Police,-1.017882,53.201758,On or near Police Station,E01028340,Newark and Sherwood 001E,Suspect charged
b1bd94173601417fb30c3fb73eebdf8297248d82084d41bcc79207344fe1fd03,2013-06,Nottinghamshire Police,Nottinghamshire Police,-0.939932,53.318651,On or near CAROLGATE,E01028022,Bassetlaw 008F,Offender given a drugs possession warning
02155f8dd59c8f04a617c983f8f3ba8d4b5218d3558fd2cfa321957d84b1df6f,2013-06,Nottinghamshire Police,Nottinghamshire Police,-0.939932,53.318651,On or near CAROLGATE,E01028022,Bassetlaw 008F,Offender given a caution
e6ac6801f0605a386ead16109fd3c2ad18f4c4801f56f218ae156465bedfcc8c,2013-06,Nottinghamshire Police,Nottinghamshire Police,-1.135827,52.934501,On or near LOUGHBOROUGH ROAD,E01028417,Rushcliffe 005E,Suspect charged
e4795e2bfd5618bd1647d50e471fbf746ba4b673355e36171a540493d5fde5e2,2013-06,Nottinghamshire Police,Nottinghamshire Police,-1.125473,52.949195,On or near HOTEN ROAD,E01013921,Nottingham 029D,Suspect charged
82e866cde25f0b24429a2a036de10c731939a1c0c92d675107ada5d95cc86bad,2013-06,Nottinghamshire Police,Nottinghamshire Police,-1.032852,53.296194,On or near BLYTH ROAD,E01028040,Bassetlaw 014A,Suspect charged
20e1282981dd615dee11285c63c92642b206b797d919623a9e157335dddc9dbf,2013-06,Nottinghamshire Police,Nottinghamshire Police,-1.178730,52.903396,On or near Supermarket,E01013907,Nottingham 035F,Local resolution
c782498288639f00afea13ed7e1ae28b2b99d76f40e0389b47434e820fd62496,2013-06,Nottinghamshire Police,Nottinghamshire Police,-0.784112,53.053918,On or near Supermarket,E01028290,Newark and Sherwood 011F,Offender given a caution
31529e90468a2eeade0da1b59021f0976970e2cb610f293e8f6e9d92b19e1300,2013-06,Nottinghamshire Police,Nottinghamshire Police,-1.197845,53.001017,On or near PILKINGTON STREET,E01013885,Nottingham 002E,Suspect charged
0a21a30127b21ced61a1c68850b3f151e0efd2f2419b04bbd126b4fd79fd1708,2013-06,Nottinghamshire Police,Nottinghamshire Police,-1.124503,53.305352,On or near Supermarket,E01028062,Bassetlaw 013C,Suspect charged
8a6913d8a87a19af91b54f3cc7f8b88bc6c9e3e43ae24e537605138c66723712,2013-06,Nottinghamshire Police,Nottinghamshire Police,-1.104236,53.301408,On or near HARDWICK CRESCENT,E01028066,Bassetlaw 012C,Suspect charged
bd2116fb1f2f36e0e3749d73e9988e68141ed8ebe0666c9852e80d830d1ecb14,2013-06,Nottinghamshire Police,Nottinghamshire Police,-0.785319,53.055018,On or near MOUNT ROAD,E01028290,Newark and Sherwood 011F,Suspect charged
859e0a7afb5ab52df90fce63b6a749b4c5acb9c89b018b88aa7b07d4d22b11e6,2013-06,Nottinghamshire Police,Nottinghamshire Police,-1.154996,52.964017,On or near FOREST GROVE,E01013815,Nottingham 022C,Suspect charged
25188491165280e694d8e45dd1552ca8c6d69789a6456910e310102eeb62030c,2013-06,Nottinghamshire Police,Nottinghamshire Police,-1.123080,53.306681,On or near BRIDGE PLACE,E01028062,Bassetlaw 013C,Offender given a caution
bd2116fb1f2f36e0e3749d73e9988e68141ed8ebe0666c9852e80d830d1ecb14,2013-06,Nottinghamshire Police,Nottinghamshire Police,-0.785319,53.055018,On or near MOUNT ROAD,E01028290,Newark and Sherwood 011F,Suspect charged
eae576ca77a44118ff9c94ad60851f230a8caaf491db50129a5a23ae1c8690d2,2013-06,Nottinghamshire Police,Nottinghamshire Police,-1.265110,52.942095,On or near MEREDITH COURT,E01028127,Broxtowe 008C,Suspect charged
943e0dbed187f1a1330f7879b796a0b48e4b6019976d0c84eaa491481d5875e7,2013-06,Nottinghamshire Police,Nottinghamshire Police,-1.077317,53.039778,On or near BROOM ROAD,E01028154,Gedling 002E,Suspect charged
943e0dbed187f1a1330f7879b796a0b48e4b6019976d0c84eaa491481d5875e7,2013-06,Nottinghamshire Police,Nottinghamshire Police,-1.077317,53.039778,On or near BROOM ROAD,E01028154,Gedling 002E,Suspect charged
96896be84d2423dd017ff5c5911fb71432d5180f92c01b0459a63125bb6e6a5a,2013-06,Nottinghamshire Police,Nottinghamshire Police,-1.173403,52.901300,On or near GREEN LANE,E01013906,Nottingham 037B,Offender given a caution
8dacdf6232edce5e3c1115eb1414c208c344c4d56dd1f746033d2785436f029c,2013-06,Nottinghamshire Police,Nottinghamshire Police,-1.158089,53.006388,On or near STONEACRE,E01013850,Nottingham 038B,Offender given a drugs possession warning
1255ffe348935aee926481ab891a296355c0f4afdbd72422d57a8235b18d7dbe,2013-06,Nottinghamshire Police,Nottinghamshire Police,-1.167661,52.959647,On or near SUNBOURNE COURT,E01013814,Nottingham 022B,Suspect charged
d72c469bf9e4f0ff8f82dd134010a6abbbb8e2cf784dd175fff7e57757480758,2013-06,Nottinghamshire Police,Nottinghamshire Police,-1.171943,52.960711,On or near DENISON STREET,E01013948,Nottingham 026E,Suspect charged
a360a7e810babb6505f32f9ea018b79396c92e0a3ff2113d854318fbe0d23bd6,2013-06,Nottinghamshire Police,Nottinghamshire Police,-1.169722,53.156492,On or near Supermarket,E01028241,Mansfield 007E,Local resolution
acc6e98a7bdf080640932f1bab9334567c6af4a2f0fea74d0e6eb912c2d7a0b7,2013-06,Nottinghamshire Police,Nottinghamshire Police,-1.303424,53.070154,On or near Petrol Station,E01027963,Ashfield 011D,Offender given a caution
5168817edbf7708d15725b5b19e47957625273ca0ea1a271e0ded9862c2fa217,2013-06,Nottinghamshire Police,Nottinghamshire Police,-1.126372,53.008748,On or near CHURCH STREET,E01028208,Gedling 004E,Suspect charged
168b40aae4ea61a1c7fceddc74c0826f0606189a07424ce955af95453c939989,2013-06,Nottinghamshire Police,Nottinghamshire Police,-1.132853,52.950058,On or near NEWARK CRESCENT,E01013920,Nottingham 029C,Offender given a caution
497d620382c342b0cfcc5ba3336bfeb663eef05cecbc812c857f10ae962138a0,2013-06,Nottinghamshire Police,Nottinghamshire Police,-1.179700,52.988209,On or near CHELTENHAM STREET,E01013836,Nottingham 008E,Suspect charged
5e5fe322a8edca785488b909750d462dddae38f85315ed5db6ad9674dbab7b8f,2013-06,Nottinghamshire Police,Nottinghamshire Police,-1.143842,52.953608,On or near CARLTON STREET,E01033406,Nottingham 039E,Offender given penalty notice
7695188dc142dded129c3974d2f3a61b8fd355a5c6c920d97e3ed8e07191c4de,2013-06,Nottinghamshire Police,Nottinghamshire Police,-1.165737,52.965234,On or near Parking Area,E01013815,Nottingham 022C,Suspect charged
7695188dc142dded129c3974d2f3a61b8fd355a5c6c920d97e3ed8e07191c4de,2013-06,Nottinghamshire Police,Nottinghamshire Police,-1.165737,52.965234,On or near Parking Area,E01013815,Nottingham 022C,Suspect charged
577a1cbac36453aadf2d2fe0916c25e1e4df86bfcabd0996502ab3b1f9414fb6,2013-06,Nottinghamshire Police,Nottinghamshire Police,-1.168461,52.959077,On or near CLIFFORD STREET,E01013948,Nottingham 026E,Suspect charged
8719e21e22c9ac93400ad368b83689cc1ae23968fe20c594b7659de8402dc423,2013-06,Nottinghamshire Police,Nottinghamshire Police,-1.121775,53.302266,On or near POTTER STREET,E01028062,Bassetlaw 013C,Suspect charged
d7605b8808fe5f17e18244fd44bb96340f9e306cf17b90cab071b0cb7c5c7882,2013-06,Nottinghamshire Police,Nottinghamshire Police,-1.131101,53.320411,On or near GATEFORD GARDENS,E01028049,Bassetlaw 006D,Suspect charged
9e1c3642d1030fbd1ceb90e4cbb814d073e3b5c391a639480b84cf026fcea970,2013-06,Nottinghamshire Police,Nottinghamshire Police,-0.938025,53.327119,On or near MOORGATE,E01028013,Bassetlaw 005A,Offender given a caution
beb06f685bb201c63891e9408e23f72b732d217198e8dbc5958caef68a03a549,2013-06,Nottinghamshire Police,Nottinghamshire Police,-1.181594,53.133778,On or near GARNET CLOSE,E01033389,Mansfield 013G,Offender given a caution
7eb49d93293ac888d4ee668ba2a300e8631a92fde86e6974f4b4fc70bf706976,2013-06,Nottinghamshire Police,Nottinghamshire Police,-1.195438,53.146412,On or near Parking Area,E01028284,Mansfield 008F,Suspect charged
e531696256a4115cca93d83dcaa1e576434c29872a97a596719edcc6901efb82,2013-06,Nottinghamshire Police,Nottinghamshire Police,-1.199015,53.144638,On or near Shopping Area,E01028284,Mansfield 008F,Suspect charged
1bcf827647f96d0a31bdb10a21b143a20ccf2f0ab5be1285a4a516363b54fe3b,2013-06,Nottinghamshire Police,Nottinghamshire Police,-1.273782,52.935208,On or near CRAWFORD AVENUE,E01028126,Broxtowe 008B,Suspect charged
a655a06b825d6b0645000caa09e447ed24cb8540aec580f381026b37a80548f4,2013-06,Nottinghamshire Police,Nottinghamshire Police,-1.273782,52.935208,On or near CRAWFORD AVENUE,E01028126,Broxtowe 008B,Suspect charged
8cd0be063843d8954de03d6cf971e994e8e800e98b2caf9f127765b382b12620,2013-06,Nottinghamshire Police,Nottinghamshire Police,-1.121369,52.967405,On or near WHEATFIELDS ROAD,E01013939,Nottingham 016B,Suspect charged
1a9b10e4230af2206f09ef5cc52c65dd36d2ee96fb50f4d780109fb995ce9be5,2013-06,Nottinghamshire Police,Nottinghamshire Police,-1.198339,52.992831,On or near DURSLEY CLOSE,E01013876,Nottingham 005B,Offender given a caution
8aaa3a1c6a40524c9b0a7de705ff34866680c4fefde7df6420ac3035681cebad,2013-06,Nottinghamshire Police,Nottinghamshire Police,-1.161825,52.995088,On or near LANDCROFT CRESCENT,E01013856,Nottingham 006D,Local resolution
a51e6c9189f1237b43539f470206921ae7a84aa030fc77a3fc69ffa156a8fbd1,2013-06,Nottinghamshire Police,Nottinghamshire Police,-1.180323,52.985993,On or near ROSEBERY STREET,E01013836,Nottingham 008E,Suspect charged
e03426017e673a11166926ad6483955f00901c77d108e2206125e56a1ec3bcc3,2013-06,Nottinghamshire Police,Nottinghamshire Police,-1.172392,52.994110,On or near TEVIOT ROAD,E01033397,Nottingham 006F,Suspect charged
2cbd169f0699158816fd47380b97de99d22ea0e73cf82986912fa9ea2f2f5993,2013-06,Nottinghamshire Police,Nottinghamshire Police,-1.176953,52.996362,On or near EARDLEY ROAD,E01013855,Nottingham 006C,Suspect charged
d4a78302723b6c33d38916c2fa342f7aeda419526d5198c0891edd0a9e028358,2013-06,Nottinghamshire Police,Nottinghamshire Police,-1.176953,52.996362,On or near EARDLEY ROAD,E01013855,Nottingham 006C,Suspect charged
a6ce5d04b4ec733fce40ed1eb6ddb5dbd16498c778e9d23675e80519084610c3,2013-06,Nottinghamshire Police,Nottinghamshire Police,-1.176953,52.996362,On or near EARDLEY ROAD,E01013855,Nottingham 006C,Suspect charged
b97a3e3f26e214d1a63f5ba56b1885eafb783d54d106c1b307e288e5957080ba,2013-06,Nottinghamshire Police,Nottinghamshire Police,-1.174060,52.964447,On or near GOODALL STREET,E01013812,Nottingham 018C,Offender given penalty notice
db170c8fe6923dc3c66db834041529df6eaed18981599f436ae4697ca666c9ae,2013-06,Nottinghamshire Police,Nottinghamshire Police,-1.155052,52.956547,On or near Parking Area,E01013816,Nottingham 022D,Offender given a caution
49d1bfe401627e3034ae5f8451636e239ff70939223e2cc775cb9268707365e0,2013-06,Nottinghamshire Police,Nottinghamshire Police,-1.152397,52.953777,On or near LONG ROW WEST,E01033400,Nottingham 039B,Suspect charged
9ccae0825ca4ef311709431a945e4abdcbd3302fa6f140c9c764a6b3f0e92ca9,2013-06,Nottinghamshire Police,Nottinghamshire Police,-1.102129,53.295261,On or near KINGSTON ROAD,E01028064,Bassetlaw 014E,Suspect charged
b7fdcb55961c7b0f9bb7a0bd53eb081148a1fcae5d8bf00a2997516c96ad3d61,2013-06,Nottinghamshire Police,Nottinghamshire Police,-0.751102,53.082010,On or near ROSS CLOSE,E01028353,Newark and Sherwood 004D,Offender given a caution
fa99eb352818cdb98b382079684969375e08ecaf84347cf12b7a5819d5eb0434,2013-06,Nottinghamshire Police,Nottinghamshire Police,-1.307116,53.124641,On or near CALKE AVENUE,E01027990,Ashfield 003D,Offender given a caution
2a976692d81a752cfe961e224f1c1ab95c0c1ea5be032138d204fcf44b5dd1bb,2013-06,Nottinghamshire Police,Nottinghamshire Police,-1.125791,52.931947,On or near Shopping Area,E01028416,Rushcliffe 005D,Suspect charged
8af65cea07ea537767a344e8d122e8e5a50060340315c39573452d8d2fc69fa0,2013-06,Nottinghamshire Police,Nottinghamshire Police,-0.977468,52.950010,On or near Bingham Bypass/ Fosse Road,E01028360,Rushcliffe 002D,Local resolution
aa6d6ea480892fd8f2fb2c238075396a0e3dd47c4056c6650b8ed85673572a61,2013-06,Nottinghamshire Police,Nottinghamshire Police,-1.121713,52.980550,On or near ROBINSON ROAD,E01028194,Gedling 010B,Suspect charged
353171d320312ceca594d2d415119842d4edc6d551f007001a1a337fc0ef8fa8,2013-06,Nottinghamshire Police,Nottinghamshire Police,-1.121713,52.980550,On or near ROBINSON ROAD,E01028194,Gedling 010B,Suspect charged
25ea64f439928406dd93d83e337cc2127b318944e731d0dd1e23b7be8f6a7110,2013-06,Nottinghamshire Police,Nottinghamshire Police,-1.217787,52.933972,On or near WALLETT AVENUE,E01028078,Broxtowe 009C,Local resolution
e65b5111d95c5b7c95aa52522c56a3109736902e7811fce0b279dcc2d56beef5,2013-06,Nottinghamshire Police,Nottinghamshire Police,-1.176941,52.894241,On or near BRECKSWOOD DRIVE,E01013911,Nottingham 037D,Offender given a caution
19427e2a1618531ae96dce2c034ff4e937d1e80c5975cce9e1c33a917db28de7,2013-06,Nottinghamshire Police,Nottinghamshire Police,-1.178620,52.987024,On or near LANSDOWNE ROAD,E01013836,Nottingham 008E,Suspect charged
6547dc41a569d1ce34444382c2af71983cf38cb5653da8c7fb0ab517275f764d,2013-06,Nottinghamshire Police,Nottinghamshire Police,-1.130723,52.937511,On or near FOX ROAD,E01028416,Rushcliffe 005D,Offender given a drugs possession warning
5577058810e23d657d7b33286591b4376e7344d106c7fc6ddbd2363f43609363,2013-06,Nottinghamshire Police,Nottinghamshire Police,-1.148695,52.889098,On or near DUNBLANE ROAD,E01028405,Rushcliffe 011B,Local resolution
a9063e447f09ba266aac52f5982209fe97fa9722e6cf72b97956006ffb94c5ea,2013-06,Nottinghamshire Police,Nottinghamshire Police,-1.275648,52.928603,On or near Supermarket,E01028133,Broxtowe 010F,Offender given penalty notice
eeb6dc2b1f23fb6cd2f061d398ef16b1748b9fe9d4c369eca0860b88b4a94c64,2013-06,Nottinghamshire Police,Nottinghamshire Police,-1.254523,52.907815,On or near HILL VIEW ROAD,E01028139,Broxtowe 015E,Suspect charged
576e6d0c241bb9c7f7d41ecf8a6868eb20f53ed453553993c393cefbd2430f74,2013-06,Nottinghamshire Police,Nottinghamshire Police,-1.302709,53.130116,On or near SAMPSONS YARD,E01027986,Ashfield 003B,Suspect charged
aa47c27b9e246808057ef7a046196369be9c2170668ba2b2e7f58e3675bb7333,2013-06,Nottinghamshire Police,Nottinghamshire Police,-1.085719,52.976773,On or near QUEEN'S AVENUE,E01028192,Gedling 012F,Suspect charged
55f13022e3deb12da9a19d14987636cdbf05e49c978880102e3d395a993c631b,2013-06,Nottinghamshire Police,Nottinghamshire Police,-1.254523,52.907815,On or near HILL VIEW ROAD,E01028139,Broxtowe 015E,Suspect charged
5cad609f5470f05b409b684e543f2c566ccd0113357b7a9b09f5da49bcef4938,2013-06,Nottinghamshire Police,Nottinghamshire Police,-1.170671,52.912797,On or near BROOKSBY LANE,E01013896,Nottingham 034B,Suspect charged
e6f97068a2a07af7d5fe73a0fcffafdb8ba22c44c9b2207845da5840beac3500,2013-06,Nottinghamshire Police,Nottinghamshire Police,-1.153077,52.972318,On or near NEW STREET,E01013972,Nottingham 015E,Local resolution
e0650bbcca6a7bdfdc6a90f52b4a4001da9b79f22a3f66207a188472f5becb40,2013-06,Nottinghamshire Police,Nottinghamshire Police,-1.169611,52.970502,On or near BEACONSFIELD STREET,E01013842,Nottingham 018D,Suspect charged
cb48dc0e42dd980330e69b64f13777bab7ed606d873251f21a541b5c7cb83350,2013-06,Nottinghamshire Police,Nottinghamshire Police,-1.170133,52.951061,On or near HARROWBY ROAD,E01033408,Nottingham 031H,Offender given a caution
62ab6fd087b2feaf62fe22a67d38f9d004af102575fe355314720771dabb14f2,2013-06,Nottinghamshire Police,Nottinghamshire Police,-1.140431,52.953691,On or near HOCKLEY,E01033407,Nottingham 039F,Suspect charged
2c5a6009313413dd086b07b2974a4ee491fd07d7d5789a9fb6f33b1cea127685,2013-06,Nottinghamshire Police,Nottinghamshire Police,-1.149477,52.954655,On or near KING STREET,E01033406,Nottingham 039E,Offender given a caution
5bc0e3f4503da28b1a7b1a7e63625b662b17a1221f58c0552a4ae0eaacfbf527,2013-06,Nottinghamshire Police,Nottinghamshire Police,-1.145030,52.980899,On or near MANSFIELD STREET,E01013969,Nottingham 010C,Suspect charged
47c4910e88ea4748e902017732916cd842fb828193fa871b3990ea211e5f45bf,2013-06,Nottinghamshire Police,Nottinghamshire Police,-1.108207,53.300952,On or near FOXGLOVE CLOSE,E01028066,Bassetlaw 012C,Local resolution
ccc819038199a73c15fe935d53a64673123906eabf4525010697b920e5abee19,2013-06,Nottinghamshire Police,Nottinghamshire Police,-0.811092,53.080817,On or near MATHER ROAD,E01028311,Newark and Sherwood 007G,Suspect charged
b11e0ec32c5fa23a0978173961119b0361715b498a5982712bc56411222ceabd,2013-06,Nottinghamshire Police,Nottinghamshire Police,-0.792616,53.064603,On or near SHAKESPEARE STREET,E01028285,Newark and Sherwood 011A,Suspect charged
f98d8a9f92218ec443f7cfea89ff7793c29855269a3a04a638d602759add62cd,2013-06,Nottinghamshire Police,Nottinghamshire Police,-0.948537,53.308749,On or near Supermarket,E01028019,Bassetlaw 010C,Offender given a caution
99ed8489a016aa53ae06145230d12dfe43233be97baae264d7275c44e0de7c7f,2013-06,Nottinghamshire Police,Nottinghamshire Police,-0.937594,53.262843,On or near OLD LONDON ROAD,E01028006,Bassetlaw 015A,Local resolution
98da3a807176cce7bc61b328b471e9bb4b1651ab26616521fc90f3c495b7cfe4,2013-06,Nottinghamshire Police,Nottinghamshire Police,-1.134774,53.125123,On or near RANSOM ROAD,E01028254,Mansfield 012A,Suspect charged
3d5ab5958de1d81b06d216b6c9376a54559029da2b6661e5045639731914eee4,2013-06,Nottinghamshire Police,Nottinghamshire Police,-1.202638,53.027982,On or near JOHNSON AVENUE,E01027930,Ashfield 016B,Local resolution
191e02f4912fefe2f15ef6705553775a723d58c38b6dc2a2ed280f684cc2c733,2013-06,Nottinghamshire Police,Nottinghamshire Police,-0.956381,52.953584,On or near KIRKHILL,E01028358,Rushcliffe 002B,Offender given a caution
0a870065d9b703fb7f610e2c5de77cfb811dcd80c9d2ae76a13299bdb5c6e86d,2013-06,Nottinghamshire Police,Nottinghamshire Police,-1.083362,52.874120,On or near Supermarket,E01028382,Rushcliffe 013C,Suspect charged
f07543ebd30d9da264463ef6ac8f8911b2127e7180d6957e3a230364d6b4446e,2013-06,Nottinghamshire Police,Nottinghamshire Police,-1.132535,52.961491,On or near MASSEY GARDENS,E01013960,Nottingham 021C,Suspect charged
801dfdf6e58e81cc2736c587c9c3c233ef885d6de4e0450e13ed50b30882fd17,2013-06,Nottinghamshire Police,Nottinghamshire Police,-1.138702,52.926090,On or near EDMONTON COURT,E01028392,Rushcliffe 007E,Offender given a caution
6e79186e9664e3c1d399fd908a8c2dfd41ebf4d718d4a46da0cf459566c5c52e,2013-06,Nottinghamshire Police,Nottinghamshire Police,-1.292659,53.020245,On or near MILL ROAD,E01028108,Broxtowe 001D,Offender given a caution
acbc63cea8e17aea7b4c06330314638f0e3286e1c3d5ad21d973ea739a5745b9,2013-06,Nottinghamshire Police,Nottinghamshire Police,-1.224011,52.922048,On or near Further/Higher Educational Building,E01028086,Broxtowe 011E,Offender given a caution
1cc40084fb461d4fdd3d7f94f466d3e9a41b695fff78f000886915250ca5c084,2013-06,Nottinghamshire Police,Nottinghamshire Police,-1.125019,52.950342,On or near ST CHRISTOPHER STREET,E01013919,Nottingham 029B,Suspect charged
b4abfb2c373ecab8d94528264f06e3f395f342a2b446c61f1f55803c9d1f02d8,2013-06,Nottinghamshire Police,Nottinghamshire Police,-1.186420,52.957197,On or near BRIDPORT AVENUE,E01013933,Nottingham 019D,Offender given a caution
274554e543af30e16d6990e923a840c1b5323f3364515e1b6bac6608b2e2ecbb,2013-06,Nottinghamshire Police,Nottinghamshire Police,-1.145710,52.955473,On or near CLARE STREET,E01033409,Nottingham 023H,Local resolution
8d46c67b55688b00da7e3a9bbbee0de4a995eef41e477ee31aaa6de324ddfe39,2013-06,Nottinghamshire Police,Nottinghamshire Police,-1.159738,52.975134,On or near PLANTIN ROAD,E01013840,Nottingham 012D,Suspect charged
017ca623ffd451953114fbe6dd57b2413e9dc6fea43d4cd69d57d7f5a72342f6,2013-06,Nottinghamshire Police,Nottinghamshire Police,-0.997247,53.097966,On or near STATION ROAD,E01028329,Newark and Sherwood 005E,Suspect charged
f3508ec1c58ff721666020015d82f67126be4f0d7a776a38c3dc52e7ff49cf5d,2013-06,Nottinghamshire Police,Nottinghamshire Police,-0.813468,53.076400,On or near CASTLE GATE,E01028311,Newark and Sherwood 007G,Local resolution
f3508ec1c58ff721666020015d82f67126be4f0d7a776a38c3dc52e7ff49cf5d,2013-06,Nottinghamshire Police,Nottinghamshire Police,-0.813468,53.076400,On or near CASTLE GATE,E01028311,Newark and Sherwood 007G,Local resolution
976c6011049f4fc15e68d7d155d1eb7120d66fcc6ff2ee1fec86a40b2e228e5c,2013-06,Nottinghamshire Police,Nottinghamshire Police,-0.799969,53.085704,On or near APPLE TREE CLOSE,E01028306,Newark and Sherwood 007D,Suspect charged
0cca3b8c49dd3cd38bd47748f4261837758b6032052ed18c19f870d0036308af,2013-06,Nottinghamshire Police,Nottinghamshire Police,-1.214187,53.030800,On or near HIGH LEYS ROAD,E01027925,Ashfield 015A,Suspect charged
42bbfba5df59b4853f245fcfd8172abf1cdcaf2e5bc366ff756601a79ea68e5d,2013-06,Nottinghamshire Police,Nottinghamshire Police,-1.283799,53.140243,On or near HAWTHORNE CLOSE,E01027981,Ashfield 001C,Offender given a caution
3d5efc02c5a540205530737209a0686db9a5244c6e41a33267b2d64bddf15e3f,2013-06,Nottinghamshire Police,Nottinghamshire Police,-1.269797,53.121407,On or near GARSIDE AVENUE,E01027969,Ashfield 006A,Offender given a caution
1bd3595b3fe79a89ec2ad02a92582a776e65e5de1e292bf2aecfdcb9de2fd425,2013-06,Nottinghamshire Police,Nottinghamshire Police,-1.029471,52.956703,On or near RIDGE LANE,E01028415,Rushcliffe 003F,Offender given a caution
e6fd9783b5ba70bbe51d37a808fc7fb113618171e34cc68646b83f7c7b44e2b5,2013-06,Nottinghamshire Police,Nottinghamshire Police,-1.143704,52.968143,On or near GORSEY ROAD,E01013943,Nottingham 015D,Offender given a caution
9d5e5c93fd87ed7bb733c6c511d2bc4ccd89a2dfc3859efeea3ff78ab7b79b4f,2013-06,Nottinghamshire Police,Nottinghamshire Police,-1.168433,52.993884,On or near MURRAY CLOSE,E01033397,Nottingham 006F,Suspect charged
4142502cb0e6f302bc3a32d1a7ddb91c7bc79d58201623d806f790cc4574d8d7,2013-06,Nottinghamshire Police,Nottinghamshire Police,-1.222856,53.144077,On or near FRITH GROVE,E01028230,Mansfield 010A,Suspect charged
82eb087a102634c60730735a4dced2fec424f75970e70ca31889f18406ad7f23,2013-06,Nottinghamshire Police,Nottinghamshire Police,-1.260491,53.115956,On or near SPA CLOSE,E01027974,Ashfield 005D,Suspect charged as part of another case
71e8fc8682cccf075d214291d648c38d16dd3c371d1c53f9fad3b97cea9d9d86,2013-06,Nottinghamshire Police,Nottinghamshire Police,-1.222671,52.973612,On or near STRELLEY ROAD,E01013865,Nottingham 014B,Offender given a caution
a8a565ad26d0580a2ee6ce7e1b6a16d3437f0cd5962191a36d762e17b4564f5e,2013-06,Nottinghamshire Police,Nottinghamshire Police,-1.211207,52.976736,On or near CAMPBELL CLOSE,E01013821,Nottingham 013C,Offender given a caution
3f43eb590791f437a149f89f1ff50f91e77d3b74435804c1320376baae419518,2013-06,Nottinghamshire Police,Nottinghamshire Police,-1.191767,52.973783,On or near Sports/Recreation Area,E01013934,Nottingham 019E,Offender given a caution
bcf0314845f41a7f8e4db32e2d99cec13684cf7b6ff2d59c1181f93181772905,2013-06,Nottinghamshire Police,Nottinghamshire Police,-1.146942,52.957172,On or near Shopping Area,E01033409,Nottingham 023H,Local resolution
0a0f0e8be4c4e39753e2bdba3703c0c392a2a73e64580daca58bf5ca3518404e,2013-06,Nottinghamshire Police,Nottinghamshire Police,-1.146942,52.957172,On or near Shopping Area,E01033409,Nottingham 023H,Suspect charged
07fb59c2ffa985c8eea7db4dc5bdd4b9fd86a2fce9c8294eb05b8375d6b38763,2013-06,Nottinghamshire Police,Nottinghamshire Police,-1.170133,52.951061,On or near HARROWBY ROAD,E01033408,Nottingham 031H,Offender given a caution
5a6b9b5dea3f83c7eb76879e7e890f447ef4b8d580c4ede37432a2cc54ffd85f,2013-06,Nottinghamshire Police,Nottinghamshire Police,-1.170133,52.951061,On or near HARROWBY ROAD,E01033408,Nottingham 031H,Offender given a caution
ca426aba5ace06a38a10b13726829b235461b60f606594f7bdaf1a5dff90c08b,2013-06,Nottinghamshire Police,Nottinghamshire Police,-1.101970,53.315027,On or near BROWNING CLOSE,E01028044,Bassetlaw 016F,Local resolution
afd97215991ad381fafd9d844751fd74a0ed962e82817f56f91cd415e6dc35f3,2013-06,Nottinghamshire Police,Nottinghamshire Police,-1.106375,53.100894,On or near HARLOW STREET,E01028299,Newark and Sherwood 006C,Local resolution
a18abc00a841f4555f65316e1b7604074d73190ace61945d54312c828c4571a6,2013-06,Nottinghamshire Police,Nottinghamshire Police,-0.796313,53.086170,On or near LINCOLN COURT,E01028304,Newark and Sherwood 007B,Offender given a caution
f984ad7b35748c2afa258257357760d02b5b6ab3785fc7ad55796f926baf3838,2013-06,Nottinghamshire Police,Nottinghamshire Police,-0.809634,53.075229,On or near Parking Area,E01028310,Newark and Sherwood 007F,Local resolution
65e2a4af1f0ee309df439e9a14e25e92bd9d0a1c69d79efc54aa211a08ebcee5,2013-06,Nottinghamshire Police,Nottinghamshire Police,-0.837672,53.290407,On or near Hospital,E01028033,Bassetlaw 015C,Suspect charged
9046ec406e6d8d11aab5276938b722c6c083ddafccd9414a030e1d2f977c7ccd,2013-06,Nottinghamshire Police,Nottinghamshire Police,-1.111299,52.921124,On or near Supermarket,E01028374,Rushcliffe 008C,Suspect charged
479fd6c92fb9434fc008fc3b6b41a92b11cb85638cd9ad7c53bbd63ed39ef567,2013-06,Nottinghamshire Police,Nottinghamshire Police,-1.152719,52.918244,On or near Shopping Area,E01028364,Rushcliffe 007B,Local resolution
17e4e2100b34d0a78fa8a8f1fc4f004a55b383669f1f2c244de2e00366a6ee4c,2013-06,Nottinghamshire Police,Nottinghamshire Police,-1.299985,53.065963,On or near ST MICHAELS VIEW,E01027961,Ashfield 011B,Local resolution
db55806eeb4e1b83664a3bc0fec58a374ad97f6deb05d64cbc5dcfa2fbca753e,2013-06,Nottinghamshire Police,Nottinghamshire Police,-1.126286,52.955395,On or near ELFORD RISE,E01013957,Nottingham 029E,Suspect charged
db55806eeb4e1b83664a3bc0fec58a374ad97f6deb05d64cbc5dcfa2fbca753e,2013-06,Nottinghamshire Police,Nottinghamshire Police,-1.126286,52.955395,On or near ELFORD RISE,E01013957,Nottingham 029E,Suspect charged
cb48dc0e42dd980330e69b64f13777bab7ed606d873251f21a541b5c7cb83350,2013-06,Nottinghamshire Police,Nottinghamshire Police,-1.170133,52.951061,On or near HARROWBY ROAD,E01033408,Nottingham 031H,Offender given a caution
06c4f245377177299c8ef5854872f5ee3a0f0e22099a16c3ddbd2671ddc3744f,2013-06,Nottinghamshire Police,Nottinghamshire Police,-1.252268,53.125756,On or near Sports/Recreation Area,E01027977,Ashfield 004C,Local resolution
9424feba483a671bbf2dbdc4761ada2ece90a141c56c3ff5ce17b3c354ead587,2013-06,Nottinghamshire Police,Nottinghamshire Police,-1.294027,53.014985,On or near WROUGHTON COURT,E01028114,Broxtowe 001E,Local resolution
33bd0fd5e689cd78a8f1c1ca4ed0e8b300155a95a8f770f7c6a850663d99deee,2013-06,Nottinghamshire Police,Nottinghamshire Police,-1.210023,52.922396,On or near Supermarket,E01028083,Broxtowe 012D,Suspect charged
47ad9c03807a0b83f1ce3c431396c68a6ac89354c7d28d7a1fb0ce2c61002568,2013-06,Nottinghamshire Police,Nottinghamshire Police,-1.245915,52.904327,On or near HICKTON DRIVE,E01028137,Broxtowe 015C,Offender given a caution
7f89aa846b512c2534495084c18896212de5391bf103c8d79d71c56ac5453359,2013-06,Nottinghamshire Police,Nottinghamshire Police,-1.115850,53.010181,On or near BIRCHFIELD ROAD,E01028173,Gedling 005A,Suspect charged
04558d11526399baf27c97a69bb95d7931d289e5cc8fe7237ed84f8cb1eee7ae,2013-06,Nottinghamshire Police,Nottinghamshire Police,-1.132035,53.002074,On or near ALBANY CLOSE,E01028165,Gedling 006B,Offender given a caution
1390a02730977e21e5dc9b6d0d628602c12c9f407ee80e8510600aa9094f56f3,2013-06,Nottinghamshire Police,Nottinghamshire Police,-1.132175,53.004035,On or near BESTWOOD AVENUE,E01028144,Gedling 006A,Offender given a caution
30cfd8ffbb8d0486d421ba3065fec122c3b69c1e62230f05d501d52455f7b612,2013-06,Nottinghamshire Police,Nottinghamshire Police,-1.130745,53.007710,On or near CHERRY CLOSE,E01028144,Gedling 006A,Local resolution
0a969d5cec0cfe0fdfa854945189a63d5bc1d9d18a33cf09eadd653e78c29e1e,2013-06,Nottinghamshire Police,Nottinghamshire Police,-1.195420,52.900543,On or near PORTER CLOSE,E01013909,Nottingham 036C,Offender given penalty notice
9038a02a564aad1c2769f51ed89eb4724e62485ad3a99422d2c505e4f0ad2d2a,2013-06,Nottinghamshire Police,Nottinghamshire Police,-1.090629,52.953581,On or near RIVER ROAD,E01028184,Gedling 015A,Offender given a drugs possession warning
85db27ee41bc649ab9d8493a41df4340e621870e3ca4661fd49d5373b080bbdf,2013-06,Nottinghamshire Police,Nottinghamshire Police,-1.120689,52.954661,On or near Police Station,E01013917,Nottingham 024E,Local resolution
a2d71450b949d782efc89b895f4019a08f413f6fededd59eaf136dd80ace67a4,2013-06,Nottinghamshire Police,Nottinghamshire Police,-1.127131,52.951122,On or near PULLMAN ROAD,E01013919,Nottingham 029B,Offender given a caution
cc52091606ca6e95417607bebb2ce20417000ab33e2ed02a7b3001f0c9f15a2f,2013-06,Nottinghamshire Police,Nottinghamshire Police,-1.123833,52.983235,On or near Petrol Station,E01013935,Nottingham 010A,Suspect charged
967edf7592c040956e6862e27544722b48175ba7ab8de6d5f18e7ec799e93bcd,2013-06,Nottinghamshire Police,Nottinghamshire Police,-1.133404,52.976887,On or near BLYTH STREET,E01013936,Nottingham 016A,Local resolution
cfa5d66b2132a31387ba90923822de9b00129058ae673091e2e923ddd246dc9b,2013-06,Nottinghamshire Police,Nottinghamshire Police,-1.136558,52.953861,On or near CARLTON ROAD,E01033405,Nottingham 023G,Suspect charged
23465121c0d672c51e4c2a9878a303c81ec97ce2f4c953713a5af3038737a489,2013-06,Nottinghamshire Police,Nottinghamshire Police,-1.122803,52.976755,On or near CUDWORTH DRIVE,E01028195,Gedling 010C,Local resolution
be728287fd70605c9fc8066222280ed67647212ac38b1cdb41a5c020deb4844f,2013-06,Nottinghamshire Police,Nottinghamshire Police,-1.210641,53.003719,On or near SPINDLE GARDENS,E01013883,Nottingham 005E,Suspect charged
85589a676b0f44facfecb67cda4a21a00bb202c8c952015c9006169fbfab2492,2013-06,Nottinghamshire Police,Nottinghamshire Police,-1.146601,52.954068,On or near THURLAND STREET,E01033406,Nottingham 039E,Suspect charged
6551c50d27ac2d3bc1c7874092c75abb8076dfef142c4002e6159488f8bfb644,2013-06,Nottinghamshire Police,Nottinghamshire Police,-1.165737,52.965234,On or near Parking Area,E01013815,Nottingham 022C,Suspect charged
728a667d572a7f375599c740a5da2922559fa8d181707e11dc99d4b7120eadc5,2013-06,Nottinghamshire Police,Nottinghamshire Police,-1.204532,52.938738,On or near BEESTON LANE,E01013973,Nottingham 032A,Suspect charged
a20d935a3d46cb05c0430c6e1ad99e9874dcf64cc7581fae12b583d2f552f3e1,2013-06,Nottinghamshire Police,Nottinghamshire Police,-1.152176,52.975755,On or near LOSCOE ROAD,E01013972,Nottingham 015E,Offender given a drugs possession warning
d6cf9eb0d7f7f78af859c2798512f3d8eb6ab6abcb8ad4990eddc07092d17de9,2013-06,Nottinghamshire Police,Nottinghamshire Police,-1.148358,52.951797,On or near Shopping Area,E01033400,Nottingham 039B,Offender given a caution
86cf1c86609a27ead684793fad4a2cb8a3e88316aed367d72544f4c53fa89d15,2013-06,Nottinghamshire Police,Nottinghamshire Police,-1.169842,52.963132,On or near HUBERT STREET,E01013814,Nottingham 022B,Offender given a caution
fd38e95b4ee836a4605481017d7a61c74817db65560f1626164e0f15a3c4f206,2013-06,Nottinghamshire Police,Nottinghamshire Police,-1.162739,52.961635,On or near GEDLING GROVE,E01013815,Nottingham 022C,Suspect charged
f64dbe81e2e905b6fbc51edadc6a3b3cb7fbc0cd1682cc8ac83f05fa025cca3a,2013-06,Nottinghamshire Police,Nottinghamshire Police,-1.132315,53.318254,On or near CLAYLANDS LANE,E01028055,Bassetlaw 009A,Offender given a caution
c038450a08dbe2268dac90feb4611af905882e2a7f9c96f75ee8aa679e4a135d,2013-06,Nottinghamshire Police,Nottinghamshire Police,-1.142413,53.302003,On or near MEADOW ROAD,E01028063,Bassetlaw 014D,Offender given a caution
775baac1ee16401f7b755f0b346245e2b988a660bd96aebfbc12ed3a4549430b,2013-06,Nottinghamshire Police,Nottinghamshire Police,-0.957753,53.087711,On or near Sports/Recreation Area,E01028346,Newark and Sherwood 008B,Offender given a caution
d837391064461350b1b8fe621f6aa45ddbf11be5518bc8da97530ced24b47322,2013-06,Nottinghamshire Police,Nottinghamshire Police,-1.227445,53.158292,On or near BUTLER CRESCENT,E01028267,Mansfield 006E,Suspect charged
e7363a7e8fc95c12ef5fd37472ae26db8d2f06a6b073f1c84477cbeb647fcf14,2013-06,Nottinghamshire Police,Nottinghamshire Police,-1.125664,53.121919,On or near SECOND AVENUE,E01028254,Mansfield 012A,Offender given a drugs possession warning
17c75013b8aba2b606bfbb3d7eb5d4c6318217645a002be318b85dfd4aa59a2c,2013-06,Nottinghamshire Police,Nottinghamshire Police,-1.173923,53.140961,On or near SMITH STREET,E01028234,Mansfield 009B,Suspect charged
fc8d38649d59c8ef8b8badc084abc206919d085e1bef0bbaebc16a1233b5cd48,2013-06,Nottinghamshire Police,Nottinghamshire Police,-1.134774,53.125123,On or near RANSOM ROAD,E01028254,Mansfield 012A,Suspect charged
8ac8ae307b3a28be796bf2a36a07ff02ca1c86c9acf6a2175d9f2e97b3b6c7b7,2013-06,Nottinghamshire Police,Nottinghamshire Police,-1.176148,53.137974,On or near SELWYN STREET,E01028234,Mansfield 009B,Suspect charged
3f716a82fac70ca7c28c49f20a1aee8bd6d01e1e514e613737292178f60440a3,2013-06,Nottinghamshire Police,Nottinghamshire Police,-1.203618,53.037103,On or near HANSON CRESCENT,E01027928,Ashfield 014B,Suspect charged
c54da7e7b4cd4be12d69a9434e7f881ae120fd9b28177398e2b568fabc092d7b,2013-06,Nottinghamshire Police,Nottinghamshire Police,-1.246983,53.133166,On or near MAPLETON WAY,E01027984,Ashfield 002D,Offender given a caution
8d71ea925c642c49095b3f2c1f41f465b71aa1885c24e45fedc7a335fe00f484,2013-06,Nottinghamshire Police,Nottinghamshire Police,-1.257600,53.125925,On or near BENTINCK STREET,E01027978,Ashfield 004D,Suspect charged
209bc95d31586fcb67c7f2fde90799e2e7676402fb0f91e1b016067040ba0a8e,2013-06,Nottinghamshire Police,Nottinghamshire Police,-1.180571,52.961040,On or near RADFORD GROVE LANE,E01013947,Nottingham 026D,Offender given a drugs possession warning
b1fb90951932267f9c3e8b4856a385329f9c66f621b3e1e3952884dbd4a4c417,2013-06,Nottinghamshire Police,Nottinghamshire Police,-0.807644,53.145085,On or near CROMWELL FARM CLOSE,E01028349,Newark and Sherwood 003D,Offender given a caution
01f8430ed16362ac11ab20b259b71defb5d1d954ca45a4ee3fa5b9a8b1bb6fa1,2013-06,Nottinghamshire Police,Nottinghamshire Police,-0.815867,53.063515,On or near PIERSON STREET,E01028318,Newark and Sherwood 010C,Suspect charged
3c7c94e1d26122cef3dd7ce4a58c503efe2ceed368467041c387c0de931b1f70,2013-06,Nottinghamshire Police,Nottinghamshire Police,-1.188149,52.900566,On or near WYCOMBE CLOSE,E01013905,Nottingham 036A,Offender given a caution
0abee86b8d4468229f542268180cfcd27158b34589d3cfb28d13d44909fc6857,2013-06,Nottinghamshire Police,Nottinghamshire Police,-1.216062,52.975914,On or near WOODFIELD ROAD,E01013822,Nottingham 011C,Suspect charged
6c3e0eb1d7d733b5e6718bb3c6a6f7ec44b3ac221d4a42836e0ac80a39df4f67,2013-06,Nottinghamshire Police,Nottinghamshire Police,-1.158291,52.893993,On or near OLD STATION DRIVE,E01028407,Rushcliffe 011D,Offender given a caution
ce91750dc53eeefc0d895de916dcf6235149bc9446908525355744be2acc5117,2013-06,Nottinghamshire Police,Nottinghamshire Police,-1.039525,52.947004,On or near Supermarket,E01028414,Rushcliffe 003E,Local resolution
b7930742e4524848f6cad9945325146920e0050dc695db5c676e308669147634,2013-06,Nottinghamshire Police,Nottinghamshire Police,-1.297092,53.017206,On or near PERCY STREET,E01028114,Broxtowe 001E,Suspect charged
b7930742e4524848f6cad9945325146920e0050dc695db5c676e308669147634,2013-06,Nottinghamshire Police,Nottinghamshire Police,-1.297092,53.017206,On or near PERCY STREET,E01028114,Broxtowe 001E,Suspect charged
1f934a7e677beb53a0bbaaf470772ce82f55a3046bb0f3ded95c9c63291e40dc,2013-06,Nottinghamshire Police,Nottinghamshire Police,-1.077641,52.963756,On or near Supermarket,E01028186,Gedling 015C,Suspect charged
9b3b175562e613c3c0527ca46e13e211057f797c5312c148ad9e18d98690b09c,2013-06,Nottinghamshire Police,Nottinghamshire Police,-1.115012,52.967348,On or near BRAMBLE DRIVE,E01028161,Gedling 013B,Offender given a caution
0d3cf19ae77fd4cc9f30c445d0941e413f07bf41ff72d2e53224b37f1b1f0cc2,2013-06,Nottinghamshire Police,Nottinghamshire Police,-1.242229,52.905984,On or near KIRKLAND DRIVE,E01028137,Broxtowe 015C,Offender given a caution
9bb2b7c3fb7fcdc0e90d0fdbd08f44d5356048f4c04f9f4f735d7062e8f13a59,2013-06,Nottinghamshire Police,Nottinghamshire Police,-1.164068,53.011617,On or near AUGUSTINE GARDENS,E01028147,Gedling 016C,Local resolution
2a793cf1bcd13a3f9e49e61b87b0d2a3b4189e1b8e87eff699d5ad190f0c343b,2013-06,Nottinghamshire Police,Nottinghamshire Police,-1.166778,52.992426,On or near GILBERT CLOSE,E01033398,Nottingham 006G,Local resolution
5db775b88fe2afc5cc1f8fc23d73528a08f4903ae96a9580d186bf38a33f90d9,2013-06,Nottinghamshire Police,Nottinghamshire Police,-1.156903,52.996842,On or near Sports/Recreation Area,E01013856,Nottingham 006D,Local resolution
2cda1ddd61e7619f8a3d6954014934e60fe8434edeea1ff2afa46b07c697df21,2013-06,Nottinghamshire Police,Nottinghamshire Police,-1.150829,52.954053,On or near Shopping Area,E01033406,Nottingham 039E,Offender given a caution
451aae9b62015ef3589ffacf62ec44d33ec1ea38147d27c8c45bf2ff27150019,2013-06,Nottinghamshire Police,Nottinghamshire Police,-1.168405,52.960407,On or near ORTZEN STREET,E01013814,Nottingham 022B,Local resolution
16e45dad79cad0bb8f022abe82f252132128894fd64c22c7ed7b890ccfa01cac,2013-06,Nottinghamshire Police,Nottinghamshire Police,-1.162282,52.960643,On or near BURNS AVENUE,E01013815,Nottingham 022C,Offender given a drugs possession warning
147084d14ac6ff6825cd56ae42d4e57af443f40580fdff7e85bb4f45faac1dab,2013-06,Nottinghamshire Police,Nottinghamshire Police,-1.152112,52.954683,On or near Parking Area,E01033406,Nottingham 039E,Offender given a caution
609cfdae1c66476a0541d04111ece62d188bf018f9a00c6fa1e3e53d33ebb1b3,2013-06,Nottinghamshire Police,Nottinghamshire Police,-1.149477,52.954655,On or near KING STREET,E01033406,Nottingham 039E,Offender given a caution
29517f04d8acaee4f0340476229d08faf1d19ff75d5b207db7bd23da92eb9eeb,2013-06,Nottinghamshire Police,Nottinghamshire Police,-1.128714,53.302677,On or near WESTGATE VIEW,E01028062,Bassetlaw 013C,Suspect charged
31cd3d240512544e3044f15f4f0d6ed24eaac4bb3c073609840cd0eea9ead420,2013-06,Nottinghamshire Police,Nottinghamshire Police,-1.111879,53.101968,On or near THE CRESCENT,E01028299,Newark and Sherwood 006C,Offender given a caution
2cc6c51b72c843ee516b1d4e38966076817d53d03d51dcbd1fd66daebd6f59b9,2013-06,Nottinghamshire Police,Nottinghamshire Police,-1.001290,53.008465,On or near NOTTINGHAM ROAD,E01028330,Newark and Sherwood 013A,Offender given a caution
7f77fd7d5f475c8e48e8d5e7bc5f7136384c0d67f10e64a1b84bdab3cd893995,2013-06,Nottinghamshire Police,Nottinghamshire Police,-1.110293,53.117283,On or near PYTHON HILL ROAD,E01028342,Newark and Sherwood 006E,Suspect charged
7ebe83289e2ae8b7c151513fe62369ea4db9b7c483c1c2f7aed023c6feccfbce,2013-06,Nottinghamshire Police,Nottinghamshire Police,-1.105219,53.115555,On or near KINGFIELD CLOSE,E01028344,Newark and Sherwood 006G,Suspect charged
eac2f6ab8f105f49c95ab87745808df20c7d65cf3cb1be12484c68d59ab1e086,2013-06,Nottinghamshire Police,Nottinghamshire Police,-1.112421,53.117740,On or near LITTLE JOHN DRIVE,E01028342,Newark and Sherwood 006E,Suspect charged
c51aa7f4fde2ab93e1a5e210d22e814f4c038aee6af3232159085586a7a1fc8d,2013-06,Nottinghamshire Police,Nottinghamshire Police,-0.822664,53.105950,On or near GREAT NORTH ROAD,E01028336,Newark and Sherwood 012D,Suspect charged
da424516e31f14359a03ab4b288af81b488ac7ea8ddcf372c67a9110858fab04,2013-06,Nottinghamshire Police,Nottinghamshire Police,-0.837672,53.290407,On or near Hospital,E01028033,Bassetlaw 015C,Suspect charged
4f45e6167092aebf5d792fa5bd2fc49f5f90aad07946a0253275953361ab483c,2013-06,Nottinghamshire Police,Nottinghamshire Police,-0.837672,53.290407,On or near Hospital,E01028033,Bassetlaw 015C,Suspect charged
d8fbbec1ed620a64d1fc0c1a01d42ceb1eaf6be9b7ad7b2c2c538c343dfbc78c,2013-06,Nottinghamshire Police,Nottinghamshire Police,-1.159707,53.200667,On or near MANSFIELD ROAD,E01028260,Mansfield 002D,Suspect charged
83309e3437fe78172d55249f52fe31ec59f3bf04e0619c62a268550b983e9c8f,2013-06,Nottinghamshire Police,Nottinghamshire Police,-1.186180,53.167177,On or near DURHAM CLOSE,E01028253,Mansfield 003C,Offender given a caution
fdde54ba6a9f6c2f3b63ead8f6fb159bf2d9e249e6ea02121c8faa8e396d286a,2013-06,Nottinghamshire Police,Nottinghamshire Police,-1.199420,53.170278,On or near BROWN AVENUE,E01028280,Mansfield 004C,Suspect charged
50b09f596bc3414188b3236e42d9e92bfd45c043bfb2d930379df2e37ddc1343,2013-06,Nottinghamshire Police,Nottinghamshire Police,-1.199420,53.170278,On or near BROWN AVENUE,E01028280,Mansfield 004C,Suspect charged
0c19c104d622f54a637fd76824fe9ef1cd9332c6117c555a516f0b6bfbcd3756,2013-06,Nottinghamshire Police,Nottinghamshire Police,-1.159824,53.130309,On or near MANDEEN GROVE,E01028256,Mansfield 012B,Suspect charged
5c3060904329991a143dc6bf662d5b11e14174d256d1fa6e302c3a30cd87c096,2013-06,Nottinghamshire Police,Nottinghamshire Police,-1.194422,53.146387,On or near LEEMING STREET,E01028274,Mansfield 009C,Offender given a drugs possession warning
3ecf74ae5159a3b3c6bb50d01f34145cac13ba0714f15bea95c1c2cedb3a0f27,2013-06,Nottinghamshire Police,Nottinghamshire Police,-1.194422,53.146387,On or near LEEMING STREET,E01028274,Mansfield 009C,Offender given a drugs possession warning
f1c458298f9c5740184465cedf49c3c7ab0b95dc127f9e4260016eb262511ee0,2013-06,Nottinghamshire Police,Nottinghamshire Police,-1.202823,53.149725,On or near Parking Area,E01028284,Mansfield 008F,Suspect charged
7a8f01826f344cc42a561edcb8de39bb54e85acaef45a8e9ae69408f1c2505c3,2013-06,Nottinghamshire Police,Nottinghamshire Police,-1.160470,53.123248,On or near SYERSTON ROAD,E01028256,Mansfield 012B,Suspect charged
61d4a9e22d6f3cff93e7ed08496f348364f760998d976a5db8b84183a4488781,2013-06,Nottinghamshire Police,Nottinghamshire Police,-1.197998,53.035403,On or near LINGFORD STREET,E01027932,Ashfield 014C,Offender given a caution
b24578a27037f5a3989224c65d0dc7624762c6960e58525e1b01303a2f2a98d0,2013-06,Nottinghamshire Police,Nottinghamshire Police,-1.259006,53.070227,On or near WILLOW DRIVE,E01027995,Ashfield 010A,Offender given penalty notice
503f6d5ecf8c811e9afb27eb7bbb0c5ce0a28ca89d6279596b0b93eac4853501,2013-06,Nottinghamshire Police,Nottinghamshire Police,-0.941779,53.077278,On or near CREW LANE CLOSE,E01028345,Newark and Sherwood 008A,Offender given a caution
fff1341652572721719e30c6102d718ee5fd699add26193be9718f5716fba742,2013-06,Nottinghamshire Police,Nottinghamshire Police,-0.996069,52.870421,On or near PINFOLD LANE,E01028402,Rushcliffe 010A,Local resolution
e34754d2e75d142d05a40c16d9cb0800c09102e7c3d2069e9b46bbd3d29715bd,2013-06,Nottinghamshire Police,Nottinghamshire Police,-1.284654,53.016646,On or near GREASLEY AVENUE,E01028118,Broxtowe 003E,Offender given a caution
57543cc4bcd212d170113baccea3237e9e3cd7f129e4901f45fe638f21a95ead,2013-06,Nottinghamshire Police,Nottinghamshire Police,-1.129977,52.971001,On or near GRASMOOR CLOSE,E01013940,Nottingham 016C,Suspect charged
5fe62ccf9504172a0f2eb38983355af614a25b7457b5dafaa6bc5d6cf85122fd,2013-06,Nottinghamshire Police,Nottinghamshire Police,-1.192282,53.005259,On or near CAREY ROAD,E01013882,Nottingham 002D,Suspect charged
9e827c025c04535a358d43b97f430aeb1e1f303101e899e9ff6a2784c810372b,2013-06,Nottinghamshire Police,Nottinghamshire Police,-1.146942,52.957172,On or near Shopping Area,E01033409,Nottingham 023H,Offender given a caution
48a21177bd9ffcdb46d6ed6aba9321efe9bb082cb8098da907bbbdce21bcf3de,2013-06,Nottinghamshire Police,Nottinghamshire Police,-1.110314,53.119171,On or near KIRKLINGTON ROAD,E01028296,Newark and Sherwood 006A,Suspect charged
9aa7743aa687b446b55da0ed23b672403c86b9705b6372eaf9dc63c6169ea2a2,2013-06,Nottinghamshire Police,Nottinghamshire Police,-1.253438,53.135895,On or near ASHFIELD STREET,E01027982,Ashfield 002C,Suspect charged
548248363a3eceb9cecad18520f69bb153c467a128d601277371e2533efec341,2013-06,Nottinghamshire Police,Nottinghamshire Police,-1.252758,52.997420,On or near NOEL STREET,E01028102,Broxtowe 004A,Suspect charged
fc223f5cf598867b320ad5537d54dd7e8b400efe04621dbc9d284aee6977166e,2013-06,Nottinghamshire Police,Nottinghamshire Police,-1.278896,53.001680,On or near B6010,E01028116,Broxtowe 003C,Suspect charged
8647da21f63833c5199b8f0f90aeda9f31a00a187bbaa86105e5a77e78c9b170,2013-06,Nottinghamshire Police,Nottinghamshire Police,-1.121531,52.983641,On or near Parking Area,E01028194,Gedling 010B,Suspect charged
f3abdcce00bec9cec3e431460063e6e06bc6b54f15ad095dcf413f1b8c65ef2f,2013-06,Nottinghamshire Police,Nottinghamshire Police,-1.205105,52.922921,On or near KINGFISHER CLOSE,E01028083,Broxtowe 012D,Offender given a drugs possession warning
20521e1f18b01894526b9b0076bba97ba7f787709a72393e5ce5cb36e8ac0de7,2013-06,Nottinghamshire Police,Nottinghamshire Police,-1.177258,52.900275,On or near BLAISE CLOSE,E01013906,Nottingham 037B,Offender given a caution
2f7bd9279e5f9cae892357bf9ad3eb126a85599e321d65352749a8d400bf73ec,2013-06,Nottinghamshire Police,Nottinghamshire Police,-1.134465,52.952084,On or near BEAUMONT STREET,E01013920,Nottingham 029C,Suspect charged
e16cfe2c6ef5c3c05a5f644e5ee50caa80e252c0f4d1e6903e8d0bc5125010f8,2013-06,Nottinghamshire Police,Nottinghamshire Police,-1.140290,52.946552,On or near A6008,E01033402,Nottingham 039C,Offender given a caution
959ed7997227ce0577b70069b94ce8ef25bb3d57aa5ad132c0b6ce59c64a510e,2013-06,Nottinghamshire Police,Nottinghamshire Police,-1.201267,53.002101,On or near DOVE STREET,E01013885,Nottingham 002E,Suspect charged
cd990b73b3c1519cedb527955690d0b4b2bd509378ce184d6cfaa1b86b08f509,2013-06,Nottinghamshire Police,Nottinghamshire Police,-1.193937,53.003616,On or near JENNISON STREET,E01013885,Nottingham 002E,Offender given penalty notice
99a68c63f6ae5c4b97eb611b43dbb2f4c499ee79fde4bee4302b5705abf2cd01,2013-06,Nottinghamshire Police,Nottinghamshire Police,-1.166778,52.992426,On or near GILBERT CLOSE,E01033398,Nottingham 006G,Local resolution
2c6875aaeda11ce4b5d61e60c7e95658690c2bbfb9679daa2eee9990dafe0744,2013-06,Nottinghamshire Police,Nottinghamshire Police,-1.205713,52.965265,On or near FRAMPTON ROAD,E01013859,Nottingham 020A,Suspect charged
e5376681f51817ea4f93868f790ccdb1997de6c49b6a2e32df0cc5d9a51c3abd,2013-06,Nottinghamshire Police,Nottinghamshire Police,-1.164225,53.010422,On or near LYTHAM GARDENS,E01013851,Nottingham 038C,Local resolution
22454e61cb698f2b82d538692c1e1cbc7393f89db0e900059a3a31f4a6ee7ea6,2013-06,Nottinghamshire Police,Nottinghamshire Police,-1.215160,53.003488,On or near TEALBY CLOSE,E01013883,Nottingham 005E,Suspect charged
b94878af3091690d3d6ebaf1f9aa870fb82239801efb3284299f478f7916aa20,2013-06,Nottinghamshire Police,Nottinghamshire Police,-1.150053,52.948097,On or near CANAL STREET,E01033400,Nottingham 039B,Suspect charged
a60b01f7283e73ac8fe78ecc210807fc9a9a19ae902b7d6f3d1e0902f2205226,2013-06,Nottinghamshire Police,Nottinghamshire Police,-1.190181,52.944700,On or near DERBY ROAD,E01013975,Nottingham 032C,Suspect charged
7dbf5b21f76400f3b7cde344cb96b90976f8bb4a9d0505cf62f37e7973a923be,2013-06,Nottinghamshire Police,Nottinghamshire Police,-1.159735,52.969920,On or near MYRTLE AVENUE,E01013843,Nottingham 017A,Local resolution
78fe3d7dca4411e25fae500cef56b94bcbc04a012ff8ca863810206555affa86,2013-06,Nottinghamshire Police,Nottinghamshire Police,-1.152397,52.953777,On or near LONG ROW WEST,E01033400,Nottingham 039B,Suspect charged
43a0b35e0cb60284be6934d51aaed44bc26166bce7fb78c3448b02266d829493,2013-06,Nottinghamshire Police,Nottinghamshire Police,-1.167230,52.965002,On or near NOEL STREET,E01013811,Nottingham 018B,Suspect charged
3ecb76a294a1552b96d0b9d3d4411e3736d95fcc54624c2f0b1da6f0a8303349,2013-06,Nottinghamshire Police,Nottinghamshire Police,-1.147584,52.980531,On or near BROXTOWE STREET,E01013969,Nottingham 010C,Suspect charged
915323ab1fb1b3841d087ec215adc77c492306b34b2ee1c7e17068c107bc433f,2013-06,Nottinghamshire Police,Nottinghamshire Police,-1.147443,52.947602,On or near CARRINGTON STREET,E01033400,Nottingham 039B,Suspect charged
4291f35e7bc9e3a17c8cb971a8155c0fc933c7cbd7e22b3910b094d9377119ea,2013-06,Nottinghamshire Police,Nottinghamshire Police,-1.177468,52.963752,On or near RADFORD BOULEVARD,E01013944,Nottingham 026A,Suspect charged
a1ad7187473341b517cb6d04814dc00b421e958329390157e4548037bb7207db,2013-06,Nottinghamshire Police,Nottinghamshire Police,-1.151702,52.955849,On or near Theatre/Concert Hall,E01013816,Nottingham 022D,Offender given a caution
4771d0e8a96b7a7985b49f921c0dffd6a80c825e9bc4ea4b16b1b2fb9f36f947,2013-06,Nottinghamshire Police,Nottinghamshire Police,-1.126382,53.310354,On or near MILL STREET,E01028057,Bassetlaw 012A,Suspect charged
bb30b69c70587201533bf08848e9498801cf0ee76d16dcf4e9e364e8a495a021,2013-06,Nottinghamshire Police,Nottinghamshire Police,-1.129665,53.303169,On or near BROOK TERRACE,E01028062,Bassetlaw 013C,Suspect charged
f64dbe81e2e905b6fbc51edadc6a3b3cb7fbc0cd1682cc8ac83f05fa025cca3a,2013-06,Nottinghamshire Police,Nottinghamshire Police,-1.132315,53.318254,On or near CLAYLANDS LANE,E01028055,Bassetlaw 009A,Offender given a caution
8d45007ef2a14e6301cded06c862325151e0434d44f4393c808ffedced86cf3b,2013-06,Nottinghamshire Police,Nottinghamshire Police,-1.104236,53.301408,On or near HARDWICK CRESCENT,E01028066,Bassetlaw 012C,Suspect charged as part of another case
45f41d54f793c276d1bd667d02ac47e0c60698af3d0fd1e723305ce6df7b761b,2013-06,Nottinghamshire Police,Nottinghamshire Police,-1.103864,53.118224,On or near RUFFORD AVENUE,E01028296,Newark and Sherwood 006A,Suspect charged
b897eda3cdfa63ea9232b74336b1c1f833fdf106daf95edac70377427fce45a8,2013-06,Nottinghamshire Police,Nottinghamshire Police,-0.805646,53.082875,On or near Shopping Area,E01028310,Newark and Sherwood 007F,Offender given a caution
409ab60d0bd15393b0efb43e21b22a20f69b9481220d74f5250d27b6e7d61d52,2013-06,Nottinghamshire Police,Nottinghamshire Police,-0.957846,53.336301,On or near AMELIA COURT,E01028014,Bassetlaw 005B,Suspect charged
77bb9be11be8ef7de87569e04603c04c0252dd0c358ae7b1d3c0dacb24888a81,2013-06,Nottinghamshire Police,Nottinghamshire Police,-0.950666,53.324148,On or near LIME GROVE,E01028013,Bassetlaw 005A,Suspect charged
a17c06b8f7812eb0c0c4518799da1a4071ea758d1a6391893027d7d56c26bf70,2013-06,Nottinghamshire Police,Nottinghamshire Police,-1.202823,53.149725,On or near Parking Area,E01028284,Mansfield 008F,Offender given a caution
691c1d27117a2ef5d838d47495a2879080a77fbb43ece4971dcaa93f5fad444b,2013-06,Nottinghamshire Police,Nottinghamshire Police,-1.193450,53.165554,On or near PARKER'S LANE,E01028272,Mansfield 005C,Offender given penalty notice
10e668df5daae21a93ccd61b63c6bf06592426599d612a33d349a9af2793c6b0,2013-06,Nottinghamshire Police,Nottinghamshire Police,-1.134774,53.125123,On or near RANSOM ROAD,E01028254,Mansfield 012A,Suspect charged
d7e43f030f9ec9d11b50c8243489148394ef162c5f7c45507a1061fa367b1264,2013-06,Nottinghamshire Police,Nottinghamshire Police,-1.196457,53.139075,On or near NOTTINGHAM ROAD,E01028268,Mansfield 008D,Offender given a caution
a23e3112b3ffc1a27c63a78e29282b1815c2a3acdc6efb18d16d2d48da3fe648,2013-06,Nottinghamshire Police,Nottinghamshire Police,-1.228438,53.031864,On or near TOTNES CLOSE,E01027944,Ashfield 015E,Local resolution
f6fe11b046ccc9b919963488dc65587c2d5b12d8e7216b74287c37d4564a75d5,2013-06,Nottinghamshire Police,Nottinghamshire Police,-1.140698,52.989795,On or near FOSTER DRIVE,E01013965,Nottingham 007C,Suspect charged
5282b336e7a6125b1bb486b1fd0409a71bb60df0dd96e42ed654b99faa7526d3,2013-06,Nottinghamshire Police,Nottinghamshire Police,-0.791460,53.059494,On or near GREBE CLOSE,E01028289,Newark and Sherwood 011E,Local resolution
5282b336e7a6125b1bb486b1fd0409a71bb60df0dd96e42ed654b99faa7526d3,2013-06,Nottinghamshire Police,Nottinghamshire Police,-0.791460,53.059494,On or near GREBE CLOSE,E01028289,Newark and Sherwood 011E,Local resolution
5282b336e7a6125b1bb486b1fd0409a71bb60df0dd96e42ed654b99faa7526d3,2013-06,Nottinghamshire Police,Nottinghamshire Police,-0.791460,53.059494,On or near GREBE CLOSE,E01028289,Newark and Sherwood 011E,Local resolution
5282b336e7a6125b1bb486b1fd0409a71bb60df0dd96e42ed654b99faa7526d3,2013-06,Nottinghamshire Police,Nottinghamshire Police,-0.791460,53.059494,On or near GREBE CLOSE,E01028289,Newark and Sherwood 011E,Local resolution
e56a4a43edf95d419b888a138f66564a5e75e6258e46db95d14060ddcf538ff9,2013-06,Nottinghamshire Police,Nottinghamshire Police,-1.252758,52.997420,On or near NOEL STREET,E01028102,Broxtowe 004A,Suspect charged
9bb2b7c3fb7fcdc0e90d0fdbd08f44d5356048f4c04f9f4f735d7062e8f13a59,2013-06,Nottinghamshire Police,Nottinghamshire Police,-1.164068,53.011617,On or near AUGUSTINE GARDENS,E01028147,Gedling 016C,Local resolution
fef9a6a58b07d4c48e42b05f8f86dfd1d1d9e15099f1c42103d9de74f3443067,2013-06,Nottinghamshire Police,Nottinghamshire Police,-1.130999,53.006903,On or near STANHOPE ROAD,E01028143,Gedling 004A,Offender given a caution
65f3e9d0babe279093997f7fdca9852be76c5190389d9b690cbd70d0271c3122,2013-06,Nottinghamshire Police,Nottinghamshire Police,-1.123658,53.005132,On or near ROOKERY GARDENS,E01028209,Gedling 005D,Offender given a caution
ddbd2e468b621288818070debef72aa38a5f9a858579ef30223dbd23ea47d6b3,2013-06,Nottinghamshire Police,Nottinghamshire Police,-1.081821,53.036981,On or near Supermarket,E01028151,Gedling 002B,Suspect charged
dd43c6aafad75a3ab960d8659e4947f58d3b7bb1e0f5afda85784ac77f6e2b62,2013-06,Nottinghamshire Police,Nottinghamshire Police,-1.120482,53.038972,On or near Parking Area,E01028152,Gedling 002C,Suspect charged
9e7fd2c4024eb3d9054db48ea406c4960120658d4f7e8671d9827a10592a231d,2013-06,Nottinghamshire Police,Nottinghamshire Police,-1.127715,52.965752,On or near HURCOMB STREET,E01013942,Nottingham 016D,Suspect charged
663978dc0b7e6ae2c25677c1f653b02c136ef4bdbc8b9ee685813c24eef84306,2013-06,Nottinghamshire Police,Nottinghamshire Police,-1.205334,52.983520,On or near BELLS LANE,E01013825,Nottingham 011D,Suspect charged
cb9c4b40518eb6a025c9dab97ec5b7066ef4133e11d7f3ebc02fac47a042b4ed,2013-06,Nottinghamshire Police,Nottinghamshire Police,-1.210182,52.968378,On or near Petrol Station,E01013861,Nottingham 020B,Offender given a drugs possession warning
2a93c6b0f933851ca7250846487d0f60213048c890025f628f1a65477997541c,2013-06,Nottinghamshire Police,Nottinghamshire Police,-1.146942,52.957172,On or near Shopping Area,E01033409,Nottingham 023H,Local resolution
6551c50d27ac2d3bc1c7874092c75abb8076dfef142c4002e6159488f8bfb644,2013-06,Nottinghamshire Police,Nottinghamshire Police,-1.165737,52.965234,On or near Parking Area,E01013815,Nottingham 022C,Suspect charged
64bc0c2f82c7a46d328b4611aa8f823c3c2c028972b92acc7743684ec3de7ff8,2013-06,Nottinghamshire Police,Nottinghamshire Police,-1.194019,52.958381,On or near LAMBIE CLOSE,E01013978,Nottingham 027B,Local resolution
bde7ca32b1dceb30a9fc25e39e1b0fbcece948412c6d1b514e966a787d64231d,2013-06,Nottinghamshire Police,Nottinghamshire Police,-1.174002,52.936211,On or near CLIFTON BOULEVARD,E01013928,Nottingham 031G,Offender given penalty notice
e72746ab9ea383d3231d8a31b972820fdcaeafff8f9229e991e2f18a079d228a,2013-06,Nottinghamshire Police,Nottinghamshire Police,-1.133823,53.326103,On or near Supermarket,E01028049,Bassetlaw 006D,Suspect charged as part of another case
a160cb76bf4a8a43a0b33a06c9277e7a0a7dd1f946653dc58d877c3d859db633,2013-06,Nottinghamshire Police,Nottinghamshire Police,-1.121127,53.303880,On or near Supermarket,E01028068,Bassetlaw 012D,Suspect charged as part of another case
be904f380e2d50b9520952e1b6ada700852ee5cff228e45a036b12e27dd1e0d6,2013-06,Nottinghamshire Police,Nottinghamshire Police,-1.104052,53.114225,On or near CROWN CLOSE,E01028342,Newark and Sherwood 006E,Suspect charged
02b6f6727bc2b45cdcbcae382e532cb17330a9b34d4e2e1ed974af28fc621050,2013-06,Nottinghamshire Police,Nottinghamshire Police,-1.103864,53.118224,On or near RUFFORD AVENUE,E01028296,Newark and Sherwood 006A,Suspect charged
0edb52f0e16f2c94a031cb94286310081a55acf98499bfa4781f155be02dfb92,2013-06,Nottinghamshire Police,Nottinghamshire Police,-1.099848,53.115919,On or near SAPPHIRE CLOSE,E01028344,Newark and Sherwood 006G,Suspect charged
122744e7d0ce4a72f5cb119171e608f83bbbefe9bbf3b97d7e480ca8ff41597e,2013-06,Nottinghamshire Police,Nottinghamshire Police,-1.102193,53.113789,On or near KINGS MEADOW,E01028344,Newark and Sherwood 006G,Suspect charged
8726f1aaa3948dec938c974708d88bc93828b0ba6a037aafc53403a7acc7d169,2013-06,Nottinghamshire Police,Nottinghamshire Police,-1.115033,53.096041,On or near ANDREW DRIVE,E01028298,Newark and Sherwood 006B,Offender given a caution
8eefcb9fc6c2ac09fe2ff8cda9047feacfb2879d9d9766ef1a4efa3176518289,2013-06,Nottinghamshire Police,Nottinghamshire Police,-1.134568,53.220901,On or near LAXTON DRIVE,E01028257,Mansfield 001B,Offender given a caution
a01a84aebcb5450b699eab2e579eb2df284d3da44ace20a9a05059d4837d8d3b,2013-06,Nottinghamshire Police,Nottinghamshire Police,-1.243861,53.172240,On or near MEDEN BANK,E01033392,Mansfield 006G,Suspect charged
af64c0d2a8bde5c346e5f8bbdb551feeedf85962fc39332e15908477284b9453,2013-06,Nottinghamshire Police,Nottinghamshire Police,-1.199525,53.146970,On or near WEST GATE,E01028284,Mansfield 008F,Suspect charged
317ba31e7cc5c2640ef80c73ea196994b1efa55fdc553ef720e44b387a70b254,2013-06,Nottinghamshire Police,Nottinghamshire Police,-1.196687,53.145180,On or near Shopping Area,E01028284,Mansfield 008F,Suspect charged
e7ef625e1caa3752e372ad609592cf5acc6b1a58b5877ee340f7361a6e03ba03,2013-06,Nottinghamshire Police,Nottinghamshire Police,-1.202845,53.048281,On or near ROBEY CLOSE,E01027934,Ashfield 013C,Offender given a drugs possession warning
da979052a038461d241a832a4df596d27f96347200b8268c236302c28becd0c3,2013-06,Nottinghamshire Police,Nottinghamshire Police,-1.224022,53.024527,On or near KINGSWAY GARDENS,E01027941,Ashfield 016D,Suspect charged
573739398688692b47bb4e27be2de96d4fc9593ecfe70118bd329b40892149f0,2013-06,Nottinghamshire Police,Nottinghamshire Police,-1.255998,53.131335,On or near SLATER STREET,E01027967,Ashfield 004A,Offender given a caution
7897aa7dc19ef253cd5b72037ba4b51f0423c095f925f5fd17c0abb9a045931b,2013-06,Nottinghamshire Police,Nottinghamshire Police,-1.271812,53.117131,On or near LONGWOOD DRIVE,E01027992,Ashfield 006F,Suspect charged
a305e129c1f218b51a4b6d56736a1ee356ec121f8116316feab90215d53bf0a2,2013-06,Nottinghamshire Police,Nottinghamshire Police,-1.263820,53.124867,On or near MARKET STREET,E01027968,Ashfield 005C,Suspect charged
60ee2f2c67c84c1ca99a98c80da34cc5e537ad2bd1f0ac156a87dbc0d1f7a66a,2013-06,Nottinghamshire Police,Nottinghamshire Police,-1.143704,52.968143,On or near GORSEY ROAD,E01013943,Nottingham 015D,Offender given a caution
c74946a091585be37ce20212f4f7a7ad4d7f3775e1e88d1a6ef9c2ddd0600f50,2013-06,Nottinghamshire Police,Nottinghamshire Police,-1.193216,53.004734,On or near SHIPSTONES YARD,E01013882,Nottingham 002D,Investigation complete; no suspect identified
39eb2d58e05f5075d6712b46fb53d7316748d68d37388e2ed0e01bd7f5c851e7,2013-06,Nottinghamshire Police,Nottinghamshire Police,-1.196633,53.004524,On or near MERCHANT STREET,E01013882,Nottingham 002D,Investigation complete; no suspect identified
962d4cf737194f3d24aa59a89d721f1e99c68963ba05cbcc9dd220a1bcb694b5,2013-06,Nottinghamshire Police,Nottinghamshire Police,-0.970616,53.271834,On or near MAPLE DRIVE,E01028040,Bassetlaw 014A,Suspect charged
ba3d798353489dcdc26a71c674f86d9abe63b6bbef3ba4d6104afeb67c77b088,2013-06,Nottinghamshire Police,Nottinghamshire Police,-1.184922,53.134070,On or near MILLRISE ROAD,E01033389,Mansfield 013G,Suspect charged
64416dd6b6cd2c49cee7a98ada162f2cd904893f0c9fa6f007814bb2d7c59384,2013-06,Nottinghamshire Police,Nottinghamshire Police,-1.259090,53.134015,On or near BEECHDALE CRESCENT,E01027970,Ashfield 002A,Offender given a caution
51dc9bb373e11c9d604506c17b7481b9a91a95b909dcae9450c32d4fbf843587,2013-06,Nottinghamshire Police,Nottinghamshire Police,-1.274256,53.123699,On or near OXFORD STREET,E01027969,Ashfield 006A,Suspect charged
6948f97c401cdb13a2c6ab4cdf6ccdea024c55023475ed51a780a12ab7bf0086,2013-06,Nottinghamshire Police,Nottinghamshire Police,-1.275853,53.130064,On or near WILLOW CRESCENT,E01027966,Ashfield 003A,Offender given a caution
047a2ba86a0a6a3a465336e66272085bc63e53e4dafde878c4e6fba483c4df46,2013-06,Nottinghamshire Police,Nottinghamshire Police,-1.278740,52.928712,On or near ALBERT AVENUE,E01028134,Broxtowe 008D,Suspect charged
696314e879218fb2fd2958758fb61dd658d9c9714a9a0eb61c175642b307d400,2013-06,Nottinghamshire Police,Nottinghamshire Police,-1.192648,52.992838,On or near Hospital,E01013891,Nottingham 004E,Suspect charged
3136d8c65c4b0af24f2b542819cb387d1448650b009fe4d73afd3bd77fbc9235,2013-06,Nottinghamshire Police,Nottinghamshire Police,-1.206441,53.027117,On or near FARLEYS LANE,E01027926,Ashfield 016A,Offender given a caution
06aee906892f6e472bb3a1658f42fa0ac525192c41abb7ed0e28080f9a9bcdde,2013-06,Nottinghamshire Police,Nottinghamshire Police,-1.193937,53.003616,On or near JENNISON STREET,E01013885,Nottingham 002E,Local resolution
540fc468fa2d3a6db28034a44c51b10b07fff2a752ede25d9e25220170cfa65d,2013-06,Nottinghamshire Police,Nottinghamshire Police,-1.194870,52.980717,On or near NUTHALL ROAD,E01013819,Nottingham 013A,Offender given a caution
00c9b0a40b0dff23bd0f5abd508adcd8471a47803f77487e0d88841bb74243fc,2013-06,Nottinghamshire Police,Nottinghamshire Police,-1.186683,52.960633,On or near AINSLEY ROAD,E01013933,Nottingham 019D,Offender given a caution
b570c7159769743a10738538733e862520faccaa094d7ee667530f5dfd7b4998,2013-06,Nottinghamshire Police,Nottinghamshire Police,-1.148358,52.951797,On or near Shopping Area,E01033400,Nottingham 039B,Local resolution
b570c7159769743a10738538733e862520faccaa094d7ee667530f5dfd7b4998,2013-06,Nottinghamshire Police,Nottinghamshire Police,-1.148358,52.951797,On or near Shopping Area,E01033400,Nottingham 039B,Local resolution
55f238a9ecbdedaa79114801808db7f01751f07e35a752cd019aeec51b93276d,2013-06,Nottinghamshire Police,Nottinghamshire Police,-1.180828,52.956125,On or near AUCKLAND CLOSE,E01033396,Nottingham 026H,Suspect charged
fbd2f64fe90e5569766bf5388dc5f1b01527313c91eabf652ecba6360f395000,2013-06,Nottinghamshire Police,Nottinghamshire Police,-1.146601,52.954068,On or near THURLAND STREET,E01033406,Nottingham 039E,Offender given a caution
57de776caa6aa67107a9150ac5f87611f150624499c1d9ab0e180354bc016819,2013-06,Nottinghamshire Police,Nottinghamshire Police,-1.181484,52.965514,On or near BOBBERS MILL BRIDGE,E01013930,Nottingham 019A,Offender given penalty notice
62ab6fd087b2feaf62fe22a67d38f9d004af102575fe355314720771dabb14f2,2013-06,Nottinghamshire Police,Nottinghamshire Police,-1.140431,52.953691,On or near HOCKLEY,E01033407,Nottingham 039F,Suspect charged
f05842ef8f33224826f368e55a28c43af36295c7c342c84774155a9d4ce7a492,2013-06,Nottinghamshire Police,Nottinghamshire Police,-1.152112,52.954683,On or near Parking Area,E01033406,Nottingham 039E,Local resolution
116149a1446c55d0b8d1406289e744156880a710b2c5018f07e1fa2c6f89923e,2013-06,Nottinghamshire Police,Nottinghamshire Police,-0.812704,53.072158,On or near ALBERT STREET,E01028335,Newark and Sherwood 009E,Local resolution
b58f6f9228b93d67100659246bc2b63f09c54c349e5c33053711b56da4e9432c,2013-06,Nottinghamshire Police,Nottinghamshire Police,-0.949775,53.306602,On or near MILLFIELD CLOSE,E01028019,Bassetlaw 010C,Offender given a caution
1a38d6b292dc7ac53e4220f434a5c613d020389dc1a75ebe1c78a41f92ebbbed,2013-06,Nottinghamshire Police,Nottinghamshire Police,-1.181812,53.141186,On or near MILL STREET,E01028233,Mansfield 009A,Offender given a caution
ddeb2c9e3cd32a44d96bb2731c3e7c2301eab0ce4e0414d89dd635002705b824,2013-06,Nottinghamshire Police,Nottinghamshire Police,-0.908074,52.911798,On or near ORCHARD CLOSE,E01028420,Rushcliffe 010C,Suspect charged
4fe96e84646f3213e6a5e5cddea2f0a51c4705b990bfaa0b3ee9c55d99982b1b,2013-06,Nottinghamshire Police,Nottinghamshire Police,-1.138644,52.957508,On or near SCARBOROUGH STREET,E01033401,Nottingham 023F,Local resolution
422ed71d9b21b664cb45f7a0f53e2dc3705ac266d2bc6f0468c1965103d7e926,2013-06,Nottinghamshire Police,Nottinghamshire Police,-1.295967,53.053327,On or near HANKIN AVENUE,E01027994,Ashfield 012D,Offender given a caution
e0c123d9235af143fbc7e7b2552882151417ea87640b5aef8bed76d99e3d4185,2013-06,Nottinghamshire Police,Nottinghamshire Police,-1.135827,52.934501,On or near LOUGHBOROUGH ROAD,E01028417,Rushcliffe 005E,Offender given a caution
f90a231ac10ad4ff2eae4a05b0c692cb1d0b5778a36fd28c126e94668d322246,2013-06,Nottinghamshire Police,Nottinghamshire Police,-1.272990,53.000215,On or near VALLEY ROAD,E01028105,Broxtowe 016A,Suspect charged
ce2058fc54f2cf406fed6bde7782061a43d1fda2f6209efcbbd936c0ad3be39d,2013-06,Nottinghamshire Police,Nottinghamshire Police,-1.117594,52.967790,On or near BRIARBANK AVENUE,E01028161,Gedling 013B,Local resolution
89f06ec690e437f703ac3fc192e7b386b43c60b866a42b3a14cc7fe6b4a1150a,2013-06,Nottinghamshire Police,Nottinghamshire Police,-1.158089,53.006388,On or near STONEACRE,E01013850,Nottingham 038B,Local resolution
3ab065197a2916a1accc61c54d6d6b8b2bb943c2a078050657458152c65dd6f3,2013-06,Nottinghamshire Police,Nottinghamshire Police,-1.183120,52.987730,On or near BULWELL LANE,E01013836,Nottingham 008E,Offender given a caution
196bf1a76359d3cb08834ae94515154fa4c9d70cd11fb03796b971b26d8ba0b1,2013-06,Nottinghamshire Police,Nottinghamshire Police,-1.200429,52.973275,On or near AMERSHAM RISE,E01013823,Nottingham 013D,Suspect charged
97faffed016b3d0d283a5c51bc7f18dea677d52548afb56d3302784389c45358,2013-06,Nottinghamshire Police,Nottinghamshire Police,-1.172947,53.003274,On or near THORNBURY WAY,E01013893,Nottingham 001C,Suspect charged
290e0d29ae41df1bcf8492af760d974ca70afe51c89db0a96788e13ff68349de,2013-06,Nottinghamshire Police,Nottinghamshire Police,-1.145710,52.955473,On or near CLARE STREET,E01033409,Nottingham 023H,Suspect charged
b11b44d34b714b1d0dd2f19404f6b35d45c3ea816bd34bc60250f86650270774,2013-06,Nottinghamshire Police,Nottinghamshire Police,-1.146942,52.957172,On or near Shopping Area,E01033409,Nottingham 023H,Offender given a caution
1f5f512fc67254878046641f7da47b38ed53869d9ce973d1befce02e0a946c31,2013-06,Nottinghamshire Police,Nottinghamshire Police,-1.146601,52.954068,On or near THURLAND STREET,E01033406,Nottingham 039E,Offender given a caution
d76e3e71aceda077f8e4d636b0724538e24f21d723660f1abdd53601c52f5f1d,2013-06,Nottinghamshire Police,Nottinghamshire Police,-1.164590,52.958331,On or near NEWDIGATE STREET,E01013814,Nottingham 022B,Suspect charged
8b11a853607289e9771381f100c45195420ac77a5b42f6179afdac47555db2e7,2013-06,Nottinghamshire Police,Nottinghamshire Police,-1.169756,52.966853,On or near Supermarket,E01013846,Nottingham 018E,Suspect charged
d73f17b032ebfb2fcce4073b7457f74b23201589fe0c29e1a90239ad56409821,2013-06,Nottinghamshire Police,Nottinghamshire Police,-1.138633,52.994760,On or near Petrol Station,E01013963,Nottingham 007A,Offender given a drugs possession warning
cf45f628846fbac0cb16257993f6f9f09d97f3c44f8499cc283555926b4b10de,2013-06,Nottinghamshire Police,Nottinghamshire Police,-1.145030,52.980899,On or near MANSFIELD STREET,E01013969,Nottingham 010C,Suspect charged
f63d8747cef544c4e182e68b1acab1d4288bfcfc6126fa990e3a07e19d989762,2013-06,Nottinghamshire Police,Nottinghamshire Police,-1.151148,52.952195,On or near Nightclub,E01033400,Nottingham 039B,Offender given a caution
0ecb37b7f16614fcfd657146f722a5e7fd181521498a429025d9484d09177eb9,2013-06,Nottinghamshire Police,Nottinghamshire Police,-1.149477,52.954655,On or near KING STREET,E01033406,Nottingham 039E,Offender given a caution
81bbc86b8f642c6b6000b484159f2b8d4d04b620bb62a1195c0f3255d5291082,2013-06,Nottinghamshire Police,Nottinghamshire Police,-0.956388,53.333295,On or near LOWFIELD,E01028014,Bassetlaw 005B,Offender given a caution
f98d8a9f92218ec443f7cfea89ff7793c29855269a3a04a638d602759add62cd,2013-06,Nottinghamshire Police,Nottinghamshire Police,-0.948537,53.308749,On or near Supermarket,E01028019,Bassetlaw 010C,Offender given a caution
3f90e8312f78db9f79d3f0727b991a0a2bc532cfb38dd84239e35afb4e26f872,2013-06,Nottinghamshire Police,Nottinghamshire Police,-1.199734,53.145371,On or near Shopping Area,E01028284,Mansfield 008F,Offender given a drugs possession warning
88458a84cdf0b94cdc9f372cd2d70bbc08797dbf0263d4da8db86dc526fd798b,2013-06,Nottinghamshire Police,Nottinghamshire Police,-1.136745,52.932494,On or near A606,E01028417,Rushcliffe 005E,Local resolution
a29726770b653658a4204a174e9c7b47b3283729ee10c0cbe57c2efd5299d603,2013-06,Nottinghamshire Police,Nottinghamshire Police,-1.094520,52.903368,On or near HALL FARM CLOSE,E01028412,Rushcliffe 012B,Local resolution
8962368487b3ea65063f7502ce0b720534db2993b6b1d6d0942614c0de7f05d6,2013-06,Nottinghamshire Police,Nottinghamshire Police,-1.171706,52.966858,On or near KIRKSTEAD STREET,E01013811,Nottingham 018B,Suspect charged
d0470b3cd01f24ab30b246f115b3801f240bae0c8b66b5339cd0c0c648489d71,2013-06,Nottinghamshire Police,Nottinghamshire Police,-1.261435,53.101012,On or near GLADSTONE TERRACE,E01027955,Ashfield 008B,Offender given community sentence
22b8be800a1fe28482fd9ca5784f9e16d79b17980c38c4dca81578a43f6ec0e4,2013-06,Nottinghamshire Police,Nottinghamshire Police,-1.149881,52.950775,On or near STANFORD STREET,E01033400,Nottingham 039B,Offender given community sentence
54e0c140a63460e0e10bc6cb590dd6fb04c058d13dee327fe883fb5b55bb4b28,2013-06,Nottinghamshire Police,Nottinghamshire Police,-1.150053,52.948097,On or near CANAL STREET,E01033400,Nottingham 039B,Offender sent to prison
f2e8c658d923f772f11e69742c69cd12a6683e70b34aa7155ddc1f8409fda9c8,2013-06,Nottinghamshire Police,Nottinghamshire Police,-1.140188,52.954687,On or near Parking Area,E01033405,Nottingham 023G,Offender given conditional discharge
818578a85d3ae54c098a690ab44a3a085362986f1bf9ac74808f1243f9a8e478,2013-06,Nottinghamshire Police,Nottinghamshire Police,-0.769815,53.095941,On or near Airport/Airfield,E01028353,Newark and Sherwood 004D,Offender sent to prison
8be0ed7a20cae33171d7c5efd3fb5f6af0f6cc7df61dfa66a23b598aa2e7b862,2013-06,Nottinghamshire Police,Nottinghamshire Police,-1.258914,53.102561,On or near BULWER ROAD,E01027955,Ashfield 008B,Offender given community sentence
77a4ce99e6c28fdd13aee2c4237610ca912ae6b0c556eb785e186109b40bb2cc,2013-06,Nottinghamshire Police,Nottinghamshire Police,-1.136070,52.957426,On or near PAXTON GARDENS,E01013954,Nottingham 021A,Offender sent to prison
983a0cdb8c340dee5b4a06779d8361efada9e8356c88f89c09e48b190eb8e0fc,2013-06,Nottinghamshire Police,Nottinghamshire Police,-1.144307,52.968516,On or near VICKERS STREET,E01013943,Nottingham 015D,Offender given community sentence
3ae3358093d88ca5113c88f96d4421cdad84eb9b707c11f5a0e81566e946caa4,2013-06,Nottinghamshire Police,Nottinghamshire Police,-1.161281,53.151444,On or near Sports/Recreation Area,E01028239,Mansfield 007C,Offender fined
111dd669b08fe144e6fd4d375bc5988d1626a6d0205dc9d752ede521e205e1f1,2013-06,Nottinghamshire Police,Nottinghamshire Police,-0.810182,53.060779,On or near SYCAMORE CLOSE,E01028320,Newark and Sherwood 010E,Offender fined
b33cec3f48bb69ce3f50bf32523192f734d4591787765667918bcb73d849e27a,2013-06,Nottinghamshire Police,Nottinghamshire Police,-1.119636,52.984562,On or near Parking Area,E01028194,Gedling 010B,Offender sent to prison
13cb6b22e892b03b9de1ad2d92b290cd35e9bf11f0aa22672d14f0fc0e9823a5,2013-06,Nottinghamshire Police,Nottinghamshire Police,-1.230794,53.033588,On or near DAWLISH CLOSE,E01027944,Ashfield 015E,Defendant found not guilty
bb30b69c70587201533bf08848e9498801cf0ee76d16dcf4e9e364e8a495a021,2013-06,Nottinghamshire Police,Nottinghamshire Police,-1.129665,53.303169,On or near BROOK TERRACE,E01028062,Bassetlaw 013C,Offender sent to prison
722bb0749249d2498b388be5d3082fd238a4dc8c4dcef3bed5f6a93853f6f288,2013-06,Nottinghamshire Police,Nottinghamshire Police,-1.255509,53.130226,On or near Parking Area,E01027967,Ashfield 004A,Offender sent to prison
b38c136845672c403050c512533942103337360b6226e44e261d8dbb007d337d,2013-06,Nottinghamshire Police,Nottinghamshire Police,-1.152397,52.953777,On or near LONG ROW WEST,E01033400,Nottingham 039B,Offender sent to prison
8ce36eead9749c0ec15b16f648a65e8431a1149dc38079e3110cd33abe26d781,2013-06,Nottinghamshire Police,Nottinghamshire Police,-1.036918,52.988676,On or near WHEATSHEAF COURT,E01028149,Gedling 008B,Offender given suspended prison sentence
3b68ba5baa13d6b63998b9b2278b4f5f4edf13c822771b4ff35299cd7be7c54a,2013-06,Nottinghamshire Police,Nottinghamshire Police,-1.161911,52.979087,On or near HAYDN ROAD,E01013840,Nottingham 012D,Offender given community sentence
375c9281a86b25d706fb94d91d1642b0092c4c9f97abe4881908218602ce0cfc,2013-06,Nottinghamshire Police,Nottinghamshire Police,-1.226189,53.139173,On or near SKEGBY LANE,E01028245,Mansfield 010D,Offender given community sentence
2780435a71878f319026557d0de0164aa6b71f7a1cd27424b2732727206eb8b7,2013-06,Nottinghamshire Police,Nottinghamshire Police,-1.129023,52.933247,On or near Supermarket,E01028416,Rushcliffe 005D,Offender sent to prison
90532c0347b7f89c830f1d2b21a536d5970e1ed18e6ad9ec12e2f4ae0adbe36c,2013-06,Nottinghamshire Police,Nottinghamshire Police,-1.239102,53.133422,On or near BLACKMIRES WAY,E01027985,Ashfield 004E,Defendant found not guilty
14ca1524ce6b1a4adbf81ba42a43a509596ddc34365f5a9cfd0e716c772a6fd0,2013-06,Nottinghamshire Police,Nottinghamshire Police,-1.211207,52.976736,On or near CAMPBELL CLOSE,E01013821,Nottingham 013C,Offender sent to prison
971255f59c9d45ed7142854c690354965a02e5615344d5bea2946e92a0084777,2013-06,Nottinghamshire Police,Nottinghamshire Police,-1.151158,52.953211,On or near BEAST MARKET HILL,E01033400,Nottingham 039B,Offender sent to prison
46d28486acedf5b6a683d6ff9377baaeaf564c4cc9211f26a6eac8a64ca4fb20,2013-06,Nottinghamshire Police,Nottinghamshire Police,-1.194019,52.958381,On or near LAMBIE CLOSE,E01013978,Nottingham 027B,Offender given suspended prison sentence
372309d3768c51d83229fd2aaa3a48072fc2127bd10f9bebc26b91070e0642bd,2013-06,Nottinghamshire Police,Nottinghamshire Police,-1.168127,52.976452,On or near MONSALL STREET,E01013839,Nottingham 012C,Offender otherwise dealt with
8af6fdaa0581187576b9d4599c99e7c63f1f4c5708dd872b27e04d57d39ef7c8,2013-06,Nottinghamshire Police,Nottinghamshire Police,-0.802079,53.074227,On or near BARNBY GATE,E01028294,Newark and Sherwood 007A,Offender sent to prison
b914c0d8c79457dced504b0f59cbf2208014b341145aeb2a2c8d1b6927ef311c,2013-06,Nottinghamshire Police,Nottinghamshire Police,-1.145710,52.955473,On or near CLARE STREET,E01033409,Nottingham 023H,Offender sent to prison
bef73a28725bcdf3b8fccc55126cf56052747e1a4e0a09108ac8f7e880e0823f,2013-06,Nottinghamshire Police,Nottinghamshire Police,-1.220221,52.974027,On or near Petrol Station,E01013822,Nottingham 011C,Offender given community sentence
bb56d0046465788c0ccdb299a339ea99cf72903754f9226d10f4f28a9ad22463,2013-06,Nottinghamshire Police,Nottinghamshire Police,-1.179605,52.957015,On or near RIFLE STREET,E01033396,Nottingham 026H,Offender given community sentence
6a892f86cf387270368b354d7d1338236d447a571c8a3c5a96a5ddafac942b56,2013-06,Nottinghamshire Police,Nottinghamshire Police,-1.197417,53.143719,On or near MARKET HOUSE PLACE,E01028268,Mansfield 008D,Court case unable to proceed
ab3859b346c91b047c69573e4003afc9812f396de628e7ea3e4068b197d0289d,2013-06,Nottinghamshire Police,Nottinghamshire Police,-1.304085,53.010586,On or near WEBSTER AVENUE,E01028113,Broxtowe 002D,Offender given conditional discharge
32aa524f649272c4d510fcf47b2234c1fd56f114e3c55be8602f6b1bf998e5d1,2013-06,Nottinghamshire Police,Nottinghamshire Police,-1.199015,53.144638,On or near Shopping Area,E01028284,Mansfield 008F,Offender given suspended prison sentence
bc72e8c401d7cbecf3d920929a8e913ab18c3b188508960b84a194a9c6743712,2013-06,Nottinghamshire Police,Nottinghamshire Police,-1.159431,53.151979,On or near FOURTH AVENUE,E01028239,Mansfield 007C,Offender given community sentence
6f0a4ddd24b081d419bed7791d889a160a63ef82272f6929ff4453ed345abce7,2013-06,Nottinghamshire Police,Nottinghamshire Police,-1.200395,53.144378,On or near Parking Area,E01028284,Mansfield 008F,Offender fined
0a17fc4b35942bad6f92836cf641b5c57c412b8fa4daca4713be6cc65b02dcd8,2013-06,Nottinghamshire Police,Nottinghamshire Police,-1.159049,53.151635,On or near FIFTH AVENUE,E01028239,Mansfield 007C,Offender given suspended prison sentence
c5828750cf9e9707c934250ec734737da20f6c7c499af4e2027cbff280cffc8f,2013-06,Nottinghamshire Police,Nottinghamshire Police,-1.090333,52.871144,On or near Supermarket,E01028383,Rushcliffe 013D,Offender given conditional discharge
2e56ee42cd0166bba96acfd20229d72c0896b103b1b13ce784eb13818a6caea6,2013-06,Nottinghamshire Police,Nottinghamshire Police,-1.126996,52.948991,On or near COSBY ROAD,E01013920,Nottingham 029C,Offender sent to prison
71316ae35ef3eaaae6f53eeb91ee8e85cac02a372f9f8df4c1b46c001f074bae,2013-06,Nottinghamshire Police,Nottinghamshire Police,-1.093170,52.977971,On or near PERLETHORPE AVENUE,E01028190,Gedling 011B,Offender given conditional discharge
a6b55fe710f25598d5dacef5dc38efcb246a6046df4c1aa47a3e5658a38a17c5,2013-06,Nottinghamshire Police,Nottinghamshire Police,-1.121964,53.309171,On or near CARLTON ROAD,E01028057,Bassetlaw 012A,Offender sent to prison
0ebbbca8df255518940d4504680434b94c4e4220773963402b640d347c2a3ded,2013-06,Nottinghamshire Police,Nottinghamshire Police,-1.149426,53.005832,On or near MILDENHALL CRESCENT,E01032621,Nottingham 038E,Offender given community sentence
64f95021d53d106b228bfec4584b93cd91a1fde4eb28c51486bf069f58b3f90d,2013-06,Nottinghamshire Police,Nottinghamshire Police,-1.183823,53.009704,On or near SHENFIELD GARDENS,E01013894,Nottingham 001D,Offender given conditional discharge
182b78baf1b8a82eed6435791a4ca978fb855955f5a68dabe67fe3e54f985ff3,2013-06,Nottinghamshire Police,Nottinghamshire Police,-1.151325,52.955307,On or near Theatre/Concert Hall,E01013816,Nottingham 022D,Offender given community sentence
0fa0ca5cb073f540c20223e7b2acdb3407a78d370a778008011bed9a188415b4,2013-06,Nottinghamshire Police,Nottinghamshire Police,-1.279053,53.140673,On or near MORLEY STREET,E01027983,Ashfield 001D,Offender sent to prison
6a4ce17042d2b3e49e055865f29a0a58d874c6372154b40c4b39cae22d7b32c8,2013-06,Nottinghamshire Police,Nottinghamshire Police,-1.171574,52.990904,On or near SUNRISE AVENUE,E01013835,Nottingham 008D,Offender given community sentence
9de367b00a4775ca33c3368e2884dd92be4495253550e56a192f5fe65358c234,2013-06,Nottinghamshire Police,Nottinghamshire Police,-1.150199,52.955820,On or near Theatre/Concert Hall,E01033409,Nottingham 023H,Offender given conditional discharge
02c088f6870746247f2fd6e2d601c10bca2bd8a36791c3987b1de2ac6d1cb1ee,2013-06,Nottinghamshire Police,Nottinghamshire Police,-1.177468,52.963752,On or near RADFORD BOULEVARD,E01013944,Nottingham 026A,Offender sent to prison
5d3218b201cf6a42835881e1055e8bd348fc89f7f18fe7c7ffd86627cc91ed4d,2013-06,Nottinghamshire Police,Nottinghamshire Police,-1.199465,53.141315,On or near PORTLAND STREET,E01028268,Mansfield 008D,Offender given community sentence
df903a162c07dea71c7595904ad0ef141d007ce59058a9a3b3765f1b9e8fdf0b,2013-06,Nottinghamshire Police,Nottinghamshire Police,-1.139749,53.301678,On or near MANSFIELD ROAD,E01028063,Bassetlaw 014D,Defendant found not guilty
4f945bb8fa288b7a25e956994a788c0573ef95e14e76cf10419b537c646c5d86,2013-06,Nottinghamshire Police,Nottinghamshire Police,-1.157404,52.974201,On or near ERSKINE ROAD,E01013843,Nottingham 017A,Offender given suspended prison sentence
0fac0a6001c0f908ca5f510f01714c9c896ec6fded8d34b032fad6ea74bd990d,2013-06,Nottinghamshire Police,Nottinghamshire Police,-1.205334,52.983520,On or near BELLS LANE,E01013825,Nottingham 011D,Offender given absolute discharge
435be28aad69ad4609958815a66947960f8e168d8069a1bf2e59995ed89c5064,2013-06,Nottinghamshire Police,Nottinghamshire Police,-0.812944,53.074840,On or near Bus/Coach Station,E01028311,Newark and Sherwood 007G,Offender given conditional discharge
e68bc996bb92a3b169c64c50a3d749758d1563c2a024561f1ed53970800abc0c,2013-06,Nottinghamshire Police,Nottinghamshire Police,-1.101111,52.900973,On or near BENTINCK AVENUE,E01028412,Rushcliffe 012B,Offender given suspended prison sentence
ccc819038199a73c15fe935d53a64673123906eabf4525010697b920e5abee19,2013-06,Nottinghamshire Police,Nottinghamshire Police,-0.811092,53.080817,On or near MATHER ROAD,E01028311,Newark and Sherwood 007G,Offender given suspended prison sentence
c2a270418db9ffc0d3c62f3475a6ca816e46d5a29ce6a37e665859f1213e00d7,2013-06,Nottinghamshire Police,Nottinghamshire Police,-1.180757,52.893647,On or near THE GLADE,E01013911,Nottingham 037D,Defendant found not guilty
dfd0cbb936be342bb7eb0f224a69e3d2ed1177a5e782f3cc619bd747816948b2,2013-06,Nottinghamshire Police,Nottinghamshire Police,-1.123833,52.983235,On or near Petrol Station,E01013935,Nottingham 010A,Offender sent to prison
4eaf93fe5166d6445fc34ddd5d90618e1d9de39b89f2d1eb079ff9478f00f190,2013-06,Nottinghamshire Police,Nottinghamshire Police,-1.196739,53.146421,On or near A6009,E01028284,Mansfield 008F,Offender given community sentence
89457ae4713ff87fa34c1f2d325109a7091fa3ce98431e9e40fa81236ab17993,2013-06,Nottinghamshire Police,Nottinghamshire Police,-1.152693,52.966814,On or near ST ANDREW'S ROAD,E01013941,Nottingham 015C,Offender sent to prison
ccf71238903a0bc5fe427c795294f5cd3ccbc611d963d908b149df0cbf52cf45,2013-06,Nottinghamshire Police,Nottinghamshire Police,-1.146273,52.954111,On or near Theatre/Concert Hall,E01033406,Nottingham 039E,Offender sent to prison
93fe924fd97bef0567efb483ea373079bd4f8d4edcbf8a819498977f2e82a2a8,2013-06,Nottinghamshire Police,Nottinghamshire Police,-1.149979,52.897935,On or near PAGET CRESCENT,E01028407,Rushcliffe 011D,Defendant found not guilty
ec65ea1bc41950e802e0fa42259a7164bf116a5a64515807c69367ef34fc7208,2013-06,Nottinghamshire Police,Nottinghamshire Police,-1.150199,52.955820,On or near Theatre/Concert Hall,E01033409,Nottingham 023H,Offender given suspended prison sentence
a60bc214ea87515cda5fc774de0108a6ea1801c8c8a22e8675067848b1e4721c,2013-06,Nottinghamshire Police,Nottinghamshire Police,-1.144430,52.953199,On or near WARSER GATE,E01033406,Nottingham 039E,Court case unable to proceed
86f3d5a649d25d6187c0e2b0689f46bc632749446b99f8e1881db3849063df10,2013-06,Nottinghamshire Police,Nottinghamshire Police,-1.126382,53.310354,On or near MILL STREET,E01028057,Bassetlaw 012A,Offender sent to prison
6e8e6ae4c6e7e0c9cfa998680dbd2695a00bdea001bdceab85d09ce49dd8094a,2013-06,Nottinghamshire Police,Nottinghamshire Police,-1.121127,53.303880,On or near Supermarket,E01028068,Bassetlaw 012D,Offender sent to prison
d5c2a6e1cf9da97ba66d0242145feb1ebec32bf34fd336f1945c4b3585f04ceb,2013-06,Nottinghamshire Police,Nottinghamshire Police,-1.134774,53.125123,On or near RANSOM ROAD,E01028254,Mansfield 012A,Defendant found not guilty
0b29541dad848cdaad667586a5912a8c41e43b5bd739af91124fd21411b57e17,2013-06,Nottinghamshire Police,Nottinghamshire Police,-1.178939,52.959986,On or near HARTLEY ROAD,E01013947,Nottingham 026D,Offender fined
2dbc9c550e853c806b344f3c0805dccfa2d7ae07b10b294980ec322aed9da824,2013-06,Nottinghamshire Police,Nottinghamshire Police,-1.148818,52.941211,On or near HUMBER CLOSE,E01013871,Nottingham 040B,Offender given suspended prison sentence
480798c686cf79f9e93ba7631b3c729667c190cb4cc814e15ddb9d17e818c318,2013-06,Nottinghamshire Police,Nottinghamshire Police,-1.170316,52.971828,On or near ELSON STREET,E01013842,Nottingham 018D,Offender given suspended prison sentence
4b126bbf544b5a00c9214e6ac2c056a255682fb0352673c7f06e51dc7dc8ef21,2013-06,Nottinghamshire Police,Nottinghamshire Police,-1.194422,53.146387,On or near LEEMING STREET,E01028274,Mansfield 009C,Offender fined
00663a3945185edcf51088164e2c8aa6116bf26155f549fc24ba489547369f54,2013-06,Nottinghamshire Police,Nottinghamshire Police,-1.115422,53.359911,On or near PLOUGH DRIVE,E01028003,Bassetlaw 004C,Offender sent to prison
07212a617ece26c0b5c5806ada4aa2695c272da1a2725996fd240f420a143616,2013-06,Nottinghamshire Police,Nottinghamshire Police,-1.159049,53.151635,On or near FIFTH AVENUE,E01028239,Mansfield 007C,Offender given suspended prison sentence
845e1d83a1f4cdc33d1fb965947fc86e0c4432f6a32a6e1f046f65f41db2ce8f,2013-06,Nottinghamshire Police,Nottinghamshire Police,-1.155815,52.983898,On or near Prison,E01013967,Nottingham 007E,Defendant found not guilty
c0c231fb9bd75a4ff14667b0faffd8c664be2b8c981fbbef218d10f8fc19fb3b,2013-06,Nottinghamshire Police,Nottinghamshire Police,-1.114691,53.292901,On or near NETHERTON ROAD,E01028067,Bassetlaw 013D,Court case unable to proceed
29a21972d5be4f093856fe3c2ad70eeb3724a443b6ef4d954bc72936295d377f,2013-06,Nottinghamshire Police,Nottinghamshire Police,-1.259154,53.122482,On or near REFORM STREET,E01027976,Ashfield 005E,Offender sent to prison
5099c51274399fe09b21b167bc4f69e0b23ae5b3d0fafa45b077b3a03c794192,2013-06,Nottinghamshire Police,Nottinghamshire Police,-1.242110,52.956226,On or near TROWELL AVENUE,E01013863,Nottingham 025D,Defendant found not guilty
3b79729afbf7a6d9e474cd8209a8e1dd350b3690cf16858ac55b27a0dc88d193,2013-06,Nottinghamshire Police,Nottinghamshire Police,-1.191149,53.164640,On or near Supermarket,E01028272,Mansfield 005C,Offender given conditional discharge
e118a5cf6533a605b3a1badf504e441457db9ce47fc23489946c1e89dbc0e82a,2013-06,Nottinghamshire Police,Nottinghamshire Police,-1.148358,52.951797,On or near Shopping Area,E01033400,Nottingham 039B,Offender given suspended prison sentence
d54389e84a125daf8f8f46fe516522a576674f736b7760244cac738fc0cc625d,2013-06,Nottinghamshire Police,Nottinghamshire Police,-0.828297,53.067935,On or near FARNDON ROAD,E01028309,Newark and Sherwood 010B,Offender given community sentence
65a3e0390e8d6b18b9c9b421e4a6cdf6c994bbf6cf5a5a211cd78c65f5a133a5,2013-06,Nottinghamshire Police,Nottinghamshire Police,-1.204512,53.026646,On or near NURSERY CLOSE,E01027926,Ashfield 016A,Offender given community sentence
da472ce25c67e3e36f086333c006ecbc5d227dce8f21fdf95a4c1ea1819982a7,2013-06,Nottinghamshire Police,Nottinghamshire Police,-1.219407,53.026637,On or near Supermarket,E01027942,Ashfield 016E,Offender given community sentence
2c613cd6b9ebaee70a195ecfe01275b4979bd0b718099efae592bc732fe23959,2013-06,Nottinghamshire Police,Nottinghamshire Police,-1.101111,52.900973,On or near BENTINCK AVENUE,E01028412,Rushcliffe 012B,Defendant found not guilty
991c3214cbc7ac362c933379fcd97632b77f0d7bee7b0cf890c4f456b84a91b0,2013-06,Nottinghamshire Police,Nottinghamshire Police,-1.164650,52.972975,On or near REGENT STREET,E01013844,Nottingham 017B,Court case unable to proceed
63df6587e3bd7d92d02d403934c59e13912fcf4edac6970740d9277a6654124a,2013-06,Nottinghamshire Police,Nottinghamshire Police,-1.223712,52.972854,On or near YATESBURY CRESCENT,E01013867,Nottingham 014D,Offender fined
c23e4cec772edf300892e0485f3c959a3905f68aa3b3f100c81eca589988ac2f,2013-06,Nottinghamshire Police,Nottinghamshire Police,-1.122940,53.095695,On or near BUTLER DRIVE,E01028298,Newark and Sherwood 006B,Offender fined
1d3480a1d3116c86a0f466aba6c78ce144ff354727902713736c137c8051c468,2013-06,Nottinghamshire Police,Nottinghamshire Police,-0.806490,53.075018,On or near Parking Area,E01028335,Newark and Sherwood 009E,Offender sent to prison
ba3e3f70bbb0e10eec00d26d1b5cfd4ea04a9264a96a4b9934d2b538309ea82a,2013-06,Nottinghamshire Police,Nottinghamshire Police,-0.778768,53.054546,On or near PINFOLD LANE,E01028288,Newark and Sherwood 011D,Offender given community sentence
52c4ff2d7e457a54fd0bf9476758ea2512d89b88860b758cf151dd2c793b2073,2013-06,Nottinghamshire Police,Nottinghamshire Police,-1.206569,52.975456,On or near BRINSLEY CLOSE,E01013824,Nottingham 013E,Offender given suspended prison sentence
4a8e2a34679a4a2b1ef67cc255bda9ed2205efb50d7b4dffd4c5b4fc23c13c04,2013-06,Nottinghamshire Police,Nottinghamshire Police,-1.154263,52.963454,On or near TUDOR GROVE,E01013815,Nottingham 022C,Offender sent to prison
14af9d40f3fd1605155b8607370f9cf7fa775fca8d6af22535c3b5097655bf2e,2013-06,Nottinghamshire Police,Nottinghamshire Police,-1.203618,53.037103,On or near HANSON CRESCENT,E01027928,Ashfield 014B,Defendant found not guilty
0dade888b8945b686159991197d5c5f72ac2faed839053db8fca1b9e6f23c4cf,2013-06,Nottinghamshire Police,Nottinghamshire Police,-1.230453,53.031805,On or near TENNYSON COURT,E01027944,Ashfield 015E,Defendant found not guilty
a7c695cebc489668764118de1df1e20fe1817bd7a1d15abf7fa367bc385f0154,2013-06,Nottinghamshire Police,Nottinghamshire Police,-0.945320,53.318689,On or near MILL BRIDGE CLOSE,E01028020,Bassetlaw 010D,Offender given community sentence
b63fc068870f31ba91a557eb0ceeca1b312594d6da094e74e3483a7163654434,2013-06,Nottinghamshire Police,Nottinghamshire Police,-1.084138,53.045179,On or near JAMES DRIVE,E01028154,Gedling 002E,Defendant found not guilty
5260f0fb6aa4382ecb233b7c5a1a285127c10a41a1c6c63bd1870682f30030c1,2013-06,Nottinghamshire Police,Nottinghamshire Police,-1.155876,52.979988,On or near WENTWORTH ROAD,E01013970,Nottingham 010D,Defendant found not guilty
eff60e579e2e6797bb91847672f03b687a73854834443881c5ff1b4b4de616ee,2013-06,Nottinghamshire Police,Nottinghamshire Police,-1.258288,53.125057,On or near PORTLAND CLOSE,E01027978,Ashfield 004D,Offender sent to prison
81a90354c1ebf45e7ed99bcbc4c1333362f060425064167c025632e2b66f93aa,2013-06,Nottinghamshire Police,Nottinghamshire Police,-1.107346,52.965790,On or near Supermarket,E01028159,Gedling 014E,Offender sent to prison
2a858c54fe5a2f68ced949452005ba3c01f5b2fd0fb805ee44fac2493f2f9412,2013-06,Nottinghamshire Police,Nottinghamshire Police,-1.259953,52.906815,On or near WHITING AVENUE,E01028139,Broxtowe 015E,Defendant found not guilty
4c7ba0d9d3f2c435b259550518f2372eaa0606a5a58e0f6294286190af1fc94c,2013-06,Nottinghamshire Police,Nottinghamshire Police,-1.163720,52.997995,On or near CHISHOLM WAY,E01013854,Nottingham 006B,Defendant found not guilty
bdb5cdb6900c013bdfe309014bbdbaaf3da613840836ee084dd7f9944b9586b1,2013-06,Nottinghamshire Police,Nottinghamshire Police,-1.142986,52.962259,On or near FESTUS CLOSE,E01013958,Nottingham 023C,Defendant found not guilty
2dbc9c550e853c806b344f3c0805dccfa2d7ae07b10b294980ec322aed9da824,2013-06,Nottinghamshire Police,Nottinghamshire Police,-1.148818,52.941211,On or near HUMBER CLOSE,E01013871,Nottingham 040B,Offender given suspended prison sentence
c791a9fce4e2da1c03d14c9c51c1fc15a729998fa9e3080631f1370539b43332,2013-06,Nottinghamshire Police,Nottinghamshire Police,-0.900778,53.253853,On or near A57,E01028007,Bassetlaw 015B,Offender given community sentence
845e1d83a1f4cdc33d1fb965947fc86e0c4432f6a32a6e1f046f65f41db2ce8f,2013-06,Nottinghamshire Police,Nottinghamshire Police,-1.155815,52.983898,On or near Prison,E01013967,Nottingham 007E,Defendant found not guilty
e1b25af3f70f4eba9757b5319759d32fbaeb70357fb4ef72984a4eb269079488,2013-06,Nottinghamshire Police,Nottinghamshire Police,-1.109168,53.314641,On or near KILTON HILL,E01028042,Bassetlaw 016E,Offender otherwise dealt with
c82d0c555b7853a25ab9284a85d3f146464f9cd58166ca243ce428974c2a90d9,2013-06,Nottinghamshire Police,Nottinghamshire Police,-1.212887,53.004767,On or near STONEY HOUGHTON GARDENS,E01013883,Nottingham 005E,Offender sent to prison
13e66121dc1a4184b875e18b0811c0e8be88b5892b2f96bacf98468d736164dc,2013-06,Nottinghamshire Police,Nottinghamshire Police,-0.815867,53.063515,On or near PIERSON STREET,E01028318,Newark and Sherwood 010C,Offender sent to prison
0824369a72cdea3213d29ccaa404e14aabfcfe65ca7360a6f143da3cf660ee79,2013-06,Nottinghamshire Police,Nottinghamshire Police,-1.143704,52.968143,On or near GORSEY ROAD,E01013943,Nottingham 015D,Court case unable to proceed
89e0ec0222ce19986ee33d1085c4db3726667c80f7c83fb8fd80696bd1db9b06,2013-06,Nottinghamshire Police,Nottinghamshire Police,-1.195665,53.031728,On or near WHYBURN STREET,E01027931,Ashfield 013B,Offender sent to prison
8621c42469d556608d8505984848268968e253f325d15adbbe47db5cc4a2abe6,2013-06,Nottinghamshire Police,Nottinghamshire Police,-1.114489,52.923727,On or near STAMFORD ROAD,E01028397,Rushcliffe 006E,Defendant found not guilty
03751c3a725fe120dc8d11b260df5094de4d1d7b130d36f2dd16b28193772542,2013-06,Nottinghamshire Police,Nottinghamshire Police,-1.148837,52.956215,On or near Supermarket,E01033409,Nottingham 023H,Offender sent to prison
62605ce83c48b39ab76303db95cb105e3a8c46303f8d1ac189c9de4b7bbb10dc,2013-06,Nottinghamshire Police,Nottinghamshire Police,-1.152397,52.953777,On or near LONG ROW WEST,E01033400,Nottingham 039B,Offender sent to prison
f8144c275e4f4b10c183e23062afe3efb381b3a1986f14743dba413ef422a057,2013-06,Nottinghamshire Police,Nottinghamshire Police,-1.123080,53.306681,On or near BRIDGE PLACE,E01028062,Bassetlaw 013C,Offender given community sentence
6569581ef2ec786af9ec69abdb606e6cac2b964872654f7f9516f55ac04408a6,2013-06,Nottinghamshire Police,Nottinghamshire Police,-1.175701,53.005756,On or near BEAUCLERK DRIVE,E01013894,Nottingham 001D,Offender sent to prison
9a046dd3bb897285f6955ad31e3b04de471c12c4f7cd974771fa8f0c953508ad,2013-06,Nottinghamshire Police,Nottinghamshire Police,-1.283436,53.120698,On or near FREDERICK STREET,E01027991,Ashfield 006E,Offender ordered to pay compensation
a839f95fc15610c0dcc7bf78732881eda49ecec9e1a033e600fecdc3c86a4847,2013-06,Nottinghamshire Police,Nottinghamshire Police,-1.317103,53.016810,On or near BAILEY GROVE ROAD,E01028111,Broxtowe 002B,Court case unable to proceed
74148ae4597f73501d04f9286fa1993d4c315bdf329d5fcea242bdc16032d75c,2013-06,Nottinghamshire Police,Nottinghamshire Police,-1.142623,52.952763,On or near RISTE'S PLACE,E01033406,Nottingham 039E,Offender sent to prison
b3ea2c800b5a394d5303d4aa91e255ad27c9a09ecc56314db0fe434d1083922b,2013-06,Nottinghamshire Police,Nottinghamshire Police,-1.123844,53.374930,On or near CHURCH STREET,E01028029,Bassetlaw 004E,Offender sent to prison
332bdb6846074fcd206043ba546e72c257e75703834a4f1863a1c8899493c3b8,2013-06,Nottinghamshire Police,Nottinghamshire Police,-1.281639,53.004312,On or near TANNERY ROAD,E01028116,Broxtowe 003C,Offender sent to prison
382feccba8bc2e777445dea745a1337a94e0734903b8508d2b63b0508fa4c9d3,2013-06,Nottinghamshire Police,Nottinghamshire Police,-1.045951,53.419979,On or near SUFFOLK GROVE,E01028025,Bassetlaw 001C,Offender sent to prison
04ad9e4e23d632c16c3573a9acd840c2b31ca4ed98ec745d7cfbb6d39e15776e,2013-06,Nottinghamshire Police,Nottinghamshire Police,-1.140188,52.954687,On or near Parking Area,E01033405,Nottingham 023G,Offender given conditional discharge
979664bb9ebb2172d386a95bbcf65a10f593c96ff85f3c7890ed66605411a367,2013-06,Nottinghamshire Police,Nottinghamshire Police,-1.202514,53.037950,On or near HIGH STREET,E01027928,Ashfield 014B,Offender given suspended prison sentence
f8d798a24d82e0dc5888df891e92bc4c14dbb4889a037bb3e7cdeb4dba8b4463,2013-06,Nottinghamshire Police,Nottinghamshire Police,-0.812124,53.073177,On or near CLINTON STREET,E01028311,Newark and Sherwood 007G,Offender given community sentence
eecb7067b45cb008f56cd8ac0a83334a10346616f3f7de8ce7cf1efb9a11326f,2013-06,Nottinghamshire Police,Nottinghamshire Police,-1.222357,52.962040,On or near GLAISDALE DRIVE EAST,E01013860,Nottingham 025B,Offender given suspended prison sentence
1831fb8525a1293cf5905eb49b8754a8bf1d3392af5be056ade83d3ad4773037,2013-06,Nottinghamshire Police,Nottinghamshire Police,-1.257659,53.119920,On or near HARDWICK LANE,E01027976,Ashfield 005E,Offender fined
b9ca3bd25f69f8eca875492be3e52a13b8405bec3aec270d96089e379820ad13,2013-06,Nottinghamshire Police,Nottinghamshire Police,-1.265054,53.145414,On or near OVERDALE AVENUE,E01027979,Ashfield 001A,Defendant found not guilty
8c56c2a7a081bfdbe5d5ccf946811c9f4fbdb1046ba70c05e51e874bdca14280,2013-06,Nottinghamshire Police,Nottinghamshire Police,-1.138941,53.220169,On or near MAPLEBECK AVENUE,E01028258,Mansfield 001C,Defendant found not guilty
df58177673598c8bdee560de0c75b9bc613407ea21e40ded3ee736071fbb1ff6,2013-06,Nottinghamshire Police,Nottinghamshire Police,-1.125627,53.306169,On or near Shopping Area,E01028062,Bassetlaw 013C,Offender otherwise dealt with
579bfc0dcd7b8a75e45ed68dee451dea5916f5f99ee3c929d5c404dd69b09883,2013-06,Nottinghamshire Police,Nottinghamshire Police,-1.104236,53.301408,On or near HARDWICK CRESCENT,E01028066,Bassetlaw 012C,Court case unable to proceed
25d0ef91ca99dd00fd852a6977a7af9016f93bdc46475fa71e009a9318e18eac,2013-06,Nottinghamshire Police,Nottinghamshire Police,-1.210391,52.929132,On or near Sports/Recreation Area,E01028073,Broxtowe 011A,Defendant found not guilty
f86989691a0828ad6a8a207bf3302063a664ae5c5e175e19f59ac83a70811956,2013-06,Nottinghamshire Police,Nottinghamshire Police,-1.167329,52.933512,On or near CENTURION WAY,E01013870,Nottingham 040A,Offender given conditional discharge
3958d0f2f175c585c39a2c834f9f2e7d8eecef5e102c68de0e54b2d490e6cc7c,2013-06,Nottinghamshire Police,Nottinghamshire Police,-1.194288,52.999186,On or near STATION ROAD,E01013888,Nottingham 004B,Defendant found not guilty
78fe3d7dca4411e25fae500cef56b94bcbc04a012ff8ca863810206555affa86,2013-06,Nottinghamshire Police,Nottinghamshire Police,-1.152397,52.953777,On or near LONG ROW WEST,E01033400,Nottingham 039B,Offender sent to prison
29ffbc47e04533223f08b975d562fbfd69759d05fd8b585415ee3e31b31e1095,2013-06,Nottinghamshire Police,Nottinghamshire Police,-1.209583,53.141491,On or near Bus/Coach Station,E01028247,Mansfield 008C,Offender sent to prison
129da1ee006bf899506a08fdba7086c6aafe30b895e21da4b8254882f0bb07a3,2013-06,Nottinghamshire Police,Nottinghamshire Police,-1.256963,53.121291,On or near Sports/Recreation Area,E01027972,Ashfield 004B,Offender sent to prison
4f545ce1f7c6692237954b83979d1950a16dfa7028d408ba4371530df4aa0b58,2013-06,Nottinghamshire Police,Nottinghamshire Police,-1.177218,52.957277,On or near Sports/Recreation Area,E01013947,Nottingham 026D,Offender given community sentence
d8ccef6ee7eb15c3743e61fe726bcd6af1cbd30069c4f30bdb948041b4dfa4e9,2013-06,Nottinghamshire Police,Nottinghamshire Police,-1.150199,52.955820,On or near Theatre/Concert Hall,E01033409,Nottingham 023H,Offender given community sentence
cc52091606ca6e95417607bebb2ce20417000ab33e2ed02a7b3001f0c9f15a2f,2013-06,Nottinghamshire Police,Nottinghamshire Police,-1.123833,52.983235,On or near Petrol Station,E01013935,Nottingham 010A,Offender sent to prison
4000fde0d071502e72bc96ced0908987a0328d38bd44025f047e423faba729a6,2013-06,Nottinghamshire Police,Nottinghamshire Police,-1.207642,53.004706,On or near MILFORD CLOSE,E01013880,Nottingham 002B,Offender sent to prison
5845d52748bbf692ee15aea761069bc1ba413379a7faf9b643af26c3f8297af0,2013-06,Nottinghamshire Police,Nottinghamshire Police,-1.162202,53.156385,On or near FUCHSIA WAY,E01028241,Mansfield 007E,Defendant found not guilty
0e070be3f32a506dbe9bfee7fd5126842aff18ad07aa648c53d261bb8b859b0a,2013-06,Nottinghamshire Police,Nottinghamshire Police,-1.303870,53.017443,On or near Supermarket,E01028112,Broxtowe 002C,Offender given conditional discharge
b8f045a558c522ff357c58e63cc0f641c36aa6557a93af88ed83af20822c0cd0,2013-06,Nottinghamshire Police,Nottinghamshire Police,-1.152741,52.962859,On or near ALPHA TERRACE,E01013813,Nottingham 022A,Defendant found not guilty
0d9d12228820b4195fffff7c23df6706b4a0d179cab07deaeef960d6fd4d0e06,2013-06,Nottinghamshire Police,Nottinghamshire Police,-1.191211,53.143830,On or near Pedestrian Subway,E01028274,Mansfield 009C,Offender given community sentence
a01f2ec77287e2ecfbdb4627ab6ce114a32998e0352681c03fca1db99d74f38c,2013-06,Nottinghamshire Police,Nottinghamshire Police,-1.128121,52.958896,On or near LEIGHTON STREET,E01013954,Nottingham 021A,Offender given suspended prison sentence
8eac366951d6050c04bc7a869a1b430e5d4b0ddc93369e6b3ef0a63ead88d702,2013-06,Nottinghamshire Police,Nottinghamshire Police,-1.255064,53.131725,On or near JOHN STREET,E01027967,Ashfield 004A,Offender given community sentence
f610631a0faab5d08ea5d9760d7d2e7910942869fea1e648b9513cc9748a4f98,2013-06,Nottinghamshire Police,Nottinghamshire Police,-1.149316,52.988679,On or near EDWARDS LANE,E01013967,Nottingham 007E,Offender fined
0775ffc692027b7c3e4fd0d81e58cfb33568a8d236a82399dbc5370f4acfad31,2013-06,Nottinghamshire Police,Nottinghamshire Police,-1.148336,52.952912,On or near Shopping Area,E01033406,Nottingham 039E,Court case unable to proceed
a051a3c22f0296c5fd258f82076da503080710c69ce22d483e02fdc64ce095db,2013-06,Nottinghamshire Police,Nottinghamshire Police,-1.107322,53.321099,On or near BLYTH ROAD,E01028043,Bassetlaw 014C,Offender fined
7dd0088a5643808cd274a1511fb374ab9db875bf4ff4a1d3aa8c20d835310bb9,2013-06,Nottinghamshire Police,Nottinghamshire Police,-1.182406,53.257851,On or near HOLBECK LANE,E01028041,Bassetlaw 014B,Offender sent to prison
bc99b60f204649ae5863d3c8f05542f992c7c7682e636a5eabe930d2bfc06ba3,2013-06,Nottinghamshire Police,Nottinghamshire Police,-1.127599,52.955980,On or near ROTHLEY AVENUE,E01013957,Nottingham 029E,Offender given community sentence
97f95658843207f965785948e60af12e6b4475fe58c6a893d728c5a34506e761,2013-06,Nottinghamshire Police,Nottinghamshire Police,-0.803562,53.082117,On or near CURRIE ROAD,E01028310,Newark and Sherwood 007F,Offender given conditional discharge
58a79ebd9ada8cddc8fc6088f426643aef907adab395d5caad05534c28781add,2013-06,Nottinghamshire Police,Nottinghamshire Police,-1.152000,52.961137,On or near BIRKLAND AVENUE,E01013813,Nottingham 022A,Offender given conditional discharge
419b071bd85ae56a9558832f11d413fb837434282d2d0ec5ec2c83a39b8b38d8,2013-06,Nottinghamshire Police,Nottinghamshire Police,-1.146601,52.954068,On or near THURLAND STREET,E01033406,Nottingham 039E,Offender sent to prison
2fa0e4161add69c2137ae4b7f99c86506e8e983356e03c6b37a3520ca734306c,2013-06,Nottinghamshire Police,Nottinghamshire Police,-1.258288,53.125057,On or near PORTLAND CLOSE,E01027978,Ashfield 004D,Offender given community sentence
c469765ab5c302e7276d3a77957ffff69b9a0789c1c4e7973932725cb39f4597,2013-06,Nottinghamshire Police,Nottinghamshire Police,-1.141472,52.954535,On or near LENNOX STREET,E01033407,Nottingham 039F,Offender sent to prison
f82439eb7879c5395d7b4f54fb2628a22971e16e1a3963b5e6f979f3252a090a,2013-06,Nottinghamshire Police,Nottinghamshire Police,-0.802079,53.074227,On or near BARNBY GATE,E01028294,Newark and Sherwood 007A,Offender sent to prison
270e56fc46466f17961235e02a8ebdb8afc50621f7f1be9752cf12d24b64fd4b,2013-06,Nottinghamshire Police,Nottinghamshire Police,-1.269929,52.934259,On or near Sports/Recreation Area,E01028130,Broxtowe 010C,Offender given suspended prison sentence
eb9b9735579bb4ec739105ca2cf55d6ecd2fab2236062f7b3e322f82859db452,2013-06,Nottinghamshire Police,Nottinghamshire Police,-1.245085,53.105027,On or near CORNERPIN DRIVE,E01027952,Ashfield 008A,Offender sent to prison
16291182d1bbe8335ce87f536e45d4b75ca707279f5a9fc8a790c0d64b544797,2013-06,Nottinghamshire Police,Nottinghamshire Police,-0.796167,53.094071,On or near STEPHEN ROAD,E01028306,Newark and Sherwood 007D,Offender otherwise dealt with
0e1c1520f310abda808c343fc8dbdcbd6c424a339e03c70992c977d50c055a12,2013-06,Nottinghamshire Police,Nottinghamshire Police,-1.122940,53.095695,On or near BUTLER DRIVE,E01028298,Newark and Sherwood 006B,Offender fined
14bfe5b9450a4a2d28ca7efb4c5484bf46a2d03db057fda678fbc650e114a232,2013-06,Nottinghamshire Police,Nottinghamshire Police,-0.837672,53.290407,On or near Hospital,E01028033,Bassetlaw 015C,Offender ordered to pay compensation
c2121206660b3b380c081c192194207a979e0a4c96328859d1c3e129442b597b,2013-06,Nottinghamshire Police,Nottinghamshire Police,-1.237469,53.030493,On or near TUDOR COURT,E01027938,Ashfield 015B,Offender given conditional discharge
ce1fa92a6f777887bfdbf1110e0292b1e143e600bd724ccb44d84957ae74899f,2013-06,Nottinghamshire Police,Nottinghamshire Police,-1.192630,53.143867,On or near BRIDGE STREET,E01028274,Mansfield 009C,Offender sent to prison
1c45f23f460b3678af8de7db02b38096284fca10a849f29611816bb282801ad3,2013-06,Nottinghamshire Police,Nottinghamshire Police,-1.198153,52.997253,On or near BROOK CLOSE,E01013877,Nottingham 005C,Offender given community sentence
07838338ff0c639d8de48db112a2c075060117fc1c337380e13350e8103bb101,2013-06,Nottinghamshire Police,Nottinghamshire Police,-1.229057,53.034817,On or near COMMON LANE,E01027944,Ashfield 015E,Defendant found not guilty
0775ffc692027b7c3e4fd0d81e58cfb33568a8d236a82399dbc5370f4acfad31,2013-06,Nottinghamshire Police,Nottinghamshire Police,-1.148336,52.952912,On or near Shopping Area,E01033406,Nottingham 039E,Offender given community sentence
f94e03eb2e6c8f6a902f529b0aa1d06d6af51234f3086dd4ec1642cca902d525,2013-06,Nottinghamshire Police,Nottinghamshire Police,-1.266274,53.117699,On or near SHERWOOD ROAD,E01027975,Ashfield 006B,Defendant found not guilty
2f33571d92da23b8caad4f9f83cb4d0389e9e2f5bbbf62a59ac1e9f5ac4ed27b,2013-06,Nottinghamshire Police,Nottinghamshire Police,-1.148076,53.135646,On or near JUBILEE WAY SOUTH,E01028263,Mansfield 012D,Offender given community sentence
e59e8b193767d7aeebf47987a776a3a37e5c91c73e8084b6bcfc72131e6b74b0,2013-06,Nottinghamshire Police,Nottinghamshire Police,-1.189261,53.145768,On or near RECREATION STREET,E01028274,Mansfield 009C,Offender given suspended prison sentence
37bb0017c0f93a12ea4ba6ab67387163521986f6d4616c03f896b1e51db037f0,2013-06,Nottinghamshire Police,Nottinghamshire Police,-1.145710,52.955473,On or near CLARE STREET,E01033409,Nottingham 023H,Offender given community sentence
a0c4ac9a79000531038d5f08c46cffac2fed246e77c29c82ab480eadb1be0a24,2013-06,Nottinghamshire Police,Nottinghamshire Police,-0.948286,53.315902,On or near STATION ROAD,E01028020,Bassetlaw 010D,Court case unable to proceed
b29b6e728deb10f68ee2f3c5361f2c6dc3286d88f8d0162bb553920e836666f0,2013-06,Nottinghamshire Police,Nottinghamshire Police,-1.278245,52.924475,On or near LAWRENCE STREET,E01028133,Broxtowe 010F,Offender given community sentence
f77a8dd8fcde890e60b807873144d829a87f0576012e927d1f2cf73d8f3f8cc8,2013-06,Nottinghamshire Police,Nottinghamshire Police,-0.802079,53.074227,On or near BARNBY GATE,E01028294,Newark and Sherwood 007A,Offender sent to prison
07bbe5ad724d0028b216a11e4b2f555ed9a6e612bfc013059c974f68d205c8d7,2013-06,Nottinghamshire Police,Nottinghamshire Police,-1.153805,53.134671,On or near Shopping Area,E01028263,Mansfield 012D,Offender given suspended prison sentence
709ba67ddb839d2beb51f00ef8bbf3522fb5a35050f21654cb6440313af4a780,2013-06,Nottinghamshire Police,Nottinghamshire Police,-1.105009,52.978007,On or near PORTLAND ROAD,E01028212,Gedling 011E,Offender sent to prison
7a8f01826f344cc42a561edcb8de39bb54e85acaef45a8e9ae69408f1c2505c3,2013-06,Nottinghamshire Police,Nottinghamshire Police,-1.160470,53.123248,On or near SYERSTON ROAD,E01028256,Mansfield 012B,Offender sent to prison
6c0e17eb8f25953344645f9ad01ec92799e7547b0b17e2b157f825232f9a0bb3,2013-06,Nottinghamshire Police,Nottinghamshire Police,-1.090333,52.871144,On or near Supermarket,E01028383,Rushcliffe 013D,Offender sent to prison
b3bb8ea155a9554b61bbf5e3b23e7f7756b91876d599694946acf7eda4ff94b2,2013-06,Nottinghamshire Police,Nottinghamshire Police,-1.149557,53.140106,On or near BEELEY CLOSE,E01028263,Mansfield 012D,Offender sent to prison
1e36354aa04b7b4f8d41921e80027a908b5677cda526248994ca256bb0f5f47d,2013-06,Nottinghamshire Police,Nottinghamshire Police,-1.227256,53.034616,On or near SPRINGFIELD ROAD,E01027944,Ashfield 015E,Defendant found not guilty
580dc5fc7dabf5ceabc33cb592cfa41ac3587b9562f67a884e55c2e773e8e1ce,2013-06,Nottinghamshire Police,Nottinghamshire Police,-1.170547,52.981521,On or near VICARAGE CLOSE,E01013838,Nottingham 012B,Offender given suspended prison sentence
1ad901b4afa0079ed0f8ed7775c7ed142bfbbf1e4f403492940b11c22baa6c74,2013-06,Nottinghamshire Police,Nottinghamshire Police,-1.196785,52.992299,On or near EASTWOOD STREET,E01013876,Nottingham 005B,Defendant found not guilty
be4b52f2d81c4c46b902a50553ec98ba18e8768acd3761b8896fe92db02de4ae,2013-06,Nottinghamshire Police,Nottinghamshire Police,-1.152000,52.961137,On or near BIRKLAND AVENUE,E01013813,Nottingham 022A,Defendant found not guilty
c2e1263e8f95f06a0b65a4866cf37af18d34ed6f49b4e934c72d752b0f7fc1f0,2013-06,Nottinghamshire Police,Nottinghamshire Police,-1.128205,52.970287,On or near GEDNEY AVENUE,E01013940,Nottingham 016C,Offender given community sentence
421368eaa25caf7e2d6412e45ed7cb3a14039733672604962223f7c48fb8b17e,2013-06,Nottinghamshire Police,Nottinghamshire Police,-1.197845,53.001017,On or near PILKINGTON STREET,E01013885,Nottingham 002E,Offender sent to prison
b76c7a6ff925611ac44ed04700aecb47524fed5ffecdd5640099046e101f6580,2013-06,Nottinghamshire Police,Nottinghamshire Police,-1.203618,53.037103,On or near HANSON CRESCENT,E01027928,Ashfield 014B,Offender sent to prison
c75f543118db6254200104c9a1b701a373479a1f2f1587501ecd83d3aaf8e70f,2013-06,Nottinghamshire Police,Nottinghamshire Police,-1.124691,52.968049,On or near PEARMAIN DRIVE,E01013942,Nottingham 016D,Offender given conditional discharge
317ba31e7cc5c2640ef80c73ea196994b1efa55fdc553ef720e44b387a70b254,2013-06,Nottinghamshire Police,Nottinghamshire Police,-1.196687,53.145180,On or near Shopping Area,E01028284,Mansfield 008F,Offender sent to prison
1222a3969d29a5fd8b5d05fcdceeb727c08cc410964dc3820f96e26526dbaefa,2013-06,Nottinghamshire Police,Nottinghamshire Police,-1.200236,53.139244,On or near LORD STREET,E01028268,Mansfield 008D,Offender fined
bc33deb126f41f25a37cd851f5d7e6c910ad1ddd120b9429d6279ae00b8803af,2013-06,Nottinghamshire Police,Nottinghamshire Police,-1.150053,52.948097,On or near CANAL STREET,E01033400,Nottingham 039B,Offender given community sentence
0a5ee702916fdc681af52ea380afe357732633fb920d473eb964b32a99364a03,2013-06,Nottinghamshire Police,Nottinghamshire Police,-1.197086,53.155862,On or near MAIN BRIGHT ROAD,E01028283,Mansfield 004E,Defendant found not guilty
675b0da3d9e40e3ecb487b2dfe4d9277c303fed3672f1ab0dd603f3d62f979a3,2013-06,Nottinghamshire Police,Nottinghamshire Police,-1.047820,53.417801,On or near MILNE AVENUE,E01028025,Bassetlaw 001C,Offender sent to prison
d7b1b1a1448a6bacdedc21eaf0be26abc462e36e0d80cd66eda99b8b9f03dd57,2013-06,Nottinghamshire Police,Nottinghamshire Police,-1.123833,52.983235,On or near Petrol Station,E01013935,Nottingham 010A,Offender given suspended prison sentence
32ae1af6a00d6f556d1b3ee33aa04cbfff4d7bc25fa023cfc57ee781949f895a,2013-06,Nottinghamshire Police,Nottinghamshire Police,-1.127270,53.310253,On or near SANDY LANE,E01028057,Bassetlaw 012A,Offender fined
27be5b5d701cdd25c3868001899cf405312ca4186105c551304fd35651723e27,2013-06,Nottinghamshire Police,Nottinghamshire Police,-1.203265,53.038458,On or near Shopping Area,E01027933,Ashfield 014D,Offender sent to prison
013186fe968b54848892957a4b4c2273e6dc52eaba5a64436b1e4a45bb63da1a,2013-06,Nottinghamshire Police,Nottinghamshire Police,-1.151158,52.953211,On or near BEAST MARKET HILL,E01033400,Nottingham 039B,Offender sent to prison
b1f63ed015d291f6fc182e43c74d96b4b2736aee21005e352d73e5d657398fa5,2013-06,Nottinghamshire Police,Nottinghamshire Police,-1.149761,52.956878,On or near NORTH CHURCH STREET,E01033409,Nottingham 023H,Offender given community sentence
86ec37ed45948e26559537b9a00e273f78773e006ea1245cfa362e8c6243c9be,2013-06,Nottinghamshire Police,Nottinghamshire Police,-1.258288,53.125057,On or near PORTLAND CLOSE,E01027978,Ashfield 004D,Offender given community sentence
691833b1b5074878ee6b0dbdc2334e85386cba2954feb25f8d95c6d6befc56e3,2013-06,Nottinghamshire Police,Nottinghamshire Police,-1.104054,53.100454,On or near SHERWOOD AVENUE,E01028299,Newark and Sherwood 006C,Offender sent to prison
2031ad485fb998206bf356dd05443612b52b033ec4858fbfc00005318bd9cbd2,2013-06,Nottinghamshire Police,Nottinghamshire Police,-0.804610,53.077166,On or near MAGNUS STREET,E01028335,Newark and Sherwood 009E,Offender given conditional discharge
d12654175badb0a476c51273ad3502ce8b67ef482d4a237c8574bc4a22b18bc0,2013-06,Nottinghamshire Police,Nottinghamshire Police,-1.084554,52.980449,On or near AXFORD CLOSE,E01028172,Gedling 011A,Offender given conditional discharge
18e908bddfb38bca519eb3b58f901cfa43dd73bd27bc1ff81225b0520124d603,2013-06,Nottinghamshire Police,Nottinghamshire Police,-1.081158,52.877843,On or near COVERT CLOSE,E01028379,Rushcliffe 012A,Offender given suspended prison sentence
2031ad485fb998206bf356dd05443612b52b033ec4858fbfc00005318bd9cbd2,2013-06,Nottinghamshire Police,Nottinghamshire Police,-0.804610,53.077166,On or near MAGNUS STREET,E01028335,Newark and Sherwood 009E,Offender fined
d41526dde324b0778bcf5f58558ee5a92f62111a2a28a11a9e0cbc9c29a0a4ac,2013-06,Nottinghamshire Police,Nottinghamshire Police,-1.141036,52.987029,On or near WOODLAND GROVE,E01028217,Gedling 009F,Offender sent to prison
16911404f54c42d9b4dd95986dc014f8d1421c9ae4245979b415c96ed072af6d,2013-06,Nottinghamshire Police,Nottinghamshire Police,-1.259256,53.119175,On or near NESBITT STREET,E01027976,Ashfield 005E,Offender given suspended prison sentence
df61e6dce69071a865717cac61afbac6e8109f4c89481f6f104a7fa54dc4dba1,2013-06,Nottinghamshire Police,Nottinghamshire Police,-1.032326,52.949525,On or near QUEEN'S ROAD,E01028413,Rushcliffe 003D,Offender sent to prison
194e22067ac94d359e633ffba12d5d1e967a8606e77b01fb75a3debf7cb91cd4,2013-06,Nottinghamshire Police,Nottinghamshire Police,-1.169905,52.929503,On or near Pedestrian Subway,E01013928,Nottingham 031G,Offender given suspended prison sentence
07e0608d44ed71df5240ae2794e736d4532c2602b31d316c2cf61aacd8d649e1,2013-06,Nottinghamshire Police,Nottinghamshire Police,-1.268430,53.120940,On or near BEELEY AVENUE,E01027969,Ashfield 006A,Offender sent to prison
4bb1a1c5d6be7c7ca0605552a233c6a235328adf62be0c33c73eadfba1af00f9,2013-06,Nottinghamshire Police,Nottinghamshire Police,-1.147153,52.956293,On or near Supermarket,E01033409,Nottingham 023H,Offender given conditional discharge
78dcc7245c823a3a3ba644fcf10ad59e3153d537c68fc719b8efcd2ee104e49e,2013-06,Nottinghamshire Police,Nottinghamshire Police,-1.159434,52.922463,On or near FAIRFIELD CLOSE,E01013902,Nottingham 034D,Offender given conditional discharge
d1a75c523bd3b8070eeda554ecf1737326caf5f906aa4175b4385e33928c3c3a,2013-06,Nottinghamshire Police,Nottinghamshire Police,-0.784100,53.058583,On or near BAINES AVENUE,E01028287,Newark and Sherwood 011C,Offender given community sentence
b4967ffbcd3a0568d682e5b4a1bdfff79afc5e16b786318349d0611f576ca8e9,2013-06,Nottinghamshire Police,Nottinghamshire Police,-1.165310,52.958795,On or near GAMBLE STREET,E01013814,Nottingham 022B,Offender given suspended prison sentence
6be7710736d4ddecfa72ed1a9b2dd060f7da203e1dd1a417a3cfa2aa84be1f7e,2013-06,Nottinghamshire Police,Nottinghamshire Police,-1.163967,52.974418,On or near HOLLIS STREET,E01013841,Nottingham 012E,Defendant found not guilty
96fa87627584d70c730dfdca2394d944ad030fa05368595a7f873318a48435af,2013-06,Nottinghamshire Police,Nottinghamshire Police,-1.140970,52.943015,On or near RYEHILL CLOSE,E01033400,Nottingham 039B,Defendant found not guilty
7d9a817e9b737024d5bcc6697f81f6adf7bed4ec2bf97b1a7e7f3be7062e94d0,2013-06,Nottinghamshire Police,Nottinghamshire Police,-1.212707,53.042513,On or near Supermarket,E01027943,Ashfield 015D,Offender given suspended prison sentence
76fadbb628d471da9245afd45b3bc21e39effce863a150d7de0b7ea5f9f74af8,2013-06,Nottinghamshire Police,Nottinghamshire Police,-1.123833,52.983235,On or near Petrol Station,E01013935,Nottingham 010A,Offender given suspended prison sentence
e6b544f295ace7e6a5d05dfbcf3d5df4cef8fa58c52936101c9e1be0e028c9ef,2013-06,Nottinghamshire Police,Nottinghamshire Police,-1.162707,52.945589,On or near Petrol Station,E01013870,Nottingham 040A,Offender given suspended prison sentence
9e0f96e96e5a384a68a880e6222cde1df8f1003c1dd92361dad23daee668ea60,2013-06,Nottinghamshire Police,Nottinghamshire Police,-1.175470,53.131227,On or near BERRY HILL LANE,E01033390,Mansfield 013H,Offender given conditional discharge
967f1a7f4c25f69e6d1273d0ff3784cd5ecba70b373aff2ae807254c6c0c8b81,2013-06,Nottinghamshire Police,Nottinghamshire Police,-1.098599,53.044148,On or near NORTH GREEN,E01028152,Gedling 002C,Defendant found not guilty
6754c1cac6ccefe4e2d110b84626ef1bac0f501fe71803d1f5087bdfe2403a76,2013-06,Nottinghamshire Police,Nottinghamshire Police,-1.150199,52.955820,On or near Theatre/Concert Hall,E01033409,Nottingham 023H,Offender given suspended prison sentence
784af7a022b398368f8222f7e9da9024a21747e105cf12d71ec0720bb83e5850,2013-06,Nottinghamshire Police,Nottinghamshire Police,-1.147645,52.950201,On or near Shopping Area,E01033400,Nottingham 039B,Offender sent to prison
81852684cf3ff0e7565ef677ba2d5436d089eeedb4b8e46ac6b3bf254fdbcdc0,2013-06,Nottinghamshire Police,Nottinghamshire Police,-1.122908,52.928851,On or near OXFORD ROAD,E01028355,Rushcliffe 004B,Court case unable to proceed
277355188e6a3a2daeed3e7ac1a94b94cab9eaf263faabe6c1fa592045fbad03,2013-06,Nottinghamshire Police,Nottinghamshire Police,-1.163967,52.974418,On or near HOLLIS STREET,E01013841,Nottingham 012E,Offender fined
8bdee5412e56c4dbbb6496a7373640df626ce9542a6c6789a27376c2bae2ebe2,2013-06,Nottinghamshire Police,Nottinghamshire Police,-1.262810,53.114945,On or near WARNADENE ROAD,E01027974,Ashfield 005D,Court case unable to proceed
5d76778204d5f45f4849c9cbda1aef95c2eaac12ca97d1dc3d0fa96e66db7f79,2013-06,Nottinghamshire Police,Nottinghamshire Police,-1.104054,53.100454,On or near SHERWOOD AVENUE,E01028299,Newark and Sherwood 006C,Offender sent to prison
c23aab16b32a9c5fbb0cfa93c80e859957207f57ec0058782d158a3089b480c0,2013-06,Nottinghamshire Police,Nottinghamshire Police,-1.149881,52.950775,On or near STANFORD STREET,E01033400,Nottingham 039B,Offender sent to prison
74a3bc118bdd494265bd011bed80c6b8623413d11bfacafaa50136a47f95211e,2013-06,Nottinghamshire Police,Nottinghamshire Police,-1.144915,52.949732,On or near POPHAM STREET,E01033403,Nottingham 039D,Offender given suspended prison sentence
65056a03f9e3dbfcc614277018b505523a59852702763f6f0aad2c85b5ef13cf,2013-06,Nottinghamshire Police,Nottinghamshire Police,-1.173566,52.960668,On or near HARTLEY ROAD,E01013945,Nottingham 026B,Defendant found not guilty
9220a477f1fcb8cd13ff62da4dc75266c7a7963b01bab92fa1f7501371343c95,2013-06,Nottinghamshire Police,Nottinghamshire Police,-1.145030,52.980899,On or near MANSFIELD STREET,E01013969,Nottingham 010C,Offender given suspended prison sentence
7a15615c3c6f5fbd0387cd2091edd332e432dfae8e11c863dc235267dda609fe,2013-06,Nottinghamshire Police,Nottinghamshire Police,-1.112539,53.322190,On or near NORTHUMBRIA CLOSE,E01028053,Bassetlaw 016C,Court case unable to proceed
d76642238382df992b7100a1583bfb37bc921212603c1f304b424e778fdc4318,2013-06,Nottinghamshire Police,Nottinghamshire Police,-1.192199,53.159658,On or near TENNYSON AVENUE,E01028272,Mansfield 005C,Court case unable to proceed
28fe7c72e66eb540fbe23f693d44d591e87f9deacab1c5612fc7271722801de4,2013-06,Nottinghamshire Police,Nottinghamshire Police,-1.146601,52.954068,On or near THURLAND STREET,E01033406,Nottingham 039E,Offender fined
9581298926223e56983f8ff18fa30a76c40c6f291684f1727eb029ba2028c8ec,2013-06,Nottinghamshire Police,Nottinghamshire Police,-0.810448,53.075480,On or near Pedestrian Subway,E01028310,Newark and Sherwood 007F,Offender sent to prison
c3a41f33ddb8cc7d8cb9855ceffc53a8bfff595d8bb9677ed7eb785bfc558a72,2013-06,Nottinghamshire Police,Nottinghamshire Police,-1.194465,53.157678,On or near MORVEN AVENUE,E01028271,Mansfield 004A,Offender sent to prison
00d641cf8c737bf77d242a516a2436483766f92522844def1e79afbecf311009,2013-06,Nottinghamshire Police,Nottinghamshire Police,-1.064738,52.962127,On or near TEAL CLOSE,E01028187,Gedling 015D,Offender fined
19cd79408224100b8c72920a795965a6e502e6a69149094bae16a28564a27c95,2013-06,Nottinghamshire Police,Nottinghamshire Police,-1.163934,52.973788,On or near SANDON STREET,E01013841,Nottingham 012E,Offender given suspended prison sentence
a0323e90c4092e0ed79c2182bf2512b68535156e9a51698c442c73bb3e4a49b2,2013-06,Nottinghamshire Police,Nottinghamshire Police,-0.796642,53.073274,On or near OLIVER COURT,E01028293,Newark and Sherwood 009B,Offender given community sentence
2b30f054ed81872f8886a11906a645ca594880bee25849aa66d8583c2d43a2fc,2013-06,Nottinghamshire Police,Nottinghamshire Police,-1.152701,52.964899,On or near MANSFIELD ROAD,E01013941,Nottingham 015C,Offender sent to prison
20098d4cb63ab94094c13177540d424a25126d2d86986dca7447ad27b98b56f2,2013-06,Nottinghamshire Police,Nottinghamshire Police,-1.163665,53.008585,On or near KYLE VIEW,E01013849,Nottingham 038A,Offender ordered to pay compensation
85d167f7f10d81bd4b8c6b0dd8474639524cfaa128d84b7d200ba6d84aaace02,2013-06,Nottinghamshire Police,Nottinghamshire Police,-1.196687,53.145180,On or near Shopping Area,E01028284,Mansfield 008F,Offender given community sentence
e82368d7504cb4973b2bcc4cb794f891d3dbe96fce4dd35adb0b0b946f4cb864,2013-06,Nottinghamshire Police,Nottinghamshire Police,-1.212900,52.935180,On or near ENDERBY SQUARE,E01013976,Nottingham 032D,Offender given suspended prison sentence
2692a878c6ef7f95fd8cf6da8e1fe599052c1bd09e804a91d0a776e4fe15dc1c,2013-06,Nottinghamshire Police,Nottinghamshire Police,-1.238677,53.132053,On or near Sports/Recreation Area,E01027985,Ashfield 004E,Offender sent to prison
6af1dad9761bfee2d4a30defadebe6d6f81cf16de53c5ec42a5420c57279c755,2013-06,Nottinghamshire Police,Nottinghamshire Police,-1.213894,52.976350,On or near WITHERN ROAD,E01013822,Nottingham 011C,Offender ordered to pay compensation
7181106bfb87e7ca4c0a86a223f20f1e1fdf0c08e3457c6b4fccc0074ebd4c79,2013-06,Nottinghamshire Police,Nottinghamshire Police,-1.167329,52.933512,On or near CENTURION WAY,E01013870,Nottingham 040A,Offender given conditional discharge
b9c3b943d844b3d0d42c99be31005a1f7e5b233ec0f063e33c7f79028c818d0c,2013-06,Nottinghamshire Police,Nottinghamshire Police,-1.197510,52.999801,On or near Bus/Coach Station,E01013885,Nottingham 002E,Offender given suspended prison sentence
54e0c140a63460e0e10bc6cb590dd6fb04c058d13dee327fe883fb5b55bb4b28,2013-06,Nottinghamshire Police,Nottinghamshire Police,-1.150053,52.948097,On or near CANAL STREET,E01033400,Nottingham 039B,Offender sent to prison
2a678428937951f34cbbcce7e1e08dc516cf46f5cb3c41d121d2a0bb4734ccd2,2013-06,Nottinghamshire Police,Nottinghamshire Police,-1.188611,53.141332,On or near THE BROADWAY,E01028269,Mansfield 008E,Court case unable to proceed
31e8fe508a9977d3427af1440a4054293723725060cb12b23f98783013648723,2013-06,Nottinghamshire Police,Nottinghamshire Police,-1.243890,53.130540,On or near PHOENIX STREET,E01027985,Ashfield 004E,Offender given suspended prison sentence
d7d3da8e6371759ab89473a3d6d3daef5c7ab9ab860a5381376da61202b5d19b,2013-06,Nottinghamshire Police,Nottinghamshire Police,-1.199015,53.144638,On or near Shopping Area,E01028284,Mansfield 008F,Offender sent to prison
95fe36305129724e0d5f7fa7076a284f4808d622a4542108647861733a173428,2013-06,Nottinghamshire Police,Nottinghamshire Police,-1.181668,52.989679,On or near WEAVE CLOSE,E01013836,Nottingham 008E,Offender given suspended prison sentence
ac8cdb74f2598226d80920fc18b5b423a6bfa3e98bc630c37dab7f33443d84cd,2013-06,Nottinghamshire Police,Nottinghamshire Police,-1.169306,52.958472,On or near ARGYLE STREET,E01013948,Nottingham 026E,Offender given conditional discharge
6336b28bd91c1f8dd0f264b77d4871ba393ffee7caefa0fa36a89d6d56bde342,2013-06,Nottinghamshire Police,Nottinghamshire Police,-1.191836,52.995655,On or near Supermarket,E01013888,Nottingham 004B,Offender given suspended prison sentence
a30ddfeec76e53e6f9d677ae27fafca0acef2099bd71c7a438b4c7a559e75199,2013-06,Nottinghamshire Police,Nottinghamshire Police,-1.155052,52.956547,On or near Parking Area,E01013816,Nottingham 022D,Offender fined
86414e227f04162bd174e2dfb282be76be9ec41624e42b352036cd1cee4c1ed4,2013-06,Nottinghamshire Police,Nottinghamshire Police,-1.150199,52.955820,On or near Theatre/Concert Hall,E01033409,Nottingham 023H,Offender given community sentence
f3908931cf528471233636100098ff07241805a0481d76f91be1439e4d2a6823,2013-06,Nottinghamshire Police,Nottinghamshire Police,-1.073671,53.422633,On or near OXFORD DRIVE,E01028028,Bassetlaw 001F,Defendant found not guilty
db8cdace17a7b0bda7e98d320c6c60cc8325e419784ef28010d66f2216457fdf,2013-06,Nottinghamshire Police,Nottinghamshire Police,-1.077085,53.191606,On or near MELLORS ROAD,E01028321,Newark and Sherwood 002C,Offender otherwise dealt with
03c9d53ce090841d8e9518adade97766e9507b6a81cee4f22859ed14f5e0dfaa,2013-06,Nottinghamshire Police,Nottinghamshire Police,-1.187811,52.997353,On or near BROOMHILL ROAD,E01013889,Nottingham 004C,Defendant found not guilty
8dd2fd43132953482ce147430bf5cbcde64adfa99bde86ec03f72b32061b2e8e,2013-06,Nottinghamshire Police,Nottinghamshire Police,-1.149881,52.950775,On or near STANFORD STREET,E01033400,Nottingham 039B,Offender sent to prison
cbbbdfade562fc7479b71b139745b52df78fe20acce98b894aaa8278686450f4,2013-06,Nottinghamshire Police,Nottinghamshire Police,-1.145907,52.939437,On or near HOLGATE ROAD,E01013873,Nottingham 040D,Offender fined
ef68dfe0c668bdfad94e0bab3d27da844890fb576e699fe0f7496a3a55ee6300,2013-06,Nottinghamshire Police,Nottinghamshire Police,-1.195530,53.145505,On or near CLERKSON'S ALLEY,E01028284,Mansfield 008F,Offender fined
959dee086b96e05ef78cd6cde212fdd26278fcc1768bf0a8a72bf01ae86c65e3,2013-06,Nottinghamshire Police,Nottinghamshire Police,-1.252122,53.099714,On or near LANE END,E01027948,Ashfield 009B,Offender given suspended prison sentence
436320b607cff10bffb21b7e5b4fab691fcb715d1dfcaa590d67b6280d6e46be,2013-06,Nottinghamshire Police,Nottinghamshire Police,-1.155052,52.956547,On or near Parking Area,E01013816,Nottingham 022D,Court case unable to proceed
db98d4b775b5745028d762dc18a0900025c81308c57a0ee82bfb2c0bb378ba3b,2013-06,Nottinghamshire Police,Nottinghamshire Police,-1.145163,52.983229,On or near Police Station,E01013969,Nottingham 010C,Offender given conditional discharge
49bc2cec31aadda1bba34f827dc0d02dba1b4a24e1d121c7a47b7cffb6520356,2013-06,Nottinghamshire Police,Nottinghamshire Police,-1.146168,52.954910,On or near Shopping Area,E01033406,Nottingham 039E,Offender given community sentence
2cf26be782eb1b92162c13e8387d0dd6f6a7397f620cada3965af8d024f95d3d,2013-06,Nottinghamshire Police,Nottinghamshire Police,-1.090476,52.875676,On or near DALE ROAD,E01028382,Rushcliffe 013C,Offender fined
b3ea2c800b5a394d5303d4aa91e255ad27c9a09ecc56314db0fe434d1083922b,2013-06,Nottinghamshire Police,Nottinghamshire Police,-1.123844,53.374930,On or near CHURCH STREET,E01028029,Bassetlaw 004E,Offender sent to prison
9e3a7ea188faee417d059788a89869037f974f293b683e190c6561f65df65dd2,2013-06,Nottinghamshire Police,Nottinghamshire Police,-1.149881,52.950775,On or near STANFORD STREET,E01033400,Nottingham 039B,Offender given community sentence
7f4dc9c3e95c3112f1979a6a46a527cc2e2f14f616aabf16e3bab15b42d8fe3e,2013-06,Nottinghamshire Police,Nottinghamshire Police,-1.118589,53.390658,On or near WEIRSIDE,E01028000,Bassetlaw 001A,Offender given community sentence
a494d44972bea1506f2a5e3a4dc9ea8471bca816085c6b9f03dbd2869a0b0648,2013-06,Nottinghamshire Police,Nottinghamshire Police,-1.269402,53.101502,On or near SUTTON ROAD,E01027947,Ashfield 009A,Offender given community sentence
4f027972e1ec3f1e8b5c1ffac7a076ab7c7c93b46ad17c619b6451e322b42fff,2013-06,Nottinghamshire Police,Nottinghamshire Police,-1.148030,52.957890,On or near Shopping Area,E01033399,Nottingham 023E,Defendant found not guilty
c61975a7193861cb1c745da1e99cf2fa213926367a15afaa486e5ca610e6d882,2013-06,Nottinghamshire Police,Nottinghamshire Police,-1.183823,53.009704,On or near SHENFIELD GARDENS,E01013894,Nottingham 001D,Offender sent to prison
c5e41451d21315f01bab5e31d7e304ab35449da9031e0cc4339150756c154ac5,2013-06,Nottinghamshire Police,Nottinghamshire Police,-1.141472,52.954535,On or near LENNOX STREET,E01033407,Nottingham 039F,Offender sent to prison
e097709fbe28de2c2bec216ca9a1db270aa304b8d9a60ac1e84491ef2cba2a26,2013-06,Nottinghamshire Police,Nottinghamshire Police,-1.178577,52.908330,On or near CAREW ROAD,E01013897,Nottingham 035A,Offender given community sentence
5e26073fcd702b42847290d9b7c30bb88dc3d1bb86f7486e351aef6705c73c39,2013-06,Nottinghamshire Police,Nottinghamshire Police,-1.175701,53.005756,On or near BEAUCLERK DRIVE,E01013894,Nottingham 001D,Offender sent to prison
49726ea8b727a2e3434cb2feb4294baed31d113fb361574efbffd0658082812e,2013-06,Nottinghamshire Police,Nottinghamshire Police,-1.150219,52.952512,On or near WHEELER GATE,E01033400,Nottingham 039B,Offender sent to prison
750a330ad4b096ec018aa232dd88c1c86ff03682c44c8a95e6714fc681b612c9,2013-06,Nottinghamshire Police,Nottinghamshire Police,-1.140690,52.987206,On or near BLACK SWAN CLOSE,E01028217,Gedling 009F,Offender fined
20144569eacc91469b0d7a418a740f6eed46c24aebfd421467e6f4437be868be,2013-06,Nottinghamshire Police,Nottinghamshire Police,-1.154731,52.951627,On or near ST JAMES'S TERRACE,E01032522,Nottingham 028F,Offender given community sentence
4045787bfa2d5d1e4a4af3842228cd858f89e0b169b8a0aacad92a88518d5fd4,2013-06,Nottinghamshire Police,Nottinghamshire Police,-0.796313,53.086170,On or near LINCOLN COURT,E01028304,Newark and Sherwood 007B,Offender given community sentence
ee23db53ec44ab81d244bfe6480125d31c9ac32b771478fbe1950517d9d34374,2013-06,Nottinghamshire Police,Nottinghamshire Police,-1.195451,53.002349,On or near MONTAGUE STREET,E01013885,Nottingham 002E,Offender fined
ce2b86a43dd3170898642676bce9144b3c0463420d0740f64b8379f2eff25987,2013-06,Nottinghamshire Police,Nottinghamshire Police,-1.269402,53.101502,On or near SUTTON ROAD,E01027947,Ashfield 009A,Offender given community sentence
3e1e00d64a51feb5fc00b0a826e6514a09a3d858e8c0632f75c3aa667e1f10d3,2013-06,Nottinghamshire Police,Nottinghamshire Police,-0.811141,53.077986,On or near B6166,E01028311,Newark and Sherwood 007G,Court case unable to proceed
38b7520c61138b0c163dcc598705e3a83719931a559c743ba331269f7dc82d5d,2013-06,Nottinghamshire Police,Nottinghamshire Police,-1.145281,52.952342,On or near Parking Area,E01033403,Nottingham 039D,Defendant found not guilty
32f9634773be5fcc4857d16eb704594460410d86e4b4a8bf61d28c0833a2bc72,2013-06,Nottinghamshire Police,Nottinghamshire Police,-0.812704,53.072158,On or near ALBERT STREET,E01028335,Newark and Sherwood 009E,Offender given suspended prison sentence
688d84087a12bf488d801b330f48bf049cef4d02f9353b41e9af1401f1e091cd,2013-06,Nottinghamshire Police,Nottinghamshire Police,-0.940769,53.319377,On or near Supermarket,E01028011,Bassetlaw 008D,Offender sent to prison
ddb357ece3b422954063240dc7257159b6b36a11fcfa6e536cf1900bb00592cb,2013-06,Nottinghamshire Police,Nottinghamshire Police,-0.784100,53.058583,On or near BAINES AVENUE,E01028287,Newark and Sherwood 011C,Offender given community sentence
ebe9fec4758a402c506c170bc53b78c3fb4e611561adf7763496266cff459808,2013-06,Nottinghamshire Police,Nottinghamshire Police,-1.113209,53.353557,On or near CHURCH FIELD CLOSE,E01028004,Bassetlaw 004D,Defendant found not guilty
dcda0037d98605778b39017673140fea2c9ac0eab43ea3e4c3a2855481626466,2013-06,Nottinghamshire Police,Nottinghamshire Police,-1.139933,52.923303,On or near Supermarket,E01028392,Rushcliffe 007E,Offender given community sentence
508ced3d1c091439d22492e21e05fa4b2ed4aa7e41e864a66fefca6ead41d817,2013-06,Nottinghamshire Police,Nottinghamshire Police,-1.184907,53.164858,On or near GEORGE STREET,E01028250,Mansfield 005B,Offender fined
d47a8a508d397a6dceb11ef4034beeb70046c205cb5da259823bebc98688f10e,2013-06,Nottinghamshire Police,Nottinghamshire Police,-1.194662,53.143953,On or near CHURCH STREET,E01028268,Mansfield 008D,Offender sent to prison
168804c482a53a5aaa9577889b8fc7126bb09e7ac8fcf5370da372b9b2945f28,2013-06,Nottinghamshire Police,Nottinghamshire Police,-1.166361,52.969176,On or near WINDERMERE ROAD,E01013845,Nottingham 017C,Offender given suspended prison sentence
98d6fb87d872da9c10b9a229b09d9bac64e0cdb3e5231d14b8da8b6196841c32,2013-06,Nottinghamshire Police,Nottinghamshire Police,-1.197845,53.001017,On or near PILKINGTON STREET,E01013885,Nottingham 002E,Defendant found not guilty
2448c678c41dc0de4a007342d23328742ea4eba77b8eaaaefdc3dcd924afb89b,2013-06,Nottinghamshire Police,Nottinghamshire Police,-1.111753,52.978139,On or near CHEADLE CLOSE,E01028197,Gedling 010E,Offender sent to prison
e4806ad799ce1d42a7f568a8022599bf79cb92effd0d304896051f615370352d,2013-06,Nottinghamshire Police,Nottinghamshire Police,-1.194288,52.999186,On or near STATION ROAD,E01013888,Nottingham 004B,Defendant found not guilty
cfddbede5127391e3400ee99dec285004d3dc9b5ce647420f394c46806870c5c,2013-06,Nottinghamshire Police,Nottinghamshire Police,-1.148837,52.956215,On or near Supermarket,E01033409,Nottingham 023H,Offender sent to prison
a93aef806ce11ac18c7f11b16f47b0d75fcb26939d3e03112d86e665764c6afd,2013-06,Nottinghamshire Police,Nottinghamshire Police,-1.278721,52.927166,On or near Supermarket,E01028133,Broxtowe 010F,Offender sent to prison
bd70c671f63c8794bfe7f2817c093fd0320beda0d56ba581546e7590fab8470d,2013-06,Nottinghamshire Police,Nottinghamshire Police,-1.150489,52.957728,On or near Supermarket,E01033399,Nottingham 023E,Offender sent to prison
9e912579424d6912b0b787293e3522b2b260615ddf47de9cde0412a29c2bfb96,2013-06,Nottinghamshire Police,Nottinghamshire Police,-1.139933,52.923303,On or near Supermarket,E01028392,Rushcliffe 007E,Offender fined
19d9c1e5e4e2cc5e7b686760ebf3d6644fbbaaee14521a4b4c30bd21341da58e,2013-06,Nottinghamshire Police,Nottinghamshire Police,-0.964496,52.890476,On or near SCHOOL LANE,E01028420,Rushcliffe 010C,Offender sent to prison
e1632c179d1b28d85eb51ca2e8438b408ba767fae02a273d98d77f6a2f171b2c,2013-06,Nottinghamshire Police,Nottinghamshire Police,-1.198153,52.997253,On or near BROOK CLOSE,E01013877,Nottingham 005C,Offender given community sentence
aefa93a996ef634987afccd06f70e1c0401c17f0be5f2d652c669441cbd65f77,2013-06,Nottinghamshire Police,Nottinghamshire Police,-1.107277,53.006728,On or near HOWBECK ROAD,E01028181,Gedling 007C,Offender sent to prison
71710d54b3e9db0dfd56c88b30ad502770f635ab841e1b56e0961ac30a65644a,2013-06,Nottinghamshire Police,Nottinghamshire Police,-1.150199,52.955820,On or near Theatre/Concert Hall,E01033409,Nottingham 023H,Offender sent to prison
c83c05f204338b9522b22a53ac15c4903c4dc1ea9048977bb3cb3a63f9a30ead,2013-06,Nottinghamshire Police,Nottinghamshire Police,-0.808921,53.076723,On or near CHURCH STREET,E01028310,Newark and Sherwood 007F,Offender sent to prison
4421fa6cde7ecda17c9399389088d477bfdb7d74be49ebbb8afa97b1d19a5442,2013-06,Nottinghamshire Police,Nottinghamshire Police,-1.159429,53.001058,On or near WALGRAVE WALK,E01013850,Nottingham 038B,Court case unable to proceed
d4127f14b90fcbb9eff23fc9024f20bf086f40a6828ede8cee20f64ee8c12b02,2013-06,Nottinghamshire Police,Nottinghamshire Police,-1.083318,52.962146,On or near THE ELMS,E01028186,Gedling 015C,Offender sent to prison
7461abf5633af1236ac3126239a09d7604be15c4ba4be23c56817c05dae6a2b1,2013-06,Nottinghamshire Police,Nottinghamshire Police,-1.280390,52.924281,On or near ST JAMES'S STREET,E01028133,Broxtowe 010F,Court case unable to proceed
5e26073fcd702b42847290d9b7c30bb88dc3d1bb86f7486e351aef6705c73c39,2013-06,Nottinghamshire Police,Nottinghamshire Police,-1.175701,53.005756,On or near BEAUCLERK DRIVE,E01013894,Nottingham 001D,Offender sent to prison
c3a41f33ddb8cc7d8cb9855ceffc53a8bfff595d8bb9677ed7eb785bfc558a72,2013-06,Nottinghamshire Police,Nottinghamshire Police,-1.194465,53.157678,On or near MORVEN AVENUE,E01028271,Mansfield 004A,Offender sent to prison
7d284c9c0691fcd7e45c03ca81ab92a5651c3a653c1e63abf7c17dd760bf13fe,2013-06,Nottinghamshire Police,Nottinghamshire Police,-1.261992,53.101618,On or near COOKSON STREET,E01027955,Ashfield 008B,Offender given community sentence
a01f2ec77287e2ecfbdb4627ab6ce114a32998e0352681c03fca1db99d74f38c,2013-06,Nottinghamshire Police,Nottinghamshire Police,-1.128121,52.958896,On or near LEIGHTON STREET,E01013954,Nottingham 021A,Offender given suspended prison sentence
d062c3285238cda5bb8b8a83566082cd90d9a6295b88b89b3177cf6098b89956,2013-06,Nottinghamshire Police,Nottinghamshire Police,-1.262629,53.108004,On or near BELFRY CLOSE,E01027958,Ashfield 008D,Offender sent to prison
47884ceddaa12ab946a6dd204c80965c1720f297cd975705d19d11e49660e8d1,2013-06,Nottinghamshire Police,Nottinghamshire Police,-1.181902,52.971774,On or near GARFORTH CLOSE,E01013930,Nottingham 019A,Defendant found not guilty
290e0d29ae41df1bcf8492af760d974ca70afe51c89db0a96788e13ff68349de,2013-06,Nottinghamshire Police,Nottinghamshire Police,-1.145710,52.955473,On or near CLARE STREET,E01033409,Nottingham 023H,Offender given community sentence
7cb1d4e8b838b599165c52667666340678387cedd1c76a8b057d2564bd631dc3,2013-06,Nottinghamshire Police,Nottinghamshire Police,-1.104236,53.301408,On or near HARDWICK CRESCENT,E01028066,Bassetlaw 012C,Offender sent to prison
2641115e1f3a9cb9f4de4745314ed288cd46395e0860feff1574593bd847d8a4,2013-06,Nottinghamshire Police,Nottinghamshire Police,-1.174131,52.949768,On or near GREGORY AVENUE,E01013924,Nottingham 031C,Offender sent to prison
d97fc0a2eb98f474e2ba78776002958d6a230e201a24254d414474a65de45b43,2013-06,Nottinghamshire Police,Nottinghamshire Police,-1.169524,52.962654,On or near Parking Area,E01013812,Nottingham 018C,Offender given community sentence
07b61acf1f512bae3bc2987f5c3c6e869d2d1012b0e3fe9ebcad17af72ec1460,2013-06,Nottinghamshire Police,Nottinghamshire Police,-1.148818,52.941211,On or near HUMBER CLOSE,E01013871,Nottingham 040B,Offender given suspended prison sentence
bee0e882b99480a22650ff0608afeec4a6bb3d5097e95ae5640e6f09e32ad842,2013-06,Nottinghamshire Police,Nottinghamshire Police,-1.259256,53.119175,On or near NESBITT STREET,E01027976,Ashfield 005E,Court case unable to proceed
7cfe3134af1d89bcb37422e6c196898e9cc9d5de5fe01bae1a01688f9a8b5d5b,2013-06,Nottinghamshire Police,Nottinghamshire Police,-1.173566,52.960668,On or near HARTLEY ROAD,E01013945,Nottingham 026B,Defendant found not guilty
35f0805b66af6e8730fbd83911a9c543d0a9837280c223f6df1bfd56d3e09862,2013-06,Nottinghamshire Police,Nottinghamshire Police,-1.118589,53.390658,On or near WEIRSIDE,E01028000,Bassetlaw 001A,Offender given community sentence
c326463cd5faec8b7c716a56916297dbf633bda493685c4b12e02f83620c9483,2013-06,Nottinghamshire Police,Nottinghamshire Police,-1.152112,52.954683,On or near Parking Area,E01033406,Nottingham 039E,Offender sent to prison
16427566c54fcd01bead8d5e9d94e89bc91e80cf843f3103cb9a208f628532d4,2013-06,Nottinghamshire Police,Nottinghamshire Police,-1.137594,53.158197,On or near CLIPSTONE ROAD EAST,E01028238,Mansfield 007B,Offender sent to prison
fe1eb32c52fcd763f8b00faa85e2e78ca98aeaaa7cd7a0d587c4393dfdf90000,2013-06,Nottinghamshire Police,Nottinghamshire Police,-1.191836,52.995655,On or near Supermarket,E01013888,Nottingham 004B,Offender sent to prison
1d9f6cda98bb11b3a4e306f14012a927d02cd51fcdac617964e5ec2cfdf89070,2013-06,Nottinghamshire Police,Nottinghamshire Police,-1.151158,52.953211,On or near BEAST MARKET HILL,E01033400,Nottingham 039B,Offender deprived of property
d46852c24813136bbbbb29472716382c2153f19cd3fe92df215e72136472fb32,2013-06,Nottinghamshire Police,Nottinghamshire Police,-1.145624,52.996851,On or near NORTHWOOD CRESCENT,E01013963,Nottingham 007A,Offender sent to prison
4850a097d500b73d41c193eaff29c7f97c163a11d3068b98d71f374feee606b3,2013-06,Nottinghamshire Police,Nottinghamshire Police,-1.141732,52.951165,On or near SHORT HILL,E01033402,Nottingham 039C,Defendant found not guilty
82a5dcbf7dc5dcebd6a741a456bcaa218c3480c63df4f47febddd69995372b98,2013-06,Nottinghamshire Police,Nottinghamshire Police,-1.203522,52.924861,On or near CLARKSON DRIVE,E01028075,Broxtowe 011C,Offender given community sentence
53e6fe233f6b6f1f4c4075e45d3b7ace7b9e9face3c166186228070cd9c2dfa8,2013-06,Nottinghamshire Police,Nottinghamshire Police,-1.163158,52.957683,On or near STONELEIGH STREET,E01013814,Nottingham 022B,Offender sent to prison
f3f76486282969bad74cb0617ff93fb38705d52c256e8c1c53d7c08ca3aff970,2013-06,Nottinghamshire Police,Nottinghamshire Police,-1.166036,52.945055,On or near Supermarket,E01013870,Nottingham 040A,Offender given suspended prison sentence
e66d7780c526d3be9d3ce502d1049e743cbd9ad8794cd6deb675ec878c9435c3,2013-06,Nottinghamshire Police,Nottinghamshire Police,-1.169788,52.959707,On or near INDEPENDENT STREET,E01013948,Nottingham 026E,Offender otherwise dealt with
87974c30d787fbe2ca7db197cade16348b45319f0fa427ad83682f6c547baf29,2013-06,Nottinghamshire Police,Nottinghamshire Police,-1.244432,53.098811,On or near STATION STREET,E01027952,Ashfield 008A,Offender given community sentence
3f6f9bffc661dc329aadbf4f1f204bdc34243b7a6b0a46b355f960c54d6065a4,2013-06,Nottinghamshire Police,Nottinghamshire Police,-1.158466,52.933270,On or near ST WILFRIDS CHURCH DRIVE,E01013901,Nottingham 034C,Offender sent to prison
4891b431c573ae8a4d045d53ed9a584deb8a7b9c7b826abf94ca64d126553a91,2013-06,Nottinghamshire Police,Nottinghamshire Police,-1.229554,52.949942,On or near Supermarket,E01013982,Nottingham 030B,Offender given suspended prison sentence
5a81e0b44582ebf5acf0f0739b7959f7daf5231ca2278faa77dcad9495bce4bc,2013-06,Nottinghamshire Police,Nottinghamshire Police,-1.204092,53.144178,On or near GOLDSMITH STREET,E01028247,Mansfield 008C,Offender sent to prison
243a67e38febb738957270f91db00ccf923cc7763e32f0cc55ffe49444063115,2013-06,Nottinghamshire Police,Nottinghamshire Police,-0.810435,53.058615,On or near LINDSAY AVENUE,E01028320,Newark and Sherwood 010E,Offender given conditional discharge
178b640f41d05fa3a74dd7a7f9e3dc247c5e4669d862384e50e2523fe548c9c8,2013-06,Nottinghamshire Police,Nottinghamshire Police,-1.172929,52.964412,On or near BIRKIN AVENUE,E01013812,Nottingham 018C,Offender sent to prison
5bc0e3f4503da28b1a7b1a7e63625b662b17a1221f58c0552a4ae0eaacfbf527,2013-06,Nottinghamshire Police,Nottinghamshire Police,-1.145030,52.980899,On or near MANSFIELD STREET,E01013969,Nottingham 010C,Offender sent to prison
d68a80377f9014a6cae98d29b7e858636ca56b5ccef1241f4de40ea7a2c89bea,2013-06,Nottinghamshire Police,Nottinghamshire Police,-1.155052,52.956547,On or near Parking Area,E01013816,Nottingham 022D,Defendant found not guilty
80620f4b0245582dfe3294de2ec225cd57046f7f0b722931cc0b243f1779a966,2013-06,Nottinghamshire Police,Nottinghamshire Police,-1.184794,53.147922,On or near Sports/Recreation Area,E01028276,Mansfield 009E,Defendant found not guilty
98745c76a722f6d5ab8645583d959e726ef5b26c3f45e7a0c7cc638eeeac4f40,2013-06,Nottinghamshire Police,Nottinghamshire Police,-1.192543,53.145341,On or near ROCK VALLEY,E01028274,Mansfield 009C,Offender sent to prison
2fe60effec5a660848f6d999b7a351624cd554b60048551eeab20efc285cb12b,2013-06,Nottinghamshire Police,Nottinghamshire Police,-1.198262,53.042039,On or near WINDSOR CLOSE,E01027934,Ashfield 013C,Defendant found not guilty
af07bba080cde1bb9aeb677d523423e298c25ba0268bc70012feda0b1fa19a4a,2013-06,Nottinghamshire Police,Nottinghamshire Police,-1.188466,53.008514,On or near BESTWOOD ROAD,E01013879,Nottingham 002A,Offender given community sentence
74241e880f003be16b193fb1be03de5b512970539c456173cdf8f6758564a6f6,2013-06,Nottinghamshire Police,Nottinghamshire Police,-1.129422,53.001579,On or near Shopping Area,E01028175,Gedling 005C,Offender given suspended prison sentence
1f98308b45b420e09f80d0af98d67fa132d317338cab4f62be6b119d11d552e5,2013-06,Nottinghamshire Police,Nottinghamshire Police,-1.209581,53.041305,On or near PEVERIL STREET,E01027937,Ashfield 014E,Offender given community sentence
54220be87a83c5111dede21c6339368548d41d1ffcb3614a30115749f2936f9b,2013-06,Nottinghamshire Police,Nottinghamshire Police,-1.169929,52.961686,On or near ASPLEY PLACE,E01013814,Nottingham 022B,Offender given suspended prison sentence
13b0b3a6c22d62db609139f88bf291c837d23e06a83ba8c1f3f83bd34742eaa7,2013-06,Nottinghamshire Police,Nottinghamshire Police,-1.132501,52.935654,On or near Supermarket,E01028416,Rushcliffe 005D,Court case unable to proceed
a8ef255d7e89d2098be33c2599d9c885f3ac687da78344c29b0803fae4370d73,2013-06,Nottinghamshire Police,Nottinghamshire Police,-1.234350,52.945559,On or near KEVIN ROAD,E01013984,Nottingham 030D,Offender given suspended prison sentence
484459e778cf861e2feeddd7a8a7193f935088474ecf5f1088381c08c26148f5,2013-06,Nottinghamshire Police,Nottinghamshire Police,-1.194422,53.146387,On or near LEEMING STREET,E01028274,Mansfield 009C,Offender given conditional discharge
b0558b11c4bd042a7734dfa6c88ef5edc11886d60bd2fcc1361eac1d4c9e99af,2013-06,Nottinghamshire Police,Nottinghamshire Police,-1.118591,52.972229,On or near MORLEY ROAD,E01028163,Gedling 013D,Offender given conditional discharge
5ada1e795f0633b3b3dd6cec21daa7c27d20bf15d3f6e39fb85bed5d31eacc2f,2013-06,Nottinghamshire Police,Nottinghamshire Police,-1.145030,52.980899,On or near MANSFIELD STREET,E01013969,Nottingham 010C,Offender sent to prison
693e749e197ec1fc3abb11d722f65f5ec4cfe5323d3b346021baac43a5fd41ab,2013-06,Nottinghamshire Police,Nottinghamshire Police,-1.144488,53.001553,On or near OXBOROUGH ROAD,E01028166,Gedling 006C,Offender fined
8a3129376c7e0eb7c872e65f6a662300c56b9fd9d82e5229434d6c790d1fee9f,2013-06,Nottinghamshire Police,Nottinghamshire Police,-0.813495,53.075439,On or near CASTLE RISING,E01028311,Newark and Sherwood 007G,Offender sent to prison
2c2c97a86afa369bde555ffa8c00225146ea94f14eb7f62204145ed2e65384e7,2013-06,Nottinghamshire Police,Nottinghamshire Police,-1.227473,52.979054,On or near HUCKNALL CLOSE,E01013864,Nottingham 014A,Defendant found not guilty
5451c11bd81ca92fbf92f594e9e50eadb9d858d33801509f9f5f115c1fc528c4,2013-06,Nottinghamshire Police,Nottinghamshire Police,-1.169224,52.954966,On or near BALFOUR ROAD,E01033404,Nottingham 028G,Offender given conditional discharge
b1f4bd48b8e6c5b7d09757b4125673e1cd86aa86a0ce15bf0d0478fda69e74af,2013-06,Nottinghamshire Police,Nottinghamshire Police,-1.077085,53.191606,On or near MELLORS ROAD,E01028321,Newark and Sherwood 002C,Offender given community sentence
136e0d9d4203a4bb14540fb614f86ca122326a908d2f31c5d423859fda99ffcb,2013-06,Nottinghamshire Police,Nottinghamshire Police,-1.119636,52.984562,On or near Parking Area,E01028194,Gedling 010B,Offender sent to prison
06444909b811a9a59f83017e97c3f3a620e64f591d5e2db39d9548f06ffb7110,2013-06,Nottinghamshire Police,Nottinghamshire Police,-1.128165,53.003368,On or near Supermarket,E01028209,Gedling 005D,Offender given conditional discharge
2641115e1f3a9cb9f4de4745314ed288cd46395e0860feff1574593bd847d8a4,2013-06,Nottinghamshire Police,Nottinghamshire Police,-1.174131,52.949768,On or near GREGORY AVENUE,E01013924,Nottingham 031C,Offender sent to prison
e5d2cf1b31d7895d2a2fa4fa3c983f1042292e15d7d61ac2541134a1a80d2ce5,2013-06,Nottinghamshire Police,Nottinghamshire Police,-1.230794,53.033588,On or near DAWLISH CLOSE,E01027944,Ashfield 015E,Defendant found not guilty
9d04a5f2e54385e63534b026f97592013ce2d838225caf9d771643ad8addb698,2013-06,Nottinghamshire Police,Nottinghamshire Police,-1.182194,53.146295,On or near SANDY LANE,E01028276,Mansfield 009E,Offender given community sentence
13317299ca606faa24cb26ade18514fe8e2ce217e326cab0c6fa3271c3608415,2013-06,Nottinghamshire Police,Nottinghamshire Police,-1.180324,52.907164,On or near MIDHURST WAY,E01013897,Nottingham 035A,Offender given conditional discharge
c0b3e85f63d5e83431960649eeac6438b6f6cb69b63c1a9dc868131ffddf8adc,2013-06,Nottinghamshire Police,Nottinghamshire Police,-1.150124,53.147769,On or near RATCHER WAY,E01028262,Mansfield 011C,Offender sent to prison
3441c9836c527535c2f71568e4b3deb13ad0b921322d6ba33424264a721da7b9,2013-06,Nottinghamshire Police,Nottinghamshire Police,-1.155052,52.956547,On or near Parking Area,E01013816,Nottingham 022D,Defendant found not guilty
81f4a8d5253384c74e8436485f1e81b7a4864746c61e943826cc833751571bb2,2013-06,Nottinghamshire Police,Nottinghamshire Police,-1.174580,52.974645,On or near BLEACHERS YARD,E01013833,Nottingham 009E,Defendant found not guilty
6fd9994403e4a17e483f91fb9499c4939c228bf1de4db1248b97732216bd2586,2013-06,Nottinghamshire Police,Nottinghamshire Police,-1.205497,53.037925,On or near Parking Area,E01027928,Ashfield 014B,Defendant found not guilty
58dc2e943a264df3d488d51333d33bb97987bfbf67f5b5c5988576fd93f94b3f,2013-06,Nottinghamshire Police,Nottinghamshire Police,-1.154393,53.140527,On or near LITTLEOVER AVENUE,E01028261,Mansfield 012C,Defendant found not guilty
2b8eb8cf36f3b8f94d4afb9a25729d56a9f78d7b0a11ad5f39cefac9f873de29,2013-06,Nottinghamshire Police,Nottinghamshire Police,-1.215356,52.927672,On or near VERNON AVENUE,E01028085,Broxtowe 011D,Offender given suspended prison sentence
dc5e6d5281724e1f9e2262479a46a9ae2f033bd5e58c3bb693f09120a1808b1c,2013-06,Nottinghamshire Police,Nottinghamshire Police,-1.140595,52.973991,On or near LUCKNOW DRIVE,E01013937,Nottingham 015A,Offender given community sentence
877fd2238066b7f9e5aba5439056d6998f0b7ca1c93e873026e25e6f74da947c,2013-06,Nottinghamshire Police,Nottinghamshire Police,-0.811117,53.073950,On or near PORTLAND STREET,E01028311,Newark and Sherwood 007G,Offender sent to prison
7d952a4fad648d71fa9310d849791ccf6848546aff5fe894443c84f95b332ce9,2013-06,Nottinghamshire Police,Nottinghamshire Police,-1.300275,53.016712,On or near NOTTINGHAM ROAD,E01028112,Broxtowe 002C,Defendant found not guilty
64e5c00c778a567b1584bcb7904701ab9e0b52eebd6ca3df65a1b5cdd9789bdd,2013-06,Nottinghamshire Police,Nottinghamshire Police,-1.159056,53.324117,On or near COACH ROAD,E01028058,Bassetlaw 009C,Offender given suspended prison sentence
d6138dc9ad8dca0bc5520c752a82fffb317d2d48ff025929578a7c5bf06196b6,2013-06,Nottinghamshire Police,Nottinghamshire Police,-1.179006,53.003577,On or near Petrol Station,E01013893,Nottingham 001C,Offender sent to prison
f23a49f3944edc04b3f02616b188377838dbcc88033af137b521e6b00980d0de,2013-06,Nottinghamshire Police,Nottinghamshire Police,-1.169610,52.962789,On or near CAULTON STREET,E01013814,Nottingham 022B,Court case unable to proceed
a42759d3d75543df4ad281e097f931f96fc60314c61f3a1569bbeb83e08ac4ee,2013-06,Nottinghamshire Police,Nottinghamshire Police,-1.150219,52.952512,On or near WHEELER GATE,E01033400,Nottingham 039B,Offender sent to prison
ef96b70ce089096ec2f80f71588eeca98957bd145fc26330b71f7837585fd410,2013-06,Nottinghamshire Police,Nottinghamshire Police,-1.219345,52.937497,On or near BURROWS CRESCENT,E01028077,Broxtowe 009B,Defendant found not guilty
e4d29d6244b6c88071f33345a17fc83ac16e49cd8828456f2f53d496fa7dab0e,2013-06,Nottinghamshire Police,Nottinghamshire Police,-1.280390,52.924281,On or near ST JAMES'S STREET,E01028133,Broxtowe 010F,Offender fined
8b39a45b833b0092b14947769c0082b93885e837d4d64f6b095537d6a598ce53,2013-06,Nottinghamshire Police,Nottinghamshire Police,-1.204458,53.145394,On or near ST JOHN'S PLACE,E01028247,Mansfield 008C,Offender given community sentence
c156d6e3876155f3a972dbef6b9a8d606cfa9d4e336a0ff29985b057b860f47c,2013-06,Nottinghamshire Police,Nottinghamshire Police,-1.187808,52.961737,On or near NORTHDOWN ROAD,E01013932,Nottingham 019C,Offender given community sentence
b4ed74ac3344f87e2b91ef6a6a667debc5289ffbbdfec5c8f5e5d8eecc07c35a,2013-06,Nottinghamshire Police,Nottinghamshire Police,-1.168506,52.955140,On or near DOUGLAS ROAD,E01033404,Nottingham 028G,Offender given suspended prison sentence
35785a2b3402e2babecce2af963b614629d3410f80fb12ac80ddfefa64e008c4,2013-06,Nottinghamshire Police,Nottinghamshire Police,-1.125486,53.305700,On or near Shopping Area,E01028062,Bassetlaw 013C,Offender sent to prison
c6e475ddba5347b96db312c30aafd58f3c44df92738e7f0dfb2a6a44c6a56a3f,2013-06,Nottinghamshire Police,Nottinghamshire Police,-1.235677,52.958935,On or near CANWICK CLOSE,E01013858,Nottingham 025A,Offender given conditional discharge
c9f22d1d0433db3b1bc827a4966b0ebf8858cf6f83d0fffbad6e746cf540caa9,2013-06,Nottinghamshire Police,Nottinghamshire Police,-1.198105,52.984568,On or near Petrol Station,E01013831,Nottingham 009C,Offender given suspended prison sentence
b6b68a6440f28533e815254fb45efb70566711e6144a98ab8adfd1dea1786f8c,2013-06,Nottinghamshire Police,Nottinghamshire Police,-1.213467,52.926833,On or near ACACIA WALK,E01028073,Broxtowe 011A,Court case unable to proceed
30f4f0377ed8bbd19c501cd3a0e14c5f07df9b32c91a60303fc292d596e06811,2013-06,Nottinghamshire Police,Nottinghamshire Police,-1.143704,52.968143,On or near GORSEY ROAD,E01013943,Nottingham 015D,Court case unable to proceed
6955704a46884262b6f267a8369eabc4425a05fb24c6cdb9194e9826d345e90b,2013-06,Nottinghamshire Police,Nottinghamshire Police,-1.141905,52.953711,On or near GOOSE GATE,E01033407,Nottingham 039F,Offender given suspended prison sentence
e84d541cc7ad42d63d676e72a32c5adb322f03c88f005c290e9325444638f68e,2013-06,Nottinghamshire Police,Nottinghamshire Police,-1.142888,52.952163,On or near STONEY STREET,E01033406,Nottingham 039E,Defendant found not guilty
65b52dd11931d71dca4b03c2c60e8015868e1604b76303fa7b8d8844a269f9d2,2013-06,Nottinghamshire Police,Nottinghamshire Police,-1.237042,53.030185,On or near BOLINGEY WAY,E01027938,Ashfield 015B,Defendant found not guilty
f212809cfadad694ef9723fa5c794828b13e74d72888ced85f5963b7feaf44fc,2013-06,Nottinghamshire Police,Nottinghamshire Police,-1.303870,53.017443,On or near Supermarket,E01028112,Broxtowe 002C,Offender sent to prison
75e76893f29e542fc4e4951918c3d24de3ac1525b1f872932455a0d2c8ff7e02,2013-06,Nottinghamshire Police,Nottinghamshire Police,-0.969059,53.036327,On or near PRIORY ROAD,E01028351,Newark and Sherwood 013D,Offender given community sentence
f8ca07b99c358c38ead649a2e72ec2dfbc20ec9f2897a63a1c8d56326619917d,2013-06,Nottinghamshire Police,Nottinghamshire Police,-0.804653,53.069696,On or near SYDNEY TERRACE,E01028333,Newark and Sherwood 009C,Offender sent to prison
aae49cddfaa4e1b3b4ac7279becae9c404f70dc34db56bc38e53606ed59d3a81,2013-06,Nottinghamshire Police,Nottinghamshire Police,-1.149477,52.954655,On or near KING STREET,E01033406,Nottingham 039E,Offender given community sentence
bfa921e03e7b1ea15f2690acf071d6ce440f4a5be9b06918ce9fde6c3fde72ff,2013-06,Nottinghamshire Police,Nottinghamshire Police,-1.190270,53.047495,On or near CHRISTINE CLOSE,E01027936,Ashfield 013E,Offender given community sentence
51dc9bb373e11c9d604506c17b7481b9a91a95b909dcae9450c32d4fbf843587,2013-06,Nottinghamshire Police,Nottinghamshire Police,-1.274256,53.123699,On or near OXFORD STREET,E01027969,Ashfield 006A,Offender sent to prison
ec8926680f9c63232c21b1c16e62ea9afc6eebfecba54bcd894e3012c086eb6b,2013-06,Nottinghamshire Police,Nottinghamshire Police,-1.193937,53.003616,On or near JENNISON STREET,E01013885,Nottingham 002E,Offender given community sentence
5d9fb1637210a517f530803d84d29c03ac9d866e4280525148b88d4b8b225bcc,2013-06,Nottinghamshire Police,Nottinghamshire Police,-1.120238,53.382886,On or near CHESTNUT ROAD,E01028029,Bassetlaw 004E,Offender given suspended prison sentence
33f1e11da65e29196408d02c51736113886df0196a804f704a50adc01bc00c7a,2013-06,Nottinghamshire Police,Nottinghamshire Police,-1.202514,53.037950,On or near HIGH STREET,E01027928,Ashfield 014B,Offender given suspended prison sentence
267a99311a05a071e447156d7a3ab3b5083e248bad118433d61134eb9b9aeb7b,2013-06,Nottinghamshire Police,Nottinghamshire Police,-1.142623,52.952763,On or near RISTE'S PLACE,E01033406,Nottingham 039E,Offender given suspended prison sentence
c1f12fe4613779aba44da97d0d2f778cdd75787cda05d46e5c6dde20f5d01865,2013-06,Nottinghamshire Police,Nottinghamshire Police,-1.008009,53.202719,On or near Bus/Coach Station,E01028341,Newark and Sherwood 001F,Defendant found not guilty
a46101fc19597c0ee461c7ead25e0faf598ad8c0dd3832605959d73c56a52a4b,2013-06,Nottinghamshire Police,Nottinghamshire Police,-1.239102,53.133422,On or near BLACKMIRES WAY,E01027985,Ashfield 004E,Offender fined
396e1527a8997539f41865efb84a644b8c64ce54832b62871814495b4f28d722,2013-06,Nottinghamshire Police,Nottinghamshire Police,-1.180801,52.958309,On or near LEEN PLACE,E01033395,Nottingham 026G,Offender given conditional discharge
54c0a5ee7e6173baef268bb87603568c05587468de1e43de3056d3825402f704,2013-06,Nottinghamshire Police,Nottinghamshire Police,-1.160470,53.123248,On or near SYERSTON ROAD,E01028256,Mansfield 012B,Offender sent to prison
0b24b7ff51a5474f421729a65002793b9395bd2008d96c825815dc8d7c570436,2013-06,Nottinghamshire Police,Nottinghamshire Police,-1.131607,53.302860,On or near HARRINGTON STREET,E01028062,Bassetlaw 013C,Offender sent to prison
bfaf62ef5bf6c950a31fdfbd6cced9555e2a6481edaafe3107a11627d3719117,2013-06,Nottinghamshire Police,Nottinghamshire Police,-1.214998,52.979557,On or near FENWICK CLOSE,E01013818,Nottingham 011B,Offender given community sentence
b2c34673ac9888d0fd870b1e4e4236ed5453727fa78a0a070a02c5bfc122e925,2013-06,Nottinghamshire Police,Nottinghamshire Police,-1.102129,53.295261,On or near KINGSTON ROAD,E01028064,Bassetlaw 014E,Offender sent to prison
12804a86f762e3e1cc801c1beda5a17457d83b76722416ff00a327148bba6675,2013-06,Nottinghamshire Police,Nottinghamshire Police,-1.223712,52.972854,On or near YATESBURY CRESCENT,E01013867,Nottingham 014D,Offender fined
d54389e84a125daf8f8f46fe516522a576674f736b7760244cac738fc0cc625d,2013-06,Nottinghamshire Police,Nottinghamshire Police,-0.828297,53.067935,On or near FARNDON ROAD,E01028309,Newark and Sherwood 010B,Offender sent to prison
7d4b698d25a492785af47c62bd53094e65610fdd16309184ddec3cb438de2678,2013-06,Nottinghamshire Police,Nottinghamshire Police,-1.207365,53.142599,On or near SPENCER STREET,E01028247,Mansfield 008C,Offender given community sentence
6c745c6fc0dd4e718556161eaf9b2060a83ba53ef28122c671e1924e189e5037,2013-06,Nottinghamshire Police,Nottinghamshire Police,-1.132421,52.979855,On or near QUERNEBY AVENUE,E01013935,Nottingham 010A,Offender given community sentence
d2e9239c94490e70491d3b1edb6bcd420130a0ff0299307dbe5678f3540c0969,2013-06,Nottinghamshire Police,Nottinghamshire Police,-1.144810,52.936984,On or near RIVER VIEW,E01013874,Nottingham 039A,Defendant found not guilty
50a7950b6d9ce11cdd7e1199727aa5a17f51ba8662ae48309255be1452cd76fa,2013-06,Nottinghamshire Police,Nottinghamshire Police,-1.150829,52.954053,On or near Shopping Area,E01033406,Nottingham 039E,Offender sent to prison
5832b3f3748b3848d260810f33b736a44ed5ad47f0156413385d62bd4a3c0712,2013-06,Nottinghamshire Police,Nottinghamshire Police,-1.146168,52.954910,On or near Shopping Area,E01033406,Nottingham 039E,Offender sent to prison
eb3bc5182c8b4f3fb9752578657b55182a5f5484bb19b98871fc2cc710218b1a,2013-06,Nottinghamshire Police,Nottinghamshire Police,-1.255747,53.127666,On or near GRESHAM CLOSE,E01027978,Ashfield 004D,Offender given community sentence
238f5a32ee7bd0890b1c4dcc6833ad26fba26b2aa35a7e2b9a4047d469ddb794,2013-06,Nottinghamshire Police,Nottinghamshire Police,-1.158507,52.955735,On or near WOLLATON STREET,E01013816,Nottingham 022D,Offender otherwise dealt with
1f33e285703e76a53160d4eb845dc072d48d05645def989405b4376589da5e42,2013-06,Nottinghamshire Police,Nottinghamshire Police,-1.230794,53.033588,On or near DAWLISH CLOSE,E01027944,Ashfield 015E,Defendant found not guilty
27940094655547251293d817e11f1d531a91ca1060bb16bca1a0b7e9ae672409,2013-06,Nottinghamshire Police,Nottinghamshire Police,-1.166187,52.975890,On or near FORD STREET,E01013841,Nottingham 012E,Offender given conditional discharge
c9c609b669fc8af24bfa7e72dd91c71e5e63c0578d5f03c7373c743304b9aaa4,2013-06,Nottinghamshire Police,Nottinghamshire Police,-1.114002,53.300105,On or near CLINTON STREET,E01028065,Bassetlaw 012B,Offender given community sentence
68ad0adb539b8304b6cb19e6c8e98aa927088550a8d86a7640922112b0aa5ab6,2013-06,Nottinghamshire Police,Nottinghamshire Police,-1.132129,52.944587,On or near Petrol Station,E01013920,Nottingham 029C,Offender given community sentence
dcf4515f6731ed26d5a30887a33dd4f9d47a0e3968d6bfc7e219c1d5b765ba60,2013-06,Nottinghamshire Police,Nottinghamshire Police,-1.190193,52.901784,On or near GARDENDALE AVENUE,E01013905,Nottingham 036A,Defendant found not guilty
e04829e2bd047c2bdadeecd003da63e67bf085ee80f4274bccd2f3e88e0ad80f,2013-06,Nottinghamshire Police,Nottinghamshire Police,-1.004484,53.202995,On or near SYCAMORE ROAD,E01028338,Newark and Sherwood 001C,Offender given suspended prison sentence
1fa9daaed1d1faebab04747f3b36c2b878252a1ac4ad7a5f36dc8b62a63933a5,2013-06,Nottinghamshire Police,Nottinghamshire Police,-1.165575,52.974438,On or near MAUD STREET,E01013841,Nottingham 012E,Offender sent to prison
be317e801cd5d282703b5601c5d59aee66a2aab9a064a2999e0160b5b7501639,2013-06,Nottinghamshire Police,Nottinghamshire Police,-1.116161,53.304553,On or near PRIORSWELL ROAD,E01028068,Bassetlaw 012D,Offender fined
71345e14c6bfdd50e56247c2ce5d9cf0e68a10074a8d90c7aa10124d505c2221,2013-06,Nottinghamshire Police,Nottinghamshire Police,-1.192673,52.981907,On or near OVERDALE ROAD,E01013830,Nottingham 009B,Offender given community sentence
6924dac9879964ae5563980f7d3c75fc60cf6c7625f3814031d98a8ac8eceb67,2013-06,Nottinghamshire Police,Nottinghamshire Police,-1.150053,52.948097,On or near CANAL STREET,E01033400,Nottingham 039B,Offender fined
89b4faaf842f4ad28ee24b5dc0597531013af70427476cc3d5973e6e1ba88517,2013-06,Nottinghamshire Police,Nottinghamshire Police,-1.160940,52.959222,On or near OLIVER CLOSE,E01013816,Nottingham 022D,Offender given community sentence
2a254fcc4389d8fd0b76998d7b8ba80d076bcbe96a336a00a3252e3d96a7e062,2013-06,Nottinghamshire Police,Nottinghamshire Police,-1.150631,52.961873,On or near FROGMORE STREET,E01013961,Nottingham 023D,Offender sent to prison
31621dae8c0e3703076e2027939e8aeac612797b03807153b47932e4194b6cd8,2013-06,Nottinghamshire Police,Nottinghamshire Police,-1.162024,52.960911,On or near BURNS STREET,E01013815,Nottingham 022C,Defendant found not guilty
5d99d885a90aff4f2a7997e0683d29435af927bebfbaf54dfd0d012eb95529e4,2013-06,Nottinghamshire Police,Nottinghamshire Police,-0.810945,53.075350,On or near Parking Area,E01028311,Newark and Sherwood 007G,Offender sent to prison
458b7be90b79ef6be654bc0b4e86e45d92dc182dcacd3193d79565e6772438f3,2013-06,Nottinghamshire Police,Nottinghamshire Police,-1.149045,52.953187,On or near SOUTH PARADE,E01033406,Nottingham 039E,Offender sent to prison
64a53612ffe4325c94069b98291eb9ce7c5d697ab15960f5e0f391904910a4c3,2013-06,Nottinghamshire Police,Nottinghamshire Police,-1.303870,53.017443,On or near Supermarket,E01028112,Broxtowe 002C,Offender sent to prison
b0e98c65068822a3302df4c4d4b22dbd5d2e2b786883d9e0c9ae0e126da06f7d,2013-06,Nottinghamshire Police,Nottinghamshire Police,-1.147591,52.955945,On or near Shopping Area,E01033409,Nottingham 023H,Offender sent to prison
a117e92d7372b81403bdc568ab098f7ec92ad9e7369baae0d4618e76fc5aa632,2013-06,Nottinghamshire Police,Nottinghamshire Police,-1.152516,52.974364,On or near LOSCOE ROAD,E01013972,Nottingham 015E,Offender sent to prison
8e4129be6e9216c449023ce5c0d533cf1f27876074eb7bcfc26c79f1ba5c1c8f,2013-06,Nottinghamshire Police,Nottinghamshire Police,-1.087103,52.967614,On or near CAVENDISH DRIVE,E01028210,Gedling 014G,Offender given community sentence
d34cfbc357ae97fef0fd654b762a3a65b1b08dfbe39f856f35b87bdfd792fcc6,2013-06,Nottinghamshire Police,Nottinghamshire Police,-1.216062,52.975914,On or near WOODFIELD ROAD,E01013822,Nottingham 011C,Offender fined
a65e09243f0c79708397b98dcbdd8d77f2446465c4ff94071bb990d52d3546b1,2013-06,Nottinghamshire Police,Nottinghamshire Police,-1.129665,53.303169,On or near BROOK TERRACE,E01028062,Bassetlaw 013C,Offender otherwise dealt with
75c21a2cc391549e6e9c0ff49b08560f658a3de9d50bcabd38212f632c969f82,2013-06,Nottinghamshire Police,Nottinghamshire Police,-1.149477,52.954655,On or near KING STREET,E01033406,Nottingham 039E,Offender sent to prison
a3b227a1e42dd1fa23b7d3aac5d015692356f9b21c4b212d345eef0b5d49a39a,2013-06,Nottinghamshire Police,Nottinghamshire Police,-1.150053,52.948097,On or near CANAL STREET,E01033400,Nottingham 039B,Offender fined
c51e36f80e36e7f0d7ea0feb3dde3ee365a5b0483ee57785d0d231ccb362f967,2013-06,Nottinghamshire Police,Nottinghamshire Police,-1.154121,52.960801,On or near MANSFIELD GROVE,E01013813,Nottingham 022A,Offender given community sentence
89e0ec0222ce19986ee33d1085c4db3726667c80f7c83fb8fd80696bd1db9b06,2013-06,Nottinghamshire Police,Nottinghamshire Police,-1.195665,53.031728,On or near WHYBURN STREET,E01027931,Ashfield 013B,Offender sent to prison
071a54a674a95e1f1f1d57492050d05c94c9975f67032472334cc73fabdb4cf7,2013-06,Nottinghamshire Police,Nottinghamshire Police,-1.114577,53.300595,On or near ELY CLOSE,E01028065,Bassetlaw 012B,Offender fined
6862c52bbad82004a2a1f29db1e5fa19d3a2541c67159774612ac87a6795e837,2013-06,Nottinghamshire Police,Nottinghamshire Police,-1.213894,52.976350,On or near WITHERN ROAD,E01013822,Nottingham 011C,Offender given suspended prison sentence
f019ecda050607b89bcf9858ccae756b0d99f174e5983c3f77b1a32622e18d04,2013-06,Nottinghamshire Police,Nottinghamshire Police,-1.273047,53.123602,On or near Petrol Station,E01027969,Ashfield 006A,Offender given conditional discharge
4f90de64e539a415317592c1370fe5e42df7a99817823f9630e32a7648d8b368,2013-06,Nottinghamshire Police,Nottinghamshire Police,-1.149761,52.956878,On or near NORTH CHURCH STREET,E01033409,Nottingham 023H,Offender sent to prison
db6fea8049b6106ed7747cd9e99720e869d98ba721e045d7704a5da23e7eb5d4,2013-06,Nottinghamshire Police,Nottinghamshire Police,-1.150219,52.952512,On or near WHEELER GATE,E01033400,Nottingham 039B,Offender sent to prison
de2ae55d45b272da0fa9b05002720ac529860e6998cc27188747cc565cb58f75,2013-06,Nottinghamshire Police,Nottinghamshire Police,-1.173064,52.969052,On or near SCOTHOLME AVENUE,E01013842,Nottingham 018D,Offender sent to prison
0ac09fe18ed3ae3045a1a4fde8167f059e04e9f48611882084b40373c83c44f4,2013-06,Nottinghamshire Police,Nottinghamshire Police,-1.197560,53.139289,On or near BEECH AVENUE,E01028268,Mansfield 008D,Offender given conditional discharge
e0b5f7ae68d8f912dbe4aea90a1546c9ba3da6a1a49f2a355ae3dc16c1851686,2013-06,Nottinghamshire Police,Nottinghamshire Police,-1.140867,52.959492,On or near HAVELOCK GARDENS,E01033411,Nottingham 023I,Offender given suspended prison sentence
e5632326fe9828044628d18685505e97f242a286166cd8e00a892db69b14b4d4,2013-06,Nottinghamshire Police,Nottinghamshire Police,-1.125791,52.931947,On or near Shopping Area,E01028416,Rushcliffe 005D,Offender given community sentence
f7e476652130a769fddcc24ce129a83f4803df197b6d7d3999f6ebefcb8ca6a1,2013-06,Nottinghamshire Police,Nottinghamshire Police,-1.265054,53.145414,On or near OVERDALE AVENUE,E01027979,Ashfield 001A,Defendant found not guilty
d6da62e2fa42187943eea531f38d2b4a32c2741be3d07494d4e320bcee7f5e59,2013-06,Nottinghamshire Police,Nottinghamshire Police,-1.201842,53.147794,On or near THE ROOKERY,E01028284,Mansfield 008F,Offender sent to prison
3e407356fdca1f6b10b9970d4db5c57d9a1c8af27add003705fb338693d79dbb,2013-06,Nottinghamshire Police,Nottinghamshire Police,-1.112447,52.966116,On or near LOWATER STREET,E01028161,Gedling 013B,Offender fined
7e0f118c42f155859941c40c8e1e989e826b2afcdb17dd01bd57178c828cf920,2013-06,Nottinghamshire Police,Nottinghamshire Police,-1.172084,52.949421,On or near Pedestrian Subway,E01013924,Nottingham 031C,Offender given community sentence
528f587868ca617661675cd5c309c694ef14c77a9858f3c566f5c006a7aad945,2013-06,Nottinghamshire Police,Nottinghamshire Police,-1.202674,53.025249,On or near LEVERTONS PLACE,E01027930,Ashfield 016B,Offender given community sentence
88d673b3a8aac1805366c679d9378eea3924ee7ea1b299ae36781983363ce2a8,2013-06,Nottinghamshire Police,Nottinghamshire Police,-1.266780,53.101971,On or near CASTLE HILL CLOSE,E01027947,Ashfield 009A,Offender given community sentence
372c086dfdfa533322ff15d2f0b7038d03bf6c12651f207e70052231d97953e7,2013-06,Nottinghamshire Police,Nottinghamshire Police,-1.142053,52.954485,On or near CRANBROOK STREET,E01033407,Nottingham 039F,Offender sent to prison
b0ad761e2259d4480cacb8359c23e8dfea6f4aa5c3230b26fb48e70d8cde21d7,2013-06,Nottinghamshire Police,Nottinghamshire Police,-0.802079,53.074227,On or near BARNBY GATE,E01028294,Newark and Sherwood 007A,Offender sent to prison
e06d01bb79ba13698b86557b5e2d261defbd16e83f2aef513f5c2afd18ee444d,2013-06,Nottinghamshire Police,Nottinghamshire Police,-1.195665,53.031728,On or near WHYBURN STREET,E01027931,Ashfield 013B,Offender sent to prison
f6b448794424f0739f41c6daa89f28d8c5a9a47330afbf0b1f2a24f0b36011a0,2013-06,Nottinghamshire Police,Nottinghamshire Police,-1.161814,52.944818,On or near KIRTLEY DRIVE,E01013870,Nottingham 040A,Offender ordered to pay compensation
982241a9d59a7f6deeddb36f50572841dcf34407c111005ae4912c5a383caba2,2013-06,Nottinghamshire Police,Nottinghamshire Police,-1.218376,52.937590,On or near BOUNDARY CRESCENT,E01028077,Broxtowe 009B,Court case unable to proceed
189055b0cd6e59364dc798bde9043baf04974e0116343d841595919c924f4b41,2013-06,Nottinghamshire Police,Nottinghamshire Police,-0.811117,53.073950,On or near PORTLAND STREET,E01028311,Newark and Sherwood 007G,Offender sent to prison
0b3968d1c832cdf98e52118465d27188c98af524e3508a49eb527c9ddbfe2af8,2013-06,Nottinghamshire Police,Nottinghamshire Police,-1.290920,53.128096,On or near Petrol Station,E01027988,Ashfield 006C,Offender given community sentence
3f716a82fac70ca7c28c49f20a1aee8bd6d01e1e514e613737292178f60440a3,2013-06,Nottinghamshire Police,Nottinghamshire Police,-1.203618,53.037103,On or near HANSON CRESCENT,E01027928,Ashfield 014B,Offender given community sentence
142577c3d33bb96193d86e1e83b68a66e8cecc9d21fb29ad52230ab98064e351,2013-06,Nottinghamshire Police,Nottinghamshire Police,-1.178939,52.959986,On or near HARTLEY ROAD,E01013947,Nottingham 026D,Offender fined
98745c76a722f6d5ab8645583d959e726ef5b26c3f45e7a0c7cc638eeeac4f40,2013-06,Nottinghamshire Police,Nottinghamshire Police,-1.192543,53.145341,On or near ROCK VALLEY,E01028274,Mansfield 009C,Offender given community sentence
652ef86055d045916e886edc1bcec2dc8a9ed45d4191a94fdf9e1ee42b32cf67,2013-06,Nottinghamshire Police,Nottinghamshire Police,-1.226143,52.974290,On or near WYRALE DRIVE,E01013865,Nottingham 014B,Offender given community sentence
0a870065d9b703fb7f610e2c5de77cfb811dcd80c9d2ae76a13299bdb5c6e86d,2013-06,Nottinghamshire Police,Nottinghamshire Police,-1.083362,52.874120,On or near Supermarket,E01028382,Rushcliffe 013C,Offender sent to prison
13444869c6b6779a2ee3243c947e20956d0e7c7005b5dd5df9b75c1eeb49acf9,2013-06,Nottinghamshire Police,Nottinghamshire Police,-1.150053,52.948097,On or near CANAL STREET,E01033400,Nottingham 039B,Offender given conditional discharge
bc4b6986f8a490c3d53a7d1f3c5e4713f9b4c1cb37a1233c435ce7f0c3acc5d3,2013-06,Nottinghamshire Police,Nottinghamshire Police,-1.096769,53.299005,On or near MANTON VILLAS,E01028066,Bassetlaw 012C,Offender sent to prison
4a862b9f20032211f1500f33f79c76727307df58f7efb0e8970b399382988841,2013-06,Nottinghamshire Police,Nottinghamshire Police,-1.160603,52.990467,On or near Pedestrian Subway,E01013967,Nottingham 007E,Offender given community sentence
81e6bbadf7fa4ae5c7ae0a9eae5f816bc3e5872b7a1e8bcc13ebe322f18aaf1a,2013-06,Nottinghamshire Police,Nottinghamshire Police,-1.137326,52.940697,On or near MEADOW CLOSE,E01013874,Nottingham 039A,Offender given suspended prison sentence
d4d9189d0d2cbc2074ea61cb9a8d2cc418bc5bbad480fcaa6838510bd55a6b52,2013-06,Nottinghamshire Police,Nottinghamshire Police,-0.804653,53.069696,On or near SYDNEY TERRACE,E01028333,Newark and Sherwood 009C,Offender sent to prison
20f1a379bcf547e6a1649457eb613e0b307b2c16a791c104df5956a82e7ee163,2013-06,Nottinghamshire Police,Nottinghamshire Police,-0.837672,53.290407,On or near Hospital,E01028033,Bassetlaw 015C,Offender ordered to pay compensation
0e9a1474e75eaca2cd134a4753c51d9dda0f02bf74f03be7fdaf31be357a4d4a,2013-06,Nottinghamshire Police,Nottinghamshire Police,-1.126248,52.949147,On or near BECKFORD ROAD,E01013920,Nottingham 029C,Offender sent to prison
aecadcaedf767b9ea136518a5d78407d7a804c130cb4bad826fb0391f15ae317,2013-06,Nottinghamshire Police,Nottinghamshire Police,-1.124093,53.002079,On or near GEDLING GROVE,E01028175,Gedling 005C,Offender given suspended prison sentence
b5c34dffeb9043a2d073698433f99a117338d67ae18f204f6be34f19c44854d2,2013-06,Nottinghamshire Police,Nottinghamshire Police,-1.148030,52.957890,On or near Shopping Area,E01033399,Nottingham 023E,Offender given conditional discharge
21dd61232581a2d95ebdc0e7fafc5fc6ceea6e6959b9e9a77118ab224577d1fc,2013-06,Nottinghamshire Police,Nottinghamshire Police,-0.837672,53.290407,On or near Hospital,E01028033,Bassetlaw 015C,Offender fined
38925f7175c82c70ceaa2984785eeb81c601a7b88a36c8096c3b025f4ced8085,2013-06,Nottinghamshire Police,Nottinghamshire Police,-1.230794,53.033588,On or near DAWLISH CLOSE,E01027944,Ashfield 015E,Defendant found not guilty
5240bc92ec2d2ea7c32f97ea11528ea18ba055d60a07780b34cc9bc24c0340b0,2013-06,Nottinghamshire Police,Nottinghamshire Police,-1.147153,52.956293,On or near Supermarket,E01033409,Nottingham 023H,Offender given conditional discharge
0e785fafd8b1316cc5e0801220261a3a928ba5c035a71564ecab10c9505b3df4,2013-06,Nottinghamshire Police,Nottinghamshire Police,-0.970950,52.953711,On or near BRENDON GROVE,E01028360,Rushcliffe 002D,Offender sent to prison
d9c8738c66eb59953192558088503da5f11e07683f88e0d0c91662d4d2236ce9,2013-06,Nottinghamshire Police,Nottinghamshire Police,-1.145281,52.952342,On or near Parking Area,E01033403,Nottingham 039D,Defendant found not guilty
ed1b51abdc16f5a040e38097b05237fcd8e3a2a408bb0011082b0e143f753efc,2013-06,Nottinghamshire Police,Nottinghamshire Police,-1.177468,52.963752,On or near RADFORD BOULEVARD,E01013944,Nottingham 026A,Defendant found not guilty
e88ff0996f8962b6260fd0a24f00da4d183150198e5701f748c7b4e02bb3df5e,2013-06,Nottinghamshire Police,Nottinghamshire Police,-1.125791,52.931947,On or near Shopping Area,E01028416,Rushcliffe 005D,Offender sent to prison
c123efeff58770cb5a7d50ecbb599a2337bef2c154243a98917ac17294ba0ed3,2013-06,Nottinghamshire Police,Nottinghamshire Police,-1.048451,53.419208,On or near NORFOLK ROAD,E01028025,Bassetlaw 001C,Offender given conditional discharge
c436b75d8bc41e5cbf357899df18e58470643502b53ba12deb8ac8ddcf5b7008,2013-06,Nottinghamshire Police,Nottinghamshire Police,-1.164192,52.934147,On or near TOTTLE ROAD,E01013870,Nottingham 040A,Offender sent to prison
9ccae0825ca4ef311709431a945e4abdcbd3302fa6f140c9c764a6b3f0e92ca9,2013-06,Nottinghamshire Police,Nottinghamshire Police,-1.102129,53.295261,On or near KINGSTON ROAD,E01028064,Bassetlaw 014E,Offender sent to prison
2b1ca8fe2d8dde0811f89b1966069515c9e836a4305a80527c21bfc76e8df080,2013-06,Nottinghamshire Police,Nottinghamshire Police,-1.203515,52.920366,On or near ROSE GROVE,E01028080,Broxtowe 012A,Offender sent to prison
3d054d892d70e84c1cb6a0864e1d0e5e3f89e6c38a3ebef734061866aeacabcf,2013-06,Nottinghamshire Police,Nottinghamshire Police,-1.146168,52.954910,On or near Shopping Area,E01033406,Nottingham 039E,Offender sent to prison
b56a95b306bd931a853fc39032d783a6c40e1ff9a2681859dca7f7db4612ed49,2013-06,Nottinghamshire Police,Nottinghamshire Police,-1.170932,52.948937,On or near MAXWELL CLOSE,E01033408,Nottingham 031H,Offender sent to prison
0c5801c93e90b649960f38f10df3ffdad43ca9891219de0bb0d531d91371d911,2013-06,Nottinghamshire Police,Nottinghamshire Police,-1.202823,53.149725,On or near Parking Area,E01028284,Mansfield 008F,Offender fined
36d0f7687c2bf0dd91ee574e486682d9c5b22f71a2b063c160f3896d66423bcf,2013-06,Nottinghamshire Police,Nottinghamshire Police,-1.036609,52.987829,On or near Supermarket,E01028149,Gedling 008B,Offender given suspended prison sentence
2f05dea6182945b960bcbf24d37e7ffa1b2d7bf8781ba3dc972be322ecc59b26,2013-06,Nottinghamshire Police,Nottinghamshire Police,-1.150053,52.948097,On or near CANAL STREET,E01033400,Nottingham 039B,Offender given conditional discharge
c7b2b8422d166ffbd895c874b1e0ab6e282b218c9a1438f4ab0a1bea9d8a2bbf,2013-06,Nottinghamshire Police,Nottinghamshire Police,-1.222441,52.964000,On or near MELDRETH ROAD,E01013861,Nottingham 020B,Defendant found not guilty
99825b4e6590d6ef0fa101bf28183041874624e52aa6cb647a2707783c407689,2013-06,Nottinghamshire Police,Nottinghamshire Police,-1.181789,52.954864,On or near WRAGBY ROAD,E01033395,Nottingham 026G,Offender sent to prison
5b9f6e6fb4b06980aafe4f1baf28fcbc3f253a2495a5f53dede4c7f9bc702e54,2013-06,Nottinghamshire Police,Nottinghamshire Police,-1.152000,52.961137,On or near BIRKLAND AVENUE,E01013813,Nottingham 022A,Offender given conditional discharge
f65089ab752783ff091fe5472b435674a29a9764f7fee747bce39c453f7fe419,2013-06,Nottinghamshire Police,Nottinghamshire Police,-1.208798,53.154124,On or near LINDEN STREET,E01028228,Mansfield 008B,Defendant found not guilty
8bd3e8737ec3b645697e9d5c88767e7071141fd42f0d568a73a85bd577687c30,2013-06,Nottinghamshire Police,Nottinghamshire Police,-1.117713,52.931231,On or near CYRIL ROAD,E01028354,Rushcliffe 004A,Offender given community sentence
d3593d304c307cefc6acfaec914b93385650f6d6ce5276fd1cb2e6d4681a29f1,2013-06,Nottinghamshire Police,Nottinghamshire Police,-1.205625,52.921288,On or near ALFORD CLOSE,E01028083,Broxtowe 012D,Offender given community sentence
f58082141e3706053cad007cc8f894b87aebcd93108dc2f275c4dfce7e81ec79,2013-06,Nottinghamshire Police,Nottinghamshire Police,-1.085719,52.976773,On or near QUEEN'S AVENUE,E01028192,Gedling 012F,Court case unable to proceed
bb9ab9b2e4b0af9bd9f531327be9c61c876a6e52640696caa3c14c722f0b67ad,2013-06,Nottinghamshire Police,Nottinghamshire Police,-1.138633,52.994760,On or near Petrol Station,E01013963,Nottingham 007A,Offender given community sentence
c26a828638625832f7ea743d49ed97d360d1c6ead66d29e1cb0f80f28a8fbedc,2013-06,Nottinghamshire Police,Nottinghamshire Police,-0.811117,53.073950,On or near PORTLAND STREET,E01028311,Newark and Sherwood 007G,Offender sent to prison
82ec6b3618d4a5bf2fe5994b00045a4dd221cc8cc2937cd7ab37a1acfd4aad4b,2013-06,Nottinghamshire Police,Nottinghamshire Police,-1.208343,53.042987,On or near ST MARY'S WAY,E01027937,Ashfield 014E,Offender given community sentence
e0b3048090f1424804b66948466ccec72140ee7ce441e8f101274e7eee9ac4e5,2013-06,Nottinghamshire Police,Nottinghamshire Police,-1.177468,52.963752,On or near RADFORD BOULEVARD,E01013944,Nottingham 026A,Offender given conditional discharge
3a43cb5bb8cbb3143870218e80fc114f96787906548c429db5c5161a8f60dbf2,2013-06,Nottinghamshire Police,Nottinghamshire Police,-1.190193,52.901784,On or near GARDENDALE AVENUE,E01013905,Nottingham 036A,Offender sent to prison
215aa6dae0bb30df6b7b8d19bde6e078e24037c05d1dac4986f7c157f2dc326e,2013-06,Nottinghamshire Police,Nottinghamshire Police,-1.170316,52.971828,On or near ELSON STREET,E01013842,Nottingham 018D,Offender given suspended prison sentence
9316882f36b98feb8963bf8d843f0422d3b0f33a4b94600627ce481ff34fa2b1,2013-06,Nottinghamshire Police,Nottinghamshire Police,-1.153419,52.970837,On or near HUCKNALL ROAD,E01013941,Nottingham 015C,Offender sent to prison
8c8681bb353db8ac50d94a8fac676f0d6bc3c52d978e2bbc13e1564968f3c946,2013-06,Nottinghamshire Police,Nottinghamshire Police,-0.933109,53.317134,On or near WHARTON STREET,E01028012,Bassetlaw 008E,Offender sent to prison
dcab398c26ba6c8a69a85d678a2b4ffc5f4c4305c9d5215c1768928b6dcb6d06,2013-06,Nottinghamshire Police,Nottinghamshire Police,-1.125627,53.306169,On or near Shopping Area,E01028062,Bassetlaw 013C,Offender deprived of property
1cea2d7444183fdb6cd207e86ba2140b7e661fe9c3da30069926e8e658d01549,2013-06,Nottinghamshire Police,Nottinghamshire Police,-1.169733,53.006128,On or near MERIAC CLOSE,E01013893,Nottingham 001C,Offender given suspended prison sentence
2d0f6845489e973a6c1418a23dc684e42789f2ffb562eab468e34d6f9dc9c125,2013-06,Nottinghamshire Police,Nottinghamshire Police,-1.128478,52.955213,On or near WALTON AVENUE,E01013957,Nottingham 029E,Defendant found not guilty
c91b58ccbbb73233e00651bdb7d7b5c8c33e6efd138095fae3aedf626e97fea0,2013-06,Nottinghamshire Police,Nottinghamshire Police,-1.114691,53.292901,On or near NETHERTON ROAD,E01028067,Bassetlaw 013D,Court case unable to proceed
75e76893f29e542fc4e4951918c3d24de3ac1525b1f872932455a0d2c8ff7e02,2013-06,Nottinghamshire Police,Nottinghamshire Police,-0.969059,53.036327,On or near PRIORY ROAD,E01028351,Newark and Sherwood 013D,Offender given community sentence
bfa921e03e7b1ea15f2690acf071d6ce440f4a5be9b06918ce9fde6c3fde72ff,2013-06,Nottinghamshire Police,Nottinghamshire Police,-1.190270,53.047495,On or near CHRISTINE CLOSE,E01027936,Ashfield 013E,Offender given community sentence
73277a795e5ae00a41610a8dee45f1b84772bbc26a03a83feddd44d32a29c9a2,2013-06,Nottinghamshire Police,Nottinghamshire Police,-1.062774,53.377532,On or near THE MEWS,E01028000,Bassetlaw 001A,Offender fined
bfa2b1c3c2dfad06713c6c4f3b8f5283ad25c9cf4db5002157a7995eb3911791,2013-06,Nottinghamshire Police,Nottinghamshire Police,-0.811802,53.075107,On or near LOMBARD STREET,E01028311,Newark and Sherwood 007G,Defendant found not guilty
c2833f20725c1e53ff9ab6e74fe7ff712cf8a8f31a7501fa4eafbbefb28b7519,2013-06,Nottinghamshire Police,Nottinghamshire Police,-0.802079,53.074227,On or near BARNBY GATE,E01028294,Newark and Sherwood 007A,Offender sent to prison
b05e67b797606a5cee03a28d2c79414f7eb7b984c50ab8201afc7a222c4a8519,2013-06,Nottinghamshire Police,Nottinghamshire Police,-1.122836,53.119165,On or near BISHOPS HILL,E01028254,Mansfield 012A,Offender sent to prison
a6f535704461a1383dc803ca5a1c9c1bb3ec049d6cda7229a3de4c90ad71652a,2013-06,Nottinghamshire Police,Nottinghamshire Police,-1.153011,52.973387,On or near OAK STREET,E01013972,Nottingham 015E,Offender sent to prison
8d6171ab801ec831d279733329d326a310cbe9bf7f6e64308282264b8114d3fc,2013-06,Nottinghamshire Police,Nottinghamshire Police,-1.123999,52.955117,On or near ROSSINGTON ROAD,E01013918,Nottingham 029A,Defendant found not guilty
247ac98e7a2b67cd83fddd0365d8cecd1c775d489618e9f77188ea9148140606,2013-06,Nottinghamshire Police,Nottinghamshire Police,-1.195530,53.145505,On or near CLERKSON'S ALLEY,E01028284,Mansfield 008F,Offender given community sentence
ff128006d473f3bb519a0bba59ba442c7f1669e2dc6a03190b3b9d40e4bc19fd,2013-06,Nottinghamshire Police,Nottinghamshire Police,-1.192516,52.978364,On or near COMMODORE GARDENS,E01013819,Nottingham 013A,Offender fined
2efec06e67ab08487d8b61a4237c135933fe4f3ec16e5c4dbc07fb0ca45e8388,2013-06,Nottinghamshire Police,Nottinghamshire Police,-1.145120,52.982383,On or near Supermarket,E01013969,Nottingham 010C,Offender sent to prison
1e4a649cfb5c008a871a3e440e2b5a52cb81df87ab95ce3272a48b617d22c86b,2013-06,Nottinghamshire Police,Nottinghamshire Police,-1.197486,53.145662,On or near Shopping Area,E01028284,Mansfield 008F,Offender given community sentence
d170b497f8b93e0b63bc17341861e40cc2540e6a053670daecacd8020812d22e,2013-06,Nottinghamshire Police,Nottinghamshire Police,-1.189491,52.941801,On or near Further/Higher Educational Building,E01013975,Nottingham 032C,Offender sent to prison
f8de80eda1d253a86967880b003727963d8e6f25f8c449b90451e1bb517200a1,2013-06,Nottinghamshire Police,Nottinghamshire Police,-0.810448,53.075480,On or near Pedestrian Subway,E01028310,Newark and Sherwood 007F,Offender sent to prison
ce9e55ff29c78427ff6cd9af84b7bdceb68cba79757ad2628c5618411c60ea2a,2013-06,Nottinghamshire Police,Nottinghamshire Police,-1.169842,52.963132,On or near HUBERT STREET,E01013814,Nottingham 022B,Defendant found not guilty
ac0b80141c224e2d4f48adc9c2cc01c00f83c67334a43be127aa1353f0d9b29b,2013-06,Nottinghamshire Police,Nottinghamshire Police,-1.146168,52.954910,On or near Shopping Area,E01033406,Nottingham 039E,Offender given suspended prison sentence
ceb86420d917107aa528ffb725375e976a175ec8eed231260ef314705c44f859,2013-06,Nottinghamshire Police,Nottinghamshire Police,-1.119006,52.953274,On or near SNEINTON BOULEVARD,E01013917,Nottingham 024E,Offender given community sentence
af7fcf860cd1e9bf5c56f8528064dd66b88acaf477aa6196fb14160fe2028058,2013-06,Nottinghamshire Police,Nottinghamshire Police,-1.203265,53.038458,On or near Shopping Area,E01027933,Ashfield 014D,Offender sent to prison
40b1a35b177f11eb239556a738eef2e6ae698805133c454487beb35f06aa7649,2013-06,Nottinghamshire Police,Nottinghamshire Police,-1.308391,53.018153,On or near MANSFIELD ROAD,E01028111,Broxtowe 002B,Offender fined
15028639d012405cc6464763e0cdd63706da5a2e78cbadc5f931477e502c5775,2013-06,Nottinghamshire Police,Nottinghamshire Police,-1.196785,52.992299,On or near EASTWOOD STREET,E01013876,Nottingham 005B,Defendant found not guilty
5e01110a07bb280ad6670ca4bb02bd159ef3f7093b52f044ed382bd51be4080a,2013-06,Nottinghamshire Police,Nottinghamshire Police,-1.125486,53.305700,On or near Shopping Area,E01028062,Bassetlaw 013C,Offender given community sentence
32d17747c4a5966bc2ded0495907a63120974f8e2df160289ac7660c507f342d,2013-06,Nottinghamshire Police,Nottinghamshire Police,-1.144703,53.206088,On or near GLEBE AVENUE,E01028224,Mansfield 001A,Offender sent to prison
46223ec306853bc3855487a04b5724184085062287e463bf6a4b7f2790f950fa,2013-06,Nottinghamshire Police,Nottinghamshire Police,-1.123999,52.955117,On or near ROSSINGTON ROAD,E01013918,Nottingham 029A,Defendant found not guilty
7fc74b727db0c0a0a5e0ba99ed36fe616b8771fa2c4618b08f7e0c5cb5149737,2013-06,Nottinghamshire Police,Nottinghamshire Police,-1.156186,53.007642,On or near SHORESWOOD CLOSE,E01013852,Nottingham 038D,Offender given community sentence
4e89037e3a7519d40e1650dba952053d7299a6581bfb87ff2e08af6dc667c526,2013-06,Nottinghamshire Police,Nottinghamshire Police,-1.129907,52.966362,On or near RICHMOND AVENUE,E01013942,Nottingham 016D,Offender sent to prison
ac7d295b6275aeb549303dca6c80b0712169d7000eafff4b0f8ac8089dec5a0e,2013-06,Nottinghamshire Police,Nottinghamshire Police,-1.150053,52.948097,On or near CANAL STREET,E01033400,Nottingham 039B,Defendant found not guilty
d8bf59e4747ef4fb28de4d065fe3de5a3d3a61bede1dbd588dd629016c1cbd05,2013-06,Nottinghamshire Police,Nottinghamshire Police,-1.133461,52.914419,On or near RALF CLOSE,E01028401,Rushcliffe 008E,Offender given conditional discharge
ae83edb49098233bc0f569b274bcc33db49295847bdd5d9526bcbbf899ebc3f7,2013-06,Nottinghamshire Police,Nottinghamshire Police,-1.148358,52.951797,On or near Shopping Area,E01033400,Nottingham 039B,Offender given community sentence
75402478cfae930a6f322ed91e35dbc03da44419d7fd2cf656273daed45a41be,2013-06,Nottinghamshire Police,Nottinghamshire Police,-1.232709,52.964283,On or near WESTERHAM CLOSE,E01013858,Nottingham 025A,Offender given community sentence
b739a55b8a62a63148c3ce9cbe686fc2ab0281a65df67143c12bdafe5956de75,2013-06,Nottinghamshire Police,Nottinghamshire Police,-1.224585,52.977319,On or near COLCHESTER ROAD,E01013818,Nottingham 011B,Offender given community sentence
932d03d398563fc2f11d4c7cc4a2ea6b8ee0431be4ee9249adebc0cf48d28849,2013-06,Nottinghamshire Police,Nottinghamshire Police,-1.194859,52.966046,On or near TRENTHAM DRIVE,E01013932,Nottingham 019C,Offender sent to prison
7750b8503565f641ff481237457c8a0c331bbf92f9a0a3562ae1fa8dd4c3df16,2013-06,Nottinghamshire Police,Nottinghamshire Police,-1.150053,52.948097,On or near CANAL STREET,E01033400,Nottingham 039B,Offender fined
7b5b80888df5ed135b0fd34dc76258cc3ed3153bf2299f9ba4ac570469db98c7,2013-06,Nottinghamshire Police,Nottinghamshire Police,-1.146942,52.957172,On or near Shopping Area,E01033409,Nottingham 023H,Offender sent to prison
af274f926f18246ec80fce39790f7c36edc99805504834cf6bdf9576637b270a,2013-06,Nottinghamshire Police,Nottinghamshire Police,-0.976589,53.272272,On or near HEADLAND AVENUE,E01028040,Bassetlaw 014A,Offender given community sentence
6ed56f1fdfbbd8a7066defc8f41d48e2e0ffcc228205d4512642564b937d089e,2013-06,Nottinghamshire Police,Nottinghamshire Police,-1.145030,52.980899,On or near MANSFIELD STREET,E01013969,Nottingham 010C,Offender sent to prison
05969a69b59c353e68d58bfb9495db23daff08447ec51211dd3e3cc15e83242a,2013-06,Nottinghamshire Police,Nottinghamshire Police,-1.153805,53.134671,On or near Shopping Area,E01028263,Mansfield 012D,Offender given suspended prison sentence
07a7690e020bbd3d5f1ee6b525acd8d25c9a9c6bcda4058682c8571952bb7b00,2013-06,Nottinghamshire Police,Nottinghamshire Police,-1.279053,53.140673,On or near MORLEY STREET,E01027983,Ashfield 001D,Offender sent to prison
6b219be6d3348e694bae0359e5834e2b8322d33182495019e67ac0674c61617c,2013-06,Nottinghamshire Police,Nottinghamshire Police,-1.196687,53.145180,On or near Shopping Area,E01028284,Mansfield 008F,Offender sent to prison
54220be87a83c5111dede21c6339368548d41d1ffcb3614a30115749f2936f9b,2013-06,Nottinghamshire Police,Nottinghamshire Police,-1.169929,52.961686,On or near ASPLEY PLACE,E01013814,Nottingham 022B,Offender sent to prison
e4f69dba0e1d4736819f38fd54ea1e4a37c6043d2d0cce589b71783b75aa38b3,2013-06,Nottinghamshire Police,Nottinghamshire Police,-1.197510,52.999801,On or near Bus/Coach Station,E01013885,Nottingham 002E,Offender given suspended prison sentence
b99f4c4c6be3003f07209f2cd19e902d60be98dede24f487feb8ef90547339cd,2013-06,Nottinghamshire Police,Nottinghamshire Police,-1.217252,52.928143,On or near NUART ROAD,E01028085,Broxtowe 011D,Offender sent to prison
968edf4118e3ce0f7719c28c9ca8062b0aee991ff8b546b1ae2bf6c6be0e841e,2013-06,Nottinghamshire Police,Nottinghamshire Police,-0.837672,53.290407,On or near Hospital,E01028033,Bassetlaw 015C,Offender fined
f316525d841a6ba1f8021b0b25454c2a1a829d86ad8669e22be9c5bd2a694c4c,2013-06,Nottinghamshire Police,Nottinghamshire Police,-1.194422,53.146387,On or near LEEMING STREET,E01028274,Mansfield 009C,Offender given community sentence
252cb3b18a8556d336faf8b1aeee731586842c552e1695b9c75d7db0434d2d63,2013-06,Nottinghamshire Police,Nottinghamshire Police,-1.105009,52.978007,On or near PORTLAND ROAD,E01028212,Gedling 011E,Offender sent to prison
fd03bb45fd8086fee466ff3c6183493a9252b6a214291c158c27983bedf491e1,2013-06,Nottinghamshire Police,Nottinghamshire Police,-1.196716,53.001648,On or near Supermarket,E01013885,Nottingham 002E,Offender given community sentence
ef236ec717750c71b7989682775ad66a2367850b83dc387cf69c9467ca6c13bc,2013-06,Nottinghamshire Police,Nottinghamshire Police,-1.137287,52.860276,On or near MAIN STREET,E01028409,Rushcliffe 015D,Defendant found not guilty
75c1046a7128a8b5c34b04c3140b09c77d223a2adaf19ee4a6075cec4795cd3e,2013-06,Nottinghamshire Police,Nottinghamshire Police,-1.251584,53.140198,On or near VERONNE DRIVE,E01027979,Ashfield 001A,Offender sent to prison
3503e767f434e74212bf5ed625f62998f7f7a954be628f8d2801cb01dfdc9e96,2013-06,Nottinghamshire Police,Nottinghamshire Police,-1.148837,52.956215,On or near Supermarket,E01033409,Nottingham 023H,Offender given conditional discharge
9bb0c2eed0052cbcf2d6ee5fd82a57fae46dad8f3d97c70332a0cf96526fb74a,2013-06,Nottinghamshire Police,Nottinghamshire Police,-0.837672,53.290407,On or near Hospital,E01028033,Bassetlaw 015C,Offender ordered to pay compensation
b24a8e45b6d8beb0d04555f9362556740100ed2879214a029ab2bf69aa26ca96,2013-06,Nottinghamshire Police,Nottinghamshire Police,-1.267153,53.122235,On or near LUTHER AVENUE,E01027976,Ashfield 005E,Offender fined
b30c1cb9109ea57bd489e87269d1503e7fc06f61a84f089370e8a44570f711f6,2013-06,Nottinghamshire Police,Nottinghamshire Police,-1.203618,53.037103,On or near HANSON CRESCENT,E01027928,Ashfield 014B,Offender given community sentence
92e7c80ed2f202d8346f79499f1fd265aa117138ef08f884d67a9a40e3c7922f,2013-06,Nottinghamshire Police,Nottinghamshire Police,-1.210543,52.974754,On or near BANKWOOD CLOSE,E01013821,Nottingham 013C,Offender given suspended prison sentence
82d7fad1c97416fadadb4009f9c259a89638d2dd01aea9474ef029d19ca700d6,2013-06,Nottinghamshire Police,Nottinghamshire Police,-1.148037,52.958295,On or near Parking Area,E01033399,Nottingham 023E,Offender fined
6a3e8b33d7b3dc60dd784e586f6ab39f340f28c22d1500b3e1e79927f6b5a18a,2013-06,Nottinghamshire Police,Nottinghamshire Police,-1.323366,53.057603,On or near PALMERSTON STREET,E01027946,Ashfield 012B,Offender given suspended prison sentence
61720cdeffc93215fa59f7592863e005c1a6518f98cd5c30651361f7258983ef,2013-06,Nottinghamshire Police,Nottinghamshire Police,-1.171382,52.947978,On or near WILLOUGHBY STREET,E01033408,Nottingham 031H,Offender given conditional discharge
cbc2734fd88c4e14abc1b43afdf68c1acb592737d0e628f0044df83d3ac66ee1,2013-06,Nottinghamshire Police,Nottinghamshire Police,-1.255509,53.130226,On or near Parking Area,E01027967,Ashfield 004A,Court case unable to proceed
468f0d5c51bdfc572ec6ccb2be8e043d3fc568c56cbc5c6964afa2eca1059111,2013-06,Nottinghamshire Police,Nottinghamshire Police,-1.219021,52.967888,On or near Sports/Recreation Area,E01013867,Nottingham 014D,Court case unable to proceed
2c466011370cb850f3e28471f735d11b722214c9e43098ac0b4c9d816eebebe3,2013-06,Nottinghamshire Police,Nottinghamshire Police,-0.806490,53.075018,On or near Parking Area,E01028335,Newark and Sherwood 009E,Offender given suspended prison sentence
37c04db1ee2d2fbff4ee2d81fe6b2008a7f1bd3592f1823f65ff986f3c1b948a,2013-06,Nottinghamshire Police,Nottinghamshire Police,-1.207971,53.152734,On or near MOUNT STREET,E01028227,Mansfield 008A,Defendant found not guilty
1b285e04c507e1b00bea4ad74d50a1134eb3790bfd8aefd43d22072f982c3f2c,2013-06,Nottinghamshire Police,Nottinghamshire Police,-1.112539,53.322190,On or near NORTHUMBRIA CLOSE,E01028053,Bassetlaw 016C,Court case unable to proceed
9cad98eedcf8d1a7d072cf3122a5700cb8681e597249213428d99cf0bbf270ee,2013-06,Nottinghamshire Police,Nottinghamshire Police,-1.266555,53.116946,On or near COLLINS AVENUE,E01027975,Ashfield 006B,Offender sent to prison
198de50b8dec08f1d74df054e8204c06240f9393f75a8339a39517b7a23837c9,2013-06,Nottinghamshire Police,Nottinghamshire Police,-0.800526,53.076954,On or near LINDUM STREET,E01028305,Newark and Sherwood 007C,Offender given suspended prison sentence
74ee58357ccbd8888c9585779873094b3a3ca4708b0c7b12420ec9a28cecb3b4,2013-06,Nottinghamshire Police,Nottinghamshire Police,-1.196626,52.979174,On or near BODMIN DRIVE,E01013819,Nottingham 013A,Offender deprived of property
9f863fe8387c9c23806f7ef38364444f133abdf427ae31a880747fb3a1a857aa,2013-06,Nottinghamshire Police,Nottinghamshire Police,-1.184511,53.143937,On or near NEWGATE LANE,E01028233,Mansfield 009A,Offender sent to prison
dcf4515f6731ed26d5a30887a33dd4f9d47a0e3968d6bfc7e219c1d5b765ba60,2013-06,Nottinghamshire Police,Nottinghamshire Police,-1.190193,52.901784,On or near GARDENDALE AVENUE,E01013905,Nottingham 036A,Defendant found not guilty
b80728f726d6a6ca9f6c8e5db97ac2966fbf7eeabe96dd31bb511b0a36c595c6,2013-06,Nottinghamshire Police,Nottinghamshire Police,-1.163158,52.957683,On or near STONELEIGH STREET,E01013814,Nottingham 022B,Offender sent to prison
6efaa644ff597c277762585ba4841a5f6f108c57a5cb69f43d4aeb25af93337f,2013-06,Nottinghamshire Police,Nottinghamshire Police,-1.029255,52.905847,On or near FLAXENDALE,E01028367,Rushcliffe 009B,Offender given community sentence
92422253b0bfb3ab8a0892bff985bfee90a41aa8e854a0d7503db22edc108ca9,2013-06,Nottinghamshire Police,Nottinghamshire Police,-1.120211,53.014887,On or near ELLINGTON ROAD,E01028207,Gedling 004D,Defendant found not guilty
7d8ab8e638e9ecb7806497dbf164ab9fb347ea5e81bdc8fc3cbf58b27dc730f5,2013-06,Nottinghamshire Police,Nottinghamshire Police,-1.159431,53.151979,On or near FOURTH AVENUE,E01028239,Mansfield 007C,Offender given community sentence
de00261f528f9f68d89dcfe2ee07cdb6743ee23d5744ebf3735b9d48aa3972f9,2013-06,Nottinghamshire Police,Nottinghamshire Police,-1.237118,53.104455,On or near ASHWOOD AVENUE,E01027952,Ashfield 008A,Offender fined
3c8e00064284ca0bd26ba3f7931274dcaaf7fff3c5d4c324a6463fc25f0d8b86,2013-06,Nottinghamshire Police,Nottinghamshire Police,-1.193273,52.985677,On or near SEDGEBROOK CLOSE,E01013830,Nottingham 009B,Offender given community sentence
9b61b7d84f114edf09f25f5fd527d8c7e1cbc7fbe4d3595b4aea2766313ece5a,2013-06,Nottinghamshire Police,Nottinghamshire Police,-1.145710,52.955473,On or near CLARE STREET,E01033409,Nottingham 023H,Offender deprived of property
3a676b14f83483044058fd0edd3337a96951559ed2229f270caa9918ec68e13a,2013-06,Nottinghamshire Police,Nottinghamshire Police,-0.812262,53.078465,On or near Park/Open Space,E01028311,Newark and Sherwood 007G,Offender sent to prison
7fa801bf0cc0748ad73203aac1c5903b6aa2fb31c9e755d9fb48505802e8911e,2013-06,Nottinghamshire Police,Nottinghamshire Police,-0.997359,53.319623,On or near STRAIGHT MILE,E01028036,Bassetlaw 003C,Offender given suspended prison sentence
3fd45a7e4a496568be48895d8c66bdd7d61b9b8fc0abfccd2324a2e25de6d382,2013-06,Nottinghamshire Police,Nottinghamshire Police,-1.186825,53.142542,On or near FREDERICK STREET,E01028233,Mansfield 009A,Offender fined
a80bc79c8483786669bc3a4d50f0460986acc8716655015c2991bbb0e1502f42,2013-06,Nottinghamshire Police,Nottinghamshire Police,-1.180397,52.980474,On or near CHURCH STREET,E01013832,Nottingham 009D,Offender fined
e9b960697f7ac05d2c7c7fc61012fab2e1660ca9a8787c5de7c91cad858331f3,2013-06,Nottinghamshire Police,Nottinghamshire Police,-1.143842,52.953608,On or near CARLTON STREET,E01033406,Nottingham 039E,Offender given community sentence
5b9b831a5b01175f8b1769ba0c5c7cef1a975ba0e786ac05f2d80e1bee6048bd,2013-06,Nottinghamshire Police,Nottinghamshire Police,-1.125595,53.299661,On or near HUMPHRIES GARDENS,E01028062,Bassetlaw 013C,Offender given community sentence
5c23c4de2e2d8d22e99f2f94410128c388e28d9f742e88844090d69fe98b49b5,2013-06,Nottinghamshire Police,Nottinghamshire Police,-0.806490,53.075018,On or near Parking Area,E01028335,Newark and Sherwood 009E,Offender given suspended prison sentence
3b4221e10fefabe5309d57730aad51e82fd1f2df3140023d6b4ac8eba195a04c,2013-06,Nottinghamshire Police,Nottinghamshire Police,-1.208347,52.971872,On or near GLENCAIRN DRIVE,E01013929,Nottingham 020D,Offender sent to prison
da472ce25c67e3e36f086333c006ecbc5d227dce8f21fdf95a4c1ea1819982a7,2013-06,Nottinghamshire Police,Nottinghamshire Police,-1.219407,53.026637,On or near Supermarket,E01027942,Ashfield 016E,Offender given community sentence
51689da482fa75ada32a62859893e06fc66add60a4dc4e65e52828fb540894ff,2013-06,Nottinghamshire Police,Nottinghamshire Police,-1.206296,53.149487,On or near ROSEMARY AVENUE,E01028227,Mansfield 008A,Offender given community sentence
8d0815d0e168e3af1a15aa21a1eb23101820cb4b23bc8e9fc05556d252aebc38,2013-06,Nottinghamshire Police,Nottinghamshire Police,-0.992988,53.210575,On or near TURNER LANE,E01028301,Newark and Sherwood 001A,Offender otherwise dealt with
495e056cc8ecace2aefd1acc86499b25344706a95ffb4d60a6532346e10b2156,2013-06,Nottinghamshire Police,Nottinghamshire Police,-1.235704,52.909232,On or near ATTENBOROUGH LANE,E01028096,Broxtowe 014E,Offender sent to prison
bad86a9ece4d4101843c0bcdd16da121c292d368c4ecb058d90e1b65592172ee,2013-06,Nottinghamshire Police,Nottinghamshire Police,-1.127599,52.955980,On or near ROTHLEY AVENUE,E01013957,Nottingham 029E,Offender given community sentence
a97c52ab6164ae0e7af54cf0e809e92f27327edb5fa50812417751ea6dba1c6c,2013-06,Nottinghamshire Police,Nottinghamshire Police,-0.779987,53.055206,On or near Supermarket,E01028287,Newark and Sherwood 011C,Offender sent to prison
cf45f628846fbac0cb16257993f6f9f09d97f3c44f8499cc283555926b4b10de,2013-06,Nottinghamshire Police,Nottinghamshire Police,-1.145030,52.980899,On or near MANSFIELD STREET,E01013969,Nottingham 010C,Offender sent to prison
f3f76486282969bad74cb0617ff93fb38705d52c256e8c1c53d7c08ca3aff970,2013-06,Nottinghamshire Police,Nottinghamshire Police,-1.166036,52.945055,On or near Supermarket,E01013870,Nottingham 040A,Offender given suspended prison sentence
4e88733a3193634d007213c3193206dd9226bb7d26e056d9aa6234754b4957f0,2013-06,Nottinghamshire Police,Nottinghamshire Police,-0.784100,53.058583,On or near BAINES AVENUE,E01028287,Newark and Sherwood 011C,Offender given community sentence
735835fcea388dbc59e8e756c92cb207558dab5b5ddd5113aea29e3e0139d224,2013-06,Nottinghamshire Police,Nottinghamshire Police,-1.145907,52.939437,On or near HOLGATE ROAD,E01013873,Nottingham 040D,Offender fined
94362f5f6e54ea6efd43b8908f640739e7e59c94ede9d0034747a9b419fa45be,2013-06,Nottinghamshire Police,Nottinghamshire Police,-1.184948,52.991931,On or near GOVERTON SQUARE,E01013834,Nottingham 008C,Defendant found not guilty
851d9dafcae7e63e465ce7a5301a900f49049e42c5d67425a44d0c1d4939ef6d,2013-06,Nottinghamshire Police,Nottinghamshire Police,-1.144430,52.953199,On or near WARSER GATE,E01033406,Nottingham 039E,Offender sent to prison
ab9af29f278a6e3e865a0856e7814d8beaa325c126554ff6fa37d99d9fbab200,2013-06,Nottinghamshire Police,Nottinghamshire Police,-1.171611,52.962515,On or near COPE STREET,E01013812,Nottingham 018C,Offender fined
3c4b5e7667d626d05f2f13192c3e6d5a56eb29f22109e88db7c65458c8b7a2f8,2013-06,Nottinghamshire Police,Nottinghamshire Police,-1.113168,52.959217,On or near Supermarket,E01013913,Nottingham 024A,Offender given community sentence
a42759d3d75543df4ad281e097f931f96fc60314c61f3a1569bbeb83e08ac4ee,2013-06,Nottinghamshire Police,Nottinghamshire Police,-1.150219,52.952512,On or near WHEELER GATE,E01033400,Nottingham 039B,Offender sent to prison
556f78228b8cf0baac1774e1a28311d0a936e850e5b565ce2d490d9c6488968b,2013-06,Nottinghamshire Police,Nottinghamshire Police,-1.146601,52.954068,On or near THURLAND STREET,E01033406,Nottingham 039E,Offender given conditional discharge
feed22d32f8c1e30f7eee74da9e0952d543f87f7722d4e4221a59b686cebccbb,2013-06,Nottinghamshire Police,Nottinghamshire Police,-1.243632,52.956883,On or near LINSDALE CLOSE,E01013862,Nottingham 025C,Defendant found not guilty
3f9d8aaa3e802312414853a1ab977d1cd94dae5ae22692eb9127362086350f1e,2013-06,Nottinghamshire Police,Nottinghamshire Police,-1.184907,53.164858,On or near GEORGE STREET,E01028250,Mansfield 005B,Offender sent to prison
46a00a4c14e4517441436e5e43050457f32b6dc0d03e8e0238d6fb3b2bacab06,2013-06,Nottinghamshire Police,Nottinghamshire Police,-0.804121,53.064647,On or near BOWBRIDGE ROAD,E01028334,Newark and Sherwood 009D,Offender given conditional discharge
0b4ece6e03740d27f15f528a64d0913201e18602d385022f885a2844b6df0408,2013-06,Nottinghamshire Police,Nottinghamshire Police,-1.258288,53.125057,On or near PORTLAND CLOSE,E01027978,Ashfield 004D,Offender given community sentence
bced0f31cd30af99880f7ab8868c7f102f287f7487f0255342db19d5d09af6d2,2013-06,Nottinghamshire Police,Nottinghamshire Police,-1.183823,53.009704,On or near SHENFIELD GARDENS,E01013894,Nottingham 001D,Offender given conditional discharge
f8d798a24d82e0dc5888df891e92bc4c14dbb4889a037bb3e7cdeb4dba8b4463,2013-06,Nottinghamshire Police,Nottinghamshire Police,-0.812124,53.073177,On or near CLINTON STREET,E01028311,Newark and Sherwood 007G,Offender given community sentence
12f1b74f3ea503b562cc3fb7e8dc5a69612879bfd2f5d2a2417366a7a3cab41f,2013-06,Nottinghamshire Police,Nottinghamshire Police,-1.191836,52.995655,On or near Supermarket,E01013888,Nottingham 004B,Offender given suspended prison sentence
577a1cbac36453aadf2d2fe0916c25e1e4df86bfcabd0996502ab3b1f9414fb6,2013-06,Nottinghamshire Police,Nottinghamshire Police,-1.168461,52.959077,On or near CLIFFORD STREET,E01013948,Nottingham 026E,Offender sent to prison
4d3337be8476a08a1b99a82934a55b92efcdb3f3038321039b3b5f528fb511fe,2013-06,Nottinghamshire Police,Nottinghamshire Police,-1.181951,53.144873,On or near HEYWARD STREET,E01028276,Mansfield 009E,Offender given suspended prison sentence
ec5e8864424c26468046d56e9fd5d7e5af11b023cee058821f364d8e5a0ab9d2,2013-06,Nottinghamshire Police,Nottinghamshire Police,-1.146235,52.971937,On or near MERRIVALE COURT,E01013938,Nottingham 015B,Offender sent to prison
68df59e65c9dbe08c9075bf9889630acb2659d45258e40c26187b9126ae39a6e,2013-06,Nottinghamshire Police,Nottinghamshire Police,-1.141619,52.922290,On or near HAVEN CLOSE,E01028392,Rushcliffe 007E,Offender given conditional discharge
ee60aa429515c6e28d17d7b07e1dfb097db29904d23bf906c7fd4343be297d84,2013-06,Nottinghamshire Police,Nottinghamshire Police,-1.191006,53.012927,On or near GRINDON CRESCENT,E01013881,Nottingham 002C,Offender given suspended prison sentence
ad88c6595395b8daf70de48b67882244d4ea765d1f66f52ba7a69b819ed47c73,2013-06,Nottinghamshire Police,Nottinghamshire Police,-1.201965,53.144370,On or near Pedestrian Subway,E01028284,Mansfield 008F,Offender otherwise dealt with
ef9f5c2f552718b4729a1a9e2f4b90ce6fd439a508d465b25623e680a5d8703e,2013-06,Nottinghamshire Police,Nottinghamshire Police,-1.121236,53.305139,On or near MARKET STREET,E01028068,Bassetlaw 012D,Offender fined
e540e7f9bbe9a9aceac30017c2f14c82c506955e33eeedee1fc9943d3b04d56f,2013-06,Nottinghamshire Police,Nottinghamshire Police,-1.113792,53.303007,On or near CEMETERY ROAD,E01028068,Bassetlaw 012D,Court case unable to proceed
12fc72ef898f69a04d826364976cf8bb710ccc2b6626c36e5b03fe040bb5a7fc,2013-06,Nottinghamshire Police,Nottinghamshire Police,-0.814387,53.073928,On or near PELHAM STREET,E01028311,Newark and Sherwood 007G,Offender sent to prison
b62ba7b4273de34fe97e7945133b246753ef612b87fd27e18a12d072b5852501,2013-06,Nottinghamshire Police,Nottinghamshire Police,-1.256963,53.121291,On or near Sports/Recreation Area,E01027972,Ashfield 004B,Offender given community sentence
3f3cc2aa48249660edbf96017b5963ebe5e988ceb36b1a168e9e2f1964c5fc9b,2013-06,Nottinghamshire Police,Nottinghamshire Police,-1.153805,53.134671,On or near Shopping Area,E01028263,Mansfield 012D,Offender given community sentence
a849dee638c83edb3c536a45b2800776ea3a2eb8a8e357e747309710b6b15caa,2013-06,Nottinghamshire Police,Nottinghamshire Police,-1.128165,53.003368,On or near Supermarket,E01028209,Gedling 005D,Offender given conditional discharge
26d2ef7b367262732b256a3dbbe905a156b95e1bb30784c1bf220fa570089006,2013-06,Nottinghamshire Police,Nottinghamshire Police,-1.149477,52.954655,On or near KING STREET,E01033406,Nottingham 039E,Offender sent to prison
be23ca232323e6b1ee7205ef9613baea9dfe68169cc45311b191c8ac3ef6b8e9,2013-06,Nottinghamshire Police,Nottinghamshire Police,-1.209126,53.137892,On or near Sports/Recreation Area,E01028268,Mansfield 008D,Offender sent to prison
73f32693f01a7443aa9fb0ba984285fb9912ff79f32fcae08838d264b72900c5,2013-06,Nottinghamshire Police,Nottinghamshire Police,-1.215339,52.977186,On or near SHIPLEY ROAD,E01013822,Nottingham 011C,Offender given community sentence
213dfdb6992d3425bf9aefc1c448a157fc7964194487ab63b526f4357228ecd4,2013-06,Nottinghamshire Police,Nottinghamshire Police,-1.145710,52.955473,On or near CLARE STREET,E01033409,Nottingham 023H,Offender sent to prison
269191b5e462088a94e730c2e1688cb7eef5ef219cd1db6706a3b2538ac90023,2013-06,Nottinghamshire Police,Nottinghamshire Police,-1.119580,53.113208,On or near EATON CLOSE,E01028343,Newark and Sherwood 006F,Offender given conditional discharge
c35404e404c6a72c072154eef8529c7c80c2f109a78b18a075f9161522419c03,2013-06,Nottinghamshire Police,Nottinghamshire Police,-1.243632,52.956883,On or near LINSDALE CLOSE,E01013862,Nottingham 025C,Offender ordered to pay compensation
2f33571d92da23b8caad4f9f83cb4d0389e9e2f5bbbf62a59ac1e9f5ac4ed27b,2013-06,Nottinghamshire Police,Nottinghamshire Police,-1.148076,53.135646,On or near JUBILEE WAY SOUTH,E01028263,Mansfield 012D,Offender given community sentence
c151dfd8fcfb3e63ef0ad0b15875aca21467c8f7407fbe37b1618e57e8b71768,2013-06,Nottinghamshire Police,Nottinghamshire Police,-1.079519,52.963663,On or near MEADOW COTTAGES,E01028186,Gedling 015C,Offender given community sentence
f21922da1a419e7dc6ef59db18b3bc94af33603e3ce6ef1de077562640f74a7c,2013-06,Nottinghamshire Police,Nottinghamshire Police,-1.227926,52.964477,On or near Supermarket,E01013868,Nottingham 020C,Offender given conditional discharge
cbdd251825818226e2b32595140a1de1c81aa0ed9f39a2fd2e3baa5e8a3bc5f8,2013-06,Nottinghamshire Police,Nottinghamshire Police,-1.127606,53.004442,On or near Supermarket,E01028209,Gedling 005D,Offender given conditional discharge
2133140166587b85a837806513528c2652836b13f812cb35e4f735ac2e4d01cc,2013-06,Nottinghamshire Police,Nottinghamshire Police,-1.129537,52.997373,On or near STANMORE GARDENS,E01028176,Gedling 009A,Offender sent to prison
519a81f843992186b0844e3a9eaf52d54990a8da9ff0c70162e39ea02faf7a1a,2013-06,Nottinghamshire Police,Nottinghamshire Police,-1.123476,53.303474,On or near Theatre/Concert Hall,E01028062,Bassetlaw 013C,Offender sent to prison
08b6a83e20133dc330629eb50ab7635ae15ffd41a8ba3c53770a2b19d9426573,2013-06,Nottinghamshire Police,Nottinghamshire Police,-1.143842,52.953608,On or near CARLTON STREET,E01033406,Nottingham 039E,Court case unable to proceed
1c20d369708fca461c6e0ac01ba082ae5bb1d146d7637a277bdf6ee97e6850f0,2013-06,Nottinghamshire Police,Nottinghamshire Police,-1.153419,52.970837,On or near HUCKNALL ROAD,E01013941,Nottingham 015C,Offender sent to prison
3d1e54bb661afc0b25e9dff8d9b875f02ad2003bf762789e0d4930c72896179f,2013-06,Nottinghamshire Police,Nottinghamshire Police,-1.154984,52.979892,On or near HAYDN AVENUE,E01013970,Nottingham 010D,Offender fined
3043d7d48008ac9a66f83c6bc75169976d922b2c79b48583883440c1b102bd4b,2013-06,Nottinghamshire Police,Nottinghamshire Police,-1.197510,52.999801,On or near Bus/Coach Station,E01013885,Nottingham 002E,Offender given suspended prison sentence
340251602841d4965cea9f0dfc9f46bf5fed1c0c82d6fee87fc70ea9e0f3d999,2013-06,Nottinghamshire Police,Nottinghamshire Police,-1.198834,52.995882,On or near BROMLEY CLOSE,E01013876,Nottingham 005B,Offender given community sentence
70e7ba3896a88df7bf33295742d3903b3994e5e0035925e030ea38e5868ca48c,2013-06,Nottinghamshire Police,Nottinghamshire Police,-1.189261,53.145768,On or near RECREATION STREET,E01028274,Mansfield 009C,Offender given suspended prison sentence
fefb9b935ff0b4a58c05f60facf0ad079e949b3add3fc49742660666ae37ddbe,2013-06,Nottinghamshire Police,Nottinghamshire Police,-1.172023,52.958824,On or near LEROY WALLACE AVENUE,E01013945,Nottingham 026B,Offender fined
b66eebfe30503cb0b48d2cf104abbada9ae25ef6814993462f2f43ac4b6631d6,2013-06,Nottinghamshire Police,Nottinghamshire Police,-0.944564,53.320112,On or near WEST STREET,E01028020,Bassetlaw 010D,Offender sent to prison
f962cd9c2cba9a334049e225f9eabc5cf88c2fa180bd6eddedb43487da5bd9ff,2013-06,Nottinghamshire Police,Nottinghamshire Police,-1.279431,53.141322,On or near ALEXANDRA TERRACE,E01027983,Ashfield 001D,Defendant found not guilty
be692383b3749a88450802e27b048940fc247a4bec20161f6df554c47ed8fec9,2013-06,Nottinghamshire Police,Nottinghamshire Police,-1.244904,52.952243,On or near MONMOUTH CLOSE,E01013862,Nottingham 025C,Offender given community sentence
fa6a2d58bd6856132eb43c0cff7b81225f30fe9ab5464e2ff649df8575dd5f24,2013-06,Nottinghamshire Police,Nottinghamshire Police,-1.151222,52.968934,On or near BERKELEY AVENUE,E01013941,Nottingham 015C,Offender sent to prison
07b61acf1f512bae3bc2987f5c3c6e869d2d1012b0e3fe9ebcad17af72ec1460,2013-06,Nottinghamshire Police,Nottinghamshire Police,-1.148818,52.941211,On or near HUMBER CLOSE,E01013871,Nottingham 040B,Offender given suspended prison sentence
292a47ad03bc450dfe2fd70edab781b9c646b25fcc41fc30fe6dfd1ac470ebc3,2013-06,Nottinghamshire Police,Nottinghamshire Police,-1.144430,52.953199,On or near WARSER GATE,E01033406,Nottingham 039E,Offender sent to prison
5a26ac210a34c61de3414b2ca74739a4d9c89d24770199dc3015184a6ff415cc,2013-06,Nottinghamshire Police,Nottinghamshire Police,-1.141732,52.951165,On or near SHORT HILL,E01033402,Nottingham 039C,Offender sent to prison
69aa0fc2c7ad4e2aeb0e8d264df6c672a86f3108c6aec786af15b15d1ad56d93,2013-06,Nottinghamshire Police,Nottinghamshire Police,-1.166888,52.963435,On or near WESTON AVENUE,E01013814,Nottingham 022B,Offender fined
6a7705ea01d6c81641bb84e4439c7cabbe467896db6d95ff85bd0c06a6aad215,2013-06,Nottinghamshire Police,Nottinghamshire Police,-1.140867,52.959492,On or near HAVELOCK GARDENS,E01033411,Nottingham 023I,Offender given suspended prison sentence
d490fa7cf996de0914cd52527c027cb20213aafd72172e7ec674d0132e84cb8b,2013-06,Nottinghamshire Police,Nottinghamshire Police,-1.125791,52.931947,On or near Shopping Area,E01028416,Rushcliffe 005D,Offender sent to prison
877aa31a44a630960d3b434dc680646e21fb0015456ddaf4b029dfe51606e9aa,2013-06,Nottinghamshire Police,Nottinghamshire Police,-1.125719,53.304614,On or near HARDY STREET,E01028062,Bassetlaw 013C,Offender sent to prison
6513e705a94cc552b9fd604468c69a0e852e066f1d6345faaab9ba50f8cd5c1e,2013-06,Nottinghamshire Police,Nottinghamshire Police,-1.196896,53.156409,On or near HIGH HAZEL DRIVE,E01028283,Mansfield 004E,Offender given conditional discharge
c4def79eb6f2aaef13b1742bd444a3d246491233aa6e1f08d04e9305fc225005,2013-06,Nottinghamshire Police,Nottinghamshire Police,-1.185247,53.143727,On or near Parking Area,E01028233,Mansfield 009A,Offender given community sentence
34f84962da078d23ab38ea1e81f7a7ea517374930cc994357bf9da37c41ab6e5,2013-06,Nottinghamshire Police,Nottinghamshire Police,-1.153011,52.973387,On or near OAK STREET,E01013972,Nottingham 015E,Offender fined
5ca369caa4a38e34e1c7e9be6c83430ca566d59e8f4f68313399899dc1bc4e4c,2013-06,Nottinghamshire Police,Nottinghamshire Police,-1.145030,52.980899,On or near MANSFIELD STREET,E01013969,Nottingham 010C,Offender sent to prison
f97e487f3802fc36779ed27b9454bb8c4dde9a044ef3a7c5df4e505235d6ad33,2013-06,Nottinghamshire Police,Nottinghamshire Police,-1.085998,52.971992,On or near CHATSWORTH AVENUE,E01028191,Gedling 012E,Offender given suspended prison sentence
eb1c98e047c1a391a16759e4e503a88e0ce7aaf75ab16e3a6987eada2b64269b,2013-06,Nottinghamshire Police,Nottinghamshire Police,-1.159049,53.151635,On or near FIFTH AVENUE,E01028239,Mansfield 007C,Offender given suspended prison sentence
5397b8b16abf7e4ced8fc61de2c7082f55ecf7a86d9f77bb13a9f958a7ce57c4,2013-06,Nottinghamshire Police,Nottinghamshire Police,-1.228433,53.145722,On or near MARKHAM PLACE,E01028230,Mansfield 010A,Offender given community sentence
d196d928ca98096eba6de338b1ca794a79c64ec00fb4fc6118281fe96b1c19e1,2013-06,Nottinghamshire Police,Nottinghamshire Police,-1.133977,52.999599,On or near Supermarket,E01028165,Gedling 006B,Offender given conditional discharge
80c324624df99589f0ea7df413f98a8534cf433e4523163fb5050757c416ea29,2013-06,Nottinghamshire Police,Nottinghamshire Police,-1.037794,53.140856,On or near THE CRESCENT,E01028297,Newark and Sherwood 005B,Offender given community sentence
13c6119d838c1ef970961537dfbc2892851b9a25ab620366165c0f4f325a7a22,2013-06,Nottinghamshire Police,Nottinghamshire Police,-1.230794,53.033588,On or near DAWLISH CLOSE,E01027944,Ashfield 015E,Defendant found not guilty
d10541d2e96d4ad61ec2fcf906cc2a451d8b17968ed21a56c5274b4cda5424da,2013-06,Nottinghamshire Police,Nottinghamshire Police,-1.088007,52.977015,On or near ST MARY'S AVENUE,E01028190,Gedling 011B,Defendant found not guilty
eea55ae326961a4d4c29c8c78136d69b1d705622665378f35b78064e4c8115c9,2013-06,Nottinghamshire Police,Nottinghamshire Police,-1.145710,52.955473,On or near CLARE STREET,E01033409,Nottingham 023H,Offender given conditional discharge
54c30e71d94d410a90de77eec0bb549f435dd38c14d7fe60c1c205646c77d75d,2013-06,Nottinghamshire Police,Nottinghamshire Police,-1.271436,53.139332,On or near Sports/Recreation Area,E01027983,Ashfield 001D,Offender given suspended prison sentence
64d652ddbda2927b86b38200c770ce8322c525503ec48d7fe0fe65e5387ec437,2013-06,Nottinghamshire Police,Nottinghamshire Police,-1.144430,52.953199,On or near WARSER GATE,E01033406,Nottingham 039E,Court case unable to proceed
a9e9511debbccf897cc0c01ff1a215575b38e51481d4735aff9b456a2b9c8c3e,2013-06,Nottinghamshire Police,Nottinghamshire Police,-0.810945,53.075350,On or near Parking Area,E01028311,Newark and Sherwood 007G,Offender sent to prison
322ac073f6a4b27d937c2a676c4f66215cd08626f50b180373e7b8cf4e577568,2013-06,Nottinghamshire Police,Nottinghamshire Police,-1.197486,53.145662,On or near Shopping Area,E01028284,Mansfield 008F,Offender given suspended prison sentence
3988f7440438da8b79af79ea16e12e40916cc95c70c4685e16966696ec958507,2013-06,Nottinghamshire Police,Nottinghamshire Police,-1.183453,52.956610,On or near MIDLAND WAY,E01033395,Nottingham 026G,Offender sent to prison
2d7436a1671229685fe5a23f652d28f70bfa258ac9a05439bf393588e5c58b1e,2013-06,Nottinghamshire Police,Nottinghamshire Police,-1.152397,52.953777,On or near LONG ROW WEST,E01033400,Nottingham 039B,Offender sent to prison
93485300fe05a808d9f0d58cefc60a2e930796b5d8b3b71ffc05600e81719cc9,2013-06,Nottinghamshire Police,Nottinghamshire Police,-1.148837,52.956215,On or near Supermarket,E01033409,Nottingham 023H,Offender sent to prison
e4029c8c5bf785c93d42556ac391ff3238ef9c68e04287aaf653ed367f29e571,2013-06,Nottinghamshire Police,Nottinghamshire Police,-1.123320,52.953368,On or near Supermarket,E01013917,Nottingham 024E,Offender given suspended prison sentence
da3f3a54726be75297515fd1fc8528ce128b1616ed666f629d1e38caac0d82b4,2013-06,Nottinghamshire Police,Nottinghamshire Police,-1.129665,53.303169,On or near BROOK TERRACE,E01028062,Bassetlaw 013C,Offender sent to prison
b16ab5b24e2220bf121bb2b4b6fb6c845613b1fa5212b64a9f8a0b4589c1b39c,2013-06,Nottinghamshire Police,Nottinghamshire Police,-1.182675,52.953665,On or near DERWENT WAY,E01033395,Nottingham 026G,Offender sent to prison
b2c38cebce83cf69557723bd09ae42e208250911008bbde8d59b82536e9180b7,2013-06,Nottinghamshire Police,Nottinghamshire Police,-1.178939,52.959986,On or near HARTLEY ROAD,E01013947,Nottingham 026D,Offender fined
69a38b4059fdc687ac8c23dab99f42f2ac77a8a14931991d195491b3beca73d7,2013-06,Nottinghamshire Police,Nottinghamshire Police,-0.802079,53.074227,On or near BARNBY GATE,E01028294,Newark and Sherwood 007A,Offender sent to prison
8c8681bb353db8ac50d94a8fac676f0d6bc3c52d978e2bbc13e1564968f3c946,2013-06,Nottinghamshire Police,Nottinghamshire Police,-0.933109,53.317134,On or near WHARTON STREET,E01028012,Bassetlaw 008E,Offender sent to prison
17430f58bc559353753fb2cd79fa35dbd0266730832e9e4ccd1dc459fdc878f2,2013-06,Nottinghamshire Police,Nottinghamshire Police,-1.213151,53.046758,On or near BARBARA SQUARE,E01027935,Ashfield 013D,Defendant found not guilty
a94400d4160b11a1639baf4b7cd9f26f1acbd48bb9435c58696c4864397d1f35,2013-06,Nottinghamshire Police,Nottinghamshire Police,-1.159429,53.001058,On or near WALGRAVE WALK,E01013850,Nottingham 038B,Court case unable to proceed
0f62b76354635d7b6381f0d40c60b542713abe90c3132fe3555d47a43110ea4b,2013-06,Nottinghamshire Police,Nottinghamshire Police,-1.146941,52.981417,On or near Bus/Coach Station,E01013969,Nottingham 010C,Offender ordered to pay compensation
9b459395d7e2e5aabb556e2a95a5c235e7d2a745274665ee55ec349643daad4a,2013-06,Nottinghamshire Police,Nottinghamshire Police,-1.256963,53.121291,On or near Sports/Recreation Area,E01027972,Ashfield 004B,Offender given community sentence
7d82dfc5db6d222f512ff7fea3d4c84a10c557589a6e1737723b73086dbc6a5a,2013-06,Nottinghamshire Police,Nottinghamshire Police,-1.143330,52.955393,On or near Nightclub,E01033405,Nottingham 023G,Offender given suspended prison sentence
2d124a00c906ade69d9a6157ab4de89e40b3fa97fb0a466c752edf3b369fca7e,2013-06,Nottinghamshire Police,Nottinghamshire Police,-1.110297,53.321714,On or near KENT CLOSE,E01028053,Bassetlaw 016C,Court case unable to proceed
5d7e66e848385ae43fd90f7411f48ace21805f02a74f3453687ca814d53e1dba,2013-06,Nottinghamshire Police,Nottinghamshire Police,-1.191836,52.995655,On or near Supermarket,E01013888,Nottingham 004B,Defendant found not guilty
168804c482a53a5aaa9577889b8fc7126bb09e7ac8fcf5370da372b9b2945f28,2013-06,Nottinghamshire Police,Nottinghamshire Police,-1.166361,52.969176,On or near WINDERMERE ROAD,E01013845,Nottingham 017C,Offender given suspended prison sentence
fdd118b3545c2b40bcab39a1b7894363a8e594b1f7265b8b932687875d37af21,2013-06,Nottinghamshire Police,Nottinghamshire Police,-1.122825,53.307407,On or near B6045,E01028057,Bassetlaw 012A,Offender given community sentence
8302351cd3b67c5a03f5ba40db507152dbb71a2d898a6ef07b5f1b7d8992ebde,2013-06,Nottinghamshire Police,Nottinghamshire Police,-1.161911,52.979087,On or near HAYDN ROAD,E01013840,Nottingham 012D,Offender given community sentence
32aa524f649272c4d510fcf47b2234c1fd56f114e3c55be8602f6b1bf998e5d1,2013-06,Nottinghamshire Police,Nottinghamshire Police,-1.199015,53.144638,On or near Shopping Area,E01028284,Mansfield 008F,Offender given suspended prison sentence
92dcef326d93a059deef2a72f28d5f3da692204628c59631b55801f90cfdbffd,2013-06,Nottinghamshire Police,Nottinghamshire Police,-1.174580,52.974645,On or near BLEACHERS YARD,E01013833,Nottingham 009E,Offender fined
0f0fee8b5324bb1629c8827185cfd373d28564c9ae9712e79c9fff096349aed1,2013-06,Nottinghamshire Police,Nottinghamshire Police,-1.257982,53.127185,On or near OUTRAM STREET,E01027978,Ashfield 004D,Defendant found not guilty
10a6106eb12181a68158fee9ed93159e9b98fdb9f3e574eb13f8b6e1c7fda530,2013-06,Nottinghamshire Police,Nottinghamshire Police,-1.227522,52.962110,On or near CLETHER ROAD,E01013860,Nottingham 025B,Offender fined
6d9b089920119fa971439fafbfdf71b9c0ee74ea60d6f1d104e9605312aa1231,2013-06,Nottinghamshire Police,Nottinghamshire Police,-1.137000,52.996690,On or near NOTTINGHAM ROAD,E01028167,Gedling 006D,Court case unable to proceed
874ac5fa9ff913c845962c4fc971086f525b25117ea727b48f62d88ca442006c,2013-06,Nottinghamshire Police,Nottinghamshire Police,-1.214662,52.925762,On or near Bus/Coach Station,E01028085,Broxtowe 011D,Offender given conditional discharge
3b68ba5baa13d6b63998b9b2278b4f5f4edf13c822771b4ff35299cd7be7c54a,2013-06,Nottinghamshire Police,Nottinghamshire Police,-1.161911,52.979087,On or near HAYDN ROAD,E01013840,Nottingham 012D,Offender given community sentence
a433941c5561718437507ee804656c96025fdb0d963f04c8f2943045021ae5e3,2013-06,Nottinghamshire Police,Nottinghamshire Police,-1.109168,53.314641,On or near KILTON HILL,E01028042,Bassetlaw 016E,Offender sent to prison
68cc82420cbd238ee9f871a946ba34209f490a8aff673fb8131ce7b6bc8cdace,2013-06,Nottinghamshire Police,Nottinghamshire Police,-1.216062,52.975914,On or near WOODFIELD ROAD,E01013822,Nottingham 011C,Defendant found not guilty
086fe47f9aa5f831c462460c5ea1092c421a7151340059f76481e73f71b736eb,2013-06,Nottinghamshire Police,Nottinghamshire Police,-1.191836,52.995655,On or near Supermarket,E01013888,Nottingham 004B,Offender given suspended prison sentence
277355188e6a3a2daeed3e7ac1a94b94cab9eaf263faabe6c1fa592045fbad03,2013-06,Nottinghamshire Police,Nottinghamshire Police,-1.163967,52.974418,On or near HOLLIS STREET,E01013841,Nottingham 012E,Offender given suspended prison sentence
c81d50be6418c8b67955fbd845db8ab8511df15024a5d0f882c686f0f5d2a0f0,2013-06,Nottinghamshire Police,Nottinghamshire Police,-1.153077,52.972318,On or near NEW STREET,E01013972,Nottingham 015E,Offender sent to prison
ba1aeaa0c4dd12ed06fe8142d2f12ee575d6c224ef1273ae71cbe6f98ce267d3,2013-06,Nottinghamshire Police,Nottinghamshire Police,-1.193937,53.003616,On or near JENNISON STREET,E01013885,Nottingham 002E,Offender given community sentence
5c2bb60c7b8810845b0f0bf0d6f9607fa139877c336e901c04ec04873fe65eb2,2013-06,Nottinghamshire Police,Nottinghamshire Police,-1.122922,52.983363,On or near PLAINS ROAD,E01013935,Nottingham 010A,Offender given suspended prison sentence
c839e985ebd44471ab5aa74064bc269d47f8f532e212284cc1188e125a5e71b0,2013-06,Nottinghamshire Police,Nottinghamshire Police,-1.090740,52.966743,On or near Supermarket,E01028158,Gedling 014D,Defendant found not guilty
73277a795e5ae00a41610a8dee45f1b84772bbc26a03a83feddd44d32a29c9a2,2013-06,Nottinghamshire Police,Nottinghamshire Police,-1.062774,53.377532,On or near THE MEWS,E01028000,Bassetlaw 001A,Offender given community sentence
32b505becf6a15d7bc5497e36ed1c3e7928a1034c36f54d2fbbe23ddceeaef9a,2013-06,Nottinghamshire Police,Nottinghamshire Police,-1.149881,52.950775,On or near STANFORD STREET,E01033400,Nottingham 039B,Offender fined
730f288e2881aaaa3dd1dd8b6fb2bd59904a7402de8117839477ab3171886f8b,2013-06,Nottinghamshire Police,Nottinghamshire Police,-1.196538,52.982292,On or near LIME TREE AVENUE,E01013825,Nottingham 011D,Offender sent to prison
837d34b4ec5cfc2913d246549a66c1253e4154570d28881bc113db49b2dbeca7,2013-06,Nottinghamshire Police,Nottinghamshire Police,-1.166036,52.945055,On or near Supermarket,E01013870,Nottingham 040A,Offender given suspended prison sentence
2f837a7d1160826159c7d0ed86f8984323a7fa93e677440e42c492561a969625,2013-06,Nottinghamshire Police,Nottinghamshire Police,-1.243632,52.956883,On or near LINSDALE CLOSE,E01013862,Nottingham 025C,Offender ordered to pay compensation
0473edfe272410853d4c457b10e49bd33449376fd8be07a9fdb5aa069d49841e,2013-06,Nottinghamshire Police,Nottinghamshire Police,-1.083362,52.874120,On or near Supermarket,E01028382,Rushcliffe 013C,Offender given conditional discharge
f7b0d19df5e0b4de19cf886322a5443a68fbc67485d2643bc30fcc6d7a5cae93,2013-06,Nottinghamshire Police,Nottinghamshire Police,-1.150053,52.948097,On or near CANAL STREET,E01033400,Nottingham 039B,Offender given absolute discharge
cc0c7ac930ed28fb08e75273aa96148b876ee54eecdd6c20887457dad7f29b5f,2013-06,Nottinghamshire Police,Nottinghamshire Police,-1.147645,52.950201,On or near Shopping Area,E01033400,Nottingham 039B,Offender given community sentence
8c56c2a7a081bfdbe5d5ccf946811c9f4fbdb1046ba70c05e51e874bdca14280,2013-06,Nottinghamshire Police,Nottinghamshire Police,-1.138941,53.220169,On or near MAPLEBECK AVENUE,E01028258,Mansfield 001C,Defendant found not guilty
507d370cca71ac132891e4e390a8f7d886f7ff573a49b99911d269bd5fb8934a,2013-06,Nottinghamshire Police,Nottinghamshire Police,-1.150124,53.147769,On or near RATCHER WAY,E01028262,Mansfield 011C,Defendant found not guilty
17430f58bc559353753fb2cd79fa35dbd0266730832e9e4ccd1dc459fdc878f2,2013-06,Nottinghamshire Police,Nottinghamshire Police,-1.213151,53.046758,On or near BARBARA SQUARE,E01027935,Ashfield 013D,Defendant found not guilty
f4afd800fe7f4be915d92cdea6dd13f58c539dce16b4ae3819b66ebc0672e306,2013-06,Nottinghamshire Police,Nottinghamshire Police,-1.250751,53.096100,On or near GREENHOLME CLOSE,E01027948,Ashfield 009B,Offender given community sentence
1bf2cbe8d28245b1df528791089af728787a2fea453850442581b75ae58d7621,2013-06,Nottinghamshire Police,Nottinghamshire Police,-1.150053,52.948097,On or near CANAL STREET,E01033400,Nottingham 039B,Offender given suspended prison sentence
fa4c2d65ebcc990984f2d9a4002cd7b652bad1b787eb7a715c761122351303b2,2013-06,Nottinghamshire Police,Nottinghamshire Police,-1.141472,52.954535,On or near LENNOX STREET,E01033407,Nottingham 039F,Offender given community sentence
c300818f5b7cbca7b98a5c076abb4634f9f5f9cf6c0181e434981df0e94ba97d,2013-06,Nottinghamshire Police,Nottinghamshire Police,-1.226189,53.139173,On or near SKEGBY LANE,E01028245,Mansfield 010D,Offender given community sentence
891d8a45968d6e7796f1b7dac53ae22fa4427466c8bf4c515e251aff78178606,2013-06,Nottinghamshire Police,Nottinghamshire Police,-0.802079,53.074227,On or near BARNBY GATE,E01028294,Newark and Sherwood 007A,Offender sent to prison
0e7697668a73a55d80e6103c26489b6a9950c48076b476f11b24d4afda1778da,2013-06,Nottinghamshire Police,Nottinghamshire Police,-1.262060,53.127319,On or near Parking Area,E01027965,Ashfield 005B,Offender given suspended prison sentence
72f6d8386d7741edc696c7c68ffbb8beb2a08a66edcb90fe9494f1e96c159ebc,2013-06,Nottinghamshire Police,Nottinghamshire Police,-1.123320,52.953368,On or near Supermarket,E01013917,Nottingham 024E,Defendant found not guilty
792d0166932633d581c62e6a80394096f95804791cb7e02a4a71fcbe3d7e1cdd,2013-06,Nottinghamshire Police,Nottinghamshire Police,-1.237042,53.030185,On or near BOLINGEY WAY,E01027938,Ashfield 015B,Defendant found not guilty
4f945bb8fa288b7a25e956994a788c0573ef95e14e76cf10419b537c646c5d86,2013-06,Nottinghamshire Police,Nottinghamshire Police,-1.157404,52.974201,On or near ERSKINE ROAD,E01013843,Nottingham 017A,Offender given suspended prison sentence
d76c0751fb3be16d88165d22db285d00a8d1ac33b1aad59fa46123146229614d,2013-06,Nottinghamshire Police,Nottinghamshire Police,-1.151222,52.968934,On or near BERKELEY AVENUE,E01013941,Nottingham 015C,Offender sent to prison
0349c1ce0bd49856add075280d463d9b9341e113edf946e77ba830752b59653f,2013-06,Nottinghamshire Police,Nottinghamshire Police,-1.156214,52.939700,On or near OSMAN CLOSE,E01013870,Nottingham 040A,Defendant found not guilty
a2f4d3b3db415e9c8c9b98fc28aeff1335fd09ee3f281761813e91ce2742b601,2013-06,Nottinghamshire Police,Nottinghamshire Police,-0.998442,53.210450,On or near Sports/Recreation Area,E01028301,Newark and Sherwood 001A,Offender sent to prison
0a2a165d9fc309bfd7e91269269cccd76d55296a579064b13fdf8e5ea2585f6f,2013-06,Nottinghamshire Police,Nottinghamshire Police,-0.997536,53.204366,On or near Petrol Station,E01028302,Newark and Sherwood 001B,Offender given community sentence
a73928a0f86e224abdeb08d112bbe172e9f70db094feb47d01c1c4c37b6c61b9,2013-06,Nottinghamshire Police,Nottinghamshire Police,-1.108295,53.165469,On or near GREENDALE CRESCENT,E01028313,Newark and Sherwood 002A,Offender given community sentence
e14764c1e5e76cf5176fa1695c7b42c32fe95c75ccace6bf5cf56c8347581b14,2013-06,Nottinghamshire Police,Nottinghamshire Police,-1.304017,53.128686,On or near BOOTS YARD,E01027986,Ashfield 003B,Offender fined
4eaf93fe5166d6445fc34ddd5d90618e1d9de39b89f2d1eb079ff9478f00f190,2013-06,Nottinghamshire Police,Nottinghamshire Police,-1.196739,53.146421,On or near A6009,E01028284,Mansfield 008F,Offender fined
ea4a39f7f7c8bd2377ccf342208d79e1ce7affd1af6ce7bc85fb9ba7ef54f24b,2013-06,Nottinghamshire Police,Nottinghamshire Police,-1.203618,53.037103,On or near HANSON CRESCENT,E01027928,Ashfield 014B,Offender sent to prison
07bbe5ad724d0028b216a11e4b2f555ed9a6e612bfc013059c974f68d205c8d7,2013-06,Nottinghamshire Police,Nottinghamshire Police,-1.153805,53.134671,On or near Shopping Area,E01028263,Mansfield 012D,Offender given suspended prison sentence
3744a69c4ee802e879cc49d07f523f1da38c34e068401bcac7ce24f48b53d13c,2013-06,Nottinghamshire Police,Nottinghamshire Police,-1.234350,52.945559,On or near KEVIN ROAD,E01013984,Nottingham 030D,Offender given suspended prison sentence
00ba6e9a132c4d67f85827686887934507887ed4e364b75f0c13e417a2102094,2013-06,Nottinghamshire Police,Nottinghamshire Police,-1.237355,52.956600,On or near EARLS CLOSE,E01013862,Nottingham 025C,Offender sent to prison
1a6d70efef196d0bc0c9ff4c92150987dd0b733afba8080a73ddc55950a806d5,2013-06,Nottinghamshire Police,Nottinghamshire Police,-1.125791,52.931947,On or near Shopping Area,E01028416,Rushcliffe 005D,Offender given suspended prison sentence
5a7d0c343ca25fee9645388bb346aed37192ef1b99e7c53105a877afdb2e0e5e,2013-06,Nottinghamshire Police,Nottinghamshire Police,-1.126621,52.931386,On or near Supermarket,E01028416,Rushcliffe 005D,Offender sent to prison
0bd172aea6c2ee7c1635006b201764e4aac02da336195502fbb0e8d6193c7cd1,2013-06,Nottinghamshire Police,Nottinghamshire Police,-1.188825,53.142699,On or near RATCLIFFE GATE,E01028233,Mansfield 009A,Offender sent to prison
0f0fee8b5324bb1629c8827185cfd373d28564c9ae9712e79c9fff096349aed1,2013-06,Nottinghamshire Police,Nottinghamshire Police,-1.257982,53.127185,On or near OUTRAM STREET,E01027978,Ashfield 004D,Defendant found not guilty
4ba2ed01ccf4f327ae0d54b3bddc3132c22b6c78f6f0ae7e43a14528c36c35e8,2013-06,Nottinghamshire Police,Nottinghamshire Police,-1.178642,52.902523,On or near Supermarket,E01013907,Nottingham 035F,Defendant found not guilty
b1b85fe9b3536a3af9fdf88748889dc4f9cb6d2324f4c374eac979cb477d933b,2013-06,Nottinghamshire Police,Nottinghamshire Police,-1.272174,53.130204,On or near CAUNT'S CRESCENT,E01027966,Ashfield 003A,Offender sent to prison
edcf95f56b37ee391322789536a9345ec62d066a03955e3c5b6ea8193eef3d95,2013-06,Nottinghamshire Police,Nottinghamshire Police,-1.121236,53.305139,On or near MARKET STREET,E01028068,Bassetlaw 012D,Offender fined
308508e573b1378d6c365ecb6529a6f61c3c8d1f71564c172273d69373dcd11c,2013-06,Nottinghamshire Police,Nottinghamshire Police,-1.147278,52.952949,On or near BRIDLESMITH GATE,E01033406,Nottingham 039E,Offender sent to prison
2031ad485fb998206bf356dd05443612b52b033ec4858fbfc00005318bd9cbd2,2013-06,Nottinghamshire Police,Nottinghamshire Police,-0.804610,53.077166,On or near MAGNUS STREET,E01028335,Newark and Sherwood 009E,Offender fined
2964804e9dfcf2c6919b54d55e46d17f8b6d1833735597096d232cc69620b9bb,2013-06,Nottinghamshire Police,Nottinghamshire Police,-1.191181,52.978031,On or near Supermarket,E01013830,Nottingham 009B,Offender sent to prison
ed7a46a5c935cf8028269dd712f696040b7d36ec8a136157101982a0b7183cf2,2013-06,Nottinghamshire Police,Nottinghamshire Police,-0.810138,53.076439,On or near Shopping Area,E01028310,Newark and Sherwood 007F,Offender given suspended prison sentence
796674180cfd67195251fd12c6bcf1a5fc9fb94d6b20b804d1d5ab5fb1a2d828,2013-06,Nottinghamshire Police,Nottinghamshire Police,-1.212887,53.004767,On or near STONEY HOUGHTON GARDENS,E01013883,Nottingham 005E,Offender sent to prison
bf3c01e349a5999efb9b0662aaabd03bcd7299b1fb16d4fca57f64f735f708a4,2013-06,Nottinghamshire Police,Nottinghamshire Police,-1.169306,52.960809,On or near Nightclub,E01013814,Nottingham 022B,Offender given suspended prison sentence
f86989691a0828ad6a8a207bf3302063a664ae5c5e175e19f59ac83a70811956,2013-06,Nottinghamshire Police,Nottinghamshire Police,-1.167329,52.933512,On or near CENTURION WAY,E01013870,Nottingham 040A,Offender given conditional discharge
753297067bdc0c108bea001dfc13254f2800af36011491a679752799374f7879,2013-06,Nottinghamshire Police,Nottinghamshire Police,-1.124093,53.002079,On or near GEDLING GROVE,E01028175,Gedling 005C,Offender given suspended prison sentence
eb18bb7bda45b178cf6d3cbba35dd7ac2c69332e06673398a670f79e24f3b4c5,2013-06,Nottinghamshire Police,Nottinghamshire Police,-1.155815,52.983898,On or near Prison,E01013967,Nottingham 007E,Offender sent to prison
791c167cb7b59d37cf2a5fe4452bbc364ec7c15c0bf38ff84d9ec4b4d7a711b2,2013-06,Nottinghamshire Police,Nottinghamshire Police,-1.198375,52.944225,On or near DERBY ROAD,E01013975,Nottingham 032C,Offender sent to prison
ca421376277a42577e43ccd0c907cf68fc41b516482c59ccc5d80684520c4cce,2013-06,Nottinghamshire Police,Nottinghamshire Police,-1.141623,52.943146,On or near EUGENE GARDENS,E01033400,Nottingham 039B,Defendant found not guilty
5260f0fb6aa4382ecb233b7c5a1a285127c10a41a1c6c63bd1870682f30030c1,2013-06,Nottinghamshire Police,Nottinghamshire Police,-1.155876,52.979988,On or near WENTWORTH ROAD,E01013970,Nottingham 010D,Offender sent to prison
bec3a8003316688b1c3d9d366b280118380c874ec1c265112fc0f6e53e5bf05d,2013-06,Nottinghamshire Police,Nottinghamshire Police,-1.193391,52.963348,On or near CHALFONT DRIVE,E01013932,Nottingham 019C,Offender given community sentence
b0ea924deda52984862144d91e6d6c645fbe1c0481ee694d239eef00917c4bbb,2013-06,Nottinghamshire Police,Nottinghamshire Police,-1.255509,53.130226,On or near Parking Area,E01027967,Ashfield 004A,Offender fined
e6ad86b86bf8a6f48093a7bbcf6e7e6326cb02a02115c9ae0780c911b6efdc8f,2013-06,Nottinghamshire Police,Nottinghamshire Police,-1.192673,52.981907,On or near OVERDALE ROAD,E01013830,Nottingham 009B,Offender given community sentence
d9b6709f8bbaa56b0b2aa2d5ad1dcfefe6b3635115d4c26dc9ee597f5e2a0825,2013-06,Nottinghamshire Police,Nottinghamshire Police,-1.140867,52.959492,On or near HAVELOCK GARDENS,E01033411,Nottingham 023I,Offender given suspended prison sentence
a969e71e2a6b4a83c0ae12d633a0725f5c8e1effcd72b4d7555de3f997f03e36,2013-06,Nottinghamshire Police,Nottinghamshire Police,-1.130402,52.934219,On or near MILLICENT GROVE,E01028417,Rushcliffe 005E,Offender given community sentence
e6ee12c4026227803aad64985108e978e7ca70558ba284484afd1f2d59ea7824,2013-06,Nottinghamshire Police,Nottinghamshire Police,-1.135827,52.934501,On or near LOUGHBOROUGH ROAD,E01028417,Rushcliffe 005E,Offender otherwise dealt with
9149ce92d1300eba9442ae7e803ea185588dbd21146493ff53701dfa0e29e838,2013-06,Nottinghamshire Police,Nottinghamshire Police,-1.145710,52.955473,On or near CLARE STREET,E01033409,Nottingham 023H,Offender sent to prison
f2a8d77e6e58c726ec92d91be84f20c44d86e278ad594276220d435519317881,2013-06,Nottinghamshire Police,Nottinghamshire Police,-1.229857,52.975636,On or near FLAMSTEED ROAD,E01013865,Nottingham 014B,Offender given community sentence
38df45e28971246adf11785386681e56e0a5e6300ea6a1973b983a1942b131c5,2013-06,Nottinghamshire Police,Nottinghamshire Police,-1.148837,52.956215,On or near Supermarket,E01033409,Nottingham 023H,Offender given community sentence
27b227685c708bf54f3f2d896bbc64b2c9374f7c7bc16a6af6f05804913c31cb,2013-06,Nottinghamshire Police,Nottinghamshire Police,-1.150199,52.955820,On or near Theatre/Concert Hall,E01033409,Nottingham 023H,Offender sent to prison
c0ae38d742d889ce19a8b206417d6f5a757faa423b8a83e326d0e015a5b35573,2013-06,Nottinghamshire Police,Nottinghamshire Police,-1.133063,52.974547,On or near RANSOM ROAD,E01013936,Nottingham 016A,Defendant found not guilty
67b721e0689b92c508b023070571421df75c7f8728b4baffc8aa46de2e3b8076,2013-06,Nottinghamshire Police,Nottinghamshire Police,-0.796642,53.073274,On or near OLIVER COURT,E01028293,Newark and Sherwood 009B,Offender given community sentence
7343fd6230b67205653e022ddc1d29cae6753916e4c49832f6b982200bfa658c,2013-06,Nottinghamshire Police,Nottinghamshire Police,-1.182270,52.979894,On or near WHITEMOOR ROAD,E01013832,Nottingham 009D,Defendant found not guilty
48fd5bdd551a7f9329007f1ab989a4d577cafb41bfea9d01b01d25ded62ff697,2013-06,Nottinghamshire Police,Nottinghamshire Police,-1.170618,53.141783,On or near EPSOM STREET,E01028234,Mansfield 009B,Offender fined
ff07371235fc4613b102a7d61f9adf12be0fc0f6f2b0f65d1205f8488a47773b,2013-06,Nottinghamshire Police,Nottinghamshire Police,-1.149477,52.954655,On or near KING STREET,E01033406,Nottingham 039E,Offender given community sentence
72e70d6f0fb241bca79b4bf7708e8bd8e133096b519fe994ad425745502d3b56,2013-06,Nottinghamshire Police,Nottinghamshire Police,-1.239973,53.111161,On or near PROSPECT CLOSE,E01027951,Ashfield 007B,Court case unable to proceed
9ccae0825ca4ef311709431a945e4abdcbd3302fa6f140c9c764a6b3f0e92ca9,2013-06,Nottinghamshire Police,Nottinghamshire Police,-1.102129,53.295261,On or near KINGSTON ROAD,E01028064,Bassetlaw 014E,Offender sent to prison
3b68ba5baa13d6b63998b9b2278b4f5f4edf13c822771b4ff35299cd7be7c54a,2013-06,Nottinghamshire Police,Nottinghamshire Police,-1.161911,52.979087,On or near HAYDN ROAD,E01013840,Nottingham 012D,Offender given community sentence
23d1048ae980cb89501d380c06d23fc2a42ce67c479c3b6baaffbba2c0f4ee64,2013-06,Nottinghamshire Police,Nottinghamshire Police,-0.811117,53.073950,On or near PORTLAND STREET,E01028311,Newark and Sherwood 007G,Offender sent to prison
0c7d7ca34396c612d9031798300d69f58d27d60f6e5171608258dead354db116,2013-06,Nottinghamshire Police,Nottinghamshire Police,-0.837672,53.290407,On or near Hospital,E01028033,Bassetlaw 015C,Offender sent to prison
3b6a7f62e615923b914197b370ee6dc6a2baf1ff8121ff6b4174ade4f0ea5d72,2013-06,Nottinghamshire Police,Nottinghamshire Police,-1.133977,52.999599,On or near Supermarket,E01028165,Gedling 006B,Offender given community sentence
bc480763b48c30caa5b8aa2f52742fb3a4fee20ad289f5f9e2e383adad848ba9,2013-06,Nottinghamshire Police,Nottinghamshire Police,-0.800526,53.076954,On or near LINDUM STREET,E01028305,Newark and Sherwood 007C,Offender sent to prison
acefd30360e49ac34794afb9a7786dbbf566ae17f03c2424095d77d5e8a73460,2013-06,Nottinghamshire Police,Nottinghamshire Police,-1.295134,53.018435,On or near LYNNCROFT,E01028114,Broxtowe 001E,Defendant found not guilty
db0877f767a49fb0da6fb20c9b821df6476c7a35047b11791452d907b0c88be5,2013-06,Nottinghamshire Police,Nottinghamshire Police,-1.262060,53.127319,On or near Parking Area,E01027965,Ashfield 005B,Offender given suspended prison sentence
ac1f86dcab3fae3d061f2d9d23bca0c182af9f67d6d90385de5e4bd6d374714a,2013-06,Nottinghamshire Police,Nottinghamshire Police,-1.166036,52.945055,On or near Supermarket,E01013870,Nottingham 040A,Offender sent to prison
3ee40f85011571691fbb68fdabb617a7fa473369aa45e93ced5f1c2f0940d82c,2013-06,Nottinghamshire Police,Nottinghamshire Police,-1.112539,53.322190,On or near NORTHUMBRIA CLOSE,E01028053,Bassetlaw 016C,Court case unable to proceed
c4b6dcee071b1f7b27f95efebec0c9bafea54780cdcb652a4bc3da555919c7eb,2013-06,Nottinghamshire Police,Nottinghamshire Police,-1.195239,53.165890,On or near VALLANCE STREET,E01028281,Mansfield 004D,Court case unable to proceed
5260f0fb6aa4382ecb233b7c5a1a285127c10a41a1c6c63bd1870682f30030c1,2013-06,Nottinghamshire Police,Nottinghamshire Police,-1.155876,52.979988,On or near WENTWORTH ROAD,E01013970,Nottingham 010D,Defendant found not guilty
308ac578179580aa81226d611b1d1b6178e001371404885b63d308f13dd77744,2013-06,Nottinghamshire Police,Nottinghamshire Police,-1.145710,52.955473,On or near CLARE STREET,E01033409,Nottingham 023H,Offender fined
685db7be0c8315c38730e5f4b120a6f479c83042351b351a9389d8b28d832666,2013-06,Nottinghamshire Police,Nottinghamshire Police,-1.305864,53.019567,On or near PRINCES STREET,E01028112,Broxtowe 002C,Defendant found not guilty
ea3521b80cccd7814e6cba14fb0ee933bb195bcbb97bfe530ccc9297a0ef26a9,2013-06,Nottinghamshire Police,Nottinghamshire Police,-1.122288,52.952174,On or near PORT ARTHUR ROAD,E01013921,Nottingham 029D,Defendant found not guilty
88d68eed2983ffe5c9994e167b22077070d5ebd50b2af4ad40259cbf3c5ed883,2013-06,Nottinghamshire Police,Nottinghamshire Police,-1.145030,52.980899,On or near MANSFIELD STREET,E01013969,Nottingham 010C,Offender given suspended prison sentence
15d442aa04df43ccc08e29810dd8c81b327149e46d4d36178b7933ad64683e06,2013-06,Nottinghamshire Police,Nottinghamshire Police,-1.239102,53.133422,On or near BLACKMIRES WAY,E01027985,Ashfield 004E,Defendant found not guilty
fec7b9d52dd282abd0badd4401fe09354fe4ebaf543cd76788e46d54d3add119,2013-06,Nottinghamshire Police,Nottinghamshire Police,-1.259953,52.906815,On or near WHITING AVENUE,E01028139,Broxtowe 015E,Defendant found not guilty
6c0e17eb8f25953344645f9ad01ec92799e7547b0b17e2b157f825232f9a0bb3,2013-06,Nottinghamshire Police,Nottinghamshire Police,-1.090333,52.871144,On or near Supermarket,E01028383,Rushcliffe 013D,Offender given conditional discharge
67b721e0689b92c508b023070571421df75c7f8728b4baffc8aa46de2e3b8076,2013-06,Nottinghamshire Police,Nottinghamshire Police,-0.796642,53.073274,On or near OLIVER COURT,E01028293,Newark and Sherwood 009B,Offender given community sentence
a67384e08ad951400a9c6427ec30b24010a6c078c41c70861fd4083f79775b0b,2013-06,Nottinghamshire Police,Nottinghamshire Police,-1.194422,53.146387,On or near LEEMING STREET,E01028274,Mansfield 009C,Offender given community sentence
d1fa74915f1489da6692664ca77601ca5a6e26afbfd1e6efca26dab8d6c307d0,2013-06,Nottinghamshire Police,Nottinghamshire Police,-1.223306,52.976375,On or near Sports/Recreation Area,E01013822,Nottingham 011C,Offender fined
6c177ebbf633f66a18a0c82693adeca3f9be5fcb0c59efe13b6bd1f3137d3e33,2013-06,Nottinghamshire Police,Nottinghamshire Police,-1.269402,53.101502,On or near SUTTON ROAD,E01027947,Ashfield 009A,Offender given community sentence
87ccd5855bc3224bec6d84bef3903f1a64773bab405871a014916e3f74adb285,2013-06,Nottinghamshire Police,Nottinghamshire Police,-1.118825,53.380691,On or near Supermarket,E01028029,Bassetlaw 004E,Offender fined
c661f925c45942da769c572b9396e38dee2463112cb34ba1d589d8b6e2fcfa5a,2013-06,Nottinghamshire Police,Nottinghamshire Police,-1.216062,52.975914,On or near WOODFIELD ROAD,E01013822,Nottingham 011C,Defendant found not guilty
5ba4de91ae42635a77ab07d16b3fd0bd2818b9e453de341968c494778243201d,2013-06,Nottinghamshire Police,Nottinghamshire Police,-1.317452,53.018295,On or near DERBY ROAD,E01028111,Broxtowe 002B,Offender sent to prison
26aca593225c6b4027ab885203dad7abf6907596097e3caa8b77408b56cb25fd,2013-06,Nottinghamshire Police,Nottinghamshire Police,-1.143714,52.944240,On or near LAMMAS GARDENS,E01013871,Nottingham 040B,Offender fined
933c9ab70ce5374577f0f96ecbe553f028db73cfbd4af2508ec9c01e7f2e8d8f,2013-06,Nottinghamshire Police,Nottinghamshire Police,-1.224585,52.977319,On or near COLCHESTER ROAD,E01013818,Nottingham 011B,Offender given community sentence
64f1bb00ed16ee4fb480a4a41c7e3ad9cf7051d4ab62751412b2e3b1a4709c3f,2013-06,Nottinghamshire Police,Nottinghamshire Police,-1.304017,53.128686,On or near BOOTS YARD,E01027986,Ashfield 003B,Offender ordered to pay compensation
5a82efacd1aa0b9c64769a8fd12266bce708f9b301550517a438e8ea2f5136a7,2013-06,Nottinghamshire Police,Nottinghamshire Police,-1.161021,52.985805,On or near VALMONT ROAD,E01013837,Nottingham 012A,Offender sent to prison
879fbda6a646ed395fe5526dc19614b561009ef319c1b82a8b441a3995a65b23,2013-06,Nottinghamshire Police,Nottinghamshire Police,-0.806490,53.075018,On or near Parking Area,E01028335,Newark and Sherwood 009E,Offender given suspended prison sentence
1a9a59af229d10972a067fe093d797076d1495ed98fcd8eba85ced2714273cdf,2013-06,Nottinghamshire Police,Nottinghamshire Police,-1.132035,53.002074,On or near ALBANY CLOSE,E01028165,Gedling 006B,Offender given suspended prison sentence
5ace39f1a15c01bc238f9516267830150c9a99ac11c522f516f15102cd80e7af,2013-06,Nottinghamshire Police,Nottinghamshire Police,-1.155052,52.956547,On or near Parking Area,E01013816,Nottingham 022D,Defendant found not guilty
f19a7a58018b63787c2973415c6d849cea5ae0ffdf1e65b052ed2f020ef62e42,2013-06,Nottinghamshire Police,Nottinghamshire Police,-1.168127,52.976452,On or near MONSALL STREET,E01013839,Nottingham 012C,Offender sent to prison
b73b603b571d721f1f3db6e9332764fea798516ce799d145b33b7a499437f784,2013-06,Nottinghamshire Police,Nottinghamshire Police,-0.816304,53.072059,On or near VICTORIA STREET,E01028308,Newark and Sherwood 010A,Offender fined
78687d2bbf697cdc7c9f4c2d6ad13b2bd14a9bb9cac03c2f74f16ea6f22a391a,2013-06,Nottinghamshire Police,Nottinghamshire Police,-1.072628,52.961443,On or near COOPER STREET,E01028187,Gedling 015D,Offender otherwise dealt with
